2530,1.1149,-0.206,-0.738,0.129
1178287,3310,3070,2116,0.0015,0.2533,1.1169,-0.187,-0.711,0.152
1178297,3440,3154,2114,0.0011,0.2529,1.1174,-0.235,-0.655,0.159
1178307,3314,3087,2118,0.0010,0.2519,1.1153,-0.274,-0.608,0.155
1178317,3517,3166,2154,0.0013,0.2518,1.1151,-0.229,-0.557,0.150
1178327,3319,3076,2143,0.0019,0.2517,1.1154,-0.089,-0.567,0.112
1178337,3506,3161,2117,0.0033,0.2518,1.1167,0.141,-0.609,0.066
1178347,3337,3107,2122,0.0030,0.2544,1.1171,0.405,-0.594,0.033
1178357,3512,3170,2164,0.0013,0.2559,1.1150,0.636,-0.516,0.040
1178367,3347,3118,2148,0.0003,0.2574,1.1132,0.730,-0.459,0.046
1178377,3524,3167,2192,-0.0001,0.2579,1.1147,0.620,-0.469,0.059
1178387,3359,3128,2166,0.0003,0.2574,1.1151,0.367,-0.479,0.065
1178397,3549,3195,2158,0.0006,0.2570,1.1152,0.047,-0.474,0.084
1178407,3357,3105,2213,0.0009,0.2560,1.1151,-0.243,-0.476,0.098
1178417,3548,3188,2138,0.0014,0.2540,1.1154,-0.467,-0.492,0.077
1178427,3368,3120,2166,0.0023,0.2522,1.1159,-0.554,-0.471,0.041
1178437,3584,3192,2171,0.0015,0.2519,1.1141,-0.479,-0.396,0.008
1178447,3376,3136,2192,0.0017,0.2514,1.1147,-0.268,-0.350,-0.021
1178457,3573,3193,2341,0.0015,0.2522,1.1131,0.007,-0.373,-0.058
1178467,3399,3140,2235,0.0021,0.2535,1.1126,0.274,-0.372,-0.112
1178477,3597,3200,2191,0.0013,0.2549,1.1150,0.450,-0.386,-0.140
1178487,3404,3141,2237,0.0008,0.2562,1.1147,0.480,-0.365,-0.148
1178497,3611,3235,2176,0.0005,0.2571,1.1149,0.340,-0.329,-0.144
1178507,3425,3170,2239,0.0007,0.2569,1.1142,0.114,-0.307,-0.146
1178517,3642,3247,2152,0.0010,0.2554,1.1147,-0.105,-0.276,-0.148
1178527,3390,3158,2385,0.0006,0.2541,1.1133,-0.214,-0.246,-0.170
1178537,3641,3210,2255,0.0007,0.2521,1.1136,-0.168,-0.245,-0.210
1178547,3403,3170,2221,0.0010,0.2526,1.1133,-0.010,-0.270,-0.229
1178557,3631,3232,2265,0.0011,0.2535,1.1125,0.197,-0.272,-0.234
1178567,3411,3139,2266,0.0016,0.2544,1.1140,0.385,-0.281,-0.236
1178577,3658,3241,2173,0.0009,0.2565,1.1144,0.507,-0.286,-0.213
1178587,3435,3163,2269,0.0007,0.2566,1.1147,0.525,-0.260,-0.183
1178597,3642,3235,2289,0.0002,0.2570,1.1151,0.410,-0.273,-0.145
1178607,3434,3187,2347,-0.0002,0.2564,1.1153,0.227,-0.290,-0.121
1178617,3654,3253,2259,0.0001,0.2556,1.1145,0.022,-0.312,-0.120
1178627,3421,3159,2332,0.0006,0.2544,1.1144,-0.150,-0.352,-0.117
1178637,3602,3237,2490,0.0013,0.2528,1.1148,-0.246,-0.410,-0.125
1178647,3459,3210,2281,0.0014,0.2518,1.1152,-0.205,-0.470,-0.155
1178657,3676,3240,2293,0.0017,0.2517,1.1143,-0.041,-0.520,-0.168
1178667,3438,3171,2362,0.0016,0.2522,1.1129,0.192,-0.523,-0.150
1178677,3614,3277,2307,0.0009,0.2541,1.1139,0.411,-0.540,-0.128
1178687,3425,3151,2367,0.0010,0.2542,1.1157,0.581,-0.593,-0.124
1178697,3643,3245,2307,0.0009,0.2547,1.1152,0.654,-0.627,-0.111
1178707,3461,3196,2344,0.0000,0.2548,1.1151,0.644,-0.655,-0.094
1178717,3667,3280,2293,0.0003,0.2556,1.1151,0.570,-0.667,-0.086
1178727,3468,3201,2372,0.0001,0.2559,1.1134,0.473,-0.687,-0.100
1178737,3680,3285,2309,0.0001,0.2549,1.1133,0.394,-0.737,-0.126
1178747,3463,3198,2372,0.0007,0.2535,1.1122,0.379,-0.801,-0.142
1178757,3680,3271,2385,0.0008,0.2535,1.1113,0.449,-0.859,-0.152
1178767,3516,3199,2370,0.0014,0.2529,1.1115,0.577,-0.905,-0.151
1178777,3683,3270,2335,0.0016,0.2544,1.1113,0.717,-0.948,-0.150
1178787,3462,3212,2426,0.0013,0.2555,1.1125,0.840,-1.004,-0.120
1178797,3662,3285,2252,0.0015,0.2562,1.1127,0.896,-1.073,-0.099
1178807,3464,3220,2337,0.0004,0.2574,1.1123,0.884,-1.145,-0.069
1178817,3674,3275,2373,0.0003,0.2579,1.1130,0.818,-1.207,-0.037
1178827,3445,3232,2399,0.0004,0.2579,1.1140,0.716,-1.263,-0.007
1178837,3687,3297,2392,0.0005,0.2578,1.1133,0.608,-1.301,0.014
1178847,3457,3214,2413,0.0010,0.2573,1.1139,0.515,-1.341,0.028
1178857,3694,3300,2368,0.0010,0.2566,1.1140,0.458,-1.405,0.041
1178867,3470,3240,2415,0.0020,0.2565,1.1135,0.450,-1.476,0.041
1178877,3674,3317,2378,0.0033,0.2567,1.1150,0.506,-1.533,0.039
1178887,3480,3253,2424,0.0036,0.2561,1.1162,0.575,-1.574,0.052
1178897,3681,3285,2398,0.0047,0.2564,1.1170,0.625,-1.613,0.071
1178907,3460,3236,2450,0.0063,0.2558,1.1195,0.623,-1.618,0.124
1178917,3682,3299,2400,0.0058,0.2562,1.1196,0.579,-1.480,0.209
1178927,3474,3225,2450,0.0039,0.2586,1.1181,0.499,-1.327,0.350
1178937,3656,3306,2397,0.0017,0.2624,1.1201,0.334,-1.295,0.516
1178947,3460,3259,2455,0.0013,0.2676,1.1232,-0.008,-1.389,0.674
1178957,3690,3281,2436,0.0016,0.2740,1.1261,-0.612,-1.531,0.837
1178967,3472,3223,2477,0.0043,0.2797,1.1272,-1.541,-1.644,1.005
1178977,3659,3305,2422,0.0064,0.2834,1.1271,-2.746,-1.730,1.186
1178987,3457,3246,2489,0.0069,0.2841,1.1228,-4.138,-1.783,1.306
1178997,3680,3285,2442,0.0071,0.2834,1.1193,-5.518,-1.863,1.368
1179007,3410,3200,2506,0.0077,0.2799,1.1204,-6.810,-2.093,1.375
1179017,3671,3316,2474,0.0095,0.2769,1.1254,-8.074,-2.361,1.396
1179027,3832,3217,2554,0.0138,0.2781,1.1303,-9.367,-2.563,1.451
1179037,3745,3128,2498,0.0174,0.2773,1.1374,-10.834,-2.635,1.480
1179047,3263,3183,2577,0.0220,0.2765,1.1462,-12.520,-2.709,1.448
1179057,3558,3341,2486,0.0227,0.2755,1.1545,-14.600,-2.643,1.376
1179067,3439,3190,2589,0.0250,0.2674,1.1646,-17.189,-2.550,1.290
1179077,3974,3356,2468,0.0295,0.2590,1.1606,-20.128,-1.925,1.435
1179087,3264,3230,2549,0.0310,0.2542,1.1547,-23.024,-1.393,1.943
1179097,3716,3356,2495,0.0311,0.2471,1.1466,-25.782,-1.025,2.597
1179107,3736,3296,2560,0.0311,0.2345,1.1441,-28.502,-0.859,3.198
1179117,4095,3337,2532,0.0275,0.2231,1.1432,-31.094,-0.730,3.781
1179127,3260,3273,2588,0.0241,0.2123,1.1417,-33.362,-0.464,4.382
1179137,3872,3331,2538,0.0193,0.2058,1.1376,-35.209,-0.227,4.951
1179147,3557,3276,2536,0.0147,0.2001,1.1289,-36.469,0.109,5.402
1179157,3724,3284,2603,0.0103,0.1930,1.1226,-37.341,0.272,5.682
1179167,3547,3235,2655,0.0125,0.1897,1.1139,-37.849,0.209,5.790
1179177,4095,3464,2367,0.0139,0.1835,1.1120,-37.802,-0.105,5.673
1179187,3572,3300,2618,0.0113,0.1708,1.1097,-37.279,-0.458,5.272
1179197,3753,3341,2532,0.0084,0.1569,1.1013,-36.487,-0.476,4.688
1179207,3581,3286,2588,0.0049,0.1465,1.0970,-35.529,-0.745,4.043
1179217,3852,3368,2628,0.0034,0.1423,1.0946,-34.412,-1.182,3.325
1179227,3661,3289,2631,0.0033,0.1335,1.0983,-33.297,-1.821,2.420
1179237,4095,3370,2554,0.0057,0.1247,1.0993,-32.159,-2.418,1.513
1179247,3691,3288,2663,0.0053,0.1203,1.1108,-30.725,-3.059,0.833
1179257,3631,3349,2497,0.0050,0.1144,1.1087,-28.659,-3.047,0.310
1179267,3516,3249,2556,0.0068,0.1055,1.1120,-26.006,-2.774,-0.117
1179277,3868,3423,2234,0.0065,0.0973,1.1076,-23.002,-2.611,-0.419
1179287,3758,3303,2573,0.0055,0.0922,1.1082,-19.815,-2.354,-0.595
1179297,4046,3321,2958,0.0035,0.0884,1.1120,-16.708,-2.498,-0.761
1179307,3935,3300,2554,0.0026,0.0859,1.1117,-13.645,-2.467,-0.935
1179317,3830,3402,2525,0.0015,0.0863,1.1160,-10.678,-2.658,-1.065
1179327,3871,3346,2571,0.0003,0.0879,1.1198,-7.806,-2.864,-1.117
1179337,3841,3384,2558,-0.0010,0.0915,1.1271,-5.131,-3.061,-1.106
1179347,3732,3301,2445,-0.0011,0.0968,1.1293,-2.872,-3.236,-1.042
1179357,3617,3376,2745,-0.0007,0.1034,1.1350,-1.175,-3.437,-0.936
1179367,3907,3288,2656,-0.0002,0.1100,1.1402,-0.037,-3.681,-0.792
1179377,3673,3399,2476,-0.0001,0.1161,1.1465,0.579,-3.773,-0.646
1179387,3910,3283,2630,0.0035,0.1209,1.1544,0.560,-4.010,-0.491
1179397,3943,3419,2476,0.0078,0.1259,1.1621,-0.052,-4.111,-0.307
1179407,3629,3316,2442,0.0131,0.1308,1.1729,-1.221,-4.215,-0.110
1179417,3887,3366,2531,0.0159,0.1359,1.1818,-2.848,-4.129,0.093
1179427,3424,3199,2623,0.0171,0.1409,1.1900,-4.864,-3.913,0.311
1179437,4085,3482,2410,0.0182,0.1411,1.2013,-7.295,-3.603,0.525
1179447,4095,3311,2497,0.0166,0.1436,1.2173,-10.080,-3.171,0.922
1179457,3465,3334,2518,0.0138,0.1493,1.2250,-13.293,-2.472,1.525
1179467,3547,3288,2559,0.0116,0.1533,1.2360,-16.845,-1.675,2.167
1179477,3995,3266,3010,0.0115,0.1581,1.2499,-20.600,-1.046,2.776
1179487,3685,3324,2559,0.0110,0.1624,1.2703,-24.628,-0.313,3.271
1179497,3913,3495,2811,0.0113,0.1683,1.2890,-29.249,0.650,3.745
1179507,3647,3314,2919,0.0117,0.1735,1.3117,-34.542,1.922,4.303
1179517,3762,3372,3173,0.0108,0.1767,1.3353,-40.667,3.454,5.118
1179527,3325,3231,3229,0.0087,0.1744,1.3592,-47.873,5.414,6.206
1179537,3679,3380,3100,0.0045,0.1636,1.3800,-56.354,7.820,7.491
1179547,3677,3369,3252,0.0007,0.1493,1.3990,-66.129,10.719,8.904
1179557,3665,3379,3135,-0.0053,0.1300,1.4199,-76.774,14.048,10.273
1179567,3312,3322,3119,-0.0075,0.1077,1.4349,-87.556,17.898,11.391
1179577,3328,3520,3343,-0.0124,0.0789,1.4391,-97.619,22.308,12.027
1179587,3340,3382,3198,-0.0178,0.0422,1.4453,-106.293,26.815,12.194
1179597,3679,3746,2825,-0.0245,-0.0051,1.4419,-112.948,31.566,12.236
1179607,3774,3508,2960,-0.0308,-0.0577,1.4406,-117.415,36.297,12.686
1179617,3632,3554,2950,-0.0389,-0.1082,1.4373,-119.281,41.197,13.927
1179627,3297,3606,2927,-0.0504,-0.1518,1.4328,-118.633,46.035,15.855
1179637,3246,3446,2375,-0.0624,-0.2000,1.4248,-115.831,50.787,18.032
1179647,3261,3695,2418,-0.0686,-0.2514,1.4156,-111.333,55.120,20.372
1179657,3391,3532,2515,-0.0756,-0.2946,1.4041,-105.160,59.217,23.099
1179667,3236,3489,2459,-0.0816,-0.3321,1.3948,-97.793,62.968,26.256
1179677,3397,3334,2421,-0.0903,-0.3573,1.3808,-89.421,66.629,29.739
1179687,3295,3099,2819,-0.0948,-0.3848,1.3767,-80.188,70.164,33.215
1179697,3260,3121,2536,-0.1022,-0.4065,1.3705,-70.400,73.940,36.590
1179707,3443,2965,2560,-0.1101,-0.4068,1.3662,-58.292,78.725,40.748
1179717,4095,2989,2291,-0.1206,-0.4033,1.3512,-46.845,83.751,44.765
1179727,3224,3123,2275,-0.1294,-0.3946,1.3357,-35.953,88.400,48.616
1179737,3464,3150,2337,-0.1438,-0.3975,1.3016,-26.160,92.931,52.163
1179747,4095,3246,2350,-0.1547,-0.4025,1.2736,-17.685,96.790,55.501
1179757,4095,3257,2386,-0.1649,-0.4092,1.2499,-11.159,99.806,58.767
1179767,3848,3325,2346,-0.1780,-0.4136,1.2363,-6.269,102.345,62.220
1179777,3226,3256,2393,-0.1889,-0.4108,1.2256,-2.637,104.316,66.142
1179787,3667,3273,2388,-0.2006,-0.4028,1.2143,0.044,106.185,70.506
1179797,4039,3610,2336,-0.2095,-0.3928,1.1997,2.181,107.777,75.131
1179807,3602,3253,2580,-0.2194,-0.3909,1.1627,3.815,109.526,79.850
1179817,3456,3351,2389,-0.2320,-0.4032,1.1137,4.896,111.089,84.609
1179827,4095,3031,2633,-0.2441,-0.4200,1.0916,5.244,111.621,89.501
1179837,3169,3337,2290,-0.2529,-0.4280,1.0736,4.625,111.575,94.637
1179847,3211,3303,2403,-0.2614,-0.4194,1.0664,2.924,111.479,99.894
1179857,3430,3468,2467,-0.2600,-0.3968,1.0812,0.202,110.888,105.005
1179867,3579,3610,2926,-0.2613,-0.3688,1.0681,-3.659,111.448,110.035
1179877,3459,3527,2394,-0.2625,-0.3494,1.0565,-8.986,112.602,115.209
1179887,3633,3276,2306,-0.2712,-0.3443,1.0340,-15.597,113.931,120.866
1179897,3120,3217,2494,-0.2801,-0.3595,0.9881,-23.291,115.507,127.021
1179907,3224,3120,2298,-0.2925,-0.3867,0.9461,-31.380,116.226,133.653
1179917,4049,3063,2342,-0.3031,-0.3933,0.9054,-38.975,115.893,140.941
1179927,3404,3179,2390,-0.3100,-0.3950,0.8740,-45.327,114.480,148.517
1179937,3334,3505,2925,-0.3164,-0.3798,0.8236,-49.686,112.854,155.828
1179947,3055,3255,2552,-0.3198,-0.3644,0.7835,-51.586,110.789,162.560
1179957,4007,3907,3373,-0.3239,-0.3598,0.7634,-50.317,107.861,168.594
1179967,3144,3073,2323,-0.3219,-0.3554,0.7334,-45.540,105.144,174.048
1179977,3283,3362,2369,-0.3236,-0.3352,0.6871,-37.179,103.049,178.914
1179987,3248,3135,2310,-0.3237,-0.2886,0.6435,-25.277,100.485,182.946
1179997,2977,3538,2397,-0.3281,-0.2211,0.5822,-10.131,97.767,185.772
1180007,3028,3103,2762,-0.3427,-0.1459,0.5090,7.099,95.184,186.995
1180017,2950,3545,2334,-0.3498,-0.0535,0.4454,25.007,91.879,186.696
1180027,2960,3567,2832,-0.3616,0.0963,0.4004,42.577,87.644,185.157
1180037,2961,3056,2734,-0.3756,0.3022,0.3682,59.502,83.174,181.986
1180047,2978,3192,2398,-0.4170,0.5527,0.3306,74.149,78.793,175.510
1180057,3145,3443,2400,-0.4420,0.7301,0.3106,84.714,73.232,163.901
1180067,3407,3761,2332,-0.4445,0.7802,0.3055,89.819,66.020,147.514
1180077,3391,3943,2344,-0.4530,0.7869,0.2787,90.554,58.616,129.978
1180087,3060,4010,2688,-0.4703,0.7987,0.2496,86.908,50.836,113.477
1180097,2938,3149,2332,-0.4839,0.8195,0.2572,80.275,41.411,98.215
1180107,3009,3099,2359,-0.4893,0.8176,0.2730,72.222,31.709,83.462
1180117,3124,3166,2501,-0.4830,0.7806,0.3121,62.911,22.435,69.203
1180127,4020,2991,2498,-0.4726,0.7153,0.3720,51.837,13.695,56.167
1180137,3015,3186,2372,-0.4703,0.6393,0.4344,39.101,6.384,45.187
1180147,2928,3133,2326,-0.4745,0.5404,0.5109,26.052,0.677,36.444
1180157,2960,3161,2341,-0.4805,0.4342,0.5764,13.137,-3.470,29.715
1180167,2977,3036,2365,-0.4975,0.3395,0.6092,1.762,-5.282,24.885
1180177,3113,3026,2343,-0.5193,0.2610,0.6494,-7.325,-6.071,21.779
1180187,3978,3110,2440,-0.5452,0.2035,0.6759,-13.218,-5.981,20.155
1180197,3615,3031,2414,-0.5757,0.1820,0.6837,-15.107,-4.415,19.708
1180207,3340,2975,2402,-0.6092,0.1900,0.6948,-13.295,-2.361,19.890
1180217,2964,2994,2446,-0.6423,0.2246,0.6996,-8.539,0.202,20.132
1180227,3178,3140,2837,-0.6711,0.2718,0.6917,-1.690,3.297,19.931
1180237,2932,3004,2353,-0.6930,0.3274,0.6885,6.077,6.110,18.853
1180247,2945,3258,3144,-0.7120,0.3896,0.6646,13.734,8.569,16.664
1180257,2989,3095,2391,-0.7310,0.4474,0.6400,21.446,10.590,13.268
1180267,3428,3079,2452,-0.7339,0.4778,0.6379,28.179,11.238,9.027
1180277,3507,3034,2346,-0.7397,0.4885,0.6414,33.109,11.215,4.867
1180287,3424,3095,2342,-0.7457,0.4869,0.6512,35.503,11.026,1.500
1180297,2956,2980,2673,-0.7527,0.4784,0.6562,34.538,10.279,-0.852
1180307,3214,2980,2488,-0.7545,0.4601,0.6662,30.663,9.111,-2.368
1180317,2950,2987,2393,-0.7495,0.4348,0.6879,24.627,7.248,-3.018
1180327,3595,3192,2443,-0.7472,0.4193,0.6982,17.870,5.772,-2.663
1180337,3082,3102,2522,-0.7480,0.4117,0.7062,11.560,4.664,-1.716
1180347,3072,3200,2372,-0.7506,0.4071,0.7161,6.615,3.583,-0.901
1180357,2959,3072,2594,-0.7558,0.3986,0.7142,4.007,3.107,-0.602
1180367,3507,2995,2362,-0.7616,0.3859,0.7165,4.012,2.910,-0.624
1180377,2965,2991,2397,-0.7660,0.3738,0.7163,6.073,2.964,-0.591
1180387,3353,3079,2424,-0.7649,0.3660,0.7204,9.130,3.193,-0.344
1180397,3116,3052,2370,-0.7566,0.3629,0.7295,12.033,3.204,0.014
1180407,2975,3155,2510,-0.7528,0.3662,0.7236,14.554,3.748,0.364
1180417,3182,3448,2361,-0.7515,0.3734,0.7204,16.489,4.329,0.671
1180427,3508,3321,2429,-0.7531,0.3783,0.7086,17.951,4.900,0.902
1180437,2951,2999,2403,-0.7561,0.3781,0.6891,19.024,5.441,1.130
1180447,3134,3057,2404,-0.7586,0.3736,0.6677,19.919,5.580,1.533
1180457,3016,3194,2390,-0.7586,0.3678,0.6544,20.730,5.138,2.202
1180467,3091,3228,2505,-0.7520,0.3696,0.6518,21.524,4.120,3.032
1180477,3102,3398,2474,-0.7429,0.3863,0.6578,22.287,2.967,3.776
1180487,2953,2989,2670,-0.7317,0.4049,0.6602,22.923,2.187,4.068
1180497,3523,3253,2454,-0.7222,0.4169,0.6665,23.350,1.802,3.841
1180507,3059,3032,2518,-0.7162,0.4288,0.6719,23.313,1.723,3.320
1180517,3383,3252,2512,-0.7175,0.4223,0.6615,22.590,2.019,2.582
1180527,2955,3247,2565,-0.7218,0.4132,0.6486,21.580,2.432,1.919
1180537,2958,3334,2479,-0.7253,0.4054,0.6513,20.273,2.119,1.468
1180547,3268,3218,2521,-0.7301,0.3986,0.6453,19.126,1.871,1.200
1180557,3995,3356,2660,-0.7365,0.4018,0.6376,18.386,1.862,1.164
1180567,3088,3224,2428,-0.7425,0.4086,0.6361,18.050,1.538,1.255
1180577,3180,2992,2464,-0.7478,0.4134,0.6310,18.021,1.313,1.259
1180587,2951,3253,2424,-0.7511,0.4165,0.6243,17.930,1.123,1.164
1180597,3057,3013,2487,-0.7534,0.4197,0.6233,17.505,0.787,1.085
1180607,3001,2999,2885,-0.7535,0.4243,0.6281,16.474,0.276,1.041
1180617,3122,3062,2431,-0.7521,0.4288,0.6308,14.792,-0.249,1.023
1180627,3299,3682,2551,-0.7519,0.4295,0.6305,12.762,-0.495,0.991
1180637,2976,3497,2422,-0.7516,0.4284,0.6291,10.449,-0.801,0.989
1180647,3257,3000,2511,-0.7554,0.4256,0.6183,8.268,-0.871,0.988
1180657,2948,3182,2450,-0.7567,0.4205,0.6159,6.482,-1.099,0.994
1180667,3482,3004,2621,-0.7552,0.4202,0.6228,5.098,-1.780,1.098
1180677,4095,3788,2506,-0.7536,0.4197,0.6230,4.284,-2.161,1.266
1180687,3126,3305,2412,-0.7501,0.4212,0.6299,3.805,-2.479,1.434
1180697,3311,3000,2411,-0.7478,0.4254,0.6269,3.559,-2.662,1.566
1180707,3244,3244,2648,-0.7471,0.4243,0.6151,3.744,-2.377,1.561
1180717,2962,3309,2400,-0.7447,0.4271,0.6167,4.037,-2.611,1.523
1180727,3117,3527,2418,-0.7445,0.4339,0.6111,4.359,-2.816,1.400
1180737,3633,3146,2592,-0.7419,0.4393,0.6094,4.495,-2.976,1.144
1180747,3213,3168,2441,-0.7358,0.4406,0.6162,4.078,-3.567,0.842
1180757,3040,3402,2604,-0.7316,0.4366,0.6198,3.045,-3.947,0.515
1180767,3980,3345,2909,-0.7300,0.4348,0.6234,1.467,-4.197,0.227
1180777,3155,3057,2412,-0.7314,0.4288,0.6179,-0.271,-4.264,-0.069
1180787,2988,3142,2414,-0.7327,0.4186,0.6171,-1.798,-4.333,-0.379
1180797,3090,3107,2637,-0.7353,0.4161,0.6216,-3.081,-4.675,-0.577
1180807,3510,3032,2421,-0.7369,0.4165,0.6205,-3.902,-4.865,-0.657
1180817,2989,3104,2559,-0.7363,0.4179,0.6200,-4.266,-4.929,-0.717
1180827,3207,3218,2463,-0.7327,0.4186,0.6283,-4.559,-5.233,-0.769
1180837,2991,3008,2421,-0.7301,0.4174,0.6358,-4.915,-5.479,-0.799
1180847,2974,3027,2583,-0.7292,0.4134,0.6416,-5.352,-5.441,-0.805
1180857,3604,3064,2445,-0.7284,0.4060,0.6497,-5.936,-5.323,-0.736
1180867,2965,3087,2416,-0.7285,0.4030,0.6551,-6.599,-5.168,-0.575
1180877,3049,3041,2471,-0.7311,0.4049,0.6568,-6.977,-4.891,-0.357
1180887,3182,3044,2447,-0.7328,0.4089,0.6542,-6.764,-4.503,-0.189
1180897,3344,3045,2662,-0.7342,0.4143,0.6565,-5.986,-4.178,-0.132
1180907,3038,3220,3071,-0.7348,0.4189,0.6613,-4.868,-3.978,-0.180
1180917,3197,3319,2423,-0.7364,0.4220,0.6635,-3.639,-3.672,-0.348
1180927,3108,3170,2428,-0.7370,0.4195,0.6651,-2.538,-3.304,-0.605
1180937,3030,3016,2423,-0.7379,0.4135,0.6705,-1.759,-3.058,-0.826
1180947,3375,3043,2439,-0.7397,0.4076,0.6739,-1.324,-2.884,-0.869
1180957,2986,3059,2851,-0.7424,0.4017,0.6700,-1.001,-2.615,-0.677
1180967,3200,3206,2585,-0.7441,0.3986,0.6715,-0.656,-2.531,-0.307
1180977,3005,3084,2516,-0.7450,0.4037,0.6698,-0.121,-2.589,0.150
1180987,3034,3246,2604,-0.7463,0.4107,0.6649,0.772,-2.486,0.558
1180997,3378,3218,2492,-0.7431,0.4152,0.6686,1.849,-2.567,0.829
1181007,3371,3050,2647,-0.7408,0.4186,0.6693,2.819,-2.662,1.027
1181017,3249,3634,2585,-0.7410,0.4197,0.6665,3.606,-2.514,1.165
1181027,2973,3414,2478,-0.7393,0.4196,0.6690,3.951,-2.684,1.278
1181037,3006,3294,2489,-0.7397,0.4205,0.6677,4.087,-2.808,1.424
1181047,3532,3140,2698,-0.7403,0.4190,0.6657,4.114,-2.872,1.594
1181057,2974,3140,2483,-0.7381,0.4171,0.6677,4.083,-3.165,1.849
1181067,3432,3385,2487,-0.7344,0.4143,0.6697,4.072,-3.462,2.160
1181077,3003,3197,2471,-0.7301,0.4135,0.6719,4.154,-3.647,2.546
1181087,3130,3035,2472,-0.7285,0.4183,0.6665,4.371,-3.585,2.927
1181097,3368,3054,2529,-0.7283,0.4267,0.6627,4.718,-3.465,3.146
1181107,3040,3524,2837,-0.7285,0.4358,0.6596,5.120,-3.493,3.126
1181117,2982,3026,2446,-0.7297,0.4412,0.6559,5.440,-3.545,2.867
1181127,3029,3082,2452,-0.7294,0.4381,0.6549,5.483,-3.643,2.469
1181137,3080,3073,2495,-0.7275,0.4301,0.6559,5.075,-3.842,2.089
1181147,3014,3096,2449,-0.7251,0.4215,0.6520,4.301,-3.996,1.867
1181157,3063,3061,2469,-0.7208,0.4148,0.6501,3.458,-4.286,1.921
1181167,2982,3077,2516,-0.7175,0.4167,0.6478,3.015,-4.607,2.046
1181177,2977,3055,2452,-0.7159,0.4215,0.6450,3.162,-4.804,2.118
1181187,3191,3306,2477,-0.7139,0.4257,0.6480,3.633,-5.053,2.034
1181197,3089,3052,2551,-0.7130,0.4305,0.6489,4.227,-5.152,1.798
1181207,3112,3263,2459,-0.7128,0.4332,0.6520,4.651,-5.110,1.464
1181217,3003,3050,2660,-0.7109,0.4304,0.6597,4.621,-5.161,1.126
1181227,3147,3065,2457,-0.7076,0.4296,0.6662,4.024,-5.266,0.893
1181237,2990,3043,2492,-0.7077,0.4298,0.6649,3.251,-5.047,0.769
1181247,3028,3121,2486,-0.7079,0.4316,0.6654,2.529,-4.776,0.659
1181257,2992,3158,2512,-0.7076,0.4335,0.6652,2.014,-4.547,0.483
1181267,2990,3034,2475,-0.7077,0.4324,0.6639,1.784,-4.222,0.232
1181277,3018,3164,2528,-0.7082,0.4309,0.6657,1.755,-3.956,-0.025
1181287,3118,3270,2504,-0.7092,0.4308,0.6663,1.869,-3.648,-0.222
1181297,3124,3039,2514,-0.7105,0.4299,0.6636,2.061,-3.289,-0.414
1181307,3108,3245,2550,-0.7116,0.4306,0.6645,2.214,-3.029,-0.614
1181317,3281,3050,2567,-0.7138,0.4349,0.6616,2.395,-2.701,-0.809
1181327,3067,3199,2469,-0.7164,0.4387,0.6575,2.646,-2.390,-1.009
1181337,3029,3366,2742,-0.7164,0.4412,0.6559,2.845,-2.255,-1.203
1181347,3876,3318,2542,-0.7177,0.4403,0.6543,2.928,-2.118,-1.410
1181357,3000,3069,2515,-0.7169,0.4383,0.6567,2.778,-2.123,-1.614
1181367,3210,3256,2476,-0.7155,0.4343,0.6678,2.356,-2.400,-1.751
1181377,3171,3046,2831,-0.7144,0.4320,0.6713,1.751,-2.539,-1.784
1181387,3237,3064,2558,-0.7132,0.4302,0.6741,1.190,-2.413,-1.727
1181397,3052,3074,2518,-0.7145,0.4353,0.6767,0.803,-2.278,-1.601
1181407,3220,3137,2806,-0.7142,0.4418,0.6780,0.675,-2.023,-1.562
1181417,3428,3244,2485,-0.7141,0.4447,0.6785,0.718,-1.707,-1.699
1181427,3018,3076,2507,-0.7127,0.4403,0.6795,0.798,-1.365,-1.901
1181437,2996,3117,2530,-0.7120,0.4319,0.6818,0.770,-1.143,-1.978
1181447,2993,3043,2510,-0.7130,0.4262,0.6832,0.731,-0.911,-1.839
1181457,3001,3073,2481,-0.7144,0.4261,0.6774,0.795,-0.637,-1.547
1181467,3038,3280,2522,-0.7165,0.4335,0.6695,1.160,-0.426,-1.253
1181477,3007,3342,2486,-0.7178,0.4409,0.6631,1.784,-0.333,-1.159
1181487,3328,3056,2557,-0.7166,0.4402,0.6533,2.471,-0.309,-1.345
1181497,3007,3100,2727,-0.7162,0.4358,0.6508,2.933,-0.442,-1.605
1181507,3036,3053,2544,-0.7159,0.4327,0.6563,2.964,-0.916,-1.731
1181517,3064,3051,2594,-0.7165,0.4305,0.6545,2.634,-1.277,-1.720
1181527,3070,3068,2524,-0.7179,0.4297,0.6502,2.037,-1.487,-1.609
1181537,3057,3312,2525,-0.7185,0.4295,0.6541,1.129,-2.053,-1.421
1181547,3049,3057,2556,-0.7197,0.4310,0.6515,0.093,-2.550,-1.227
1181557,3002,3102,2642,-0.7205,0.4307,0.6504,-0.929,-2.982,-1.017
1181567,3102,3056,2538,-0.7195,0.4297,0.6595,-1.923,-3.683,-0.778
1181577,3002,3094,2621,-0.7198,0.4301,0.6631,-2.788,-4.130,-0.531
1181587,3041,3056,2548,-0.7213,0.4332,0.6624,-3.457,-4.232,-0.305
1181597,3006,3087,2597,-0.7247,0.4440,0.6602,-3.866,-4.388,-0.180
1181607,3114,3061,2524,-0.7278,0.4542,0.6555,-3.976,-4.463,-0.375
1181617,3235,3164,2592,-0.7295,0.4617,0.6541,-3.908,-4.585,-0.943
1181627,3262,3079,2862,-0.7321,0.4688,0.6508,-3.782,-4.760,-1.737
1181637,3052,3099,2587,-0.7347,0.4734,0.6458,-3.622,-4.889,-2.677
1181647,3309,3074,2665,-0.7382,0.4775,0.6361,-3.518,-5.136,-3.699
1181657,3010,3058,2660,-0.7441,0.4850,0.6222,-3.330,-5.583,-4.772
1181667,3010,3059,2606,-0.7541,0.4958,0.5985,-2.888,-6.303,-5.937
1181677,3027,3082,2546,-0.7653,0.5127,0.5703,-2.006,-7.538,-7.305
1181687,3142,3059,2647,-0.7756,0.5338,0.5498,-0.584,-9.787,-9.009
1181697,3014,3075,2626,-0.7758,0.5508,0.5409,1.625,-12.997,-11.246
1181707,3045,3061,2566,-0.7601,0.5460,0.5496,4.151,-16.942,-14.003
1181717,3125,3117,2625,-0.7426,0.5421,0.5611,6.393,-20.921,-16.731
1181727,3059,3079,2537,-0.7318,0.5515,0.5630,8.370,-24.144,-19.182
1181737,3042,3134,2717,-0.7214,0.5655,0.5679,9.879,-27.409,-21.778
1181747,3335,3075,2581,-0.7121,0.5717,0.5715,11.047,-31.003,-24.980
1181757,3122,3113,2586,-0.7041,0.5670,0.5652,12.213,-34.376,-28.769
1181767,3037,3065,2559,-0.6958,0.5545,0.5565,13.780,-37.813,-32.691
1181777,3185,3120,2622,-0.6867,0.5452,0.5550,16.086,-41.462,-36.456
1181787,3101,3067,2548,-0.6750,0.5337,0.5605,19.176,-45.142,-40.169
1181797,3015,3128,2623,-0.6657,0.5240,0.5612,22.983,-48.322,-43.891
1181807,3035,3068,2596,-0.6570,0.5202,0.5647,27.259,-51.066,-47.396
1181817,3076,3108,2581,-0.6474,0.5181,0.5800,31.328,-54.008,-50.627
1181827,3205,3095,2557,-0.6359,0.5138,0.5904,34.575,-56.751,-53.735
1181837,3086,3112,2632,-0.6242,0.5109,0.6018,36.516,-59.135,-56.744
1181847,3059,3082,2541,-0.6139,0.5089,0.6141,37.096,-61.391,-59.725
1181857,3216,3117,2618,-0.6057,0.5028,0.6206,36.769,-63.305,-62.860
1181867,3169,3120,2625,-0.5986,0.4941,0.6222,35.901,-65.034,-66.218
1181877,3029,3075,2636,-0.5913,0.4764,0.6266,34.766,-67.016,-69.774
1181887,3153,3076,2584,-0.5838,0.4542,0.6290,33.714,-69.029,-73.356
1181897,3312,3089,2615,-0.5761,0.4271,0.6305,33.018,-70.841,-76.749
1181907,3033,3094,2596,-0.5686,0.3941,0.6294,32.687,-72.547,-79.869
1181917,3050,3092,2686,-0.5586,0.3579,0.6346,32.769,-74.398,-82.514
1181927,3218,3089,2549,-0.5445,0.3220,0.6497,32.990,-76.553,-84.396
1181937,3155,3085,2665,-0.5291,0.2860,0.6619,33.081,-78.379,-85.398
1181947,3114,3097,2556,-0.5152,0.2550,0.6719,32.742,-79.747,-85.444
1181957,3117,3088,2650,-0.5052,0.2330,0.6873,31.887,-81.089,-84.581
1181967,3057,3136,2606,-0.5000,0.2167,0.7004,30.442,-82.333,-83.154
1181977,3024,3098,2655,-0.4976,0.2057,0.7107,28.597,-83.454,-81.445
1181987,3057,3184,2596,-0.4974,0.1908,0.7344,26.570,-84.794,-79.654
1181997,3033,3136,2660,-0.4942,0.1790,0.7540,24.347,-86.174,-77.742
1182007,3581,3261,2608,-0.4924,0.1727,0.7694,21.965,-87.235,-75.708
1182017,3029,3158,2650,-0.4835,0.1632,0.7920,19.675,-88.244,-73.590
1182027,3064,3251,2620,-0.4730,0.1549,0.8076,17.474,-88.892,-71.440
1182037,3133,3124,2665,-0.4606,0.1417,0.8181,15.534,-88.988,-69.254
1182047,3036,3091,2651,-0.4500,0.1336,0.8306,13.712,-88.972,-66.924
1182057,3028,3242,2672,-0.4479,0.1287,0.8316,12.280,-88.627,-64.359
1182067,3036,3316,2612,-0.4499,0.1361,0.8303,11.223,-88.413,-61.674
1182077,3044,3253,2676,-0.4540,0.1436,0.8261,10.546,-88.612,-58.991
1182087,3039,3345,2606,-0.4581,0.1524,0.8205,10.020,-89.275,-56.540
1182097,3297,3190,2704,-0.4567,0.1589,0.8150,9.405,-90.406,-54.463
1182107,3053,3385,2637,-0.4488,0.1715,0.8219,8.590,-92.187,-52.677
1182117,3098,3292,2690,-0.4379,0.1857,0.8375,7.497,-94.326,-51.180
1182127,3096,3450,2662,-0.4252,0.1974,0.8488,6.037,-96.193,-50.060
1182137,3172,3650,2630,-0.4083,0.2036,0.8680,4.287,-98.018,-49.254
1182147,3164,3643,2609,-0.3893,0.1935,0.8860,1.818,-99.672,-48.601
1182157,3085,3511,2704,-0.3736,0.1850,0.9099,-1.113,-101.365,-47.752
1182167,3113,3520,2615,-0.3572,0.1701,0.9295,-4.348,-102.926,-46.650
1182177,3360,3359,2689,-0.3434,0.1582,0.9392,-7.684,-104.209,-45.277
1182187,3174,3503,2571,-0.3298,0.1502,0.9498,-10.803,-105.516,-43.666
1182197,3051,3442,2582,-0.3157,0.1492,0.9554,-13.348,-106.774,-41.919
1182207,3050,3701,2564,-0.2990,0.1503,0.9636,-15.256,-108.181,-40.192
1182217,3097,3718,2586,-0.2857,0.1553,0.9706,-16.496,-109.581,-38.584
1182227,3056,3885,2587,-0.2717,0.1640,0.9809,-17.120,-110.820,-37.184
1182237,3137,3687,2662,-0.2590,0.1794,0.9913,-17.292,-111.819,-36.259
1182247,3057,3868,2586,-0.2426,0.1843,1.0079,-17.250,-112.555,-35.954
1182257,3723,3876,2582,-0.2231,0.1794,1.0345,-17.272,-113.242,-36.203
1182267,3324,3702,2569,-0.1957,0.1568,1.0660,-17.532,-113.862,-36.651
1182277,3296,3575,2639,-0.1703,0.1274,1.0929,-18.301,-114.385,-36.747
1182287,3063,3685,2591,-0.1434,0.1031,1.1380,-19.387,-114.932,-36.114
1182297,3339,3618,2587,-0.1147,0.0823,1.1709,-20.499,-114.640,-34.948
1182307,3066,3808,2586,-0.0857,0.0571,1.2029,-21.405,-113.572,-33.409
1182317,3178,3669,2597,-0.0589,0.0421,1.2255,-21.587,-111.825,-31.403
1182327,3074,3827,2590,-0.0372,0.0283,1.2463,-20.965,-109.360,-29.140
1182337,3816,3646,2588,-0.0139,0.0281,1.2512,-19.633,-106.370,-26.665
1182347,3126,3858,2605,-0.0007,0.0341,1.2588,-17.568,-102.942,-24.069
1182357,3397,3539,2589,0.0051,0.0336,1.2619,-14.849,-99.302,-21.801
1182367,3154,3564,2590,0.0091,0.0394,1.2650,-10.993,-95.353,-19.954
1182377,3160,3628,2596,0.0120,0.0428,1.2639,-6.814,-91.807,-18.551
1182387,3122,3909,2690,0.0138,0.0454,1.2519,-2.449,-87.859,-17.616
1182397,3224,3646,2817,0.0208,0.0501,1.2511,1.926,-84.705,-16.935
1182407,3092,3833,2838,0.0310,0.0573,1.2457,6.491,-81.505,-16.391
1182417,3081,3701,2792,0.0420,0.0676,1.2538,11.047,-78.649,-15.780
1182427,3457,3799,2755,0.0505,0.0791,1.2549,15.205,-75.586,-14.987
1182437,3182,3952,2603,0.0566,0.0876,1.2633,18.395,-72.552,-13.932
1182447,3322,4046,2717,0.0613,0.1009,1.2733,20.179,-69.762,-12.639
1182457,3357,3987,2674,0.0585,0.1146,1.2691,20.248,-66.815,-11.244
1182467,3756,4095,2703,0.0621,0.1257,1.2802,19.059,-64.288,-9.841
1182477,3933,4081,2818,0.0637,0.1425,1.2788,16.613,-61.884,-8.669
1182487,3584,4095,2814,0.0684,0.1531,1.2791,13.495,-59.154,-7.827
1182497,3662,4095,2793,0.0777,0.1576,1.2821,10.002,-57.098,-7.228
1182507,3597,4095,2778,0.0883,0.1591,1.2724,6.371,-54.252,-6.754
1182517,3958,3905,2878,0.0939,0.1610,1.2675,2.777,-51.686,-6.159
1182527,3743,4047,2771,0.0934,0.1624,1.2546,-0.135,-48.856,-5.422
1182537,3786,3923,2818,0.0922,0.1631,1.2541,-2.672,-46.608,-4.674
1182547,3844,3928,2803,0.0885,0.1637,1.2491,-4.891,-44.504,-3.950
1182557,3821,3845,2825,0.0899,0.1625,1.2522,-6.929,-42.775,-3.303
1182567,3707,3968,2771,0.0913,0.1643,1.2596,-8.834,-41.177,-2.812
1182577,3746,3864,2793,0.1057,0.1543,1.2624,-10.859,-39.023,-2.768
1182587,3532,3809,2840,0.1151,0.1486,1.2651,-12.549,-36.754,-2.746
1182597,3594,3797,2832,0.1218,0.1432,1.2626,-13.710,-34.267,-2.702
1182607,3804,3734,2804,0.1290,0.1349,1.2575,-14.400,-31.732,-2.637
1182617,3924,3700,2858,0.1306,0.1308,1.2521,-14.781,-29.295,-2.445
1182627,3398,3800,2858,0.1286,0.1282,1.2469,-14.879,-27.106,-2.156
1182637,4095,3700,2861,0.1272,0.1273,1.2431,-14.801,-25.008,-1.820
1182647,3652,3777,2790,0.1273,0.1272,1.2446,-14.655,-23.148,-1.497
1182657,3755,3581,2870,0.1296,0.1243,1.2468,-14.484,-21.408,-1.253
1182667,3411,3818,2801,0.1352,0.1202,1.2499,-14.270,-19.634,-1.097
1182677,3744,3549,2858,0.1422,0.1123,1.2522,-13.977,-17.766,-0.965
1182687,3435,3820,2837,0.1481,0.1059,1.2514,-13.604,-15.822,-0.736
1182697,3826,3652,2883,0.1512,0.1018,1.2445,-13.056,-13.751,-0.405
1182707,3722,3712,2903,0.1530,0.0984,1.2379,-12.356,-11.848,-0.054
1182717,3772,3657,2905,0.1519,0.0955,1.2323,-11.475,-10.127,0.291
1182727,3665,3807,2885,0.1488,0.0958,1.2248,-10.510,-8.545,0.669
1182737,3924,3569,2954,0.1463,0.0964,1.2191,-9.644,-7.149,0.967
1182747,3525,3778,2910,0.1444,0.0964,1.2114,-8.915,-5.842,1.135
1182757,3747,3729,2951,0.1427,0.0985,1.2076,-8.326,-4.693,1.230
1182767,3378,3769,2909,0.1429,0.0976,1.1997,-7.871,-3.586,1.295
1182777,3725,3627,2993,0.1399,0.0974,1.1911,-7.551,-2.564,1.367
1182787,3118,3943,2888,0.1367,0.0983,1.1839,-7.335,-1.819,1.463
1182797,3595,3874,2967,0.1335,0.0998,1.1759,-7.237,-1.210,1.560
1182807,3406,3978,2962,0.1295,0.1000,1.1702,-7.306,-0.824,1.590
1182817,3817,3863,3031,0.1258,0.0989,1.1612,-7.543,-0.605,1.482
1182827,3924,4016,2967,0.1242,0.0960,1.1576,-7.735,-0.574,1.270
1182837,3682,3999,3070,0.1234,0.0899,1.1531,-7.862,-0.672,1.011
1182847,3500,4048,3010,0.1236,0.0825,1.1475,-7.958,-0.829,0.783
1182857,3583,3962,3054,0.1225,0.0767,1.1442,-7.846,-1.186,0.710
1182867,3380,4095,3004,0.1216,0.0738,1.1402,-7.434,-1.640,0.824
1182877,3458,4095,3053,0.1223,0.0720,1.1402,-6.798,-2.188,1.024
1182887,3511,4095,3055,0.1233,0.0725,1.1402,-5.974,-2.684,1.250
1182897,3706,4062,3125,0.1266,0.0744,1.1392,-4.955,-3.130,1.447
1182907,3441,4095,3033,0.1288,0.0775,1.1400,-3.876,-3.478,1.560
1182917,3698,4095,2997,0.1317,0.0792,1.1386,-2.818,-3.708,1.537
1182927,3500,4095,3030,0.1327,0.0805,1.1362,-1.832,-3.897,1.380
1182937,3879,4095,2981,0.1334,0.0805,1.1393,-0.974,-4.061,1.168
1182947,3618,4095,2840,0.1340,0.0804,1.1408,-0.346,-4.173,0.976
1182957,3751,4095,2911,0.1354,0.0829,1.1458,0.069,-4.221,0.852
1182967,3521,4095,2853,0.1377,0.0840,1.1511,0.300,-4.240,0.762
1182977,3738,4095,2959,0.1417,0.0851,1.1650,0.322,-4.173,0.657
1182987,3626,4095,2830,0.1476,0.0874,1.1788,0.008,-3.840,0.640
1182997,3745,4095,2890,0.1524,0.0891,1.1847,-0.671,-3.035,0.719
1183007,3527,4095,2875,0.1558,0.0916,1.1957,-1.733,-2.112,0.879
1183017,3784,4095,2952,0.1545,0.0922,1.1995,-3.051,-1.058,1.160
1183027,3614,4095,2904,0.1504,0.0916,1.1963,-4.396,0.198,1.419
1183037,3863,4095,2963,0.1454,0.0855,1.1891,-5.686,1.301,1.480
1183047,3524,4095,2882,0.1394,0.0784,1.1807,-6.642,2.214,1.407
1183057,3786,4095,2930,0.1342,0.0728,1.1740,-7.216,2.776,1.328
1183067,3576,4095,2869,0.1311,0.0679,1.1629,-7.417,3.135,1.281
1183077,3828,4095,3182,0.1320,0.0659,1.1552,-7.214,3.198,1.286
1183087,3653,4095,2898,0.1327,0.0658,1.1510,-6.551,3.109,1.363
1183097,3954,4095,2953,0.1320,0.0647,1.1470,-5.586,3.052,1.456
1183107,3719,4095,2711,0.1321,0.0647,1.1404,-4.534,3.108,1.525
1183117,4050,4095,2907,0.1327,0.0652,1.1379,-3.520,3.067,1.544
1183127,3741,4095,2841,0.1315,0.0646,1.1380,-2.638,2.894,1.471
1183137,3965,4095,2868,0.1326,0.0645,1.1395,-2.013,2.667,1.348
1183147,3754,4095,2888,0.1338,0.0647,1.1390,-1.624,2.519,1.191
1183157,4050,4095,2845,0.1353,0.0655,1.1396,-1.422,2.403,1.037
1183167,3818,4095,3329,0.1365,0.0663,1.1396,-1.355,2.372,0.915
1183177,4077,4095,2880,0.1408,0.0692,1.1382,-1.276,2.387,0.770
1183187,3741,4095,2833,0.1428,0.0665,1.1394,-0.672,2.496,0.425
1183197,4083,4095,3298,0.1446,0.0574,1.1410,0.640,2.765,-0.137
1183207,3797,4095,2824,0.1429,0.0515,1.1402,2.479,3.201,-0.670
1183217,4070,4095,3162,0.1393,0.0526,1.1399,4.592,3.561,-1.052
1183227,3815,4095,2967,0.1336,0.0576,1.1387,6.839,3.875,-1.387
1183237,4095,4095,3293,0.1321,0.0571,1.1404,8.927,4.038,-1.812
1183247,3900,4095,2954,0.1338,0.0537,1.1438,10.611,4.112,-2.219
1183257,4095,4095,2915,0.1371,0.0496,1.1476,11.836,4.260,-2.382
1183267,3836,4095,2688,0.1390,0.0501,1.1514,12.644,4.533,-2.176
1183277,4095,4095,2697,0.1379,0.0546,1.1527,13.152,5.027,-1.674
1183287,4095,4095,2818,0.1332,0.0618,1.1487,13.558,5.577,-1.125
1183297,4095,4095,2939,0.1271,0.0682,1.1462,13.963,6.072,-0.714
1183307,3975,4095,2710,0.1219,0.0719,1.1448,14.395,6.396,-0.475
1183317,4095,4095,2826,0.1168,0.0751,1.1409,14.764,6.575,-0.382
1183327,3969,4095,2951,0.1121,0.0811,1.1375,14.998,6.610,-0.371
1183337,4095,4095,2924,0.1098,0.0875,1.1320,15.230,6.541,-0.436
1183347,3915,4095,2901,0.1067,0.0926,1.1276,15.569,6.358,-0.607
1183357,4095,4095,2825,0.1052,0.0927,1.1262,16.050,6.110,-0.834
1183367,3908,4095,2836,0.1055,0.0942,1.1215,16.763,6.028,-0.962
1183377,4095,4095,2878,0.1082,0.0989,1.1192,17.681,5.711,-0.929
1183387,3927,4095,2704,0.1090,0.1075,1.1204,18.724,5.241,-0.894
1183397,4095,4095,2702,0.1103,0.1141,1.1235,19.479,4.729,-1.032
1183407,3975,4095,2802,0.1115,0.1210,1.1271,19.696,4.312,-1.337
1183417,4095,4095,2749,0.1129,0.1281,1.1338,19.397,3.872,-1.671
1183427,3917,4095,2841,0.1151,0.1352,1.1368,18.698,3.560,-1.963
1183437,4095,4095,3006,0.1171,0.1405,1.1411,17.642,3.316,-2.174
1183447,3927,4095,2755,0.1185,0.1443,1.1440,16.233,3.224,-2.298
1183457,4095,4095,2878,0.1180,0.1479,1.1468,14.497,3.295,-2.348
1183467,3880,4095,2845,0.1164,0.1517,1.1480,12.599,3.470,-2.372
1183477,4095,4095,3083,0.1132,0.1556,1.1471,10.670,3.650,-2.476
1183487,3891,4095,2865,0.1125,0.1545,1.1459,9.074,3.778,-2.737
1183497,4095,4095,2900,0.1127,0.1507,1.1456,7.773,3.828,-3.118
1183507,3887,4095,2706,0.1121,0.1451,1.1475,6.584,3.809,-3.453
1183517,4095,4095,2886,0.1116,0.1413,1.1465,5.447,3.827,-3.616
1183527,3879,4095,2710,0.1112,0.1404,1.1439,4.383,3.900,-3.605
1183537,4094,4095,2971,0.1097,0.1396,1.1405,3.464,3.954,-3.490
1183547,3853,4095,2727,0.1084,0.1394,1.1359,2.744,3.981,-3.356
1183557,4095,4078,2937,0.1060,0.1391,1.1338,2.285,3.964,-3.274
1183567,3869,4088,2712,0.1041,0.1382,1.1309,2.102,3.918,-3.268
1183577,4081,4013,2751,0.1030,0.1365,1.1290,2.157,3.813,-3.334
1183587,3837,4060,2739,0.1029,0.1352,1.1277,2.452,3.576,-3.440
1183597,4095,3923,3001,0.1042,0.1329,1.1258,2.892,3.313,-3.569
1183607,3825,4024,2733,0.1046,0.1328,1.1267,3.445,3.066,-3.675
1183617,4077,3822,2874,0.1048,0.1335,1.1283,4.068,2.834,-3.743
1183627,3802,3956,2737,0.1053,0.1339,1.1293,4.720,2.693,-3.776
1183637,4030,3820,2837,0.1051,0.1339,1.1305,5.354,2.658,-3.759
1183647,3818,3818,2742,0.1046,0.1358,1.1334,5.888,2.614,-3.679
1183657,4031,3657,2936,0.1040,0.1378,1.1342,6.261,2.652,-3.566
1183667,3770,3758,2976,0.1027,0.1393,1.1372,6.501,2.694,-3.455
1183677,4030,3575,2954,0.1000,0.1403,1.1345,6.811,2.893,-3.309
1183687,3694,3687,2763,0.0989,0.1413,1.1355,7.094,2.932,-3.105
1183697,3972,3564,2866,0.0976,0.1424,1.1369,7.260,2.893,-2.857
1183707,3699,3550,2763,0.0962,0.1471,1.1387,7.288,2.805,-2.548
1183717,3969,3428,3129,0.0933,0.1508,1.1351,7.173,2.794,-2.329
1183727,3716,3497,2730,0.0929,0.1536,1.1309,7.028,2.827,-2.256
1183737,3934,3426,2958,0.0914,0.1552,1.1284,6.895,2.767,-2.325
1183747,3651,3475,2824,0.0908,0.1543,1.1290,6.842,2.605,-2.409
1183757,3910,3413,2817,0.0903,0.1549,1.1274,6.926,2.585,-2.362
1183767,3656,3433,2731,0.0895,0.1580,1.1301,6.995,2.467,-2.215
1183777,3969,3249,2828,0.0882,0.1615,1.1307,7.012,2.309,-2.050
1183787,3654,3329,2734,0.0868,0.1658,1.1297,6.983,2.121,-1.912
1183797,3868,3213,2880,0.0868,0.1686,1.1306,6.796,1.868,-1.821
1183807,3634,3242,2737,0.0867,0.1719,1.1285,6.436,1.646,-1.724
1183817,3842,3141,2888,0.0863,0.1731,1.1276,6.037,1.348,-1.623
1183827,3609,3163,2938,0.0862,0.1741,1.1262,5.705,1.155,-1.524
1183837,3805,3083,2737,0.0869,0.1746,1.1290,5.369,0.908,-1.449
1183847,3563,3127,2753,0.0873,0.1756,1.1293,4.951,0.777,-1.388
1183857,3739,3000,2804,0.0875,0.1754,1.1320,4.418,0.604,-1.265
1183867,3533,3030,2761,0.0874,0.1768,1.1331,3.848,0.455,-1.035
1183877,3801,2900,2818,0.0869,0.1779,1.1358,3.206,0.317,-0.692
1183887,3519,2973,2741,0.0863,0.1794,1.1362,2.417,0.195,-0.285
1183897,3763,2847,2800,0.0854,0.1813,1.1347,1.470,0.113,0.137
1183907,3512,2888,2753,0.0850,0.1824,1.1348,0.400,-0.084,0.509
1183917,3717,2736,2980,0.0854,0.1831,1.1326,-0.647,-0.316,0.801
1183927,3535,2761,2749,0.0852,0.1829,1.1298,-1.599,-0.576,1.007
1183937,3721,2690,2794,0.0844,0.1822,1.1276,-2.427,-0.865,1.137
1183947,3462,2728,2782,0.0841,0.1788,1.1257,-3.118,-1.164,1.211
1183957,3700,2635,2789,0.0846,0.1765,1.1238,-3.565,-1.461,1.293
1183967,3461,2636,2771,0.0862,0.1746,1.1249,-3.910,-1.841,1.347
1183977,3609,2608,2756,0.0874,0.1720,1.1244,-4.101,-2.161,1.340
1183987,3438,2607,2750,0.0883,0.1695,1.1253,-4.150,-2.417,1.252
1183997,3625,2500,2747,0.0888,0.1659,1.1258,-4.097,-2.571,1.133
1184007,3373,2535,2753,0.0907,0.1619,1.1270,-3.887,-2.618,1.017
1184017,3600,2433,2874,0.0923,0.1592,1.1276,-3.631,-2.641,0.937
1184027,3370,2479,2820,0.0936,0.1573,1.1287,-3.269,-2.582,0.893
1184037,3560,2401,2769,0.0948,0.1559,1.1290,-2.825,-2.465,0.864
1184047,3355,2446,3085,0.0959,0.1540,1.1279,-2.334,-2.260,0.825
1184057,3544,2364,2757,0.0952,0.1536,1.1285,-1.810,-2.017,0.793
1184067,3366,2311,2761,0.0952,0.1532,1.1287,-1.263,-1.775,0.759
1184077,3512,2307,2760,0.0946,0.1542,1.1286,-0.701,-1.558,0.711
1184087,3297,2352,2788,0.0940,0.1548,1.1286,-0.160,-1.385,0.644
1184097,3497,2247,2895,0.0898,0.1551,1.1308,0.317,-1.269,0.554
1184107,3303,2338,2817,0.0894,0.1538,1.1300,0.518,-1.119,0.533
1184117,3467,2238,2785,0.0938,0.1597,1.1172,0.461,-0.676,0.709
1184127,3277,2268,2862,0.0964,0.1679,1.1220,0.515,-0.774,0.852
1184137,3494,2150,2787,0.0973,0.1652,1.1309,0.896,-1.153,0.634
1184147,3254,2229,2816,0.0986,0.1579,1.1292,1.469,-0.929,0.266
1184157,3432,2159,2765,0.0976,0.1577,1.1280,1.822,-0.720,0.127
1184167,3265,2169,2770,0.0953,0.1638,1.1280,2.012,-0.669,0.215
1184177,3417,2131,2774,0.0941,0.1659,1.1302,2.165,-0.747,0.252
1184187,3241,2134,2967,0.0947,0.1646,1.1291,2.300,-0.751,0.190
1184197,3368,2132,2990,0.0954,0.1655,1.1301,2.359,-0.845,0.165
1184207,3249,2123,2775,0.0954,0.1662,1.1300,2.291,-0.874,0.182
1184217,3359,2133,2800,0.0966,0.1668,1.1312,2.122,-0.843,0.176
1184227,3206,2133,3216,0.0954,0.1666,1.1288,1.944,-0.776,0.176
1184237,3361,2191,2795,0.0950,0.1662,1.1290,1.799,-0.740,0.196
1184247,3199,2153,2861,0.0946,0.1662,1.1284,1.693,-0.707,0.223
1184257,3329,2219,2810,0.0950,0.1652,1.1292,1.661,-0.678,0.217
1184267,3183,2202,2920,0.0952,0.1640,1.1293,1.699,-0.684,0.181
1184277,3286,2246,2798,0.0949,0.1629,1.1284,1.830,-0.684,0.154
1184287,3150,2221,3106,0.0949,0.1626,1.1281,2.054,-0.686,0.149
1184297,3275,2310,2798,0.0951,0.1637,1.1276,2.335,-0.685,0.165
1184307,3153,2294,2886,0.0954,0.1643,1.1281,2.620,-0.675,0.185
1184317,3279,2336,3026,0.0956,0.1663,1.1293,2.874,-0.669,0.194
1184327,3142,2341,2923,0.0951,0.1678,1.1293,3.086,-0.635,0.182
1184337,3231,2400,3130,0.0948,0.1693,1.1291,3.254,-0.579,0.161
1184347,3129,2361,3012,0.0946,0.1708,1.1289,3.371,-0.552,0.138
1184357,3211,2449,2802,0.0947,0.1713,1.1283,3.424,-0.549,0.113
1184367,3129,2441,2863,0.0953,0.1727,1.1291,3.401,-0.567,0.121
1184377,3237,2485,2796,0.0953,0.1744,1.1301,3.312,-0.609,0.154
1184387,3129,2433,2794,0.0963,0.1762,1.1293,3.151,-0.622,0.191
1184397,3188,2497,3408,0.0957,0.1774,1.1299,2.916,-0.586,0.215
1184407,3131,2436,2945,0.0964,0.1787,1.1297,2.629,-0.552,0.234
1184417,3178,2544,2870,0.0962,0.1800,1.1299,2.301,-0.499,0.225
1184427,3137,2480,2932,0.0956,0.1811,1.1290,1.990,-0.466,0.189
1184437,3161,2576,2859,0.0961,0.1804,1.1279,1.745,-0.412,0.121
1184447,3150,2519,2908,0.0958,0.1790,1.1263,1.588,-0.346,0.002
1184457,3157,2612,2903,0.0959,0.1767,1.1263,1.495,-0.281,-0.118
1184467,3166,2524,3499,0.0965,0.1755,1.1252,1.486,-0.235,-0.230
1184477,3141,2611,3038,0.0962,0.1750,1.1255,1.566,-0.216,-0.314
1184487,3178,2572,3178,0.0966,0.1749,1.1278,1.767,-0.212,-0.390
1184497,3128,2677,2804,0.0963,0.1744,1.1298,2.003,-0.253,-0.445
1184507,3204,2600,2917,0.0957,0.1751,1.1312,2.179,-0.301,-0.471
1184517,3132,2669,2870,0.0959,0.1758,1.1309,2.210,-0.283,-0.461
1184527,3210,2626,2976,0.0960,0.1778,1.1304,2.132,-0.203,-0.418
1184537,3130,2711,2829,0.0952,0.1788,1.1304,1.999,-0.110,-0.386
1184547,3202,2653,2829,0.0942,0.1798,1.1300,1.838,-0.022,-0.383
1184557,3126,2741,2796,0.0934,0.1814,1.1284,1.691,0.033,-0.412
1184567,3233,2680,2910,0.0929,0.1811,1.1288,1.570,0.014,-0.464
1184577,3135,2761,2892,0.0938,0.1811,1.1281,1.494,-0.022,-0.512
1184587,3255,2693,2949,0.0935,0.1817,1.1266,1.443,-0.022,-0.556
1184597,3141,2785,2989,0.0931,0.1822,1.1255,1.358,-0.009,-0.572
1184607,3283,2675,3122,0.0935,0.1823,1.1243,1.243,0.040,-0.609
1184617,3147,2784,2892,0.0935,0.1821,1.1238,1.136,0.073,-0.652
1184627,3266,2758,3073,0.0936,0.1818,1.1238,1.088,0.068,-0.719
1184637,3143,2833,3173,0.0936,0.1800,1.1258,1.114,0.035,-0.765
1184647,3278,2776,2984,0.0935,0.1792,1.1266,1.147,0.041,-0.769
1184657,3165,2836,2828,0.0937,0.1805,1.1278,1.234,0.083,-0.728
1184667,3318,2779,2858,0.0943,0.1806,1.1283,1.312,0.083,-0.699
1184677,3167,2883,2884,0.0938,0.1811,1.1274,1.343,0.160,-0.675
1184687,3317,2785,3105,0.0924,0.1823,1.1266,1.378,0.281,-0.627
1184697,3174,2873,2976,0.0918,0.1828,1.1260,1.365,0.352,-0.617
1184707,3331,2820,2811,0.0912,0.1830,1.1249,1.351,0.375,-0.651
1184717,3202,2844,3224,0.0911,0.1828,1.1251,1.422,0.356,-0.699
1184727,3348,2830,2820,0.0911,0.1825,1.1260,1.566,0.323,-0.744
1184737,3173,2923,2822,0.0907,0.1829,1.1273,1.713,0.332,-0.777
1184747,3376,2834,2812,0.0889,0.1744,1.1304,1.696,0.384,-0.767
1184757,3198,2915,2820,0.0894,0.1844,1.1142,1.060,0.689,-0.425
1184767,3384,2819,2933,0.0879,0.1979,1.1224,0.261,0.401,0.037
1184777,3239,2871,2885,0.0892,0.2000,1.1295,-0.041,-0.236,-0.076
1184787,3396,2856,2935,0.0935,0.1896,1.1322,0.588,-0.161,-0.652
1184797,3281,2894,2840,0.0947,0.1797,1.1347,1.218,-0.149,-1.070
1184807,3424,2860,4095,0.0935,0.1843,1.1328,1.344,0.154,-1.056
1184817,3238,2963,2876,0.0917,0.1895,1.1327,1.043,0.211,-0.930
1184827,3409,2914,2944,0.0913,0.1877,1.1289,0.780,0.430,-1.002
1184837,3252,2987,2882,0.0921,0.1838,1.1306,0.704,0.446,-1.088
1184847,3425,2906,2907,0.0913,0.1820,1.1290,0.775,0.507,-1.058
1184857,3264,2983,2852,0.0906,0.1818,1.1283,0.854,0.526,-0.973
1184867,3433,2934,2838,0.0906,0.1823,1.1254,0.980,0.583,-0.901
1184877,3249,3018,2860,0.0897,0.1836,1.1244,1.128,0.582,-0.852
1184887,3443,2896,2879,0.0894,0.1853,1.1238,1.279,0.555,-0.815
1184897,3266,3012,2873,0.0903,0.1871,1.1251,1.401,0.479,-0.779
1184907,3450,2925,2953,0.0905,0.1885,1.1262,1.436,0.413,-0.768
1184917,3294,3011,3095,0.0903,0.1884,1.1276,1.365,0.393,-0.774
1184927,3467,2950,2943,0.0903,0.1879,1.1269,1.254,0.393,-0.804
1184937,3294,3028,2856,0.0887,0.1889,1.1289,1.137,0.402,-0.807
1184947,3497,2921,2831,0.0886,0.1889,1.1296,1.013,0.438,-0.792
1184957,3302,3043,2855,0.0887,0.1882,1.1279,0.892,0.495,-0.773
1184967,3507,2954,3142,0.0885,0.1883,1.1273,0.743,0.512,-0.742
1184977,3273,3053,2955,0.0872,0.1902,1.1276,0.597,0.497,-0.688
1184987,3495,2975,2832,0.0862,0.1914,1.1277,0.458,0.456,-0.629
1184997,3314,3042,2837,0.0857,0.1913,1.1276,0.312,0.424,-0.604
1185007,3535,3050,2847,0.0859,0.1895,1.1268,0.154,0.372,-0.615
1185017,3315,3121,2839,0.0866,0.1874,1.1260,0.040,0.305,-0.617
1185027,3543,2947,2835,0.0867,0.1856,1.1258,0.025,0.237,-0.610
1185037,3323,3056,2877,0.0871,0.1842,1.1254,0.110,0.216,-0.604
1185047,3546,2979,2938,0.0876,0.1837,1.1262,0.258,0.181,-0.572
1185057,3334,3081,2961,0.0879,0.1842,1.1280,0.424,0.155,-0.527
1185067,3556,2995,2843,0.0871,0.1861,1.1279,0.573,0.143,-0.464
1185077,3388,3050,2846,0.0866,0.1868,1.1272,0.669,0.171,-0.394
1185087,3543,3010,2858,0.0866,0.1882,1.1273,0.645,0.192,-0.357
1185097,3368,3031,2890,0.0866,0.1898,1.1276,0.613,0.208,-0.298
1185107,3547,3049,2859,0.0862,0.1911,1.1280,0.559,0.210,-0.242
1185117,3418,3059,3083,0.0851,0.1909,1.1263,0.518,0.235,-0.238
1185127,3470,3040,3065,0.0839,0.1910,1.1264,0.471,0.192,-0.245
1185137,3402,3103,2851,0.0853,0.1910,1.1268,0.424,0.122,-0.270
1185147,3543,3041,2893,0.0852,0.1917,1.1274,0.413,0.081,-0.291
1185157,3391,3136,2865,0.0850,0.1915,1.1276,0.404,0.061,-0.308
1185167,3581,3049,3612,0.0845,0.1919,1.1260,0.375,0.042,-0.303
1185177,3410,3198,2979,0.0847,0.1915,1.1259,0.296,0.014,-0.300
1185187,3577,3086,2852,0.0852,0.1909,1.1251,0.193,-0.011,-0.299
1185197,3361,3193,2857,0.0857,0.1914,1.1250,0.100,-0.050,-0.285
1185207,3590,3114,3145,0.0859,0.1915,1.1239,0.041,-0.070,-0.268
1185217,3412,3209,2879,0.0853,0.1917,1.1237,0.014,-0.086,-0.265
1185227,3588,3123,2872,0.0856,0.1910,1.1252,-0.031,-0.102,-0.293
1185237,3410,3204,2942,0.0858,0.1910,1.1260,-0.123,-0.078,-0.302
1185247,3569,3165,3031,0.0851,0.1900,1.1270,-0.225,-0.040,-0.296
1185257,3441,3106,2875,0.0845,0.1889,1.1256,-0.309,0.023,-0.268
1185267,3608,3191,2884,0.0846,0.1886,1.1252,-0.298,0.024,-0.243
1185277,3391,3156,2910,0.0840,0.1876,1.1257,-0.230,-0.002,-0.218
1185287,3649,3216,2867,0.0839,0.1889,1.1263,-0.167,-0.024,-0.178
1185297,3402,3233,3116,0.0828,0.1891,1.1262,-0.130,-0.080,-0.139
1185307,3655,3187,2858,0.0818,0.1895,1.1260,-0.094,-0.118,-0.118
1185317,3524,3213,2873,0.0821,0.1895,1.1268,-0.091,-0.166,-0.087
1185327,3604,3289,2869,0.0824,0.1895,1.1267,-0.112,-0.213,-0.076
1185337,3462,3286,2865,0.0821,0.1893,1.1278,-0.142,-0.271,-0.070
1185347,3687,3187,3285,0.0823,0.1894,1.1274,-0.176,-0.308,-0.079
1185357,3462,3309,2877,0.0831,0.1887,1.1273,-0.176,-0.322,-0.094
1185367,3672,3297,2916,0.0830,0.1885,1.1269,-0.150,-0.332,-0.112
1185377,3443,3446,2875,0.0837,0.1890,1.1268,-0.120,-0.355,-0.096
1185387,3650,3352,2885,0.0841,0.1890,1.1264,-0.093,-0.389,-0.068
1185397,3493,3451,2873,0.0844,0.1892,1.1254,-0.078,-0.401,-0.060
1185407,3674,3410,2954,0.0846,0.1888,1.1259,-0.100,-0.379,-0.073
1185417,3486,3607,2931,0.0855,0.1874,1.1250,-0.130,-0.367,-0.107
1185427,3610,3636,3010,0.0855,0.1852,1.1241,-0.127,-0.321,-0.127
1185437,3472,3767,2955,0.0852,0.1847,1.1232,-0.006,-0.306,-0.149
1185447,3635,3678,3088,0.0848,0.1843,1.1248,0.156,-0.292,-0.144
1185457,3478,3861,3010,0.0845,0.1849,1.1261,0.324,-0.282,-0.100
1185467,3666,3822,2917,0.0841,0.1867,1.1263,0.466,-0.292,-0.042
1185477,3495,3988,2943,0.0846,0.1879,1.1260,0.561,-0.297,0.016
1185487,3705,3951,2878,0.0841,0.1894,1.1252,0.584,-0.303,0.073
1185497,3519,4063,2993,0.0835,0.1909,1.1243,0.558,-0.298,0.113
1185507,3696,4013,2891,0.0818,0.1897,1.1265,0.475,-0.299,0.144
1185517,3514,4083,3062,0.0825,0.1917,1.1234,0.277,-0.286,0.229
1185527,3714,4095,3009,0.0831,0.1949,1.1208,0.083,-0.273,0.322
1185537,3559,4095,3052,0.0836,0.1927,1.1272,-0.003,-0.531,0.280
1185547,3795,4095,2984,0.0840,0.1899,1.1273,0.041,-0.552,0.168
1185557,3528,4095,2886,0.0837,0.1900,1.1286,0.035,-0.534,0.146
1185567,3818,4095,2968,0.0827,0.1931,1.1278,-0.049,-0.523,0.207
1185577,3547,4095,3062,0.0821,0.1951,1.1281,-0.187,-0.516,0.249
1185587,3859,4095,2924,0.0823,0.1945,1.1261,-0.320,-0.525,0.240
1185597,3683,4095,3106,0.0827,0.1936,1.1271,-0.456,-0.581,0.217
1185607,3842,4095,3730,0.0836,0.1923,1.1278,-0.592,-0.620,0.179
1185617,3617,4095,2936,0.0843,0.1928,1.1262,-0.709,-0.574,0.126
1185627,3869,4095,2894,0.0850,0.1914,1.1260,-0.808,-0.495,0.067
1185637,3684,4095,2894,0.0854,0.1900,1.1257,-0.872,-0.429,0.014
1185647,3923,4095,2946,0.0853,0.1892,1.1253,-0.910,-0.341,-0.038
1185657,3731,4095,2919,0.0856,0.1877,1.1262,-0.899,-0.274,-0.069
1185667,3895,4095,2912,0.0857,0.1863,1.1281,-0.820,-0.206,-0.089
1185677,3743,4095,2933,0.0845,0.1863,1.1280,-0.708,-0.107,-0.063
1185687,3873,4095,2897,0.0832,0.1855,1.1284,-0.628,0.010,-0.023
1185697,3780,4095,2996,0.0828,0.1884,1.1272,-0.593,0.147,0.041
1185707,4049,4095,3077,0.0822,0.1887,1.1304,-0.549,0.115,0.034
1185717,3772,4095,2897,0.0819,0.1881,1.1292,-0.453,0.139,-0.036
1185727,3991,4095,2937,0.0824,0.1885,1.1298,-0.408,0.195,-0.099
1185737,3806,4095,2920,0.0827,0.1891,1.1299,-0.408,0.223,-0.114
1185747,4061,4095,3420,0.0829,0.1891,1.1296,-0.436,0.301,-0.128
1185757,3853,4095,3322,0.0828,0.1896,1.1282,-0.500,0.395,-0.159
1185767,4061,4095,2911,0.0824,0.1901,1.1276,-0.561,0.477,-0.207
1185777,3796,4095,2954,0.0818,0.1890,1.1288,-0.564,0.536,-0.264
1185787,4074,4095,2904,0.0819,0.1876,1.1287,-0.584,0.595,-0.307
1185797,3860,4095,3079,0.0822,0.1880,1.1290,-0.627,0.698,-0.327
1185807,4080,4095,2927,0.0825,0.1883,1.1294,-0.694,0.784,-0.340
1185817,3816,4095,2971,0.0823,0.1882,1.1283,-0.721,0.886,-0.347
1185827,4095,4095,3023,0.0818,0.1874,1.1271,-0.720,0.974,-0.323
1185837,3807,4095,3003,0.0812,0.1867,1.1262,-0.713,1.007,-0.305
1185847,4064,4095,2962,0.0803,0.1860,1.1262,-0.684,1.017,-0.291
1185857,3828,4095,3194,0.0801,0.1860,1.1264,-0.644,1.011,-0.291
1185867,4095,4095,2937,0.0805,0.1851,1.1266,-0.600,0.986,-0.291
1185877,3891,4095,2979,0.0790,0.1853,1.1263,-0.579,1.002,-0.271
1185887,4095,4095,2908,0.0784,0.1863,1.1268,-0.601,0.990,-0.239
1185897,3865,4095,2982,0.0780,0.1870,1.1256,-0.631,0.939,-0.218
1185907,4095,4095,2917,0.0776,0.1866,1.1245,-0.652,0.868,-0.224
1185917,3856,4095,2998,0.0777,0.1858,1.1254,-0.677,0.786,-0.233
1185927,4095,4095,3058,0.0768,0.1851,1.1244,-0.658,0.726,-0.241
1185937,3856,4095,2981,0.0770,0.1844,1.1251,-0.608,0.647,-0.237
1185947,4095,4095,2949,0.0762,0.1844,1.1252,-0.520,0.574,-0.205
1185957,3862,4095,2916,0.0762,0.1844,1.1257,-0.398,0.510,-0.169
1185967,4073,4077,2926,0.0767,0.1835,1.1270,-0.267,0.429,-0.149
1185977,3873,4095,2933,0.0765,0.1838,1.1272,-0.123,0.342,-0.129
1185987,4093,4095,2971,0.0760,0.1850,1.1272,0.046,0.283,-0.073
1185997,3898,4095,3169,0.0750,0.1857,1.1270,0.187,0.250,-0.008
1186007,4095,4025,3073,0.0756,0.1875,1.1270,0.315,0.199,0.044
1186017,3870,4058,2931,0.0752,0.1890,1.1264,0.392,0.105,0.085
1186027,4095,3990,2960,0.0751,0.1904,1.1268,0.394,0.019,0.092
1186037,3857,4047,2930,0.0756,0.1906,1.1259,0.316,-0.076,0.086
1186047,4055,3906,2943,0.0762,0.1899,1.1264,0.189,-0.170,0.073
1186057,3823,3945,3009,0.0763,0.1889,1.1261,0.082,-0.244,0.057
1186067,4057,3794,2947,0.0762,0.1880,1.1266,0.005,-0.303,0.007
1186077,3828,3916,3113,0.0765,0.1866,1.1262,-0.024,-0.363,-0.028
1186087,4051,3686,3537,0.0765,0.1858,1.1253,-0.034,-0.427,-0.030
1186097,3844,3777,3037,0.0764,0.1866,1.1263,-0.014,-0.457,-0.008
1186107,3995,3660,3000,0.0770,0.1857,1.1287,0.052,-0.469,0.011
1186117,3796,3770,2999,0.0771,0.1845,1.1288,0.112,-0.454,0.019
1186127,4030,3557,2952,0.0773,0.1846,1.1295,0.152,-0.430,0.046
1186137,3801,3614,2948,0.0770,0.1854,1.1295,0.218,-0.441,0.088
1186147,3999,3488,2933,0.0776,0.1864,1.1283,0.330,-0.476,0.118
1186157,3754,3568,2939,0.0775,0.1871,1.1273,0.445,-0.458,0.137
1186167,4015,3390,3032,0.0776,0.1881,1.1269,0.521,-0.419,0.170
1186177,3802,3455,2999,0.0779,0.1902,1.1261,0.567,-0.350,0.196
1186187,4006,3283,3405,0.0771,0.1910,1.1261,0.578,-0.249,0.161
1186197,3775,3352,2960,0.0763,0.1898,1.1259,0.540,-0.148,0.101
1186207,3971,3240,2946,0.0753,0.1894,1.1261,0.480,-0.057,0.042
1186217,3722,3296,2934,0.0765,0.1887,1.1277,0.409,-0.076,0.003
1186227,3929,3177,2947,0.0766,0.1867,1.1275,0.354,-0.089,-0.019
1186237,3669,3248,2936,0.0763,0.1863,1.1285,0.294,-0.118,-0.002
1186247,3927,3078,2965,0.0768,0.1869,1.1285,0.259,-0.106,0.060
1186257,3724,3146,2943,0.0767,0.1881,1.1281,0.254,-0.089,0.127
1186267,3970,3024,3109,0.0758,0.1884,1.1274,0.291,-0.083,0.164
1186277,3659,3101,3242,0.0759,0.1893,1.1263,0.356,-0.087,0.149
1186287,3890,2952,3006,0.0754,0.1902,1.1286,0.412,-0.133,0.106
1186297,3648,2989,2947,0.0752,0.1893,1.1286,0.457,-0.161,0.046
1186307,3843,2894,3192,0.0751,0.1884,1.1303,0.478,-0.166,-0.008
1186317,3615,2943,2982,0.0751,0.1883,1.1308,0.473,-0.131,-0.025
1186327,3801,2823,3054,0.0761,0.1878,1.1302,0.513,-0.077,-0.026
1186337,3611,2874,2981,0.0759,0.1880,1.1291,0.582,0.012,-0.018
1186347,3762,2738,3573,0.0757,0.1879,1.1295,0.661,0.030,-0.016
1186357,3502,2824,2968,0.0753,0.1899,1.1293,0.729,0.057,-0.018
1186367,3698,2671,3004,0.0754,0.1917,1.1275,0.750,0.067,-0.026
1186377,3511,2758,3017,0.0752,0.1925,1.1280,0.717,0.057,-0.046
1186387,3680,2666,3030,0.0755,0.1934,1.1280,0.664,0.048,-0.075
1186397,3440,2722,2951,0.0753,0.1931,1.1277,0.615,0.105,-0.136
1186407,3646,2593,2955,0.0748,0.1923,1.1280,0.549,0.109,-0.209
1186417,3434,2630,2992,0.0749,0.1907,1.1260,0.515,0.152,-0.275
1186427,3644,2489,3706,0.0747,0.1885,1.1276,0.489,0.155,-0.327
1186437,3432,2569,3006,0.0752,0.1880,1.1268,0.460,0.163,-0.351
1186447,3614,2459,2985,0.0756,0.1886,1.1275,0.497,0.148,-0.334
1186457,3433,2509,3082,0.0757,0.1883,1.1271,0.622,0.137,-0.341
1186467,3549,2414,2953,0.0764,0.1889,1.1275,0.738,0.148,-0.380
1186477,3396,2439,3124,0.0774,0.1913,1.1273,0.789,0.194,-0.425
1186487,3565,2332,3087,0.0770,0.1920,1.1287,0.815,0.256,-0.509
1186497,3355,2411,3014,0.0759,0.1903,1.1256,0.818,0.392,-0.624
1186507,3531,2306,2976,0.0754,0.1868,1.1249,0.808,0.487,-0.706
1186517,3338,2311,3236,0.0750,0.1850,1.1245,0.853,0.533,-0.692
1186527,3496,2226,3306,0.0753,0.1836,1.1255,1.027,0.597,-0.630
1186537,3314,2281,3145,0.0740,0.1825,1.1247,1.364,0.637,-0.554
1186547,3478,2181,3077,0.0784,0.1834,1.1182,1.739,0.661,-0.454
1186557,3318,2238,3126,0.0760,0.1898,1.1171,2.151,0.563,-0.368
1186567,3448,2134,3133,0.0749,0.1919,1.1319,2.396,-0.105,-0.388
1186577,3303,2135,3001,0.0726,0.1922,1.1222,2.687,0.034,-0.399
1186587,3446,2059,3027,0.0713,0.1937,1.1238,2.825,0.275,-0.315
1186597,3279,2127,3477,0.0705,0.1958,1.1238,2.879,0.097,-0.186
1186607,3455,2006,3017,0.0700,0.1969,1.1198,3.005,0.141,-0.097
1186617,3266,2064,3479,0.0699,0.1983,1.1242,2.974,-0.206,-0.063
1186627,3368,1969,3043,0.0696,0.1993,1.1274,2.847,-0.431,-0.043
1186637,3249,1997,2973,0.0689,0.1997,1.1268,2.689,-0.473,-0.004
1186647,3369,1959,3034,0.0687,0.1985,1.1281,2.618,-0.465,0.064
1186657,3245,1969,3161,0.0690,0.1983,1.1275,2.586,-0.503,0.167
1186667,3384,1955,3075,0.0693,0.1994,1.1253,2.534,-0.450,0.274
1186677,3243,1953,3178,0.0697,0.2013,1.1257,2.394,-0.499,0.350
1186687,3380,2019,3156,0.0690,0.2026,1.1246,2.254,-0.487,0.391
1186697,3228,1971,3410,0.0693,0.2045,1.1258,2.075,-0.526,0.405
1186707,3348,2041,2968,0.0700,0.2059,1.1240,1.867,-0.520,0.391
1186717,3218,2001,2981,0.0712,0.2070,1.1241,1.656,-0.489,0.352
1186727,3334,2077,3075,0.0708,0.2069,1.1241,1.422,-0.464,0.315
1186737,3207,2064,3203,0.0704,0.2069,1.1246,1.204,-0.433,0.275
1186747,3293,2122,3025,0.0708,0.2048,1.1252,0.987,-0.451,0.215
1186757,3201,2148,3061,0.0716,0.2037,1.1249,0.816,-0.417,0.160
1186767,3315,2247,3473,0.0714,0.2046,1.1242,0.675,-0.397,0.126
1186777,3205,2199,3003,0.0714,0.