3092927,1797,1885,1852,0.1218,0.0235,1.1446,-0.706,-0.763,-0.286
3092937,1803,1931,1844,0.1220,0.0234,1.1443,-0.841,-0.775,-0.270
3092947,1795,1887,1840,0.1217,0.0234,1.1425,-0.881,-0.702,-0.284
3092957,1791,1888,1840,0.1212,0.0235,1.1432,-0.965,-0.692,-0.268
3092967,1795,1885,1887,0.1222,0.0240,1.1431,-1.003,-0.657,-0.194
3092977,1798,1897,1853,0.1223,0.0254,1.1429,-0.838,-0.516,-0.154
3092987,1800,1893,1844,0.1221,0.0267,1.1426,-0.649,-0.420,-0.099
3092997,1806,1918,1881,0.1223,0.0275,1.1429,-0.436,-0.356,-0.093
3093007,1793,1908,1839,0.1223,0.0277,1.1412,-0.400,-0.281,-0.093
3093017,1799,1921,1973,0.1215,0.0275,1.1425,-0.610,-0.344,-0.078
3093027,1798,1887,1901,0.1213,0.0261,1.1426,-1.043,-0.525,-0.047
3093037,1791,1913,1941,0.1200,0.0235,1.1415,-1.447,-0.596,-0.032
3093047,1798,1891,2070,0.1211,0.0214,1.1411,-1.798,-0.649,0.012
3093057,1802,1903,1931,0.1211,0.0199,1.1420,-2.020,-0.726,0.013
3093067,1794,1885,1840,0.1208,0.0185,1.1427,-2.009,-0.696,-0.028
3093077,1800,1907,1993,0.1214,0.0185,1.1417,-1.727,-0.627,-0.014
3093087,1805,1885,1904,0.1205,0.0199,1.1411,-1.341,-0.553,0.019
3093097,1798,1891,1875,0.1205,0.0215,1.1435,-0.911,-0.473,0.066
3093107,1797,1887,1850,0.1213,0.0236,1.1433,-0.537,-0.421,0.177
3093117,1800,1896,1900,0.1218,0.0252,1.1430,-0.314,-0.386,0.216
3093127,1802,1888,1952,0.1216,0.0259,1.1425,-0.311,-0.396,0.162
3093137,1808,1934,1905,0.1211,0.0269,1.1436,-0.523,-0.484,0.152
3093147,1797,1881,1871,0.1204,0.0261,1.1425,-0.805,-0.538,0.126
3093157,1805,1927,1905,0.1203,0.0241,1.1426,-1.084,-0.645,0.040
3093167,1799,1885,1844,0.1196,0.0222,1.1428,-1.318,-0.782,-0.100
3093177,1792,1911,1907,0.1190,0.0202,1.1416,-1.420,-0.851,-0.175
3093187,1805,1887,2146,0.1196,0.0196,1.1418,-1.442,-0.893,-0.120
3093197,1794,1885,1875,0.1203,0.0177,1.1422,-1.331,-0.878,-0.106
3093207,1795,1883,1861,0.1208,0.0175,1.1409,-1.146,-0.823,-0.074
3093217,1803,1909,2052,0.1209,0.0184,1.1406,-0.908,-0.743,-0.060
3093227,1793,1894,1877,0.1206,0.0199,1.1408,-0.661,-0.658,-0.098
3093237,1799,1891,1863,0.1194,0.0205,1.1413,-0.410,-0.596,-0.132
3093247,1794,1886,1851,0.1196,0.0217,1.1415,-0.199,-0.501,-0.066
3093257,1799,1892,1850,0.1186,0.0233,1.1419,-0.109,-0.478,-0.031
3093267,1796,1887,1972,0.1182,0.0241,1.1424,-0.132,-0.594,-0.100
3093277,1796,1898,1847,0.1185,0.0242,1.1407,-0.233,-0.662,-0.103
3093287,1795,1885,2079,0.1195,0.0253,1.1396,-0.372,-0.686,-0.018
3093297,1805,1916,2036,0.1189,0.0250,1.1399,-0.551,-0.715,-0.053
3093307,1806,1887,1856,0.1203,0.0243,1.1421,-0.818,-0.855,-0.072
3093317,1793,1886,1840,0.1211,0.0222,1.1407,-0.997,-0.859,-0.126
3093327,1805,1919,1972,0.1209,0.0213,1.1390,-1.001,-0.780,-0.184
3093337,1802,1903,1841,0.1209,0.0219,1.1405,-0.911,-0.773,-0.114
3093347,1799,1888,1864,0.1197,0.0228,1.1406,-0.675,-0.656,-0.032
3093357,1808,1947,2385,0.1200,0.0241,1.1401,-0.409,-0.550,0.035
3093367,1805,1887,1854,0.1201,0.0251,1.1402,-0.254,-0.532,0.059
3093377,1805,1909,1849,0.1207,0.0259,1.1419,-0.277,-0.569,0.057
3093387,1800,1888,1853,0.1204,0.0256,1.1429,-0.430,-0.629,0.039
3093397,1807,1911,1847,0.1198,0.0255,1.1423,-0.612,-0.646,-0.001
3093407,1800,1888,1856,0.1193,0.0243,1.1417,-0.823,-0.692,-0.100
3093417,1810,1940,1964,0.1186,0.0227,1.1423,-0.964,-0.756,-0.203
3093427,1797,1887,1845,0.1191,0.0223,1.1413,-1.028,-0.789,-0.216
3093437,1807,1911,1963,0.1195,0.0220,1.1412,-0.988,-0.798,-0.196
3093447,1797,1886,1857,0.1191,0.0226,1.1419,-0.833,-0.765,-0.174
3093457,1801,1928,1974,0.1200,0.0233,1.1424,-0.652,-0.701,-0.130
3093467,1796,1888,1905,0.1199,0.0232,1.1427,-0.551,-0.643,-0.092
3093477,1805,1904,1858,0.1193,0.0234,1.1437,-0.545,-0.637,-0.043
3093487,1797,1893,1931,0.1193,0.0247,1.1428,-0.580,-0.570,0.026
3093497,1799,1901,2032,0.1193,0.0248,1.1413,-0.634,-0.451,0.033
3093507,1797,1882,1855,0.1192,0.0245,1.1396,-0.746,-0.374,0.031
3093517,1802,1898,2035,0.1189,0.0240,1.1412,-0.892,-0.302,0.032
3093527,1805,1886,1906,0.1186,0.0245,1.1440,-1.064,-0.236,0.008
3093537,1804,1922,1990,0.1182,0.0246,1.1432,-1.161,-0.083,-0.064
3093547,1795,1886,1842,0.1185,0.0235,1.1429,-1.235,0.061,-0.146
3093557,1809,1915,1886,0.1188,0.0227,1.1444,-1.297,0.106,-0.219
3093567,1795,1887,1903,0.1177,0.0239,1.1446,-1.339,0.136,-0.257
3093577,1803,1904,1847,0.1174,0.0229,1.1423,-1.259,0.273,-0.242
3093587,1805,1889,1839,0.1176,0.0212,1.1432,-1.220,0.347,-0.278
3093597,1801,1887,1864,0.1175,0.0198,1.1433,-1.265,0.313,-0.343
3093607,1798,1884,1851,0.1181,0.0192,1.1433,-1.283,0.351,-0.244
3093617,1801,1889,1841,0.1185,0.0212,1.1432,-1.146,0.481,-0.029
3093627,1807,1886,1934,0.1178,0.0238,1.1426,-0.825,0.645,0.167
3093637,1806,1904,2244,0.1175,0.0256,1.1433,-0.391,0.781,0.265
3093647,1801,1885,1922,0.1169,0.0257,1.1435,-0.069,0.854,0.266
3093657,1806,1910,1876,0.1160,0.0268,1.1439,0.051,0.901,0.239
3093667,1801,1885,1854,0.1154,0.0276,1.1443,-0.092,0.914,0.235
3093677,1808,1921,1869,0.1142,0.0259,1.1443,-0.445,0.860,0.119
3093687,1801,1889,1843,0.1127,0.0232,1.1428,-0.844,0.795,-0.039
3093697,1800,1897,2009,0.1139,0.0212,1.1443,-1.228,0.683,-0.044
3093707,1795,1889,1855,0.1134,0.0194,1.1437,-1.511,0.544,-0.057
3093717,1805,1899,1933,0.1129,0.0172,1.1425,-1.586,0.480,-0.148
3093727,1798,1892,1839,0.1126,0.0178,1.1431,-1.499,0.410,-0.120
3093737,1804,1907,1877,0.1120,0.0172,1.1432,-1.289,0.375,-0.049
3093747,1801,1887,1861,0.1116,0.0172,1.1419,-0.994,0.351,-0.067
3093757,1805,1902,1839,0.1122,0.0170,1.1421,-0.768,0.258,-0.046
3093767,1808,1891,1925,0.1130,0.0178,1.1417,-0.639,0.183,0.036
3093777,1807,1908,1839,0.1133,0.0188,1.1398,-0.513,0.222,0.112
3093787,1804,1883,1887,0.1129,0.0209,1.1390,-0.420,0.303,0.172
3093797,1809,1912,1852,0.1121,0.0224,1.1396,-0.395,0.303,0.148
3093807,1806,1892,1857,0.1108,0.0240,1.1401,-0.374,0.272,0.039
3093817,1809,1926,1850,0.1102,0.0234,1.1401,-0.346,0.236,-0.107
3093827,1804,1885,2156,0.1107,0.0241,1.1420,-0.382,0.115,-0.180
3093837,1802,1899,1843,0.1098,0.0243,1.1433,-0.467,0.024,-0.228
3093847,1797,1908,1840,0.1089,0.0244,1.1439,-0.501,-0.021,-0.273
3093857,1810,1909,2074,0.1094,0.0240,1.1420,-0.531,-0.059,-0.286
3093867,1799,1893,1862,0.1085,0.0230,1.1423,-0.578,-0.155,-0.369
3093877,1807,1926,1896,0.1079,0.0224,1.1416,-0.626,-0.327,-0.445
3093887,1808,1899,1968,0.1090,0.0229,1.1426,-0.684,-0.493,-0.344
3093897,1811,1901,1904,0.1093,0.0234,1.1410,-0.670,-0.586,-0.227
3093907,1805,1885,1839,0.1092,0.0230,1.1410,-0.605,-0.653,-0.189
3093917,1804,1917,2012,0.1094,0.0235,1.1420,-0.524,-0.767,-0.101
3093927,1803,1887,1867,0.1093,0.0243,1.1407,-0.406,-0.807,-0.063
3093937,1809,1918,2064,0.1092,0.0254,1.1407,-0.303,-0.825,-0.087
3093947,1805,1886,1869,0.1102,0.0251,1.1401,-0.351,-0.892,-0.171
3093957,1807,1914,1866,0.1100,0.0244,1.1409,-0.525,-1.013,-0.274
3093967,1808,1887,1840,0.1107,0.0240,1.1423,-0.754,-1.091,-0.252
3093977,1804,1899,1838,0.1105,0.0244,1.1443,-0.906,-1.156,-0.255
3093987,1805,1891,1842,0.1101,0.0234,1.1420,-0.936,-1.184,-0.317
3093997,1806,1915,1870,0.1109,0.0229,1.1438,-0.990,-1.261,-0.285
3094007,1802,1890,1901,0.1106,0.0210,1.1441,-1.020,-1.336,-0.311
3094017,1797,1910,1840,0.1106,0.0205,1.1426,-0.992,-1.366,-0.314
3094027,1809,1886,1975,0.1105,0.0209,1.1427,-0.994,-1.360,-0.240
3094037,1807,1905,1935,0.1104,0.0218,1.1409,-0.984,-1.311,-0.195
3094047,1809,1885,1875,0.1099,0.0219,1.1407,-0.971,-1.238,-0.178
3094057,1816,1917,1851,0.1105,0.0221,1.1416,-0.978,-1.174,-0.194
3094067,1807,1887,2040,0.1118,0.0228,1.1417,-1.037,-1.137,-0.221
3094077,1810,1907,1851,0.1119,0.0232,1.1410,-1.082,-1.068,-0.229
3094087,1806,1894,1933,0.1114,0.0240,1.1406,-1.145,-1.000,-0.213
3094097,1810,1896,1910,0.1115,0.0235,1.1402,-1.245,-0.969,-0.195
3094107,1802,1887,2012,0.1113,0.0236,1.1415,-1.305,-0.907,-0.164
3094117,1809,1908,1948,0.1112,0.0224,1.1426,-1.351,-0.846,-0.153
3094127,1806,1891,1839,0.1113,0.0217,1.1428,-1.394,-0.771,-0.153
3094137,1808,1903,1849,0.1106,0.0222,1.1427,-1.401,-0.677,-0.152
3094147,1801,1892,2031,0.1099,0.0223,1.1421,-1.374,-0.610,-0.122
3094157,1811,1917,1859,0.1096,0.0224,1.1424,-1.312,-0.606,-0.096
3094167,1814,1884,1906,0.1101,0.0232,1.1429,-1.216,-0.603,-0.071
3094177,1807,1888,1887,0.1107,0.0238,1.1427,-1.207,-0.644,-0.033
3094187,1801,1890,1934,0.1114,0.0239,1.1438,-1.337,-0.707,0.026
3094197,1808,1900,1836,0.1109,0.0246,1.1431,-1.436,-0.695,0.026
3094207,1807,1885,1891,0.1100,0.0240,1.1423,-1.475,-0.627,0.007
3094217,1801,1923,2033,0.1097,0.0226,1.1424,-1.506,-0.596,-0.039
3094227,1806,1887,1838,0.1098,0.0221,1.1415,-1.464,-0.566,-0.056
3094237,1814,1922,1852,0.1100,0.0216,1.1413,-1.448,-0.565,-0.069
3094247,1820,1891,2060,0.1101,0.0219,1.1428,-1.446,-0.575,-0.094
3094257,1811,1914,2072,0.1098,0.0221,1.1443,-1.467,-0.601,-0.101
3094267,1805,1886,1946,0.1091,0.0218,1.1419,-1.496,-0.552,-0.150
3094277,1820,1896,1850,0.1096,0.0211,1.1414,-1.633,-0.566,-0.210
3094287,1807,1880,2360,0.1087,0.0202,1.1425,-1.858,-0.605,-0.268
3094297,1811,1902,1956,0.1089,0.0210,1.1424,-2.087,-0.604,-0.291
3094307,1812,1885,1839,0.1110,0.0191,1.1423,-2.328,-0.620,-0.326
3094317,1815,1906,1844,0.1109,0.0188,1.1422,-2.292,-0.582,-0.331
3094327,1807,1887,1983,0.1100,0.0180,1.1417,-2.112,-0.418,-0.311
3094337,1823,1939,2048,0.1092,0.0176,1.1403,-1.853,-0.225,-0.352
3094347,1808,1885,1872,0.1094,0.0190,1.1414,-1.567,-0.012,-0.228
3094357,1808,1895,1842,0.1082,0.0189,1.1432,-1.495,0.084,-0.088
3094367,1809,1886,1929,0.1073,0.0195,1.1426,-1.384,0.264,-0.034
3094377,1808,1913,1841,0.1076,0.0198,1.1426,-1.332,0.439,0.053
3094387,1800,1898,1838,0.1071,0.0197,1.1441,-1.379,0.526,0.052
3094397,1825,1910,1841,0.1080,0.0200,1.1454,-1.458,0.594,0.062
3094407,1796,1887,1840,0.1076,0.0211,1.1469,-1.569,0.680,0.098
3094417,1811,1911,1845,0.1080,0.0226,1.1482,-1.681,0.832,0.156
3094427,1807,1888,1847,0.1066,0.0218,1.1491,-1.779,1.039,0.128
3094437,1825,1920,1856,0.1062,0.0208,1.1478,-1.999,1.183,0.116
3094447,1792,1889,1858,0.1100,0.0165,1.1483,-2.398,1.237,0.135
3094457,1818,1913,1858,0.1087,0.0200,1.1567,-3.011,1.140,0.522
3094467,1804,1889,1843,0.1068,0.0218,1.1534,-4.145,1.288,0.927
3094477,1807,1899,1926,0.1083,0.0232,1.1553,-5.596,1.364,1.210
3094487,1803,1893,1837,0.1094,0.0240,1.1527,-6.840,1.621,1.471
3094497,1807,1938,1852,0.1091,0.0214,1.1545,-8.059,1.928,1.824
3094507,1795,1888,1843,0.1088,0.0138,1.1525,-9.207,2.142,2.076
3094517,1808,1893,1839,0.1089,0.0106,1.1489,-9.860,2.542,2.610
3094527,1798,1890,1838,0.1082,0.0051,1.1563,-10.713,2.632,3.303
3094537,1798,1915,1838,0.1087,-0.0015,1.1574,-11.457,2.745,3.934
3094547,1806,1901,1839,0.1112,-0.0046,1.1564,-11.708,3.115,4.690
3094557,1804,1927,1839,0.1144,-0.0096,1.1654,-12.182,3.249,5.613
3094567,1823,1885,1840,0.1182,-0.0139,1.1682,-12.764,3.699,6.635
3094577,1810,1933,1849,0.1288,-0.0137,1.1791,-13.413,4.497,7.960
3094587,1829,1888,1842,0.1264,-0.0136,1.1916,-14.676,5.156,9.688
3094597,1784,1923,1842,0.1226,-0.0170,1.1734,-15.804,7.101,11.205
3094607,1775,1906,1839,0.1203,-0.0079,1.1740,-17.535,8.640,12.988
3094617,1831,1905,1850,0.1163,-0.0069,1.1732,-20.090,9.622,14.456
3094627,1832,1903,1840,0.1156,-0.0056,1.1674,-22.149,10.922,15.818
3094637,1782,1946,1849,0.1163,-0.0152,1.1723,-24.832,11.848,16.935
3094647,1804,1906,1841,0.1151,-0.0222,1.1737,-27.579,12.767,17.995
3094657,1791,1892,1840,0.1110,-0.0316,1.1710,-30.244,14.074,19.205
3094667,1809,1916,1840,0.1049,-0.0404,1.1749,-33.020,15.176,20.387
3094677,1782,1913,1853,0.1022,-0.0458,1.1813,-35.714,16.199,21.804
3094687,1776,1900,1839,0.0997,-0.0537,1.1857,-38.225,17.404,23.249
3094697,1794,1898,1842,0.0994,-0.0567,1.1921,-40.825,18.584,24.496
3094707,1811,1893,1842,0.0977,-0.0668,1.1934,-43.377,19.961,25.392
3094717,1826,1929,1870,0.0957,-0.0803,1.1993,-46.004,21.302,25.859
3094727,1801,1889,1840,0.0928,-0.0982,1.2025,-48.817,22.618,25.771
3094737,1846,1960,1845,0.0836,-0.1189,1.2039,-51.573,23.915,25.244
3094747,1797,1926,1843,0.0731,-0.1375,1.2096,-54.438,25.261,25.210
3094757,1813,1927,1845,0.0654,-0.1552,1.2195,-57.305,26.682,25.731
3094767,1797,1888,1844,0.0598,-0.1724,1.2307,-60.318,28.357,26.788
3094777,1803,1894,1840,0.0579,-0.1894,1.2387,-63.001,30.415,28.105
3094787,1816,1948,1840,0.0564,-0.2086,1.2485,-65.334,32.554,29.335
3094797,1819,1925,1857,0.0518,-0.2315,1.2510,-67.005,34.700,30.207
3094807,1818,1883,1840,0.0463,-0.2520,1.2531,-68.225,36.858,31.275
3094817,1788,1888,1842,0.0392,-0.2657,1.2508,-69.009,38.974,33.069
3094827,1840,1983,1849,0.0321,-0.2746,1.2546,-69.666,40.873,35.186
3094837,1794,1887,1846,0.0255,-0.2824,1.2562,-70.400,42.528,37.324
3094847,1807,1897,1845,0.0177,-0.2905,1.2539,-71.350,44.316,39.349
3094857,2064,1978,1843,0.0088,-0.3041,1.2544,-72.929,45.780,41.070
3094867,1789,1972,1842,0.0014,-0.3192,1.2518,-74.974,47.362,42.892
3094877,1838,1965,1856,-0.0060,-0.3317,1.2487,-77.525,48.982,45.167
3094887,1854,1886,1851,-0.0142,-0.3436,1.2396,-80.368,50.634,47.715
3094897,1794,1977,1862,-0.0244,-0.3560,1.2302,-83.280,52.234,50.175
3094907,1820,1918,1845,-0.0350,-0.3694,1.2217,-85.982,53.712,52.540
3094917,1812,1893,1845,-0.0443,-0.3833,1.2097,-88.300,55.194,54.918
3094927,1827,2004,1858,-0.0541,-0.3973,1.1979,-89.986,56.663,57.121
3094937,1784,1906,1862,-0.0661,-0.4121,1.1881,-91.152,58.125,59.208
3094947,1805,1915,1841,-0.0740,-0.4247,1.1765,-91.822,59.632,61.535
3094957,1807,1939,1854,-0.0820,-0.4352,1.1663,-92.036,61.216,63.998
3094967,1808,1902,1852,-0.0901,-0.4439,1.1533,-91.866,62.889,66.421
3094977,1851,1906,1868,-0.0980,-0.4518,1.1387,-91.287,64.540,68.758
3094987,1805,1925,1841,-0.1077,-0.4588,1.1233,-90.404,66.103,70.881
3094997,1880,2001,1868,-0.1183,-0.4658,1.1054,-89.147,67.770,72.767
3095007,1791,1888,1844,-0.1214,-0.4748,1.0883,-87.723,69.534,74.705
3095017,1810,1904,1879,-0.1282,-0.4901,1.0732,-86.331,70.938,76.025
3095027,1854,1887,1841,-0.1394,-0.5090,1.0513,-84.765,72.148,76.809
3095037,1869,1923,1843,-0.1502,-0.5242,1.0290,-82.798,73.415,78.451
3095047,1810,1924,1848,-0.1641,-0.5330,1.0071,-80.575,74.659,81.118
3095057,1783,1926,1854,-0.1790,-0.5387,0.9841,-77.909,75.746,84.041
3095067,1788,1883,1842,-0.1962,-0.5401,0.9613,-74.867,76.717,87.048
3095077,1900,1946,1866,-0.2121,-0.5394,0.9383,-71.573,77.428,89.992
3095087,1826,1908,1842,-0.2324,-0.5393,0.9150,-68.158,77.842,92.541
3095097,1851,1892,1850,-0.2525,-0.5390,0.8908,-64.636,77.989,94.802
3095107,1782,1888,1843,-0.2733,-0.5360,0.8704,-61.158,77.897,97.112
3095117,1843,1886,1865,-0.2945,-0.5306,0.8494,-57.811,77.498,99.378
3095127,1806,1967,1848,-0.3172,-0.5208,0.8315,-54.425,76.900,101.656
3095137,1868,1957,1868,-0.3385,-0.5049,0.8152,-51.047,76.263,104.126
3095147,1788,1920,1843,-0.3545,-0.4876,0.8007,-47.838,75.481,106.508
3095157,1805,1897,1858,-0.3723,-0.4696,0.7890,-44.958,74.489,108.454
3095167,1793,1896,1842,-0.3907,-0.4507,0.7807,-42.455,73.458,110.083
3095177,1816,1952,1845,-0.4104,-0.4282,0.7732,-40.536,72.530,111.561
3095187,1805,1887,1841,-0.4313,-0.4061,0.7622,-39.302,71.666,112.641
3095197,1810,1896,1868,-0.4515,-0.3869,0.7512,-38.682,70.765,113.299
3095207,1809,1930,1845,-0.4703,-0.3696,0.7389,-38.734,69.645,113.654
3095217,1892,1896,1865,-0.4913,-0.3552,0.7274,-39.152,68.249,113.657
3095227,1818,1934,1840,-0.5086,-0.3420,0.7206,-40.100,66.525,113.768
3095237,1777,1922,1855,-0.5254,-0.3291,0.7133,-41.708,64.659,114.071
3095247,1795,1888,1855,-0.5410,-0.3183,0.7021,-43.971,62.832,114.473
3095257,1793,1887,1848,-0.5579,-0.3055,0.6844,-46.838,61.026,115.084
3095267,1780,1891,1856,-0.5741,-0.2902,0.6719,-50.212,59.000,115.903
3095277,1807,1891,1857,-0.5884,-0.2805,0.6622,-54.191,56.656,116.521
3095287,1835,1898,1843,-0.6040,-0.2776,0.6493,-58.726,53.957,116.552
3095297,1824,2003,1846,-0.6199,-0.2790,0.6363,-63.694,50.934,116.493
3095307,1793,1918,1842,-0.6336,-0.2799,0.6169,-68.951,47.878,117.266
3095317,1897,1885,1880,-0.6474,-0.2752,0.5993,-74.386,44.682,119.089
3095327,1790,1905,1851,-0.6578,-0.2710,0.5802,-80.204,41.051,121.549
3095337,2111,1931,1858,-0.6716,-0.2689,0.5535,-86.302,36.974,123.950
3095347,1791,1889,1849,-0.6847,-0.2658,0.5227,-92.439,32.304,126.398
3095357,1802,1886,1849,-0.6969,-0.2579,0.5023,-98.386,26.799,129.098
3095367,2019,1917,1853,-0.7075,-0.2446,0.4917,-103.778,20.442,131.627
3095377,2262,1955,1875,-0.7158,-0.2318,0.4894,-107.984,13.769,133.515
3095387,1800,1925,1886,-0.7225,-0.2210,0.4857,-110.564,7.393,134.528
3095397,2040,1905,1884,-0.7264,-0.2156,0.4826,-111.065,1.358,134.432
3095407,1777,1951,1848,-0.7274,-0.2204,0.4806,-109.569,-4.386,133.402
3095417,1792,1946,1881,-0.7303,-0.2257,0.4828,-105.993,-9.730,131.833
3095427,1785,1884,1842,-0.7345,-0.2276,0.4885,-100.390,-14.562,130.442
3095437,1801,1884,1859,-0.7388,-0.2226,0.4952,-92.885,-18.655,129.362
3095447,1997,1911,1847,-0.7427,-0.2092,0.5113,-83.927,-22.078,128.435
3095457,1798,1902,1861,-0.7432,-0.1938,0.5238,-74.078,-24.768,127.418
3095467,1967,1908,1844,-0.7486,-0.1753,0.5246,-63.779,-26.603,126.108
3095477,1867,1898,1850,-0.7527,-0.1538,0.5359,-53.895,-28.276,124.532
3095487,1777,1896,1891,-0.7593,-0.1305,0.5485,-44.553,-29.909,122.775
3095497,1785,1894,1886,-0.7694,-0.1069,0.5490,-35.428,-30.835,120.960
3095507,1800,2006,1842,-0.7738,-0.0783,0.5557,-27.506,-31.531,119.641
3095517,1818,1889,1853,-0.7762,-0.0484,0.5747,-21.069,-32.710,118.346
3095527,1826,1966,1844,-0.7828,-0.0233,0.5874,-15.966,-33.766,116.449
3095537,1801,1896,1847,-0.7882,0.0074,0.6005,-12.178,-34.659,114.698
3095547,1866,1896,1848,-0.7893,0.0425,0.6187,-10.031,-35.513,113.743
3095557,1832,1904,1885,-0.7905,0.0777,0.6334,-9.186,-36.396,112.765
3095567,2258,1942,1847,-0.7951,0.1141,0.6533,-9.537,-37.460,111.338
3095577,1809,1915,1936,-0.7989,0.1458,0.6651,-10.920,-38.430,109.448
3095587,1789,1916,1874,-0.8000,0.1715,0.6753,-12.764,-39.333,107.075
3095597,2009,1896,1843,-0.8020,0.1947,0.6939,-15.180,-40.549,104.376
3095607,1791,1893,1874,-0.7964,0.2087,0.6988,-17.820,-41.619,101.488
3095617,1779,1946,1865,-0.7925,0.2232,0.7032,-20.577,-42.275,98.813
3095627,1777,1959,1853,-0.7877,0.2359,0.7171,-23.968,-43.054,96.359
3095637,1889,1886,1876,-0.7839,0.2368,0.7237,-26.972,-44.047,93.188
3095647,1826,1897,1849,-0.7760,0.2458,0.7398,-29.179,-45.164,89.905
3095657,1782,1894,1893,-0.7700,0.2550,0.7482,-30.959,-45.665,87.107
3095667,1805,1913,1844,-0.7657,0.2677,0.7575,-32.282,-45.879,84.327
3095677,1837,1936,1846,-0.7599,0.2810,0.7728,-33.295,-46.172,81.331
3095687,1785,1891,1847,-0.7520,0.2926,0.7890,-34.389,-46.401,78.156
3095697,1799,1952,1843,-0.7459,0.3034,0.8034,-35.521,-46.424,74.662
3095707,2103,1975,1847,-0.7376,0.3085,0.8185,-36.274,-46.141,70.826
3095717,1823,1965,1864,-0.7289,0.3108,0.8349,-36.580,-45.644,66.669
3095727,1796,1902,1844,-0.7225,0.3112,0.8531,-36.290,-44.757,62.224
3095737,1847,1903,1849,-0.7167,0.3134,0.8669,-35.175,-43.427,57.776
3095747,1811,1902,1849,-0.7110,0.3146,0.8766,-33.249,-41.521,53.361
3095757,1826,1909,1853,-0.7049,0.3188,0.8914,-30.976,-39.440,49.114
3095767,1826,1886,1853,-0.6960,0.3233,0.9043,-28.664,-37.187,44.902
3095777,1819,1897,1847,-0.6873,0.3259,0.9177,-26.393,-34.563,40.494
3095787,1796,1905,1862,-0.6815,0.3262,0.9241,-24.335,-31.550,35.854
3095797,1867,1938,1854,-0.6793,0.3217,0.9269,-22.299,-28.270,30.993
3095807,1887,1940,1869,-0.6780,0.3150,0.9271,-20.189,-25.026,26.118
3095817,1822,1888,1845,-0.6761,0.3051,0.9247,-17.892,-21.851,21.274
3095827,1792,1946,1874,-0.6746,0.2899,0.9167,-15.184,-18.764,16.578
3095837,2160,1934,1845,-0.6721,0.2723,0.9123,-12.319,-16.069,12.068
3095847,1793,1885,1857,-0.6731,0.2550,0.9080,-9.665,-13.683,7.792
3095857,1866,1935,1857,-0.6762,0.2399,0.9013,-7.161,-11.227,4.077
3095867,1974,1923,1860,-0.6785,0.2269,0.8930,-4.949,-8.781,1.118
3095877,2106,1933,1860,-0.6809,0.2168,0.8861,-3.265,-6.615,-1.341
3095887,1782,1917,1854,-0.6811,0.2081,0.8771,-2.071,-4.726,-3.380
3095897,1880,1915,1851,-0.6809,0.1973,0.8623,-1.190,-3.008,-5.005
3095907,1787,1882,1845,-0.6827,0.1868,0.8484,-0.645,-1.728,-6.416
3095917,1807,1887,1848,-0.6863,0.1765,0.8380,-0.416,-1.000,-7.720
3095927,1793,1885,1851,-0.6891,0.1681,0.8292,-0.295,-0.578,-8.660
3095937,1808,1890,1848,-0.6917,0.1616,0.8248,-0.231,-0.358,-9.177
3095947,2020,1892,1848,-0.6938,0.1549,0.8206,-0.299,-0.319,-9.460
3095957,1792,1882,1852,-0.6960,0.1476,0.8186,-0.466,-0.449,-9.605
3095967,1797,1896,1870,-0.6968,0.1381,0.8182,-0.769,-0.786,-9.679
3095977,1794,1886,1854,-0.7005,0.1289,0.8146,-0.927,-1.158,-9.741
3095987,1881,1908,1872,-0.7056,0.1237,0.8099,-0.919,-1.484,-9.429
3095997,1819,1901,1878,-0.7088,0.1200,0.8059,-0.896,-1.798,-8.628
3096007,1999,1925,1868,-0.7120,0.1160,0.8019,-0.966,-2.186,-7.612
3096017,1806,1890,1933,-0.7144,0.1160,0.8080,-1.369,-2.772,-6.386
3096027,1850,1901,1921,-0.7127,0.1204,0.8168,-2.451,-3.397,-5.048
3096037,1798,1887,1877,-0.7101,0.1212,0.8185,-3.906,-3.664,-3.735
3096047,1837,1886,1847,-0.7097,0.1224,0.8224,-5.426,-3.837,-2.394
3096057,1815,1926,1867,-0.7103,0.1183,0.8278,-6.963,-4.072,-1.148
3096067,1832,1907,1851,-0.7106,0.1120,0.8344,-8.342,-4.237,-0.143
3096077,1781,1911,1959,-0.7184,0.1092,0.8331,-9.108,-4.208,0.572
3096087,1815,1891,1871,-0.7179,0.1189,0.8331,-8.832,-3.857,2.033
3096097,1800,1905,1849,-0.7220,0.1368,0.8256,-8.298,-3.279,3.260
3096107,1791,1930,1854,-0.7078,0.1408,0.8272,-7.930,-2.789,4.450
3096117,1814,1940,1853,-0.7041,0.1276,0.8250,-8.148,-2.750,3.997
3096127,1793,1890,1924,-0.7063,0.1245,0.8169,-8.212,-2.726,3.225
3096137,1829,1937,1911,-0.7035,0.1233,0.8242,-8.403,-2.858,3.573
3096147,1794,1885,1892,-0.7035,0.1229,0.8383,-9.116,-3.197,4.058
3096157,2384,1939,1866,-0.7016,0.1303,0.8480,-9.522,-3.154,4.524
3096167,1858,1888,1847,-0.6958,0.1413,0.8556,-9.801,-2.648,4.914
3096177,1792,1935,1865,-0.6873,0.1420,0.8522,-9.925,-1.892,5.064
3096187,1977,2006,1952,-0.6840,0.1352,0.8448,-9.519,-1.073,4.738
3096197,4043,2006,1856,-0.6779,0.1333,0.8554,-9.192,-0.798,4.330
3096207,2340,1911,1908,-0.6655,0.1201,0.8617,-8.893,-0.139,3.640
3096217,1818,1961,1871,-0.6562,0.0959,0.8417,-7.849,1.290,2.713
3096227,1815,1954,1883,-0.6727,0.0626,0.7984,-5.089,2.426,0.969
3096237,1797,1915,1848,-0.7039,0.0369,0.7467,-0.824,2.302,-0.998
3096247,1920,1977,1901,-0.7434,0.0628,0.7376,5.471,1.367,-0.782
3096257,2037,1901,1846,-0.7450,0.1670,0.8171,11.621,0.594,4.015
3096267,2666,1890,1864,-0.7108,0.2684,0.8580,14.661,2.728,9.832
3096277,1783,1896,1912,-0.6726,0.3477,0.8887,14.144,5.461,11.487
3096287,2048,1980,1921,-0.6431,0.3900,0.9102,8.063,6.358,8.606
3096297,1790,1913,1856,-0.6341,0.3867,0.8940,-0.349,6.881,1.585
3096307,1817,1894,1928,-0.6401,0.3399,0.8695,-7.571,6.672,-8.445
3096317,2865,1885,1875,-0.6651,0.2588,0.8394,-11.831,5.651,-19.984
3096327,2188,1897,1853,-0.6947,0.1694,0.8130,-12.295,4.651,-29.537
3096337,1776,1889,1988,-0.7070,0.0926,0.7988,-9.874,4.073,-34.295
3096347,1863,1884,1859,-0.7127,0.0357,0.7832,-5.088,4.251,-35.084
3096357,1804,1889,1918,-0.7177,0.0044,0.7680,1.003,4.768,-33.492
3096367,1797,1895,2061,-0.7156,-0.0042,0.7631,6.399,4.908,-30.003
3096377,1806,1898,2044,-0.7180,-0.0077,0.7585,10.282,4.582,-26.006
3096387,1798,1969,1855,-0.7207,0.0019,0.7709,12.242,3.567,-21.881
3096397,1802,1899,2083,-0.7202,0.0206,0.7803,12.017,2.352,-17.078
3096407,1790,1888,1868,-0.7217,0.0432,0.7854,10.195,1.604,-12.204
3096417,1827,1897,1851,-0.7160,0.0711,0.8141,6.052,0.336,-7.556
3096427,1782,1893,1854,-0.7132,0.0663,0.8214,0.894,-0.573,-3.961
3096437,2166,1913,1849,-0.7046,0.0276,0.8053,-3.938,-1.114,-1.465
3096447,1785,1886,1899,-0.7100,-0.0376,0.7850,-8.667,-2.828,-0.389
3096457,1785,1896,1876,-0.7329,-0.0944,0.7850,-12.455,-5.374,0.720
3096467,1789,1911,1847,-0.7467,-0.0772,0.8147,-14.303,-6.923,6.043
3096477,1806,1922,1879,-0.7734,0.0130,0.7996,-12.919,-4.834,15.233
3096487,1827,1907,1847,-0.7594,0.1211,0.8063,-8.957,-1.303,24.580
3096497,1925,1977,1909,-0.7216,0.2048,0.8390,-6.943,0.119,29.911
3096507,2139,1928,1866,-0.7143,0.2505,0.8413,-5.378,0.628,27.385
3096517,1793,1974,2084,-0.7062,0.2697,0.8350,-5.004,0.708,22.234
3096527,1843,1913,1861,-0.7072,0.2703,0.8264,-5.826,0.352,17.115
3096537,1847,1897,1869,-0.7106,0.2502,0.8284,-7.216,-0.816,11.443
3096547,1822,1881,1844,-0.7104,0.2182,0.8275,-8.257,-2.124,5.847
3096557,1802,1889,1855,-0.7120,0.1820,0.8283,-7.765,-2.921,1.027
3096567,2114,1888,1857,-0.7056,0.1586,0.8357,-6.452,-3.196,-2.059
3096577,1790,1895,1867,-0.7007,0.1411,0.8359,-4.434,-2.678,-3.858
3096587,1780,1886,1845,-0.6965,0.1232,0.8329,-2.274,-1.718,-4.965
3096597,1799,1884,1888,-0.6967,0.1001,0.8213,-0.513,-0.738,-5.633
3096607,1779,1927,1880,-0.7026,0.0785,0.8149,0.624,-0.279,-6.140
3096617,1859,1949,1988,-0.7065,0.0656,0.8130,0.323,-0.347,-5.937
3096627,2681,1889,1973,-0.7055,0.0604,0.8013,-0.624,-0.285,-4.674
3096637,1790,1883,1928,-0.7003,0.0537,0.7974,-1.958,-0.378,-3.019
3096647,1785,2069,1879,-0.6915,0.0494,0.8196,-3.617,-1.070,-1.470
3096657,1813,1949,1867,-0.6804,0.0479,0.8373,-4.232,-1.039,-0.224
3096667,1801,1950,1853,-0.6635,0.0441,0.8605,-3.291,0.066,0.647
3096677,1755,1886,1981,-0.6519,0.0340,0.8777,-1.459,1.870,0.893
3096687,1866,1932,1878,-0.6619,0.0182,0.8622,2.466,4.753,0.250
3096697,1814,1883,1872,-0.6953,0.0070,0.7864,7.819,7.815,-0.529
3096707,1996,1965,1858,-0.7551,0.0227,0.7257,16.849,10.137,-0.220
3096717,1751,1909,1851,-0.7530,0.0912,0.8142,25.644,9.699,4.259
3096727,1756,1914,1850,-0.7350,0.1572,0.8357,27.801,9.728,8.958
3096737,1757,1983,1899,-0.7309,0.2379,0.8478,28.070,11.362,10.427
3096747,2120,1921,1856,-0.6834,0.3194,0.8851,21.232,11.930,13.766
3096757,1768,1899,1852,-0.6632,0.3396,0.8583,13.301,12.827,12.096
3096767,1764,1886,1846,-0.6789,0.3088,0.8390,7.268,12.193,3.028
3096777,1754,1889,1868,-0.7047,0.2501,0.8290,3.025,10.065,-7.895
3096787,1773,1918,1847,-0.7304,0.1832,0.7990,2.392,9.363,-15.536
3096797,1766,1897,1946,-0.7377,0.1340,0.7733,4.270,9.540,-18.016
3096807,1751,1911,1868,-0.7362,0.1002,0.7549,7.327,9.382,-17.683
3096817,1786,1888,2014,-0.7438,0.0757,0.7329,10.641,8.775,-17.093
3096827,1791,1946,1995,-0.7483,0.0623,0.7226,13.516,7.448,-15.806
3096837,1878,1890,2111,-0.7489,0.0579,0.7207,15.473,5.614,-13.177
3096847,1776,1993,2694,-0.7513,0.0577,0.7245,16.361,3.690,-9.896
3096857,1756,1931,1965,-0.7525,0.0654,0.7442,15.788,1.550,-6.451
3096867,2150,1882,1849,-0.7570,0.0854,0.7700,13.747,-0.363,-2.937
3096877,1763,1898,1861,-0.7577,0.1104,0.7808,10.707,-1.396,0.917
3096887,1776,1935,1928,-0.7438,0.1181,0.7813,6.802,-2.035,4.851
3096897,1817,1894,1845,-0.7329,0.1009,0.7882,1.734,-3.522,7.038
3096907,1796,1919,1891,-0.7750,0.1218,0.7684,-4.566,-5.310,8.352
3096917,2015,1906,1855,-0.7931,0.1725,0.7623,-8.891,-5.356,11.482
3096927,1776,1885,1849,-0.7582,0.2409,0.7854,-13.007,-5.226,16.791
3096937,1798,1928,1989,-0.7569,0.2865,0.7652,-14.059,-4.423,16.918
3096947,1812,1883,1854,-0.7360,0.3044,0.7854,-14.350,-4.892,12.597
3096957,1830,1912,1878,-0.7180,0.2852,0.8134,-15.448,-6.898,5.596
3096967,1862,1901,1894,-0.7228,0.2295,0.8008,-13.767,-7.660,-3.332
3096977,1764,1910,1862,-0.7271,0.1782,0.8124,-11.527,-8.191,-9.654
3096987,1815,1902,1846,-0.7278,0.1321,0.8134,-9.318,-8.128,-12.320
3096997,1796,1904,1855,-0.7281,0.0934,0.7997,-6.603,-7.060,-12.808
3097007,1794,1884,1848,-0.7210,0.0708,0.8017,-4.720,-6.559,-11.689
3097017,1816,1890,1843,-0.7125,0.0561,0.8032,-4.063,-6.328,-9.804
3097027,1843,1887,1845,-0.7038,0.0499,0.8097,-4.457,-6.008,-7.536
3097037,1792,1890,1852,-0.7014,0.0481,0.8152,-5.748,-5.581,-5.061
3097047,1806,1886,1869,-0.7058,0.0449,0.7933,-6.670,-4.474,-2.614
3097057,1843,1885,1850,-0.7095,0.0475,0.7860,-7.079,-3.743,-0.084
3097067,1977,1924,1866,-0.7102,0.0563,0.8000,-7.998,-3.968,2.166
3097077,1754,1894,1907,-0.7091,0.0722,0.8081,-8.532,-3.844,4.032
3097087,1785,1883,1847,-0.7061,0.0920,0.8077,-8.462,-3.165,5.753
3097097,1787,1884,1850,-0.7049,0.1094,0.8057,-8.138,-2.441,7.064
3097107,1786,1904,1949,-0.7065,0.1258,0.8077,-7.555,-2.038,7.467
3097117,1791,1891,1847,-0.7078,0.1399,0.8146,-6.739,-1.805,6.998
3097127,1788,1882,1856,-0.7100,0.1499,0.8118,-5.340,-1.315,6.033
3097137,1763,1884,1868,-0.7124,0.1583,0.8095,-3.584,-0.824,4.904
3097147,1802,1885,1850,-0.7097,0.1644,0.8149,-2.210,-0.700,3.728
3097157,1813,1935,1881,-0.7083,0.1648,0.8210,-1.148,-0.660,2.280
3097167,1790,1901,1855,-0.7072,0.1645,0.8211,-0.339,-0.512,0.732
3097177,1892,1911,1857,-0.7071,0.1595,0.8170,0.115,-0.313,-0.722
3097187,1852,1884,1865,-0.7062,0.1522,0.8200,0.097,-0.344,-2.008
3097197,1787,1906,1862,-0.7053,0.1424,0.8208,-0.320,-0.511,-3.147
3097207,1785,1887,1851,-0.7077,0.1283,0.8123,-0.549,-0.465,-4.197
3097217,1802,1888,1858,-0.7126,0.1144,0.8110,-0.521,-0.672,-5.088
3097227,1818,1895,1851,-0.7152,0.1006,0.8163,-0.687,-1.195,-5.739
3097237,1792,1891,1851,-0.7181,0.0913,0.8150,-0.505,-1.285,-5.917
3097247,1785,1935,1870,-0.7191,0.0889,0.8148,0.141,-0.974,-5.325
3097257,1787,1970,1862,-0.7215,0.0872,0.8145,0.729,-0.608,-4.607
3097267,1927,1891,1865,-0.7235,0.0884,0.8137,1.287,-0.224,-3.948
3097277,1783,1890,1855,-0.7257,0.0913,0.8100,1.838,0.151,-3.327
3097287,1812,1885,1856,-0.7256,0.0972,0.8142,2.343,0.404,-2.744
3097297,1792,1915,1859,-0.7236,0.1036,0.8201,2.810,0.630,-2.273
3097307,1802,1924,1852,-0.7244,0.1012,0.8094,3.588,1.114,-2.033
3097317,1769,1891,1851,-0.7295,0.0961,0.7962,5.045,1.497,-1.733
3097327,1832,1906,1857,-0.7353,0.0942,0.7988,6.436,1.068,-1.275
3097337,1786,1886,1848,-0.7413,0.0946,0.8027,7.573,0.417,-0.866
3097347,1781,1886,1852,-0.7414,0.1070,0.8103,8.560,0.052,-0.055
3097357,1803,1886,1854,-0.7365,0.1255,0.8244,9.066,-0.169,1.101
3097367,1779,1887,1876,-0.7302,0.1455,0.8392,8.985,-0.108,2.022
3097377,1777,1917,1857,-0.7223,0.1662,0.8564,8.339,0.290,2.653
3097387,1843,1887,1862,-0.7157,0.1859,0.8753,7.529,1.049,2.819
3097397,1782,1884,1851,-0.7127,0.2039,0.8902,7.111,2.215,2.206
3097407,1807,1893,1863,-0.7108,0.2181,0.9022,7.368,3.779,0.832
3097417,1837,1890,1854,-0.7126,0.2276,0.9122,8.491,5.748,-1.358
3097427,1817,1888,1915,-0.7162,0.2324,0.9171,10.604,8.106,-4.135
3097437,1815,1893,1858,-0.7232,0.2387,0.9178,13.741,10.752,-7.263
3097447,1818,1893,1876,-0.7312,0.2422,0.9136,17.840,13.439,-10.676
3097457,1778,1899,1852,-0.7412,0.2460,0.9061,22.509,15.865,-14.414
3097467,1823,1889,1864,-0.7512,0.2552,0.8966,27.807,18.027,-18.313
3097477,1775,1895,1864,-0.7624,0.2702,0.8891,33.584,19.862,-22.214
3097487,1774,1891,1852,-0.7727,0.2884,0.8855,39.560,21.379,-26.013
3097497,1834,1900,1855,-0.7843,0.3088,0.8768,45.545,22.766,-29.954
3097507,1791,1884,1861,-0.7933,0.3273,0.8693,51.162,23.736,-34.330
3097517,1785,1897,1879,-0.8051,0.3375,0.8618,56.165,24.116,-39.426
3097527,1803,1889,1865,-0.8153,0.3439,0.8534,60.641,24.072,-44.769
3097537,1794,1911,1853,-0.8241,0.3485,0.8438,64.693,23.635,-49.980
3097547,1782,1884,1861,-0.8322,0.3535,0.8342,68.465,22.945,-55.116
3097557,1773,1967,1855,-0.8362,0.3556,0.8262,72.193,22.085,-60.219
3097567,1782,1910,1852,-0.8384,0.3482,0.8136,75.768,21.035,-65.672
3097577,1814,1903,1861,-0.8412,0.3373,0.8042,79.372,19.708,-71.562
3097587,1778,1904,1850,-0.8438,0.3234,0.7925,83.120,18.457,-77.162
3097597,1910,1925,1852,-0.8465,0.3073,0.7695,86.961,17.550,-82.068
3097607,1797,1887,1855,-0.8429,0.2909,0.7560,90.164,16.115,-86.267
3097617,1803,1933,1856,-0.8380,0.2722,0.7454,92.519,14.070,-90.179
3097627,1776,1975,1859,-0.8307,0.2520,0.7343,94.306,11.930,-93.817
3097637,1768,1933,1856,-0.8212,0.2345,0.7241,95.438,9.856,-96.654
3097647,1786,1908,1857,-0.8146,0.2169,0.7093,96.274,7.957,-99.058
3097657,1791,1888,1852,-0.8074,0.2004,0.6972,96.994,5.921,-101.283
3097667,1818,1890,1886,-0.8032,0.1849,0.6908,97.801,3.632,-103.363
3097677,1840,1907,1856,-0.7986,0.1711,0.6899,98.926,1.312,-105.211
3097687,1786,1889,1860,-0.7927,0.1597,0.6898,100.386,-0.704,-106.664
3097697,1895,1888,1853,-0.7869,0.1487,0.6888,101.878,-2.337,-107.814
3097707,1780,1885,1851,-0.7783,0.1342,0.6841,103.073,-3.934,-109.147
3097717,1788,1888,1854,-0.7715,0.1184,0.6729,104.012,-5.370,-110.329
3097727,1775,1885,1856,-0.7625,0.1024,0.6603,104.606,-6.886,-111.163
3097737,1800,1911,1861,-0.7557,0.0842,0.6481,104.939,-8.719,-111.923
3097747,1790,1887,1856,-0.7554,0.0723,0.6375,105.267,-10.939,-112.618
3097757,1796,1900,1867,-0.7501,0.0621,0.6211,105.781,-13.073,-112.676
3097767,1795,1893,1856,-0.7443,0.0520,0.5984,106.634,-15.038,-112.350
3097777,1799,1896,1857,-0.7396,0.0439,0.5835,107.864,-17.605,-112.239
3097787,1833,1891,1856,-0.7360,0.0380,0.5737,109.623,-20.823,-112.212
3097797,1790,1900,1855,-0.7357,0.0367,0.5603,112.303,-24.051,-111.933
3097807,1783,1887,1856,-0.7288,0.0322,0.5463,116.068,-27.550,-111.458
3097817,1823,1904,1896,-0.7282,0.0269,0.5409,120.971,-31.844,-111.522
3097827,1863,1911,1875,-0.7317,0.0213,0.5403,127.190,-36.530,-111.812
3097837,1914,1898,1906,-0.7315,0.0182,0.5578,134.729,-41.409,-111.629
3097847,1977,1891,1863,-0.7306,0.0234,0.5817,143.175,-46.008,-111.016
3097857,1781,1885,1853,-0.7295,0.0339,0.5923,152.536,-49.332,-110.053
3097867,1790,1887,1857,-0.7163,0.0529,0.6068,162.355,-51.838,-108.459
3097877,1782,1890,1902,-0.6988,0.0765,0.6280,171.811,-54.007,-106.832
3097887,1825,1890,1854,-0.6829,0.0959,0.6392,180.793,-55.611,-106.124
3097897,1894,1905,1903,-0.6621,0.1169,0.6626,188.355,-57.233,-105.757
3097907,1884,1883,1858,-0.6412,0.1319,0.6844,193.473,-58.963,-105.359
3097917,1811,1886,1907,-0.6237,0.1402,0.7126,195.887,-60.898,-105.335
3097927,1767,1890,1855,-0.6108,0.1476,0.7378,194.271,-63.257,-104.653
3097937,1815,1914,1963,-0.6093,0.1493,0.7463,189.385,-65.643,-103.500
3097947,1809,1890,1854,-0.6050,0.1574,0.7559,180.895,-68.431,-100.733
3097957,1791,1902,1913,-0.6005,0.1691,0.7576,169.309,-71.732,-96.515
3097967,1924,1894,1855,-0.5928,0.1817,0.7591,155.452,-75.597,-91.965
3097977,1784,1921,1912,-0.5776,0.1932,0.7731,139.339,-80.406,-87.488
3097987,1807,1885,1876,-0.5598,0.1930,0.7790,121.624,-85.510,-83.882
3097997,1799,1890,1874,-0.5457,0.1858,0.7884,102.641,-90.694,-81.120
3098007,1805,1890,1876,-0.5272,0.1739,0.8040,82.553,-96.123,-78.650
3098017,1783,1901,1900,-0.5122,0.1554,0.8095,62.170,-100.947,-76.331
3098027,1789,1885,1870,-0.4989,0.1341,0.8106,42.450,-105.178,-74.081
3098037,1785,1884,1891,-0.4847,0.1128,0.8179,24.106,-109.134,-71.559
3098047,1785,1886,1873,-0.4693,0.0912,0.8251,7.753,-112.614,-69.078
3098057,1788,1912,1896,-0.4524,0.0691,0.8381,-6.259,-115.666,-67.165
3098067,1802,1887,1866,-0.4340,0.0436,0.8564,-17.747,-118.040,-65.899
3098077,1772,1896,1854,-0.4109,0.0184,0.8728,-26.599,-119.471,-65.096
3098087,1784,1892,1865,-0.3918,-0.0091,0.8805,-32.619,-119.526,-64.525
3098097,1813,1891,1879,-0.3711,-0.0319,0.8906,-35.703,-118.811,-63.942
3098107,1786,1887,1857,-0.3531,-0.0527,0.9024,-36.187,-117.813,-63.398
3098117,1826,1888,1874,-0.3406,-0.0710,0.9090,-34.396,-116.287,-63.139
3098127,1790,1894,1854,-0.3277,-0.0814,0.9151,-30.809,-114.433,-62.875
3098137,1807,1913,1855,-0.3166,-0.0857,0.9170,-25.868,-112.332,-62.621
3098147,1795,1896,1855,-0.3036,-0.0889,0.9194,-19.795,-110.302,-62.756
3098157,1825,1920,1851,-0.2871,-0.0952,0.9272,-13.154,-108.830,-63.445
3098167,1782,1964,1858,-0.2699,-0.1067,0.9409,-6.420,-107.981,-64.543
3098177,1810,1935,1853,-0.2501,-0.1192,0.9615,-0.001,-107.393,-65.381
3098187,1794,1891,1852,-0.2315,-0.1269,0.9787,5.456,-106.545,-65.088
3098197,1809,1934,1855,-0.2105,-0.1260,1.0043,10.146,-105.632,-63.778
3098207,1827,1916,1855,-0.1913,-0.1213,1.0295,13.655,-104.378,-61.746
3098217,1841,1982,1860,-0.1746,-0.1142,1.0500,16.766,-102.508,-59.820
3098227,1925,1899,1863,-0.1575,-0.1040,1.0677,19.597,-100.146,-57.820
3098237,1804,1959,1901,-0.1449,-0.0972,1.0744,22.540,-97.295,-56.041
3098247,1794,1918,1861,-0.1342,-0.0917,1.0856,25.796,-94.376,-54.624
3098257,1840,2006,1880,-0.1255,-0.0865,1.0928,28.931,-91.845,-53.397
3098267,1798,1930,1878,-0.1149,-0.0841,1.0966,32.288,-89.146,-52.087
3098277,1789,1978,1867,-0.1056,-0.0728,1.1034,34.803,-86.667,-50.197
3098287,1801,1915,1869,-0.0967,-0.0550,1.1019,36.616,-84.157,-47.990
3098297,1807,2020,1872,-0.0853,-0.0403,1.1081,37.730,-81.948,-45.788
3098307,1810,1901,1855,-0.0775,-0.0303,1.1207,37.587,-80.428,-44.375
3098317,1778,1935,1883,-0.0687,-0.0236,1.1325,36.551,-79.299,-43.589
3098327,1800,1923,1856,-0.0589,-0.0190,1.1447,34.604,-78.427,-42.798
3098337,1775,1973,1894,-0.0489,-0.0155,1.1602,31.840,-77.783,-41.885
3098347,1796,1957,1863,-0.0361,-0.0166,1.1752,28.636,-77.145,-40.787
3098357,1787,1980,1880,-0.0232,-0.0218,1.1882,25.180,-76.285,-39.487
3098367,1780,1918,1888,-0.0115,-0.0279,1.2001,21.755,-75.246,-37.860
3098377,1805,1969,2058,-0.0010,-0.0341,1.2116,18.487,-73.999,-35.891
3098387,1792,1900,1860,0.0089,-0.0389,1.2220,15.400,-72.612,-33.612
3098397,1783,1927,1876,0.0173,-0.0415,1.2303,12.429,-71.083,-31.223
3098407,1795,1925,1857,0.0257,-0.0439,1.2415,9.650,-69.472,-28.855
3098417,1804,1952,1894,0.0336,-0.0447,1.2517,6.999,-67.740,-26.617
3098427,1802,1935,1856,0.0419,-0.0442,1.2597,4.670,-65.727,-24.523
3098437,1794,1946,1884,0.0485,-0.0439,1.2683,2.540,-63.473,-22.568
3098447,1824,1891,1854,0.0532,-0.0456,1.2747,0.771,-61.019,-20.844
3098457,1792,1973,1898,0.0560,-0.0477,1.2798,-0.604,-58.425,-19.325
3098467,1830,1910,1857,0.0592,-0.0521,1.2815,-1.653,-55.753,-17.944
3098477,1781,1972,1887,0.0623,-0.0566,1.2847,-2.344,-53.103,-16.607
3098487,1805,1918,1855,0.0656,-0.0617,1.2831,-2.780,-50.422,-15.294
3098497,1784,1940,1872,0.0685,-0.0634,1.2782,-2.726,-47.706,-13.996
3098507,1796,1914,1854,0.0711,-0.0652,1.2741,-2.363,-45.044,-12.762
3098517,1801,1968,1903,0.0736,-0.0657,1.2702,-1.615,-42.584,-11.571
3098527,1802,1901,1854,0.0749,-0.0644,1.2637,-0.555,-40.198,-10.477
3098537,1796,1966,1888,0.0771,-0.0629,1.2594,0.746,-37.996,-9.429
3098547,1800,1933,1855,0.0793,-0.0615,1.2589,1.948,-36.037,-8.457
3098557,1818,2004,1871,0.0823,-0.0588,1.2555,2.914,-34.103,-7.489
3098567,1787,1933,1872,0.0854,-0.0549,1.2476,3.633,-32.029,-6.392
3098577,1790,1942,1869,0.0890,-0.0495,1.2401,4.086,-30.040,-5.109
3098587,1794,1909,1864,0.0898,-0.0441,1.2301,4.570,-28.045,-3.947
3098597,1769,1924,1869,0.0903,-0.0386,1.2208,5.096,-26.222,-3.028
3098607,1816,1918,1866,0.0897,-0.0331,1.2131,5.603,-24.731,-2.409
3098617,1784,1893,1863,0.0900,-0.0292,1.2109,6.048,-23.538,-2.019
3098627,1820,1918,1866,0.0907,-0.0259,1.2042,6.426,-22.496,-1.724
3098637,1790,1975,1876,0.0927,-0.0220,1.1962,6.617,-21.439,-1.358
3098647,1805,1892,1855,0.0962,-0.0191,1.1905,6.555,-20.475,-0.865
3098657,1794,1954,1874,0.0976,-0.0154,1.1851,6.511,-19.477,-0.273
3098667,1802,1916,1883,0.0998,-0.0067,1.1765,6.472,-18.320,0.565
3098677,1798,1949,1892,0.1070,-0.0059,1.1713,6.597,-17.185,1.314
3098687,1800,1929,1857,0.1066,-0.0066,1.1644,6.552,-16.406,1.269
3098697,1793,1936,1880,0.1064,0.0014,1.1594,6.478,-15.945,1.304
3098707,1805,1905,1856,0.1068,0.0071,1.1549,6.580,-15.415,1.487
3098717,1812,1944,1935,0.1117,0.0072,1.1452,6.824,-14.892,1.556
3098727,1800,1908,1933,0.1177,0.0055,1.1540,7.015,-14.485,1.504
3098737,1797,1949,2238,0.1455,0.0241,1.1342,6.626,-14.188,1.797
3098747,1814,1895,1872,0.1799,0.0654,1.1867,7.605,-12.429,4.918
3098757,1808,1943,1939,0.1839,0.0114,1.1874,10.511,-11.002,1.583
3098767,1806,1891,1929,0.1301,-0.0475,1.1817,16.087,-10.509,-8.549
3098777,1803,1908,1902,0.1368,0.0038,1.2586,17.694,-10.045,-7.061
3098787,1808,1893,1856,0.1592,0.0279,1.2343,19.507,-5.887,0.374
3098797,1802,1886,1855,0.1565,0.0415,1.2338,22.254,-2.106,3.062
3098807,1804,1907,1861,0.1542,0.0454,1.2596,22.498,-1.402,2.952
3098817,1804,1928,1863,0.1224,0.0494,1.2207,24.161,0.774,1.459
3098827,1802,1931,1858,0.1132,0.0760,1.2035,24.163,3.004,2.582
3098837,1805,1934,1885,0.1122,0.1050,1.1971,21.142,3.714,5.110
3098847,1802,1917,1883,0.1089,0.1060,1.1725,17.428,3.656,4.790
3098857,1808,1939,1913,0.0958,0.1072,1.1631,13.093,2.516,2.769
3098867,1805,1924,1859,0.1000,0.1148,1.1770,7.698,0.479,2.558
3098877,1807,1931,1856,0.0990,0.1087,1.1804,2.969,-0.595,2.532
3098887,1811,1889,1944,0.1034,0.1081,1.1734,-0.973,-1.313,1.865
3098897,1810,1939,1879,0.1101,0.1240,1.1955,-4.985,-1.858,2.817
3098907,1800,1928,1871,0.1170,0.1162,1.1955,-8.378,-2.289,2.734
3098917,1808,1931,1866,0.1051,0.0889,1.1677,-9.150,-2.120,-0.531
3098927,1808,1896,1936,0.1070,0.0788,1.1768,-10.221,-2.659,-1.948
3098937,1815,1932,1983,0.1052,0.0658,1.1712,-11.691,-3.007,-1.812
3098947,1804,1905,1856,0.0942,0.0513,1.1413,-12.461,-2.660,-2.261
3098957,1806,1925,1859,0.0857,0.0438,1.1489,-14.431,-3.396,-2.030
3098967,1808,1911,1909,0.0852,0.0514,1.1329,-17.295,-4.521,-1.620
3098977,1808,1920,2092,0.1016,0.0663,1.1541,-19.980,-5.161,-0.137
3098987,1806,1901,1876,0.1064,0.0557,1.1588,-22.813,-6.757,-1.013
3098997,1807,1935,1861,0.1083,0.0327,1.1571,-23.019,-7.938,-4.197
3099007,1807,1902,1857,0.1174,0.0112,1.1709,-22.958,-9.025,-5.870
3099017,1806,1936,1867,0.1201,-0.0007,1.1717,-22.188,-9.172,-6.260
3099027,1809,1897,1861,0.1225,-0.0104,1.1684,-21.468,-9.002,-6.152
3099037,1801,1909,1883,0.1192,-0.0115,1.1619,-20.288,-8.603,-5.810
3099047,1811,1893,1907,0.1281,-0.0037,1.1667,-19.138,-8.088,-4.496
3099057,1809,1951,1870,0.1318,-0.0058,1.1642,-17.937,-7.676,-4.162
3099067,1825,1894,1995,0.1312,-0.0137,1.1602,-15.967,-7.003,-4.890
3099077,1807,1912,1909,0.1324,-0.0186,1.1645,-14.177,-6.592,-5.488
3099087,1809,1901,1900,0.1327,-0.0224,1.1643,-12.214,-5.908,-5.647
3099097,1806,1936,1872,0.1340,-0.0238,1.1582,-9.988,-4.978,-5.413
3099107,1812,1901,2080,0.1362,-0.0234,1.1551,-7.776,-4.246,-5.088
3099117,1808,1930,1894,0.1387,-0.0198,1.1508,-5.401,-3.576,-4.741
3099127,1815,1888,1866,0.1439,-0.0143,1.1517,-3.195,-2.975,-4.144
3099137,1807,1948,1977,0.1454,-0.0120,1.1530,-1.135,-2.472,-3.900
3099147,1815,1905,1896,0.1427,-0.0117,1.1491,0.846,-1.924,-4.162
3099157,1808,1936,1864,0.1378,-0.0065,1.1491,2.447,-1.421,-4.073
3099167,1810,1901,1857,0.1338,-0.0010,1.1511,3.316,-1.066,-3.563
3099177,1808,1928,1871,0.1303,0.0059,1.1450,3.797,-0.626,-3.069
3099187,1814,1891,1863,0.1305,0.0133,1.1481,3.660,-0.500,-2.435
3099197,1809,1938,1858,0.1292,0.0169,1.1510,3.010,-0.627,-2.243
3099207,1812,1902,1867,0.1247,0.0179,1.1483,2.192,-0.591,-2.596
3099217,1808,1925,1857,0.1263,0.0208,1.1487,1.164,-0.620,-2.570
3099227,1811,1904,1864,0.1275,0.0215,1.1506,-0.051,-0.720,-2.382
3099237,1808,1921,1868,0.1254,0.0172,1.1480,-1.201,-0.739,-2.820
3099247,1808,1897,1891,0.1239,0.0129,1.1438,-2.213,-0.838,-3.357
3099257,1810,1930,1858,0.1281,0.0126,1.1421,-3.057,-0.894,-3.169
3099267,1809,1900,1904,0.1310,0.0119,1.1454,-3.841,-1.021,-2.903
3099277,1808,1921,1875,0.1271,0.0051,1.1456,-4.296,-1.177,-3.541
3099287,1808,1884,1968,0.1234,0.0004,1.1425,-4.264,-1.200,-4.312
3099297,1806,1923,2069,0.1245,-0.0023,1.1423,-3.917,-1.097,-4.281
3099307,1809,1905,1860,0.1264,-0.0044,1.1484,-3.212,-1.417,-4.173
3099317,1810,1937,1897,0.1263,-0.0051,1.1524,-2.492,-1.707,-4.108
3099327,1810,1899,1855,0.1242,-0.0033,1.1470,-1.548,-1.553,-3.801
3099337,1811,1939,1871,0.1253,-0.0001,1.1417,-0.656,-1.416,-3.183
3099347,1811,1905,1855,0.1251,0.0020,1.1417,-0.001,-1.709,-2.831
3099357,1808,1935,1904,0.1248,0.0030,1.1414,0.536,-2.245,-2.920
3099367,1810,1900,1886,0.1263,0.0048,1.1439,0.956,-2.787,-2.852
3099377,1810,1933,1871,0.1281,0.0077,1.1442,1.169,-3.171,-2.545
3099387,1813,1905,1857,0.1302,0.0095,1.1423,1.248,-3.455,-2.351
3099397,1813,1955,1895,0.1366,0.0079,1.1373,1.201,-3.803,-2.282
3099407,1810,1892,1964,0.1381,0.0100,1.1416,1.176,-4.176,-1.994
3099417,1808,1935,1920,0.1378,0.0128,1.1450,0.761,-4.618,-1.760
3099427,1809,1904,1859,0.1361,0.0134,1.1412,0.616,-4.654,-1.833
3099437,1809,1931,1870,0.1393,0.0153,1.1426,0.294,-4.654,-1.642
3099447,1812,1901,1887,0.1393,0.0134,1.1398,-0.101,-4.764,-1.668
3099457,1816,1940,1858,0.1380,0.0082,1.1391,-0.341,-4.751,-1.892
3099467,1813,1889,1869,0.1345,0.0108,1.1426,-0.676,-4.809,-1.694
3099477,1809,1924,1890,0.1358,0.0136,1.1468,-0.922,-4.732,-1.166
3099487,1809,1908,1903,0.1348,0.0121,1.1449,-1.064,-4.375,-0.834
3099497,1808,1931,1862,0.1356,0.0115,1.1424,-1.156,-4.035,-0.674
3099507,1810,1904,1867,0.1358,0.0102,1.1414,-1.269,-3.798,-0.606
3099517,1808,1934,1884,0.1376,0.0089,1.1394,-1.377,-3.484,-0.488
3099527,1818,1898,1880,0.1394,0.0077,1.1385,-1.435,-3.206,-0.359
3099537,1817,1934,2057,0.1401,0.0069,1.1381,-1.434,-2.899,-0.342
3099547,1814,1890,1881,0.1415,0.0059,1.1392,-1.390,-2.611,-0.338
3099557,1810,1923,1865,0.1425,0.0062,1.1408,-1.359,-2.327,-0.324
3099567,1811,1900,1858,0.1429,0.0069,1.1401,-1.274,-2.047,-0.339
3099577,1813,1921,1932,0.1434,0.0072,1.1399,-1.154,-1.799,-0.311
3099587,1811,1895,1904,0.1438,0.0074,1.1395,-1.029,-1.553,-0.278
3099597,1809,1934,1869,0.1443,0.0073,1.1393,-0.962,-1.329,-0.276
3099607,1814,1905,1879,0.1442,0.0073,1.1403,-1.015,-1.125,-0.318
3099617,1809,1927,1897,0.1423,0.0082,1.1387,-1.053,-0.860,-0.378
3099627,1811,1902,1890,0.1415,0.0088,1.1383,-1.144,-0.612,-0.385
3099637,1814,1926,1862,0.1418,0.0085,1.1382,-1.290,-0.463,-0.414
3099647,1820,1907,1881,0.1416,0.0085,1.1365,-1.386,-0.338,-0.571
3099657,1809,1925,1861,0.1419,0.0077,1.1369,-1.464,-0.204,-0.720
3099667,1819,1885,2032,0.1420,0.0069,1.1380,-1.538,-0.083,-0.793
3099677,1812,1925,1872,0.1412,0.0068,1.1389,-1.666,0.009,-0.818
3099687,1815,1895,1857,0.1411,0.0060,1.1395,-1.794,0.057,-0.850
3099697,1817,1946,1903,0.1404,0.0047,1.1385,-1.862,0.108,-0.868
3099707,1823,1894,1933,0.1396,0.0043,1.1370,-1.806,0.197,-0.852
3099717,1810,1922,1945,0.1403,0.0045,1.1377,-1.744,0.200,-0.790
3099727,1814,1896,1857,0.1396,0.0045,1.1396,-1.662,0.194,-0.719
3099737,1811,1919,1857,0.1391,0.0056,1.1394,-1.528,0.261,-0.681
3099747,1812,1888,1908,0.1379,0.0062,1.1396,-1.466,0.269,-0.669
3099757,1816,1953,2158,0.1385,0.0070,1.1388,-1.504,0.251,-0.680
3099767,1808,1900,1856,0.1391,0.0073,1.1413,-1.722,0.133,-0.763
3099777,1810,1923,1856,0.1392,0.0061,1.1410,-1.991,0.034,-0.956
3099787,1814,1905,1857,0.1399,0.0051,1.1413,-2.243,0.020,-1.124
3099797,1816,1931,1872,0.1399,0.0046,1.1407,-2.465,0.016,-1.226
3099807,1814,1906,1891,0.1395,0.0030,1.1403,-2.600,0.024,-1.346
3099817,1815,1959,1859,0.1388,0.0017,1.1395,-2.595,0.058,-1.477
3099827,1814,1897,1865,0.1384,0.0019,1.1401,-2.482,0.076,-1.524
3099837,1815,1931,1858,0.1383,0.0029,1.1405,-2.310,0.077,-1.477
3099847,1816,1892,1889,0.1371,0.0033,1.1393,-2.106,0.151,-1.423
3099857,1818,1935,1865,0.1369,0.0034,1.1381,-1.930,0.251,-1.348
3099867,1813,1905,1996,0.1372,0.0039,1.1391,-1.883,0.249,-1.234
3099877,1810,1923,1856,0.1352,0.0038,1.1379,-1.913,0.253,-1.176
3099887,1812,1902,1856,0.1358,0.0045,1.1402,-2.055,0.174,-1.107
3099897,1817,1951,1886,0.1370,0.0041,1.1433,-2.293,0.053,-1.056
3099907,1817,1899,1903,0.1364,0.0024,1.1416,-2.417,0.044,-1.119
3099917,1811,1923,1900,0.1361,0.0009,1.1387,-2.473,0.016,-1.116
3099927,1816,1901,1856,0.1375,-0.0004,1.1395,-2.544,-0.089,-0.992
3099937,1813,1928,1872,0.1363,-0.0025,1.1399,-2.548,-0.192,-0.994
3099947,1816,1907,1866,0.1353,-0.0035,1.1392,-2.465,-0.259,-1.006
3099957,1808,1911,1895,0.1356,-0.0037,1.1390,-2.339,-0.275,-0.888
3099967,1814,1914,1858,0.1353,-0.0038,1.1384,-2.151,-0.250,-0.735
3099977,1814,1934,1870,0.1362,-0.0031,1.1407,-2.039,-0.331,-0.608
3099987,1811,1898,1867,0.1354,-0.0035,1.1423,-1.954,-0.470,-0.635
3099997,1818,1944,1891,0.1335,-0.0035,1.1406,-1.826,-0.533,-0.725
3100007,1821,1900,1936,0.1340,-0.0025,1.1428,-1.768,-0.671,-0.687
3100017,1813,1948,1866,0.1344,-0.0028,1.1444,-1.775,-0.904,-0.646
3100027,1823,1896,1855,0.1342,-0.0030,1.1441,-1.699,-1.077,-0.722
3100037,1817,1916,1948,0.1332,-0.0035,1.1414,-1.541,-1.201,-0.805
3100047,1815,1895,1942,0.1339,-0.0019,1.1416,-1.449,-1.391,-0.744
3100057,1816,1910,1856,0.1341,-0.0011,1.1423,-1.414,-1.572,-0.679
3100067,1817,1897,1868,0.1347,-0.0009,1.1405,-1.413,-1.678,-0.699
3100077,1818,1915,1894,0.1352,0.0001,1.1406,-1.509,-1.775,-0.673
3100087,1820,1895,1857,0.1356,0.0006,1.1407,-1.687,-1.837,-0.618
3100097,1816,1948,1859,0.1355,0.0009,1.1407,-1.862,-1.830,-0.644
3100107,1814,1919,1911,0.1362,-0.0006,1.1395,-2.007,-1.797,-0.687
3100117,1808,1912,1932,0.1366,-0.0015,1.1404,-2.107,-1.774,-0.663
3100127,1815,1897,1860,0.1368,-0.0021,1.1410,-2.115,-1.681,-0.616
3100137,1819,1940,1864,0.1366,-0.0023,1.1414,-2.047,-1.541,-0.542
3100147,1818,1900,1854,0.1373,-0.0032,1.1388,-1.902,-1.353,-0.444
3100157,1817,1932,1902,0.1371,-0.0039,1.1378,-1.722,-1.170,-0.366
3100167,1823,1899,1855,0.1382,-0.0045,1.1397,-1.618,-1.053,-0.325
3100177,1819,1924,1856,0.1384,-0.0044,1.1396,-1.551,-0.946,-0.293
3100187,1816,1898,1915,0.1381,-0.0028,1.1397,-1.493,-0.783,-0.158
3100197,1819,1924,1855,0.1389,-0.0007,1.1399,-1.455,-0.586,0.024
3100207,1818,1896,1880,0.1391,0.0007,1.1405,-1.473,-0.432,0.140
3100217,1819,1935,1856,0.1384,0.0001,1.1404,-1.574,-0.337,0.124
