3021927,1924,1913,1996,-0.0341,-0.1401,1.1355,-3.415,0.614,-1.171
3021937,1860,1904,1902,-0.0341,-0.1412,1.1360,-3.551,0.556,-1.198
3021947,1918,1915,1900,-0.0343,-0.1420,1.1338,-3.557,0.554,-1.188
3021957,1861,1905,1911,-0.0345,-0.1430,1.1335,-3.443,0.541,-1.166
3021967,1935,1931,1909,-0.0357,-0.1436,1.1321,-3.173,0.545,-1.109
3021977,1862,1905,1905,-0.0364,-0.1435,1.1329,-2.803,0.554,-1.006
3021987,1922,1927,1894,-0.0369,-0.1440,1.1352,-2.470,0.554,-0.882
3021997,1868,1904,2006,-0.0377,-0.1417,1.1354,-2.229,0.557,-0.715
3022007,1913,1918,1896,-0.0380,-0.1436,1.1361,-2.170,0.474,-0.598
3022017,1868,1906,1896,-0.0374,-0.1447,1.1325,-2.260,0.442,-0.528
3022027,1931,1926,1896,-0.0373,-0.1428,1.1329,-2.360,0.327,-0.393
3022037,1863,1904,1902,-0.0384,-0.1420,1.1326,-2.342,0.230,-0.272
3022047,1907,1912,1897,-0.0368,-0.1417,1.1346,-2.339,0.072,-0.255
3022057,1865,1902,1917,-0.0358,-0.1436,1.1341,-2.321,0.034,-0.296
3022067,1921,1919,1901,-0.0359,-0.1432,1.1344,-2.162,-0.011,-0.267
3022077,1863,1901,1896,-0.0363,-0.1435,1.1345,-2.022,-0.046,-0.197
3022087,1909,1910,2075,-0.0369,-0.1457,1.1337,-1.926,-0.085,-0.132
3022097,1865,1907,1907,-0.0374,-0.1473,1.1339,-1.833,-0.135,-0.065
3022107,1919,1920,1903,-0.0377,-0.1468,1.1348,-1.785,-0.231,0.036
3022117,1862,1904,1896,-0.0388,-0.1461,1.1340,-1.821,-0.294,0.116
3022127,1913,1921,1893,-0.0389,-0.1445,1.1341,-1.924,-0.358,0.128
3022137,1858,1905,1894,-0.0391,-0.1444,1.1343,-1.984,-0.405,0.077
3022147,1900,1916,1946,-0.0386,-0.1449,1.1335,-1.911,-0.438,-0.006
3022157,1864,1905,1903,-0.0380,-0.1461,1.1341,-1.759,-0.470,-0.121
3022167,1915,1914,1915,-0.0376,-0.1465,1.1328,-1.539,-0.490,-0.205
3022177,1860,1903,1909,-0.0382,-0.1462,1.1329,-1.320,-0.511,-0.215
3022187,1929,1926,1894,-0.0384,-0.1461,1.1347,-1.150,-0.541,-0.174
3022197,1869,1904,1945,-0.0387,-0.1452,1.1345,-1.071,-0.552,-0.124
3022207,1908,1918,1900,-0.0389,-0.1462,1.1337,-1.074,-0.553,-0.055
3022217,1862,1901,1901,-0.0390,-0.1460,1.1334,-1.107,-0.548,0.017
3022227,1937,1929,1932,-0.0392,-0.1453,1.1335,-1.169,-0.562,0.062
3022237,1860,1904,1901,-0.0398,-0.1457,1.1323,-1.242,-0.556,0.068
3022247,1916,1919,1917,-0.0406,-0.1460,1.1328,-1.341,-0.568,0.046
3022257,1860,1903,1902,-0.0403,-0.1461,1.1318,-1.487,-0.611,0.002
3022267,1912,1921,1910,-0.0398,-0.1469,1.1338,-1.643,-0.642,-0.059
3022277,1873,1902,2007,-0.0385,-0.1471,1.1346,-1.752,-0.669,-0.113
3022287,1924,1924,1925,-0.0378,-0.1476,1.1347,-1.750,-0.672,-0.164
3022297,1860,1903,1896,-0.0386,-0.1476,1.1346,-1.617,-0.657,-0.237
3022307,1915,1911,1900,-0.0389,-0.1477,1.1354,-1.316,-0.628,-0.327
3022317,1867,1904,1900,-0.0388,-0.1483,1.1352,-0.909,-0.605,-0.418
3022327,1917,1920,1902,-0.0391,-0.1481,1.1353,-0.455,-0.619,-0.472
3022337,1860,1904,1895,-0.0394,-0.1477,1.1362,-0.010,-0.634,-0.463
3022347,1918,1932,1902,-0.0412,-0.1482,1.1363,0.335,-0.648,-0.400
3022357,1864,1904,1900,-0.0412,-0.1476,1.1364,0.486,-0.756,-0.288
3022367,1910,1922,1905,-0.0412,-0.1466,1.1359,0.516,-0.896,-0.164
3022377,1861,1903,1900,-0.0419,-0.1457,1.1355,0.428,-1.089,-0.072
3022387,1912,1919,1903,-0.0420,-0.1461,1.1358,0.301,-1.307,-0.053
3022397,1864,1903,1898,-0.0417,-0.1466,1.1352,0.211,-1.500,-0.062
3022407,1919,1920,1904,-0.0411,-0.1460,1.1356,0.112,-1.743,-0.117
3022417,1862,1904,1939,-0.0411,-0.1461,1.1339,0.100,-1.945,-0.216
3022427,1904,1917,1898,-0.0392,-0.1462,1.1355,0.099,-2.230,-0.311
3022437,1860,1902,1901,-0.0379,-0.1458,1.1356,0.201,-2.420,-0.395
3022447,1914,1926,1895,-0.0363,-0.1471,1.1354,0.386,-2.540,-0.439
3022457,1864,1904,1895,-0.0351,-0.1476,1.1353,0.641,-2.628,-0.391
3022467,1918,1932,1903,-0.0352,-0.1482,1.1343,0.882,-2.681,-0.261
3022477,1867,1905,1988,-0.0343,-0.1486,1.1334,1.099,-2.729,-0.067
3022487,1900,1904,2114,-0.0341,-0.1484,1.1337,1.308,-2.765,0.167
3022497,1870,1904,1995,-0.0334,-0.1482,1.1329,1.540,-2.790,0.392
3022507,1916,1922,2015,-0.0317,-0.1486,1.1344,1.847,-2.749,0.577
3022517,1863,1909,1904,-0.0294,-0.1480,1.1332,2.279,-2.616,0.739
3022527,1928,1926,1909,-0.0288,-0.1470,1.1313,2.856,-2.322,0.869
3022537,1868,1903,1983,-0.0290,-0.1477,1.1303,3.582,-1.953,0.941
3022547,1910,1918,1896,-0.0277,-0.1464,1.1324,4.462,-1.538,0.981
3022557,1869,1904,1904,-0.0273,-0.1450,1.1324,5.304,-1.086,0.980
3022567,1921,1933,1899,-0.0260,-0.1427,1.1327,6.023,-0.564,0.966
3022577,1872,1911,1901,-0.0261,-0.1399,1.1307,6.505,-0.065,0.940
3022587,1920,1932,1971,-0.0238,-0.1377,1.1286,6.678,0.419,0.923
3022597,1882,1907,1897,-0.0216,-0.1373,1.1333,6.450,0.718,0.880
3022607,1911,1917,1893,-0.0217,-0.1350,1.1362,5.920,1.027,0.878
3022617,1863,1904,1897,-0.0215,-0.1314,1.1350,5.243,1.425,0.928
3022627,1914,1928,1894,-0.0183,-0.1321,1.1399,4.403,1.535,0.950
3022637,1864,1905,1895,-0.0172,-0.1302,1.1314,3.813,1.862,1.095
3022647,1904,1918,1903,-0.0174,-0.1280,1.1332,3.268,2.046,1.311
3022657,1864,1904,1912,-0.0233,-0.1260,1.1314,2.926,2.217,1.488
3022667,1909,1928,1933,-0.0310,-0.1230,1.1398,2.529,2.236,1.574
3022677,1862,1903,1894,-0.0368,-0.1170,1.1352,2.238,2.494,1.631
3022687,1922,1916,1897,-0.0416,-0.1145,1.1408,1.889,2.440,1.695
3022697,1865,1904,1902,-0.0424,-0.1129,1.1338,1.543,2.582,1.602
3022707,1910,1922,1895,-0.0428,-0.1158,1.1382,1.197,2.503,1.571
3022717,1870,1903,1899,-0.0442,-0.1134,1.1312,0.536,2.388,1.519
3022727,1910,1921,1898,-0.0499,-0.1139,1.1435,-0.164,2.357,1.426
3022737,1870,1903,1896,-0.0578,-0.1151,1.1415,-1.536,2.252,1.099
3022747,1904,1919,1902,-0.0601,-0.1100,1.1372,-2.822,2.418,1.032
3022757,1868,1903,1895,-0.0586,-0.1094,1.1422,-4.308,2.080,1.047
3022767,1901,1919,1904,-0.0587,-0.1130,1.1399,-5.850,2.026,0.594
3022777,1869,1903,1901,-0.0617,-0.1173,1.1412,-7.532,1.855,-0.078
3022787,1912,1928,1904,-0.0617,-0.1191,1.1359,-9.007,1.883,-0.581
3022797,1870,1904,1903,-0.0602,-0.1198,1.1345,-10.351,1.771,-0.962
3022807,1909,1917,1903,-0.0572,-0.1277,1.1354,-11.443,1.676,-1.415
3022817,1869,1904,1895,-0.0536,-0.1377,1.1339,-12.364,1.692,-1.904
3022827,1907,1929,1925,-0.0529,-0.1429,1.1369,-13.247,1.619,-2.195
3022837,1869,1904,1914,-0.0532,-0.1431,1.1328,-13.817,1.740,-2.191
3022847,1908,1921,1922,-0.0544,-0.1455,1.1348,-14.168,1.815,-2.156
3022857,1870,1904,1895,-0.0556,-0.1505,1.1348,-14.428,1.835,-2.276
3022867,1908,1924,1940,-0.0566,-0.1534,1.1334,-14.381,1.926,-2.473
3022877,1903,1905,1897,-0.0562,-0.1557,1.1321,-14.063,1.923,-2.634
3022887,1902,1920,1914,-0.0550,-0.1575,1.1302,-13.594,1.990,-2.787
3022897,1865,1903,1894,-0.0553,-0.1596,1.1292,-12.969,2.032,-2.912
3022907,1906,1913,1905,-0.0564,-0.1605,1.1305,-12.421,2.039,-2.932
3022917,1872,1905,1921,-0.0556,-0.1614,1.1266,-11.857,2.089,-2.884
3022927,1902,1919,1893,-0.0565,-0.1638,1.1278,-11.330,2.043,-2.807
3022937,1871,1906,1895,-0.0566,-0.1658,1.1257,-10.863,1.995,-2.672
3022947,1917,1921,1903,-0.0564,-0.1664,1.1257,-10.459,1.898,-2.471
3022957,1893,1903,1894,-0.0562,-0.1656,1.1256,-10.204,1.711,-2.245
3022967,1918,1926,1903,-0.0556,-0.1647,1.1287,-10.046,1.522,-2.042
3022977,1869,1910,1897,-0.0564,-0.1670,1.1283,-10.005,1.402,-1.888
3022987,1900,1917,1901,-0.0563,-0.1708,1.1272,-9.957,1.369,-1.764
3022997,1872,1905,1894,-0.0570,-0.1738,1.1274,-9.931,1.256,-1.659
3023007,1898,1911,1903,-0.0567,-0.1766,1.1264,-9.866,1.137,-1.553
3023017,1871,1903,1897,-0.0571,-0.1798,1.1273,-9.779,0.979,-1.470
3023027,1894,1912,1902,-0.0562,-0.1822,1.1285,-9.665,0.804,-1.358
3023037,1865,1906,1899,-0.0555,-0.1849,1.1285,-9.486,0.645,-1.206
3023047,1906,1910,1897,-0.0557,-0.1870,1.1290,-9.190,0.524,-1.025
3023057,1887,1912,1899,-0.0562,-0.1912,1.1290,-8.748,0.426,-0.837
3023067,1897,1910,1902,-0.0561,-0.1955,1.1278,-8.121,0.358,-0.635
3023077,1932,1931,1904,-0.0547,-0.1986,1.1293,-7.325,0.286,-0.378
3023087,1916,1913,1901,-0.0542,-0.2018,1.1281,-6.349,0.274,-0.052
3023097,1840,1905,1897,-0.0536,-0.2031,1.1296,-5.203,0.287,0.332
3023107,1918,1925,1902,-0.0534,-0.2034,1.1309,-3.955,0.264,0.737
3023117,1874,1904,1894,-0.0562,-0.2003,1.1296,-2.568,0.358,1.145
3023127,1845,1921,1902,-0.0566,-0.1975,1.1323,-1.097,0.337,1.456
3023137,1844,1916,1901,-0.0568,-0.1977,1.1310,0.228,0.475,1.539
3023147,1858,1935,1906,-0.0594,-0.1951,1.1327,1.393,0.546,1.600
3023157,1866,1903,1896,-0.0633,-0.1889,1.1336,2.357,0.582,1.692
3023167,1857,1923,1908,-0.0667,-0.1855,1.1386,2.990,0.529,1.697
3023177,1877,1927,1899,-0.0710,-0.1856,1.1430,3.163,0.413,1.585
3023187,1828,1911,1900,-0.0774,-0.1864,1.1483,2.983,0.258,1.486
3023197,2130,1904,1906,-0.0852,-0.1864,1.1500,2.658,0.037,1.538
3023207,1922,1903,1900,-0.0960,-0.1878,1.1572,2.233,-0.398,1.694
3023217,1871,1959,1891,-0.1011,-0.1932,1.1578,1.893,-1.028,1.886
3023227,1890,1912,1900,-0.0993,-0.1971,1.1570,2.054,-1.770,2.222
3023237,1862,1992,1915,-0.1027,-0.1984,1.1794,2.505,-3.017,2.741
3023247,1879,1905,1895,-0.0928,-0.2144,1.1905,3.082,-3.914,3.398
3023257,1847,1923,1895,-0.0834,-0.2262,1.2079,3.462,-4.033,4.184
3023267,1844,1942,1908,-0.0808,-0.2318,1.2230,3.389,-3.712,5.064
3023277,2392,1904,1896,-0.0679,-0.2297,1.2332,3.288,-2.324,5.912
3023287,2125,1933,1902,-0.0507,-0.2297,1.2510,2.822,-0.686,6.647
3023297,1837,1923,1903,-0.0389,-0.2311,1.2529,2.559,1.925,7.435
3023307,1877,1918,1897,-0.0315,-0.2385,1.2610,2.386,4.976,8.407
3023317,1934,1941,1903,-0.0281,-0.2509,1.2664,2.066,8.247,9.539
3023327,1960,1922,1904,-0.0272,-0.2650,1.2724,1.112,11.632,10.900
3023337,1914,1909,1899,-0.0274,-0.2724,1.2796,-0.505,15.033,12.588
3023347,1898,1926,1904,-0.0278,-0.2736,1.2881,-2.740,18.540,14.542
3023357,1893,1928,1896,-0.0260,-0.2772,1.2982,-5.619,22.138,16.514
3023367,1847,1905,1895,-0.0237,-0.2847,1.3034,-8.714,25.906,18.587
3023377,1851,1926,1900,-0.0229,-0.2940,1.3062,-11.755,29.819,20.967
3023387,2350,1986,1919,-0.0249,-0.3038,1.3091,-14.662,33.666,23.761
3023397,1865,1926,1894,-0.0287,-0.3115,1.3114,-17.535,37.384,26.954
3023407,1870,1985,1903,-0.0343,-0.3179,1.3081,-20.483,41.106,30.415
3023417,1825,1917,1896,-0.0410,-0.3236,1.3031,-23.604,44.638,33.977
3023427,1892,1905,1900,-0.0460,-0.3283,1.2917,-26.839,48.040,37.597
3023437,1944,1904,1898,-0.0510,-0.3328,1.2825,-30.217,51.038,41.337
3023447,1842,1962,1912,-0.0564,-0.3325,1.2700,-33.789,53.709,45.205
3023457,2095,1915,1899,-0.0624,-0.3307,1.2637,-37.725,55.983,49.153
3023467,1913,1962,1903,-0.0676,-0.3309,1.2588,-42.182,57.941,53.020
3023477,1838,1930,1897,-0.0728,-0.3345,1.2555,-47.338,59.876,56.733
3023487,1943,1929,1901,-0.0799,-0.3410,1.2498,-53.285,61.853,60.412
3023497,1866,1919,1900,-0.0904,-0.3529,1.2416,-59.961,63.999,64.331
3023507,2050,1967,1901,-0.0986,-0.3624,1.2309,-66.959,66.329,68.901
3023517,1845,1916,1898,-0.1107,-0.3741,1.2134,-73.807,68.696,73.762
3023527,1913,1936,1910,-0.1235,-0.3819,1.1935,-80.017,70.901,78.705
3023537,1910,1902,1896,-0.1370,-0.3886,1.1710,-85.138,72.923,83.683
3023547,1901,1929,1902,-0.1557,-0.3951,1.1487,-89.007,74.592,88.255
3023557,1880,1904,1895,-0.1708,-0.4060,1.1271,-91.656,75.946,92.539
3023567,1902,1913,1905,-0.1878,-0.4205,1.1035,-93.234,77.002,96.477
3023577,1838,1949,1908,-0.2037,-0.4306,1.0840,-93.638,77.830,100.520
3023587,2059,2007,1918,-0.2169,-0.4397,1.0603,-92.821,78.574,104.660
3023597,1836,1968,1895,-0.2321,-0.4494,1.0365,-90.889,79.165,108.394
3023607,1875,1940,1930,-0.2459,-0.4519,1.0155,-87.945,79.567,112.267
3023617,1839,2050,1904,-0.2621,-0.4455,0.9895,-83.980,80.048,116.392
3023627,1891,1939,1910,-0.2770,-0.4351,0.9661,-79.001,80.550,120.335
3023637,1927,1904,1894,-0.2921,-0.4255,0.9493,-73.526,80.818,123.649
3023647,1865,1991,1902,-0.3076,-0.4191,0.9327,-67.852,81.038,126.235
3023657,1826,1906,1895,-0.3197,-0.4131,0.9183,-62.545,81.312,128.632
3023667,1824,1925,1896,-0.3330,-0.4070,0.9004,-58.238,81.461,131.121
3023677,1874,1903,1900,-0.3487,-0.3956,0.8784,-54.780,81.513,133.837
3023687,1855,1905,1895,-0.3641,-0.3757,0.8568,-52.047,81.448,137.229
3023697,1843,1945,1902,-0.3763,-0.3546,0.8390,-50.157,81.020,140.834
3023707,2196,1944,1936,-0.3931,-0.3332,0.8191,-48.870,80.299,143.879
3023717,1823,1924,1894,-0.4086,-0.3090,0.7975,-48.124,79.345,146.778
3023727,1940,1956,1953,-0.4240,-0.2782,0.7725,-47.892,78.220,149.875
3023737,1844,1931,1952,-0.4397,-0.2510,0.7492,-48.035,76.720,152.741
3023747,2343,1914,1895,-0.4569,-0.2278,0.7232,-48.656,74.452,154.898
3023757,1847,1988,1898,-0.4710,-0.2072,0.7070,-49.653,71.538,156.619
3023767,2095,1903,1897,-0.4880,-0.1836,0.6858,-51.109,68.452,158.281
3023777,1848,1919,1895,-0.4999,-0.1566,0.6651,-52.633,65.113,160.130
3023787,1867,1944,1900,-0.5127,-0.1291,0.6463,-54.611,61.272,161.933
3023797,1964,1904,1900,-0.5238,-0.1015,0.6319,-57.185,56.825,163.399
3023807,2021,1936,1934,-0.5327,-0.0693,0.6283,-60.349,51.895,164.722
3023817,1825,1910,1922,-0.5402,-0.0371,0.6274,-64.052,46.809,165.726
3023827,1931,1917,1898,-0.5491,-0.0061,0.6237,-67.839,41.983,165.905
3023837,1825,1947,1899,-0.5523,0.0170,0.6157,-71.375,37.341,165.164
3023847,1912,1937,1932,-0.5572,0.0250,0.6057,-74.594,32.789,163.399
3023857,2031,1906,1918,-0.5633,0.0184,0.5930,-77.250,28.064,160.579
3023867,1841,1902,1903,-0.5721,0.0076,0.5816,-79.364,23.162,157.724
3023877,1854,1938,1922,-0.5794,0.0010,0.5757,-80.745,18.031,155.809
3023887,1894,1986,1933,-0.5895,0.0153,0.5916,-81.175,12.561,155.200
3023897,2374,1922,1900,-0.5902,0.0395,0.6028,-80.507,7.619,155.671
3023907,1843,1955,1915,-0.5882,0.0697,0.6122,-78.849,3.307,155.900
3023917,1831,1963,1896,-0.5894,0.1020,0.6260,-76.759,-0.870,155.037
3023927,1835,1903,1913,-0.5854,0.1208,0.6299,-74.169,-4.395,152.981
3023937,1846,1904,1897,-0.5898,0.1305,0.6358,-71.139,-7.709,149.401
3023947,1862,1939,1968,-0.6047,0.1404,0.6457,-67.783,-10.895,145.194
3023957,2325,1909,1913,-0.6127,0.1612,0.6600,-64.015,-13.753,141.863
3023967,1835,1917,1914,-0.6166,0.1960,0.6783,-60.199,-16.321,139.330
3023977,2096,1907,1908,-0.6175,0.2328,0.6951,-56.443,-18.443,136.459
3023987,1826,2110,1905,-0.6315,0.2658,0.7067,-52.945,-20.204,132.141
3023997,1840,1903,1904,-0.6416,0.2877,0.7199,-50.628,-22.146,126.755
3024007,1886,1956,1904,-0.6469,0.3048,0.7411,-49.313,-24.290,121.106
3024017,1845,1943,2119,-0.6612,0.3315,0.7650,-48.876,-26.308,115.885
3024027,1947,1928,1904,-0.6698,0.3641,0.7915,-49.289,-27.904,111.227
3024037,1904,1949,1895,-0.6702,0.3994,0.8277,-50.457,-29.200,106.812
3024047,1946,1975,1904,-0.6734,0.4278,0.8618,-52.090,-29.937,101.672
3024057,2043,2030,1949,-0.6786,0.4415,0.8878,-53.698,-30.002,95.299
3024067,1844,1905,1903,-0.6824,0.4483,0.9118,-55.118,-29.618,88.370
3024077,1834,1918,1936,-0.6878,0.4471,0.9309,-56.283,-28.787,81.203
3024087,2031,1918,1993,-0.6943,0.4399,0.9421,-56.633,-27.496,73.979
3024097,1849,1902,1917,-0.6996,0.4327,0.9506,-55.904,-25.932,66.896
3024107,1878,1906,1923,-0.7031,0.4234,0.9584,-54.256,-24.250,60.052
3024117,1843,1981,1903,-0.7041,0.4160,0.9682,-51.717,-22.432,53.475
3024127,1836,1989,1914,-0.7054,0.4055,0.9749,-48.653,-20.413,47.119
3024137,1884,1914,1896,-0.7083,0.3888,0.9732,-45.283,-18.100,40.782
3024147,1917,1910,1945,-0.7108,0.3699,0.9721,-41.955,-15.958,34.540
3024157,2296,1903,1905,-0.7146,0.3527,0.9685,-38.707,-14.024,28.680
3024167,1829,1902,1900,-0.7170,0.3353,0.9597,-35.473,-11.999,23.544
3024177,1968,1908,1903,-0.7154,0.3159,0.9578,-32.333,-10.114,19.065
3024187,1842,1903,1920,-0.7116,0.2931,0.9500,-29.406,-8.328,15.040
3024197,1877,1951,1896,-0.7092,0.2691,0.9353,-26.487,-6.408,11.500
3024207,2012,1917,1905,-0.7090,0.2501,0.9263,-23.987,-4.762,8.695
3024217,1835,1904,1896,-0.7072,0.2299,0.9130,-21.869,-3.409,6.420
3024227,1830,1914,1906,-0.7066,0.2109,0.8961,-19.781,-2.225,4.549
3024237,1858,1908,1897,-0.7062,0.1950,0.8821,-17.833,-1.437,3.150
3024247,1898,1916,1899,-0.7036,0.1766,0.8657,-16.130,-0.941,1.896
3024257,1892,1916,1939,-0.7015,0.1607,0.8538,-14.416,-0.762,0.716
3024267,1901,1935,1967,-0.6994,0.1516,0.8444,-12.574,-0.734,-0.056
3024277,1861,1961,1905,-0.6967,0.1471,0.8335,-10.532,-0.687,-0.528
3024287,1857,1913,1929,-0.6929,0.1416,0.8242,-8.478,-0.812,-0.905
3024297,1913,1965,1909,-0.6905,0.1362,0.8182,-6.358,-1.110,-1.211
3024307,1946,1972,1924,-0.6880,0.1317,0.8121,-4.217,-1.525,-1.490
3024317,1918,1949,1923,-0.6858,0.1288,0.8068,-2.043,-2.015,-1.730
3024327,1852,1915,1926,-0.6822,0.1248,0.8030,0.173,-2.509,-1.814
3024337,1849,1956,1898,-0.6790,0.1222,0.8016,1.943,-3.054,-1.690
3024347,2190,1938,1946,-0.6757,0.1185,0.8071,2.980,-3.623,-1.369
3024357,1910,1930,1912,-0.6722,0.1171,0.8152,3.064,-4.160,-0.900
3024367,1911,1970,1959,-0.6695,0.1171,0.8179,2.573,-4.381,-0.339
3024377,1828,1947,1900,-0.6698,0.1148,0.8133,1.743,-4.385,0.257
3024387,1840,1993,1900,-0.6708,0.1129,0.8152,0.802,-4.507,0.908
3024397,1823,1905,1902,-0.6719,0.1142,0.8258,-0.331,-4.735,1.631
3024407,1894,1965,1978,-0.6707,0.1199,0.8289,-1.331,-4.594,2.369
3024417,2628,1946,2040,-0.6692,0.1268,0.8269,-2.169,-4.225,3.009
3024427,1959,1926,1921,-0.6690,0.1343,0.8322,-2.858,-4.082,3.549
3024437,2399,2008,1952,-0.6708,0.1340,0.8409,-3.417,-4.065,3.850
3024447,1930,2001,1910,-0.6697,0.1251,0.8446,-3.613,-3.848,3.895
3024457,2350,1909,1971,-0.6673,0.1211,0.8539,-3.290,-3.576,3.876
3024467,1996,1904,1903,-0.6623,0.1153,0.8648,-1.154,-2.559,3.232
3024477,1995,1941,1979,-0.6587,0.1238,0.8909,1.933,-1.256,2.388
3024487,2350,2001,1910,-0.6590,0.1496,0.9094,5.787,0.987,1.542
3024497,2065,1904,1926,-0.6571,0.1760,0.8936,10.444,4.468,0.730
3024507,2416,1904,1901,-0.6587,0.1868,0.8661,15.457,7.787,-0.420
3024517,2237,1906,1895,-0.6709,0.1858,0.8498,19.759,9.430,-2.728
3024527,2346,1950,1897,-0.6895,0.1764,0.8183,23.041,10.243,-5.232
3024537,2457,1941,1912,-0.7027,0.1649,0.7927,25.055,10.360,-6.457
3024547,2327,1928,1951,-0.7135,0.1702,0.7961,24.824,9.078,-6.137
3024557,2082,1905,1914,-0.7149,0.1931,0.8091,22.196,7.504,-4.594
3024567,1817,1979,1901,-0.7002,0.2150,0.8251,18.000,6.156,-2.645
3024577,1841,1922,1897,-0.6936,0.2316,0.8433,12.968,4.940,-1.904
3024587,1842,1997,2101,-0.6865,0.2435,0.8661,7.588,4.024,-2.099
3024597,1863,1906,1902,-0.6812,0.2417,0.8707,2.637,3.916,-2.821
3024607,1928,1913,2032,-0.6821,0.2297,0.8588,-1.150,4.353,-4.010
3024617,1864,1914,2071,-0.6858,0.2065,0.8428,-3.678,4.572,-5.639
3024627,1847,1948,2056,-0.6905,0.1730,0.8411,-4.955,4.200,-7.467
3024637,2288,1928,1947,-0.6998,0.1511,0.8433,-5.119,3.926,-8.583
3024647,1889,1916,1970,-0.7037,0.1537,0.8504,-4.117,4.335,-7.981
3024657,2127,1998,1932,-0.6991,0.1580,0.8579,-2.934,5.014,-6.689
3024667,1975,1944,1970,-0.6951,0.1426,0.8541,-2.019,5.627,-6.513
3024677,1819,1973,1898,-0.6959,0.1201,0.8422,-1.287,6.143,-6.947
3024687,1861,1915,1901,-0.7031,0.0951,0.8158,-0.511,6.540,-7.133
3024697,1971,1946,1967,-0.7209,0.0689,0.7761,0.598,6.365,-7.156
3024707,1895,1903,1894,-0.7397,0.0524,0.7509,2.035,5.282,-6.423
3024717,1866,1918,1896,-0.7487,0.0595,0.7437,3.374,3.597,-4.138
3024727,2085,1968,2046,-0.7485,0.0829,0.7459,4.571,1.984,-0.887
3024737,1868,1905,1933,-0.7340,0.1087,0.7626,5.245,0.550,2.484
3024747,1890,1903,2460,-0.7288,0.1360,0.7858,4.741,-0.836,4.639
3024757,1823,1904,1979,-0.7206,0.1598,0.8033,3.131,-1.714,6.076
3024767,1885,1902,1902,-0.7166,0.1752,0.8129,0.694,-2.090,7.006
3024777,1835,1910,2053,-0.7146,0.1860,0.8200,-2.261,-2.363,7.297
3024787,1831,1960,1898,-0.7125,0.1888,0.8257,-5.301,-2.570,7.198
3024797,3064,2003,1903,-0.7074,0.1927,0.8344,-8.175,-2.694,6.836
3024807,1851,1913,1950,-0.7031,0.1881,0.8325,-10.716,-2.516,6.198
3024817,4095,2205,2039,-0.7035,0.1833,0.8279,-12.224,-1.996,5.374
3024827,2453,1963,1996,-0.7018,0.1828,0.8347,-12.651,-1.620,4.445
3024837,1994,1900,1909,-0.6925,0.1746,0.8439,-12.196,-1.099,3.217
3024847,2668,1910,1900,-0.6861,0.1647,0.8529,-10.872,-0.136,1.799
3024857,1857,1912,1892,-0.6858,0.1550,0.8408,-8.933,1.339,0.436
3024867,2104,1905,1892,-0.7020,0.1445,0.8015,-6.204,3.037,-0.800
3024877,1822,1903,1901,-0.7226,0.1296,0.7558,-2.786,3.738,-1.884
3024887,1893,1904,1892,-0.7355,0.1176,0.7312,1.232,2.733,-2.534
3024897,2213,1920,1905,-0.7435,0.1174,0.7203,5.580,1.048,-2.221
3024907,1823,1921,1927,-0.7366,0.1361,0.7530,9.571,-0.797,-0.824
3024917,1823,1945,1916,-0.7186,0.1661,0.7963,10.818,-2.489,1.359
3024927,1875,1953,1970,-0.7115,0.1936,0.8162,10.335,-2.722,2.711
3024937,2364,1902,1973,-0.6971,0.2265,0.8417,7.707,-2.417,4.051
3024947,1824,1903,1995,-0.6890,0.2368,0.8513,4.090,-1.875,3.792
3024957,1853,1901,1900,-0.6877,0.2283,0.8511,0.881,-1.139,1.638
3024967,1821,1901,1899,-0.6915,0.2132,0.8458,-1.561,-0.390,-0.818
3024977,1844,1902,1897,-0.6936,0.1983,0.8337,-2.872,0.437,-2.560
3024987,1838,1903,1892,-0.6941,0.1811,0.8187,-3.074,1.152,-3.592
3024997,1820,1902,1896,-0.6929,0.1593,0.8179,-2.096,1.410,-4.628
3025007,2029,1903,1921,-0.6955,0.1433,0.8166,-0.471,1.422,-5.523
3025017,1856,1903,1907,-0.6990,0.1364,0.8063,1.986,1.966,-5.742
3025027,1851,1913,1902,-0.6945,0.1378,0.8065,4.365,2.315,-5.076
3025037,1890,1904,1976,-0.6957,0.1350,0.8011,6.406,2.306,-4.710
3025047,1832,1904,1903,-0.7006,0.1335,0.7920,8.381,2.293,-4.529
3025057,1826,1949,1902,-0.7037,0.1370,0.7946,9.636,1.847,-3.825
3025067,1933,1934,1925,-0.7071,0.1428,0.7901,10.079,1.390,-2.901
3025077,1823,1902,1904,-0.7089,0.1523,0.7942,9.698,0.873,-1.555
3025087,1930,1967,1936,-0.7110,0.1577,0.7956,8.056,0.137,-0.067
3025097,2149,1945,2156,-0.7138,0.1547,0.7898,5.468,-0.652,1.022
3025107,1815,1901,2289,-0.7165,0.1481,0.7932,2.099,-2.011,1.983
3025117,1841,1903,1928,-0.7190,0.1408,0.7941,-1.388,-3.454,2.874
3025127,2064,1930,1908,-0.7220,0.1340,0.7841,-4.018,-4.356,3.878
3025137,1847,1906,1917,-0.7204,0.1301,0.7809,-5.569,-5.231,4.929
3025147,1913,1920,1949,-0.7227,0.1328,0.7847,-5.869,-6.157,5.789
3025157,1825,1931,1904,-0.7265,0.1435,0.7873,-4.725,-6.725,6.370
3025167,1907,1900,1918,-0.7251,0.1614,0.8017,-2.712,-7.033,6.661
3025177,1873,1904,1945,-0.7160,0.1850,0.8228,-0.692,-7.245,6.957
3025187,1848,1988,2094,-0.7071,0.2053,0.8308,1.367,-6.796,6.911
3025197,1956,1924,1930,-0.6996,0.2131,0.8403,2.794,-6.248,6.004
3025207,2203,1916,1926,-0.6961,0.2099,0.8507,3.037,-5.950,4.527
3025217,2479,1947,1898,-0.6951,0.2055,0.8534,2.997,-5.323,3.095
3025227,1878,1903,1895,-0.6941,0.1999,0.8570,2.747,-4.539,1.911
3025237,1898,1934,1939,-0.6908,0.1927,0.8568,2.283,-3.714,0.791
3025247,2335,1915,1894,-0.6889,0.1844,0.8511,2.039,-2.829,-0.287
3025257,2090,1965,1934,-0.6865,0.1744,0.8472,1.885,-2.110,-1.282
3025267,1945,1916,1899,-0.6873,0.1621,0.8447,1.770,-1.611,-2.300
3025277,1739,1940,1919,-0.6878,0.1569,0.8428,1.716,-1.142,-2.950
3025287,1716,1903,1919,-0.6863,0.1563,0.8409,1.937,-0.517,-2.985
3025297,1929,1900,1915,-0.6827,0.1507,0.8420,2.392,0.146,-3.049
3025307,1754,1933,1916,-0.6813,0.1448,0.8480,3.003,0.623,-3.440
3025317,1820,1901,1894,-0.6829,0.1343,0.8407,4.079,1.393,-4.057
3025327,2059,1902,1898,-0.6875,0.1195,0.8165,5.771,2.341,-4.410
3025337,1906,1901,1891,-0.6997,0.1041,0.7941,8.120,2.703,-4.418
3025347,1967,1928,1900,-0.7106,0.0988,0.7720,10.937,2.369,-3.822
3025357,1737,1914,1907,-0.7270,0.1134,0.7461,14.445,2.143,-2.132
3025367,1793,1901,1902,-0.7247,0.1465,0.7653,17.452,1.405,0.842
3025377,1916,1903,1898,-0.7144,0.1820,0.7863,17.417,-0.113,3.539
3025387,2444,1941,1896,-0.7149,0.2215,0.7936,15.120,-0.959,5.141
3025397,1741,1923,2054,-0.6959,0.2634,0.8200,10.185,-2.038,7.144
3025407,1779,1907,1896,-0.6874,0.2802,0.8300,3.826,-2.943,7.265
3025417,1776,1916,1899,-0.6863,0.2783,0.8362,-2.111,-3.719,4.899
3025427,2008,1938,1911,-0.6844,0.2625,0.8465,-7.306,-4.425,2.277
3025437,1777,1903,1897,-0.6855,0.2395,0.8414,-10.508,-4.315,-0.004
3025447,1732,1904,1902,-0.6839,0.2165,0.8345,-11.704,-3.854,-1.659
3025457,2354,1935,1912,-0.6856,0.1936,0.8278,-11.075,-3.382,-3.036
3025467,1723,1905,1906,-0.6902,0.1740,0.8171,-8.861,-2.792,-4.337
3025477,1698,1910,1896,-0.6941,0.1630,0.8074,-5.643,-2.334,-5.101
3025487,1679,1904,1893,-0.6966,0.1584,0.8034,-2.056,-2.054,-5.278
3025497,1713,1918,1894,-0.6963,0.1591,0.8040,1.183,-1.994,-5.187
3025507,1790,1958,1907,-0.6959,0.1643,0.8038,3.619,-2.057,-4.906
3025517,1710,1901,1899,-0.6946,0.1711,0.8045,5.296,-2.112,-4.453
3025527,1773,1919,1921,-0.6929,0.1774,0.8095,5.949,-2.356,-3.999
3025537,1698,1903,1920,-0.6921,0.1789,0.8130,5.440,-2.701,-3.672
3025547,1793,1990,1992,-0.6933,0.1822,0.8138,3.895,-3.002,-3.163
3025557,1693,1908,1903,-0.6935,0.1882,0.8211,1.606,-3.225,-2.185
3025567,1737,1903,1904,-0.6920,0.1916,0.8322,-1.276,-3.434,-1.171
3025577,1751,1931,1901,-0.6925,0.1942,0.8403,-4.279,-3.411,-0.548
3025587,1879,1933,1906,-0.6907,0.1942,0.8447,-6.848,-3.131,-0.081
3025597,1671,1904,1891,-0.6900,0.1873,0.8422,-8.882,-2.720,0.052
3025607,1750,1907,1908,-0.6899,0.1731,0.8355,-10.090,-2.367,-0.248
3025617,1752,1904,1896,-0.6919,0.1679,0.8336,-10.709,-2.171,-0.109
3025627,1725,1910,1899,-0.7095,0.1769,0.8166,-10.589,-1.342,0.597
3025637,1730,1905,1893,-0.7101,0.1957,0.8153,-10.101,-0.457,1.459
3025647,1680,1912,1901,-0.6997,0.2083,0.8325,-10.333,-0.650,1.756
3025657,1706,1909,1894,-0.7018,0.2184,0.8281,-10.167,-0.344,0.713
3025667,1979,1963,1929,-0.6950,0.2284,0.8279,-10.118,0.269,-0.195
3025677,1724,1906,1894,-0.6890,0.2214,0.8382,-11.069,0.136,-1.678
3025687,1753,1902,1898,-0.6933,0.2014,0.8346,-11.538,0.098,-4.489
3025697,1972,1942,1918,-0.6946,0.1855,0.8337,-11.319,0.244,-6.712
3025707,1695,1931,1926,-0.6955,0.1693,0.8345,-10.567,0.481,-7.914
3025717,1679,1921,1898,-0.7016,0.1525,0.8303,-8.746,0.940,-9.185
3025727,1701,1953,1916,-0.7030,0.1432,0.8303,-6.300,1.245,-10.092
3025737,1726,1902,1894,-0.7064,0.1376,0.8288,-3.309,1.623,-10.518
3025747,2382,1940,1934,-0.7084,0.1388,0.8301,-0.041,1.983,-10.700
3025757,1673,1900,1908,-0.7086,0.1455,0.8360,3.027,2.068,-10.725
3025767,1727,1900,1903,-0.7098,0.1565,0.8400,6.150,2.270,-10.872
3025777,1702,1904,1893,-0.7094,0.1722,0.8485,9.177,2.521,-11.107
3025787,2326,1909,1905,-0.7109,0.1900,0.8570,12.172,2.838,-11.723
3025797,1669,1905,1894,-0.7136,0.2084,0.8647,15.354,3.319,-12.896
3025807,1700,1901,1902,-0.7147,0.2301,0.8705,18.557,3.952,-14.386
3025817,1729,1904,1897,-0.7167,0.2520,0.8740,21.810,4.680,-16.228
3025827,1729,1936,1900,-0.7188,0.2712,0.8778,24.979,5.323,-18.612
3025837,1678,1902,1891,-0.7233,0.2861,0.8795,28.000,5.871,-21.656
3025847,1720,1902,1901,-0.7280,0.3001,0.8769,30.871,6.284,-25.124
3025857,1684,1901,1900,-0.7334,0.3095,0.8708,33.609,6.605,-28.771
3025867,1751,1903,1905,-0.7386,0.3133,0.8667,36.055,6.628,-32.667
3025877,1691,1917,1905,-0.7413,0.3150,0.8644,38.219,6.332,-36.722
3025887,1729,1909,1925,-0.7425,0.3168,0.8634,40.300,5.978,-40.711
3025897,1714,1905,1907,-0.7454,0.3195,0.8612,42.412,5.659,-44.619
3025907,1750,1902,1906,-0.7458,0.3226,0.8619,44.659,5.267,-48.535
3025917,1684,1904,1925,-0.7444,0.3211,0.8663,46.914,4.784,-52.551
3025927,1769,1961,1908,-0.7421,0.3173,0.8697,49.433,4.295,-56.647
3025937,1728,1905,1896,-0.7411,0.3157,0.8724,52.346,3.951,-60.744
3025947,1687,1901,1898,-0.7382,0.3100,0.8700,55.791,3.812,-64.956
3025957,1787,1970,1901,-0.7360,0.2983,0.8643,59.906,3.789,-69.543
3025967,1686,1944,1903,-0.7366,0.2825,0.8548,64.810,3.810,-74.426
3025977,1685,1905,1894,-0.7404,0.2690,0.8427,70.577,3.890,-79.031
3025987,1696,1907,1896,-0.7482,0.2603,0.8265,77.206,4.123,-83.071
3025997,1764,1926,1896,-0.7544,0.2525,0.8095,84.264,4.284,-86.625
3026007,1709,1921,1905,-0.7571,0.2449,0.7987,91.117,3.900,-90.006
3026017,1740,1907,1898,-0.7575,0.2402,0.7952,97.277,2.916,-93.237
3026027,1730,1906,1898,-0.7559,0.2409,0.7841,102.668,1.968,-95.938
3026037,1711,1916,1897,-0.7497,0.2413,0.7719,107.181,1.029,-98.108
3026047,1690,1928,1899,-0.7453,0.2376,0.7622,110.684,-0.463,-100.471
3026057,1869,1921,1896,-0.7407,0.2269,0.7469,113.603,-2.721,-103.513
3026067,1767,1905,1898,-0.7377,0.2149,0.7335,116.088,-5.152,-106.173
3026077,1705,1920,1895,-0.7379,0.2054,0.7146,118.445,-7.518,-108.259
3026087,1822,1904,1896,-0.7373,0.2002,0.6946,120.811,-9.867,-109.591
3026097,1735,1916,1897,-0.7348,0.1946,0.6806,122.740,-12.885,-110.668
3026107,1725,1903,1899,-0.7349,0.1894,0.6754,124.443,-16.554,-111.901
3026117,1720,1904,1896,-0.7281,0.1828,0.6719,125.714,-20.285,-112.561
3026127,1690,1905,1900,-0.7234,0.1701,0.6656,126.415,-23.957,-113.193
3026137,1676,1914,1902,-0.7235,0.1599,0.6598,126.527,-27.797,-113.596
3026147,1708,1904,1903,-0.7233,0.1547,0.6547,126.426,-31.868,-113.257
3026157,1740,1902,1911,-0.7212,0.1543,0.6521,126.157,-36.026,-112.157
3026167,1687,1901,1901,-0.7161,0.1556,0.6538,125.666,-40.439,-110.872
3026177,1713,1924,1919,-0.7092,0.1512,0.6564,124.752,-44.941,-109.774
3026187,1734,1913,1913,-0.7022,0.1462,0.6624,123.163,-49.384,-108.663
3026197,1716,1914,1904,-0.6923,0.1450,0.6673,120.791,-53.586,-107.036
3026207,1753,1912,1908,-0.6809,0.1454,0.6717,117.809,-57.478,-104.942
3026217,1698,1904,1903,-0.6738,0.1433,0.6762,114.239,-61.342,-102.925
3026227,1694,1902,1908,-0.6665,0.1450,0.6861,110.215,-65.442,-100.934
3026237,1810,1927,1915,-0.6566,0.1474,0.7001,105.862,-69.552,-98.842
3026247,1740,1906,1903,-0.6468,0.1499,0.7189,101.220,-73.529,-97.063
3026257,1701,1910,1904,-0.6370,0.1530,0.7374,96.504,-77.065,-95.933
3026267,1680,1907,1901,-0.6272,0.1587,0.7466,92.224,-79.652,-95.142
3026277,1751,1959,1906,-0.6130,0.1662,0.7553,88.441,-81.634,-94.580
3026287,1809,1905,1919,-0.6020,0.1677,0.7524,85.208,-83.099,-94.916
3026297,1682,2024,1898,-0.5978,0.1668,0.7304,82.734,-84.239,-96.159
3026307,1689,1946,1933,-0.5900,0.1611,0.7056,80.815,-86.004,-97.853
3026317,1691,1903,1906,-0.5823,0.1413,0.6712,79.295,-88.708,-100.470
3026327,1680,1901,1896,-0.5739,0.1080,0.6391,78.559,-92.462,-103.845
3026337,1749,1941,1934,-0.5522,0.0625,0.6222,78.059,-97.722,-106.892
3026347,1793,1903,1898,-0.5275,0.0074,0.6220,77.738,-104.160,-108.882
3026357,1740,1904,1912,-0.5011,-0.0378,0.6483,77.099,-111.460,-108.412
3026367,1720,1962,1898,-0.4767,-0.0479,0.6915,75.761,-118.648,-104.081
3026377,1874,1904,1916,-0.4496,-0.0194,0.7326,73.639,-124.352,-95.878
3026387,1844,1930,1904,-0.4220,0.0322,0.7708,70.680,-128.502,-85.985
3026397,1729,1922,1924,-0.3934,0.0789,0.8022,67.180,-131.899,-77.602
3026407,1734,1917,1901,-0.3675,0.1041,0.8256,63.524,-134.899,-72.441
3026417,1732,1914,1915,-0.3394,0.1113,0.8471,59.761,-137.714,-69.687
3026427,1790,1935,1900,-0.3107,0.1129,0.8765,55.680,-140.288,-67.710
3026437,1741,1927,1913,-0.2802,0.1159,0.9101,51.055,-142.449,-65.649
3026447,1721,1904,1894,-0.2490,0.1212,0.9465,45.614,-144.093,-63.562
3026457,1699,1923,1902,-0.2194,0.1223,0.9758,39.506,-144.895,-61.962
3026467,1702,1928,1894,-0.1879,0.1174,1.0044,33.292,-144.968,-61.092
3026477,1682,1903,1899,-0.1582,0.1048,1.0312,27.315,-144.451,-60.854
3026487,1756,1904,1895,-0.1358,0.0886,1.0526,22.282,-143.156,-60.835
3026497,1743,1904,1908,-0.1158,0.0795,1.0676,18.462,-141.139,-60.320
3026507,1708,1903,1901,-0.0985,0.0775,1.0817,15.792,-138.677,-59.392
3026517,1684,1920,1905,-0.0824,0.0815,1.0877,13.990,-135.730,-58.326
3026527,1681,1905,1895,-0.0689,0.0885,1.0885,13.071,-132.546,-57.611
3026537,1928,1926,1902,-0.0551,0.0976,1.0912,12.469,-129.628,-57.306
3026547,1829,1914,1906,-0.0376,0.1067,1.0916,11.768,-126.667,-57.303
3026557,1683,2035,1899,-0.0213,0.1138,1.0861,11.219,-123.850,-57.739
3026567,1807,1903,1894,-0.0066,0.1183,1.0842,10.379,-121.301,-58.495
3026577,1704,2049,1946,0.0113,0.1167,1.0831,8.853,-119.301,-59.442
3026587,1796,1902,1970,0.0226,0.1081,1.0768,6.900,-117.598,-60.672
3026597,1685,1956,1893,0.0392,0.0971,1.0879,4.541,-116.639,-61.365
3026607,1715,1907,1896,0.0593,0.0795,1.1124,1.469,-116.351,-61.199
3026617,1821,1957,1896,0.0850,0.0569,1.1413,-2.103,-116.042,-60.369
3026627,1720,1916,1895,0.1133,0.0319,1.1679,-5.918,-115.253,-58.707
3026637,1861,1925,1931,0.1412,0.0167,1.1907,-9.153,-113.614,-56.046
3026647,1754,1901,1899,0.1616,0.0115,1.2128,-11.500,-111.124,-52.452
3026657,1728,1958,1901,0.1827,0.0101,1.2372,-13.101,-108.178,-48.304
3026667,1689,1899,1907,0.1980,0.0103,1.2557,-13.645,-104.322,-44.381
3026677,1696,1965,1932,0.2100,0.0110,1.2705,-13.474,-99.907,-40.903
3026687,1732,1910,1905,0.2185,0.0083,1.2747,-12.622,-94.733,-38.155
3026697,1733,1967,1936,0.2238,0.0036,1.2826,-11.101,-89.448,-35.993
3026707,1727,1903,1904,0.2275,-0.0011,1.2881,-8.943,-83.975,-34.182
3026717,1745,1964,1912,0.2284,-0.0003,1.2973,-6.483,-78.492,-32.586
3026727,1719,1910,1896,0.2294,0.0040,1.2993,-3.745,-73.085,-31.087
3026737,1765,2005,1904,0.2306,0.0104,1.3040,-1.008,-67.797,-29.670
3026747,1743,1901,1985,0.2318,0.0153,1.3128,1.404,-62.822,-28.268
3026757,1771,2096,1895,0.2313,0.0241,1.3153,3.306,-58.115,-26.796
3026767,1717,2029,1911,0.2378,0.0183,1.3107,4.385,-53.236,-25.239
3026777,1811,1900,1894,0.2419,0.0050,1.3058,3.949,-49.040,-23.985
3026787,1724,1906,1929,0.2451,-0.0056,1.2937,3.007,-45.094,-22.422
3026797,1695,1980,1917,0.2458,-0.0199,1.2871,2.065,-41.438,-20.258
3026807,1710,1900,1899,0.2457,-0.0342,1.2779,1.506,-38.019,-17.718
3026817,1696,1953,1911,0.2449,-0.0426,1.2744,1.293,-34.900,-14.810
3026827,1860,1905,1902,0.2410,-0.0432,1.2642,1.953,-31.695,-11.633
3026837,1741,1936,1910,0.2430,-0.0439,1.2808,3.719,-28.680,-8.574
3026847,1720,1902,1895,0.2462,-0.0343,1.3203,5.876,-26.040,-5.736
3026857,1744,1971,1905,0.2430,-0.0092,1.3464,8.311,-22.294,-2.917
3026867,1742,1902,1902,0.2381,0.0271,1.3639,10.216,-17.639,0.284
3026877,1728,1935,1911,0.2357,0.0599,1.3660,11.608,-12.436,3.517
3026887,1748,1897,1894,0.2261,0.0728,1.3553,12.263,-7.496,4.679
3026897,1722,1933,1914,0.2117,0.0780,1.3373,12.037,-3.259,4.364
3026907,1737,1902,1892,0.1914,0.0834,1.3051,11.394,0.423,3.549
3026917,1736,1927,1927,0.1724,0.0904,1.2687,10.480,3.213,2.882
3026927,1737,1908,1900,0.1559,0.0962,1.2370,9.339,4.863,2.586
3026937,1704,1940,1932,0.1435,0.0987,1.2042,8.205,5.665,2.354
3026947,1719,1895,1936,0.1351,0.1003,1.1746,7.225,5.708,2.164
3026957,1736,1925,1897,0.1320,0.1014,1.1487,6.279,5.137,2.045
3026967,1727,1902,1894,0.1340,0.1024,1.1279,5.293,4.156,1.960
3026977,1742,1902,1912,0.1360,0.1015,1.1063,4.298,3.031,1.684
3026987,1742,1902,1919,0.1357,0.1028,1.0865,3.305,1.842,1.128
3026997,1739,1941,1917,0.1376,0.1065,1.0715,2.337,0.561,0.553
3027007,1736,1903,1903,0.1396,0.1116,1.0633,1.548,-0.717,0.014
3027017,1739,1977,2243,0.1450,0.1188,1.0705,0.554,-2.081,-0.389
3027027,1747,1911,1895,0.1499,0.1238,1.0800,-1.017,-3.246,-0.923
3027037,1746,1943,1979,0.1555,0.1288,1.0917,-3.449,-3.914,-1.580
3027047,1726,1909,1918,0.1618,0.1357,1.1122,-7.042,-4.355,-2.049
3027057,1743,1946,1940,0.1698,0.1392,1.1232,-11.381,-4.234,-2.621
3027067,1741,1901,1891,0.1812,0.1257,1.1369,-16.226,-3.694,-3.679
3027077,1730,1938,1901,0.1871,0.1072,1.1644,-21.720,-3.397,-5.108
3027087,1747,1902,1896,0.1919,0.0969,1.1888,-27.471,-2.393,-5.528
3027097,1743,1958,2114,0.1975,0.0885,1.2049,-32.918,-0.612,-4.853
3027107,1735,1904,1895,0.2005,0.0797,1.1932,-37.671,1.589,-4.362
3027117,1755,1973,2125,0.1993,0.0642,1.1888,-40.410,3.678,-4.055
3027127,1775,1905,1892,0.1906,0.0248,1.1786,-41.123,4.760,-5.386
3027137,1739,1937,1894,0.1730,-0.0057,1.1562,-37.856,6.169,-6.776
3027147,1746,1903,1891,0.1709,-0.0119,1.1544,-33.401,7.377,-5.166
3027157,1742,1946,1910,0.1665,-0.0140,1.1575,-28.277,8.004,-3.245
3027167,1744,1902,1891,0.1611,-0.0150,1.1508,-22.146,8.714,-2.444
3027177,1743,1939,1913,0.1608,-0.0115,1.1490,-16.019,9.537,-1.436
3027187,1743,1898,1899,0.1553,-0.0086,1.1481,-10.569,10.135,-0.772
3027197,1746,1971,1898,0.1465,-0.0029,1.1465,-6.159,10.543,-0.523
3027207,1743,1899,1905,0.1379,0.0088,1.1441,-3.134,10.888,-0.060
3027217,1745,1921,1901,0.1329,0.0196,1.1401,-1.488,11.065,0.239
3027227,1758,1905,1899,0.1309,0.0260,1.1373,-0.974,10.867,-0.055
3027237,1747,1937,1984,0.1302,0.0286,1.1376,-1.117,10.379,-0.763
3027247,1744,1901,1901,0.1298,0.0272,1.1400,-1.613,9.765,-1.608
3027257,1758,1943,1918,0.1272,0.0243,1.1396,-2.102,9.239,-2.448
3027267,1775,1900,1954,0.1262,0.0232,1.1412,-2.496,8.700,-2.942
3027277,1737,1924,1904,0.1272,0.0227,1.1447,-2.913,8.034,-3.047
3027287,1744,1905,1895,0.1269,0.0208,1.1475,-3.160,7.300,-3.178
3027297,1747,1942,1930,0.1266,0.0198,1.1476,-3.015,6.688,-3.206
3027307,1750,1904,1895,0.1262,0.0189,1.1450,-2.436,6.282,-3.079
3027317,1744,1952,1925,0.1248,0.0174,1.1429,-1.612,5.883,-3.022
3027327,1745,1905,1891,0.1227,0.0181,1.1408,-0.748,5.383,-2.925
3027337,1744,1937,1899,0.1215,0.0208,1.1403,0.015,4.909,-2.641
3027347,1789,1900,1909,0.1209,0.0253,1.1407,0.506,4.448,-2.258
3027357,1736,1979,1900,0.1206,0.0305,1.1419,0.608,3.897,-1.946
3027367,1746,1901,1895,0.1205,0.0349,1.1458,0.309,3.278,-1.777
3027377,1748,1937,1916,0.1212,0.0355,1.1477,-0.213,2.715,-1.761
3027387,1749,1904,1894,0.1209,0.0319,1.1463,-0.774,2.183,-1.929
3027397,1745,1950,1923,0.1200,0.0270,1.1429,-1.276,1.680,-2.086
3027407,1779,1899,1923,0.1205,0.0236,1.1415,-1.702,1.192,-1.985
3027417,1750,1943,1922,0.1204,0.0227,1.1394,-1.996,0.776,-1.709
3027427,1740,1911,1892,0.1219,0.0234,1.1420,-2.055,0.420,-1.393
3027437,1747,1945,1916,0.1235,0.0233,1.1434,-1.912,0.251,-1.075
3027447,1749,1897,1894,0.1221,0.0224,1.1422,-1.557,0.276,-0.986
3027457,1744,1933,1910,0.1205,0.0216,1.1397,-1.182,0.374,-0.934
3027467,1744,1907,1896,0.1187,0.0220,1.1379,-0.894,0.419,-0.804
3027477,1743,1939,1937,0.1176,0.0240,1.1380,-0.717,0.345,-0.697
3027487,1744,1906,1890,0.1177,0.0253,1.1416,-0.668,0.109,-0.689
3027497,1746,1945,1907,0.1183,0.0272,1.1462,-0.673,-0.172,-0.672
3027507,1752,1908,1893,0.1190,0.0290,1.1457,-0.667,-0.309,-0.604
3027517,1748,1939,1905,0.1192,0.0290,1.1445,-0.686,-0.389,-0.588
3027527,1749,1908,1893,0.1189,0.0287,1.1442,-0.825,-0.498,-0.688
3027537,1748,1950,1992,0.1198,0.0290,1.1427,-1.021,-0.610,-0.853
3027547,1755,1902,1906,0.1201,0.0294,1.1411,-1.251,-0.714,-0.996
3027557,1744,1940,1919,0.1201,0.0288,1.1422,-1.436,-0.814,-1.174
3027567,1748,1904,1892,0.1207,0.0266,1.1439,-1.556,-0.904,-1.405
3027577,1751,1972,1925,0.1208,0.0246,1.1422,-1.628,-0.934,-1.549
3027587,1749,1904,1892,0.1205,0.0246,1.1405,-1.705,-0.836,-1.490
3027597,1751,1948,1914,0.1197,0.0274,1.1392,-1.795,-0.742,-1.331
3027607,1769,1900,1897,0.1196,0.0307,1.1414,-1.906,-0.750,-1.265
3027617,1752,1948,1916,0.1202,0.0303,1.1448,-2.054,-0.836,-1.414
3027627,1755,1906,1901,0.1207,0.0293,1.1455,-2.123,-0.793,-1.649
3027637,1750,1960,1905,0.1207,0.0284,1.1439,-2.235,-0.662,-1.721
3027647,1751,1920,1896,0.1197,0.0267,1.1416,-2.521,-0.587,-1.745
3027657,1752,1940,1903,0.1185,0.0247,1.1402,-2.910,-0.602,-1.801
3027667,1753,1913,1899,0.1191,0.0242,1.1405,-3.330,-0.650,-1.774
3027677,1747,1955,1902,0.1198,0.0238,1.1415,-3.674,-0.707,-1.717
3027687,1757,1909,1902,0.1205,0.0229,1.1429,-3.788,-0.739,-1.606
3027697,1761,1953,1910,0.1210,0.0211,1.1429,-3.744,-0.707,-1.529
3027707,1757,1912,1902,0.1207,0.0193,1.1402,-3.590,-0.643,-1.486
3027717,1756,1945,1908,0.1191,0.0183,1.1394,-3.352,-0.584,-1.391
