1961512,1808,1854,1743,-0.1060,0.1352,1.1279,0.921,-0.425,0.314
1961522,1843,1829,2179,-0.1072,0.1352,1.1267,0.990,-0.340,0.319
1961532,1817,1867,1800,-0.1084,0.1345,1.1257,1.145,-0.221,0.255
1961542,1838,1838,1824,-0.1076,0.1337,1.1249,1.476,-0.142,0.119
1961552,1807,1863,1888,-0.1061,0.1332,1.1266,2.005,-0.087,-0.045
1961562,1838,1834,1978,-0.1049,0.1322,1.1290,2.661,-0.058,-0.199
1961572,1806,1861,1832,-0.1044,0.1335,1.1298,3.390,0.018,-0.328
1961582,1806,1832,1732,-0.1051,0.1344,1.1278,4.374,0.126,-0.381
1961592,1854,1849,1846,-0.1052,0.1374,1.1280,5.200,0.141,-0.303
1961602,1812,1838,1668,-0.1060,0.1408,1.1299,5.766,0.151,-0.168
1961612,1918,1841,1926,-0.1077,0.1452,1.1267,6.038,0.223,-0.061
1961622,1834,1835,1881,-0.1097,0.1495,1.1254,5.983,0.218,0.016
1961632,1807,1857,2006,-0.1099,0.1532,1.1258,5.637,0.073,0.047
1961642,1822,1836,1811,-0.1096,0.1554,1.1257,5.080,-0.102,0.046
1961652,1808,1871,1700,-0.1087,0.1567,1.1259,4.428,-0.286,0.043
1961662,1821,1833,1683,-0.1088,0.1565,1.1259,3.753,-0.400,0.051
1961672,1806,1870,1880,-0.1089,0.1559,1.1260,3.105,-0.442,0.087
1961682,1833,1837,1684,-0.1097,0.1542,1.1257,2.513,-0.475,0.166
1961692,1807,1870,1706,-0.1099,0.1534,1.1259,2.033,-0.519,0.279
1961702,1835,1840,1659,-0.1097,0.1520,1.1268,1.640,-0.554,0.408
1961712,1807,1868,1869,-0.1088,0.1521,1.1273,1.356,-0.600,0.564
1961722,1827,1838,1917,-0.1073,0.1511,1.1276,1.143,-0.627,0.722
1961732,1807,1873,1943,-0.1070,0.1517,1.1280,0.965,-0.608,0.867
1961742,1877,1835,1748,-0.1081,0.1520,1.1292,0.784,-0.610,0.973
1961752,1826,1882,1688,-0.1085,0.1525,1.1296,0.620,-0.647,1.112
1961762,1822,1839,1965,-0.1089,0.1535,1.1289,0.484,-0.662,1.269
1961772,1817,1882,1929,-0.1089,0.1542,1.1281,0.366,-0.737,1.428
1961782,1830,1856,1697,-0.1074,0.1535,1.1307,0.227,-0.889,1.613
1961792,1887,1881,1822,-0.1064,0.1530,1.1306,0.081,-0.984,1.853
1961802,1814,1843,2058,-0.1057,0.1527,1.1309,-0.111,-1.024,2.152
1961812,1927,1876,1916,-0.1042,0.1516,1.1320,-0.376,-1.066,2.449
1961822,2076,1844,1781,-0.1035,0.1496,1.1312,-0.757,-1.077,2.743
1961832,1813,1874,1930,-0.1037,0.1483,1.1305,-1.148,-1.078,3.106
1961842,1808,1856,2154,-0.1045,0.1483,1.1310,-1.486,-1.199,3.522
1961852,1932,1907,2079,-0.1039,0.1499,1.1343,-1.647,-1.427,4.052
1961862,1827,1879,2307,-0.1033,0.1545,1.1356,-1.621,-1.684,4.674
1961872,1818,1895,2265,-0.1044,0.1587,1.1367,-1.495,-1.854,5.293
1961882,1813,1869,1744,-0.1043,0.1611,1.1374,-1.493,-2.002,5.812
1961892,1808,1851,1942,-0.1029,0.1607,1.1391,-1.654,-2.056,6.209
1961902,1974,1898,2274,-0.1000,0.1582,1.1422,-2.173,-2.063,6.464
1961912,1864,1902,2228,-0.1006,0.1555,1.1378,-3.047,-1.850,6.601
1961922,1806,1844,1846,-0.1014,0.1503,1.1340,-4.137,-1.466,6.557
1961932,1808,1939,2080,-0.1036,0.1446,1.1319,-5.389,-1.300,6.414
1961942,1816,1856,1897,-0.1036,0.1367,1.1335,-6.412,-1.281,6.276
1961952,1838,1925,1966,-0.1013,0.1289,1.1447,-7.178,-1.585,6.201
1961962,1830,1879,1710,-0.0968,0.1221,1.1493,-7.341,-1.798,6.308
1961972,1811,1928,1824,-0.0871,0.1129,1.1455,-6.738,-1.595,6.614
1961982,1810,1847,2135,-0.0848,0.1083,1.1478,-5.728,-1.436,7.230
1961992,1867,1914,1688,-0.0852,0.1064,1.1470,-4.193,-1.091,8.150
1962002,1999,1879,1754,-0.0867,0.1015,1.1415,-2.287,-0.444,8.928
1962012,1838,1959,1986,-0.0811,0.0942,1.1355,-0.092,0.047,9.722
1962022,2044,1850,1748,-0.0830,0.1024,1.1408,2.155,0.265,10.799
1962032,1816,1935,1811,-0.0894,0.1140,1.1468,4.118,0.418,12.011
1962042,1812,1932,1704,-0.0956,0.1279,1.1474,5.667,0.936,12.957
1962052,1854,1893,1694,-0.1008,0.1400,1.1496,6.625,1.453,13.513
1962062,1933,1870,1736,-0.1054,0.1495,1.1499,7.076,2.014,13.671
1962072,1826,1881,2028,-0.1075,0.1513,1.1519,7.033,2.592,13.471
1962082,1850,1889,1836,-0.1101,0.1512,1.1521,6.791,3.188,13.175
1962092,1864,1925,1779,-0.1114,0.1558,1.1522,6.424,3.825,13.043
1962102,1810,1840,1748,-0.1116,0.1565,1.1493,5.887,4.512,12.974
1962112,1828,1961,1683,-0.1122,0.1594,1.1398,5.299,5.256,12.798
1962122,1879,1919,1961,-0.1132,0.1644,1.1322,4.882,5.802,12.446
1962132,1897,1998,1823,-0.1124,0.1686,1.1279,4.616,6.025,11.819
1962142,1812,1935,1693,-0.1127,0.1717,1.1233,4.679,6.237,11.031
1962152,1809,1970,1689,-0.1134,0.1767,1.1224,4.934,6.316,10.232
1962162,1834,1840,1679,-0.1130,0.1775,1.1224,5.228,6.359,9.453
1962172,1822,1920,1956,-0.1123,0.1802,1.1254,5.427,6.429,8.807
1962182,1868,1896,1677,-0.1122,0.1785,1.1326,5.261,6.465,8.314
1962192,1863,1931,1842,-0.1100,0.1780,1.1337,4.779,6.708,8.035
1962202,1863,1873,2136,-0.1044,0.1832,1.1429,4.079,6.938,7.979
1962212,2071,1949,1709,-0.0954,0.1882,1.1678,3.118,6.947,8.186
1962222,1809,1869,2062,-0.0915,0.1867,1.1776,0.972,7.369,8.253
1962232,1817,1881,2120,-0.0931,0.1846,1.1751,-1.819,8.529,8.221
1962242,1836,1868,2018,-0.0918,0.1775,1.1847,-5.158,9.270,8.126
1962252,1868,1930,1849,-0.0946,0.1711,1.1837,-8.360,10.046,8.095
1962262,1850,1871,1774,-0.0970,0.1666,1.1775,-11.091,11.027,8.173
1962272,1825,1931,1698,-0.0975,0.1645,1.1766,-13.257,11.625,8.372
1962282,1816,1864,1740,-0.0978,0.1621,1.1759,-14.323,12.331,8.677
1962292,1993,1892,1805,-0.0961,0.1604,1.1839,-14.417,13.213,9.035
1962302,1810,1863,1836,-0.0921,0.1551,1.1989,-13.891,14.207,9.334
1962312,1892,1942,1718,-0.0851,0.1476,1.2195,-13.084,15.654,9.558
1962322,2039,1868,1924,-0.0813,0.1390,1.2360,-12.353,17.612,9.797
1962332,1842,1942,1794,-0.0795,0.1333,1.2488,-11.768,20.067,10.143
1962342,1807,1867,2046,-0.0827,0.1221,1.2472,-11.336,22.869,10.579
1962352,1987,1884,2397,-0.0901,0.1193,1.2508,-10.643,25.439,11.256
1962362,1879,1910,1850,-0.0996,0.1166,1.2463,-9.655,28.101,12.085
1962372,1954,1965,1728,-0.1095,0.1175,1.2407,-8.330,30.493,12.992
1962382,1861,1868,1748,-0.1201,0.1239,1.2329,-6.653,32.729,13.846
1962392,1834,1894,1711,-0.1279,0.1302,1.2272,-4.787,34.760,14.545
1962402,1817,1889,1675,-0.1356,0.1335,1.2245,-3.003,36.711,15.018
1962412,1834,1896,2200,-0.1422,0.1332,1.2243,-1.523,38.631,15.351
1962422,1814,1870,1787,-0.1506,0.1338,1.2257,-0.509,40.484,15.649
1962432,1814,1863,2035,-0.1591,0.1342,1.2260,-0.042,42.280,16.010
1962442,1908,1887,1787,-0.1674,0.1343,1.2227,-0.014,44.038,16.464
1962452,1812,1931,1853,-0.1755,0.1352,1.2177,-0.242,45.765,17.033
1962462,1813,1850,1902,-0.1818,0.1368,1.2137,-0.459,47.382,17.700
1962472,1937,1868,1807,-0.1912,0.1403,1.2055,-0.700,48.947,18.388
1962482,1856,1835,1885,-0.1968,0.1453,1.2016,-0.850,50.386,19.065
1962492,1819,1839,1940,-0.2039,0.1473,1.1980,-1.291,51.815,19.653
1962502,1910,1904,1757,-0.2089,0.1512,1.1958,-1.913,53.376,20.191
1962512,1839,1848,2252,-0.2139,0.1536,1.2009,-2.831,54.896,20.737
1962522,1816,1884,2120,-0.2191,0.1552,1.2036,-4.174,56.673,21.285
1962532,1809,1975,1774,-0.2254,0.1547,1.2058,-6.026,58.634,21.821
1962542,1835,1933,1811,-0.2338,0.1494,1.2017,-8.399,60.711,22.321
1962552,1808,1905,1814,-0.2417,0.1441,1.1956,-11.000,62.889,22.911
1962562,1817,1855,1728,-0.2510,0.1386,1.1885,-13.687,65.012,23.665
1962572,1851,1885,1870,-0.2614,0.1378,1.1818,-16.226,67.068,24.663
1962582,1831,1841,1942,-0.2731,0.1403,1.1743,-18.860,69.100,25.728
1962592,1808,1936,2026,-0.2846,0.1405,1.1686,-21.736,71.076,26.651
1962602,1825,1857,1813,-0.2946,0.1421,1.1606,-24.949,73.026,27.421
1962612,1831,1924,2052,-0.3095,0.1467,1.1500,-28.455,75.016,28.034
1962622,1817,1843,2004,-0.3223,0.1447,1.1388,-32.083,76.957,28.447
1962632,1804,1906,1752,-0.3355,0.1404,1.1316,-35.778,78.712,28.774
1962642,1911,1945,1688,-0.3475,0.1281,1.1199,-39.460,80.399,29.187
1962652,1820,1915,1938,-0.3587,0.1152,1.1022,-42.990,82.122,29.812
1962662,1840,1880,1880,-0.3721,0.1038,1.0831,-46.215,83.629,30.784
1962672,1829,1899,2163,-0.3860,0.0935,1.0588,-48.825,84.942,32.072
1962682,1849,1886,1741,-0.4014,0.0802,1.0301,-50.816,86.051,33.414
1962692,2012,1990,1943,-0.4158,0.0675,1.0056,-52.111,86.742,34.730
1962702,1825,1880,1924,-0.4302,0.0567,0.9868,-52.550,87.013,35.985
1962712,1808,1949,1982,-0.4419,0.0460,0.9660,-51.997,87.127,37.104
1962722,1864,1843,1727,-0.4534,0.0378,0.9508,-50.584,87.134,38.087
1962732,1979,1892,2096,-0.4644,0.0318,0.9381,-48.566,86.991,38.947
1962742,1881,1843,2324,-0.4742,0.0268,0.9262,-46.019,86.871,39.679
1962752,1827,2025,1714,-0.4830,0.0218,0.9158,-43.073,86.721,40.295
1962762,1951,1940,1902,-0.4927,0.0200,0.9076,-39.871,86.486,40.832
1962772,1908,1892,1939,-0.5014,0.0182,0.8948,-36.463,86.413,41.283
1962782,2266,1836,2356,-0.5106,0.0183,0.8798,-32.923,86.265,41.726
1962792,1809,1915,1949,-0.5207,0.0185,0.8659,-29.406,85.881,42.146
1962802,1816,1837,2100,-0.5309,0.0196,0.8526,-25.934,85.395,42.495
1962812,1849,1948,1956,-0.5380,0.0192,0.8446,-22.651,84.675,42.709
1962822,1809,1870,1855,-0.5457,0.0210,0.8367,-19.617,83.793,42.915
1962832,1962,1878,2212,-0.5525,0.0250,0.8285,-16.678,82.884,43.227
1962842,1918,1828,2028,-0.5598,0.0307,0.8211,-13.901,81.962,43.686
1962852,1849,1950,1736,-0.5706,0.0360,0.8085,-11.298,81.176,44.304
1962862,1816,1840,1733,-0.5823,0.0417,0.7952,-8.893,80.326,45.172
1962872,1847,1880,1997,-0.5938,0.0503,0.7806,-6.722,79.371,46.240
1962882,1841,1828,1881,-0.6026,0.0605,0.7713,-4.909,78.210,47.373
1962892,2418,1981,1902,-0.6129,0.0717,0.7639,-3.369,76.920,48.426
1962902,1809,1835,2149,-0.6217,0.0810,0.7553,-2.003,75.628,49.262
1962912,1861,1955,2021,-0.6301,0.0935,0.7459,-0.786,74.336,49.905
1962922,1878,1952,1781,-0.6405,0.1045,0.7348,0.339,73.199,50.336
1962932,1988,1872,1741,-0.6483,0.1133,0.7258,1.262,72.074,50.601
1962942,2118,1834,1794,-0.6561,0.1251,0.7216,1.984,70.876,50.796
1962952,1825,1869,1751,-0.6654,0.1378,0.7135,2.625,69.857,50.981
1962962,2069,1882,1742,-0.6755,0.1489,0.7053,3.109,68.910,50.981
1962972,1842,1965,1832,-0.6854,0.1576,0.6958,3.379,67.859,50.719
1962982,1811,1834,1886,-0.6933,0.1646,0.6839,3.709,66.740,50.318
1962992,1809,1845,1771,-0.6990,0.1715,0.6678,4.044,65.509,49.857
1963002,2053,1963,1797,-0.7037,0.1752,0.6549,4.551,64.153,49.358
1963012,1825,1969,1897,-0.7076,0.1814,0.6455,5.349,62.635,48.905
1963022,1811,1856,1961,-0.7112,0.1906,0.6383,6.609,61.090,48.546
1963032,1811,1854,2118,-0.7160,0.2044,0.6285,8.326,59.727,48.193
1963042,1828,1829,1852,-0.7200,0.2259,0.6187,10.502,58.443,47.810
1963052,1816,1831,1775,-0.7164,0.2535,0.6225,13.939,57.312,46.762
1963062,1963,1836,1904,-0.7128,0.2746,0.6379,17.162,56.547,45.228
1963072,1839,1840,1950,-0.7130,0.2877,0.6409,20.274,56.850,43.200
1963082,2127,1863,1836,-0.7163,0.2956,0.6335,23.188,57.776,40.820
1963092,1918,1839,1830,-0.7247,0.3021,0.6227,25.765,58.553,38.313
1963102,1816,1919,1778,-0.7344,0.3131,0.6124,27.970,58.790,35.963
1963112,2015,1839,1709,-0.7454,0.3280,0.5993,29.547,58.284,33.731
1963122,1891,1839,1729,-0.7559,0.3449,0.5851,30.396,57.208,31.417
1963132,2208,1878,1712,-0.7627,0.3604,0.5653,30.531,55.684,28.936
1963142,1808,1859,1715,-0.7680,0.3736,0.5419,30.138,53.834,26.323
1963152,1878,1888,1799,-0.7729,0.3801,0.5203,29.307,51.645,23.646
1963162,1921,1885,1708,-0.7776,0.3831,0.5032,28.227,49.186,21.053
1963172,2105,1838,1720,-0.7836,0.3828,0.4878,27.064,46.642,18.651
1963182,1828,1830,1733,-0.7927,0.3825,0.4726,25.935,44.128,16.495
1963192,1933,1831,1828,-0.8015,0.3780,0.4619,24.620,41.429,14.594
1963202,1817,1843,1758,-0.8102,0.3732,0.4546,22.991,38.420,13.042
1963212,1852,1830,1847,-0.8179,0.3715,0.4438,21.046,35.315,11.901
1963222,1905,1830,1968,-0.8247,0.3709,0.4381,18.657,31.942,11.102
1963232,1994,1832,1704,-0.8301,0.3725,0.4391,15.815,28.172,10.574
1963242,1832,1837,1699,-0.8353,0.3741,0.4415,12.802,24.536,10.172
1963252,2039,1854,1707,-0.8391,0.3729,0.4426,9.675,21.119,9.739
1963262,1818,1850,1806,-0.8408,0.3708,0.4453,6.662,17.967,9.263
1963272,1924,1831,1899,-0.8439,0.3671,0.4481,3.989,15.224,8.765
1963282,1840,1830,2161,-0.8468,0.3639,0.4562,1.782,12.722,8.364
1963292,1928,1924,1708,-0.8492,0.3621,0.4656,0.081,10.567,8.066
1963302,1857,1845,1742,-0.8524,0.3602,0.4709,-1.201,8.901,7.762
1963312,1821,1833,1736,-0.8557,0.3588,0.4775,-2.208,7.463,7.404
1963322,2077,1832,1788,-0.8580,0.3574,0.4794,-2.921,6.276,7.001
1963332,1820,1844,1941,-0.8603,0.3558,0.4797,-3.277,5.415,6.524
1963342,1975,1838,1834,-0.8612,0.3533,0.4880,-3.244,4.588,6.036
1963352,1853,1834,1729,-0.8638,0.3505,0.4961,-2.860,3.969,5.639
1963362,1877,1868,1748,-0.8665,0.3481,0.5003,-2.233,3.729,5.350
1963372,1809,1830,1727,-0.8698,0.3480,0.5054,-1.608,3.626,5.166
1963382,2036,1840,1728,-0.8750,0.3524,0.5076,-0.920,3.584,5.052
1963392,1890,1840,1797,-0.8781,0.3600,0.5110,-0.172,3.459,4.949
1963402,1961,1831,1979,-0.8797,0.3657,0.5127,0.572,3.403,4.664
1963412,2187,1824,1699,-0.8807,0.3694,0.5138,1.297,3.444,4.220
1963422,2180,1834,1736,-0.8798,0.3687,0.5166,2.003,3.516,3.755
1963432,1894,1838,2172,-0.8811,0.3665,0.5220,2.480,3.560,3.347
1963442,1812,1858,1851,-0.8837,0.3629,0.5318,2.613,3.588,3.081
1963452,2102,1957,2036,-0.8870,0.3609,0.5338,2.410,3.849,2.930
1963462,1952,1836,2023,-0.8887,0.3614,0.5351,1.774,4.109,2.888
1963472,1931,1875,1675,-0.8887,0.3653,0.5342,0.768,4.318,2.978
1963482,2032,1860,1745,-0.8881,0.3718,0.5331,-0.439,4.630,3.195
1963492,1987,1901,1690,-0.8869,0.3810,0.5381,-1.933,4.860,3.464
1963502,1983,2152,1672,-0.8866,0.3887,0.5466,-3.638,5.172,3.704
1963512,1839,2108,1668,-0.8878,0.3948,0.5546,-5.513,5.753,3.851
1963522,1848,2058,1875,-0.8859,0.3970,0.5657,-7.643,6.598,3.874
1963532,1812,1839,1872,-0.8841,0.4008,0.5845,-10.029,7.801,3.932
1963542,1888,1869,2524,-0.8844,0.4138,0.6027,-12.417,9.958,4.259
1963552,1932,1856,2037,-0.8825,0.4238,0.6067,-14.907,13.666,4.467
1963562,1987,1867,1986,-0.8736,0.4162,0.6009,-18.086,18.185,3.979
1963572,1809,1843,1733,-0.8406,0.3862,0.5597,-22.186,22.391,2.965
1963582,2154,1875,2081,-0.8393,0.3304,0.5086,-25.548,26.571,2.565
1963592,2183,1856,1687,-0.8479,0.3267,0.5521,-26.866,25.412,3.810
1963602,1865,1902,2179,-0.8709,0.3378,0.5067,-26.692,24.926,4.746
1963612,2390,1993,1867,-0.8816,0.3535,0.5053,-24.546,24.278,4.443
1963622,2517,1838,2055,-0.8757,0.3582,0.4970,-21.223,22.407,3.154
1963632,2671,1951,2200,-0.8733,0.3558,0.4746,-16.618,22.161,1.136
1963642,3416,2118,2066,-0.8723,0.3563,0.4752,-12.313,21.068,-0.860
1963652,2207,1962,1891,-0.8771,0.3552,0.4459,-7.507,20.729,-2.842
1963662,3223,1894,1950,-0.8761,0.3525,0.4460,-2.201,20.104,-5.064
1963672,2414,1864,1902,-0.8711,0.3434,0.4479,3.760,19.436,-7.466
1963682,1857,1838,1951,-0.8670,0.3425,0.4527,10.767,19.706,-9.610
1963692,1812,1848,2277,-0.8686,0.3496,0.4698,17.893,19.642,-11.170
1963702,2302,1927,1826,-0.8788,0.3430,0.4629,24.160,19.471,-12.294
1963712,2048,2283,2072,-0.8916,0.3330,0.4732,29.133,18.027,-12.984
1963722,2284,1905,2050,-0.9082,0.3370,0.4827,32.343,15.666,-13.306
1963732,2317,1842,2138,-0.9272,0.3639,0.4849,34.091,14.003,-13.391
1963742,2176,2012,2453,-0.9387,0.4035,0.5004,34.128,13.090,-13.309
1963752,2133,1839,2313,-0.9411,0.4478,0.5093,32.597,13.967,-13.134
1963762,2170,1885,1933,-0.9344,0.4702,0.5091,28.948,16.212,-13.183
1963772,2226,1837,2246,-0.9245,0.4671,0.4895,22.535,18.869,-13.733
1963782,2190,1836,1843,-0.9012,0.4350,0.4636,14.586,21.706,-14.849
1963792,1927,1911,2715,-0.8819,0.3368,0.3995,6.597,23.266,-16.026
1963802,2084,1836,2443,-0.8967,0.2801,0.4017,0.969,21.571,-15.018
1963812,1880,1960,2485,-0.9179,0.2801,0.3852,-1.384,17.329,-11.874
1963822,1812,1851,2227,-0.9415,0.3025,0.3440,-1.495,15.123,-9.916
1963832,1897,1925,2290,-0.9438,0.3245,0.3410,0.583,11.932,-9.347
1963842,2791,1913,1964,-0.9421,0.3355,0.3312,4.124,9.535,-9.978
1963852,3034,1859,1899,-0.9414,0.3359,0.3366,6.741,7.416,-11.298
1963862,2469,1949,2269,-0.9476,0.3471,0.3258,7.860,5.602,-12.766
1963872,1918,1853,2073,-0.9494,0.3570,0.3199,9.021,4.205,-14.342
1963882,1921,1878,2591,-0.9472,0.3588,0.3368,10.238,2.412,-16.290
1963892,2238,1878,2429,-0.9429,0.3502,0.3482,11.619,1.105,-18.381
1963902,1832,1920,1926,-0.9377,0.3404,0.3611,12.850,0.029,-19.965
1963912,1873,1954,1740,-0.9360,0.3153,0.3634,13.298,-1.372,-20.743
1963922,1964,2250,2474,-0.9454,0.2994,0.3746,12.984,-3.158,-20.629
1963932,2141,1859,2031,-0.9587,0.3114,0.4111,11.472,-5.392,-19.826
1963942,1888,2173,2435,-0.9696,0.3519,0.4314,9.480,-5.996,-18.616
1963952,1862,1923,1855,-0.9670,0.3730,0.4349,7.157,-4.217,-17.535
1963962,2119,1972,2109,-0.9464,0.3616,0.4531,2.345,-2.144,-17.065
1963972,1984,1917,2121,-0.9455,0.3228,0.4503,-5.301,0.439,-16.942
1963982,2331,1927,2587,-0.9287,0.2051,0.4035,-14.112,3.252,-16.099
1963992,2498,1947,1934,-0.9275,0.1746,0.4192,-21.340,1.106,-12.453
1964002,2469,1871,2482,-0.9461,0.1612,0.3573,-24.629,-0.172,-8.518
1964012,2694,1880,2453,-0.9441,0.1467,0.3576,-24.574,-1.685,-6.110
1964022,2264,2141,2551,-0.9328,0.1267,0.3831,-21.499,-4.460,-4.721
1964032,2737,2168,2277,-0.9269,0.1294,0.3658,-15.802,-4.816,-3.738
1964042,2702,1868,2730,-0.9242,0.1535,0.3711,-10.132,-5.004,-3.035
1964052,2229,1843,2067,-0.9179,0.1787,0.3766,-4.269,-5.108,-2.869
1964062,2273,1877,1847,-0.9114,0.1954,0.3831,1.104,-4.688,-3.221
1964072,1834,2025,2301,-0.9073,0.2014,0.3932,5.853,-4.250,-3.685
1964082,2294,2174,2493,-0.9030,0.2029,0.3993,10.253,-3.879,-3.837
1964092,2324,1843,1918,-0.9025,0.1928,0.3936,13.809,-3.665,-3.573
1964102,2587,1839,2593,-0.9113,0.2066,0.4287,16.615,-4.454,-2.637
1964112,2399,1848,1788,-0.9360,0.2658,0.4753,18.303,-5.090,-1.304
1964122,2501,1879,2653,-0.9372,0.3143,0.4650,18.723,-2.898,-0.230
1964132,1959,1847,2714,-0.9209,0.3221,0.4775,16.426,0.064,0.096
1964142,1905,1849,2848,-0.8864,0.3013,0.4898,10.264,2.341,0.189
1964152,2521,1842,2398,-0.8708,0.1941,0.4335,1.705,5.440,0.741
1964162,2243,1842,2311,-0.8766,0.1784,0.4369,-6.856,4.060,3.970
1964172,3245,2021,2282,-0.9015,0.1856,0.3753,-12.720,2.338,7.678
1964182,1932,1964,2231,-0.9020,0.1800,0.3813,-15.811,0.335,9.779
1964192,1962,2034,2986,-0.9032,0.1729,0.3969,-17.243,-2.952,11.109
1964202,1902,1968,2819,-0.9076,0.1868,0.3525,-15.983,-3.186,12.146
1964212,2326,1839,2934,-0.9016,0.2091,0.3698,-14.411,-4.290,12.466
1964222,1796,2161,2167,-0.8954,0.2208,0.3762,-12.340,-5.357,11.860
1964232,2601,1842,2021,-0.8972,0.2332,0.3791,-9.656,-5.157,10.875
1964242,2091,1841,2018,-0.9027,0.2502,0.3831,-6.630,-5.179,9.905
1964252,2245,2072,2217,-0.8989,0.2601,0.3853,-3.135,-4.867,8.738
1964262,1879,1996,1882,-0.8948,0.2601,0.4115,-0.766,-5.046,7.477
1964272,1851,2088,2566,-0.9008,0.2702,0.4190,0.506,-4.876,6.932
1964282,2130,1956,2472,-0.9124,0.3093,0.4586,0.532,-4.872,7.022
1964292,1870,2281,2472,-0.9109,0.3422,0.4711,-1.848,-4.212,6.794
1964302,1880,1910,2038,-0.9004,0.3297,0.4685,-5.976,-1.658,6.068
1964312,2362,1849,2118,-0.8819,0.3051,0.4824,-12.608,-0.099,5.753
1964322,2886,2397,2769,-0.8533,0.2377,0.4285,-19.853,2.367,6.041
1964332,2194,1880,1905,-0.8578,0.1961,0.4247,-27.366,3.408,7.913
1964342,1890,1834,2543,-0.8640,0.1993,0.3867,-32.821,2.573,11.383
1964352,2870,1956,2585,-0.8583,0.1834,0.3841,-36.564,2.872,13.902
1964362,1806,2104,2460,-0.8472,0.1629,0.4249,-39.683,1.289,15.750
1964372,2207,2162,2563,-0.8506,0.1680,0.3996,-40.293,1.646,17.524
1964382,4064,1853,2249,-0.8508,0.1764,0.4065,-39.025,2.120,18.725
1964392,2252,1942,2181,-0.8524,0.1837,0.4204,-36.820,1.712,19.243
1964402,2517,1981,2171,-0.8589,0.1990,0.4044,-33.200,2.131,19.334
1964412,1765,1951,2123,-0.8610,0.2190,0.4000,-28.760,2.010,18.863
1964422,1694,1872,2106,-0.8608,0.2345,0.3982,-23.473,1.573,17.722
1964432,1646,1843,2246,-0.8616,0.2544,0.4015,-17.595,1.311,16.277
1964442,2239,1929,2269,-0.8634,0.2850,0.4032,-11.699,1.092,14.914
1964452,1938,2171,1927,-0.8575,0.2952,0.3936,-6.718,1.461,13.622
1964462,1900,2126,2484,-0.8543,0.3038,0.4190,-4.281,1.171,12.732
1964472,1902,1883,3175,-0.8624,0.3316,0.4632,-4.653,0.448,12.400
1964482,1993,1866,2395,-0.8677,0.3632,0.4787,-8.064,0.676,12.398
1964492,2091,1996,2456,-0.8633,0.3513,0.4698,-13.924,2.217,12.308
1964502,2360,1884,2334,-0.8464,0.3150,0.4628,-22.233,2.769,12.388
1964512,2369,1845,2516,-0.8336,0.2723,0.4353,-31.232,3.309,13.045
1964522,1879,1890,2591,-0.8387,0.2560,0.4180,-39.320,0.582,16.818
1964532,2154,1835,2095,-0.8391,0.2395,0.3816,-43.995,-1.770,19.990
1964542,1955,1879,2359,-0.8281,0.2217,0.4026,-46.503,-5.176,21.893
1964552,2731,1919,2483,-0.8249,0.2097,0.3880,-46.199,-7.750,23.338
1964562,2846,2007,2356,-0.8192,0.2140,0.3867,-43.822,-9.502,24.558
1964572,2845,1847,2200,-0.8138,0.2247,0.4083,-40.847,-11.991,25.488
1964582,2703,2122,2372,-0.8111,0.2274,0.4105,-36.891,-13.415,26.077
1964592,1856,1852,2123,-0.8098,0.2369,0.4304,-32.594,-14.671,26.463
1964602,1726,2115,2167,-0.8107,0.2569,0.4484,-28.012,-15.709,26.704
1964612,1723,1839,2395,-0.8072,0.2759,0.4665,-23.344,-16.057,26.651
1964622,1704,1885,2371,-0.7998,0.2900,0.4868,-19.329,-16.072,26.505
1964632,2297,1867,2508,-0.7994,0.3136,0.5062,-16.399,-15.805,26.668
1964642,1860,1909,2604,-0.8056,0.3560,0.5233,-14.927,-15.452,26.929
1964652,1641,1935,2137,-0.8111,0.3813,0.5380,-15.393,-14.598,26.521
1964662,2128,1961,3224,-0.8113,0.3891,0.5723,-18.194,-14.248,25.610
1964672,1731,1851,1808,-0.8135,0.4012,0.5844,-22.838,-13.144,24.965
1964682,2169,2058,2820,-0.8169,0.4163,0.5790,-28.240,-11.093,24.780
1964692,1697,1892,2395,-0.8071,0.4090,0.5595,-34.236,-9.483,24.518
1964702,2183,1887,1894,-0.7965,0.3797,0.5458,-40.297,-8.360,23.803
1964712,1791,1838,2101,-0.7818,0.3499,0.5574,-45.195,-8.053,23.249
1964722,3069,2060,2021,-0.7722,0.2779,0.5351,-48.849,-7.978,23.343
1964732,1918,1838,1966,-0.7697,0.2783,0.5246,-51.281,-10.037,25.148
1964742,2219,1907,2477,-0.7776,0.2994,0.4759,-51.127,-11.491,26.913
1964752,1645,1861,1966,-0.7687,0.3162,0.4923,-49.227,-14.376,27.414
1964762,1650,1939,1821,-0.7592,0.3053,0.4877,-46.624,-17.534,26.821
1964772,2432,1871,2017,-0.7506,0.3016,0.4729,-42.748,-19.343,25.872
1964782,2157,1920,2295,-0.7444,0.3157,0.4875,-38.768,-22.032,24.985
1964792,1644,1876,1786,-0.7373,0.3254,0.4850,-34.164,-24.350,23.929
1964802,1933,1840,2176,-0.7277,0.3284,0.4912,-29.786,-26.419,22.466
1964812,1658,1838,1943,-0.7171,0.3373,0.5152,-25.899,-28.863,20.944
1964822,2206,1970,1977,-0.7051,0.3478,0.5407,-22.641,-30.981,19.664
1964832,1772,1944,1927,-0.6897,0.3453,0.5606,-20.765,-32.626,18.795
1964842,1803,1928,2266,-0.6810,0.3419,0.5812,-20.581,-34.117,18.676
1964852,1672,1869,1941,-0.6776,0.3477,0.5963,-22.273,-35.616,19.286
1964862,1997,2009,1782,-0.6814,0.3476,0.6055,-25.667,-36.486,20.150
1964872,1863,1863,2088,-0.6833,0.3387,0.6277,-30.879,-37.659,21.228
1964882,1839,1893,2240,-0.6792,0.3167,0.6196,-37.274,-38.231,22.471
1964892,2170,1915,2067,-0.6721,0.2857,0.6049,-43.639,-38.353,23.941
1964902,1937,1911,1888,-0.6648,0.2614,0.6186,-49.783,-39.685,25.872
1964912,1691,1834,1879,-0.6599,0.2438,0.6014,-54.384,-40.604,28.051
1964922,1668,1851,2080,-0.6517,0.2232,0.6033,-56.974,-41.642,30.115
1964932,1818,1850,1844,-0.6459,0.2180,0.6232,-57.645,-43.846,32.251
1964942,1790,1852,1715,-0.6455,0.2285,0.6166,-55.876,-45.372,34.418
1964952,2062,1862,1982,-0.6530,0.2515,0.6284,-52.632,-47.085,36.360
1964962,1753,1877,2114,-0.6602,0.2895,0.6427,-48.428,-49.509,37.885
1964972,2003,1971,1719,-0.6647,0.3245,0.6544,-43.533,-51.323,38.388
1964982,2545,1948,1958,-0.6618,0.3493,0.6935,-39.097,-53.461,37.849
1964992,1875,1927,2242,-0.6565,0.3695,0.7196,-35.059,-54.824,36.708
1965002,2269,1916,1987,-0.6510,0.3861,0.7473,-31.724,-55.386,35.299
1965012,2066,1855,1741,-0.6407,0.3999,0.7735,-29.669,-55.563,33.621
1965022,1718,1948,1946,-0.6245,0.4051,0.7987,-28.932,-55.324,31.751
1965032,1675,1846,2083,-0.6063,0.3993,0.8302,-29.982,-55.144,29.968
1965042,1734,1935,1765,-0.5920,0.3915,0.8515,-32.809,-54.691,28.639
1965052,1709,1830,1707,-0.5849,0.3862,0.8738,-36.981,-54.279,27.895
1965062,1879,1965,1753,-0.5871,0.3863,0.8897,-42.144,-54.011,27.629
1965072,1759,1843,1698,-0.5926,0.3834,0.8956,-47.587,-53.380,27.519
1965082,1652,1970,1690,-0.5950,0.3710,0.9089,-53.335,-52.820,27.283
1965092,1749,1887,2296,-0.5915,0.3551,0.9222,-59.268,-52.314,26.997
1965102,1641,1910,2474,-0.5857,0.3408,0.9366,-64.611,-51.402,26.873
1965112,1710,1894,1987,-0.5800,0.3354,0.9506,-68.648,-50.131,27.015
1965122,1665,1963,2031,-0.5721,0.3310,0.9527,-70.701,-48.309,27.182
1965132,1654,1834,2088,-0.5640,0.3217,0.9594,-71.164,-46.539,26.996
1965142,1652,1962,1906,-0.5589,0.3165,0.9610,-70.185,-45.008,26.408
1965152,1672,1969,2091,-0.5552,0.3086,0.9563,-67.467,-43.314,25.366
1965162,1635,1994,2475,-0.5503,0.2984,0.9696,-63.627,-42.105,23.954
1965172,1662,1884,2056,-0.5445,0.2971,0.9764,-58.911,-40.872,22.584
1965182,1678,2005,2408,-0.5384,0.3028,0.9846,-53.590,-39.234,21.439
1965192,1665,1832,2489,-0.5301,0.2959,0.9768,-48.815,-37.584,20.411
1965202,1767,2013,1939,-0.5271,0.3038,0.9638,-44.673,-36.519,19.757
1965212,2376,1834,2386,-0.5205,0.3017,0.9533,-41.371,-35.676,18.817
1965222,2005,1864,2001,-0.5086,0.3023,0.9786,-39.225,-35.823,17.546
1965232,1919,1848,2047,-0.5050,0.3099,0.9849,-37.009,-35.347,16.408
1965242,1703,1902,2007,-0.5044,0.3172,0.9965,-34.517,-34.517,15.269
1965252,2097,1901,2174,-0.5023,0.3222,1.0091,-33.098,-34.091,13.689
1965262,1915,1844,2031,-0.4999,0.3246,1.0151,-32.411,-33.479,11.714
1965272,2574,1835,1859,-0.4980,0.3244,1.0268,-32.457,-33.031,9.590
1965282,2000,1850,1858,-0.4985,0.3174,1.0340,-32.923,-32.481,7.425
1965292,1654,1989,1916,-0.4974,0.3076,1.0375,-33.415,-31.836,5.274
1965302,1908,1835,2369,-0.4960,0.2928,1.0402,-33.767,-31.202,3.172
1965312,1824,1863,2114,-0.4950,0.2769,1.0440,-33.867,-30.577,1.155
1965322,1656,1904,2071,-0.4921,0.2647,1.0478,-33.470,-29.924,-0.556
1965332,1643,1837,2104,-0.4902,0.2562,1.0572,-32.550,-29.186,-1.831
1965342,1634,2077,1692,-0.4919,0.2557,1.0650,-31.359,-28.329,-2.696
1965352,1676,1835,1789,-0.4942,0.2600,1.0743,-29.891,-27.246,-3.393
1965362,1642,1845,1912,-0.4967,0.2629,1.0822,-28.485,-25.895,-4.245
1965372,1650,1852,1721,-0.4969,0.2565,1.0856,-27.147,-24.158,-5.327
1965382,1644,1993,1697,-0.4957,0.2456,1.1038,-25.814,-22.294,-6.331
1965392,2016,1988,1611,-0.4977,0.2409,1.1105,-24.689,-20.034,-6.979
1965402,1658,1846,1764,-0.4981,0.2361,1.1006,-23.431,-17.163,-7.364
1965412,1799,1889,2043,-0.4803,0.2177,1.0982,-22.580,-14.922,-7.769
1965422,1795,1972,2048,-0.4689,0.1932,1.0937,-22.198,-12.953,-7.643
1965432,1731,1836,1616,-0.4691,0.1989,1.0933,-21.909,-11.987,-6.439
1965442,1638,1927,1798,-0.4771,0.2091,1.0739,-21.584,-10.766,-5.458
1965452,1675,1859,1873,-0.4737,0.2011,1.0771,-21.012,-10.410,-5.459
1965462,1798,1863,1991,-0.4638,0.1827,1.0719,-19.689,-9.902,-6.201
1965472,2176,1858,2062,-0.4548,0.1653,1.0783,-17.948,-9.164,-7.026
1965482,1910,1870,1618,-0.4522,0.1545,1.0776,-16.305,-8.278,-7.553
1965492,1803,1834,1758,-0.4525,0.1444,1.0766,-14.624,-6.872,-7.772
1965502,1749,1856,1655,-0.4567,0.1334,1.0833,-13.573,-5.632,-7.857
1965512,1856,1926,1746,-0.4626,0.1320,1.0883,-12.699,-4.214,-7.805
1965522,1649,1846,1712,-0.4697,0.1390,1.0931,-11.550,-2.545,-7.728
1965532,2378,1839,1910,-0.4749,0.1510,1.0997,-9.895,-0.711,-7.829
1965542,1837,1998,1643,-0.4783,0.1593,1.1018,-7.884,1.430,-8.275
1965552,1882,1858,1730,-0.4825,0.1638,1.0983,-5.826,3.788,-8.999
1965562,1914,1923,1633,-0.4894,0.1660,1.0969,-3.870,6.119,-9.875
1965572,1657,1838,1783,-0.4978,0.1664,1.0954,-1.895,8.380,-10.790
1965582,1744,1872,1651,-0.5067,0.1640,1.0935,0.142,10.695,-11.631
1965592,1652,1891,1864,-0.5148,0.1625,1.0916,2.299,13.019,-12.277
1965602,1662,1876,1713,-0.5203,0.1626,1.0866,4.494,15.313,-12.755
1965612,1744,1837,1668,-0.5223,0.1628,1.0754,6.606,17.548,-13.117
1965622,1680,1948,1727,-0.5226,0.1688,1.0660,8.622,19.568,-13.360
1965632,1660,1838,1798,-0.5230,0.1696,1.0516,10.227,21.262,-13.617
1965642,1663,1969,1638,-0.5237,0.1705,1.0360,11.668,22.905,-13.887
1965652,1703,1836,1887,-0.5269,0.1714,1.0255,12.795,24.100,-14.101
1965662,2112,2151,2036,-0.5307,0.1712,1.0158,13.844,25.164,-14.287
1965672,1749,1858,2117,-0.5353,0.1701,1.0132,14.469,26.110,-14.449
1965682,1756,1945,1981,-0.5420,0.1737,1.0105,14.699,27.045,-14.462
1965692,2017,1857,1666,-0.5450,0.1740,1.0061,14.513,28.218,-14.432
1965702,1828,1953,1698,-0.5443,0.1767,1.0146,13.795,29.210,-14.439
1965712,1687,1872,1619,-0.5328,0.1586,0.9707,12.986,30.679,-14.482
1965722,1794,1838,2196,-0.5445,0.1564,0.9695,12.911,31.113,-14.110
1965732,2239,1843,2330,-0.5535,0.1539,0.9547,13.083,29.585,-13.808
1965742,2356,1852,1699,-0.5627,0.1427,0.9178,14.601,28.961,-14.489
1965752,1827,1840,2089,-0.5677,0.1394,0.9271,17.601,27.076,-15.467
1965762,1828,1872,1842,-0.5759,0.1391,0.9134,22.371,26.261,-16.388
1965772,1700,1864,1746,-0.5823,0.1465,0.9135,27.233,25.862,-17.105
1965782,1663,1888,1873,-0.5862,0.1595,0.9101,31.899,25.359,-17.609
1965792,1899,1835,1856,-0.5868,0.1683,0.9114,36.229,25.260,-18.290
1965802,1760,1915,1697,-0.5865,0.1730,0.9172,39.941,25.252,-19.176
1965812,1640,1913,1987,-0.5894,0.1816,0.9161,43.772,26.109,-19.913
1965822,1651,2137,2327,-0.5932,0.1962,0.9283,47.123,27.171,-20.319
1965832,1731,2011,1824,-0.5998,0.2132,0.9355,49.357,28.455,-20.484
1965842,1860,1958,1750,-0.6068,0.2327,0.9400,50.287,29.961,-20.461
1965852,1804,1878,1751,-0.6132,0.2435,0.9607,49.182,30.833,-20.501
1965862,1663,1895,1892,-0.6233,0.2578,0.9790,46.051,31.724,-20.672
1965872,1739,1837,1739,-0.6291,0.2720,0.9721,41.899,33.369,-20.891
1965882,2069,1965,1952,-0.6241,0.2698,0.9668,37.156,35.433,-21.390
1965892,1665,1865,2172,-0.6141,0.2529,0.9353,31.845,37.369,-21.812
1965902,1742,1906,2029,-0.6238,0.2383,0.9206,27.125,38.915,-21.626
1965912,1863,1914,1823,-0.6306,0.2235,0.9091,22.978,38.473,-21.111
1965922,1771,1839,1628,-0.6384,0.2099,0.8689,20.634,38.441,-21.084
1965932,2148,1840,1978,-0.6417,0.1966,0.8641,20.167,37.553,-21.471
1965942,1894,1879,2391,-0.6495,0.1913,0.8506,21.863,36.789,-21.911
1965952,1942,1841,1833,-0.6574,0.1935,0.8442,24.950,36.486,-22.328
1965962,1956,1836,1941,-0.6623,0.1972,0.8386,28.614,35.980,-22.827
1965972,1951,1840,1643,-0.6678,0.2009,0.8297,32.773,35.848,-23.481
1965982,1707,1949,1679,-0.6744,0.2060,0.8316,37.371,35.615,-24.156
1965992,1668,1926,1628,-0.6839,0.2140,0.8288,42.470,35.613,-24.801
1966002,1868,1909,1982,-0.6923,0.2225,0.8278,47.797,35.785,-25.559
1966012,1735,1936,1961,-0.7049,0.2361,0.8240,53.372,36.149,-26.551
1966022,1822,1976,1841,-0.7159,0.2492,0.8292,57.647,36.460,-27.312
1966032,1679,1838,1710,-0.7300,0.2605,0.8334,60.551,36.806,-27.745
1966042,1768,1917,1688,-0.7429,0.2706,0.8389,62.017,37.184,-27.959
1966052,1816,1835,2065,-0.7514,0.2787,0.8466,62.032,37.740,-28.063
1966062,1930,1835,1786,-0.7619,0.2878,0.8564,60.714,38.613,-27.911
1966072,1701,1851,1655,-0.7704,0.2963,0.8452,58.622,40.312,-27.548
1966082,2025,1914,1618,-0.7714,0.2847,0.8001,55.827,42.404,-27.300
1966092,1832,1897,1871,-0.7812,0.2704,0.7906,52.714,43.134,-26.826
1966102,1964,1872,1674,-0.7914,0.2596,0.7736,49.739,42.437,-26.059
1966112,1823,1838,1678,-0.8038,0.2514,0.7385,47.796,42.312,-25.416
1966122,2090,1856,1959,-0.8086,0.2461,0.7282,46.806,41.182,-24.825
1966132,1742,1847,2027,-0.8127,0.2469,0.7010,46.958,40.343,-24.121
1966142,1788,1842,1974,-0.8164,0.2514,0.6850,47.493,39.653,-23.299
1966152,1682,1856,2016,-0.8181,0.2555,0.6747,48.112,38.663,-22.437
1966162,1709,1904,1779,-0.8213,0.2599,0.6582,49.080,38.021,-21.656
1966172,1673,1943,2291,-0.8223,0.2604,0.6417,50.223,37.405,-21.045
1966182,1791,1916,1806,-0.8234,0.2611,0.6265,51.621,36.710,-20.567
1966192,1682,1838,2129,-0.8233,0.2635,0.6103,53.239,35.983,-20.138
1966202,1723,1862,1660,-0.8212,0.2699,0.5984,54.982,35.167,-19.788
1966212,1657,1881,2090,-0.8206,0.2785,0.5892,56.702,34.173,-19.566
1966222,1767,1861,2264,-0.8193,0.2792,0.5748,58.271,33.424,-19.536
1966232,1648,1831,2218,-0.8192,0.2772,0.5689,59.709,32.538,-19.613
1966242,1660,1911,2109,-0.8187,0.2794,0.5640,60.865,31.507,-19.622
1966252,1719,1849,2044,-0.8180,0.2832,0.5560,61.516,30.682,-19.665
1966262,1643,1896,1954,-0.8153,0.2871,0.5549,61.488,29.778,-19.756
1966272,1655,1835,1762,-0.8118,0.2879,0.5528,60.686,28.966,-19.853
1966282,1742,1948,2260,-0.8098,0.2855,0.5495,58.800,28.240,-19.882
1966292,1683,1843,2036,-0.8105,0.2853,0.5478,55.797,27.420,-19.729
1966302,1908,1899,1959,-0.8125,0.2877,0.5477,51.850,26.460,-19.299
1966312,1800,1836,2096,-0.8150,0.2934,0.5493,47.185,25.302,-18.663
1966322,1658,1905,2130,-0.8166,0.2940,0.5466,42.032,24.179,-17.995
1966332,1920,1862,1970,-0.8152,0.2886,0.5435,36.661,23.104,-17.385
1966342,1672,1911,1739,-0.8132,0.2812,0.5403,31.220,22.024,-16.737
1966352,1806,1838,1972,-0.8122,0.2726,0.5361,25.963,21.063,-15.941
1966362,1696,1864,1859,-0.8110,0.2664,0.5344,21.049,20.046,-15.003
1966372,1651,1848,1777,-0.8119,0.2597,0.5335,16.756,19.139,-14.057
1966382,1705,1894,1842,-0.8140,0.2516,0.5346,13.230,18.483,-13.194
1966392,1651,1877,1769,-0.8162,0.2451,0.5387,10.513,17.980,-12.324
1966402,1824,1884,1774,-0.8173,0.2388,0.5397,8.447,17.821,-11.415
1966412,1700,1836,1683,-0.8175,0.2332,0.5380,6.851,17.950,-10.479
1966422,1759,1934,1982,-0.8166,0.2265,0.5367,5.630,18.208,-9.513
1966432,1650,1836,1881,-0.8157,0.2195,0.5295,4.739,18.510,-8.553
1966442,1778,1864,1674,-0.8147,0.2132,0.5196,4.103,18.724,-7.634
1966452,1657,1834,1751,-0.8129,0.2090,0.5050,3.820,18.784,-6.719
1966462,1732,1868,1737,-0.8113,0.2071,0.4914,3.918,18.458,-5.875
1966472,1657,1837,1741,-0.8092,0.2060,0.4799,4.449,17.618,-5.144
1966482,1787,1869,1854,-0.8080,0.2049,0.4652,5.379,16.539,-4.548
1966492,1686,1837,1807,-0.8094,0.2054,0.4514,6.650,15.195,-4.018
1966502,1994,1869,1808,-0.8099,0.2062,0.4375,8.093,13.586,-3.535
1966512,2001,1848,1880,-0.8078,0.2099,0.4246,9.586,11.749,-3.105
1966522,1793,1836,1949,-0.8067,0.2168,0.4209,11.155,9.620,-2.639
1966532,1774,1847,1807,-0.8060,0.2260,0.4183,12.782,7.432,-2.097
1966542,1656,1868,1703,-0.8065,0.2357,0.4195,14.402,5.314,-1.637
1966552,1861,1859,1929,-0.8078,0.2454,0.4253,15.962,3.086,-1.309
1966562,1713,1855,1754,-0.8117,0.2562,0.4290,17.628,0.964,-1.088
1966572,1686,1872,1791,-0.8157,0.2671,0.4333,19.370,-1.117,-1.016
1966582,1672,1843,1752,-0.8215,0.2780,0.4382,21.062,-3.233,-1.116
1966592,1741,1841,1835,-0.8267,0.2897,0.4416,22.729,-5.219,-1.402
1966602,2079,1861,1818,-0.8323,0.2998,0.4479,24.243,-7.098,-1.902
1966612,1697,1838,1805,-0.8380,0.3107,0.4547,25.587,-8.759,-2.533
1966622,1757,1858,1827,-0.8433,0.3201,0.4610,26.730,-10.157,-3.227
1966632,1669,1841,1785,-0.8479,0.3297,0.4665,27.681,-11.288,-3.954
1966642,1721,1883,1917,-0.8529,0.3395,0.4727,28.467,-12.208,-4.746
1966652,1722,1839,1687,-0.8564,0.3490,0.4802,29.150,-13.039,-5.646
1966662,1675,1856,1694,-0.8602,0.3552,0.4870,29.739,-13.714,-6.668
1966672,1655,1840,1923,-0.8648,0.3598,0.4924,30.312,-14.278,-7.762
1966682,1665,1851,1796,-0.8693,0.3666,0.4947,30.861,-14.883,-8.915
1966692,1770,1844,1694,-0.8723,0.3736,0.4932,31.401,-15.575,-10.175
1966702,1648,1863,2017,-0.8751,0.3794,0.4902,31.930,-16.347,-11.656
1966712,1700,1845,2166,-0.8773,0.3810,0.4889,32.509,-17.222,-13.371
1966722,1804,1897,2112,-0.8767,0.3802,0.4854,33.082,-18.175,-15.187
1966732,1678,1838,1750,-0.8748,0.3774,0.4795,33.710,-18.961,-16.995
1966742,1709,1870,1809,-0.8741,0.3750,0.4743,34.345,-19.796,-18.632
1966752,1651,1840,1826,-0.8744,0.3741,0.4688,35.036,-20.757,-20.077
1966762,1669,1864,1660,-0.8752,0.3717,0.4679,35.724,-21.955,-21.373
1966772,1718,1844,1978,-0.8764,0.3691,0.4713,36.228,-23.547,-22.566
1966782,1893,1874,1778,-0.8778,0.3649,0.4702,36.620,-25.277,-23.683
1966792,1821,1838,2068,-0.8803,0.3580,0.4727,36.930,-27.229,-24.721
1966802,1651,1888,1783,-0.8805,0.3483,0.4777,37.049,-29.510,-25.659
1966812,1664,1839,2101,-0.8799,0.3372,0.4827,37.052,-31.948,-26.406
1966822,1656,1876,1801,-0.8752,0.3219,0.4934,36.977,-34.569,-26.869
1966832,1854,1844,1985,-0.8689,0.3049,0.5015,36.634,-37.158,-26.977
1966842,1841,1899,1670,-0.8637,0.3019,0.5061,36.702,-39.359,-26.448
1966852,1686,1837,2035,-0.8598,0.3030,0.5133,36.887,-41.408,-25.625
1966862,1648,1879,1702,-0.8541,0.3073,0.5165,37.339,-43.288,-24.848
1966872,1713,1838,1715,-0.8472,0.3080,0.5188,38.047,-44.797,-24.432
1966882,1676,1888,1716,-0.8384,0.3086,0.5239,38.908,-46.156,-24.380
1966892,1680,1846,1868,-0.8291,0.3051,0.5274,39.992,-47.293,-24.615
1966902,1710,1903,1776,-0.8182,0.3006,0.5281,41.392,-48.133,-25.029
1966912,1673,1854,1913,-0.8087,0.2952,0.5276,43.072,-48.884,-25.522
1966922,1735,1889,1772,-0.8008,0.2906,0.5279,45.052,-49.620,-25.959
1966932,1667,1841,1771,-0.7932,0.2869,0.5266,47.171,-50.351,-26.302
1966942,1711,1878,1716,-0.7874,0.2844,0.5276,49.393,-51.268,-26.559
1966952,1727,1842,1895,-0.7810,0.2822,0.5364,51.351,-52.494,-26.720
1966962,2088,1900,1748,-0.7740,0.2794,0.5458,52.907,-53.827,-26.760
1966972,1676,1846,1773,-0.7644,0.2793,0.5578,53.914,-55.141,-26.673
1966982,1737,1856,1731,-0.7546,0.2786,0.5663,54.161,-56.207,-26.549
1966992,1787,1854,1692,-0.7478,0.2778,0.5636,53.883,-56.836,-26.356
1967002,1683,1888,1932,-0.7418,0.2771,0.5617,53.194,-57.423,-26.093
1967012,1694,1838,1720,-0.7375,0.2757,0.5581,52.340,-58.136,-25.790
1967022,1666,1870,1840,-0.7324,0.2741,0.5550,51.580,-59.025,-25.471
1967032,1679,1839,1706,-0.7267,0.2731,0.5587,50.863,-60.333,-25.094
1967042,1723,1856,1794,-0.7206,0.2741,0.5630,50.076,-61.895,-24.647
1967052,1656,1840,1985,-0.7146,0.2776,0.5636,49.021,-63.537,-24.203
1967062,1701,1866,1884,-0.7075,0.2830,0.5737,47.550,-65.474,-23.676
1967072,2017,1842,1796,-0.7017,0.2867,0.5921,45.548,-67.602,-22.991
1967082,1902,1884,1856,-0.6989,0.2942,0.6127,43.092,-69.607,-21.996
1967092,1664,1843,1744,-0.6970,0.3048,0.6293,40.142,-71.310,-20.761
1967102,1658,1896,2009,-0.6973,0.3151,0.6433,36.651,-72.660,-19.638
1967112,1726,1841,2342,-0.6955,0.3242,0.6524,32.794,-73.795,-18.815
1967122,1652,1869,1933,-0.6950,0.3291,0.6578,28.622,-74.848,-18.482
1967132,1651,1841,2480,-0.6913,0.3288,0.6624,24.453,-75.970,-18.563
1967142,1672,1891,1860,-0.6874,0.3263,0.6652,20.418,-77.159,-18.916
1967152,1752,1846,2355,-0.6831,0.3250,0.6713,16.662,-78.550,-19.256
1967162,1653,1870,2214,-0.6792,0.3246,0.6783,13.281,-80.052,-19.486
1967172,1665,1838,2095,-0.6760,0.3287,0.6896,10.414,-81.649,-19.463
1967182,1664,1866,1816,-0.6728,0.3345,0.7024,7.889,-83.257,-19.256
1967192,1658,1840,1983,-0.6681,0.3414,0.7127,5.615,-84.689,-19.041
1967202,1663,1878,1760,-0.6608,0.3538,0.7158,3.507,-85.953,-18.957
1967212,1715,1860,2217,-0.6527,0.3618,0.7169,1.665,-87.199,-19.222
1967222,1675,1872,2003,-0.6415,0.3674,0.7237,0.041,-88.724,-19.819
1967232,1787,1839,1740,-0.6319,0.3689,0.7335,-1.244,-90.464,-20.646
1967242,1671,1871,2427,-0.6211,0.3691,0.7504,-2.381,-92.358,-21.647
1967252,1663,1841,1815,-0.6079,0.3674,0.7676,-3.629,-94.315,-22.829
1967262,1667,1839,2089,-0.5919,0.3622,0.7876,-5.111,-96.177,-24.273
1967272,1655,1850,2043,-0.5740,0.3501,0.8086,-7.241,-98.018,-25.963
1967282,1656,1857,2396,-0.5560,0.3383,0.8277,-10.152,-99.587,-27.739
1967292,1673,1847,1904,-0.5413,0.3254,0.8433,-13.614,-100.939,-29.328
1967302,1729,1839,1636,-0.5265,0.3161,0.8584,-17.374,-102.156,-30.635
1967312,1684,1849,2370,-0.5116,0.3042,0.8713,-21.233,-103.302,-31.643
1967322,1677,1867,2282,-0.4947,0.2956,0.8824,-25.112,-104.388,-32.445
1967332,1661,1842,2095,-0.4837,0.2853,0.8993,-28.766,-105.379,-33.180
1967342,1668,1857,2406,-0.4666,0.2748,0.9149,-32.080,-106.158,-33.939
1967352,1714,1840,2108,-0.4462,0.2579,0.9301,-35.296,-106.573,-35.163
1967362,1669,1870,2154,-0.4246,0.2351,0.9542,-38.060,-106.822,-36.588
1967372,1677,1840,2260,-0.3967,0.2029,0.9853,-40.410,-106.761,-37.872
1967382,1663,1862,2050,-0.3724,0.1889,1.0224,-42.445,-106.172,-38.516
1967392,1663,1841,2549,-0.3567,0.1736,1.0535,-43.907,-104.515,-38.806
1967402,1662,1870,2022,-0.3396,0.1539,1.0772,-45.323,-102.057,-39.276
1967412,1705,1839,2397,-0.3215,0.1309,1.1019,-46.451,-99.411,-39.785
1967422,1661,1861,1996,-0.3047,0.1072,1.1217,-47.231,-96.475,-40.205
1967432,1726,1850,1859,-0.2872,0.0820,1.1419,-47.511,-93.296,-40.392
1967442,1727,1863,2011,-0.2692,0.0578,1.1616,-47.380,-90.056,-40.321
1967452,1722,1841,2370,-0.2556,0.0337,1.1769,-46.733,-86.506,-40.032
1967462,1711,1850,2010,-0.2431,0.0163,1.1898,-45.301,-82.796,-39.466
1967472,1708,1858,1885,-0.2339,-0.0014,1.1965,-43.239,-79.044,-38.781
1967482,1717,1889,1923,-0.2284,-0.0200,1.1984,-40.552,-75.175,-38.052
1967492,1716,1859,2290,-0.2221,-0.0324,1.1963,-35.937,-70.937,-36.856
1967502,1666,1872,2875,-0.2141,-0.0463,1.1995,-30.987,-67.180,-35.626
1967512,1856,1840,1689,-0.2068,-0.0594,1.2013,-25.743,-63.620,-34.284
1967522,1753,1855,2289,-0.2005,-0.0687,1.1996,-20.283,-60.125,-32.721
1967532,1667,1841,2048,-0.1937,-0.0721,1.2025,-14.791,-56.903,-30.940
1967542,1664,1872,2243,-0.1885,-0.0729,1.2032,-9.342,-53.896,-29.005
1967552,1879,1845,2327,-0.1852,-0.0700,1.2060,-3.905,-51.033,-26.966
1967562,1697,1840,1739,-0.1798,-0.0666,1.2133,1.141,-48.390,-24.887
1967572,2133,1838,2110,-0.1759,-0.0616,1.2194,5.574,-45.773,-22.782
1967582,1905,1899,1953,-0.1736,-0.0554,1.2247,9.266,-43.042,-20.638
1967592,1665,1841,2117,-0.1743,-0.0465,1.2277,12.217,-40.360,-18.503
1967602,1763,1874,2006,-0.1760,-0.0380,1.2289,14.487,-37.705,-16.445
1967612,1708,1847,2271,-0.1778,-0.0318,1.2280,16.169,-35.176,-14.537
1967622,1671,1846,2248,-0.1788,-0.0267,1.2295,17.334,-32.800,-12.705
1967632,1734,1842,2170,-0.1807,-0.0165,1.2282,17.922,-30.448,-10.927
1967642,1763,1855,1701,-0.1829,-0.0057,1.2246,18.078,-28.124,-9.312
1967652,1675,1854,1926,-0.1833,0.0053,1.2210,18.040,-26.006,-7.895
1967662,1771,1859,2498,-0.1828,0.0158,1.2189,17.951,-23.979,-6.706
1967672,1678,1841,1950,-0.1827,0.0254,1.2178,17.904,-21.992,-5.583
1967682,1702,1854,1690,-0.1839,0.0344,1.2162,17.717,-20.006,-4.488
1967692,1674,1843,2119,-0.1849,0.0426,1.2151,17.424,-18.012,-3.441
1967702,1738,1841,2108,-0.1877,0.0496,1.2100,17.135,-15.967,-2.555
1967712,1713,1842,2073,-0.1904,0.0554,1.2017,16.943,-14.008,-1.827
1967722,1743,1842,2012,-0.1939,0.0624,1.1966,16.805,-12.371,-1.197
1967732,1759,1846,2137,-0.1956,0.0697,1.1891,16.824,-11.016,-0.694
1967742,1693,1845,1918,-0.1954,0.0754,1.1803,17.136,-9.761,-0.336
1967752,1666,1844,2333,-0.1946,0.0813,1.1734,17.760,-8.651,-0.012
1967762,1669,1845,1788,-0.1945,0.0862,1.1640,18.500,-7.701,0.290
1967772,1664,1849,1819,-0.1943,0.0914,1.1558,19.307,-6.927,0.610
1967782,1668,1840,1845,-0.1944,0.0948,1.1502,20.104,-6.361,1.000
1967792,1679,1852,2081,-0.1959,0.1001,1.1407,20.747,-5.878,1.478
1967802,1748,1844,1781,-0.1977,0.1063,1.1340,21.202,-5.489,1.974
1967812,1670,1859,2158,-0.1984,0.1146,1.1285,21.452,-5.299,2.384
1967822,1680,1844,1690,-0.1976,0.1237,1.1235,21.638,-5.233,2.688
1967832,1767,1863,1632,-0.1940,0.1294,1.1186,21.738,-5.267,2.789
1967842,1666,1845,2129,-0.1899,0.1325,1.1187,21.761,-5.331,2.699
1967852,1767,1872,2314,-0.1851,0.1358,1.1208,21.751,-5.395,2.565
1967862,1667,1841,1879,-0.1819,0.1382,1.1191,21.792,-5.265,2.391
1967872,1673,1846,1630,-0.1787,0.1312,1.1141,21.879,-5.096,2.234
1967882,1670,1851,1794,-0.1744,0.1316,1.1372,21.795,-5.364,2.547
1967892,1689,1852,2039,-0.1740,0.1412,1.1536,21.117,-5.665,3.534
1967902,1825,1841,1670,-0.1720,0.1499,1.1576,20.446,-4.993,4.668
1967912,1780,1869,1995,-0.1646,0.1581,1.1799,18.959,-4.663,5.719
1967922,1665,1843,1740,-0.1586,0.1636,1.1899,16.883,-4.206,6.662
1967932,1709,1867,1780,-0.1591,0.1706,1.1869,14.711,-2.979,7.417
1967942,1673,1847,1809,-0.1619,0.1771,1.1863,12.450,-1.939,7.894
1967952,1758,1868,1659,-0.1647,0.1800,1.1806,10.627,-1.042,7.873
1967962,1670,1841,1686,-0.1704,0.1765,1.1686,9.442,-0.083,7.316
1967972,1681,1877,2117,-0.1757,0.1746,1.1629,8.934,0.470,6.525
1967982,1670,1840,1750,-0.1818,0.1754,1.1552,9.007,0.775,5.692
1967992,1669,1860,1913,-0.1868,0.1753,1.1481,9.643,1.128,4.884
1968002,1695,1842,1740,-0.1884,0.1739,1.1481,10.295,1.200,4.175
1968012,1829,1856,1894,-0.1877,0.1743,1.1445,10.896,1.281,3.742
1968022,1913,1842,1675,-0.1892,0.1763,1.1334,11.240,1.533,3.507
1968032,1837,1880,1711,-0.1892,0.1815,1.1287,11.163,1.496,3.367
1968042,1714,1842,1664,-0.1877,0.1889,1.1233,10.808,1.320,3.151
1968052,1670,1870,1774,-0.1851,0.1951,1.1171,10.398,1.177,2.765
1968062,1674,1845,1787,-0.1822,0.1957,1.1100,10.001,1.041,2.141
1968072,1690,1853,1797,-0.1785,0.1927,1.1027,9.559,0.831,1.410
1968082,1677,1843,1766,-0.1759,0.1900,1.0971,8.976,0.534,0.756
1968092,1697,1880,1805,-0.1743,0.1891,1.0938,8.269,0.162,0.336
1968102,1847,1845,1690,-0.1736,0.1896,1.0912,7.559,-0.243,0.207
1968112,1672,1861,1719,-0.1741,0.1935,1.0893,6.862,-0.628,0.305
1968122,1698,1858,1837,-0.1738,0.1996,1.0886,6.143,-1.056,0.446
1968132,1789,1899,1971,-0.1728,0.2039,1.0874,5.492,-1.439,0.458
1968142,1693,1845,1714,-0.1703,0.2055,1.0884,4.919,-1.820,0.296
1968152,1677,1873,1660,-0.1676,0.2047,1.0878,4.384,-2.136,0.078
1968162,1685,1844,1644,-0.1669,0.2042,1.0880,3.875,-2.358,-0.076
1968172,1692,1878,2119,-0.1662,0.2044,1.0915,3.314,-2.665,-0.124
1968182,1698,1844,1662,-0.1671,0.2029,1.0929,2.704,-2.890,-0.134
1968192,1781,1903,1696,-0.1680,0.2013,1.0918,2.063,-2.978,-0.116
1968202,1676,1856,1821,-0.1691,0.2023,1.0930,1.357,-3.135,-0.002
1968212,1750,1871,1726,-0.1704,0.2036,1.0969,0.576,-3.361,0.152
1968222,1707,1843,1888,-0.1712,0.2044,1.0999,-0.266,-3.574,0.258
1968232,1679,1906,2022,-0.1711,0.2039,1.1034,-1.172,-3.729,0.303
1968242,1672,1855,1681,-0.1689,0.2005,1.1077,-2.094,-3.745,0.271
1968252,1687,1896,2301,-0.1665,0.1958,1.1120,-3.047,-3.651,0.255
1968262,1694,1852,1967,-0.1660,0.1929,1.1146,-3.909,-3.370,0.321
1968272,1789,1888,1632,-0.1675,0.1899,1.1156,-4.616,-3.008,0.434
1968282,1674,1856,1693,-0.1696,0.1861,1.1144,-5.149,-2.654,0.519
1968292,1720,1909,1812,-0.1714,0.1827,1.1138,-5.412,-2.347,0.568
1968302,1751,1849,1970,-0.1725,0.1793,1.1145,-5.441,-2.156,0.576
1968312,1676,1907,1801,-0.1721,0.1751,1.1146,-5.312,-2.062,0.554
1968322,1673,1857,1914,-0.1708,0.1741,1.1147,-5.057,-2.000,0.543
1968332,1813,1895,1761,-0.1690,0.1727,1.1174,-4.739,-1.948,0.557
1968342,1684,1850,1696,-0.1678,0.1721,1.1174,-4.392,-1.841,0.585
1968352,1755,1896,1957,-0.1660,0.1712,1.1170,-4.041,-1.703,0.594
1968362,1698,1852,1743,-0.1649,0.1708,1.1169,-3.681,-1.622,0.606
1968372,1698,1929,1900,-0.1631,0.1708,1.1176,-3.301,-1.598,0.639
1968382,1705,1859,1686,-0.1624,0.1713,1.1187,-2.911,-1.625,0.694
1968392,1680,1904,1630,-0.1624,0.1732,1.1178,-2.533,-1.652,0.803
1968402,1689,1861,1644,-0.1637,0.1745,1.1149,-2.201,-1.609,0.936
1968412,1968,1902,1773,-0.1635,0.1782,1.1158,-1.999,-1.633,1.072
1968422,1680,1866,1822,-0.1629,0.1791,1.1167,-1.958,-1.723,1.101
1968432,1675,1885,1850,-0.1634,0.1782,1.1131,-1.919,-1.650,1.011
1968442,1678,1864,1808,-0.1631,0.1771,1.1118,-1.993,-1.630,0.905
1968452,1679,1897,1728,-0.1641,0.1759,1.1114,-2.242,-1.760,0.838
1968462,1678,1888,1733,-0.1647,0.1754,1.1097,-2.570,-1.852,0.798
1968472,1680,1904,1690,-0.1652,0.1755,1.1124,-3.053,-2.060,0.788
1968482,1737,1871,1780,-0.1642,0.1753,1.1195,-3.763,-2.367,0.814
1968492,1679,1903,1938,-0.1613,0.1747,1.1290,-4.789,-2.630,0.846
1968502,1680,1861,1839,-0.1604,0.1753,1.1372,-6.054,-2.704,0.914
1968512,1689,1917,1840,-0.1613,0.1753,1.1416,-7.419,-2.503,0.961
1968522,1678,1866,1645,-0.1618,0.1727,1.1444,-8.888,-2.192,0.897
1968532,1679,1887,1651,-0.1632,0.1665,1.1428,-10.211,-1.689,0.729
1968542,1699,1851,1843,-0.1645,0.1580,1.1402,-11.163,-1.151,0.573
1968552,1679,1896,1664,-0.1643,0.1507,1.1359,-11.628,-0.689,0.496
1968562,1722,1880,1633,-0.1640,0.1449,1.1257,-11.359,-0.186,0.567
1968572,1680,1898,1870,-0.1639,0.1464,1.1198,-10.365,0.213,0.775
1968582,1680,1885,1679,-0.1608,0.1451,1.1184,-8.954,0.285,0.936
1968592,1681,1903,1933,-0.1591,0.1434,1.1141,-7.165,0.488,0.976
1968602,1720,1855,1792,-0.1597,0.1428,1.1093,-5.350,0.713,0.986
1968612,1681,1911,1731,-0.1603,0.1469,1.1141,-3.735,0.666,1.061
1968622,1696,1873,1804,-0.1605,0.1479,1.1127,-2.442,0.634,1.087
1968632,1721,1905,1666,-0.1620,0.1523,1.1124,-1.310,0.736,1.153
1968642,1689,1897,1643,-0.1626,0.1565,1.1196,-0.868,0.434,1.221
1968652,1686,1920,1847,-0.1643,0.1603,1.1170,-0.733,0.391,1.182
1968662,1689,1876,1755,-0.1632,0.1616,1.1209,-0.950,0.325,1.063
1968672,1679,1938,1712,-0.1635,0.1628,1.1230,-1.486,0.158,0.935
1968682,1701,1876,1666,-0.1643,0.1633,1.1216,-2.071,0.182,0.789
1968692,1682,1930,1965,-0.1647,0.1622,1.1201,-2.679,0.165,0.621
1968702,1703,1887,1663,-0.1647,0.1600,1.1203,-3.228,0.077,0.418
1968712,1679,1945,1972,-0.1656,0.1567,1.1144,-3.566,0.076,0.251
1968722,1691,1905,1698,-0.1657,0.1554,1.1144,-3.694,-0.008,0.189
1968732,1680,1924,1765,-0.1629,0.1511,1.1175,-3.842,-0.339,0.147
1968742,1705,1912,1670,-0.1624,0.1482,1.1130,-3.716,-0.291,0.134
1968752,1680,1942,1697,-0.1618,0.1484,1.1126,-3.613,-0.324,0.193
1968762,1701,1896,1794,-0.1612,0.1485,1.1134,-3.527,-0.508,0.234
1968772,1681,1952,1698,-0.1624,0.1475,1.1118,-3.417,-0.565,0.235
1968782,1694,1903,1858,-0.1627,0.1466,1.1121,-3.408,-0.759,0.287
1968792,1683,1948,1954,-0.1637,0.1512,1.1134,-3.592,-1.025,0.430
1968802,1690,1910,1677,-0.1634,0.1540,1.1190,-4.077,-1.371,0.618
1968812,1698,1947,1717,-0.1612,0.1561,1.1240,-4.848,-1.648,0.710
1968822,1715,1903,1674,-0.1603,0.1574,1.1245,-5.800,-1.688,0.752
1968832,1704,1942,1669,-0.1593,0.1584,1.1302,-6.976,-1.773,0.801
1968842,1695,1908,1807,-0.1586,0.1545,1.1322,-8.315,-1.756,0.717
1968852,1682,1937,1932,-0.1592,0.1485,1.1307,-9.521,-1.513,0.574
1968862,1727,1903,1634,-0.1597,0.1423,1.1301,-10.690,-1.338,0.420
1968872,1681,1968,1843,-0.1638,0.1359,1.1226,-11.573,-1.099,0.294
1968882,1711,1923,1751,-0.1633,0.1292,1.1242,-12.045,-1.040,0.215
1968892,1702,1979,1875,-0.1605,0.1194,1.1263,-12.198,-1.158,0.087
1968902,1685,1952,1874,-0.1601,0.1140,1.1200,-11.654,-0.896,0.067
1968912,1689,1926,1853,-0.1588,0.1101,1.1196,-10.757,-0.733,0.129
1968922,1716,1933,1790,-0.1578,0.1070,1.1223,-9.572,-0.776,0.218
1968932,1683,1959,1728,-0.1582,0.1052,1.1211,-8.096,-0.643,0.297
1968942,1711,1934,1723,-0.1581,0.1044,1.1243,-6.507,-0.585,0.382
1968952,1684,1961,2041,-0.1571,0.1048,1.1267,-4.913,-0.575,0.436
1968962,1724,1901,2044,-0.1572,0.1058,1.1249,-3.283,-0.394,0.430
1968972,1695,1988,1772,-0.1583,0.1090,1.1237,-1.544,-0.217,0.421
1968982,1763,1887,1692,-0.1591,0.1125,1.1230,-0.007,-0.070,0.406
1968992,1685,1968,2032,-0.1594,0.1167,1.1229,1.293,-0.024,0.379
1969002,1714,1903,1860,-0.1597,0.1203,1.1221,2.329,-0.004,0.342
1969012,1684,1950,1638,-0.1588,0.1234,1.1214,3.080,-0.018,0.308
1969022,1702,1933,1752,-0.1591,0.1279,1.1185,3.559,0.012,0.283
1969032,1684,1958,1654,-0.1600,0.1304,1.1179,3.739,-0.021,0.233
1969042,1715,1910,1933,-0.1618,0.1317,1.1168,3.663,-0.117,0.140
1969052,1693,2010,1689,-0.1629,0.1333,1.1151,3.420,-0.222,0.047
1969062,1690,1937,1645,-0.1634,0.1330,1.1172,3.042,-0.397,-0.002
1969072,1685,1960,1720,-0.1636,0.1335,1.1220,2.563,-0.608,-0.017
1969082,1708,1910,1728,-0.1636,0.1339,1.1264,2.072,-0.711,0.002
1969092,1688,1953,1648,-0.1636,0.1345,1.1279,1.682,-0.671,0.034
1969102,1749,1894,2083,-0.1632,0.1359,1.1301,1.401,-0.593,0.039
1969112,1692,1937,1699,-0.1628,0.1351,1.1314,1.148,-0.538,-0.066
1969122,1700,1919,1776,-0.1628,0.1321,1.1313,0.987,-0.374,-0.269
1969132,1688,1952,1939,-0.1622,0.1287,1.1327,0.800,-0.252,-0.422
1969142,1703,1921,1910,-0.1627,0.1245,1.1293,0.648,0.000,-0.466
1969152,1686,1965,1849,-0.1631,0.1225,1.1272,0.543,0.254,-0.401
1969162,1719,1922,1923,-0.1636,0.1208,1.1256,0.469,0.341,-0.253
1969172,1690,1958,1743,-0.1628,0.1215,1.1226,0.547,0.386,-0.104
1969182,1695,1938,1703,-0.1627,0.1231,1.1203,0.773,0.383,0.004
1969192,1690,1935,1898,-0.1631,0.1249,1.1199,1.089,0.344,0.091
1969202,1718,1914,1849,-0.1629,0.1271,1.1179,1.524,0.362,0.116
1969212,1697,1954,1981,-0.1634,0.1279,1.1156,1.974,0.401,0.071
1969222,1712,1921,1832,-0.1644,0.1299,1.1168,2.414,0.262,0.051
1969232,1697,1947,1967,-0.1640,0.1303,1.1165,2.782,0.084,0.026
1969242,1711,1918,1658,-0.1639,0.1303,1.1217,2.974,-0.081,0.008
1969252,1692,1952,1847,-0.1639,0.1311,1.1260,2.906,-0.153,0.059
1969262,1714,1910,1646,-0.1638,0.1335,1.1293,2.611,-0.150,0.148
1969272,1692,1960,1641,-0.1635,0.1359,1.1283,2.207,-0.066,0.218
1969282,1717,1906,1688,-0.1644,0.1356,1.1263,1.706,0.042,0.201
1969292,1691,1962,1652,-0.1648,0.1340,1.1250,1.224,0.084,0.133
1969302,1693,1918,1747,-0.1638,0.1320,1.1268,0.822,0.032,0.073
1969312,1690,1965,1883,-0.1634,0.1305,1.1266,0.549,0.043,0.022
1969322,1711,1915,1697,-0.1643,0.1312,1.1243,0.481,0.143,-0.009
1969332,1694,1934,2002,-0.1638,0.1323,1.1226,0.522,0.215,-0.049
1969342,1714,1917,1863,-0.1639,0.1322,1.1204,0.673,0.291,-0.111
1969352,1697,1952,1753,-0.1646,0.1309,1.1208,0.895,0.297,-0.196
1969362,1713,1907,2210,-0.1645,0.1290,1.1202,1.141,0.246,-0.253
1969372,1694,1929,2054,-0.1646,0.1298,1.1185,1.427,0.236,-0.246
1969382,1729,1907,2047,-0.1642,0.1316,1.1182,1.742,0.217,-0.176
1969392,1694,1939,1672,-0.1635,0.1346,1.1198,2.021,0.158,-0.095
1969402,1770,1872,1699,-0.1638,0.1363,1.1198,2.134,0.154,-0.052
1969412,1713,2011,1998,-0.1642,0.1370,1.1188,2.049,0.148,-0.034
1969422,1717,1921,1718,-0.1646,0.1391,1.1188,1.838,0.132,-0.028
1969432,1693,1982,1652,-0.1654,0.1389,1.1193,1.590,0.153,-0.041
1969442,1703,1917,1684,-0.1664,0.1384,1.1182,1.400,0.147,-0.069
1969452,1694,1956,1658,-0.1665,0.1392,1.1192,1.263,0.100,-0.081
1969462,1722,1896,2206,-0.1665,0.1385,1.1200,1.148,0.049,-0.053
1969472,1695,1929,1877,-0.1670,0.1393,1.1200,1.070,0.030,-0.025
1969482,1724,1907,1732,-0.1655,0.1394,1.1218,0.976,-0.020,-0.026
1969492,1695,1967,1858,-0.1652,0.1381,1.1210,0.916,-0.051,-0.086
1969502,1701,1887,1687,-0.1650,0.1361,1.1198,0.913,-0.008,-0.140
1969512,1699,1963,1703,-0.1663,0.1361,1.1185,0.945,0.024,-0.113
1969522,1710,1906,1702,-0.1675,0.1352,1.1174,0.962,0.021,-0.058
1969532,1697,1930,1655,-0.1679,0.1356,1.1198,0.985,-0.047,-0.004
1969542,1715,1911,1928,-0.1679,0.1358,1.1194,1.032,-0.085,0.041
1969552,1697,1944,1689,-0.1667,0.1374,1.1184,1.121,-0.072,0.102
1969562,1756,1897,1699,-0.1669,0.1394,1.1165,1.203,-0.088,0.147
1969572,1703,1962,1736,-0.1668,0.1404,1.1174,1.271,-0.141,0.132
1969582,1732,1902,1664,-0.1659,0.1408,1.1174,1.306,-0.213,0.071
1969592,1695,1971,1648,-0.1659,0.1396,1.1172,1.360,-0.227,-0.018
1969602,1725,1892,1665,-0.1659,0.1381,1.1175,1.392,-0.268,-0.079
1969612,1700,1960,1686,-0.1650,0.1383,1.1175,1.349,-0.326,-0.112
1969622,1740,1879,1657,-0.1651,0.1384,1.1182,1.192,-0.387,-0.109
1969632,1698,1946,1885,-0.1658,0.1383,1.1204,0.971,-0.430,-0.097
1969642,1728,1913,1659,-0.1665,0.1382,1.1193,0.799,-0.391,-0.063
1969652,1707,1923,1796,-0.1672,0.1382,1.1198,0.743,-0.347,-0.021
1969662,1710,1899,1823,-0.1681,0.1387,1.1191,0.815,-0.328,0.020
1969672,1698,1933,1674,-0.1688,0.1385,1.1188,1.061,-0.280,0.057
1969682,1729,1904,1641,-0.1691,0.1387,1.1190,1.400,-0.229,0.076
1969692,1697,1944,1696,-0.1689,0.1396,1.1189,1.746,-0.221,0.111
1969702,1729,1901,1751,-0.1694,0.1397,1.1194,2.047,-0.186,0.130
