9490482,1603,1896,1901,-0.1052,0.2348,1.1289,0.119,-0.327,-0.321
9490492,1571,1896,1890,-0.1060,0.2370,1.1275,-0.225,-0.068,-0.263
9490502,1612,1911,2031,-0.1076,0.2373,1.1242,-0.826,0.271,-0.247
9490512,1549,1904,2087,-0.1082,0.2361,1.1208,-1.700,0.486,-0.306
9490522,1594,1898,2138,-0.1081,0.2334,1.1195,-2.671,0.640,-0.439
9490532,1563,1888,1894,-0.1069,0.2290,1.1176,-3.496,0.740,-0.604
9490542,1618,1906,1899,-0.1058,0.2237,1.1195,-3.991,0.809,-0.702
9490552,1563,1897,1919,-0.1053,0.2206,1.1184,-4.128,0.893,-0.641
9490562,1600,1891,1907,-0.1087,0.2200,1.1173,-4.028,1.123,-0.448
9490572,1575,1897,2194,-0.1122,0.2208,1.1162,-3.825,1.241,-0.252
9490582,1589,1893,1991,-0.1135,0.2204,1.1110,-3.612,1.385,-0.194
9490592,1552,1899,1916,-0.1126,0.2193,1.1123,-3.372,1.255,-0.213
9490602,1596,1894,1964,-0.1109,0.2213,1.1121,-3.085,1.101,-0.229
9490612,1546,1899,1905,-0.1117,0.2228,1.1116,-2.695,1.014,-0.230
9490622,1600,1894,1897,-0.1115,0.2233,1.1110,-2.263,0.882,-0.270
9490632,1561,1899,2053,-0.1135,0.2240,1.1056,-1.814,0.930,-0.315
9490642,1611,1891,1913,-0.1144,0.2249,1.1073,-1.383,0.731,-0.313
9490652,1562,1891,1944,-0.1147,0.2247,1.1083,-1.023,0.463,-0.305
9490662,1595,1896,2026,-0.1139,0.2246,1.1124,-0.734,0.227,-0.308
9490672,1563,1904,1894,-0.1138,0.2244,1.1142,-0.513,0.068,-0.285
9490682,1605,1901,2008,-0.1137,0.2233,1.1150,-0.370,-0.002,-0.254
9490692,1568,1893,1963,-0.1146,0.2222,1.1154,-0.298,-0.122,-0.240
9490702,1604,1897,2104,-0.1144,0.2226,1.1152,-0.247,-0.239,-0.221
9490712,1564,1897,1950,-0.1147,0.2232,1.1157,-0.184,-0.355,-0.200
9490722,1602,1902,2006,-0.1153,0.2243,1.1172,-0.105,-0.455,-0.161
9490732,1560,1912,1997,-0.1149,0.2250,1.1171,-0.024,-0.531,-0.112
9490742,1600,1893,1897,-0.1146,0.2254,1.1164,0.017,-0.585,-0.064
9490752,1565,1903,1931,-0.1153,0.2262,1.1157,-0.015,-0.625,-0.043
9490762,1592,1891,1894,-0.1144,0.2255,1.1160,-0.128,-0.666,-0.047
9490772,1568,1893,1891,-0.1141,0.2255,1.1167,-0.305,-0.612,-0.093
9490782,1616,1906,1898,-0.1132,0.2249,1.1168,-0.408,-0.532,-0.132
9490792,1566,1898,1896,-0.1135,0.2248,1.1166,-0.446,-0.405,-0.180
9490802,1602,1901,1958,-0.1132,0.2236,1.1156,-0.417,-0.281,-0.231
9490812,1564,1895,1904,-0.1143,0.2222,1.1150,-0.340,-0.149,-0.264
9490822,1608,1909,1907,-0.1145,0.2223,1.1131,-0.243,-0.040,-0.289
9490832,1569,1893,1920,-0.1143,0.2222,1.1139,-0.144,0.059,-0.354
9490842,1592,1890,1913,-0.1141,0.2217,1.1153,-0.072,0.186,-0.442
9490852,1566,1895,1886,-0.1136,0.2211,1.1161,-0.034,0.330,-0.558
9490862,1593,1893,1922,-0.1137,0.2211,1.1171,-0.026,0.466,-0.675
9490872,1566,1896,1889,-0.1146,0.2216,1.1179,0.006,0.590,-0.785
9490882,1597,1900,1919,-0.1142,0.2220,1.1181,0.096,0.707,-0.887
9490892,1570,1898,1887,-0.1150,0.2237,1.1170,0.233,0.849,-0.966
9490902,1617,1904,1901,-0.1157,0.2252,1.1178,0.363,0.996,-1.033
9490912,1568,1895,1886,-0.1165,0.2261,1.1173,0.383,1.139,-1.104
9490922,1588,1899,1903,-0.1160,0.2263,1.1180,0.277,1.281,-1.196
9490932,1621,1898,1885,-0.1161,0.2250,1.1196,0.043,1.407,-1.307
9490942,1590,1893,1986,-0.1178,0.2244,1.1185,-0.294,1.622,-1.410
9490952,1569,1895,1886,-0.1209,0.2239,1.1177,-0.584,1.807,-1.505
9490962,1597,1893,1902,-0.1242,0.2232,1.1143,-0.772,1.869,-1.610
9490972,1641,1909,1886,-0.1253,0.2238,1.1129,-0.806,1.734,-1.719
9490982,1578,1896,1899,-0.1213,0.2251,1.1177,-0.633,1.271,-1.751
9490992,1573,1891,1886,-0.1180,0.2262,1.1231,-0.503,0.914,-1.764
9491002,1571,1891,1893,-0.1183,0.2244,1.1271,-0.662,0.731,-1.823
9491012,1723,1895,1884,-0.1235,0.2229,1.1232,-1.146,0.943,-1.921
9491022,1578,1890,1899,-0.1290,0.2219,1.1171,-1.829,1.132,-2.000
9491032,1586,1902,1886,-0.1323,0.2234,1.1148,-2.383,0.984,-2.021
9491042,1675,1898,1891,-0.1316,0.2266,1.1201,-2.632,0.450,-1.977
9491052,1570,1902,1887,-0.1308,0.2305,1.1245,-2.638,-0.110,-1.899
9491062,1661,1899,1900,-0.1310,0.2341,1.1278,-2.749,-0.403,-1.791
9491072,1579,1902,1886,-0.1317,0.2359,1.1283,-3.314,-0.559,-1.732
9491082,1593,1894,1887,-0.1305,0.2368,1.1241,-4.455,-0.674,-1.780
9491092,1715,1904,1889,-0.1280,0.2357,1.1241,-5.956,-0.888,-1.931
9491102,1694,1896,1908,-0.1275,0.2303,1.1220,-7.500,-1.127,-2.091
9491112,1785,1906,1886,-0.1267,0.2215,1.1206,-8.890,-1.353,-2.212
9491122,1627,1897,1892,-0.1271,0.2128,1.1182,-10.104,-1.635,-2.211
9491132,1602,1890,1887,-0.1254,0.2066,1.1202,-11.024,-2.039,-2.075
9491142,1885,1914,1902,-0.1239,0.2007,1.1190,-11.706,-2.359,-1.876
9491152,1588,1893,1886,-0.1222,0.1947,1.1195,-12.080,-2.630,-1.609
9491162,1625,1904,1894,-0.1214,0.1904,1.1213,-12.144,-2.879,-1.203
9491172,1580,1898,1885,-0.1207,0.1887,1.1203,-12.021,-3.019,-0.672
9491182,1733,1914,1898,-0.1202,0.1878,1.1205,-11.894,-3.172,-0.104
9491192,1801,1891,1889,-0.1198,0.1887,1.1217,-11.800,-3.267,0.417
9491202,1584,1911,1895,-0.1197,0.1900,1.1232,-11.697,-3.323,0.859
9491212,1702,1915,1892,-0.1196,0.1915,1.1271,-11.593,-3.368,1.223
9491222,1610,1923,1901,-0.1177,0.1887,1.1283,-11.613,-3.385,1.498
9491232,1751,1960,1889,-0.1177,0.1885,1.1316,-11.905,-3.331,1.815
9491242,1742,1910,1890,-0.1184,0.1924,1.1342,-12.393,-3.182,2.147
9491252,1610,1893,1886,-0.1204,0.1928,1.1358,-13.268,-2.885,2.284
9491262,1599,1935,1900,-0.1199,0.1893,1.1382,-14.421,-2.622,2.195
9491272,1619,1949,1889,-0.1183,0.1853,1.1459,-15.713,-2.259,2.012
9491282,1627,1902,1891,-0.1205,0.1753,1.1491,-17.275,-1.653,1.848
9491292,1728,1906,1885,-0.1219,0.1695,1.1508,-18.876,-0.948,1.982
9491302,1629,1904,1894,-0.1217,0.1670,1.1500,-20.463,-0.246,2.493
9491312,1690,1903,1890,-0.1193,0.1646,1.1521,-22.064,0.416,3.112
9491322,1639,1904,1896,-0.1190,0.1576,1.1555,-23.754,1.080,3.724
9491332,1615,1908,1884,-0.1201,0.1536,1.1522,-25.729,1.957,4.367
9491342,1615,1911,1888,-0.1249,0.1549,1.1501,-27.841,2.748,4.895
9491352,1579,1893,1886,-0.1297,0.1544,1.1486,-29.888,3.374,5.113
9491362,1829,1898,1890,-0.1316,0.1484,1.1470,-31.582,4.016,5.052
9491372,1606,1892,1890,-0.1308,0.1423,1.1496,-32.897,4.490,4.966
9491382,1616,1891,1889,-0.1335,0.1423,1.1412,-33.913,5.001,5.061
9491392,1588,1901,1887,-0.1365,0.1406,1.1403,-34.348,5.566,5.108
9491402,1688,1914,1896,-0.1361,0.1372,1.1486,-34.862,5.625,4.810
9491412,1869,1901,1889,-0.1374,0.1251,1.1376,-35.141,6.225,4.247
9491422,1638,1899,1885,-0.1380,0.1126,1.1301,-35.043,6.694,3.666
9491432,1680,1908,1886,-0.1393,0.1019,1.1213,-34.301,6.894,3.145
9491442,2023,1968,1908,-0.1402,0.0925,1.1155,-32.883,6.937,2.557
9491452,1590,1892,1887,-0.1404,0.0852,1.1086,-30.922,6.816,1.960
9491462,1584,1893,1891,-0.1393,0.0798,1.1036,-28.402,6.641,1.497
9491472,1601,1897,1887,-0.1388,0.0762,1.1041,-25.567,6.277,1.206
9491482,1591,1904,1895,-0.1391,0.0727,1.1004,-22.738,5.926,1.000
9491492,1588,1898,1887,-0.1390,0.0710,1.0972,-20.060,5.497,0.870
9491502,1710,1893,1887,-0.1388,0.0710,1.0953,-17.522,4.871,0.791
9491512,1616,1907,1887,-0.1374,0.0719,1.0937,-15.058,4.154,0.692
9491522,1648,1894,1887,-0.1364,0.0709,1.0937,-12.700,3.326,0.536
9491532,1589,1911,1887,-0.1338,0.0687,1.0954,-10.526,2.465,0.306
9491542,1588,1896,1892,-0.1314,0.0667,1.0972,-8.595,1.653,0.047
9491552,1657,1898,1884,-0.1298,0.0653,1.0985,-6.967,1.004,-0.163
9491562,1584,1897,1895,-0.1280,0.0652,1.1005,-5.587,0.362,-0.336
9491572,1698,1911,1890,-0.1279,0.0653,1.0996,-4.319,-0.119,-0.545
9491582,1737,1892,1898,-0.1273,0.0652,1.0992,-3.132,-0.597,-0.812
9491592,1625,1893,1890,-0.1262,0.0632,1.0982,-2.030,-1.047,-1.104
9491602,1742,1910,1896,-0.1240,0.0649,1.1032,-0.996,-1.535,-1.326
9491612,1595,1895,1887,-0.1219,0.0683,1.1084,-0.171,-2.049,-1.380
9491622,1583,1899,1898,-0.1220,0.0717,1.1135,0.261,-2.283,-1.327
9491632,1594,1890,1887,-0.1225,0.0740,1.1193,0.232,-2.462,-1.286
9491642,1642,1912,1888,-0.1230,0.0731,1.1211,-0.357,-2.498,-1.371
9491652,1587,1905,1888,-0.1232,0.0701,1.1252,-1.411,-2.521,-1.533
9491662,1584,1896,1898,-0.1235,0.0687,1.1273,-2.545,-2.546,-1.630
9491672,1587,1896,1885,-0.1257,0.0685,1.1267,-3.652,-2.498,-1.675
9491682,1627,1912,1889,-0.1284,0.0670,1.1286,-4.692,-2.468,-1.767
9491692,1604,1893,1889,-0.1282,0.0624,1.1316,-5.542,-2.453,-1.954
9491702,1589,1902,1902,-0.1295,0.0586,1.1290,-6.141,-2.367,-2.124
9491712,1633,1891,1885,-0.1317,0.0538,1.1308,-6.443,-2.348,-2.226
9491722,1770,1902,1890,-0.1351,0.0496,1.1307,-6.419,-2.293,-2.240
9491732,1642,1916,1890,-0.1382,0.0459,1.1315,-6.086,-2.252,-2.192
9491742,1600,1895,1891,-0.1397,0.0427,1.1344,-5.552,-2.269,-2.097
9491752,1615,1907,1890,-0.1416,0.0415,1.1347,-4.947,-2.280,-1.966
9491762,1633,1916,1887,-0.1434,0.0406,1.1401,-4.336,-2.305,-1.799
9491772,1669,1891,1888,-0.1447,0.0376,1.1506,-3.620,-2.300,-1.664
9491782,1636,1907,1888,-0.1454,0.0298,1.1571,-2.520,-2.175,-1.566
9491792,1667,1891,1891,-0.1464,0.0265,1.1599,-1.294,-1.822,-1.303
9491802,1602,1991,1887,-0.1487,0.0317,1.1678,-0.258,-1.573,-0.925
9491812,1612,1896,1888,-0.1503,0.0350,1.1717,0.260,-1.125,-0.696
9491822,1618,1920,1888,-0.1496,0.0371,1.1802,0.221,-0.561,-0.659
9491832,1597,1890,1887,-0.1487,0.0356,1.1835,-0.178,0.251,-0.748
9491842,1652,1911,1892,-0.1476,0.0256,1.1930,-0.607,1.235,-0.932
9491852,1636,1902,1890,-0.1458,0.0135,1.1970,-0.682,2.495,-0.974
9491862,1760,1907,1891,-0.1438,0.0048,1.2067,-0.343,3.905,-0.680
9491872,1687,1932,1886,-0.1402,0.0041,1.2192,0.354,5.337,-0.060
9491882,1836,1896,1894,-0.1399,0.0088,1.2247,1.490,7.039,0.720
9491892,1592,1924,1900,-0.1395,0.0145,1.2372,2.704,8.827,1.357
9491902,1636,2030,1984,-0.1384,0.0167,1.2409,3.896,10.760,1.674
9491912,1613,1896,1884,-0.1381,0.0170,1.2414,5.139,13.157,1.799
9491922,1679,1954,1899,-0.1404,0.0186,1.2449,6.498,15.633,1.964
9491932,1612,1908,1898,-0.1438,0.0193,1.2468,8.018,18.285,2.270
9491942,1659,1958,1887,-0.1471,0.0192,1.2516,9.604,20.929,2.743
9491952,1678,1947,1904,-0.1503,0.0205,1.2566,11.184,23.585,3.478
9491962,1909,1960,1888,-0.1538,0.0234,1.2651,12.372,26.174,4.485
9491972,1658,1900,1888,-0.1569,0.0254,1.2703,12.802,28.778,5.745
9491982,1750,1924,1888,-0.1626,0.0309,1.2694,12.299,31.355,7.242
9491992,1953,2001,1886,-0.1693,0.0343,1.2677,10.735,33.728,8.888
9492002,1895,1974,1909,-0.1761,0.0395,1.2648,8.180,35.891,10.688
9492012,1607,1911,1887,-0.1815,0.0436,1.2614,4.529,37.738,12.602
9492022,1795,1928,1899,-0.1867,0.0459,1.2505,-0.183,39.372,14.657
9492032,1611,1921,1896,-0.1929,0.0471,1.2414,-5.924,40.662,16.981
9492042,1812,1951,1886,-0.1982,0.0479,1.2366,-12.600,41.397,19.693
9492052,1746,1896,1892,-0.2026,0.0485,1.2318,-20.354,41.788,22.846
9492062,1602,1898,1888,-0.2068,0.0497,1.2284,-29.395,41.933,26.396
9492072,1606,1902,1886,-0.2140,0.0445,1.2299,-39.778,41.988,30.213
9492082,1630,1904,1892,-0.2192,0.0357,1.2300,-51.435,42.011,34.227
9492092,2094,1898,1886,-0.2248,0.0237,1.2238,-64.402,42.281,38.334
9492102,1914,1940,1939,-0.2308,0.0051,1.2170,-78.443,42.430,42.418
9492112,1603,1896,1893,-0.2363,-0.0155,1.1984,-92.828,42.689,46.564
9492122,1624,1897,1887,-0.2424,-0.0434,1.1817,-106.950,42.715,50.753
9492132,1631,1898,1900,-0.2484,-0.0738,1.1685,-120.353,42.418,55.189
9492142,1648,1902,1906,-0.2572,-0.1063,1.1498,-133.070,42.073,59.826
9492152,1722,1900,1904,-0.2633,-0.1413,1.1287,-144.688,41.634,64.587
9492162,1694,1919,1890,-0.2733,-0.1723,1.1193,-155.019,40.836,69.386
9492172,1749,1898,1901,-0.2774,-0.2008,1.1114,-163.829,39.849,74.084
9492182,1802,2055,1908,-0.2804,-0.2357,1.1045,-171.394,39.019,78.341
9492192,1764,2005,1889,-0.2764,-0.2807,1.0948,-177.810,38.084,82.300
9492202,1592,1901,1894,-0.2694,-0.3388,1.0821,-183.133,37.282,86.289
9492212,1674,1900,1887,-0.2667,-0.3907,1.0709,-186.799,36.412,91.065
9492222,2354,1998,1913,-0.2675,-0.4381,1.0611,-188.688,35.706,96.933
9492232,1844,1903,1888,-0.2769,-0.4564,1.0514,-188.464,34.986,103.984
9492242,1819,1953,1904,-0.2920,-0.4519,1.0242,-185.316,35.102,111.444
9492252,1637,1954,1889,-0.3023,-0.4678,1.0178,-180.592,34.803,117.896
9492262,2168,1968,1952,-0.3087,-0.4799,0.9954,-174.026,34.486,123.226
9492272,1731,1914,1889,-0.3183,-0.4962,0.9575,-166.357,34.586,127.621
9492282,1682,1914,1909,-0.3214,-0.5070,0.9395,-157.717,33.639,131.698
9492292,1637,1897,1911,-0.3339,-0.5088,0.9160,-147.684,32.498,135.707
9492302,1601,1927,1891,-0.3461,-0.4939,0.8984,-136.023,31.279,139.523
9492312,1608,1891,1890,-0.3618,-0.4673,0.8893,-122.981,29.903,142.777
9492322,2045,1964,1909,-0.3710,-0.4432,0.8870,-109.254,28.711,145.000
9492332,1626,1902,1899,-0.3773,-0.4239,0.8833,-95.995,27.931,146.246
9492342,1599,1890,1920,-0.3853,-0.4054,0.8722,-83.700,27.840,147.105
9492352,1691,1939,1907,-0.3923,-0.3905,0.8566,-72.883,28.257,147.988
9492362,2186,2036,1929,-0.4038,-0.3761,0.8358,-63.776,28.762,149.076
9492372,1670,1890,1898,-0.4204,-0.3563,0.8142,-56.362,28.953,150.542
9492382,1667,1909,2007,-0.4390,-0.3296,0.7925,-50.557,28.572,152.235
9492392,1803,1922,1887,-0.4618,-0.2961,0.7647,-46.019,27.585,153.834
9492402,1640,1889,1943,-0.4816,-0.2579,0.7292,-42.205,24.830,154.485
9492412,1833,1904,1907,-0.5037,-0.2167,0.7013,-39.037,21.291,154.533
9492422,1768,1992,1887,-0.5201,-0.1764,0.6778,-36.552,17.094,153.765
9492432,2062,1939,1888,-0.5422,-0.1403,0.6781,-34.940,12.106,152.092
9492442,2192,1935,1935,-0.5483,-0.1047,0.6904,-34.127,6.679,149.551
9492452,1976,1986,1887,-0.5526,-0.0836,0.6929,-34.036,1.877,145.833
9492462,2274,1919,1915,-0.5558,-0.0732,0.7047,-34.195,-2.674,141.885
9492472,3177,1973,1888,-0.5575,-0.0713,0.7169,-35.179,-6.971,138.227
9492482,1761,1919,1926,-0.5582,-0.0724,0.7312,-37.369,-11.004,135.163
9492492,1708,1948,1907,-0.5598,-0.0681,0.7339,-40.703,-14.524,132.747
9492502,2021,1942,1894,-0.5669,-0.0583,0.7240,-44.211,-17.283,130.810
9492512,1659,1914,1924,-0.5735,-0.0364,0.7308,-47.876,-20.562,129.010
9492522,2015,1919,1910,-0.5790,-0.0097,0.7388,-50.863,-24.008,127.010
9492532,1842,1899,1895,-0.5847,0.0245,0.7594,-53.143,-27.450,124.502
9492542,1663,1901,1979,-0.5825,0.0547,0.7961,-55.303,-31.027,121.209
9492552,1995,1947,1889,-0.5810,0.0800,0.8269,-57.353,-33.696,117.148
9492562,1629,1896,1888,-0.5715,0.0906,0.8500,-59.901,-35.425,112.439
9492572,1787,1927,1898,-0.5581,0.0797,0.8698,-62.629,-36.381,107.466
9492582,1897,1890,1897,-0.5480,0.0694,0.9058,-65.670,-37.071,102.847
9492592,1780,2014,2126,-0.5425,0.0635,0.9358,-68.718,-37.326,98.789
9492602,2626,1924,1979,-0.5423,0.0607,0.9527,-71.597,-36.798,94.909
9492612,1874,1903,1903,-0.5443,0.0548,0.9702,-73.814,-36.006,90.875
9492622,1617,1899,1886,-0.5480,0.0473,0.9798,-75.151,-35.081,86.595
9492632,1613,2038,1887,-0.5508,0.0348,0.9908,-75.325,-34.041,82.223
9492642,1965,1921,1928,-0.5505,0.0170,1.0010,-74.582,-32.973,77.859
9492652,1615,1901,1897,-0.5473,-0.0080,1.0180,-73.216,-31.863,73.473
9492662,1668,1967,1910,-0.5424,-0.0282,1.0306,-71.068,-30.568,69.199
9492672,1797,1918,1930,-0.5411,-0.0357,1.0390,-67.971,-28.851,65.002
9492682,1932,1908,1894,-0.5352,-0.0316,1.0565,-63.645,-27.154,60.624
9492692,1736,1971,1888,-0.5329,-0.0324,1.0489,-58.465,-24.765,55.742
9492702,1954,2180,1892,-0.5308,-0.0343,1.0562,-52.121,-22.346,50.571
9492712,1607,1957,1887,-0.5303,-0.0448,1.0563,-45.273,-19.879,45.386
9492722,1785,1962,1894,-0.5317,-0.0599,1.0552,-38.445,-17.031,40.356
9492732,1921,1897,1906,-0.5355,-0.0664,1.0545,-31.868,-14.394,35.633
9492742,1698,2073,1962,-0.5411,-0.0687,1.0385,-25.226,-11.461,31.140
9492752,1625,1890,1893,-0.5485,-0.0729,1.0194,-18.649,-8.741,26.648
9492762,1632,1894,1887,-0.5583,-0.0759,1.0005,-12.450,-6.593,22.207
9492772,1756,1909,1903,-0.5661,-0.0740,0.9890,-6.843,-4.997,18.025
9492782,1624,1969,1931,-0.5698,-0.0685,0.9822,-2.028,-3.842,14.252
9492792,2021,1891,1888,-0.5733,-0.0627,0.9745,1.631,-2.764,10.939
9492802,2416,1904,1891,-0.5737,-0.0592,0.9680,3.829,-1.803,8.000
9492812,1737,1969,1895,-0.5764,-0.0583,0.9566,4.557,-0.877,5.309
9492822,1599,1895,1888,-0.5818,-0.0575,0.9447,4.004,-0.077,2.819
9492832,1674,1921,1887,-0.5881,-0.0595,0.9336,2.493,0.320,0.513
9492842,1679,1960,1924,-0.5942,-0.0682,0.9205,0.520,0.507,-1.569
9492852,1616,1889,1892,-0.6008,-0.0794,0.9088,-1.740,0.411,-3.274
9492862,1696,1934,1940,-0.6059,-0.0902,0.8992,-4.149,-0.019,-4.515
9492872,1793,1894,2186,-0.6106,-0.1046,0.8832,-6.358,-0.613,-5.350
9492882,1856,1892,1989,-0.6153,-0.1268,0.8657,-8.053,-1.350,-5.907
9492892,1747,1902,2143,-0.6177,-0.1436,0.8743,-9.396,-2.621,-6.095
9492902,1779,1891,2007,-0.6221,-0.1398,0.8809,-10.472,-3.971,-5.749
9492912,1685,1892,1905,-0.6278,-0.1429,0.8782,-10.740,-4.523,-5.371
9492922,1699,1903,1889,-0.6253,-0.1457,0.8927,-11.135,-5.305,-5.179
9492932,1654,1890,1887,-0.6230,-0.1509,0.8979,-11.395,-5.835,-4.801
9492942,1636,1890,1886,-0.6222,-0.1590,0.8966,-11.828,-5.736,-4.186
9492952,1624,1916,1903,-0.6250,-0.1626,0.8930,-12.201,-5.576,-3.262
9492962,1609,1892,1900,-0.6266,-0.1635,0.8897,-12.233,-5.436,-2.263
9492972,1603,1891,1884,-0.6261,-0.1654,0.8863,-11.790,-5.365,-1.322
9492982,1689,1915,1917,-0.6239,-0.1690,0.8893,-11.085,-5.513,-0.456
9492992,2075,1904,1889,-0.6205,-0.1728,0.9034,-10.329,-5.734,0.435
9493002,1833,1920,1893,-0.6173,-0.1761,0.9124,-9.744,-5.628,1.414
9493012,2314,1924,1886,-0.6148,-0.1760,0.9201,-9.509,-5.143,2.531
9493022,1708,1888,1893,-0.6131,-0.1771,0.9194,-9.681,-4.410,3.741
9493032,1842,1888,1903,-0.6099,-0.1753,0.9194,-10.144,-3.680,4.913
9493042,2654,2003,1993,-0.6082,-0.1676,0.9193,-10.708,-3.327,5.941
9493052,1805,1888,1889,-0.6065,-0.1643,0.9111,-10.906,-2.930,6.642
9493062,2812,1925,1897,-0.5996,-0.1629,0.9218,-10.785,-2.814,6.994
9493072,2647,1907,1899,-0.5932,-0.1557,0.9403,-10.461,-3.034,7.243
9493082,2396,1988,1918,-0.5885,-0.1553,0.9404,-9.815,-2.259,7.338
9493092,2234,1911,1886,-0.5889,-0.1647,0.9378,-9.060,-1.380,7.244
9493102,2564,1888,1899,-0.5981,-0.1742,0.9182,-7.812,-0.382,7.017
9493112,2538,1886,1921,-0.6122,-0.1783,0.8778,-5.473,0.245,6.706
9493122,2212,1906,1912,-0.6191,-0.1700,0.8459,-1.175,-0.227,6.197
9493132,2732,1917,1901,-0.6166,-0.1293,0.9087,4.605,-2.274,5.622
9493142,2915,2100,1885,-0.6032,-0.0692,0.9759,9.968,-4.388,4.759
9493152,1874,2089,1890,-0.5922,-0.0184,1.0094,13.287,-3.429,3.352
9493162,2134,2021,1941,-0.5733,0.0092,1.0403,13.029,-1.740,1.176
9493172,1886,1889,1906,-0.5587,0.0218,1.0353,9.444,1.088,-1.598
9493182,2082,1903,1888,-0.5566,0.0283,1.0245,4.061,3.912,-4.793
9493192,1670,1905,1894,-0.5671,0.0171,1.0053,-0.767,6.426,-8.468
9493202,1731,2031,1940,-0.5823,-0.0208,0.9693,-3.565,8.789,-12.556
9493212,1717,1890,1898,-0.5994,-0.0764,0.9212,-3.766,10.769,-16.483
9493222,1744,1895,1901,-0.6166,-0.1280,0.8767,-2.079,11.599,-19.541
9493232,1715,1900,2179,-0.6325,-0.1709,0.8350,0.870,11.257,-21.411
9493242,1686,1898,1900,-0.6426,-0.2044,0.7996,4.482,9.844,-22.115
9493252,1822,1973,2269,-0.6426,-0.2184,0.8052,7.902,7.083,-21.539
9493262,1610,1891,1990,-0.6340,-0.2115,0.8462,9.720,3.337,-19.691
9493272,2272,1932,1892,-0.6287,-0.2039,0.8622,9.447,0.763,-17.130
9493282,1619,1889,1939,-0.6259,-0.2021,0.8697,6.705,-0.903,-14.266
9493292,1832,1902,1891,-0.6257,-0.2132,0.8892,1.414,-2.936,-11.284
9493302,1614,1887,1915,-0.6346,-0.2429,0.8660,-4.908,-4.252,-8.235
9493312,1710,1929,1898,-0.6495,-0.2851,0.8211,-10.525,-5.046,-5.129
9493322,1665,1887,1902,-0.6595,-0.3261,0.8093,-14.484,-7.085,-1.740
9493332,1599,1888,1893,-0.6657,-0.3210,0.8271,-15.636,-9.950,2.279
9493342,1742,1960,1901,-0.6721,-0.2598,0.8522,-13.745,-11.952,6.409
9493352,1605,1887,1889,-0.6570,-0.1830,0.9091,-10.137,-13.233,9.222
9493362,1616,1898,1972,-0.6266,-0.1080,0.9644,-6.057,-13.789,10.306
9493372,1704,1890,1888,-0.5998,-0.0525,0.9962,-3.352,-12.160,9.663
9493382,2179,1987,1888,-0.5814,-0.0190,1.0270,-2.865,-9.928,7.630
9493392,1737,1907,1903,-0.5781,-0.0138,1.0135,-3.552,-6.285,4.743
9493402,1675,1924,1896,-0.5791,-0.0333,1.0003,-4.267,-2.654,1.453
9493412,2218,1890,1888,-0.5827,-0.0701,0.9745,-4.452,0.445,-1.775
9493422,1906,1887,1887,-0.5837,-0.1171,0.9479,-4.140,2.941,-4.591
9493432,1956,1907,1897,-0.5843,-0.1579,0.9357,-3.824,4.294,-6.461
9493442,2833,1913,1914,-0.5882,-0.1910,0.9129,-3.561,5.391,-7.344
9493452,1919,1901,1901,-0.5924,-0.2150,0.8869,-3.573,6.248,-7.413
9493462,2281,1890,1889,-0.5942,-0.2384,0.8641,-3.905,6.396,-6.834
9493472,2212,1898,1972,-0.5943,-0.2614,0.8506,-4.491,5.844,-5.811
9493482,3170,2158,1893,-0.5932,-0.2808,0.8494,-5.111,4.706,-4.409
9493492,2596,1987,1895,-0.5932,-0.2994,0.8446,-5.202,3.591,-2.791
9493502,1126,1943,1912,-0.6010,-0.3213,0.8330,-4.228,2.776,-1.039
9493512,4095,2215,1888,-0.6113,-0.3390,0.8281,-2.145,1.639,0.993
9493522,2320,1970,1892,-0.6235,-0.3314,0.8165,1.268,0.295,3.404
9493532,901,2005,1956,-0.6429,-0.2709,0.7968,6.818,-0.915,5.889
9493542,1662,1895,1887,-0.6370,-0.1956,0.8637,14.408,-2.546,7.574
9493552,1330,1906,1889,-0.6090,-0.1311,0.9365,20.421,-4.386,7.987
9493562,1122,1888,1889,-0.5857,-0.0757,0.9757,23.423,-3.185,7.839
9493572,938,2003,1965,-0.5633,-0.0297,1.0368,21.712,-1.998,7.202
9493582,1352,1991,1918,-0.5540,0.0069,1.0418,15.587,0.721,5.869
9493592,1535,1918,1888,-0.5514,0.0154,1.0351,7.428,3.770,3.573
9493602,985,1894,1889,-0.5603,-0.0072,1.0080,0.137,6.578,0.373
9493612,913,1916,1930,-0.5725,-0.0488,0.9685,-4.763,9.173,-3.126
9493622,881,1905,1890,-0.5866,-0.0931,0.9298,-7.032,10.792,-6.289
9493632,1094,1913,1943,-0.5979,-0.1331,0.8996,-6.688,11.396,-8.822
9493642,2176,1991,1897,-0.6030,-0.1650,0.8717,-4.084,11.320,-10.575
9493652,996,1939,1921,-0.6093,-0.1900,0.8419,-0.068,10.919,-11.529
9493662,953,1892,1899,-0.6169,-0.2103,0.8168,4.023,9.986,-11.759
9493672,1040,1932,1889,-0.6252,-0.2255,0.8026,7.198,8.164,-11.254
9493682,1011,1903,1921,-0.6308,-0.2321,0.8013,9.052,5.571,-9.988
9493692,899,1981,1889,-0.6368,-0.2192,0.8239,9.168,2.431,-8.000
9493702,946,1916,1887,-0.6406,-0.1964,0.8452,7.625,-0.589,-5.658
9493712,1076,1941,1966,-0.6435,-0.1762,0.8615,4.857,-2.909,-3.435
9493722,1119,1894,1942,-0.6468,-0.1694,0.8624,0.853,-4.707,-1.445
9493732,907,1886,1886,-0.6562,-0.1828,0.8339,-3.642,-5.693,0.326
9493742,1233,1976,1958,-0.6656,-0.2180,0.8097,-8.154,-7.168,2.081
9493752,1063,1944,1889,-0.6635,-0.2529,0.8133,-11.793,-9.705,4.220
9493762,962,1913,1892,-0.6679,-0.2389,0.8532,-13.943,-12.571,7.106
9493772,900,1933,1913,-0.6601,-0.1854,0.8874,-14.564,-14.389,9.753
9493782,970,1884,1913,-0.6345,-0.1256,0.9395,-13.762,-15.004,10.977
9493792,992,1937,1890,-0.6068,-0.0753,0.9811,-12.807,-14.635,10.502
9493802,1073,1886,1891,-0.5843,-0.0408,1.0124,-12.669,-12.304,8.611
9493812,917,1936,1887,-0.5695,-0.0146,1.0457,-13.826,-9.388,6.009
9493822,954,1922,1887,-0.5629,-0.0054,1.0426,-15.433,-5.119,3.026
9493832,1019,1887,1887,-0.5595,-0.0243,1.0228,-16.527,-0.493,-0.360
9493842,1335,1951,1888,-0.5607,-0.0678,0.9903,-16.648,3.685,-3.959
9493852,1283,1986,1895,-0.5687,-0.1242,0.9485,-15.649,7.237,-7.226
9493862,1006,1890,1919,-0.5814,-0.1787,0.9045,-13.854,9.792,-9.759
9493872,922,1886,1886,-0.5970,-0.2263,0.8627,-11.292,11.251,-11.378
9493882,910,1885,1895,-0.6142,-0.2620,0.8273,-7.897,11.595,-12.038
9493892,997,1903,1887,-0.6270,-0.2889,0.7995,-4.022,10.843,-11.761
9493902,1056,1890,1894,-0.6339,-0.3049,0.7896,-0.337,9.139,-10.677
9493912,1372,1892,1890,-0.6352,-0.3034,0.8029,2.372,6.553,-8.815
9493922,966,1925,1903,-0.6323,-0.2919,0.8199,3.912,3.951,-6.492
9493932,922,1895,1887,-0.6294,-0.2755,0.8333,4.360,1.886,-4.054
9493942,1167,1888,1897,-0.6271,-0.2553,0.8464,3.814,0.200,-1.770
9493952,923,1893,1890,-0.6240,-0.2381,0.8553,2.686,-1.089,0.075
9493962,1092,2218,1900,-0.6153,-0.2267,0.8764,1.368,-2.304,1.427
9493972,964,1934,1889,-0.6052,-0.2145,0.9088,0.100,-3.441,2.430
9493982,939,1949,1942,-0.6006,-0.1980,0.9162,-0.649,-3.380,3.104
9493992,942,1904,1889,-0.6034,-0.1848,0.9127,-0.645,-2.676,3.312
9494002,972,1886,1917,-0.6075,-0.1854,0.9011,0.582,-1.931,2.900
9494012,1156,1887,1889,-0.6108,-0.1919,0.8919,2.795,-1.349,2.100
9494022,1029,1887,1904,-0.6121,-0.1834,0.9011,6.165,-1.360,1.306
9494032,1078,1926,1888,-0.6097,-0.1717,0.9133,9.099,-1.251,0.540
9494042,1579,1972,1940,-0.6055,-0.1605,0.9234,11.096,-1.022,-0.292
9494052,940,1920,1885,-0.6028,-0.1507,0.9255,11.836,-0.550,-1.293
9494062,971,1891,1903,-0.6026,-0.1455,0.9208,11.587,-0.117,-2.489
9494072,1199,1981,1897,-0.6028,-0.1480,0.9197,11.036,0.214,-3.793
9494082,958,1891,1910,-0.6042,-0.1543,0.9219,10.573,0.344,-5.045
9494092,966,1895,1888,-0.6074,-0.1611,0.9171,10.552,0.702,-6.074
9494102,1020,1891,1897,-0.6118,-0.1655,0.9139,11.044,1.168,-6.855
9494112,1090,1911,1888,-0.6150,-0.1694,0.9103,11.822,1.551,-7.472
9494122,1017,1978,1935,-0.6177,-0.1718,0.9059,12.615,1.903,-7.970
9494132,1034,1902,1890,-0.6201,-0.1736,0.8995,13.143,2.120,-8.388
9494142,963,1929,1912,-0.6207,-0.1763,0.8952,13.421,2.107,-8.782
9494152,1101,1890,1890,-0.6210,-0.1794,0.8948,13.553,1.816,-9.134
9494162,945,1898,1900,-0.6200,-0.1800,0.8985,13.738,1.412,-9.384
9494172,1218,1895,1890,-0.6181,-0.1794,0.9058,14.058,1.057,-9.501
9494182,1016,1896,1903,-0.6168,-0.1771,0.9126,14.484,0.847,-9.514
9494192,939,1886,1889,-0.6161,-0.1744,0.9158,14.983,0.933,-9.460
9494202,1278,1913,1907,-0.6159,-0.1703,0.9202,15.520,1.150,-9.432
9494212,1006,1889,1886,-0.6156,-0.1664,0.9214,15.981,1.444,-9.455
9494222,1013,1897,1910,-0.6151,-0.1634,0.9270,16.300,1.655,-9.567
9494232,945,1894,1890,-0.6142,-0.1616,0.9322,16.483,1.799,-9.794
9494242,962,1915,1893,-0.6142,-0.1587,0.9383,16.630,1.977,-10.127
9494252,1384,1893,1889,-0.6154,-0.1521,0.9461,16.931,2.138,-10.561
9494262,1016,1902,1891,-0.6166,-0.1444,0.9503,17.559,2.418,-11.110
9494272,1073,1884,1888,-0.6182,-0.1390,0.9568,18.589,2.751,-11.887
9494282,945,1901,1906,-0.6191,-0.1352,0.9695,19.996,3.011,-12.934
9494292,999,1885,1889,-0.6207,-0.1323,0.9794,21.779,3.462,-14.190
9494302,949,1896,1902,-0.6240,-0.1277,0.9897,23.881,4.170,-15.565
9494312,1833,2019,1894,-0.6279,-0.1175,0.9896,26.278,5.112,-17.002
9494322,991,1945,1907,-0.6305,-0.1115,0.9888,29.098,6.054,-18.673
9494332,1214,1927,1887,-0.6319,-0.1095,0.9823,32.394,6.929,-20.639
9494342,1232,1884,1895,-0.6337,-0.1044,0.9744,36.114,7.701,-22.756
9494352,1131,1933,1892,-0.6374,-0.0914,0.9789,40.190,8.007,-24.983
9494362,1085,1897,1903,-0.6397,-0.0756,0.9786,44.530,8.340,-27.414
9494372,1207,1912,1886,-0.6403,-0.0630,0.9839,49.153,8.792,-30.119
9494382,989,1889,1890,-0.6402,-0.0526,0.9886,53.632,9.145,-33.042
9494392,967,1910,1885,-0.6394,-0.0436,0.9895,57.758,9.735,-36.095
9494402,1112,1906,1891,-0.6389,-0.0356,0.9893,61.365,10.311,-39.204
9494412,974,1923,1887,-0.6378,-0.0312,0.9858,64.477,10.898,-42.314
9494422,1138,1954,1890,-0.6367,-0.0277,0.9817,66.970,11.296,-45.407
9494432,978,1885,1887,-0.6358,-0.0250,0.9756,69.066,11.420,-48.454
9494442,1140,1901,1902,-0.6367,-0.0196,0.9601,71.115,11.508,-51.432
9494452,1050,1956,1892,-0.6375,-0.0167,0.9472,73.296,11.410,-54.510
9494462,1081,1889,1889,-0.6359,-0.0171,0.9444,75.520,10.702,-57.639
9494472,998,1892,1886,-0.6327,-0.0213,0.9390,77.778,9.883,-60.844
9494482,1008,1912,1892,-0.6322,-0.0265,0.9377,80.303,9.026,-63.785
9494492,1170,1892,1888,-0.6293,-0.0178,0.9463,82.776,8.210,-66.217
9494502,1027,1908,1897,-0.6273,-0.0144,0.9492,85.084,7.957,-68.478
9494512,1010,1900,1886,-0.6210,-0.0133,0.9528,86.884,8.080,-70.677
9494522,1243,1885,1899,-0.6141,-0.0175,0.9583,87.903,8.210,-72.555
9494532,1004,1912,1886,-0.6092,-0.0199,0.9576,88.183,8.661,-74.000
9494542,964,1895,1892,-0.6073,-0.0166,0.9549,87.521,9.264,-75.067
9494552,1163,1900,1888,-0.6051,-0.0153,0.9444,85.945,9.786,-76.043
9494562,979,1902,1900,-0.6042,-0.0135,0.9313,83.760,10.188,-77.144
9494572,1028,1888,1885,-0.6027,-0.0113,0.9183,81.169,10.189,-78.343
9494582,1043,1918,1894,-0.6021,-0.0125,0.9022,78.576,9.976,-79.682
9494592,1134,1883,1885,-0.6026,-0.0185,0.8872,76.171,9.554,-81.165
9494602,1213,1886,1912,-0.6038,-0.0241,0.8788,73.956,8.717,-82.670
9494612,979,1889,1887,-0.6047,-0.0344,0.8674,72.224,7.664,-84.096
9494622,981,1904,1894,-0.6055,-0.0440,0.8580,70.904,6.409,-85.491
9494632,981,1883,1886,-0.6062,-0.0557,0.8556,70.105,4.955,-86.861
9494642,984,1887,1897,-0.6065,-0.0671,0.8542,69.815,3.482,-88.098
9494652,980,1912,1887,-0.6033,-0.0782,0.8523,70.180,2.096,-89.300
9494662,1251,1929,1905,-0.5986,-0.0970,0.8552,71.170,0.882,-90.466
9494672,1187,1891,1889,-0.5920,-0.1124,0.8587,72.737,-0.060,-91.333
9494682,1012,1921,1908,-0.5827,-0.1268,0.8612,74.937,-0.614,-91.729
9494692,989,1903,1884,-0.5806,-0.1314,0.8584,77.789,-0.770,-91.589
9494702,981,1911,1923,-0.5809,-0.1354,0.8512,81.484,-0.752,-90.926
9494712,1025,1903,1889,-0.5816,-0.1390,0.8354,85.910,-0.795,-89.874
9494722,1014,1929,1901,-0.5838,-0.1350,0.8182,90.981,-1.237,-88.507
9494732,1491,1913,1885,-0.5845,-0.1336,0.8095,96.523,-2.247,-87.063
9494742,1117,1996,1898,-0.5837,-0.1301,0.7980,102.486,-3.561,-85.535
9494752,1260,1929,1885,-0.5819,-0.1179,0.7809,108.882,-4.846,-83.861
9494762,1072,1991,1899,-0.5772,-0.1001,0.7747,115.331,-6.596,-82.155
9494772,1313,1932,1888,-0.5745,-0.0801,0.7735,121.632,-8.640,-80.533
9494782,1091,1981,1891,-0.5721,-0.0565,0.7671,127.827,-10.528,-79.081
9494792,1094,1927,1888,-0.5696,-0.0294,0.7669,133.699,-12.582,-77.958
9494802,1087,1972,1891,-0.5680,-0.0015,0.7773,138.858,-15.142,-77.232
9494812,1019,2085,1887,-0.5664,0.0263,0.7851,143.192,-17.818,-76.825
9494822,1038,1934,1904,-0.5647,0.0510,0.7935,146.414,-20.497,-76.706
9494832,989,1976,1886,-0.5602,0.0734,0.7999,148.167,-23.370,-76.739
9494842,1054,1882,1897,-0.5544,0.0893,0.7997,148.468,-26.150,-76.839
9494852,993,1914,1885,-0.5438,0.1020,0.8116,146.941,-29.298,-76.715
9494862,1110,1910,1896,-0.5346,0.1172,0.8318,143.453,-32.682,-76.085
9494872,999,1882,1885,-0.5265,0.1347,0.8476,138.273,-35.750,-74.905
9494882,1098,1884,1889,-0.5193,0.1478,0.8562,131.224,-38.329,-73.528
9494892,1174,1903,1890,-0.5112,0.1554,0.8708,122.463,-40.782,-72.215
9494902,1113,1919,1887,-0.5026,0.1534,0.8816,112.224,-43.163,-70.879
9494912,1111,1901,1890,-0.4937,0.1545,0.8870,100.986,-45.255,-69.158
9494922,1004,1905,1890,-0.4860,0.1558,0.8938,89.245,-47.335,-67.018
9494932,1044,1886,1885,-0.4790,0.1537,0.9041,77.270,-49.396,-64.640
9494942,1385,1906,1896,-0.4745,0.1546,0.9140,65.115,-51.325,-62.118
9494952,1069,1882,1887,-0.4713,0.1506,0.9169,53.019,-52.875,-59.679
9494962,1053,1902,1890,-0.4669,0.1464,0.9181,41.166,-54.332,-57.429
9494972,1045,1897,1887,-0.4636,0.1420,0.9235,29.804,-55.799,-55.389
9494982,1149,1911,1887,-0.4607,0.1355,0.9289,19.224,-57.327,-53.656
9494992,1200,1947,1890,-0.4543,0.1298,0.9314,9.673,-58.562,-52.290
9495002,1165,1903,1894,-0.4478,0.1227,0.9405,1.422,-59.662,-51.218
9495012,1197,1882,1886,-0.4437,0.1175,0.9436,-5.393,-60.483,-50.413
9495022,1042,1897,1885,-0.4365,0.1059,0.9523,-10.747,-60.978,-49.982
9495032,1007,1900,1886,-0.4273,0.0968,0.9611,-14.840,-61.382,-49.835
9495042,1012,1894,1898,-0.4201,0.0871,0.9551,-17.605,-61.327,-49.996
9495052,1011,1890,1890,-0.4118,0.0732,0.9562,-19.036,-61.372,-50.548
9495062,1030,1886,1892,-0.4043,0.0573,0.9542,-19.031,-61.664,-51.374
9495072,1210,1884,1899,-0.3946,0.0397,0.9527,-17.728,-62.080,-52.250
9495082,1123,1880,1890,-0.3863,0.0253,0.9575,-15.285,-62.816,-52.948
9495092,1206,1883,1895,-0.3769,0.0173,0.9661,-12.039,-63.682,-53.325
9495102,1017,1889,1890,-0.3671,0.0122,0.9805,-8.473,-64.615,-53.434
9495112,1040,1884,1890,-0.3560,0.0064,0.9938,-5.004,-65.399,-53.415
9495122,1071,1883,1887,-0.3418,-0.0003,1.0130,-1.920,-66.100,-53.310
9495132,1189,1884,1892,-0.3267,-0.0083,1.0290,0.563,-66.594,-53.051
9495142,1029,1921,1890,-0.3131,-0.0146,1.0434,2.428,-66.780,-52.540
9495152,1015,1898,1900,-0.2996,-0.0172,1.0600,3.742,-66.931,-51.724
9495162,1372,1887,1911,-0.2880,-0.0198,1.0673,4.626,-66.826,-50.698
9495172,1072,1884,1904,-0.2747,-0.0219,1.0811,5.020,-66.766,-49.551
9495182,1021,1883,1887,-0.2620,-0.0240,1.0994,4.769,-66.797,-48.296
9495192,1025,1883,1885,-0.2491,-0.0248,1.1115,3.830,-66.485,-46.907
9495202,1266,1885,1885,-0.2382,-0.0284,1.1208,2.179,-65.903,-45.477
9495212,1036,1882,1896,-0.2270,-0.0344,1.1290,-0.030,-65.182,-44.145
9495222,1073,1881,1887,-0.2183,-0.0435,1.1326,-2.658,-64.324,-42.900
9495232,1089,1904,1914,-0.2105,-0.0530,1.1396,-5.443,-63.429,-41.656
9495242,1167,1882,1887,-0.2024,-0.0620,1.1452,-8.112,-62.595,-40.275
9495252,1064,1926,1895,-0.1956,-0.0732,1.1431,-10.576,-61.590,-38.777
9495262,1059,1883,1895,-0.1867,-0.0874,1.1524,-12.811,-60.827,-37.167
9495272,1140,1886,1903,-0.1755,-0.0984,1.1659,-15.095,-60.237,-35.361
9495282,1040,1881,1886,-0.1661,-0.1035,1.1749,-17.433,-59.310,-33.383
9495292,1219,1896,1908,-0.1584,-0.1128,1.1826,-19.725,-58.056,-31.420
9495302,1095,1905,1895,-0.1505,-0.1244,1.1866,-21.966,-56.509,-29.621
9495312,1092,1884,1886,-0.1440,-0.1358,1.1884,-24.060,-55.031,-27.888
9495322,1059,1965,1889,-0.1387,-0.1437,1.1907,-25.768,-53.447,-26.144
9495332,1070,1894,1892,-0.1330,-0.1503,1.1931,-26.908,-51.959,-24.368
9495342,1100,1889,1884,-0.1274,-0.1564,1.1961,-26.855,-50.391,-22.562
9495352,1037,1890,1894,-0.1224,-0.1662,1.2009,-26.537,-48.807,-20.935
9495362,1077,1891,1894,-0.1165,-0.1740,1.2018,-25.823,-47.009,-19.360
9495372,1043,1882,1903,-0.1106,-0.1755,1.2095,-24.772,-45.267,-17.673
9495382,1044,1885,1886,-0.1074,-0.1734,1.2114,-23.227,-43.296,-15.928
9495392,1073,1887,1898,-0.1052,-0.1728,1.2115,-21.108,-41.081,-14.237
9495402,1065,1891,1887,-0.1029,-0.1711,1.2137,-18.595,-38.850,-12.644
9495412,1040,1884,1910,-0.1011,-0.1681,1.2156,-15.826,-36.553,-11.148
9495422,1110,1892,1886,-0.0994,-0.1640,1.2153,-13.004,-34.292,-9.794
9495432,1041,1891,1897,-0.0985,-0.1606,1.2141,-10.333,-32.114,-8.619
9495442,1056,1914,1887,-0.0984,-0.1550,1.2138,-7.838,-30.115,-7.582
9495452,1079,1944,1892,-0.0976,-0.1474,1.2134,-5.577,-28.269,-6.663
9495462,1098,1899,1890,-0.0952,-0.1406,1.2135,-3.673,-26.552,-5.874
9495472,1052,1914,1902,-0.0909,-0.1228,1.2160,-2.192,-24.951,-5.190
9495482,1111,1881,1884,-0.0848,-0.1191,1.2125,-1.081,-23.452,-4.656
9495492,1059,1884,1902,-0.0819,-0.1202,1.2102,-0.244,-22.006,-4.230
9495502,1128,1895,1885,-0.0809,-0.1176,1.2084,0.610,-20.664,-3.618
9495512,1084,1907,1896,-0.0815,-0.1082,1.2096,1.176,-19.485,-2.923
9495522,1074,1902,1886,-0.0810,-0.0987,1.2073,1.404,-18.239,-2.439
9495532,1123,1900,1893,-0.0786,-0.0939,1.2049,1.489,-17.145,-2.202
9495542,1264,1904,1887,-0.0734,-0.0885,1.2023,1.493,-16.056,-2.065
9495552,1079,1888,1894,-0.0724,-0.0936,1.2094,1.530,-15.070,-1.973
9495562,1075,1895,1885,-0.0692,-0.0964,1.2043,1.957,-13.844,-1.798
9495572,1065,1892,1898,-0.0677,-0.0986,1.2071,2.649,-12.639,-1.480
9495582,1054,1890,1887,-0.0664,-0.0853,1.2010,3.458,-11.484,-1.164
9495592,1121,1885,1897,-0.0648,-0.0838,1.1982,3.961,-10.351,-1.195
9495602,1055,1882,1886,-0.0610,-0.0883,1.2013,5.299,-9.484,-1.379
9495612,1083,1903,1907,-0.0585,-0.0886,1.1950,7.199,-8.231,-1.303
9495622,1072,1899,1886,-0.0564,-0.0858,1.1997,9.238,-7.323,-1.041
9495632,1081,1885,1897,-0.0541,-0.0890,1.2001,11.094,-6.377,-0.885
9495642,1063,1906,1886,-0.0533,-0.0835,1.1987,13.454,-5.281,-0.534
9495652,1089,1905,1886,-0.0535,-0.0773,1.1941,15.070,-4.322,-0.256
9495662,1061,1891,1888,-0.0554,-0.0715,1.1897,16.005,-3.497,-0.052
9495672,1104,1885,1898,-0.0567,-0.0650,1.1860,16.369,-2.907,0.155
9495682,1064,1886,1888,-0.0587,-0.0600,1.1826,16.248,-2.484,0.371
9495692,1097,1889,1907,-0.0597,-0.0554,1.1768,15.671,-2.207,0.593
9495702,1165,1888,1887,-0.0606,-0.0517,1.1719,14.765,-2.006,0.792
9495712,1099,1886,1902,-0.0594,-0.0481,1.1705,13.703,-1.969,0.985
9495722,1103,1883,1885,-0.0608,-0.0433,1.1656,12.647,-1.928,1.176
9495732,1107,1897,1897,-0.0625,-0.0394,1.1592,11.569,-1.829,1.301
9495742,1117,1882,1888,-0.0635,-0.0372,1.1554,10.555,-1.817,1.345
9495752,1117,1886,1898,-0.0626,-0.0354,1.1543,9.657,-1.862,1.283
9495762,1079,1886,1886,-0.0613,-0.0345,1.1517,8.902,-1.859,1.140
9495772,1125,1891,1903,-0.0597,-0.0334,1.1494,8.284,-1.812,0.971
9495782,1071,1891,1897,-0.0585,-0.0337,1.1466,7.789,-1.715,0.820
9495792,1097,1888,1897,-0.0571,-0.0338,1.1453,7.395,-1.606,0.691
9495802,1072,1882,1885,-0.0570,-0.0342,1.1429,7.096,-1.475,0.608
9495812,1112,1883,1889,-0.0581,-0.0339,1.1416,6.885,-1.394,0.578
9495822,1174,1884,1887,-0.0587,-0.0346,1.1390,6.796,-1.324,0.561
9495832,1107,1881,1892,-0.0592,-0.0353,1.1379,6.833,-1.303,0.516
9495842,1105,1890,1886,-0.0585,-0.0363,1.1361,7.009,-1.313,0.445
9495852,1139,1885,1904,-0.0576,-0.0367,1.1370,7.352,-1.353,0.408
9495862,1074,1880,1886,-0.0562,-0.0354,1.1381,7.830,-1.370,0.404
9495872,1114,1886,1902,-0.0549,-0.0358,1.1365,8.389,-1.317,0.420
9495882,1084,1884,1886,-0.0554,-0.0327,1.1365,9.008,-1.198,0.487
9495892,1121,1882,1897,-0.0562,-0.0274,1.1434,9.642,-1.202,0.522
9495902,1104,1883,1886,-0.0563,-0.0272,1.1445,10.286,-1.015,0.439
9495912,1131,1878,1901,-0.0569,-0.0283,1.1536,10.877,-0.815,0.362
9495922,1080,1882,1885,-0.0579,-0.0246,1.1611,11.231,-0.677,0.436
9495932,1116,1882,1898,-0.0602,-0.0201,1.1606,11.275,-0.318,0.607
9495942,1087,1883,1887,-0.0622,-0.0162,1.1611,10.965,-0.057,0.759
9495952,1126,1887,1894,-0.0639,-0.0127,1.1585,10.379,0.222,0.868
9495962,1085,1884,1887,-0.0660,-0.0069,1.1552,9.556,0.376,0.888
9495972,1125,1882,1896,-0.0680,-0.0037,1.1499,8.754,0.456,0.789
9495982,1088,1881,1886,-0.0691,-0.0017,1.1485,8.033,0.360,0.629
9495992,1116,1886,1898,-0.0691,-0.0003,1.1468,7.429,0.176,0.499
9496002,1086,1887,1886,-0.0698,0.0012,1.1467,6.924,-0.065,0.420
9496012,1123,1885,1902,-0.0695,0.0011,1.1443,6.468,-0.262,0.349
9496022,1119,1885,1890,-0.0676,0.0016,1.1456,6.075,-0.486,0.248
9496032,1090,1880,1891,-0.0668,0.0013,1.1443,5.760,-0.680,0.162
9496042,1091,1883,1884,-0.0655,0.0019,1.1446,5.539,-0.833,0.128
9496052,1204,1888,1900,-0.0643,0.0029,1.1452,5.381,-0.990,0.164
9496062,1093,1882,1882,-0.0639,0.0036,1.1443,5.242,-1.079,0.229
9496072,1127,1883,1887,-0.0635,0.0027,1.1434,5.080,-1.165,0.262
9496082,1093,1884,1886,-0.0629,0.0031,1.1418,4.909,-1.212,0.265
9496092,1123,1886,1896,-0.0624,0.0030,1.1402,4.748,-1.296,0.232
9496102,1094,1879,1887,-0.0616,0.0024,1.1391,4.659,-1.384,0.196
9496112,1134,1886,1885,-0.0616,0.0018,1.1394,4.697,-1.466,0.146
9496122,1101,1877,1886,-0.0611,0.0015,1.1410,4.847,-1.551,0.111
9496132,1146,1879,1930,-0.0611,0.0021,1.1407,5.068,-1.561,0.078
9496142,1107,1881,2081,-0.0607,0.0022,1.1408,5.324,-1.552,0.039
9496152,1141,1888,1897,-0.0607,0.0035,1.1404,5.605,-1.511,0.032
9496162,1104,1884,1887,-0.0612,0.0051,1.1404,5.889,-1.441,0.042
9496172,1164,1881,1900,-0.0611,0.0049,1.1401,6.186,-1.375,0.047
9496182,1102,1884,1891,-0.0598,0.0057,1.1429,6.545,-1.359,0.084
9496192,1120,1886,1929,-0.0597,0.0063,1.1417,6.912,-1.313,0.163
9496202,1103,1883,1916,-0.0599,0.0092,1.1410,7.232,-1.193,0.282
9496212,1136,1888,1913,-0.0612,0.0122,1.1417,7.489,-1.099,0.357
9496222,1103,1889,1958,-0.0615,0.0147,1.1410,7.691,-0.960,0.342
9496232,1158,1883,1932,-0.0617,0.0171,1.1419,7.797,-0.854,0.232
9496242,1105,1886,1885,-0.0625,0.0181,1.1424,7.867,-0.730,0.108
9496252,1107,1883,1921,-0.0618,0.0190,1.1439,7.940,-0.647,-0.014
9496262,1122,1881,1936,-0.0618,0.0199,1.1446,8.045,-0.572,-0.134
9496272,1181,1887,1890,-0.0625,0.0205,1.1446,8.185,-0.486,-0.215
9496282,1105,1885,1884,-0.0625,0.0214,1.1466,8.365,-0.440,-0.273
9496292,1145,1882,1912,-0.0618,0.0219,1.1482,8.588,-0.417,-0.301
9496302,1105,1881,1897,-0.0611,0.0227,1.1476,8.812,-0.311,-0.276
9496312,1137,1885,1912,-0.0610,0.0245,1.1457,8.969,-0.161,-0.173
9496322,1109,1880,2078,-0.0615,0.0270,1.1453,9.069,-0.026,-0.035
9496332,1147,1878,1886,-0.0620,0.0308,1.1460,9.107,0.044,0.090
9496342,1107,1887,2095,-0.0631,0.0336,1.1451,9.127,0.089,0.145
9496352,1180,1904,1945,-0.0633,0.0349,1.1447,9.135,0.094,0.108
9496362,1112,1884,1905,-0.0642,0.0363,1.1459,9.136,0.090,0.039
9496372,1152,1889,2018,-0.0644,0.0381,1.1473,9.145,0.088,-0.008
9496382,1116,1886,1882,-0.0647,0.0395,1.1471,9.158,0.104,-0.016
9496392,1154,1881,1898,-0.0659,0.0422,1.1472,9.147,0.140,0.009
9496402,1134,1885,1887,-0.0660,0.0467,1.1484,9.119,0.142,0.015
9496412,1188,1901,2063,-0.0662,0.0479,1.1470,9.018,0.137,-0.036
9496422,1120,1881,1885,-0.0662,0.0502,1.1476,8.866,0.136,-0.086
9496432,1161,1882,1891,-0.0664,0.0521,1.1474,8.680,0.121,-0.091
9496442,1120,1890,1885,-0.0670,0.0540,1.1490,8.419,0.087,-0.069
9496452,1137,1878,1933,-0.0669,0.0555,1.1476,8.103,0.084,-0.072
9496462,1118,1888,1887,-0.0669,0.0568,1.1464,7.788,0.087,-0.087
9496472,1147,1880,1910,-0.0669,0.0582,1.1477,7.477,0.061,-0.097
9496482,1120,1883,1929,-0.0671,0.0587,1.1464,7.155,0.022,-0.093
9496492,1190,1882,1932,-0.0669,0.0604,1.1459,6.811,0.029,-0.073
9496502,1127,1879,1937,-0.0672,0.0618,1.1463,6.460,-0.012,-0.029
9496512,1155,1880,1892,-0.0676,0.0633,1.1462,6.085,-0.015,-0.005
9496522,1143,1880,1897,-0.0683,0.0641,1.1456,5.744,0.008,0.007
9496532,1146,1883,1911,-0.0680,0.0639,1.1461,5.434,0.018,-0.027
9496542,1125,1886,1883,-0.0669,0.0634,1.1467,5.134,0.002,-0.082
9496552,1148,1877,1910,-0.0663,0.0627,1.1448,4.849,0.018,-0.126
9496562,1129,1886,1907,-0.0667,0.0631,1.1446,4.587,-0.018,-0.126
9496572,1183,1887,1886,-0.0673,0.0639,1.1453,4.371,-0.067,-0.119
9496582,1131,1885,1890,-0.0677,0.0632,1.1467,4.234,-0.117,-0.097
9496592,1163,1879,1906,-0.0671,0.0627,1.1463,4.182,-0.130,-0.058
9496602,1162,1890,2087,-0.0672,0.0635,1.1458,4.169,-0.111,0.019
9496612,1171,1891,2019,-0.0676,0.0652,1.1453,4.174,-0.079,0.127
9496622,1133,1888,1883,-0.0674,0.0676,1.1457,4.169,-0.036,0.205
9496632,1177,1890,1888,-0.0685,0.0683,1.1443,4.103,0.022,0.219
9496642,1135,1882,1899,-0.0686,0.0699,1.1430,3.965,0.081,0.163
9496652,1142,1879,1908,-0.0685,0.0700,1.1421,3.766,0.129,0.105
9496662,1137,1886,1898,-0.0690,0.0705,1.1410,3.557,0.142,0.047
9496672,1179,1887,1989,-0.0697,0.0706,1.1416,3.385,0.139,-0.022
9496682,1142,1881,1888,-0.0693,0.0697,1.1409,3.297,0.148,-0.102
9496692,1175,1886,1903,-0.0690,0.0691,1.1419,3.309,0.139,-0.173
9496702,1205,1885,1888,-0.0693,0.0700,1.1420,3.400,0.125,-0.213
9496712,1175,1882,2008,-0.0697,0.0714,1.1428,3.543,0.134,-0.241
9496722,1140,1883,1892,-0.0704,0.0732,1.1418,3.702,0.149,-0.244
9496732,1177,1882,2003,-0.0707,0.0743,1.1404,3.814,0.220,-0.266
9496742,1150,1880,1882,-0.0711,0.0753,1.1401,3.860,0.261,-0.295
9496752,1177,1879,2244,-0.0724,0.0770,1.1386,3.852,0.304,-0.306
9496762,1169,1895,1938,-0.0729,0.0775,1.1396,3.855,0.280,-0.340
9496772,1171,1883,1955,-0.0730,0.0771,1.1402,3.870,0.211,-0.408
9496782,1145,1881,1918,-0.0723,0.0766,1.1406,3.897,0.154,-0.465
9496792,1176,1881,1910,-0.0725,0.0768,1.1410,3.891,0.120,-0.470
9496802,1144,1889,1951,-0.0733,0.0789,1.1420,3.887,0.080,-0.435
9496812,1183,1885,1906,-0.0742,0.0806,1.1418,3.897,0.035,-0.388
9496822,1150,1890,1888,-0.0746,0.0823,1.1416,3.911,0.059,-0.352
9496832,1177,1879,2097,-0.0750,0.0840,1.1416,3.914,-0.015,-0.329
9496842,1148,1880,1883,-0.0751,0.0853,1.1408,3.909,-0.062,-0.322
9496852,1194,1887,1905,-0.0747,0.0864,1.1410,3.880,-0.142,-0.322
9496862,1149,1877,1933,-0.0743,0.0864,1.1403,3.776,-0.202,-0.331
9496872,1166,1883,1928,-0.0737,0.0864,1.1401,3.623,-0.248,-0.330
9496882,1150,1888,1918,-0.0737,0.0867,1.1402,3.437,-0.317,-0.310
9496892,1178,1878,2011,-0.0739,0.0868,1.1405,3.262,-0.374,-0.260
9496902,1152,1881,1996,-0.0737,0.0871,1.1424,3.090,-0.447,-0.225
9496912,1154,1881,1912,-0.0738,0.0869,1.1428,2.926,-0.471,-0.203
9496922,1153,1892,1885,-0.0743,0.0870,1.1438,2.772,-0.516,-0.168
9496932,1206,1891,1982,-0.0745,0.0882,1.1423,2.639,-0.554,-0.121
9496942,1158,1881,1984,-0.0744,0.0880,1.1429,2.513,-0.643,-0.091
9496952,1190,1879,2136,-0.0745,0.0880,1.1414,2.367,-0.741,-0.053
9496962,1158,1882,1882,-0.0748,0.0888,1.1410,2.215,-0.880,-0.032
9496972,1169,1882,1912,-0.0755,0.0884,1.1439,2.046,-1.059,-0.013
9496982,1157,1880,1948,-0.0754,0.0885,1.1426,1.879,-1.172,0.013
9496992,1182,1884,1899,-0.0756,0.0882,1.1437,1.701,-1.343,0.051
9497002,1156,1882,1941,-0.0754,0.0882,1.1426,1.551,-1.483,0.104
9497012,1181,1885,1999,-0.0756,0.0894,1.1420,1.452,-1.656,0.193
9497022,1162,1882,1931,-0.0767,0.0904,1.1406,1.402,-1.864,0.299
9497032,1175,1898,1998,-0.0757,0.0916,1.1413,1.395,-2.113,0.417
9497042,1162,1881,1892,-0.0751,0.0932,1.1418,1.387,-2.376,0.519
9497052,1188,1880,1890,-0.0750,0.0935,1.1415,1.373,-2.615,0.623
9497062,1170,1887,2094,-0.0744,0.0931,1.1396,1.302,-2.829,0.731
9497072,1191,1881,1905,-0.0745,0.0919,1.1363,1.197,-2.979,0.849
9497082,1167,1890,1881,-0.0750,0.0913,1.1362,1.073,-3.190,0.981
9497092,1190,1881,2012,-0.0747,0.0906,1.1360,0.972,-3.452,1.099
9497102,1166,1878,1995,-0.0744,0.0898,1.1376,0.959,-3.735,1.206
9497112,1184,1886,1899,-0.0740,0.0892,1.1380,1.038,-4.025,1.315
9497122,1166,1880,1914,-0.0731,0.0891,1.1388,1.201,-4.292,1.378
9497132,1201,1887,1894,-0.0725,0.0886,1.1392,1.390,-4.516,1.411
9497142,1167,1901,1903,-0.0719,0.0886,1.1396,1.588,-4.692,1.427
9497152,1184,1887,1879,-0.0706,0.0899,1.1420,1.771,-4.875,1.439
9497162,1173,1881,1879,-0.0695,0.0920,1.1421,1.930,-5.022,1.452
9497172,1176,1892,1998,-0.0694,0.0941,1.1411,2.021,-5.095,1.459
9497182,1169,1880,2035,-0.0694,0.0965,1.1415,2.012,-5.167,1.435
9497192,1198,1887,1899,-0.0688,0.0979,1.1401,1.882,-5.226,1.378
9497202,1170,1886,1898,-0.0678,0.0988,1.1412,1.649,-5.307,1.287
9497212,1198,1887,1926,-0.0663,0.0979,1.1412,1.378,-5.421,1.193
9497222,1173,1886,1929,-0.0645,0.0970,1.1408,1.156,-5.463,1.126
9497232,1195,1880,1882,-0.0625,0.0963,1.1426,0.998,-5.494,1.108
9497242,1174,1877,1957,-0.0613,0.0960,1.1436,0.875,-5.501,1.138
9497252,1178,1878,1937,-0.0593,0.0967,1.1452,0.776,-5.480,1.187
9497262,1176,1884,1886,-0.0583,0.0970,1.1438,0.642,-5.411,1.258
9497272,1205,1885,1914,-0.0582,0.0976,1.1416,0.500,-5.269,1.312
9497282,1175,1883,1906,-0.0582,0.0981,1.1434,0.439,-5.294,1.404
9497292,1188,1878,1909,-0.0579,0.0982,1.1450,0.351,-5.276,1.494
9497302,1177,1879,1879,-0.0566,0.0989,1.1455,0.285,-5.262,1.598
9497312,1202,1889,1964,-0.0549,0.0991,1.1442,0.218,-5.171,1.709
9497322,1182,1881,1979,-0.0527,0.0997,1.1427,0.102,-5.081,1.842
9497332,1231,1879,1997,-0.0521,0.1003,1.1411,-0.098,-4.948,1.967
9497342,1186,1882,1882,-0.0512,0.1003,1.1393,-0.390,-4.841,2.080
9497352,1192,1888,2005,-0.0506,0.0995,1.1380,-0.704,-4.713,2.157
9497362,1191,1895,1922,-0.0508,0.0983,1.1385,-0.942,-4.618,2.224
9497372,1208,1885,1886,-0.0508,0.0957,1.1386,-1.071,-4.556,2.304
9497382,1186,1878,1929,-0.0508,0.0937,1.1404,-1.091,-4.501,2.431
9497392,1190,1887,1992,-0.0503,0.0932,1.1416,-1.005,-4.454,2.629
9497402,1178,1884,2039,-0.0518,0.0928,1.1400,-0.913,-4.343,2.865
9497412,1193,1883,1925,-0.0526,0.0943,1.1429,-0.767,-4.327,3.130
9497422,1190,1881,1930,-0.0540,0.0950,1.1421,-0.659,-4.222,3.367
9497432,1207,1893,1931,-0.0539,0.0964,1.1435,-0.595,-4.183,3.635
9497442,1188,1883,2007,-0.0532,0.0979,1.1428,-0.634,-4.212,3.933
9497452,1204,1878,1891,-0.0522,0.0980,1.1418,-0.732,-4.244,4.197
9497462,1190,1893,1891,-0.0524,0.0974,1.1372,-0.843,-4.234,4.417
9497472,1202,1877,1972,-0.0522,0.0985,1.1388,-0.922,-4.304,4.643
9497482,1261,1893,1883,-0.0489,0.0988,1.1414,-0.983,-4.452,4.852
9497492,1202,1887,1884,-0.0455,0.0959,1.1391,-1.016,-4.358,5.001
9497502,1197,1891,1968,-0.0418,0.0947,1.1394,-0.925,-4.193,5.172
9497512,1205,1896,1958,-0.0397,0.0944,1.1394,-0.879,-4.041,5.374
9497522,1195,1880,2177,-0.0362,0.0938,1.1405,-0.904,-3.861,5.539
9497532,1193,1881,2259,-0.0331,0.0924,1.1424,-0.932,-3.641,5.633
9497542,1200,1881,1916,-0.0301,0.0884,1.1443,-0.882,-3.340,5.680
9497552,1252,1895,1890,-0.0285,0.0844,1.1445,-0.781,-2.939,5.727
9497562,1202,1900,1970,-0.0273,0.0801,1.1429,-0.680,-2.503,5.799
9497572,1199,1884,1992,-0.0270,0.0782,1.1417,-0.531,-2.158,5.865
9497582,1332,1881,1906,-0.0271,0.0761,1.1422,-0.189,-1.868,5.858
9497592,1201,1881,1941,-0.0265,0.0736,1.1426,0.428,-1.642,5.755
9497602,1211,1882,1902,-0.0261,0.0719,1.1407,1.339,-1.432,5.630
9497612,1199,1882,1930,-0.0268,0.0724,1.1391,2.457,-1.255,5.587
9497622,1231,1882,2325,-0.0282,0.0747,1.1386,3.665,-1.140,5.631
9497632,1200,1888,2069,-0.0297,0.0798,1.1371,4.813,-1.070,5.723
9497642,1311,1896,1881,-0.0325,0.0864,1.1366,5.842,-1.048,5.812
9497652,1200,1880,1963,-0.0354,0.0940,1.1372,6.714,-1.081,5.836
9497662,1281,1901,1889,-0.0373,0.1003,1.1371,7.445,-1.136,5.757
9497672,1205,1883,2385,-0.0398,0.1072,1.1378,8.012,-1.265,5.584
9497682,1265,1877,1960,-0.0416,0.1137,1.1390,8.383,-1.450,5.342
9497692,1203,1888,2066,-0.0418,0.1191,1.1418,8.510,-1.657,5.056
9497702,1207,1890,1932,-0.0411,0.1229,1.1432,8.289,-1.771,4.731
9497712,1411,1890,2223,-0.0414,0.1251,1.1435,7.726,-1.794,4.396
9497722,1267,1884,2227,-0.0418,0.1269,1.1419,6.993,-1.776,4.094
9497732,1213,1881,2027,-0.0422,0.1277,1.1422,6.242,-1.729,3.799
9497742,1259,1879,2159,-0.0408,0.1261,1.1424,5.593,-1.702,3.508
9497752,1206,1890,2079,-0.0390,0.1244,1.1408,5.106,-1.576,3.282
9497762,1209,1882,1925,-0.0368,0.1226,1.1410,4.786,-1.372,3.162
9497772,1217,1885,2210,-0.0357,0.1219,1.1397,4.578,-1.070,3.120
9497782,1255,1885,1943,-0.0350,0.1221,1.1371,4.408,-0.668,3.122
9497792,1263,1885,1986,-0.0348,0.1223,1.1363,4.222,-0.277,3.104
9497802,1266,1909,1900,-0.0348,0.1230,1.1359,4.023,0.087,2.999
9497812,1215,1885,2015,-0.0352,0.1233,1.1374,3.824,0.391,2.737
9497822,1262,1882,1931,-0.0355,0.1225,1.1373,3.645,0.672,2.270
9497832,1218,1882,2085,-0.0365,0.1221,1.1367,3.517,0.949,1.609
9497842,1258,1883,1876,-0.0383,0.1194,1.1369,3.509,1.169,0.817
9497852,1215,1894,1957,-0.0394,0.1165,1.1375,3.625,1.325,-0.060
9497862,1268,1880,1924,-0.0409,0.1153,1.1380,3.847,1.388,-0.945
9497872,1223,1897,1973,-0.0418,0.1147,1.1393,4.129,1.349,-1.799
