922407,2065,1706,2055,-0.0533,0.0443,1.1479,-0.420,5.548,0.187
922417,2139,1655,2085,-0.0539,0.0432,1.1467,-0.407,5.580,0.152
922427,2084,1703,2067,-0.0544,0.0422,1.1470,-0.373,5.620,0.120
922437,2143,1645,2081,-0.0550,0.0414,1.1460,-0.331,5.673,0.066
922447,2057,1701,2061,-0.0544,0.0418,1.1466,-0.301,5.695,0.056
922457,2092,1683,2082,-0.0553,0.0412,1.1458,-0.281,5.719,0.049
922467,2015,1691,2045,-0.0549,0.0417,1.1456,-0.239,5.735,0.034
922477,2123,1644,2094,-0.0537,0.0414,1.1449,-0.134,5.740,0.017
922487,2060,1697,2041,-0.0525,0.0422,1.1445,0.065,5.752,0.009
922497,2135,1643,2085,-0.0508,0.0449,1.1457,0.385,5.767,0.048
922507,2055,1682,2043,-0.0499,0.0479,1.1464,0.680,5.784,0.050
922517,2150,1631,2097,-0.0498,0.0496,1.1453,0.865,5.838,-0.026
922527,2042,1683,2040,-0.0511,0.0514,1.1461,0.876,5.922,-0.058
922537,2083,1643,2091,-0.0532,0.0522,1.1459,0.681,5.980,-0.064
922547,2037,1676,2047,-0.0554,0.0507,1.1463,0.353,5.982,-0.085
922557,2122,1634,2083,-0.0557,0.0480,1.1466,0.018,5.925,-0.127
922567,2037,1673,2042,-0.0554,0.0459,1.1456,-0.210,5.862,-0.183
922577,2106,1636,2093,-0.0543,0.0441,1.1447,-0.248,5.814,-0.199
922587,2059,1658,2038,-0.0535,0.0437,1.1446,-0.097,5.799,-0.179
922597,2102,1646,2094,-0.0533,0.0453,1.1452,0.172,5.787,-0.153
922607,2034,1679,2049,-0.0537,0.0474,1.1451,0.459,5.798,-0.086
922617,2121,1618,2081,-0.0535,0.0495,1.1443,0.674,5.818,-0.048
922627,2049,1663,2035,-0.0547,0.0511,1.1444,0.815,5.825,-0.071
922637,2123,1615,2085,-0.0547,0.0525,1.1446,0.849,5.795,-0.099
922647,2038,1674,2030,-0.0548,0.0528,1.1457,0.751,5.756,-0.154
922657,2119,1611,2082,-0.0557,0.0532,1.1468,0.566,5.756,-0.206
922667,2043,1652,2032,-0.0552,0.0525,1.1470,0.347,5.771,-0.228
922677,2120,1605,2074,-0.0561,0.0510,1.1454,0.120,5.746,-0.267
922687,2028,1656,2043,-0.0560,0.0495,1.1457,-0.047,5.727,-0.291
922697,2117,1625,2075,-0.0558,0.0475,1.1449,-0.093,5.740,-0.285
922707,2007,1607,2065,-0.0546,0.0463,1.1451,-0.010,5.764,-0.285
922717,2136,1639,2063,-0.0532,0.0465,1.1462,0.173,5.803,-0.267
922727,2034,1633,2036,-0.0527,0.0485,1.1506,0.388,5.854,-0.226
922737,2109,1591,2089,-0.0517,0.0506,1.1558,0.566,5.923,-0.129
922747,2061,1643,2026,-0.0516,0.0500,1.1571,0.663,6.133,-0.077
922757,2125,1595,2066,-0.0529,0.0553,1.1623,0.606,6.320,0.047
922767,2029,1603,2045,-0.0514,0.0634,1.1626,0.185,6.570,0.383
922777,2146,1594,2083,-0.0545,0.0604,1.1504,-0.433,7.142,0.050
922787,2055,1666,2020,-0.0526,0.0586,1.1537,-1.326,7.356,-0.329
922797,2134,1595,2096,-0.0548,0.0579,1.1512,-2.244,7.429,-0.204
922807,2056,1643,2024,-0.0608,0.0541,1.1379,-2.798,7.845,-0.090
922817,2126,1602,2090,-0.0636,0.0484,1.1334,-3.211,7.819,-0.125
922827,2076,1624,2040,-0.0648,0.0416,1.1317,-3.240,7.389,-0.265
922837,2080,1605,2079,-0.0630,0.0389,1.1309,-2.698,6.908,-0.193
922847,2060,1630,1992,-0.0598,0.0404,1.1356,-1.805,6.359,0.132
922857,2089,1646,2042,-0.0569,0.0427,1.1442,-0.933,5.818,0.495
922867,2014,1561,1985,-0.0551,0.0467,1.1502,-0.332,5.524,0.801
922877,2359,1606,1896,-0.0537,0.0513,1.1553,-0.132,5.517,1.044
922887,2131,1636,2002,-0.0504,0.0534,1.1611,-0.412,5.602,1.228
922897,2595,1544,2114,-0.0509,0.0532,1.1600,-0.951,5.860,1.316
922907,2031,1647,2078,-0.0514,0.0518,1.1583,-1.626,6.179,1.503
922917,2013,1598,2081,-0.0513,0.0521,1.1576,-2.529,6.341,1.848
922927,2096,1640,1984,-0.0518,0.0492,1.1486,-3.541,6.442,2.221
922937,2122,1578,2109,-0.0561,0.0414,1.1368,-4.480,6.434,2.593
922947,1922,1593,2067,-0.0558,0.0379,1.1406,-5.241,5.944,3.236
922957,1957,1600,2096,-0.0555,0.0330,1.1418,-5.610,5.415,3.981
922967,2047,1647,1810,-0.0590,0.0222,1.1326,-5.377,5.307,4.286
922977,2242,1729,1838,-0.0602,0.0195,1.1325,-4.725,5.019,4.702
922987,2358,1627,2109,-0.0597,0.0216,1.1379,-3.824,4.517,5.364
922997,2012,1550,2103,-0.0600,0.0206,1.1405,-2.770,4.200,5.872
923007,2070,1628,2008,-0.0592,0.0203,1.1431,-1.969,3.863,6.323
923017,2085,1577,2068,-0.0578,0.0206,1.1384,-1.719,3.604,6.956
923027,2009,1621,2020,-0.0558,0.0221,1.1358,-2.158,3.327,7.682
923037,2108,1554,2089,-0.0547,0.0304,1.1376,-2.839,2.874,8.623
923047,1954,1614,2027,-0.0515,0.0389,1.1354,-2.591,2.625,9.516
923057,2067,1567,2049,-0.0503,0.0339,1.1380,-1.585,2.466,9.751
923067,1963,1614,2045,-0.0548,0.0255,1.1458,-0.548,2.165,9.301
923077,2103,1548,2054,-0.0545,0.0332,1.1486,0.468,2.261,9.434
923087,1986,1599,1997,-0.0508,0.0615,1.1420,1.742,2.903,10.118
923097,2127,1537,2054,-0.0522,0.0620,1.1457,3.086,3.169,9.596
923107,1992,1616,1964,-0.0582,0.0592,1.1461,4.178,3.150,7.791
923117,2094,1544,2020,-0.0547,0.0744,1.1486,5.390,3.510,7.264
923127,1999,1602,1974,-0.0557,0.0829,1.1510,5.820,3.840,6.701
923137,2069,1556,2003,-0.0559,0.0883,1.1535,5.568,3.981,5.519
923147,1991,1599,1996,-0.0542,0.0914,1.1550,4.927,4.098,4.457
923157,2066,1552,2005,-0.0535,0.0910,1.1557,3.978,4.274,3.401
923167,1976,1596,1994,-0.0503,0.0892,1.1578,2.751,4.454,2.561
923177,2053,1551,2014,-0.0492,0.0841,1.1581,1.347,4.677,1.868
923187,1971,1581,1975,-0.0487,0.0776,1.1547,-0.052,4.949,1.302
923197,2023,1535,2014,-0.0474,0.0711,1.1519,-1.314,5.186,0.955
923207,1974,1583,1980,-0.0477,0.0625,1.1492,-2.317,5.379,0.677
923217,2038,1535,2026,-0.0494,0.0528,1.1455,-2.963,5.541,0.397
923227,1950,1584,1978,-0.0498,0.0463,1.1408,-3.151,5.673,0.340
923237,2024,1528,2019,-0.0521,0.0415,1.1366,-2.986,5.685,0.464
923247,1957,1581,1968,-0.0531,0.0384,1.1352,-2.548,5.556,0.636
923257,2015,1534,2012,-0.0538,0.0372,1.1342,-1.893,5.338,0.829
923267,1933,1577,1971,-0.0536,0.0358,1.1328,-1.087,5.071,0.953
923277,2010,1528,1999,-0.0499,0.0428,1.1317,-0.092,4.797,1.143
923287,1930,1563,1968,-0.0478,0.0438,1.1346,1.027,4.437,1.174
923297,2003,1528,1987,-0.0497,0.0439,1.1361,2.150,4.106,0.710
923307,1918,1578,1940,-0.0448,0.0442,1.1325,3.390,3.930,0.570
923317,1997,1521,1969,-0.0493,0.0461,1.1282,4.568,3.872,0.410
923327,1912,1573,1909,-0.0466,0.0572,1.1413,6.260,3.691,0.541
923337,1981,1523,1927,-0.0516,0.0550,1.1426,7.349,3.497,0.229
923347,1904,1579,1874,-0.0526,0.0549,1.1412,7.846,3.271,-0.567
923357,1985,1525,1901,-0.0463,0.0606,1.1486,7.895,2.776,-0.588
923367,1907,1558,1869,-0.0459,0.0576,1.1481,7.798,2.585,-0.828
923377,1963,1528,1914,-0.0465,0.0595,1.1449,7.753,2.656,-0.943
923387,1897,1553,1873,-0.0480,0.0666,1.1460,7.657,2.654,-0.741
923397,1981,1521,1914,-0.0481,0.0695,1.1445,7.591,2.721,-0.807
923407,1887,1570,1854,-0.0469,0.0700,1.1440,7.577,2.729,-1.226
923417,1981,1522,1921,-0.0456,0.0711,1.1470,7.695,2.607,-1.701
923427,1900,1564,1868,-0.0442,0.0725,1.1476,7.905,2.578,-2.079
923437,1967,1522,1925,-0.0420,0.0751,1.1459,8.088,2.691,-2.259
923447,1891,1546,1882,-0.0426,0.0798,1.1485,8.144,2.778,-2.334
923457,1978,1527,1926,-0.0403,0.0801,1.1498,7.935,2.836,-2.515
923467,1891,1555,1869,-0.0384,0.0790,1.1513,7.559,2.938,-2.718
923477,1952,1517,1927,-0.0378,0.0816,1.1535,7.082,3.021,-2.639
923487,1883,1548,1873,-0.0366,0.0856,1.1521,6.593,3.224,-2.380
923497,2014,1516,1920,-0.0376,0.0873,1.1523,6.109,3.433,-2.242
923507,1893,1545,1876,-0.0363,0.0888,1.1523,5.605,3.538,-2.208
923517,1913,1521,1923,-0.0361,0.0893,1.1502,5.107,3.665,-2.201
923527,1874,1546,1880,-0.0356,0.0902,1.1491,4.559,3.817,-2.130
923537,1975,1525,1851,-0.0368,0.0910,1.1494,3.978,3.927,-1.975
923547,1868,1521,1876,-0.0371,0.0927,1.1495,3.394,4.016,-1.781
923557,1994,1523,1900,-0.0363,0.0933,1.1527,2.789,3.998,-1.649
923567,1872,1547,1864,-0.0352,0.0935,1.1559,2.150,3.899,-1.538
923577,1908,1525,1922,-0.0339,0.0965,1.1580,1.470,3.812,-1.311
923587,1897,1542,1864,-0.0351,0.0997,1.1558,0.698,3.782,-0.982
923597,1944,1521,1951,-0.0384,0.1049,1.1496,-0.197,3.819,-0.662
923607,1867,1541,1828,-0.0409,0.1079,1.1458,-1.242,3.694,-0.489
923617,1942,1523,1911,-0.0427,0.1083,1.1425,-2.242,3.433,-0.567
923627,1894,1530,1884,-0.0436,0.1066,1.1401,-2.997,3.130,-0.717
923637,1971,1522,1902,-0.0445,0.1053,1.1384,-3.575,2.753,-0.861
923647,1901,1539,1900,-0.0454,0.1032,1.1365,-4.085,2.292,-1.060
923657,1973,1522,1918,-0.0442,0.1026,1.1378,-4.654,1.721,-1.240
923667,1887,1540,1886,-0.0442,0.0995,1.1380,-5.165,1.142,-1.513
923677,1940,1520,1924,-0.0455,0.0956,1.1344,-5.534,0.610,-1.869
923687,1908,1528,1922,-0.0458,0.0938,1.1332,-5.765,-0.056,-2.143
923697,2004,1519,1903,-0.0484,0.0985,1.1336,-5.918,-0.873,-2.370
923707,1915,1529,1920,-0.0467,0.1063,1.1354,-5.706,-1.628,-2.634
923717,1994,1523,1907,-0.0452,0.1001,1.1285,-5.105,-2.325,-3.544
923727,1932,1527,1904,-0.0435,0.0893,1.1275,-4.323,-3.336,-4.775
923737,1933,1522,1911,-0.0422,0.0855,1.1308,-3.593,-4.749,-5.478
923747,1813,1529,1908,-0.0396,0.0874,1.1338,-3.054,-6.188,-5.481
923757,1902,1524,1961,-0.0401,0.0900,1.1427,-3.024,-7.847,-5.208
923767,1881,1532,1912,-0.0370,0.0950,1.1458,-3.198,-9.566,-4.686
923777,1900,1527,1997,-0.0322,0.1046,1.1519,-3.656,-11.220,-3.743
923787,1915,1577,1867,-0.0292,0.1112,1.1675,-5.427,-13.459,-2.897
923797,1925,1527,2018,-0.0239,0.1139,1.1675,-7.825,-15.563,-2.251
923807,1796,1560,1799,-0.0211,0.1059,1.1751,-10.757,-17.332,-0.988
923817,1956,1802,2188,-0.0164,0.0998,1.1941,-15.762,-20.135,0.518
923827,1868,1554,1716,-0.0078,0.1097,1.2103,-21.505,-22.716,3.885
923837,1796,1534,2182,-0.0019,0.1223,1.2231,-28.449,-25.305,7.967
923847,2110,1522,1710,0.0104,0.1403,1.2397,-36.108,-28.017,11.978
923857,1822,1586,2003,0.0118,0.1388,1.2565,-44.698,-30.655,15.034
923867,1750,1592,1961,0.0156,0.1301,1.2610,-53.411,-32.729,17.507
923877,2049,1568,1890,0.0170,0.1217,1.2868,-61.586,-34.591,20.315
923887,1563,1565,1900,0.0063,0.1008,1.3151,-69.275,-36.555,22.203
923897,1846,1532,1931,0.0060,0.0877,1.3260,-75.786,-37.786,23.556
923907,1931,1535,1987,0.0119,0.0838,1.3452,-81.245,-39.127,24.085
923917,1801,1536,2022,0.0139,0.0804,1.3722,-85.383,-40.375,23.040
923927,1790,1554,1893,0.0164,0.0456,1.3826,-87.458,-40.199,20.003
923937,1861,1538,2111,0.0385,0.0004,1.3742,-82.228,-38.355,15.586
923947,1752,1555,2104,0.0630,-0.0541,1.3751,-74.322,-36.745,11.427
923957,1854,1545,1771,0.1069,-0.1272,1.3837,-65.703,-34.591,6.830
923967,1764,1544,2004,0.1359,-0.2133,1.3993,-57.425,-31.846,2.570
923977,1791,1549,1726,0.1705,-0.2555,1.4121,-48.536,-28.086,0.869
923987,1706,1539,2010,0.1945,-0.2673,1.4118,-39.546,-22.645,1.816
923997,1861,1530,1756,0.2105,-0.2689,1.4070,-30.581,-16.355,3.925
924007,1715,1548,1990,0.2191,-0.2723,1.3904,-21.226,-9.516,6.114
924017,1844,1548,1716,0.2262,-0.2797,1.3686,-11.296,-2.743,7.956
924027,1693,1525,1887,0.2270,-0.2800,1.3376,-1.227,3.768,9.264
924037,1858,1521,1689,0.2241,-0.2774,1.3067,8.220,9.745,10.053
924047,1881,1540,1871,0.2160,-0.2654,1.2684,16.795,15.231,10.437
924057,1673,1522,1683,0.2089,-0.2456,1.2282,24.342,20.018,10.420
924067,1619,1526,1914,0.1988,-0.2305,1.1854,30.932,23.882,9.642
924077,1828,1522,1689,0.1890,-0.2151,1.1457,36.561,26.909,8.350
924087,1562,1522,1849,0.1827,-0.2006,1.1127,41.263,29.097,7.159
924097,1614,1521,1687,0.1717,-0.1914,1.0829,45.097,30.686,6.081
924107,1518,1524,1719,0.1643,-0.1825,1.0540,48.214,31.882,5.481
924117,1574,1522,1701,0.1515,-0.1721,1.0240,50.667,32.587,5.505
924127,1515,1533,1806,0.1397,-0.1571,1.0022,52.614,32.703,6.148
924137,1535,1533,1708,0.1275,-0.1366,0.9821,53.980,32.272,7.213
924147,1546,1542,1840,0.1161,-0.1143,0.9652,54.881,31.380,8.168
924157,1581,1532,1776,0.1026,-0.0870,0.9523,55.246,29.957,8.994
924167,1513,1528,2148,0.0924,-0.0608,0.9414,55.230,28.064,9.460
924177,1511,1534,2108,0.0828,-0.0360,0.9380,54.939,25.643,9.500
924187,1514,1544,1826,0.0740,-0.0177,0.9345,54.497,22.835,9.186
924197,1532,1547,1798,0.0695,-0.0039,0.9407,53.713,19.545,8.767
924207,1589,1530,2627,0.0637,0.0048,0.9520,52.376,15.955,8.469
924217,1524,1538,2275,0.0631,0.0146,0.9614,50.647,12.510,8.631
924227,1511,1534,1792,0.0619,0.0252,0.9785,48.220,9.152,9.230
924237,1533,1566,1830,0.0587,0.0466,0.9946,44.965,5.842,10.221
924247,1507,1543,1720,0.0572,0.0736,1.0057,41.214,2.917,11.340
924257,1585,1539,2216,0.0561,0.0961,1.0125,36.705,0.043,11.858
924267,1510,1533,2694,0.0483,0.1123,1.0030,31.569,-2.836,11.385
924277,1656,1636,1740,0.0397,0.1224,0.9907,26.090,-6.075,10.355
924287,1532,1536,1683,0.0303,0.1156,0.9883,20.305,-10.111,8.599
924297,1533,1543,1912,0.0221,0.0874,0.9744,14.900,-14.503,6.236
924307,1626,1664,2087,0.0156,0.0599,0.9485,10.714,-18.773,4.616
924317,1521,1741,2491,0.0127,0.0420,0.9319,7.534,-23.467,4.498
924327,1633,1576,2283,0.0185,0.0287,0.9241,5.048,-28.929,5.013
924337,1674,1649,2545,0.0287,0.0194,0.9179,3.300,-34.559,5.883
924347,1550,1684,2208,0.0561,0.0093,0.9293,1.656,-40.362,7.050
924357,1535,1531,2956,0.0815,-0.0155,0.9515,-0.135,-46.118,7.931
924367,1907,1706,1733,0.0929,-0.0483,0.9997,-1.716,-51.124,8.598
924377,1874,1818,2668,0.0945,-0.0467,1.0435,-2.646,-54.617,10.039
924387,2142,1619,2294,0.1116,0.0064,1.0611,-0.983,-55.384,12.860
924397,2052,1607,2184,0.1145,0.0680,1.0772,1.827,-54.728,14.095
924407,2053,1530,2028,0.1277,0.1472,1.0923,4.197,-53.676,12.734
924417,2394,1599,2299,0.1326,0.1799,1.0884,7.221,-51.483,8.547
924427,1512,1616,1700,0.1575,0.1754,1.0568,10.733,-49.280,2.574
924437,1662,1563,1989,0.2079,0.1969,1.0393,13.442,-47.681,-0.598
924447,1602,1588,2071,0.2199,0.2050,1.0490,13.397,-47.086,-2.056
924457,1529,1556,1906,0.2494,0.2176,1.0884,10.989,-47.381,-3.128
924467,1570,1635,1976,0.2700,0.2266,1.1395,6.465,-47.449,-3.498
924477,1509,1559,1855,0.2638,0.2181,1.1787,0.538,-46.026,-5.274
924487,1527,1615,1752,0.2787,0.1979,1.2023,-5.964,-43.448,-7.177
924497,1650,1771,1870,0.2898,0.1611,1.2204,-12.743,-40.623,-9.084
924507,1559,1627,1980,0.3124,0.1267,1.2237,-18.587,-36.967,-10.263
924517,1535,1627,1837,0.3382,0.0964,1.2306,-21.976,-32.495,-10.658
924527,1511,1561,1692,0.3486,0.0645,1.2327,-22.934,-27.271,-11.304
924537,1522,1659,1724,0.3523,0.0441,1.2294,-21.853,-21.251,-11.648
924547,1518,1532,1920,0.3481,0.0316,1.2184,-19.845,-14.840,-11.423
924557,1803,1661,1801,0.3407,0.0235,1.2058,-17.611,-8.733,-11.049
924567,1515,1575,1719,0.3334,0.0153,1.1990,-15.566,-3.286,-10.621
924577,1563,1587,1756,0.3205,0.0068,1.1868,-13.941,1.667,-10.374
924587,1593,1594,1696,0.3095,0.0028,1.1671,-12.565,6.296,-9.781
924597,1745,1738,1839,0.3009,-0.0014,1.1485,-11.496,10.235,-8.848
924607,1589,2051,1755,0.2934,-0.0010,1.1297,-10.500,13.452,-7.642
924617,1546,1680,1856,0.2879,-0.0034,1.1065,-9.171,16.269,-6.278
924627,1810,1624,1991,0.2845,-0.0084,1.0827,-7.501,18.407,-5.055
924637,1584,1686,1884,0.2790,-0.0127,1.0664,-5.189,19.795,-3.667
924647,1983,1560,1979,0.2664,-0.0156,1.0557,-2.161,20.795,-2.237
924657,1528,1557,1747,0.2486,-0.0067,1.0523,1.287,21.545,-0.782
924667,1800,1574,1788,0.2331,0.0061,1.0553,5.108,22.057,0.624
924677,2732,1650,2390,0.2209,0.0229,1.0693,8.153,21.996,1.746
924687,1914,1597,1870,0.2079,0.0348,1.0704,9.710,21.821,2.442
924697,1673,1558,1896,0.2082,0.0336,1.0622,10.286,21.583,2.935
924707,2152,1606,2026,0.2092,0.0279,1.0632,9.830,20.629,3.428
924717,1888,1689,2368,0.2106,0.0256,1.0574,9.402,19.703,3.876
924727,1695,1670,1684,0.2154,0.0256,1.0412,10.008,19.421,4.569
924737,1716,1796,1964,0.2111,0.0220,1.0349,11.311,18.834,4.762
924747,2077,1655,2609,0.2076,0.0254,1.0355,13.502,17.917,4.792
924757,2581,1656,2188,0.2081,0.0317,1.0332,16.517,17.266,5.216
924767,1568,1633,1793,0.2023,0.0389,1.0506,19.565,16.252,5.420
924777,1919,1660,1795,0.1962,0.0488,1.0742,22.335,15.152,5.665
924787,1540,1626,2731,0.1908,0.0623,1.0817,24.216,14.601,6.150
924797,1764,1783,1697,0.1887,0.0669,1.0758,24.940,14.150,6.623
924807,1730,1561,2012,0.1929,0.0664,1.0734,24.070,12.850,7.210
924817,1717,1671,1907,0.2050,0.0715,1.0729,21.982,10.943,8.207
924827,1893,1535,1823,0.2113,0.0780,1.0721,19.652,9.117,9.371
924837,1756,1643,2061,0.2162,0.0822,1.0850,17.546,7.356,10.125
924847,2409,1597,2489,0.2200,0.0896,1.1040,15.772,5.796,10.862
924857,2031,1819,1916,0.2195,0.1008,1.1199,14.494,4.868,11.614
924867,2230,1631,1685,0.2205,0.1129,1.1255,13.850,4.613,12.368
924877,1800,1630,3452,0.2240,0.1248,1.1299,13.276,4.508,12.997
924887,1875,1548,2525,0.2267,0.1362,1.1354,12.313,4.221,13.256
924897,1987,1620,1704,0.2313,0.1492,1.1369,11.036,4.044,13.519
924907,1605,1545,2595,0.2330,0.1590,1.1424,9.115,3.809,13.587
924917,1738,1805,1713,0.2315,0.1618,1.1469,6.550,3.445,13.230
924927,1684,1573,1729,0.2311,0.1658,1.1481,3.873,3.328,12.817
924937,1805,1557,1720,0.2302,0.1662,1.1500,1.383,3.305,12.415
924947,2438,1630,2001,0.2267,0.1616,1.1450,-0.430,3.428,11.511
924957,1781,1677,1691,0.2273,0.1598,1.1429,-1.116,3.650,10.546
924967,1866,1545,2146,0.2290,0.1563,1.1431,-0.945,3.854,9.485
924977,1521,1610,1837,0.2288,0.1549,1.1403,0.063,4.261,8.265
924987,1510,1534,1731,0.2297,0.1600,1.1482,1.557,4.714,7.139
924997,1688,1629,2241,0.2301,0.1601,1.1507,3.095,5.218,5.814
925007,1852,1614,1695,0.2299,0.1593,1.1414,4.750,6.039,4.378
925017,1719,1629,1902,0.2333,0.1628,1.1405,5.963,6.631,3.318
925027,1942,1668,1831,0.2371,0.1606,1.1370,6.598,6.923,2.317
925037,1602,1643,2213,0.2386,0.1600,1.1299,6.797,7.231,1.406
925047,1651,1595,1780,0.2408,0.1598,1.1342,6.141,7.224,0.848
925057,2409,1742,1710,0.2396,0.1525,1.1303,4.920,7.237,0.284
925067,2567,1780,2775,0.2414,0.1493,1.1224,3.581,7.439,-0.006
925077,1625,1654,1688,0.2422,0.1425,1.1213,1.891,7.276,-0.118
925087,1638,1706,1683,0.2445,0.1342,1.1183,0.338,7.087,-0.336
925097,1939,1660,1688,0.2460,0.1288,1.1134,-0.702,7.126,-0.323
925107,1516,1652,1729,0.2456,0.1235,1.1147,-1.445,7.100,-0.328
925117,1849,1668,1695,0.2446,0.1181,1.1145,-1.665,7.173,-0.343
925127,1626,1677,1857,0.2431,0.1154,1.1113,-1.299,7.434,-0.300
925137,1821,1654,1741,0.2413,0.1144,1.1095,-0.608,7.681,-0.266
925147,3099,1576,1998,0.2390,0.1111,1.1039,0.479,7.972,-0.348
925157,1591,1732,1731,0.2376,0.1074,1.1010,2.074,8.275,-0.471
925167,1533,1757,1820,0.2375,0.1037,1.0979,3.975,8.610,-0.594
925177,1516,1695,1679,0.2378,0.0980,1.0921,5.967,9.045,-0.752
925187,1515,1723,1695,0.2366,0.0928,1.0869,8.010,9.455,-0.860
925197,1588,1636,2784,0.2357,0.0901,1.0830,10.381,9.820,-0.921
925207,1563,1772,2607,0.2364,0.0884,1.0772,13.257,10.262,-1.056
925217,1575,1686,4095,0.2341,0.0874,1.0698,16.467,10.696,-1.268
925227,1532,1645,2389,0.2281,0.0931,1.0800,19.497,10.686,-1.194
925237,1961,2094,1972,0.2198,0.1079,1.1054,21.557,10.133,-0.559
925247,1597,1581,1853,0.2114,0.1193,1.1333,22.398,9.814,0.430
925257,1747,1552,4095,0.2070,0.1230,1.1594,21.554,9.898,1.469
925267,2176,1544,1644,0.1989,0.1346,1.1671,19.171,10.625,2.445
925277,1694,1709,1704,0.2053,0.1462,1.1548,16.589,11.993,3.339
925287,2264,1657,2091,0.2090,0.1391,1.1469,14.016,12.968,2.939
925297,1640,1705,2190,0.2103,0.1349,1.1447,11.746,13.392,1.687
925307,1823,1633,1752,0.1989,0.1298,1.1086,10.522,14.580,0.816
925317,1646,1819,1800,0.1891,0.1278,1.0701,10.050,15.403,0.106
925327,1552,1702,1697,0.1812,0.1294,1.0571,9.537,14.589,-0.551
925337,1798,1652,2219,0.1823,0.1438,1.0600,9.837,13.295,-1.055
925347,1649,1707,2582,0.1923,0.1476,1.0727,11.172,12.416,-1.330
925357,1633,1925,2711,0.1884,0.1500,1.0873,12.218,11.940,-1.717
925367,1579,1598,1671,0.1795,0.1709,1.0972,12.298,11.815,-0.904
925377,1804,1792,1778,0.1810,0.1876,1.1024,11.614,11.618,0.729
925387,1739,1543,1805,0.1792,0.1903,1.0997,9.876,10.937,1.466
925397,1536,1561,1905,0.1814,0.1980,1.0920,7.810,9.987,1.771
925407,1590,1611,1625,0.1909,0.2048,1.0879,6.130,8.901,2.320
925417,1807,1778,2221,0.1965,0.1999,1.0857,4.721,7.679,2.266
925427,1521,1606,2793,0.2011,0.2025,1.0941,3.416,6.454,2.300
925437,1678,1743,2229,0.2027,0.2084,1.1023,2.199,5.547,2.920
925447,1651,1675,1942,0.2007,0.2175,1.1199,0.470,4.830,3.569
925457,1532,1675,1725,0.2038,0.2190,1.1316,-1.078,4.384,3.769
925467,1619,1566,2404,0.2057,0.2161,1.1368,-2.500,4.268,3.444
925477,1878,1684,1694,0.2107,0.2177,1.1459,-3.869,4.170,3.116
925487,1561,1605,1991,0.2166,0.2187,1.1486,-5.099,4.235,2.813
925497,1737,1715,1927,0.2208,0.2139,1.1445,-6.068,4.644,2.227
925507,1617,1639,1833,0.2233,0.2093,1.1380,-6.820,5.110,1.633
925517,1561,1699,1674,0.2268,0.2084,1.1347,-7.412,5.472,1.428
925527,1532,1691,1610,0.2285,0.2037,1.1307,-7.836,5.777,1.258
925537,1519,1773,1817,0.2277,0.2006,1.1267,-8.233,5.985,1.120
925547,1663,1759,1603,0.2263,0.2008,1.1196,-8.517,6.138,1.187
925557,1533,1690,1684,0.2268,0.2006,1.1119,-8.643,6.162,1.395
925567,1589,1573,2557,0.2251,0.1960,1.1079,-8.801,5.941,1.448
925577,1561,1720,1778,0.2222,0.1955,1.1105,-9.151,5.550,1.427
925587,1630,1681,1663,0.2230,0.1976,1.1200,-9.561,5.250,1.536
925597,1866,1759,1656,0.2224,0.1946,1.1323,-10.221,5.045,1.288
925607,1926,1559,1627,0.2207,0.1935,1.1365,-10.938,5.216,0.711
925617,1671,1739,1651,0.2194,0.1987,1.1343,-11.227,5.818,0.199
925627,1842,2118,1711,0.2239,0.1947,1.1280,-10.946,6.506,-0.641
925637,1871,1642,1621,0.2272,0.1788,1.1166,-10.234,7.108,-2.170
925647,3047,1568,1646,0.2306,0.1680,1.1057,-9.256,7.558,-3.486
925657,2170,1913,1650,0.2334,0.1581,1.0890,-7.946,7.959,-4.161
925667,2032,1612,1767,0.2295,0.1559,1.0720,-6.629,8.188,-4.653
925677,2457,1992,2521,0.2245,0.1685,1.0947,-5.126,7.759,-4.930
925687,1560,1873,1646,0.2254,0.1709,1.1277,-3.530,7.402,-5.416
925697,1650,1723,1813,0.2246,0.1546,1.1582,-2.232,8.107,-6.647
925707,1613,1672,1990,0.2252,0.1586,1.2120,-2.577,8.549,-7.374
925717,2122,1705,1615,0.2215,0.1727,1.2111,-4.069,10.322,-7.063
925727,2158,1964,1728,0.2267,0.1841,1.1509,-5.231,13.336,-6.155
925737,1859,1638,2483,0.2262,0.1758,1.1179,-7.189,14.158,-5.740
925747,3134,1660,1673,0.2264,0.1649,1.1102,-10.161,12.913,-5.398
925757,1777,1579,1909,0.2274,0.1459,1.0872,-14.000,11.856,-4.370
925767,2027,1621,1635,0.2166,0.1284,1.0819,-19.355,10.283,-3.240
925777,1750,1824,1700,0.2056,0.1284,1.0915,-25.396,8.301,-1.432
925787,1635,1574,1614,0.2009,0.1297,1.0964,-30.731,6.874,0.510
925797,1533,1982,1929,0.1999,0.1158,1.1037,-34.715,5.416,1.281
925807,1674,1640,1711,0.2001,0.0877,1.0811,-36.396,4.343,0.969
925817,1931,1576,1620,0.2032,0.0540,1.0666,-35.108,3.416,0.667
925827,1983,1564,1820,0.2061,0.0409,1.0886,-32.550,1.544,1.121
925837,2116,1709,1701,0.2049,0.0402,1.0932,-28.372,0.754,2.122
925847,2829,1672,1709,0.2013,0.0474,1.0861,-23.049,0.922,3.208
925857,2103,1853,1985,0.2044,0.0603,1.1065,-17.645,0.294,3.930
925867,1528,1680,1618,0.2005,0.0665,1.1211,-12.584,-0.385,4.032
925877,1661,1687,1645,0.2015,0.0775,1.1360,-7.871,-0.501,3.979
925887,1554,1570,1629,0.2049,0.0818,1.1442,-4.225,-0.644,3.839
925897,1752,1635,1645,0.2050,0.0832,1.1408,-1.389,-0.545,3.318
925907,1562,1814,1936,0.2037,0.0966,1.1355,0.916,-0.372,3.281
925917,1906,1645,1630,0.2008,0.1035,1.1233,2.883,-0.289,3.249
925927,4095,1711,1694,0.1983,0.1041,1.1108,4.329,-0.462,2.759
925937,1473,1673,1614,0.1979,0.1104,1.1175,4.910,-1.189,2.387
925947,1735,1735,2109,0.1998,0.1183,1.1288,4.898,-1.880,2.165
925957,2007,1697,1639,0.2020,0.1273,1.1499,4.626,-2.167,1.874
925967,1664,1575,2096,0.2090,0.1293,1.1695,4.154,-2.209,1.326
925977,2087,1729,1720,0.2106,0.1189,1.1724,4.128,-1.435,0.367
925987,2222,1739,1653,0.2144,0.1113,1.1744,4.500,-0.473,-0.397
925997,2809,1680,1648,0.2178,0.1015,1.1670,5.479,0.616,-0.939
926007,1577,1659,1615,0.2207,0.0916,1.1560,7.108,1.816,-1.520
926017,1510,1782,1665,0.2219,0.0894,1.1502,8.969,2.770,-1.852
926027,1469,1762,1610,0.2192,0.0912,1.1447,11.390,3.840,-2.088
926037,1485,1692,1707,0.2166,0.0950,1.1377,14.446,4.990,-2.477
926047,1495,1831,1630,0.2117,0.0977,1.1286,18.174,6.126,-3.168
926057,1473,1738,1652,0.2064,0.1044,1.1253,22.456,7.020,-3.871
926067,1563,1688,1666,0.2020,0.1152,1.1265,27.019,7.740,-4.453
926077,1615,1709,1617,0.2004,0.1271,1.1277,31.682,8.566,-5.000
926087,1656,1624,1654,0.1991,0.1379,1.1309,35.797,9.338,-5.608
926097,1513,1633,2017,0.1954,0.1448,1.1235,38.960,10.002,-6.235
926107,1726,1837,2023,0.1929,0.1515,1.1132,41.430,10.469,-6.601
926117,1477,1780,1949,0.1919,0.1566,1.1081,43.206,10.297,-6.579
926127,1897,1799,2477,0.1980,0.1546,1.1261,44.285,9.501,-6.219
926137,1549,1760,2565,0.2066,0.1530,1.1766,44.145,8.547,-5.287
926147,1746,1756,3503,0.1839,0.1720,1.1579,43.535,9.924,-3.817
926157,1555,1837,2227,0.1572,0.2237,1.0665,45.380,13.551,-2.178
926167,1484,1681,1767,0.1667,0.2615,1.0545,47.951,13.761,-1.900
926177,1593,1728,1633,0.1801,0.2418,1.0728,48.871,10.359,-5.218
926187,1780,1667,1770,0.1906,0.2209,1.0572,49.076,8.476,-8.322
926197,1486,1862,2226,0.2038,0.2356,1.0765,46.166,6.898,-7.583
926207,1823,1604,1969,0.2048,0.2525,1.0865,38.933,4.842,-5.479
926217,1503,1776,2197,0.1966,0.2761,1.0819,29.737,3.693,-3.733
926227,1878,1882,1693,0.1892,0.3018,1.0920,19.670,2.462,-2.648
926237,1490,1661,1710,0.1919,0.2952,1.0967,11.085,1.226,-3.130
926247,1504,1631,1615,0.1928,0.2672,1.0884,5.061,0.449,-4.526
926257,1490,1789,1615,0.1989,0.2517,1.0934,1.303,-0.177,-4.980
926267,1525,1647,1646,0.2079,0.2499,1.1044,-1.100,-0.500,-4.314
926277,1488,1854,1880,0.2165,0.2491,1.1009,-2.942,-0.067,-3.692
926287,1502,1618,1992,0.2223,0.2511,1.1034,-5.092,0.385,-3.355
926297,1496,1700,1767,0.2247,0.2554,1.1162,-7.814,0.688,-3.184
926307,1525,1568,2559,0.2247,0.2529,1.1198,-10.466,1.415,-3.264
926317,1596,1665,1843,0.2249,0.2491,1.1258,-12.757,2.268,-3.558
926327,1810,1578,1740,0.2261,0.2436,1.1350,-14.870,2.956,-3.865
926337,1523,1610,1745,0.2245,0.2384,1.1371,-16.544,3.943,-4.190
926347,1762,1745,1772,0.2287,0.2308,1.1393,-17.761,4.981,-4.386
926357,1572,1805,1657,0.2293,0.2180,1.1331,-18.329,6.128,-4.743
926367,1539,1644,1813,0.2282,0.2077,1.1225,-18.126,7.367,-4.830
926377,1493,1667,1711,0.2270,0.1996,1.1176,-17.424,8.364,-4.440
926387,1477,1628,1750,0.2236,0.1963,1.1215,-16.709,8.996,-4.005
926397,1495,1822,1769,0.2233,0.1970,1.1246,-15.895,9.691,-3.478
926407,1562,1698,1650,0.2204,0.1948,1.1274,-15.014,10.436,-3.125
926417,2446,1910,1669,0.2176,0.1942,1.1318,-14.163,11.028,-2.981
926427,1758,1612,1616,0.2167,0.1920,1.1375,-13.143,11.564,-2.828
926437,1530,1666,1705,0.2130,0.1857,1.1292,-11.789,12.301,-2.813
926447,1498,1683,1741,0.2098,0.1860,1.1163,-9.946,13.095,-2.579
926457,1533,1796,1672,0.2079,0.1895,1.1136,-8.037,13.398,-2.076
926467,1574,1727,1652,0.2057,0.1912,1.1090,-6.189,13.562,-1.663
926477,1849,1603,1737,0.2028,0.1967,1.1084,-4.665,13.675,-1.196
926487,1497,1688,1676,0.1985,0.2057,1.1122,-3.748,13.634,-0.632
926497,1489,1731,1640,0.1960,0.2125,1.1205,-3.481,13.577,-0.209
926507,1490,1673,1786,0.1962,0.2139,1.1371,-4.015,13.380,-0.015
926517,1515,1762,1764,0.1919,0.2129,1.1355,-4.958,13.630,0.062
926527,1567,1599,1626,0.1901,0.2155,1.1286,-5.687,14.221,0.359
926537,1506,1758,1671,0.1907,0.2112,1.1290,-6.377,14.354,0.398
926547,1609,1778,1784,0.1894,0.2010,1.1227,-6.739,14.504,-0.015
926557,1543,1744,1762,0.1887,0.1988,1.1222,-6.582,14.807,-0.153
926567,1498,1756,1665,0.1876,0.1995,1.1217,-6.041,15.177,-0.037
926577,1680,1684,1622,0.1859,0.2006,1.1200,-5.012,15.835,-0.070
926587,1728,1671,1660,0.1847,0.2009,1.1229,-3.679,16.449,-0.270
926597,1545,1803,1958,0.1815,0.1993,1.1252,-2.011,17.124,-0.559
926607,1509,1694,1711,0.1792,0.1994,1.1242,-0.150,17.957,-0.690
926617,1486,1842,1711,0.1755,0.1974,1.1239,1.405,18.768,-0.843
926627,1517,1703,1658,0.1719,0.1987,1.1285,2.280,19.347,-0.974
926637,1489,1774,1661,0.1690,0.2062,1.1281,2.565,19.872,-0.942
926647,1496,1700,1628,0.1660,0.2135,1.1240,2.478,20.474,-0.951
926657,1509,1795,1646,0.1629,0.2180,1.1209,2.099,20.944,-1.253
926667,1539,1721,1629,0.1590,0.2203,1.1193,1.610,21.220,-1.751
926677,1530,1789,1657,0.1538,0.2231,1.1135,1.228,21.554,-2.213
926687,1492,1722,1625,0.1489,0.2257,1.1067,0.817,21.854,-2.657
926697,1575,1774,1689,0.1448,0.2275,1.1010,0.295,21.950,-3.156
926707,1490,1733,1638,0.1387,0.2290,1.0958,-0.277,21.863,-3.765
926717,1541,1838,1663,0.1339,0.2323,1.0920,-0.868,21.681,-4.382
926727,1506,1663,1622,0.1310,0.2360,1.0934,-1.521,21.433,-5.053
926737,1491,1676,1657,0.1286,0.2386,1.0984,-2.345,21.060,-5.954
926747,1546,1731,1629,0.1280,0.2413,1.1041,-3.313,20.814,-6.877
926757,1517,1814,1664,0.1283,0.2433,1.1097,-4.508,20.698,-7.713
926767,1592,1722,1626,0.1250,0.2454,1.1117,-5.897,20.842,-8.479
926777,1492,1798,1661,0.1350,0.2362,1.1059,-7.427,21.238,-9.282
926787,1577,1914,1639,0.1307,0.2304,1.1085,-9.437,21.578,-10.232
926797,1494,1843,1649,0.1265,0.2328,1.1003,-11.402,22.457,-10.687
926807,1530,1717,1623,0.1246,0.2355,1.0917,-13.470,23.591,-11.087
926817,1624,1781,1626,0.1214,0.2307,1.0921,-16.104,24.384,-12.104
926827,1507,1778,1650,0.1189,0.2243,1.0859,-18.867,25.345,-13.380
926837,1516,1827,1659,0.1157,0.2162,1.0808,-21.728,26.419,-14.584
926847,1568,1728,1635,0.1149,0.2018,1.0834,-24.815,27.382,-15.794
926857,1542,1804,1680,0.1126,0.1824,1.0843,-28.028,28.542,-17.008
926867,1532,1745,1628,0.1108,0.1604,1.0821,-31.211,29.920,-18.070
926877,1534,1811,1669,0.1084,0.1474,1.0900,-34.041,31.392,-18.795
926887,1496,1714,1635,0.1049,0.1329,1.0913,-36.336,33.066,-19.290
926897,1530,1796,1660,0.0976,0.1217,1.0927,-37.659,35.052,-19.943
926907,1550,1758,1639,0.0925,0.1140,1.1001,-38.048,36.872,-20.564
926917,1709,1788,1668,0.0893,0.1053,1.0965,-37.633,38.962,-21.332
926927,1513,1819,1647,0.0877,0.0975,1.0960,-36.501,41.055,-22.019
926937,1718,1878,1675,0.0851,0.0861,1.0931,-34.918,43.011,-22.729
926947,1530,1787,1683,0.0790,0.0729,1.0812,-32.994,44.969,-23.440
926957,1500,1896,1749,0.0721,0.0621,1.0712,-31.178,46.536,-23.780
926967,1516,1786,1686,0.0621,0.0511,1.0653,-29.825,47.354,-23.954
926977,1527,1873,1730,0.0471,0.0500,1.0611,-28.733,47.194,-23.358
926987,1619,1847,1663,0.0277,0.0466,1.0587,-27.927,46.588,-22.675
926997,1590,1923,1706,0.0047,0.0555,1.0612,-27.294,45.478,-21.775
927007,1577,1801,1639,-0.0047,0.0577,1.0577,-26.735,44.208,-20.624
927017,1720,2038,1692,-0.0208,0.0587,1.0570,-26.613,42.479,-19.863
927027,1734,1942,1661,-0.0373,0.0714,1.0503,-26.354,40.616,-18.659
927037,1613,1960,1646,-0.0449,0.0924,1.0403,-26.050,38.792,-16.889
927047,1963,2047,1649,-0.0559,0.0961,1.0392,-26.735,36.046,-15.901
927057,1643,2053,1672,-0.0655,0.0953,1.0445,-28.073,32.637,-15.543
927067,1665,1970,1788,-0.0693,0.0963,1.0553,-29.899,29.178,-14.910
927077,1637,2106,1690,-0.0727,0.0927,1.0651,-32.610,25.774,-14.353
927087,1708,2226,1778,-0.0738,0.0884,1.0754,-36.130,22.440,-14.093
927097,1734,2050,1686,-0.0752,0.0807,1.0848,-39.998,19.202,-14.008
927107,1746,2056,1835,-0.0760,0.0700,1.0899,-43.806,16.115,-14.137
927117,1678,2144,1792,-0.0756,0.0588,1.0961,-47.073,13.092,-14.299
927127,1771,2071,1983,-0.0762,0.0381,1.1023,-49.394,10.244,-14.533
927137,1801,2212,1888,-0.0777,0.0187,1.1068,-50.984,7.630,-14.505
927147,1761,2135,1976,-0.0755,0.0107,1.1163,-51.997,4.972,-13.731
927157,1690,2052,2056,-0.0760,0.0036,1.1208,-52.409,2.623,-12.799
927167,1826,2168,2042,-0.0757,-0.0041,1.1232,-51.881,0.530,-12.241
927177,1592,2240,1891,-0.0724,-0.0122,1.1292,-50.244,-1.551,-11.942
927187,1757,2075,1980,-0.0669,-0.0242,1.1362,-47.683,-3.455,-11.954
927197,1912,2193,1891,-0.0602,-0.0408,1.1395,-44.500,-5.160,-12.281
927207,2018,2156,1909,-0.0536,-0.0555,1.1438,-40.567,-6.710,-12.607
927217,1814,2156,1934,-0.0470,-0.0694,1.1482,-35.964,-8.036,-12.703
927227,1968,2000,1924,-0.0407,-0.0831,1.1537,-30.940,-9.293,-12.739
927237,1839,2052,1886,-0.0331,-0.0937,1.1679,-25.649,-10.574,-12.715
927247,1942,2137,1945,-0.0248,-0.1022,1.1735,-20.230,-11.504,-12.469
927257,1788,2156,1914,-0.0162,-0.1062,1.1800,-14.908,-12.176,-11.997
927267,1782,2126,1926,-0.0103,-0.1057,1.1829,-9.567,-12.578,-11.184
927277,1740,2164,1940,-0.0046,-0.1032,1.1864,-4.274,-12.785,-10.099
927287,1831,2053,1907,0.0009,-0.1015,1.1932,0.658,-12.974,-8.959
927297,1693,2126,1915,0.0065,-0.0995,1.1981,4.932,-12.943,-7.921
927307,1829,2128,1990,0.0124,-0.0932,1.2073,8.439,-12.857,-6.943
927317,1722,2200,1970,0.0163,-0.0871,1.2135,11.030,-12.544,-6.083
927327,1865,2107,2020,0.0200,-0.0795,1.2178,12.814,-12.005,-5.321
927337,1792,2157,2081,0.0214,-0.0718,1.2204,13.976,-11.402,-4.628
927347,1845,2058,2109,0.0217,-0.0639,1.2216,14.739,-10.586,-4.019
927357,1776,2198,2110,0.0204,-0.0590,1.2188,15.282,-9.704,-3.481
927367,1805,2101,2135,0.0189,-0.0567,1.2175,15.671,-8.817,-3.030
927377,1692,2193,2110,0.0172,-0.0539,1.2156,15.852,-7.955,-2.574
927387,1864,2179,2113,0.0147,-0.0490,1.2070,15.783,-6.978,-2.069
927397,1772,2059,2155,0.0135,-0.0422,1.1987,15.510,-6.028,-1.543
927407,1855,2203,2169,0.0123,-0.0373,1.1933,14.993,-5.276,-1.190
927417,1695,2161,2142,0.0104,-0.0337,1.1867,14.386,-4.721,-1.008
927427,1821,2107,2247,0.0095,-0.0311,1.1802,13.797,-4.282,-0.889
927437,1693,2156,2206,0.0096,-0.0297,1.1762,13.219,-3.958,-0.814
927447,1889,2131,2222,0.0107,-0.0290,1.1724,12.678,-3.696,-0.768
927457,1727,2181,2163,0.0116,-0.0269,1.1723,12.197,-3.445,-0.673
927467,1913,2099,2197,0.0152,-0.0241,1.1715,11.729,-3.193,-0.488
927477,1712,2157,2193,0.0195,-0.0201,1.1702,11.299,-2.909,-0.358
927487,1880,2090,2237,0.0216,-0.0177,1.1734,10.876,-2.627,-0.226
927497,1703,2165,2207,0.0229,-0.0190,1.1702,10.293,-2.362,-0.337
927507,1840,2131,2226,0.0233,-0.0152,1.1686,9.675,-1.984,-0.288
927517,1761,2201,2175,0.0252,-0.0120,1.1706,8.808,-1.747,0.021
927527,1863,2163,2238,0.0256,-0.0105,1.1652,7.873,-1.445,0.141
927537,1811,2177,2161,0.0281,-0.0083,1.1631,6.936,-1.088,0.346
927547,1822,2134,2211,0.0298,-0.0080,1.1623,5.830,-0.842,0.515
927557,1652,2204,2177,0.0313,-0.0053,1.1586,4.635,-0.563,0.587
927567,1963,2174,2220,0.0316,-0.0025,1.1522,3.542,-0.180,0.687
927577,1798,2161,2145,0.0335,0.0013,1.1474,2.575,0.084,0.743
927587,1865,2096,2208,0.0372,0.0026,1.1441,1.775,0.110,0.681
927597,1769,2114,2142,0.0387,0.0003,1.1466,1.357,-0.021,0.537
927607,1819,2078,2234,0.0407,-0.0027,1.1530,0.992,-0.124,0.475
927617,1780,2125,2111,0.0421,-0.0061,1.1605,0.301,-0.079,0.608
927627,2005,2038,2203,0.0463,-0.0058,1.1677,-0.836,0.030,0.947
927637,1766,2110,2068,0.0511,-0.0043,1.1763,-2.496,0.205,1.517
927647,1875,2032,2156,0.0536,-0.0017,1.1815,-4.617,0.454,1.952
927657,1767,2105,1990,0.0562,-0.0011,1.1878,-6.940,0.788,2.331
927667,1821,2016,2137,0.0574,-0.0020,1.1928,-9.272,1.097,2.576
927677,1722,2134,1918,0.0579,-0.0009,1.1904,-11.272,1.563,2.658
927687,1814,2046,2069,0.0570,-0.0034,1.1871,-12.673,2.027,2.622
927697,1739,2065,1920,0.0554,-0.0085,1.1824,-13.553,2.418,2.366
927707,1778,2006,2056,0.0557,-0.0110,1.1778,-13.854,2.722,2.073
927717,1693,2077,1882,0.0544,-0.0142,1.1726,-13.580,3.026,1.856
927727,1666,2062,2015,0.0531,-0.0148,1.1686,-12.848,3.196,1.640
927737,1717,2017,1853,0.0545,-0.0130,1.1664,-11.871,3.270,1.637
927747,1780,1975,2002,0.0535,-0.0144,1.1638,-10.771,3.240,1.474
927757,1712,1931,1848,0.0535,-0.0146,1.1594,-9.628,3.173,1.264
927767,1861,1962,2004,0.0557,-0.0127,1.1562,-8.448,3.057,1.288
927777,1684,2068,1843,0.0557,-0.0157,1.1527,-7.437,2.781,1.114
927787,1836,2081,1977,0.0565,-0.0162,1.1486,-6.477,2.487,0.917
927797,1708,2074,1853,0.0589,-0.0127,1.1477,-5.724,2.244,1.096
927807,1740,2079,1977,0.0654,0.0000,1.1472,-5.463,1.810,1.038
927817,1622,2066,1852,0.0710,0.0013,1.1636,-4.827,1.481,0.827
927827,1764,1980,1980,0.0622,-0.0257,1.1524,-3.426,1.601,-1.214
927837,1617,1996,1871,0.0739,-0.0388,1.1453,0.628,2.737,-1.927
927847,1753,2129,1956,0.0765,-0.0549,1.1693,4.618,2.998,-1.719
927857,1621,2077,1913,0.0698,-0.0638,1.1598,7.747,4.096,-1.834
927867,1587,1994,1991,0.0682,-0.0531,1.1628,10.339,5.388,-0.933
927877,1510,2041,1933,0.0649,-0.0398,1.1650,11.753,6.227,-0.037
927887,1645,1971,2031,0.0608,-0.0280,1.1581,12.577,7.122,0.035
927897,1516,2056,1912,0.0622,-0.0160,1.1565,12.942,7.808,-0.181
927907,1628,1990,2053,0.0625,-0.0146,1.1587,13.035,8.211,-1.036
927917,1517,2093,1962,0.0618,-0.0155,1.1569,13.464,8.684,-2.235
927927,1625,1992,2084,0.0605,-0.0177,1.1573,13.734,9.275,-3.036
927937,1515,2092,1986,0.0565,-0.0212,1.1605,13.532,9.662,-3.722
927947,1601,1953,2101,0.0537,-0.0232,1.1630,13.247,9.969,-4.194
927957,1511,2041,1967,0.0536,-0.0250,1.1643,13.185,10.395,-4.328
927967,1524,1996,2073,0.0544,-0.0281,1.1660,13.286,10.801,-4.365
927977,1544,2040,1947,0.0536,-0.0321,1.1674,13.494,11.184,-4.363
927987,1526,1975,2143,0.0546,-0.0333,1.1691,13.894,11.606,-4.129
927997,1507,2043,1845,0.0550,-0.0309,1.1670,14.385,12.142,-3.551
928007,1578,1982,2151,0.0522,-0.0251,1.1628,14.953,12.816,-2.906
928017,1502,2037,1812,0.0481,-0.0180,1.1564,15.491,13.444,-2.264
928027,1568,1970,2134,0.0443,-0.0092,1.1512,15.959,13.779,-1.714
928037,1508,2029,1791,0.0406,0.0013,1.1464,16.472,13.847,-1.228
928047,1596,1965,2088,0.0397,0.0112,1.1450,17.172,13.784,-0.794
928057,1523,2041,1733,0.0373,0.0174,1.1442,17.862,13.618,-0.561
928067,1593,1970,2043,0.0339,0.0220,1.1437,18.211,13.423,-0.425
928077,1490,1993,1738,0.0309,0.0299,1.1432,18.191,13.221,-0.117
928087,1545,1973,2056,0.0287,0.0391,1.1410,18.012,13.013,0.277
928097,1508,2029,1725,0.0260,0.0471,1.1390,17.830,12.733,0.433
928107,1576,1971,2058,0.0252,0.0498,1.1394,17.694,12.331,0.244
928117,1531,2037,1700,0.0247,0.0475,1.1433,17.585,11.864,-0.259
928127,1585,1966,2070,0.0387,0.0448,1.1259,17.588,11.508,-0.673
928137,1544,2029,1695,0.0342,0.0428,1.1351,17.715,11.168,-0.887
928147,1599,1977,2078,0.0301,0.0332,1.1454,17.257,10.503,-1.753
928157,1517,2017,1680,0.0309,0.0352,1.1380,17.704,10.755,-1.559
928167,1605,1993,2087,0.0321,0.0387,1.1403,18.180,10.945,-0.764
928177,1524,2065,1679,0.0307,0.0398,1.1456,18.399,10.653,-0.431
928187,1657,2000,2092,0.0307,0.0463,1.1424,18.838,10.615,-0.008
928197,1592,2052,1664,0.0315,0.0590,1.1455,19.195,10.553,0.541
928207,1614,2015,2068,0.0281,0.0729,1.1532,19.309,10.313,0.768
928217,1553,2062,1705,0.0268,0.0795,1.1562,19.227,10.186,0.506
928227,1571,2017,2052,0.0229,0.0814,1.1545,18.966,10.287,0.074
928237,1556,2057,1692,0.0214,0.0911,1.1503,18.509,10.408,0.254
928247,1588,2071,2058,0.0213,0.1050,1.1515,17.706,10.272,0.910
928257,1582,2074,1699,0.0218,0.1169,1.1526,16.495,9.937,1.390
928267,1631,2004,2043,0.0202,0.1276,1.1560,15.081,9.590,1.548
928277,1556,2064,1733,0.0200,0.1321,1.1587,13.409,9.192,1.239
928287,1616,2000,2041,0.0180,0.1335,1.1586,11.701,9.084,0.715
928297,1535,2054,1758,0.0161,0.1313,1.1581,9.893,8.997,0.235
928307,1609,2000,2034,0.0131,0.1320,1.1547,8.019,8.895,0.034
928317,1585,2066,1777,0.0102,0.1330,1.1534,6.204,8.756,0.054
928327,1664,1998,2009,0.0088,0.1318,1.1515,4.341,8.415,-0.107
928337,1555,2074,1788,0.0076,0.1302,1.1476,2.736,8.204,-0.227
928347,1643,2005,1983,0.0084,0.1287,1.1466,1.255,7.894,-0.275
928357,1575,2064,1808,0.0057,0.1280,1.1482,-0.088,7.507,-0.381
928367,1634,1998,1974,0.0047,0.1289,1.1489,-1.405,7.156,-0.543
928377,1564,2076,1812,0.0040,0.1300,1.1484,-2.655,7.037,-0.721
928387,1622,2032,1937,0.0058,0.1324,1.1489,-3.993,6.852,-1.021
928397,1584,2078,1816,0.0078,0.1315,1.1538,-5.374,6.515,-1.448
928407,1711,1986,1939,0.0111,0.1263,1.1553,-6.755,6.321,-1.954
928417,1596,2064,1845,0.0162,0.1232,1.1515,-8.024,6.337,-2.210
928427,1649,2008,1928,0.0220,0.1149,1.1543,-9.283,6.218,-2.388
928437,1609,2055,1849,0.0218,0.1051,1.1566,-10.500,6.111,-2.751
928447,1497,2038,1889,0.0222,0.1011,1.1512,-11.183,6.446,-2.806
928457,1572,2027,1854,0.0198,0.0934,1.1482,-11.496,6.803,-2.833
928467,1668,1997,1925,0.0159,0.0878,1.1466,-11.471,6.981,-2.951
928477,1592,2048,1846,0.0138,0.0831,1.1444,-11.034,7.094,-2.969
928487,1679,1998,1916,0.0101,0.0747,1.1435,-10.468,7.003,-3.145
928497,1612,2044,1868,0.0085,0.0715,1.1406,-9.781,6.895,-3.019
928507,1653,1990,1927,0.0076,0.0694,1.1439,-9.030,6.546,-2.666
928517,1585,2051,1858,0.0075,0.0669,1.1443,-8.328,6.365,-2.468
928527,1619,2003,1917,0.0075,0.0676,1.1440,-7.593,6.378,-2.184
928537,1607,2049,1858,0.0061,0.0637,1.1460,-7.000,6.305,-2.062
928547,1714,1977,1933,0.0043,0.0614,1.1468,-6.520,6.242,-1.995
928557,1581,2064,1858,0.0059,0.0629,1.1460,-6.006,6.331,-1.623
928567,1667,1985,1923,0.0062,0.0649,1.1466,-5.557,6.331,-1.257
928577,1588,2056,1863,0.0074,0.0641,1.1471,-5.153,6.255,-1.098
928587,1694,1979,1928,0.0080,0.0634,1.1459,-4.718,6.263,-1.019
928597,1595,2041,1859,0.0083,0.0642,1.1454,-4.255,6.323,-0.892
928607,1645,2022,1929,0.0092,0.0654,1.1449,-3.817,6.343,-0.750
928617,1612,2039,1861,0.0096,0.0668,1.1443,-3.375,6.326,-0.672
928627,1701,1993,1935,0.0102,0.0685,1.1428,-2.908,6.303,-0.630
928637,1589,2050,1854,0.0107,0.0691,1.1440,-2.474,6.242,-0.617
928647,1671,1997,1939,0.0099,0.0688,1.1442,-2.117,6.170,-0.668
928657,1589,2071,1852,0.0099,0.0693,1.1448,-1.832,6.157,-0.699
928667,1696,2004,1949,0.0095,0.0701,1.1451,-1.643,6.162,-0.671
928677,1591,2059,1848,0.0097,0.0714,1.1447,-1.552,6.169,-0.615
928687,1664,1995,1936,0.0105,0.0729,1.1441,-1.523,6.150,-0.578
928697,1595,2052,1861,0.0136,0.0744,1.1435,-1.500,6.087,-0.577
928707,1662,1990,1934,0.0124,0.0734,1.1481,-1.471,6.019,-0.673
928717,1598,2074,1858,0.0120,0.0697,1.1492,-1.545,5.941,-1.000
928727,1689,1992,1947,0.0108,0.0731,1.1471,-1.402,6.183,-0.967
928737,1603,2058,1868,0.0115,0.0746,1.1497,-1.455,6.201,-0.878
928747,1678,1977,1939,0.0080,0.0712,1.1509,-1.577,6.107,-1.164
928757,1595,2051,1869,0.0085,0.0723,1.1460,-1.595,6.245,-1.260
928767,1671,1998,1936,0.0105,0.0751,1.1462,-1.602,6.312,-1.103
928777,1611,2046,1871,0.0101,0.0742,1.1477,-1.716,6.186,-1.228
928787,1713,2016,1936,0.0091,0.0718,1.1469,-1.697,6.161,-1.548
928797,1547,2067,1852,0.0077,0.0694,1.1477,-1.601,6.207,-1.743
928807,1690,2001,1955,0.0058,0.0682,1.1463,-1.469,6.277,-1.801
928817,1600,2054,1856,0.0049,0.0689,1.1444,-1.289,6.355,-1.707
928827,1675,1992,1954,0.0044,0.0714,1.1424,-1.137,6.325,-1.531
928837,1604,2039,1863,0.0043,0.0722,1.1438,-1.011,6.200,-1.419
928847,1660,1976,1945,0.0053,0.0738,1.1424,-0.915,6.045,-1.408
928857,1590,2028,1871,0.0071,0.0748,1.1447,-0.809,5.926,-1.360
928867,1640,1981,1938,0.0066,0.0713,1.1504,-0.810,5.743,-1.571
928877,1622,2040,1874,0.0054,0.0686,1.1497,-0.794,5.769,-1.737
928887,1684,1986,1949,0.0065,0.0718,1.1475,-0.712,5.949,-1.480
928897,1607,2059,1858,0.0060,0.0714,1.1481,-0.764,5.933,-1.302
928907,1688,2038,1942,0.0048,0.0704,1.1468,-0.817,5.893,-1.344
928917,1601,2066,1867,0.0054,0.0722,1.1464,-0.773,5.909,-1.243
928927,1676,2000,1945,0.0064,0.0732,1.1490,-0.746,5.852,-1.133
928937,1605,2059,1864,0.0043,0.0693,1.1521,-0.768,5.728,-1.330
928947,1674,1994,1959,0.0030,0.0681,1.1498,-0.702,5.762,-1.443
928957,1615,2056,1865,0.0046,0.0704,1.1470,-0.538,5.870,-1.195
928967,1690,1987,1948,0.0053,0.0710,1.1480,-0.430,5.769,-1.050
928977,1615,2057,1872,0.0052,0.0696,1.1483,-0.343,5.648,-1.089
928987,1682,1986,1955,0.0060,0.0702,1.1489,-0.264,5.654,-1.023
928997,1600,2047,1864,0.0066,0.0710,1.1501,-0.226,5.665,-0.889
929007,1691,1992,1959,0.0066,0.0724,1.1498,-0.239,5.713,-0.793
929017,1605,2056,1872,0.0070,0.0725,1.1489,-0.275,5.771,-0.726
929027,1722,1979,1958,0.0078,0.0730,1.1500,-0.341,5.751,-0.649
929037,1585,2058,1877,0.0077,0.0730,1.1506,-0.437,5.729,-0.574
929047,1675,1987,1952,0.0073,0.0736,1.1497,-0.515,5.784,-0.491
929057,1612,2055,1872,0.0075,0.0744,1.1483,-0.584,5.824,-0.413
929067,1679,1986,1949,0.0073,0.0743,1.1476,-0.668,5.825,-0.427
929077,1614,2041,1875,0.0108,0.0755,1.1452,-0.678,5.870,-0.435
929087,1711,1976,1956,0.0111,0.0770,1.1470,-0.646,5.868,-0.375
929097,1590,2031,1891,0.0099,0.0730,1.1509,-0.763,5.676,-0.725
929107,1738,1985,1949,0.0079,0.0715,1.1494,-0.759,5.754,-0.977
929117,1615,2035,1877,0.0066,0.0729,1.1467,-0.756,5.958,-0.859
929127,1716,1976,1949,0.0059,0.0735,1.1466,-0.810,6.016,-0.745
929137,1611,2038,1881,0.0069,0.0738,1.1493,-0.922,5.909,-0.684
929147,1702,1972,1943,0.0063,0.0751,1.1479,-0.944,5.911,-0.590
929157,1620,2042,1873,0.0052,0.0733,1.1475,-0.967,5.880,-0.627
929167,1675,2028,1943,0.0041,0.0717,1.1473,-1.014,5.888,-0.678
929177,1647,2045,1874,0.0036,0.0725,1.1438,-0.989,6.037,-0.553
929187,1632,2031,1907,0.0044,0.0737,1.1443,-0.949,6.079,-0.370
929197,1620,2035,1870,0.0054,0.0743,1.1499,-1.016,5.922,-0.271
929207,1675,1996,1955,0.0062,0.0745,1.1526,-1.160,5.834,-0.257
929217,1627,2051,1878,0.0044,0.0760,1.1447,-1.230,5.982,-0.217
929227,1743,1998,1948,0.0049,0.0781,1.1438,-1.203,6.182,-0.197
929237,1628,2053,1865,0.0105,0.0777,1.1620,-1.645,5.897,-0.265
929247,1727,1995,1945,0.0087,0.0738,1.1625,-2.224,5.944,-0.611
929257,1572,2052,1878,0.0082,0.0776,1.1488,-2.174,6.701,-0.552
929267,1707,1979,1939,0.0101,0.0778,1.1496,-2.393,6.813,-0.402
929277,1633,2045,1878,0.0081,0.0752,1.1509,-2.761,6.613,-0.757
929287,1704,1971,1955,0.0061,0.0673,1.1505,-2.883,6.591,-1.153
929297,1629,2067,1876,0.0026,0.0655,1.1483,-2.931,6.625,-1.234
929307,1707,1990,1944,0.0027,0.0654,1.1498,-2.863,6.548,-0.928
929317,1582,2054,1897,0.0017,0.0657,1.1489,-2.769,6.366,-0.687
929327,1692,1980,1949,0.0019,0.0672,1.1458,-2.410,6.329,-0.397
929337,1640,2052,1885,0.0026,0.0663,1.1504,-2.090,6.084,-0.222
929347,1697,2000,1944,0.0028,0.0644,1.1518,-1.865,5.862,-0.236
929357,1630,2033,1879,0.0028,0.0659,1.1476,-1.614,5.993,-0.122
929367,1718,1996,1966,0.0027,0.0689,1.1473,-1.453,6.075,0.146
929377,1642,2041,1880,0.0024,0.0696,1.1491,-1.426,5.997,0.254
929387,1697,2008,1949,0.0025,0.0696,1.1483,-1.380,5.991,0.224
929397,1649,2061,1887,0.0033,0.0701,1.1479,-1.353,5.991,0.243
929407,1714,2004,1953,0.0035,0.0701,1.1488,-1.422,5.948,0.261
929417,1651,2056,1893,0.0035,0.0699,1.1488,-1.513,5.961,0.274
929427,1734,1990,1947,0.0032,0.0696,1.1483,-1.597,6.008,0.278
929437,1644,2048,1893,0.0031,0.0687,1.1482,-1.661,6.027,0.281
929447,1716,2019,1944,0.0030,0.0676,1.1471,-1.699,6.050,0.263
929457,1627,2046,1901,0.0030,0.0678,1.1470,-1.707,6.082,0.254
929467,1700,1992,1958,0.0033,0.0673,1.1484,-1.717,6.072,0.261
929477,1625,2040,1896,0.0037,0.0679,1.1487,-1.706,6.060,0.275
929487,1678,1973,1937,0.0036,0.0675,1.1470,-1.643,6.073,0.262
929497,1620,2060,1889,0.0037,0.0677,1.1477,-1.585,6.055,0.251
929507,1688,1981,1952,0.0030,0.0672,1.1490,-1.561,6.021,0.243
929517,1654,2031,1887,0.0020,0.0669,1.1474,-1.524,6.021,0.265
929527,1713,1990,1958,0.0047,0.0692,1.1456,-1.498,6.013,0.357
929537,1667,2051,1890,0.0044,0.0668,1.1503,-1.506,5.877,0.317
929547,1705,1978,1967,0.0018,0.0628,1.1496,-1.579,5.805,0.050
929557,1652,2038,1905,0.0030,0.0650,1.1466,-1.469,6.021,0.207
929567,1729,1985,1963,0.0035,0.0668,1.1489,-1.489,6.071,0.477
929577,1647,2059,1900,0.0033,0.0656,1.1488,-1.593,5.994,0.413
929587,1801,1996,1963,0.0039,0.0659,1.1465,-1.584,6.037,0.408
929597,1644,2047,1900,0.0033,0.0662,1.1464,-1.562,6.052,0.481
