7172012,1828,1896,1880,0.2172,-0.3378,1.0750,-2.214,0.458,19.908
7172022,1838,1888,1890,0.2136,-0.3504,1.0702,-4.587,-0.522,21.861
7172032,1819,1935,1891,0.2185,-0.3532,1.0723,-7.713,-1.234,23.792
7172042,1828,1906,1896,0.2224,-0.3618,1.0776,-11.738,-2.038,25.528
7172052,1946,1901,1884,0.2233,-0.3674,1.0790,-15.704,-2.678,27.336
7172062,1821,1887,1900,0.2187,-0.3750,1.0791,-19.130,-3.024,29.256
7172072,1833,1906,1888,0.2136,-0.3824,1.0770,-21.517,-3.376,31.123
7172082,1930,1966,1886,0.2105,-0.3923,1.0750,-22.794,-3.574,32.790
7172092,1818,1928,1882,0.2084,-0.4009,1.0726,-22.887,-3.675,34.325
7172102,1856,1891,1883,0.2058,-0.4059,1.0707,-21.998,-3.638,35.826
7172112,1840,1923,1885,0.2045,-0.4074,1.0732,-20.602,-3.627,37.345
7172122,1822,1886,1900,0.2015,-0.4083,1.0831,-19.325,-3.775,38.844
7172132,1862,1950,1884,0.1972,-0.4118,1.0807,-18.408,-3.712,40.297
7172142,1868,1916,1881,0.1930,-0.4129,1.0771,-17.499,-3.459,41.617
7172152,1822,1885,1884,0.1878,-0.4160,1.0765,-16.481,-3.298,42.703
7172162,1864,1888,1892,0.1828,-0.4169,1.0733,-14.756,-3.075,43.575
7172172,1832,1918,1883,0.1778,-0.4172,1.0714,-12.417,-2.887,44.296
7172182,1950,1884,1889,0.1737,-0.4177,1.0731,-9.564,-2.816,44.915
7172192,1838,1887,1881,0.1704,-0.4189,1.0755,-6.487,-2.701,45.475
7172202,1853,1898,1883,0.1681,-0.4156,1.0791,-3.494,-2.557,46.055
7172212,1831,1932,1890,0.1658,-0.4074,1.0811,-0.781,-2.311,46.682
7172222,1818,1919,1885,0.1624,-0.4031,1.0813,1.387,-2.033,47.184
7172232,1842,1935,1881,0.1559,-0.3975,1.0870,2.843,-1.820,47.588
7172242,1825,1888,1890,0.1494,-0.3922,1.0890,3.833,-1.529,47.920
7172252,1842,1886,1888,0.1438,-0.3887,1.0937,4.304,-1.270,48.212
7172262,1867,1885,1895,0.1393,-0.3859,1.1018,4.401,-1.089,48.554
7172272,1826,1907,1886,0.1351,-0.3824,1.1071,4.265,-0.811,48.927
7172282,1908,1890,1884,0.1326,-0.3797,1.1122,3.970,-0.509,49.275
7172292,1936,1946,1885,0.1301,-0.3767,1.1161,3.533,-0.146,49.568
7172302,1865,1907,1884,0.1254,-0.3702,1.1199,3.091,0.279,49.769
7172312,1832,1939,1882,0.1219,-0.3642,1.1211,2.626,0.715,49.792
7172322,1824,1911,1882,0.1185,-0.3618,1.1236,1.998,1.177,49.570
7172332,1944,1917,1882,0.1163,-0.3638,1.1266,1.276,1.536,49.201
7172342,1906,1884,1896,0.1137,-0.3680,1.1298,0.223,2.026,48.806
7172352,2093,1906,1886,0.1122,-0.3755,1.1344,-1.068,2.571,48.537
7172362,1919,1990,1892,0.1088,-0.3801,1.1343,-2.440,3.266,48.400
7172372,1827,1909,1884,0.1082,-0.3850,1.1370,-3.600,4.186,48.473
7172382,1819,1888,1910,0.1082,-0.3929,1.1373,-4.528,5.125,48.612
7172392,1870,1888,1885,0.1067,-0.4012,1.1349,-4.841,6.212,48.864
7172402,1846,1888,1897,0.1024,-0.4043,1.1336,-4.597,7.402,49.357
7172412,1832,1918,1887,0.0991,-0.4072,1.1340,-3.824,8.594,50.018
7172422,1841,1893,1894,0.0941,-0.4064,1.1320,-2.727,9.875,50.743
7172432,1825,1932,1887,0.0880,-0.4027,1.1299,-1.300,11.092,51.521
7172442,1837,1944,1895,0.0834,-0.3984,1.1268,0.338,12.226,52.224
7172452,1822,1934,1882,0.0784,-0.3962,1.1260,1.929,13.247,52.724
7172462,1873,1887,1897,0.0719,-0.3919,1.1243,3.406,14.159,53.006
7172472,2022,1945,1889,0.0643,-0.3865,1.1187,4.855,14.988,53.069
7172482,1826,1889,1894,0.0573,-0.3795,1.1142,6.308,15.652,52.994
7172492,1819,1897,1881,0.0515,-0.3748,1.1089,7.849,16.228,52.781
7172502,1835,1896,1895,0.0447,-0.3692,1.1082,9.510,16.709,52.459
7172512,1905,1888,1882,0.0395,-0.3669,1.1038,11.078,17.087,52.043
7172522,1820,1910,1890,0.0330,-0.3637,1.1036,12.448,17.217,51.422
7172532,1906,1904,1885,0.0268,-0.3574,1.1031,13.478,17.368,50.932
7172542,1939,1885,1899,0.0240,-0.3492,1.1024,14.144,17.536,50.806
7172552,1887,1921,1884,0.0188,-0.3412,1.0992,14.333,17.794,50.813
7172562,1821,1887,1893,0.0127,-0.3345,1.0959,14.107,18.000,50.788
7172572,1860,1915,1884,0.0070,-0.3259,1.0950,13.497,18.071,50.652
7172582,2031,1944,1886,0.0035,-0.3242,1.0931,12.467,17.969,50.331
7172592,1845,1915,1888,-0.0023,-0.3222,1.0953,11.100,17.656,49.640
7172602,1906,1916,1894,-0.0083,-0.3183,1.0949,9.476,17.350,48.892
7172612,1875,1892,1883,-0.0118,-0.3159,1.0883,7.951,17.276,48.466
7172622,1821,1899,1895,-0.0166,-0.3150,1.0841,6.421,17.317,48.419
7172632,1876,1903,1884,-0.0213,-0.3137,1.0798,5.033,17.424,48.428
7172642,1838,1890,1899,-0.0248,-0.3155,1.0753,3.949,17.565,48.298
7172652,1848,1919,1884,-0.0307,-0.3171,1.0717,3.020,17.387,47.747
7172662,1826,1885,1904,-0.0405,-0.3192,1.0711,2.081,16.973,46.947
7172672,1823,1891,1885,-0.0455,-0.3144,1.0736,1.137,16.670,46.773
7172682,1818,1894,1898,-0.0496,-0.3081,1.0738,0.242,16.650,47.341
7172692,1858,1895,1885,-0.0536,-0.3029,1.0736,-0.769,16.803,47.967
7172702,1886,1889,1902,-0.0564,-0.2982,1.0721,-1.868,17.026,48.459
7172712,1819,1886,1882,-0.0578,-0.2959,1.0693,-3.028,17.377,48.795
7172722,1819,1905,1897,-0.0593,-0.2962,1.0674,-4.317,17.821,48.998
7172732,1829,1890,1887,-0.0602,-0.2990,1.0638,-5.675,18.282,49.131
7172742,1822,1886,1903,-0.0630,-0.3010,1.0554,-7.023,18.769,49.202
7172752,1840,1893,1885,-0.0663,-0.3040,1.0436,-8.297,19.111,49.130
7172762,1840,1893,1899,-0.0709,-0.3071,1.0382,-9.641,18.900,48.983
7172772,1821,1892,1885,-0.0802,-0.3096,1.0337,-11.362,18.279,49.112
7172782,2009,1948,1884,-0.0881,-0.3048,1.0247,-13.553,17.631,50.065
7172792,2014,1951,1882,-0.0975,-0.2960,1.0179,-16.352,16.867,51.565
7172802,1819,1895,1900,-0.1072,-0.2885,1.0139,-20.038,15.816,52.971
7172812,1826,1913,1884,-0.1158,-0.2820,1.0062,-24.303,14.699,53.989
7172822,1823,1889,1944,-0.1234,-0.2791,0.9963,-28.838,13.574,54.501
7172832,1833,1903,1880,-0.1309,-0.2800,0.9839,-33.074,12.296,54.267
7172842,1845,1919,1904,-0.1406,-0.2843,0.9725,-36.541,10.811,53.305
7172852,1836,1908,1891,-0.1496,-0.2874,0.9597,-38.911,9.251,52.195
7172862,1832,1914,1911,-0.1582,-0.2876,0.9464,-40.063,7.821,51.316
7172872,1893,1895,1883,-0.1667,-0.2850,0.9364,-40.127,6.430,50.505
7172882,1826,1901,1915,-0.1737,-0.2802,0.9334,-39.402,4.868,49.488
7172892,1826,1910,1883,-0.1805,-0.2759,0.9305,-38.194,3.154,48.080
7172902,1913,1920,1921,-0.1882,-0.2724,0.9268,-36.553,1.454,46.257
7172912,1854,1887,1884,-0.1969,-0.2675,0.9259,-34.838,-0.333,44.173
7172922,1820,1886,1928,-0.2049,-0.2605,0.9281,-33.262,-2.229,41.946
7172932,1966,1904,1947,-0.2122,-0.2545,0.9289,-31.775,-4.056,39.494
7172942,1822,1914,1885,-0.2175,-0.2512,0.9270,-30.245,-5.724,36.750
7172952,1903,1914,1889,-0.2206,-0.2489,0.9340,-28.895,-7.458,33.759
7172962,1937,1889,1888,-0.2247,-0.2477,0.9376,-27.719,-9.167,30.582
7172972,1823,1887,1966,-0.2288,-0.2478,0.9383,-26.536,-10.630,27.264
7172982,1838,1928,1933,-0.2304,-0.2479,0.9445,-25.790,-12.225,24.091
7172992,2101,1898,1889,-0.2311,-0.2443,0.9537,-25.277,-13.832,21.157
7173002,2101,1883,1917,-0.2318,-0.2386,0.9620,-24.688,-15.115,18.367
7173012,1869,1887,1890,-0.2304,-0.2329,0.9742,-24.331,-16.197,15.545
7173022,1917,1888,1998,-0.2295,-0.2261,0.9817,-24.060,-16.846,12.589
7173032,1911,1916,1965,-0.2273,-0.2206,0.9866,-23.944,-17.082,9.515
7173042,1875,1939,1979,-0.2260,-0.2163,0.9840,-23.863,-17.004,6.253
7173052,2268,1921,2046,-0.2226,-0.2180,0.9769,-23.685,-16.731,2.710
7173062,2013,1929,2213,-0.2197,-0.2224,0.9836,-23.759,-16.757,-1.141
7173072,1941,1936,1913,-0.2166,-0.2302,0.9879,-24.344,-16.897,-5.209
7173082,2050,1895,3078,-0.2179,-0.2276,0.9849,-25.081,-16.719,-9.459
7173092,2149,1959,1957,-0.2216,-0.2277,0.9679,-25.993,-16.829,-14.828
7173102,2291,1910,2363,-0.2182,-0.2253,0.9484,-26.927,-17.921,-19.627
7173112,2234,1889,1884,-0.2051,-0.2255,0.9441,-28.014,-19.471,-23.658
7173122,2193,1906,3203,-0.1790,-0.2410,0.9882,-30.454,-21.732,-27.102
7173132,2308,1889,2648,-0.1379,-0.2866,1.0527,-35.746,-23.710,-30.863
7173142,2330,2123,1883,-0.1020,-0.3464,1.1049,-44.159,-23.639,-34.081
7173152,1910,2157,2234,-0.0898,-0.3830,1.1012,-55.913,-21.252,-35.978
7173162,2276,2031,2409,-0.1016,-0.3887,1.0485,-68.851,-17.914,-36.828
7173172,1949,2304,1970,-0.1134,-0.4106,1.0055,-80.625,-16.248,-37.942
7173182,2001,2047,2393,-0.1158,-0.4464,0.9568,-89.808,-16.339,-40.155
7173192,2095,2053,2231,-0.1142,-0.4924,0.8958,-93.899,-17.365,-43.858
7173202,1832,2413,2144,-0.1245,-0.5517,0.9080,-93.407,-20.102,-47.859
7173212,3058,1929,2014,-0.1123,-0.5868,0.9356,-91.143,-22.428,-48.805
7173222,2383,2387,3063,-0.0944,-0.6158,0.9105,-87.400,-22.331,-48.212
7173232,2615,1884,1967,-0.0742,-0.6466,0.9064,-84.530,-22.237,-47.577
7173242,2293,2044,2266,-0.0671,-0.6838,0.8920,-83.136,-22.652,-47.375
7173252,2506,1955,2517,-0.0654,-0.7115,0.8562,-81.356,-23.028,-47.051
7173262,1817,1899,2062,-0.0688,-0.7216,0.8277,-79.103,-24.431,-46.412
7173272,2142,1965,2932,-0.0673,-0.7355,0.8162,-75.862,-26.592,-45.771
7173282,2347,2047,2238,-0.0480,-0.7632,0.8215,-72.536,-29.198,-45.108
7173292,2678,2868,2299,-0.0311,-0.7986,0.8466,-69.805,-31.514,-44.238
7173302,1886,1945,1934,-0.0081,-0.8341,0.8697,-67.956,-33.082,-42.721
7173312,2399,1911,2068,0.0042,-0.8587,0.8973,-67.566,-33.501,-40.257
7173322,1987,1897,2138,0.0089,-0.8832,0.9092,-68.710,-33.014,-36.975
7173332,2383,2400,3148,0.0102,-0.8972,0.8897,-70.530,-31.513,-33.378
7173342,2813,2185,1965,0.0136,-0.9065,0.8744,-69.878,-29.970,-29.953
7173352,1897,2235,2099,0.0211,-0.9244,0.8697,-66.616,-28.469,-27.028
7173362,2810,2261,2380,0.0220,-0.9443,0.8792,-60.023,-26.636,-24.480
7173372,1826,1936,2279,0.0275,-0.9540,0.8831,-51.256,-23.965,-21.682
7173382,2134,1997,2009,0.0339,-0.9537,0.8827,-40.769,-20.458,-18.869
7173392,3013,1925,2569,0.0383,-0.9488,0.8901,-29.646,-16.749,-16.558
7173402,3438,2059,1979,0.0352,-0.9370,0.8845,-17.959,-12.746,-14.747
7173412,3292,1981,1961,0.0292,-0.9103,0.8772,-5.453,-8.643,-13.276
7173422,2462,2303,1991,0.0211,-0.8759,0.8705,6.360,-5.189,-12.152
7173432,2813,1993,2132,0.0155,-0.8419,0.8731,16.228,-2.481,-11.073
7173442,2387,1966,3035,0.0156,-0.8131,0.8876,22.976,-0.610,-9.766
7173452,2720,2002,1955,0.0172,-0.7884,0.8924,25.507,0.949,-8.306
7173462,1906,1975,1927,0.0233,-0.7746,0.8907,25.351,2.616,-6.877
7173472,3038,2052,2271,0.0251,-0.7722,0.8903,23.013,3.889,-5.667
7173482,2595,2173,1885,0.0237,-0.7601,0.8782,20.672,5.079,-4.484
7173492,2022,2308,1973,0.0180,-0.7415,0.8615,19.391,5.982,-3.536
7173502,2039,1882,2341,0.0157,-0.7282,0.8458,19.356,6.227,-3.108
7173512,2003,2539,1953,0.0154,-0.7147,0.8431,20.590,5.932,-3.108
7173522,2455,2014,2419,0.0194,-0.7083,0.8438,21.931,5.187,-3.398
7173532,2125,1981,2128,0.0213,-0.7013,0.8345,23.179,4.781,-3.772
7173542,2246,1909,2539,0.0244,-0.6948,0.8457,24.462,4.408,-4.077
7173552,1908,2004,2250,0.0308,-0.6959,0.8577,24.379,3.956,-4.335
7173562,1886,1913,1901,0.0334,-0.6916,0.8481,24.147,4.124,-4.370
7173572,2208,2008,2112,0.0329,-0.6824,0.8424,24.566,4.413,-4.320
7173582,2077,2121,1925,0.0311,-0.6781,0.8361,25.203,4.418,-4.571
7173592,1934,1878,2060,0.0301,-0.6689,0.8350,26.934,4.209,-4.901
7173602,1957,1897,2253,0.0306,-0.6657,0.8461,28.602,3.513,-5.219
7173612,1909,2199,2008,0.0339,-0.6629,0.8608,29.653,2.808,-5.425
7173622,2259,1957,2354,0.0353,-0.6594,0.8702,29.798,2.465,-5.484
7173632,1909,1898,1879,0.0349,-0.6513,0.8823,28.897,2.310,-5.440
7173642,2543,2177,2092,0.0361,-0.6458,0.8951,27.256,2.290,-5.363
7173652,1930,1901,1900,0.0365,-0.6437,0.8986,25.296,2.556,-5.286
7173662,2003,1973,2035,0.0313,-0.6353,0.8942,24.364,3.131,-5.221
7173672,1925,1876,1881,0.0283,-0.6267,0.8954,24.486,3.618,-5.348
7173682,1871,1970,1906,0.0306,-0.6188,0.9103,24.706,3.629,-5.643
7173692,2247,2174,1884,0.0356,-0.6178,0.9190,23.892,3.675,-5.901
7173702,2094,1900,1868,0.0343,-0.6159,0.9223,22.025,4.122,-6.031
7173712,1909,1874,1941,0.0357,-0.6146,0.9231,19.605,4.616,-6.027
7173722,1900,1881,2029,0.0369,-0.6159,0.9366,16.491,5.039,-5.917
7173732,2010,1952,2111,0.0373,-0.6139,0.9357,13.197,5.630,-5.510
7173742,1951,1887,1891,0.0379,-0.6173,0.9317,10.688,6.598,-5.134
7173752,2111,1878,1953,0.0400,-0.6285,0.9389,8.965,7.239,-5.021
7173762,1860,1975,1972,0.0436,-0.6396,0.9404,8.903,8.331,-5.115
7173772,2149,1923,1905,0.0369,-0.6392,0.9547,10.767,9.790,-5.321
7173782,2041,2043,1925,0.0303,-0.6306,0.9498,14.206,11.530,-5.831
7173792,1799,1963,1870,0.0213,-0.6332,0.9322,19.465,13.660,-7.084
7173802,1821,1891,1884,0.0127,-0.6266,0.9283,25.934,15.024,-8.666
7173812,1922,1914,1872,0.0097,-0.6204,0.9276,32.786,15.681,-10.140
7173822,1791,1887,1880,0.0118,-0.6088,0.9410,38.138,15.651,-11.152
7173832,1799,1918,1866,0.0179,-0.5961,0.9583,41.258,15.141,-11.554
7173842,1794,1875,1880,0.0240,-0.5943,0.9632,41.162,14.777,-11.648
7173852,1837,1961,1868,0.0279,-0.5904,0.9749,38.432,14.230,-11.365
7173862,2101,1888,1870,0.0268,-0.5849,0.9885,33.290,13.416,-10.651
7173872,1926,1890,1876,0.0255,-0.5746,0.9995,26.571,12.350,-9.533
7173882,1870,1899,1870,0.0245,-0.5752,0.9921,19.273,11.391,-8.297
7173892,1858,1950,2120,0.0234,-0.5856,0.9948,12.897,10.893,-7.291
7173902,1792,1887,1892,0.0229,-0.5977,1.0001,7.631,10.663,-6.605
7173912,1812,1876,1935,0.0229,-0.6060,0.9990,4.168,10.986,-6.150
7173922,1815,1915,1970,0.0223,-0.6136,1.0083,2.525,11.491,-5.876
7173932,1890,1897,1869,0.0216,-0.6149,1.0164,2.438,12.230,-5.662
7173942,1860,1875,1869,0.0198,-0.6132,1.0204,3.621,13.408,-5.518
7173952,1796,1895,1869,0.0169,-0.6072,1.0264,5.336,14.620,-5.437
7173962,1821,1877,1884,0.0141,-0.6015,1.0179,7.372,16.061,-5.421
7173972,1806,1894,1869,0.0124,-0.5994,1.0097,9.575,17.455,-5.533
7173982,1791,1876,1874,0.0100,-0.5979,1.0057,11.757,18.490,-5.707
7173992,1800,1881,1871,0.0076,-0.5946,1.0006,14.078,19.399,-5.827
7174002,1857,1885,1877,0.0026,-0.5884,0.9972,16.048,20.006,-5.907
7174012,1851,1888,1889,-0.0002,-0.5797,0.9964,17.441,20.218,-5.973
7174022,1810,1887,1895,-0.0039,-0.5740,0.9988,18.416,20.245,-6.096
7174032,1810,1888,1867,-0.0074,-0.5697,0.9990,18.822,20.238,-6.274
7174042,1901,1875,1923,-0.0116,-0.5703,0.9952,19.243,20.427,-6.448
7174052,1793,1886,1869,-0.0158,-0.5687,0.9975,19.751,20.802,-6.648
7174062,1798,1878,1914,-0.0197,-0.5627,1.0019,20.275,21.120,-6.875
7174072,1793,1885,1874,-0.0250,-0.5540,0.9906,21.171,21.922,-7.294
7174082,1797,1896,1872,-0.0318,-0.5438,0.9939,22.513,22.657,-7.986
7174092,1872,1895,1870,-0.0390,-0.5311,0.9952,24.091,23.355,-8.990
7174102,1805,1887,1882,-0.0481,-0.5041,0.9902,26.560,24.398,-10.386
7174112,1860,1931,1869,-0.0550,-0.4852,0.9844,29.776,25.369,-12.494
7174122,1813,1879,1893,-0.0579,-0.4696,0.9705,33.359,26.314,-15.346
7174132,1794,1890,1894,-0.0594,-0.4806,0.9636,37.748,27.154,-18.578
7174142,1904,1988,1879,-0.0607,-0.4811,0.9715,41.344,27.470,-21.505
7174152,1883,1932,1871,-0.0640,-0.4686,0.9742,45.354,27.909,-23.860
7174162,1847,1974,2487,-0.0677,-0.4544,0.9834,48.128,28.224,-26.012
7174172,1811,2175,2309,-0.0711,-0.4412,0.9928,50.171,28.212,-27.938
7174182,2084,1885,1972,-0.0730,-0.4308,0.9988,51.487,28.458,-29.576
7174192,1807,1985,2867,-0.0786,-0.4146,1.0092,52.397,28.555,-30.986
7174202,1950,1949,2005,-0.0773,-0.4096,1.0015,53.205,28.796,-32.589
7174212,1811,1917,1871,-0.0782,-0.4099,0.9973,53.721,28.959,-34.580
7174222,1805,1877,1983,-0.0738,-0.4198,0.9913,54.405,28.710,-36.561
7174232,1872,1885,1898,-0.0758,-0.4143,0.9804,55.146,28.390,-38.157
7174242,1804,1918,1882,-0.0795,-0.3981,0.9732,56.167,27.546,-39.396
7174252,1794,1924,1981,-0.0759,-0.3803,0.9784,56.429,26.400,-40.215
7174262,2026,1878,2003,-0.0738,-0.3701,0.9872,55.999,24.947,-40.845
7174272,1931,1927,1871,-0.0731,-0.3670,0.9931,54.111,23.468,-41.946
7174282,1822,1877,1978,-0.0709,-0.3624,1.0025,51.192,21.891,-42.716
7174292,1911,1936,1912,-0.0716,-0.3574,0.9999,47.445,20.832,-43.095
7174302,1801,1907,1974,-0.0658,-0.3610,1.0025,43.457,19.752,-43.169
7174312,1882,1909,2012,-0.0664,-0.3624,1.0066,39.135,18.599,-42.871
7174322,1927,1910,1972,-0.0675,-0.3611,1.0042,35.463,17.663,-42.132
7174332,1855,1950,1864,-0.0670,-0.3637,1.0035,31.834,16.636,-41.339
7174342,1796,1900,1866,-0.0681,-0.3609,1.0028,28.359,15.477,-40.671
7174352,1946,1885,1882,-0.0699,-0.3525,0.9899,25.820,14.628,-40.157
7174362,1794,1877,2097,-0.0733,-0.3417,0.9807,23.673,13.585,-40.097
7174372,1809,1881,2003,-0.0762,-0.3294,0.9731,22.132,12.221,-40.659
7174382,1802,1919,1901,-0.0775,-0.3210,0.9636,21.274,10.727,-41.848
7174392,1796,1917,1866,-0.0775,-0.3158,0.9598,20.874,8.965,-43.515
7174402,1819,1957,1971,-0.0776,-0.3120,0.9529,21.114,7.237,-45.375
7174412,1913,1878,1869,-0.0768,-0.3111,0.9455,21.591,5.338,-47.149
7174422,1845,1906,1884,-0.0756,-0.3101,0.9416,22.046,3.317,-48.771
7174432,1794,1886,2199,-0.0726,-0.3083,0.9401,22.575,1.203,-50.232
7174442,1829,1891,1872,-0.0708,-0.3022,0.9360,23.079,-0.980,-51.572
7174452,1800,1900,1987,-0.0671,-0.2955,0.9377,23.822,-3.431,-52.783
7174462,1888,1880,1902,-0.0623,-0.2872,0.9456,24.426,-6.236,-53.901
7174472,2180,1899,1943,-0.0550,-0.2837,0.9518,24.801,-9.063,-54.944
7174482,1799,1894,1879,-0.0444,-0.2841,0.9595,24.654,-11.818,-55.877
7174492,1809,1925,1941,-0.0311,-0.2859,0.9712,23.933,-14.517,-56.561
7174502,1823,1900,1922,-0.0203,-0.2841,0.9808,22.706,-16.888,-56.912
7174512,1797,1911,1865,-0.0084,-0.2790,0.9884,21.012,-18.946,-56.911
7174522,1799,1877,2189,0.0001,-0.2775,0.9970,18.697,-20.836,-56.649
7174532,1807,1898,1898,0.0025,-0.2834,1.0125,15.478,-22.539,-55.771
7174542,1802,1907,1984,0.0209,-0.2782,1.0288,11.440,-23.566,-53.145
7174552,1834,1983,1871,0.0329,-0.2871,1.0387,7.197,-24.566,-51.634
7174562,1861,1887,1977,0.0456,-0.2993,1.0527,2.490,-25.916,-51.877
7174572,1834,2137,1938,0.0574,-0.3111,1.0571,-1.447,-27.023,-52.295
7174582,1862,1885,1875,0.0680,-0.3146,1.0592,-4.615,-27.685,-52.480
7174592,1879,1939,1870,0.0774,-0.3194,1.0584,-6.665,-28.144,-52.499
7174602,1821,1882,1881,0.0872,-0.3235,1.0686,-7.817,-28.547,-52.483
7174612,1828,1938,1870,0.0962,-0.3234,1.0735,-8.327,-28.846,-52.383
7174622,1897,1909,1867,0.1076,-0.3297,1.0735,-8.385,-28.883,-52.374
7174632,1878,1953,1880,0.1188,-0.3349,1.0787,-8.724,-29.123,-52.464
7174642,1854,1892,1972,0.1310,-0.3439,1.0814,-8.925,-29.230,-52.423
7174652,1819,1968,1926,0.1428,-0.3485,1.0852,-9.927,-29.512,-51.867
7174662,1859,1907,1881,0.1555,-0.3561,1.0889,-11.121,-29.716,-51.145
7174672,1880,1898,1871,0.1687,-0.3674,1.0945,-12.694,-29.919,-50.359
7174682,1841,1935,1866,0.1806,-0.3767,1.1004,-14.185,-29.955,-49.408
7174692,1811,1938,1865,0.1903,-0.3849,1.1029,-15.509,-29.702,-48.271
7174702,1808,1915,1868,0.1988,-0.3928,1.1070,-16.742,-29.421,-46.997
7174712,1889,1882,1870,0.2077,-0.4014,1.1068,-17.689,-28.965,-45.619
7174722,1825,1881,1887,0.2163,-0.4092,1.1073,-18.234,-28.387,-44.114
7174732,2044,1930,1883,0.2243,-0.4164,1.1098,-18.193,-27.767,-42.505
7174742,1804,1880,1867,0.2314,-0.4249,1.1110,-17.566,-26.948,-40.900
7174752,2066,1944,1901,0.2376,-0.4294,1.1139,-16.450,-25.965,-39.328
7174762,1822,1883,1881,0.2424,-0.4291,1.1122,-14.721,-24.763,-37.835
7174772,1842,1921,1866,0.2463,-0.4288,1.1073,-12.290,-23.388,-36.494
7174782,1860,1902,1879,0.2498,-0.4269,1.1088,-9.271,-22.092,-35.291
7174792,1890,1934,1868,0.2522,-0.4204,1.1127,-5.862,-20.916,-34.155
7174802,1859,1901,1879,0.2542,-0.4136,1.1120,-2.391,-19.764,-33.126
7174812,1795,1930,1866,0.2569,-0.4087,1.1133,0.884,-18.707,-32.250
7174822,1805,1887,1871,0.2582,-0.4006,1.1135,3.686,-17.791,-31.421
7174832,1911,1968,1903,0.2608,-0.3910,1.1130,6.011,-16.903,-30.646
7174842,1899,1879,1891,0.2611,-0.3802,1.1109,7.736,-16.052,-29.948
7174852,1869,1885,1872,0.2609,-0.3670,1.1067,9.178,-15.172,-29.296
7174862,1922,1877,1889,0.2615,-0.3547,1.1034,10.267,-14.421,-28.719
7174872,1803,1939,1870,0.2614,-0.3433,1.0987,10.845,-13.874,-28.264
7174882,1797,1881,1903,0.2661,-0.3342,1.0905,11.090,-13.430,-27.914
7174892,1819,1941,1883,0.2754,-0.3278,1.0931,10.730,-13.365,-27.575
7174902,1854,1887,1876,0.2961,-0.3020,1.1537,10.201,-13.588,-26.506
7174912,1802,1939,1872,0.3117,-0.3296,1.1884,9.481,-13.908,-25.783
7174922,1810,1884,1892,0.3168,-0.3587,1.1941,10.412,-12.793,-25.645
7174932,1820,1914,1869,0.3198,-0.3717,1.2019,10.529,-11.843,-24.534
7174942,1877,1881,1892,0.3183,-0.3748,1.1872,8.625,-10.639,-22.811
7174952,1828,1924,1875,0.3142,-0.3736,1.1657,5.455,-9.363,-20.862
7174962,1797,1888,1881,0.3050,-0.3731,1.1398,1.660,-8.335,-18.847
7174972,1835,1927,1870,0.2960,-0.3693,1.1069,-0.954,-7.480,-16.780
7174982,1806,1889,1867,0.2921,-0.3679,1.0903,-2.411,-7.353,-14.807
7174992,1859,1929,1881,0.2914,-0.3710,1.0781,-2.401,-7.558,-13.079
7175002,1833,1889,1937,0.2937,-0.3745,1.0629,-0.500,-7.349,-11.647
7175012,1822,1969,1873,0.3004,-0.3711,1.0551,2.578,-7.228,-10.453
7175022,1874,1928,1980,0.3029,-0.3560,1.0474,6.248,-7.248,-9.569
7175032,1949,1938,1898,0.2971,-0.3447,1.0505,9.529,-7.398,-9.241
7175042,1797,1887,1869,0.2951,-0.3283,1.0505,11.778,-7.501,-9.379
7175052,1834,1882,1869,0.2918,-0.3094,1.0500,14.249,-7.405,-9.739
7175062,1876,1895,1891,0.2865,-0.2983,1.0568,15.974,-7.468,-10.376
7175072,1801,1911,1983,0.2817,-0.2875,1.0644,17.070,-7.527,-11.142
7175082,1797,1880,1887,0.2755,-0.2798,1.0697,17.332,-7.192,-11.883
7175092,1810,1923,1869,0.2730,-0.2711,1.0706,17.173,-6.759,-12.425
7175102,1801,1881,1868,0.2697,-0.2664,1.0760,17.033,-6.216,-12.798
7175112,1843,1954,1870,0.2697,-0.2658,1.0746,16.766,-5.653,-13.091
7175122,1805,1896,1912,0.2740,-0.2617,1.0715,16.641,-5.078,-13.274
7175132,1803,1892,1870,0.2751,-0.2619,1.0741,16.567,-4.633,-13.505
7175142,1830,1877,1888,0.2787,-0.2595,1.0742,16.419,-4.211,-13.785
7175152,1907,1962,1979,0.2825,-0.2563,1.0727,16.469,-3.648,-14.076
7175162,1799,1880,1870,0.2916,-0.2516,1.0788,16.115,-3.292,-14.468
7175172,1830,1944,1868,0.2979,-0.2495,1.0839,15.614,-3.067,-14.946
7175182,1811,1905,1868,0.3019,-0.2546,1.0875,14.681,-2.751,-15.453
7175192,1838,1948,1870,0.3004,-0.2609,1.0922,13.813,-2.215,-15.664
7175202,1837,1880,1875,0.2996,-0.2582,1.0847,12.844,-1.410,-15.452
7175212,1824,1925,1869,0.3001,-0.2523,1.0829,12.163,-0.850,-14.905
7175222,1810,1877,1875,0.3012,-0.2475,1.0821,11.456,-0.586,-14.306
7175232,1836,1907,1872,0.3038,-0.2415,1.0773,11.242,-0.291,-13.756
7175242,1802,1877,1882,0.3040,-0.2334,1.0763,10.946,-0.141,-13.355
7175252,1834,1953,1912,0.3007,-0.2303,1.0854,10.273,-0.241,-13.154
7175262,1797,1886,1881,0.2997,-0.2332,1.0855,9.116,-0.061,-13.013
7175272,1814,1964,1890,0.3038,-0.2295,1.0787,8.324,0.231,-12.530
7175282,2020,1936,1873,0.3044,-0.2288,1.0865,7.662,0.199,-11.856
7175292,1845,1936,1873,0.3036,-0.2295,1.0898,6.692,0.187,-11.184
7175302,1810,1902,1874,0.3013,-0.2273,1.0837,6.051,0.665,-10.530
7175312,1836,1918,1949,0.3022,-0.2224,1.0802,5.167,0.888,-9.980
7175322,1820,1898,1929,0.3024,-0.2182,1.0790,4.369,0.935,-9.624
7175332,1839,1928,1872,0.3028,-0.2192,1.0760,3.507,1.085,-9.473
7175342,1953,1913,1874,0.3043,-0.2164,1.0740,2.718,1.247,-9.365
7175352,1830,1934,1879,0.3002,-0.2175,1.0805,1.926,1.305,-9.257
7175362,1819,1879,1870,0.2984,-0.2251,1.0851,0.687,1.340,-9.272
7175372,1842,1947,1874,0.2988,-0.2254,1.0806,-0.280,1.612,-9.187
7175382,1804,1913,1870,0.2968,-0.2274,1.0836,-1.147,1.681,-9.008
7175392,1851,1933,1922,0.2977,-0.2273,1.0866,-1.909,1.490,-8.925
7175402,1801,1881,1898,0.2954,-0.2310,1.0849,-2.058,1.496,-8.985
7175412,1900,1907,1884,0.2954,-0.2326,1.0871,-2.380,1.335,-9.061
7175422,1803,1891,1870,0.2957,-0.2309,1.0862,-2.321,1.248,-8.931
7175432,1894,1958,1889,0.2939,-0.2294,1.0865,-2.322,1.256,-8.569
7175442,1805,1884,1867,0.2954,-0.2276,1.0857,-2.426,1.368,-7.883
7175452,1805,1928,1871,0.2946,-0.2248,1.0819,-2.529,1.533,-7.280
7175462,1953,1881,1869,0.2952,-0.2258,1.0869,-2.592,1.375,-6.818
7175472,1828,1936,1879,0.2954,-0.2294,1.0859,-2.809,1.314,-6.444
7175482,1798,1880,1905,0.2953,-0.2281,1.0825,-2.716,1.344,-5.908
7175492,1909,1911,1894,0.2954,-0.2277,1.0840,-2.679,1.190,-5.335
7175502,1817,1888,1871,0.2956,-0.2275,1.0837,-2.526,0.995,-4.841
7175512,1812,1905,1871,0.2941,-0.2273,1.0842,-2.371,0.824,-4.412
7175522,1807,1887,1888,0.2927,-0.2294,1.0842,-2.418,0.595,-4.009
7175532,1827,1906,1906,0.2932,-0.2282,1.0834,-2.231,0.396,-3.528
7175542,1804,1879,1874,0.2938,-0.2275,1.0855,-1.938,0.108,-2.956
7175552,1839,1940,1917,0.2942,-0.2279,1.0853,-1.753,-0.225,-2.417
7175562,1810,1895,1869,0.2946,-0.2268,1.0822,-1.508,-0.422,-1.946
7175572,1843,1900,1921,0.2950,-0.2246,1.0803,-1.400,-0.650,-1.558
7175582,1932,1885,1874,0.2949,-0.2218,1.0806,-1.368,-0.872,-1.248
7175592,1805,1941,1901,0.2947,-0.2206,1.0793,-1.385,-0.981,-1.012
7175602,1807,1876,1869,0.2952,-0.2214,1.0820,-1.516,-1.122,-0.874
7175612,1807,1908,1870,0.2964,-0.2220,1.0824,-1.809,-1.262,-0.820
7175622,1801,1891,1872,0.2978,-0.2226,1.0790,-2.123,-1.296,-0.844
7175632,1837,1969,1886,0.2980,-0.2259,1.0773,-2.435,-1.386,-0.980
7175642,1809,1900,1903,0.2968,-0.2286,1.0770,-2.745,-1.492,-1.204
7175652,1826,1938,1920,0.2958,-0.2311,1.0755,-2.844,-1.439,-1.414
7175662,1812,1881,1896,0.2968,-0.2323,1.0762,-2.756,-1.380,-1.532
7175672,1844,1919,1873,0.2978,-0.2319,1.0775,-2.463,-1.350,-1.553
7175682,1808,1889,1882,0.2981,-0.2335,1.0778,-2.135,-1.240,-1.573
7175692,1813,1897,1916,0.2994,-0.2324,1.0740,-1.821,-1.070,-1.613
7175702,1807,1887,1872,0.3010,-0.2296,1.0751,-1.479,-0.925,-1.687
7175712,1960,1935,1917,0.3000,-0.2292,1.0761,-1.211,-0.809,-1.832
7175722,1801,1906,1887,0.2995,-0.2289,1.0771,-1.168,-0.689,-1.962
7175732,1981,1909,1966,0.2990,-0.2277,1.0761,-1.155,-0.496,-1.993
7175742,1808,1883,1874,0.2991,-0.2277,1.0768,-1.168,-0.354,-1.942
7175752,1823,1901,1874,0.2989,-0.2271,1.0786,-1.388,-0.266,-1.865
7175762,1806,1904,1873,0.2990,-0.2273,1.0785,-1.607,-0.171,-1.799
7175772,1848,1932,1879,0.2984,-0.2279,1.0789,-1.777,-0.095,-1.774
7175782,1801,1877,1886,0.2981,-0.2309,1.0795,-1.962,-0.062,-1.787
7175792,1805,1899,1872,0.2969,-0.2326,1.0773,-2.024,0.090,-1.774
7175802,1799,1877,1873,0.2964,-0.2321,1.0772,-1.835,0.237,-1.673
7175812,1837,1916,1903,0.2970,-0.2314,1.0774,-1.652,0.277,-1.560
7175822,1803,1877,1871,0.2977,-0.2315,1.0759,-1.463,0.294,-1.469
7175832,1812,1902,1875,0.2979,-0.2310,1.0767,-1.325,0.271,-1.404
7175842,1808,1880,1872,0.2984,-0.2305,1.0779,-1.328,0.173,-1.436
7175852,1847,1933,1887,0.2966,-0.2300,1.0790,-1.568,0.094,-1.552
7175862,1828,1882,1877,0.2948,-0.2308,1.0793,-1.898,0.036,-1.681
7175872,1805,1928,1878,0.2937,-0.2322,1.0796,-2.156,0.057,-1.736
7175882,1803,1877,1902,0.2941,-0.2338,1.0790,-2.163,0.051,-1.639
7175892,1807,1927,1877,0.2943,-0.2346,1.0796,-2.043,0.007,-1.476
7175902,1884,1879,1872,0.2949,-0.2361,1.0791,-1.891,-0.012,-1.328
7175912,1817,1955,1937,0.2950,-0.2362,1.0785,-1.763,-0.034,-1.242
7175922,1830,1915,1921,0.2956,-0.2347,1.0790,-1.661,-0.094,-1.232
7175932,1812,1903,1881,0.2937,-0.2369,1.0814,-1.716,-0.219,-1.323
7175942,1807,1878,1872,0.2931,-0.2366,1.0796,-1.917,-0.282,-1.396
7175952,1859,1917,1899,0.2920,-0.2351,1.0803,-1.757,-0.401,-1.333
7175962,1810,1879,1873,0.2922,-0.2357,1.0793,-1.681,-0.654,-1.224
7175972,1854,1967,1908,0.2926,-0.2345,1.0795,-1.503,-0.911,-1.103
7175982,1810,1881,1929,0.2933,-0.2348,1.0803,-1.525,-1.224,-1.044
7175992,1807,1910,1882,0.2943,-0.2356,1.0799,-1.631,-1.512,-0.980
7176002,1801,1898,1883,0.2946,-0.2362,1.0793,-1.578,-1.650,-0.859
7176012,1827,1912,1876,0.2951,-0.2354,1.0792,-1.524,-1.773,-0.699
7176022,1888,1880,1872,0.2953,-0.2355,1.0771,-1.400,-1.791,-0.558
7176032,1818,1912,1905,0.2957,-0.2349,1.0765,-1.284,-1.789,-0.445
7176042,1824,1901,1871,0.2960,-0.2347,1.0767,-1.197,-1.813,-0.376
7176052,1836,1880,1906,0.2975,-0.2351,1.0755,-1.119,-1.796,-0.324
7176062,1807,1890,1870,0.2974,-0.2352,1.0765,-1.059,-1.760,-0.271
7176072,1817,1935,1878,0.2970,-0.2359,1.0752,-1.013,-1.683,-0.197
7176082,1804,1887,1924,0.2975,-0.2348,1.0758,-0.872,-1.556,-0.086
7176092,1838,1940,1872,0.2978,-0.2340,1.0769,-0.801,-1.487,0.038
7176102,1805,1890,1891,0.2979,-0.2323,1.0757,-0.765,-1.377,0.150
7176112,1826,1918,1883,0.2973,-0.2324,1.0757,-0.783,-1.240,0.213
7176122,1804,1918,1871,0.2968,-0.2330,1.0759,-0.914,-1.166,0.251
7176132,1843,1925,1919,0.2974,-0.2337,1.0738,-1.039,-1.033,0.271
7176142,1808,1887,1871,0.2972,-0.2339,1.0740,-1.153,-0.914,0.310
7176152,1819,1922,1871,0.2971,-0.2353,1.0738,-1.292,-0.818,0.320
7176162,1804,1887,1876,0.2971,-0.2367,1.0734,-1.415,-0.715,0.312
7176172,1810,1889,1886,0.2969,-0.2374,1.0738,-1.525,-0.640,0.283
7176182,1806,1900,1904,0.2970,-0.2374,1.0749,-1.532,-0.593,0.207
7176192,1820,1956,1955,0.2968,-0.2376,1.0744,-1.577,-0.541,0.135
7176202,1832,1880,1966,0.2975,-0.2388,1.0757,-1.453,-0.487,0.071
7176212,1856,1942,1882,0.2964,-0.2398,1.0752,-1.289,-0.374,0.033
7176222,1804,1905,1877,0.2954,-0.2398,1.0761,-1.070,-0.337,0.035
7176232,1858,1998,1871,0.2954,-0.2396,1.0762,-0.983,-0.353,0.024
7176242,1805,1932,1870,0.2948,-0.2383,1.0766,-0.886,-0.335,-0.004
7176252,1817,1926,1904,0.2942,-0.2370,1.0787,-0.852,-0.370,-0.029
7176262,1805,1886,1894,0.2936,-0.2359,1.0761,-0.826,-0.377,-0.029
7176272,1857,1937,1873,0.2941,-0.2353,1.0751,-0.818,-0.392,0.028
7176282,1806,1889,1874,0.2941,-0.2353,1.0767,-1.008,-0.512,0.093
7176292,1844,1931,1910,0.2948,-0.2367,1.0760,-1.184,-0.560,0.142
7176302,1816,1884,1871,0.2950,-0.2363,1.0756,-1.342,-0.553,0.208
7176312,1851,1943,1887,0.2946,-0.2360,1.0766,-1.460,-0.541,0.259
7176322,1810,1880,1889,0.2938,-0.2364,1.0761,-1.583,-0.512,0.272
7176332,1824,1903,1871,0.2944,-0.2371,1.0742,-1.581,-0.450,0.281
7176342,1807,1910,1871,0.2942,-0.2377,1.0751,-1.586,-0.404,0.292
7176352,1812,1923,1884,0.2936,-0.2379,1.0759,-1.590,-0.385,0.296
7176362,1810,1880,1879,0.2935,-0.2380,1.0760,-1.693,-0.392,0.281
7176372,1808,1918,1876,0.2939,-0.2389,1.0774,-1.792,-0.437,0.288
7176382,1817,1887,1876,0.2944,-0.2400,1.0767,-1.877,-0.419,0.326
7176392,1862,1936,1918,0.2947,-0.2408,1.0752,-1.957,-0.443,0.350
7176402,1808,1881,1872,0.2940,-0.2421,1.0755,-2.113,-0.522,0.322
7176412,1808,1906,1870,0.2942,-0.2438,1.0768,-2.169,-0.608,0.256
7176422,1805,1889,1883,0.2940,-0.2446,1.0770,-2.133,-0.643,0.207
7176432,1873,1952,1876,0.2937,-0.2451,1.0761,-1.974,-0.661,0.191
7176442,1804,1881,1871,0.2941,-0.2453,1.0757,-1.812,-0.705,0.162
7176452,1830,1919,1871,0.2941,-0.2444,1.0763,-1.627,-0.770,0.131
7176462,1807,1882,1891,0.2939,-0.2445,1.0763,-1.483,-0.854,0.100
7176472,1866,1900,1886,0.2942,-0.2439,1.0767,-1.375,-0.936,0.093
7176482,1805,1903,1879,0.2949,-0.2422,1.0746,-1.284,-0.962,0.129
7176492,1807,1879,1872,0.2949,-0.2420,1.0751,-1.345,-1.093,0.173
7176502,1806,1903,1871,0.2953,-0.2426,1.0760,-1.506,-1.223,0.227
7176512,1807,1903,1890,0.2955,-0.2428,1.0751,-1.651,-1.273,0.263
7176522,1806,1891,1936,0.2961,-0.2432,1.0746,-1.805,-1.364,0.308
7176532,1830,1954,1899,0.2964,-0.2440,1.0746,-1.946,-1.433,0.353
7176542,1807,1893,1882,0.2962,-0.2454,1.0753,-2.043,-1.453,0.426
7176552,1808,1918,1878,0.2961,-0.2465,1.0745,-2.139,-1.428,0.474
7176562,1813,1888,1879,0.2963,-0.2481,1.0756,-2.205,-1.438,0.478
7176572,1886,1958,1871,0.2966,-0.2502,1.0755,-2.189,-1.429,0.436
7176582,1844,1940,1894,0.2960,-0.2508,1.0748,-1.979,-1.367,0.419
7176592,1817,1898,1871,0.2952,-0.2502,1.0743,-1.697,-1.284,0.419
7176602,1807,1888,1878,0.2940,-0.2487,1.0741,-1.360,-1.143,0.453
7176612,1855,1961,1872,0.2937,-0.2474,1.0747,-1.136,-1.073,0.458
7176622,1823,1919,1877,0.2936,-0.2471,1.0757,-1.109,-1.064,0.423
7176632,1822,1924,1873,0.2945,-0.2471,1.0739,-1.093,-1.000,0.384
7176642,1807,1895,1875,0.2938,-0.2468,1.0741,-1.112,-0.989,0.381
7176652,1841,1939,1872,0.2940,-0.2468,1.0736,-1.146,-1.000,0.363
7176662,1810,1895,1880,0.2942,-0.2476,1.0743,-1.157,-1.004,0.370
7176672,1819,1929,1998,0.2944,-0.2481,1.0740,-1.174,-0.995,0.398
7176682,1806,1920,1931,0.2941,-0.2477,1.0728,-1.137,-0.938,0.418
7176692,1988,1971,1887,0.2937,-0.2478,1.0731,-1.107,-0.913,0.432
7176702,1806,1893,1940,0.2933,-0.2482,1.0735,-1.152,-0.919,0.408
7176712,1838,1931,1874,0.2932,-0.2485,1.0735,-1.191,-0.872,0.381
7176722,1837,1878,1910,0.2927,-0.2495,1.0727,-1.247,-0.815,0.339
7176732,1808,1883,1901,0.2933,-0.2514,1.0743,-1.286,-0.798,0.269
7176742,1807,1889,1873,0.2942,-0.2527,1.0747,-1.279,-0.806,0.205
7176752,1807,1908,1873,0.2936,-0.2530,1.0744,-1.149,-0.763,0.182
7176762,1805,1907,1881,0.2933,-0.2530,1.0733,-0.935,-0.699,0.198
7176772,1807,1902,1880,0.2931,-0.2524,1.0720,-0.701,-0.644,0.224
7176782,1912,1886,1894,0.2931,-0.2511,1.0723,-0.539,-0.646,0.228
7176792,1851,1951,1871,0.2938,-0.2501,1.0736,-0.499,-0.657,0.210
7176802,1806,1921,1881,0.2933,-0.2493,1.0726,-0.449,-0.618,0.217
7176812,1807,1906,1882,0.2929,-0.2487,1.0726,-0.474,-0.627,0.222
7176822,1808,1900,1890,0.2935,-0.2486,1.0721,-0.450,-0.617,0.242
7176832,1807,1906,1887,0.2930,-0.2483,1.0726,-0.422,-0.582,0.281
7176842,1808,1905,1906,0.2943,-0.2493,1.0718,-0.492,-0.604,0.314
7176852,1821,1942,1871,0.2936,-0.2488,1.0713,-0.546,-0.622,0.368
7176862,1807,1888,1886,0.2926,-0.2487,1.0706,-0.596,-0.616,0.433
7176872,1844,1954,1875,0.2926,-0.2500,1.0711,-0.655,-0.627,0.453
7176882,1810,1888,1901,0.2924,-0.2522,1.0726,-0.740,-0.641,0.456
7176892,1827,1937,1886,0.2925,-0.2534,1.0727,-0.768,-0.626,0.487
7176902,1817,1914,1880,0.2920,-0.2511,1.0725,-0.704,-0.604,0.562
7176912,1828,1931,1899,0.2912,-0.2518,1.0726,-0.612,-0.548,0.562
7176922,1808,1889,1926,0.2919,-0.2530,1.0739,-0.539,-0.557,0.520
7176932,1811,1925,1878,0.2911,-0.2526,1.0738,-0.518,-0.595,0.496
7176942,1813,1881,1981,0.2907,-0.2524,1.0728,-0.445,-0.596,0.485
7176952,1871,1888,1889,0.2913,-0.2523,1.0735,-0.427,-0.599,0.443
7176962,1807,1899,1874,0.2918,-0.2525,1.0738,-0.478,-0.646,0.382
7176972,1811,1920,1872,0.2913,-0.2526,1.0735,-0.521,-0.649,0.328
7176982,1807,1890,1880,0.2913,-0.2526,1.0723,-0.532,-0.634,0.286
7176992,1830,1932,1891,0.2912,-0.2524,1.0715,-0.509,-0.651,0.264
7177002,1827,1882,1920,0.2910,-0.2519,1.0723,-0.426,-0.657,0.263
7177012,1808,1917,1870,0.2906,-0.2515,1.0730,-0.331,-0.661,0.268
7177022,1829,1964,1887,0.2908,-0.2518,1.0740,-0.323,-0.673,0.279
7177032,1808,1879,1872,0.2903,-0.2516,1.0734,-0.278,-0.637,0.289
7177042,1838,1879,1904,0.2898,-0.2516,1.0735,-0.226,-0.601,0.303
7177052,1810,1901,1966,0.2894,-0.2512,1.0735,-0.215,-0.628,0.318
7177062,1808,1908,1889,0.2890,-0.2507,1.0733,-0.200,-0.621,0.334
7177072,1826,1915,1892,0.2887,-0.2504,1.0738,-0.229,-0.605,0.359
7177082,1810,1893,1872,0.2887,-0.2501,1.0743,-0.300,-0.621,0.383
7177092,1827,1924,1878,0.2890,-0.2507,1.0731,-0.448,-0.641,0.395
7177102,1808,1903,1909,0.2889,-0.2519,1.0748,-0.601,-0.655,0.405
7177112,1863,1923,1889,0.2889,-0.2520,1.0743,-0.715,-0.656,0.400
7177122,1817,1924,1912,0.2895,-0.2540,1.0743,-0.725,-0.644,0.381
7177132,1840,1919,1872,0.2897,-0.2537,1.0751,-0.709,-0.655,0.372
7177142,1808,1904,1912,0.2898,-0.2530,1.0741,-0.626,-0.642,0.379
7177152,1836,1915,1873,0.2898,-0.2521,1.0734,-0.518,-0.614,0.394
7177162,1849,1879,1924,0.2894,-0.2522,1.0732,-0.435,-0.638,0.404
7177172,1824,1921,1901,0.2893,-0.2515,1.0724,-0.387,-0.627,0.410
7177182,1812,1885,1881,0.2889,-0.2511,1.0732,-0.388,-0.652,0.418
7177192,1820,1887,1872,0.2895,-0.2521,1.0747,-0.497,-0.720,0.396
7177202,1819,1923,1948,0.2890,-0.2528,1.0739,-0.599,-0.751,0.372
7177212,1884,1892,1874,0.2890,-0.2527,1.0742,-0.680,-0.781,0.383
7177222,1809,1898,1907,0.2886,-0.2537,1.0762,-0.752,-0.853,0.398
7177232,1815,1937,1889,0.2889,-0.2540,1.0756,-0.817,-0.916,0.407
7177242,1826,1880,1872,0.2886,-0.2539,1.0747,-0.816,-0.937,0.402
7177252,1831,1935,1872,0.2888,-0.2550,1.0756,-0.781,-0.982,0.370
7177262,1808,1899,1873,0.2887,-0.2567,1.0755,-0.756,-1.034,0.321
7177272,1813,1881,1913,0.2888,-0.2571,1.0741,-0.661,-1.018,0.286
7177282,1810,1883,1873,0.2890,-0.2560,1.0739,-0.496,-0.988,0.259
7177292,1835,1941,1898,0.2883,-0.2546,1.0745,-0.335,-0.987,0.242
7177302,1846,1898,1884,0.2890,-0.2547,1.0747,-0.201,-0.962,0.226
7177312,1836,1918,1874,0.2886,-0.2535,1.0746,-0.143,-0.931,0.226
7177322,1813,1890,1883,0.2883,-0.2537,1.0761,-0.189,-0.962,0.206
7177332,1845,1931,1881,0.2883,-0.2546,1.0759,-0.269,-0.982,0.157
7177342,1813,1893,1877,0.2884,-0.2549,1.0753,-0.265,-0.947,0.125
7177352,2064,1925,1889,0.2878,-0.2556,1.0761,-0.216,-0.955,0.099
7177362,1809,1907,1874,0.2887,-0.2558,1.0749,-0.123,-0.952,0.081
7177372,1810,1902,1872,0.2895,-0.2551,1.0748,0.040,-0.910,0.080
7177382,1832,1891,1872,0.2887,-0.2550,1.0746,0.147,-0.899,0.074
7177392,1854,1928,1888,0.2894,-0.2538,1.0739,0.256,-0.841,0.070
7177402,1874,1909,1883,0.2880,-0.2537,1.0738,0.310,-0.793,0.065
7177412,1827,1906,1872,0.2884,-0.2537,1.0748,0.229,-0.783,0.063
7177422,1811,1908,1873,0.2892,-0.2536,1.0727,0.178,-0.782,0.066
7177432,1837,1904,1876,0.2893,-0.2535,1.0724,0.161,-0.763,0.086
7177442,1813,1884,1873,0.2900,-0.2518,1.0721,0.154,-0.755,0.125
7177452,1816,1912,1872,0.2905,-0.2512,1.0727,0.123,-0.730,0.167
7177462,1809,1914,1881,0.2895,-0.2511,1.0733,-0.000,-0.715,0.200
7177472,1882,1923,1918,0.2895,-0.2515,1.0734,-0.169,-0.689,0.222
7177482,1825,1890,1941,0.2894,-0.2518,1.0730,-0.316,-0.655,0.237
7177492,1866,1933,1875,0.2899,-0.2527,1.0731,-0.397,-0.612,0.254
7177502,1837,1880,1894,0.2900,-0.2537,1.0734,-0.442,-0.581,0.278
7177512,1831,1916,1875,0.2889,-0.2544,1.0746,-0.527,-0.603,0.297
