401607,1815,1806,1999,0.1412,0.1782,1.1267,5.471,-6.397,-2.405
401617,1849,1776,1979,0.1414,0.1762,1.1265,5.138,-6.397,-2.405
401627,1822,1809,1998,0.1409,0.1757,1.1238,4.952,-6.363,-2.398
401637,1851,1763,1893,0.1418,0.1744,1.1230,4.935,-6.376,-2.373
401647,1836,1785,1790,0.1429,0.1739,1.1225,5.073,-6.479,-2.397
401657,1855,1772,1909,0.1427,0.1740,1.1230,5.442,-6.531,-2.444
401667,1819,1809,2040,0.1430,0.1757,1.1222,5.911,-6.540,-2.426
401677,1849,1776,1951,0.1421,0.1772,1.1229,6.323,-6.575,-2.418
401687,1823,1805,2017,0.1422,0.1792,1.1244,6.580,-6.656,-2.412
401697,1841,1779,1955,0.1419,0.1813,1.1243,6.651,-6.707,-2.396
401707,1819,1811,2008,0.1415,0.1828,1.1242,6.516,-6.783,-2.390
401717,1856,1774,1933,0.1416,0.1826,1.1253,6.238,-6.853,-2.420
401727,1818,1802,1978,0.1424,0.1823,1.1239,5.926,-6.858,-2.442
401737,1844,1777,1988,0.1425,0.1816,1.1245,5.621,-6.885,-2.443
401747,1833,1804,1950,0.1427,0.1798,1.1242,5.385,-6.918,-2.485
401757,1840,1776,1950,0.1436,0.1785,1.1249,5.241,-6.895,-2.464
401767,1815,1803,1930,0.1436,0.1778,1.1259,5.171,-6.859,-2.410
401777,1856,1765,1931,0.1436,0.1771,1.1255,5.167,-6.810,-2.400
401787,1825,1810,1990,0.1432,0.1770,1.1251,5.176,-6.744,-2.388
401797,1845,1774,1917,0.1424,0.1770,1.1249,5.176,-6.645,-2.401
401807,1828,1805,1983,0.1423,0.1767,1.1247,5.179,-6.584,-2.391
401817,1848,1772,1929,0.1431,0.1765,1.1243,5.168,-6.530,-2.398
401827,1815,1808,1986,0.1429,0.1756,1.1237,5.216,-6.431,-2.398
401837,1853,1781,1931,0.1435,0.1761,1.1231,5.339,-6.334,-2.392
401847,1820,1810,1980,0.1440,0.1765,1.1239,5.503,-6.298,-2.442
401857,1848,1776,1928,0.1435,0.1763,1.1238,5.678,-6.282,-2.506
401867,1827,1808,1983,0.1439,0.1783,1.1226,5.855,-6.177,-2.472
401877,1854,1777,1937,0.1436,0.1789,1.1226,5.911,-6.052,-2.404
401887,1825,1818,1994,0.1436,0.1792,1.1248,5.853,-5.951,-2.393
401897,1860,1778,1923,0.1435,0.1787,1.1243,5.750,-5.798,-2.355
401907,1822,1823,1928,0.1441,0.1773,1.1245,5.696,-5.584,-2.377
401917,1856,1781,1903,0.1451,0.1762,1.1260,5.686,-5.359,-2.397
401927,1838,1820,1985,0.1443,0.1752,1.1263,5.766,-5.103,-2.409
401937,1855,1777,1915,0.1444,0.1743,1.1272,5.935,-4.825,-2.377
401947,1828,1818,1988,0.1450,0.1744,1.1283,6.158,-4.561,-2.286
401957,1858,1787,1917,0.1457,0.1751,1.1286,6.440,-4.285,-2.233
401967,1831,1820,1984,0.1447,0.1753,1.1291,6.745,-3.963,-2.256
401977,1857,1779,1912,0.1430,0.1764,1.1281,7.093,-3.613,-2.267
401987,1833,1819,1988,0.1413,0.1777,1.1277,7.382,-3.331,-2.280
401997,1860,1782,1916,0.1405,0.1777,1.1289,7.550,-3.105,-2.336
402007,1830,1805,1963,0.1396,0.1782,1.1282,7.645,-2.907,-2.368
402017,1860,1777,1911,0.1375,0.1791,1.1263,7.746,-2.705,-2.372
402027,1829,1819,1998,0.1364,0.1811,1.1258,7.828,-2.558,-2.353
402037,1863,1781,1908,0.1352,0.1819,1.1254,7.862,-2.462,-2.384
402047,1833,1818,1993,0.1346,0.1826,1.1232,7.921,-2.311,-2.428
402057,1856,1777,1903,0.1343,0.1839,1.1235,7.953,-2.214,-2.435
402067,1834,1805,1987,0.1332,0.1826,1.1240,7.921,-2.201,-2.514
402077,1852,1774,1896,0.1320,0.1834,1.1239,7.888,-2.215,-2.580
402087,1822,1810,1961,0.1327,0.1827,1.1239,7.930,-2.249,-2.616
402097,1849,1787,1911,0.1329,0.1829,1.1235,8.061,-2.254,-2.663
402107,1824,1824,1982,0.1336,0.1825,1.1247,8.268,-2.285,-2.695
402117,1852,1778,1896,0.1316,0.1820,1.1261,8.539,-2.311,-2.784
402127,1817,1816,1979,0.1300,0.1826,1.1258,8.849,-2.307,-2.821
402137,1834,1777,1896,0.1286,0.1830,1.1257,9.095,-2.324,-2.812
402147,1820,1810,1984,0.1274,0.1834,1.1260,9.231,-2.374,-2.838
402157,1848,1777,1899,0.1268,0.1850,1.1252,9.352,-2.430,-2.837
402167,1819,1807,1975,0.1257,0.1856,1.1249,9.497,-2.515,-2.860
402177,1844,1775,1884,0.1254,0.1863,1.1239,9.587,-2.691,-2.832
402187,1816,1808,1963,0.1227,0.1870,1.1207,9.686,-2.843,-2.838
402197,1892,1773,1888,0.1224,0.1899,1.1211,9.759,-3.080,-2.764
402207,1842,1809,1960,0.1223,0.1916,1.1233,9.752,-3.456,-2.736
402217,1927,1777,1889,0.1223,0.1933,1.1228,9.729,-3.717,-2.794
402227,1963,1824,1969,0.1224,0.1941,1.1224,9.637,-3.936,-2.820
402237,2080,1793,1901,0.1208,0.1944,1.1228,9.467,-4.116,-2.922
402247,2230,1803,1936,0.1197,0.1950,1.1204,9.270,-4.169,-2.963
402257,1834,1779,1888,0.1176,0.1947,1.1173,9.121,-4.211,-3.076
402267,1909,1804,1961,0.1155,0.1941,1.1161,9.166,-4.361,-3.264
402277,1804,1783,1895,0.1148,0.1939,1.1131,9.430,-4.578,-3.501
402287,1919,1816,1976,0.1157,0.1954,1.1129,9.878,-4.852,-3.735
402297,1931,1767,1889,0.1166,0.1976,1.1147,10.467,-5.180,-3.871
402307,1797,1869,2012,0.1173,0.2010,1.1187,11.124,-5.511,-3.970
402317,1836,1773,1892,0.1195,0.2027,1.1219,11.662,-5.715,-4.087
402327,1806,1846,2009,0.1195,0.2051,1.1230,12.045,-5.797,-4.298
402337,1879,1784,1912,0.1180,0.2056,1.1191,12.342,-5.713,-4.564
402347,1829,1818,1977,0.1165,0.2086,1.1154,12.574,-5.766,-4.811
402357,2025,1779,1892,0.1184,0.2099,1.1170,12.839,-6.015,-5.133
402367,1918,1818,1985,0.1225,0.2062,1.1226,13.047,-6.243,-5.615
402377,1860,1788,1912,0.1237,0.1983,1.1239,13.275,-6.274,-6.206
402387,1822,1824,1965,0.1238,0.1955,1.1199,13.684,-6.026,-6.273
402397,1835,1775,1855,0.1207,0.1928,1.1150,14.235,-5.762,-6.059
402407,1937,1824,1955,0.1198,0.1941,1.1171,14.842,-5.818,-5.801
402417,1884,1774,1862,0.1197,0.2016,1.1180,15.676,-5.928,-5.390
402427,1860,1784,1951,0.1198,0.2129,1.1186,16.768,-5.920,-4.948
402437,1811,1780,1886,0.1201,0.2251,1.1206,17.734,-5.872,-4.483
402447,1855,1808,1963,0.1197,0.2336,1.1239,18.120,-5.813,-4.056
402457,1872,1778,1878,0.1177,0.2382,1.1251,17.600,-5.776,-3.854
402467,1817,1807,1960,0.1185,0.2421,1.1265,16.257,-5.777,-3.607
402477,1842,1773,1862,0.1191,0.2450,1.1254,14.408,-5.766,-3.336
402487,1818,1809,1937,0.1195,0.2459,1.1228,12.591,-5.647,-3.064
402497,1813,1781,1874,0.1190,0.2454,1.1197,10.992,-5.538,-2.766
402507,1911,1801,1944,0.1184,0.2452,1.1217,9.637,-5.556,-2.448
402517,1825,1783,1901,0.1171,0.2437,1.1224,8.428,-5.575,-2.121
402527,2102,1830,1950,0.1176,0.2427,1.1195,7.319,-5.532,-1.820
402537,1848,1778,1903,0.1166,0.2411,1.1196,6.167,-5.579,-1.486
402547,1807,1807,1949,0.1130,0.2388,1.1170,5.049,-5.624,-1.268
402557,1806,1815,1907,0.1116,0.2347,1.1128,4.051,-5.842,-1.125
402567,1808,1806,1961,0.1116,0.2290,1.1142,3.141,-6.401,-1.045
402577,1911,1771,1928,0.1144,0.2241,1.1172,2.500,-7.075,-0.951
402587,1808,1803,1945,0.1151,0.2206,1.1201,2.237,-7.560,-0.815
402597,1979,1805,1922,0.1157,0.2172,1.1200,2.389,-7.888,-0.649
402607,1810,1798,1921,0.1183,0.2123,1.1237,3.059,-8.195,-0.354
402617,1902,1792,1939,0.1252,0.2083,1.1286,3.662,-8.399,0.136
402627,1907,1884,1976,0.1319,0.2050,1.1313,4.155,-8.379,0.735
402637,2078,1848,1928,0.1373,0.2045,1.1309,4.587,-8.081,1.273
402647,1798,1840,1933,0.1395,0.2055,1.1292,4.993,-7.612,1.750
402657,1829,1793,1913,0.1346,0.2064,1.1253,5.446,-7.096,1.991
402667,1894,1840,1934,0.1294,0.2096,1.1234,6.102,-6.763,2.301
402677,1846,1789,1899,0.1261,0.2166,1.1238,6.852,-6.741,2.919
402687,2085,1797,1904,0.1255,0.2277,1.1227,7.458,-6.831,3.748
402697,1878,1814,1883,0.1274,0.2434,1.1242,7.697,-6.985,4.703
402707,1805,1900,1885,0.1287,0.2564,1.1266,7.203,-7.119,5.466
402717,1866,1827,1871,0.1269,0.2653,1.1260,5.805,-7.046,5.693
402727,1868,1875,1859,0.1259,0.2729,1.1207,3.767,-6.648,5.726
402737,1807,1810,1855,0.1238,0.2677,1.1152,0.917,-6.337,5.283
402747,2256,1866,1845,0.1212,0.2599,1.1070,-1.930,-6.076,4.583
402757,2014,1790,1830,0.1204,0.2511,1.1054,-4.320,-5.942,4.102
402767,1863,1827,1822,0.1203,0.2405,1.1052,-6.130,-5.986,3.642
402777,1799,1802,1815,0.1281,0.2255,1.1060,-7.296,-6.158,3.235
402787,1987,1840,1811,0.1324,0.2101,1.1187,-8.089,-6.490,2.947
402797,2212,1793,1810,0.1371,0.1979,1.1221,-8.582,-6.548,2.984
402807,1894,1840,1810,0.1289,0.1969,1.1226,-8.593,-6.112,3.147
402817,2634,1785,1806,0.1281,0.1900,1.1277,-8.568,-6.016,2.952
402827,1982,1845,1834,0.1268,0.1819,1.1219,-7.713,-5.792,2.418
402837,2113,1796,1815,0.1257,0.1796,1.1200,-6.359,-5.583,2.289
402847,1805,1863,1833,0.1266,0.1798,1.1232,-4.959,-5.676,2.353
402857,1887,1775,1815,0.1232,0.1794,1.1223,-3.542,-5.609,2.444
402867,2013,1775,1806,0.1203,0.1824,1.1180,-2.276,-5.448,2.698
402877,1795,1799,1811,0.1209,0.1890,1.1222,-1.488,-5.640,3.156
402887,2048,1868,1846,0.1218,0.1891,1.1254,-1.178,-5.923,3.254
402897,1826,1812,1819,0.1211,0.1927,1.1211,-0.969,-5.924,3.145
402907,1949,1849,1825,0.1240,0.1928,1.1249,-0.879,-5.996,3.218
402917,1945,1831,1799,0.1242,0.1857,1.1247,-0.880,-6.129,2.917
402927,1819,1855,1811,0.1279,0.1879,1.1249,-0.694,-5.967,3.125
402937,1848,1805,1809,0.1288,0.1864,1.1304,-1.026,-5.990,3.482
402947,1835,1806,1833,0.1266,0.1842,1.1300,-1.808,-5.840,3.598
402957,1950,1802,1819,0.1270,0.1822,1.1300,-2.389,-5.573,3.850
402967,1800,1889,1839,0.1283,0.1784,1.1328,-2.479,-5.567,3.949
402977,1804,1786,1809,0.1309,0.1795,1.1281,-2.345,-5.349,4.059
402987,1876,1864,1805,0.1347,0.1750,1.1295,-2.200,-5.136,4.158
402997,1808,1811,1817,0.1320,0.1693,1.1336,-2.064,-5.169,3.939
403007,1865,1863,1809,0.1323,0.1697,1.1358,-1.951,-4.907,4.265
403017,1843,1803,1834,0.1338,0.1666,1.1354,-1.838,-4.697,4.817
403027,1897,1824,1804,0.1391,0.1681,1.1311,-1.660,-4.515,5.649
403037,1996,1778,1821,0.1428,0.1765,1.1363,-1.918,-4.393,6.836
403047,1872,1837,1778,0.1398,0.1735,1.1401,-3.033,-4.347,7.175
403057,1837,1843,1835,0.1365,0.1747,1.1334,-3.512,-3.812,7.317
403067,1876,1865,1791,0.1375,0.1751,1.1345,-4.169,-3.533,7.751
403077,2002,1833,1844,0.1362,0.1731,1.1382,-5.328,-3.615,7.767
403087,1875,1882,1798,0.1340,0.1691,1.1327,-6.532,-3.469,7.811
403097,2011,1836,1875,0.1337,0.1681,1.1362,-7.544,-3.434,8.141
403107,1874,1857,1795,0.1369,0.1686,1.1428,-8.393,-3.664,8.527
403117,1846,1803,1861,0.1362,0.1610,1.1384,-9.523,-3.507,8.618
403127,1862,1862,1801,0.1372,0.1616,1.1388,-10.774,-3.295,8.895
403137,1894,1862,1867,0.1390,0.1580,1.1484,-12.087,-3.393,9.382
403147,1866,1885,1807,0.1376,0.1487,1.1448,-13.344,-3.193,9.262
403157,1857,1852,1870,0.1437,0.1474,1.1469,-14.205,-2.746,9.908
403167,1829,1935,1830,0.1415,0.1365,1.1575,-15.403,-2.805,10.147
403177,1936,1804,1868,0.1425,0.1282,1.1547,-15.969,-2.386,10.441
403187,1848,1953,1838,0.1451,0.1274,1.1563,-16.594,-1.813,11.363
403197,1815,1872,1907,0.1460,0.1216,1.1615,-17.627,-1.523,12.066
403207,1840,1922,1797,0.1478,0.1189,1.1635,-18.577,-1.004,12.779
403217,1824,1856,1906,0.1503,0.1156,1.1648,-19.497,-0.426,13.634
403227,1854,1789,1797,0.1531,0.1074,1.1688,-20.466,0.141,14.392
403237,1849,1782,1878,0.1535,0.0987,1.1752,-21.727,0.680,15.102
403247,1831,1802,1801,0.1529,0.0935,1.1750,-23.152,1.389,16.080
403257,1871,1782,1815,0.1511,0.0883,1.1745,-24.687,2.270,17.260
403267,1872,1813,1797,0.1497,0.0826,1.1780,-26.324,2.928,18.471
403277,1886,1805,1804,0.1464,0.0737,1.1834,-27.814,3.556,19.517
403287,1810,1821,1803,0.1452,0.0686,1.1862,-29.023,4.305,20.608
403297,1830,1850,1807,0.1438,0.0609,1.1928,-29.834,5.123,21.574
403307,2098,1890,1827,0.1428,0.0504,1.2029,-30.126,5.947,22.186
403317,2203,1807,1805,0.1397,0.0397,1.2036,-29.927,7.162,22.615
403327,1833,1797,1781,0.1363,0.0303,1.2056,-29.480,8.469,23.235
403337,2349,1781,1810,0.1335,0.0249,1.2090,-28.921,9.622,24.121
403347,1974,1789,1805,0.1313,0.0210,1.2103,-28.091,10.877,25.020
403357,2266,1779,1821,0.1308,0.0145,1.2151,-27.321,12.140,25.755
403367,1866,1819,1848,0.1269,0.0075,1.2244,-26.738,13.534,26.246
403377,2042,1778,1878,0.1223,-0.0022,1.2300,-26.359,15.127,26.620
403387,1827,1783,1865,0.1163,-0.0095,1.2355,-26.135,16.900,27.074
403397,1925,1786,1856,0.1107,-0.0132,1.2386,-25.982,18.767,27.728
403407,1861,1846,1880,0.1058,-0.0144,1.2494,-25.754,20.563,28.432
403417,1817,1834,1881,0.1024,-0.0177,1.2612,-25.421,22.425,28.945
403427,1936,1901,1908,0.1013,-0.0261,1.2709,-24.823,24.697,29.161
403437,2297,1846,1920,0.0999,-0.0364,1.2767,-23.987,27.197,29.286
403447,2053,1915,1903,0.0942,-0.0450,1.2816,-23.001,29.829,29.666
403457,2141,1862,1928,0.0864,-0.0496,1.2841,-21.969,32.438,30.550
403467,1798,1877,1941,0.0772,-0.0541,1.2878,-21.120,34.935,31.693
403477,1983,1804,1919,0.0675,-0.0553,1.2909,-20.712,37.268,32.884
403487,1909,1876,1932,0.0575,-0.0523,1.2935,-20.800,39.473,34.090
403497,1795,1823,1914,0.0462,-0.0506,1.2958,-21.302,41.613,35.167
403507,1857,1853,1925,0.0357,-0.0535,1.2990,-22.047,43.646,35.923
403517,2162,1858,1907,0.0252,-0.0608,1.3035,-23.043,45.560,36.381
403527,2256,1934,1934,0.0161,-0.0688,1.3070,-24.023,47.581,36.861
403537,2142,1779,1908,0.0072,-0.0763,1.3099,-24.922,49.684,37.483
403547,1913,1827,1915,-0.0045,-0.0847,1.3102,-25.537,51.953,38.150
403557,1929,1821,1922,-0.0159,-0.0938,1.3086,-25.673,54.233,38.855
403567,1807,1779,1986,-0.0267,-0.1081,1.3081,-25.539,56.394,39.596
403577,1875,1787,1985,-0.0357,-0.1236,1.3062,-25.062,58.585,40.377
403587,1981,1782,1997,-0.0454,-0.1335,1.3042,-24.359,60.735,41.648
403597,1992,1843,1897,-0.0562,-0.1384,1.3005,-23.294,63.045,43.362
403607,1805,1797,1928,-0.0679,-0.1429,1.2933,-21.996,65.367,45.108
403617,1863,1786,1900,-0.0835,-0.1475,1.2858,-20.579,67.467,46.686
403627,1798,1835,1923,-0.0975,-0.1521,1.2744,-18.943,69.453,48.183
403637,2003,1919,1895,-0.1165,-0.1497,1.2664,-17.065,71.244,49.551
403647,2029,1834,1856,-0.1316,-0.1434,1.2534,-14.772,72.873,50.765
403657,1824,1793,1775,-0.1413,-0.1404,1.2356,-12.154,74.331,51.413
403667,1883,1829,1841,-0.1465,-0.1432,1.2282,-9.141,75.409,51.534
403677,1860,1783,1819,-0.1542,-0.1539,1.2203,-6.138,76.298,51.336
403687,1879,1785,1923,-0.1624,-0.1625,1.2122,-3.105,77.348,51.565
403697,1933,1780,1773,-0.1739,-0.1604,1.2065,-0.362,78.282,52.757
403707,1838,1791,1839,-0.1879,-0.1501,1.1930,2.189,79.427,54.534
403717,1870,1812,1862,-0.2041,-0.1358,1.1796,4.566,80.486,56.388
403727,1881,1797,2071,-0.2194,-0.1263,1.1699,6.750,81.104,57.659
403737,1927,1820,2029,-0.2299,-0.1242,1.1618,8.921,81.498,58.363
403747,1888,1792,1779,-0.2371,-0.1274,1.1557,10.891,81.902,58.924
403757,1855,1916,1819,-0.2393,-0.1338,1.1543,12.350,82.332,59.620
403767,1835,1889,1799,-0.2393,-0.1379,1.1610,12.991,82.911,60.705
403777,2360,1933,1843,-0.2413,-0.1324,1.1543,12.760,84.288,62.423
403787,2337,1810,1836,-0.2423,-0.1253,1.1418,11.620,86.264,64.675
403797,1908,1791,1791,-0.2448,-0.1297,1.1175,9.446,88.207,66.812
403807,1824,1785,1828,-0.2476,-0.1547,1.0964,6.257,89.608,68.890
403817,1889,1784,1802,-0.2532,-0.2013,1.0844,1.663,90.060,71.303
403827,1814,1830,1830,-0.2654,-0.2495,1.0766,-3.953,90.078,74.904
403837,1807,1786,1778,-0.2875,-0.2619,1.0685,-9.645,90.118,80.687
403847,1827,1779,1820,-0.3150,-0.2214,1.0586,-13.634,90.627,88.369
403857,2026,1809,1849,-0.3420,-0.1606,1.0329,-14.468,91.802,95.473
403867,1908,1782,1772,-0.3713,-0.1098,1.0029,-11.748,93.146,99.617
403877,1849,1807,1873,-0.3941,-0.0739,0.9782,-6.150,94.164,101.265
403887,1958,1835,1804,-0.4167,-0.0487,0.9433,0.728,95.169,101.780
403897,1960,1858,1869,-0.4431,-0.0060,0.9086,7.403,96.234,102.313
403907,1859,1929,1893,-0.4618,0.0325,0.8833,12.676,96.677,102.941
403917,1816,1809,1775,-0.4866,0.0449,0.8473,15.241,96.255,101.792
403927,1805,1822,1777,-0.4961,0.0352,0.8383,15.711,94.642,100.368
403937,2024,2001,2106,-0.5111,0.0022,0.8412,14.384,91.624,98.944
403947,2107,1862,1889,-0.5324,-0.0061,0.8195,14.201,89.572,98.870
403957,1941,1847,1797,-0.5404,0.0316,0.7948,16.291,88.349,101.568
403967,1850,1968,1929,-0.5437,0.0611,0.7755,20.112,86.615,103.698
403977,2317,2482,2174,-0.5421,0.0739,0.7669,24.651,84.114,103.683
403987,2393,2804,2123,-0.5180,0.0640,0.7526,29.109,81.756,103.196
403997,2725,4095,2365,-0.4872,0.0015,0.7424,31.884,79.148,102.255
404007,2648,2527,2385,-0.4685,-0.0777,0.7309,31.699,75.836,102.329
404017,1982,1103,1807,-0.4676,-0.0947,0.7312,28.497,72.266,106.748
404027,1801,1685,2027,-0.4618,-0.0811,0.7110,23.300,69.268,114.049
404037,1870,1144,2051,-0.4808,-0.0701,0.6848,18.370,66.757,119.109
404047,1849,1189,1812,-0.4925,-0.0421,0.6733,15.732,64.158,121.775
404057,1830,1136,1822,-0.5094,0.0154,0.6415,17.294,63.161,124.126
404067,1863,1321,2082,-0.5254,0.0973,0.5971,24.614,64.014,127.986
404077,2017,1103,1919,-0.5595,0.2488,0.5691,35.372,65.690,133.661
404087,1803,1414,1900,-0.5915,0.4567,0.5227,47.161,68.211,139.146
404097,1804,1358,1777,-0.6123,0.6706,0.4656,55.650,70.409,140.898
404107,1807,1316,1821,-0.6254,0.8023,0.4330,57.263,67.993,134.084
404117,1910,1406,1773,-0.6349,0.8797,0.4125,55.866,61.983,120.638
404127,1836,1314,1975,-0.6233,0.9392,0.3579,57.311,56.711,106.244
404137,1973,1432,1815,-0.6167,0.9333,0.3171,60.330,51.069,89.918
404147,1824,1334,1799,-0.6213,0.8842,0.3013,63.335,43.681,72.407
404157,2108,1463,1965,-0.6185,0.8240,0.2967,65.972,35.846,57.659
404167,2297,1979,2011,-0.6044,0.7541,0.3158,66.041,27.383,46.386
404177,2095,1421,1804,-0.5814,0.6935,0.3665,62.496,18.131,37.953
404187,1999,1164,1780,-0.5517,0.6333,0.4197,56.549,9.727,32.375
404197,1875,1221,1797,-0.5387,0.5777,0.4639,49.380,3.045,28.496
404207,2200,1216,1808,-0.5360,0.5442,0.4999,41.594,-1.923,26.761
404217,2040,1175,1825,-0.5460,0.5204,0.5151,34.261,-5.304,26.356
404227,2087,1829,1792,-0.5651,0.5005,0.5229,27.759,-7.908,26.042
404237,1998,1149,1886,-0.5971,0.5341,0.5049,24.083,-9.737,26.402
404247,1797,1148,2193,-0.6181,0.5568,0.5001,22.455,-11.722,25.851
404257,1803,1124,1852,-0.6376,0.5718,0.5181,21.534,-14.489,23.425
404267,2212,1204,1795,-0.6445,0.5893,0.5296,21.850,-16.482,20.908
404277,1815,1417,1828,-0.6463,0.5937,0.5422,22.621,-17.662,18.345
404287,2052,1271,1998,-0.6454,0.5856,0.5776,22.096,-19.205,15.301
404297,2381,1285,1940,-0.6419,0.5721,0.6050,20.760,-20.293,12.510
404307,1908,1155,1800,-0.6408,0.5629,0.6201,19.411,-20.267,10.427
404317,2331,1118,1785,-0.6369,0.5618,0.6330,18.026,-19.745,9.203
404327,1818,1121,1921,-0.6320,0.5505,0.6378,16.727,-18.916,8.093
404337,2147,1251,1945,-0.6281,0.5335,0.6426,15.242,-18.084,6.992
404347,2259,1126,1774,-0.6246,0.5253,0.6492,13.836,-17.150,6.706
404357,1854,1121,1773,-0.6213,0.5208,0.6544,12.753,-15.874,7.199
404367,2713,1490,1901,-0.6253,0.5250,0.6683,11.397,-14.687,7.889
404377,1797,1153,1788,-0.6301,0.5395,0.6752,9.873,-13.367,8.845
404387,1939,1143,1893,-0.6397,0.5616,0.6724,8.505,-11.786,9.843
404397,2032,1598,1854,-0.6409,0.5847,0.6730,7.101,-10.582,10.466
404407,1803,1293,1772,-0.6363,0.5939,0.6728,5.858,-9.832,10.106
404417,1811,1165,1912,-0.6338,0.5930,0.6681,5.279,-9.129,8.583
404427,1813,1203,1868,-0.6295,0.5888,0.6663,5.841,-8.415,6.807
404437,1796,1317,1841,-0.6303,0.5851,0.6660,7.330,-7.716,5.133
404447,2299,1203,1858,-0.6293,0.5792,0.6677,9.172,-7.108,3.852
404457,1810,1133,1850,-0.6282,0.5673,0.6750,10.345,-6.789,3.081
404467,1817,1145,1813,-0.6293,0.5632,0.6834,10.095,-6.648,2.911
404477,2076,1206,1840,-0.6252,0.5606,0.6848,8.807,-6.331,3.485
404487,1815,1249,1877,-0.6235,0.5523,0.6873,6.668,-6.215,3.908
404497,1906,1186,1864,-0.6229,0.5433,0.6905,4.329,-6.310,4.165
404507,1930,1446,1986,-0.6255,0.5363,0.6809,2.911,-6.018,4.665
404517,1825,1632,2110,-0.6334,0.5395,0.6716,2.583,-5.603,5.169
404527,2209,1171,1906,-0.6360,0.5444,0.6636,3.556,-5.293,5.545
404537,2530,1160,1775,-0.6406,0.5442,0.6583,5.525,-5.234,5.267
404547,1899,1582,1773,-0.6413,0.5487,0.6557,8.116,-5.447,4.773
404557,2037,1148,1775,-0.6373,0.5451,0.6518,11.310,-5.654,4.381
404567,2023,1179,1773,-0.6387,0.5437,0.6567,14.054,-6.243,3.664
404577,1830,1148,1787,-0.6397,0.5603,0.6579,16.474,-6.682,3.567
404587,2146,1152,1825,-0.6379,0.5823,0.6489,18.467,-6.740,3.912
404597,2355,1555,1779,-0.6346,0.5972,0.6519,18.883,-7.353,3.759
404607,1871,1299,1875,-0.6313,0.6050,0.6525,17.709,-8.298,3.290
404617,2081,1345,1927,-0.6245,0.6025,0.6477,15.651,-9.042,2.825
404627,1908,1289,1803,-0.6183,0.5857,0.6537,12.865,-10.066,2.056
404637,1960,1355,1802,-0.6179,0.5662,0.6608,10.325,-11.084,0.998
404647,1861,1353,1771,-0.6178,0.5499,0.6595,9.297,-11.428,0.349
404657,2152,1372,1793,-0.6194,0.5433,0.6622,9.579,-11.551,0.157
404667,1867,1246,1787,-0.6225,0.5496,0.6619,10.706,-11.551,0.345
404677,1887,1389,1783,-0.6230,0.5622,0.6556,12.451,-11.235,0.765
404687,2140,1198,1871,-0.6180,0.5717,0.6600,13.726,-11.273,0.851
404697,1989,1201,1961,-0.6158,0.5726,0.6626,14.263,-11.535,0.382
404707,2101,1390,2135,-0.6141,0.5711,0.6571,14.558,-11.491,-0.082
404717,1821,1336,1782,-0.6154,0.5707,0.6589,14.513,-11.509,-0.439
404727,1967,1396,1925,-0.6215,0.5734,0.6568,14.465,-11.507,-0.851
404737,1930,1164,1782,-0.6244,0.5799,0.6460,15.110,-11.096,-1.100
404747,1791,1197,1866,-0.6235,0.5846,0.6449,15.878,-10.961,-1.323
404757,1917,1244,1958,-0.6189,0.5868,0.6496,16.200,-11.246,-1.702
404767,2280,1208,1957,-0.6106,0.5848,0.6541,16.264,-11.246,-1.909
404777,2003,1177,1777,-0.6066,0.5837,0.6632,15.686,-11.054,-2.018
404787,1917,1154,1820,-0.6064,0.5879,0.6690,14.299,-10.689,-1.938
404797,1788,1212,1917,-0.6090,0.5897,0.6585,12.738,-9.867,-1.861
404807,1883,1636,1782,-0.6152,0.5937,0.6479,11.190,-9.199,-2.044
404817,1960,1397,1859,-0.6211,0.6006,0.6354,10.069,-8.787,-2.293
404827,1953,1341,1887,-0.6214,0.6009,0.6230,9.560,-8.510,-2.728
404837,2007,1234,1854,-0.6187,0.5934,0.6244,9.062,-8.764,-3.419
404847,1971,1408,1845,-0.6157,0.5835,0.6373,8.423,-9.206,-4.017
404857,1875,1398,1851,-0.6155,0.5759,0.6427,7.874,-9.081,-4.286
404867,1936,1180,1823,-0.6160,0.5674,0.6431,7.355,-8.615,-4.396
404877,2068,1256,1784,-0.6192,0.5580,0.6485,6.612,-8.381,-4.503
404887,2210,1337,1841,-0.6225,0.5586,0.6469,5.947,-8.041,-4.225
404897,1879,1362,1922,-0.6240,0.5644,0.6376,5.702,-7.437,-3.517
404907,2158,1166,1773,-0.6279,0.5734,0.6377,5.600,-7.191,-3.057
404917,2022,1485,1828,-0.6266,0.5788,0.6397,5.921,-7.121,-2.924
404927,2332,1185,1801,-0.6287,0.5825,0.6417,6.628,-6.908,-3.096
404937,1879,1203,1793,-0.6327,0.5927,0.6409,7.413,-6.599,-3.234
404947,2322,1242,1775,-0.6346,0.6068,0.6364,8.177,-6.118,-3.304
404957,2032,1166,1786,-0.6374,0.6109,0.6319,8.420,-5.802,-3.789
404967,2047,1181,1922,-0.6436,0.6186,0.6324,7.727,-5.967,-4.581
404977,2344,1222,1882,-0.6448,0.6264,0.6294,6.591,-6.200,-4.977
404987,1892,1209,1791,-0.6471,0.6287,0.6285,4.871,-6.718,-5.363
404997,1918,1263,1787,-0.6454,0.6254,0.6298,2.940,-7.585,-5.841
405007,1847,1279,1890,-0.6421,0.6118,0.6326,1.501,-8.461,-6.411
405017,1806,1514,2018,-0.6397,0.6017,0.6437,0.483,-9.475,-7.147
405027,1808,1744,1912,-0.6327,0.5876,0.6501,0.642,-10.060,-7.779
405037,2313,1320,1802,-0.6270,0.5680,0.6551,1.886,-10.340,-8.565
405047,1979,1171,1793,-0.6214,0.5523,0.6661,3.680,-10.515,-9.091
405057,1864,1167,1880,-0.6182,0.5461,0.6669,5.915,-10.174,-9.005
405067,2447,1172,1811,-0.6168,0.5447,0.6643,8.024,-9.525,-8.463
405077,2021,1297,1783,-0.6137,0.5425,0.6666,9.408,-9.126,-7.889
405087,1783,1262,1809,-0.6120,0.5396,0.6615,9.927,-8.861,-7.384
405097,2018,1211,1779,-0.6089,0.5400,0.6555,10.007,-8.509,-6.745
405107,1798,1298,1813,-0.6060,0.5386,0.6529,9.703,-8.277,-6.079
405117,2126,1343,1952,-0.6078,0.5368,0.6492,9.149,-8.081,-5.680
405127,2044,1571,2138,-0.6078,0.5375,0.6438,8.810,-7.763,-5.099
405137,1807,1546,1995,-0.6072,0.5384,0.6432,8.542,-7.625,-4.444
405147,1897,1376,1852,-0.6031,0.5342,0.6444,8.195,-7.641,-3.942
405157,2110,1197,1811,-0.6012,0.5327,0.6461,7.850,-7.603,-3.345
405167,1851,1420,1816,-0.6003,0.5405,0.6462,7.505,-7.419,-2.454
405177,2119,1246,1860,-0.6040,0.5476,0.6425,7.237,-7.040,-1.629
405187,1786,1269,1776,-0.6088,0.5550,0.6423,6.762,-6.834,-1.130
405197,1920,1200,1801,-0.6132,0.5647,0.6430,6.213,-6.744,-0.757
405207,1799,1221,1776,-0.6151,0.5754,0.6393,5.787,-6.599,-0.596
405217,1838,1207,1811,-0.6161,0.5839,0.6383,5.417,-6.498,-0.772
405227,1951,1205,1787,-0.6155,0.5904,0.6391,5.117,-6.408,-1.254
405237,1868,1226,1778,-0.6160,0.5914,0.6387,4.921,-6.238,-1.928
405247,1875,1215,1903,-0.6159,0.5899,0.6418,4.724,-6.145,-2.794
405257,1784,1180,1776,-0.6148,0.5866,0.6451,4.665,-6.068,-3.593
405267,1969,1185,1777,-0.6124,0.5824,0.6444,4.913,-5.826,-4.295
405277,1841,1198,1781,-0.6128,0.5828,0.6401,5.385,-5.463,-4.874
405287,1825,1182,1784,-0.6154,0.5907,0.6347,6.092,-4.974,-5.302
405297,1821,1208,1775,-0.6189,0.6001,0.6235,6.975,-4.401,-5.838
405307,1790,1190,1783,-0.6256,0.6120,0.6120,7.772,-4.078,-6.748
405317,1882,1235,1853,-0.6353,0.6355,0.5953,8.707,-3.981,-7.894
405327,2066,1205,1775,-0.6439,0.6677,0.5704,10.275,-4.007,-9.316
405337,1783,1202,1798,-0.6466,0.6871,0.5470,12.320,-4.648,-11.698
405347,1800,1185,1807,-0.6506,0.6956,0.5338,14.483,-6.170,-15.234
405357,1816,1234,1775,-0.6526,0.7198,0.5221,16.636,-7.997,-18.591
405367,1812,1199,1776,-0.6546,0.7541,0.5116,18.255,-9.724,-21.535
405377,1819,1205,1776,-0.6544,0.7820,0.5016,18.359,-11.759,-25.075
405387,1784,1220,1807,-0.6507,0.7898,0.5009,16.332,-14.536,-29.450
405397,1789,1198,1776,-0.6518,0.7897,0.4991,12.195,-17.854,-34.230
405407,1905,1195,1801,-0.6525,0.7867,0.4875,7.241,-20.965,-38.759
405417,1839,1217,1775,-0.6563,0.7761,0.4759,2.517,-24.409,-43.501
405427,1933,1200,1776,-0.6619,0.7650,0.4675,-0.938,-28.328,-48.735
405437,1927,1248,1779,-0.6615,0.7477,0.4551,-1.914,-32.232,-54.335
405447,1795,1246,1783,-0.6590,0.7161,0.4475,-0.219,-36.211,-60.569
405457,1887,1240,1791,-0.6575,0.6854,0.4428,3.743,-40.276,-66.906
405467,2045,1247,1801,-0.6563,0.6637,0.4311,9.953,-43.934,-72.599
405477,1795,1223,1777,-0.6545,0.6482,0.4189,17.632,-47.491,-77.654
405487,2022,1225,1785,-0.6516,0.6284,0.4119,25.813,-51.511,-82.543
405497,1853,1211,1777,-0.6457,0.6026,0.4116,33.825,-56.070,-87.246
405507,1955,1224,1784,-0.6379,0.5740,0.4218,41.011,-61.043,-91.312
405517,1884,1243,1781,-0.6262,0.5502,0.4485,46.863,-66.281,-94.289
405527,1780,1218,1816,-0.6154,0.5357,0.4837,50.914,-71.393,-95.851
405537,1980,1228,1777,-0.6060,0.5257,0.5147,53.189,-75.891,-96.529
405547,1901,1222,1782,-0.5979,0.5152,0.5398,53.989,-79.684,-96.937
405557,2160,1240,1776,-0.5887,0.5032,0.5655,53.436,-83.061,-97.184
405567,1877,1218,1826,-0.5824,0.4908,0.5882,51.709,-86.170,-97.364
405577,1953,1240,1778,-0.5791,0.4851,0.6007,49.314,-88.709,-97.234
405587,2018,1246,1837,-0.5742,0.4771,0.6071,46.474,-90.885,-96.929
405597,1792,1210,1791,-0.5709,0.4655,0.6093,43.134,-93.106,-96.892
405607,1948,1232,1836,-0.5648,0.4487,0.6080,39.737,-95.326,-96.992
405617,1789,1261,1801,-0.5590,0.4300,0.6076,36.305,-97.709,-97.134
405627,1812,1232,1840,-0.5512,0.4095,0.6083,32.947,-100.215,-97.168
405637,1819,1222,1810,-0.5444,0.3901,0.6090,29.830,-102.771,-97.018
405647,1913,1224,1842,-0.5338,0.3732,0.6112,26.928,-105.371,-96.563
405657,1792,1237,1804,-0.5229,0.3613,0.6185,24.235,-107.980,-95.758
405667,1936,1209,1845,-0.5077,0.3448,0.6293,21.441,-110.633,-94.944
405677,2064,1227,1820,-0.4937,0.3221,0.6369,18.456,-113.294,-94.348
405687,1788,1224,1883,-0.4780,0.2933,0.6500,15.141,-116.116,-93.547
405697,1948,1230,1816,-0.4594,0.2651,0.6698,11.308,-119.341,-92.075
405707,1889,1233,1883,-0.4415,0.2402,0.6912,7.058,-122.629,-89.682
405717,1873,1218,1851,-0.4240,0.2220,0.7179,2.722,-125.812,-86.584
405727,1830,1228,1885,-0.4068,0.2153,0.7474,-1.719,-128.824,-82.799
405737,2064,1235,1851,-0.3899,0.2172,0.7756,-6.028,-131.555,-78.805
405747,1923,1296,1903,-0.3747,0.2220,0.8018,-9.786,-133.872,-75.210
405757,1781,1229,1854,-0.3609,0.2244,0.8248,-12.682,-135.770,-72.516
405767,1807,1237,1855,-0.3488,0.2206,0.8436,-14.679,-137.239,-70.728
405777,1942,1266,1824,-0.3348,0.2073,0.8599,-15.913,-138.334,-69.728
405787,1795,1265,1872,-0.3204,0.1939,0.8701,-16.436,-139.104,-69.219
405797,1782,1262,1824,-0.2998,0.1834,0.8737,-16.302,-139.650,-68.680
405807,1777,1268,1880,-0.2834,0.1721,0.8910,-15.836,-140.400,-68.340
405817,1817,1291,1836,-0.2613,0.1710,0.9084,-14.267,-141.026,-67.954
405827,2088,1296,1832,-0.2374,0.1675,0.9286,-11.913,-141.217,-67.564
405837,2147,1293,1789,-0.2114,0.1580,0.9598,-9.632,-141.479,-67.243
405847,1833,1297,1845,-0.1887,0.1445,0.9951,-8.080,-141.776,-66.663
405857,2196,1329,1814,-0.1715,0.1367,1.0298,-7.505,-141.541,-65.279
405867,1834,1250,1827,-0.1464,0.1239,1.0603,-8.949,-140.459,-62.858
405877,1875,1232,1803,-0.1222,0.1047,1.0910,-11.099,-139.313,-60.921
405887,1798,1252,1838,-0.0948,0.0901,1.1133,-13.320,-137.822,-58.800
405897,2255,1230,1823,-0.0709,0.0748,1.1346,-14.684,-135.781,-56.437
405907,1789,1245,1852,-0.0473,0.0613,1.1573,-15.248,-133.359,-53.859
405917,1928,1228,1780,-0.0268,0.0568,1.1730,-14.714,-130.449,-51.036
405927,1936,1246,1802,-0.0132,0.0581,1.1902,-13.277,-127.172,-48.004
405937,1808,1232,1810,-0.0035,0.0635,1.2114,-11.415,-123.854,-45.235
405947,2060,1250,1784,0.0057,0.0711,1.2297,-9.369,-120.374,-42.752
405957,1779,1245,1790,0.0144,0.0813,1.2436,-7.250,-116.611,-40.574
405967,1815,1237,1837,0.0218,0.0863,1.2566,-5.369,-112.808,-38.935
405977,1877,1237,1777,0.0299,0.0893,1.2640,-3.695,-109.009,-37.778
405987,1893,1251,1789,0.0381,0.0913,1.2721,-2.101,-105.200,-36.813
405997,1973,1250,1778,0.0470,0.0968,1.2713,-0.696,-101.463,-35.990
406007,2089,1245,1778,0.0545,0.0964,1.2703,1.270,-97.943,-35.488
406017,2256,1238,1788,0.0646,0.0929,1.2738,3.702,-94.748,-35.206
406027,1807,1248,1803,0.0700,0.0901,1.2719,6.132,-91.545,-34.929
406037,1940,1272,1783,0.0797,0.0938,1.2706,8.865,-88.362,-34.308
406047,1920,1277,1816,0.0868,0.0989,1.2692,11.379,-85.241,-33.347
406057,1814,1400,1795,0.0958,0.0995,1.2664,13.508,-82.201,-32.439
406067,1778,1288,1795,0.1087,0.1005,1.2566,14.759,-79.387,-31.387
406077,1867,1236,1781,0.1119,0.0995,1.2557,15.005,-76.591,-30.141
406087,2078,1267,1806,0.1241,0.1003,1.2617,14.164,-74.357,-28.509
406097,1826,1242,1790,0.1350,0.1018,1.2715,12.168,-72.345,-26.778
406107,2101,1335,1856,0.1465,0.1037,1.2815,10.055,-70.082,-24.755
406117,1946,1242,1780,0.1563,0.1050,1.2865,7.797,-67.537,-22.594
406127,1808,1270,1810,0.1650,0.1054,1.2827,5.741,-64.653,-20.438
406137,1838,1327,1947,0.1678,0.1097,1.2759,4.151,-61.600,-18.379
406147,1791,1319,1797,0.1677,0.1148,1.2675,3.129,-58.595,-16.609
406157,2027,1297,1864,0.1683,0.1150,1.2580,2.656,-55.778,-15.461
406167,1825,1331,1805,0.1717,0.1093,1.2585,2.579,-53.427,-14.762
406177,1803,1321,1907,0.1752,0.1032,1.2640,2.762,-51.324,-14.150
406187,1786,1315,1879,0.1803,0.1025,1.2735,3.348,-49.133,-13.156
406197,1793,1255,2019,0.1862,0.1032,1.2836,3.877,-46.832,-11.913
406207,1818,1344,1780,0.1932,0.0998,1.2875,4.378,-44.236,-10.672
406217,1798,1261,1790,0.1982,0.0958,1.2864,4.843,-41.380,-9.478
406227,1785,1290,1801,0.2011,0.0957,1.2805,5.477,-38.501,-8.247
406237,1815,1251,1782,0.2024,0.0958,1.2706,6.447,-35.689,-7.060
406247,1869,1309,1801,0.2007,0.0969,1.2630,7.835,-33.194,-6.037
406257,1914,1252,1786,0.1968,0.0977,1.2557,9.606,-30.966,-5.166
406267,1987,1278,1780,0.1922,0.1012,1.2498,11.696,-28.961,-4.351
406277,1828,1271,1783,0.1879,0.1061,1.2445,13.899,-27.223,-3.552
406287,1893,1290,1780,0.1822,0.1149,1.2390,15.856,-25.690,-2.759
406297,1810,1252,1778,0.1786,0.1283,1.2320,17.531,-24.179,-1.991
406307,1780,1312,1802,0.1749,0.1377,1.2253,18.786,-22.809,-1.614
406317,1783,1262,1778,0.1730,0.1434,1.2170,19.569,-21.590,-1.645
406327,1786,1304,1800,0.1708,0.1495,1.2105,20.062,-20.370,-1.724
406337,1781,1263,1814,0.1734,0.1488,1.2119,20.174,-19.249,-1.703
406347,1905,1304,1787,0.1747,0.1476,1.2183,19.875,-18.105,-1.528
406357,1779,1263,1781,0.1722,0.1538,1.2160,19.476,-16.575,-0.865
406367,1785,1298,1787,0.1710,0.1668,1.2164,18.896,-14.953,0.265
406377,1792,1273,1778,0.1661,0.1761,1.2179,17.753,-13.760,1.206
406387,1792,1317,1787,0.1623,0.1850,1.2139,16.281,-12.545,1.730
406397,1787,1264,1779,0.1608,0.1906,1.2070,14.272,-11.450,2.009
406407,1779,1285,1795,0.1592,0.1917,1.1960,11.696,-10.602,1.950
406417,1783,1268,1781,0.1573,0.1883,1.1824,8.888,-9.841,1.678
406427,1847,1304,1795,0.1524,0.1813,1.1654,5.974,-9.215,1.320
406437,1792,1282,1783,0.1482,0.1744,1.1488,3.247,-8.766,1.104
406447,1781,1312,1857,0.1456,0.1674,1.1334,0.879,-8.614,1.105
406457,1847,1267,1784,0.1436,0.1617,1.1248,-1.002,-8.821,1.172
406467,1803,1322,2087,0.1462,0.1575,1.1158,-2.224,-9.167,1.350
406477,1780,1266,1779,0.1486,0.1574,1.1089,-2.659,-9.458,1.586
406487,1788,1325,1953,0.1514,0.1583,1.1051,-2.406,-9.714,1.646
406497,1784,1271,1842,0.1548,0.1584,1.1014,-1.567,-9.889,1.383
406507,1805,1294,1963,0.1590,0.1567,1.0967,-0.306,-9.846,0.925
406517,1782,1267,1804,0.1604,0.1560,1.0953,1.016,-9.844,0.445
406527,1782,1317,1801,0.1582,0.1584,1.0925,2.301,-9.764,0.211
406537,1848,1268,2065,0.1558,0.1625,1.0887,3.441,-9.625,0.125
406547,1797,1317,1784,0.1581,0.1675,1.0927,4.272,-9.860,0.075
406557,1796,1278,1907,0.1613,0.1705,1.1030,4.611,-10.426,-0.221
406567,1780,1287,1814,0.1653,0.1746,1.1104,4.576,-10.749,-0.767
406577,1800,1269,1814,0.1721,0.1800,1.1196,4.158,-10.841,-1.222
406587,1808,1354,1776,0.1762,0.1816,1.1299,3.471,-10.759,-1.724
406597,1790,1303,1777,0.1790,0.1800,1.1382,2.761,-10.328,-2.223
406607,1789,1301,2164,0.1795,0.1752,1.1459,1.817,-9.690,-2.637
406617,1785,1279,1934,0.1780,0.1709,1.1530,0.560,-8.959,-2.856
406627,1787,1337,1789,0.1756,0.1685,1.1594,-0.808,-8.155,-2.860
406637,1797,1275,1880,0.1712,0.1666,1.1598,-2.088,-7.236,-2.994
406647,1803,1314,1874,0.1709,0.1644,1.1600,-2.877,-6.425,-3.257
406657,1783,1332,2024,0.1718,0.1728,1.1544,-3.417,-5.939,-3.860
406667,1815,1388,2022,0.1693,0.1785,1.1656,-2.618,-5.396,-4.248
406677,1787,1277,2245,0.1695,0.1502,1.1621,-0.536,-5.450,-6.857
406687,1787,1363,1971,0.1765,0.1280,1.1613,3.772,-4.866,-8.927
406697,1789,1305,2025,0.1831,0.1245,1.1730,7.786,-4.502,-8.700
406707,1785,1333,1870,0.1802,0.1296,1.1808,11.628,-4.070,-8.205
406717,1781,1301,1806,0.1796,0.1343,1.1831,15.339,-3.326,-7.754
406727,1824,1322,1928,0.1740,0.1349,1.1869,18.041,-2.590,-7.641
406737,1790,1327,2019,0.1717,0.1387,1.1804,19.321,-2.043,-7.460
406747,1797,1328,1856,0.1724,0.1476,1.1760,19.461,-1.721,-6.740
406757,1786,1301,1818,0.1710,0.1581,1.1753,18.537,-1.780,-6.018
406767,1796,1359,1911,0.1693,0.1618,1.1712,17.151,-1.849,-5.878
406777,1781,1317,1977,0.1664,0.1577,1.1594,15.667,-1.794,-6.259
406787,1816,1344,1893,0.1687,0.1550,1.1488,14.382,-1.851,-6.413
406797,1798,1322,1864,0.1693,0.1571,1.1466,13.535,-2.094,-6.081
406807,1808,1346,1797,0.1681,0.1566,1.1447,12.921,-2.422,-5.892
406817,1779,1291,1869,0.1675,0.1551,1.1415,12.440,-2.622,-5.868
406827,1793,1335,2062,0.1706,0.1580,1.1393,12.028,-2.793,-5.528
406837,1780,1314,2709,0.1729,0.1597,1.1360,11.553,-2.969,-5.185
406847,1795,1328,1794,0.1730,0.1606,1.1273,11.080,-2.918,-4.957
406857,1780,1315,2041,0.1712,0.1606,1.1181,10.645,-2.832,-4.769
406867,1823,1375,1774,0.1699,0.1604,1.1170,10.317,-3.060,-4.598
406877,1786,1314,1791,0.1682,0.1608,1.1096,10.271,-3.220,-4.464
406887,1801,1338,1856,0.1676,0.1579,1.1029,10.630,-3.332,-4.365
406897,1788,1322,1840,0.1655,0.1542,1.1028,11.171,-3.762,-4.339
406907,1786,1346,1962,0.1655,0.1625,1.0980,12.227,-3.978,-3.916
406917,1784,1305,1986,0.1664,0.1701,1.1014,13.763,-4.246,-3.543
406927,1801,1359,1874,0.1637,0.1677,1.1023,15.512,-4.591,-4.092
406937,1780,1294,2005,0.1633,0.1713,1.0992,17.789,-4.522,-4.494
406947,1817,1364,1795,0.1629,0.1758,1.1018,19.902,-4.571,-4.520
406957,1792,1338,1814,0.1624,0.1810,1.1065,21.498,-4.763,-4.677
406967,1813,1368,1932,0.1641,0.1918,1.1067,22.714,-4.725,-4.777
406977,1787,1309,1773,0.1644,0.2014,1.1097,23.653,-4.697,-4.977
406987,1796,1319,2265,0.1626,0.2025,1.1142,24.322,-4.826,-5.766
406997,1784,1306,1933,0.1637,0.2048,1.1166,24.927,-4.849,-6.499
407007,1818,1367,1814,0.1647,0.2080,1.1207,25.332,-4.830,-6.839
407017,1805,1315,1855,0.1663,0.2124,1.1261,25.392,-4.809,-6.957
407027,1821,1375,1868,0.1676,0.2183,1.1288,25.165,-4.588,-6.831
407037,1786,1309,2357,0.1659,0.2255,1.1271,24.725,-4.125,-6.602
407047,1805,1351,1808,0.1624,0.2326,1.1242,24.069,-3.648,-6.400
407057,1793,1339,2070,0.1586,0.2369,1.1220,23.230,-3.321,-6.300
407067,1817,1384,1968,0.1550,0.2409,1.1190,22.286,-3.092,-6.228
407077,1789,1314,1830,0.1523,0.2436,1.1158,21.242,-3.024,-6.175
407087,1786,1306,1901,0.1509,0.2460,1.1158,20.146,-3.174,-6.162
407097,1785,1317,2018,0.1516,0.2465,1.1178,19.036,-3.443,-6.167
407107,1831,1382,1943,0.1523,0.2463,1.1214,17.957,-3.651,-6.205
407117,1793,1315,1892,0.1523,0.2463,1.1223,16.951,-3.702,-6.173
407127,1804,1353,1941,0.1512,0.2467,1.1223,15.966,-3.702,-5.993
407137,1782,1308,2019,0.1497,0.2469,1.1218,14.962,-3.726,-5.737
407147,1824,1373,1920,0.1480,0.2466,1.1211,14.002,-3.731,-5.539
407157,1784,1309,1841,0.1469,0.2469,1.1208,13.117,-3.748,-5.293
407167,1819,1369,1905,0.1448,0.2468,1.1225,12.217,-3.831,-5.037
407177,1797,1322,1908,0.1454,0.2475,1.1206,11.327,-3.893,-4.817
407187,1823,1379,1926,0.1462,0.2499,1.1177,10.597,-3.855,-4.444
407197,1801,1336,1881,0.1480,0.2515,1.1185,9.775,-4.021,-4.264
407207,1809,1352,2280,0.1472,0.2496,1.1192,9.062,-4.106,-4.358
407217,1788,1333,1943,0.1472,0.2476,1.1131,8.437,-3.960,-4.475
407227,1804,1346,1948,0.1477,0.2474,1.1096,7.985,-3.723,-4.414
407237,1799,1339,1820,0.1495,0.2457,1.1099,7.461,-3.811,-4.510
407247,1843,1393,1859,0.1497,0.2452,1.1085,7.263,-3.783,-4.677
407257,1815,1347,2095,0.1508,0.2428,1.1140,7.295,-3.798,-4.896
407267,1810,1364,2059,0.1518,0.2391,1.1124,7.587,-3.650,-5.157
407277,1799,1339,2513,0.1537,0.2385,1.1150,8.034,-3.404,-5.090
407287,1839,1420,2042,0.1551,0.2380,1.1216,8.251,-3.336,-4.893
407297,1818,1357,2084,0.1553,0.2387,1.1208,8.499,-2.930,-4.708
407307,1819,1374,1992,0.1552,0.2414,1.1210,8.693,-2.366,-4.341
407317,1794,1324,2074,0.1535,0.2431,1.1218,8.699,-1.884,-4.085
407327,1826,1390,1838,0.1509,0.2455,1.1194,8.684,-1.271,-3.832
407337,1784,1332,1891,0.1480,0.2459,1.1175,8.585,-0.697,-3.586
407347,1820,1370,1783,0.1441,0.2472,1.1123,8.540,-0.172,-3.383
407357,1804,1340,2028,0.1399,0.2504,1.1067,8.593,0.257,-3.051
407367,1813,1379,1867,0.1355,0.2547,1.1024,8.709,0.514,-2.716
407377,1797,1368,1884,0.1324,0.2582,1.0974,8.916,0.595,-2.572
407387,1818,1387,1764,0.1293,0.2616,1.0955,9.187,0.454,-2.607
407397,1789,1367,1856,0.1281,0.2625,1.0941,9.491,0.221,-2.797
407407,1840,1432,1868,0.1261,0.2629,1.0941,9.820,-0.085,-3.026
407417,1810,1383,2007,0.1258,0.2651,1.0976,10.011,-0.508,-3.120
407427,1826,1439,1913,0.1250,0.2663,1.0987,10.176,-0.789,-3.187
407437,1794,1382,1980,0.1236,0.2674,1.1005,10.256,-1.027,-3.222
407447,1842,1409,2075,0.1234,0.2674,1.1012,10.186,-1.295,-3.255
407457,1811,1386,2060,0.1231,0.2697,1.1016,10.032,-1.570,-3.260
407467,1803,1418,1861,0.1217,0.2702,1.1076,9.782,-1.890,-3.302
407477,1809,1388,2208,0.1186,0.2698,1.1089,9.457,-2.140,-3.492
407487,1817,1417,1870,0.1173,0.2695,1.1083,9.194,-2.358,-3.596
407497,1800,1386,1781,0.1172,0.2689,1.1070,8.950,-2.608,-3.697
407507,1821,1405,1862,0.1187,0.2670,1.1080,8.709,-2.902,-3.786
407517,1791,1385,1801,0.1194,0.2664,1.1073,8.541,-3.149,-3.815
407527,1855,1450,1949,0.1195,0.2667,1.1066,8.446,-3.256,-3.760
407537,1796,1416,2091,0.1199,0.2669,1.1058,8.347,-3.369,-3.711
407547,1856,1467,2291,0.1181,0.2667,1.1040,8.272,-3.492,-3.723
407557,1810,1415,1940,0.1171,0.2667,1.1015,8.245,-3.584,-3.732
407567,1822,1466,1958,0.1182,0.2675,1.1005,8.255,-3.751,-3.654
407577,1810,1413,1892,0.1177,0.2661,1.1008,8.337,-3.945,-3.693
407587,1846,1471,2125,0.1173,0.2648,1.0996,8.576,-4.071,-3.786
407597,1820,1409,2099,0.1169,0.2650,1.1007,8.900,-4.202,-3.749
407607,1847,1476,2187,0.1166,0.2652,1.1031,9.307,-4.366,-3.768
407617,1791,1368,2062,0.1173,0.2648,1.1060,9.715,-4.508,-3.779
407627,1868,1516,1756,0.1182,0.2658,1.1076,10.082,-4.618,-3.786
407637,1812,1434,2186,0.1183,0.2681,1.1081,10.399,-4.650,-3.727
407647,1839,1483,2091,0.1191,0.2718,1.1091,10.577,-4.655,-3.591
407657,1818,1445,1797,0.1201,0.2745,1.1088,10.568,-4.650,-3.455
407667,1839,1458,1849,0.1187,0.2765,1.1065,10.476,-4.505,-3.376
407677,1789,1417,2176,0.1176,0.2790,1.1073,10.248,-4.428,-3.309
407687,1853,1499,2016,0.1148,0.2801,1.1024,10.017,-4.297,-3.319
407697,1803,1414,1826,0.1130,0.2800,1.0990,9.796,-4.249,-3.303
407707,1847,1517,1974,0.1122,0.2784,1.1005,9.554,-4.401,-3.346
407717,1801,1433,2271,0.1120,0.2778,1.1018,9.464,-4.520,-3.391
407727,1883,1519,1939,0.1139,0.2779,1.1036,9.458,-4.656,-3.381
407737,1801,1442,2331,0.1152,0.2791,1.1046,9.507,-4.719,-3.391
407747,1830,1489,2073,0.1154,0.2805,1.1067,9.561,-4.706,-3.439
407757,1822,1464,1927,0.1145,0.2800,1.1076,9.602,-4.600,-3.505
407767,1865,1539,1834,0.1133,0.2823,1.1044,9.606,-4.416,-3.469
407777,1802,1451,2152,0.1123,0.2841,1.1049,9.497,-4.332,-3.450
407787,1850,1531,1883,0.1103,0.2857,1.1027,9.415,-4.269,-3.461
407797,1809,1494,1770,0.1106,0.2878,1.1011,9.373,-4.262,-3.378
407807,1838,1528,2155,0.1094,0.2885,1.1021,9.264,-4.363,-3.415
407817,1837,1499,2189,0.1092,0.2875,1.1026,9.140,-4.416,-3.543
407827,1876,1572,2075,0.1093,0.2873,1.1026,9.018,-4.344,-3.562
407837,1806,1457,2036,0.1096,0.2886,1.1029,8.869,-4.268,-3.501
407847,1921,1579,1755,0.1098,0.2890,1.1049,8.670,-4.247,-3.468
407857,1790,1455,1769,0.1099,0.2888,1.1070,8.481,-4.192,-3.447
407867,1860,1547,2015,0.1101,0.2901,1.1084,8.262,-4.079,-3.371
407877,1824,1506,2227,0.1093,0.2920,1.1084,8.007,-3.899,-3.249
407887,1866,1579,1807,0.1081,0.2932,1.1073,7.735,-3.657,-3.098
407897,1805,1497,1913,0.1064,0.2945,1.1055,7.357,-3.535,-2.984
407907,1862,1580,1768,0.1041,0.2951,1.1016,6.926,-3.504,-2.966
407917,1833,1482,2088,0.1026,0.2944,1.0995,6.476,-3.570,-2.957
407927,1861,1539,2018,0.1022,0.2944,1.0988,6.086,-3.765,-2.997
407937,1808,1488,1831,0.1028,0.2937,1.0978,5.857,-3.967,-3.086
407947,1868,1588,1873,0.1029,0.2913,1.0976,5.807,-4.128,-3.202
407957,1839,1530,1997,0.1026,0.2895,1.0972,5.853,-4.295,-3.334
407967,1857,1560,2171,0.1018,0.2881,1.0975,5.967,-4.475,-3.410
407977,1812,1509,2054,0.1029,0.2875,1.0996,6.126,-4.683,-3.422
407987,1852,1556,1954,0.1037,0.2865,1.1012,6.324,-4.892,-3.452
407997,1837,1524,2130,0.1032,0.2852,1.1012,6.612,-4.952,-3.507
408007,1851,1559,2431,0.1034,0.2844,1.0988,6.913,-4.956,-3.489
408017,1797,1483,2199,0.1023,0.2846,1.0955,7.223,-4.968,-3.499
408027,1847,1558,1962,0.1022,0.2857,1.0960,7.598,-5.045,-3.515
408037,1821,1533,2050,0.1018,0.2861,1.0975,8.026,-5.205,-3.659
408047,1864,1595,1932,0.1022,0.2864,1.1004,8.476,-5.358,-3.814
408057,1807,1533,1924,0.1014,0.2861,1.1000,8.964,-5.380,-3.966
408067,1865,1609,1839,0.1010,0.2878,1.0980,9.463,-5.276,-4.035
408077,1821,1517,2126,0.1002,0.2904,1.0996,9.824,-5.262,-4.058
408087,1866,1604,1897,0.0998,0.2920,1.1002,10.099,-5.313,-4.157
408097,1836,1548,2140,0.1005,0.2938,1.1030,10.329,-5.324,-4.197
408107,1833,1602,1976,0.1002,0.2959,1.1037,10.496,-5.287,-4.180
408117,1834,1575,2100,0.1002,0.2981,1.1029,10.615,-5.183,-4.156
408127,1847,1614,1759,0.0994,0.2978,1.1016,10.621,-5.075,-4.200
408137,1806,1526,1886,0.0983,0.2980,1.0966,10.576,-4.925,-4.251
408147,1846,1617,1758,0.0981,0.2994,1.0946,10.556,-4.841,-4.225
408157,1837,1589,2223,0.0979,0.3004,1.0956,10.510,-4.947,-4.215
408167,1862,1638,1995,0.0973,0.3010,1.0968,10.552,-5.094,-4.299
408177,1815,1609,1783,0.0975,0.3015,1.0978,10.721,-5.181,-4.369
408187,1851,1657,2184,0.0973,0.3027,1.0974,10.909,-5.171,-4.401
408197,1821,1582,2030,0.0977,0.3041,1.0986,11.074,-5.131,-4.403
