189,1.1194,5.158,-7.119,-2.484
382607,1888,1875,1904,0.1268,0.2184,1.1205,4.903,-7.209,-2.443
382617,1858,1891,1914,0.1270,0.2175,1.1230,4.537,-7.297,-2.421
382627,1892,1872,1914,0.1261,0.2156,1.1233,4.195,-7.322,-2.447
382637,1867,1888,1923,0.1265,0.2141,1.1225,3.992,-7.301,-2.419
382647,1893,1875,1918,0.1272,0.2145,1.1221,3.915,-7.389,-2.338
382657,1865,1889,1922,0.1283,0.2154,1.1202,3.980,-7.521,-2.299
382667,1906,1882,1927,0.1295,0.2171,1.1184,4.184,-7.590,-2.278
382677,1871,1881,1923,0.1291,0.2195,1.1183,4.394,-7.616,-2.242
382687,1898,1879,1933,0.1281,0.2219,1.1165,4.469,-7.597,-2.205
382697,1871,1881,1927,0.1270,0.2222,1.1171,4.266,-7.611,-2.173
382707,1899,1876,1935,0.1264,0.2216,1.1149,3.774,-7.651,-2.170
382717,1869,1885,1927,0.1265,0.2195,1.1158,3.133,-7.746,-2.154
382727,1907,1883,1925,0.1288,0.2176,1.1165,2.548,-7.889,-2.133
382737,1867,1883,1932,0.1305,0.2140,1.1182,2.166,-8.008,-2.187
382747,1902,1880,1929,0.1313,0.2094,1.1175,2.085,-8.082,-2.294
382757,1868,1882,1926,0.1317,0.2054,1.1179,2.306,-8.139,-2.406
382767,1902,1883,1929,0.1310,0.2030,1.1172,2.768,-8.133,-2.493
382777,1866,1881,1936,0.1321,0.2028,1.1171,3.322,-8.176,-2.474
382787,1906,1878,1931,0.1332,0.2021,1.1184,3.837,-8.265,-2.502
382797,1864,1883,1942,0.1349,0.2040,1.1198,4.341,-8.292,-2.540
382807,1901,1879,1926,0.1360,0.2053,1.1201,4.805,-8.223,-2.595
382817,1869,1885,1939,0.1348,0.2057,1.1187,5.234,-8.083,-2.715
382827,1901,1878,1931,0.1343,0.2059,1.1168,5.637,-7.899,-2.781
382837,1862,1881,1938,0.1330,0.2079,1.1158,5.979,-7.842,-2.775
382847,1896,1878,1927,0.1329,0.2090,1.1145,6.244,-7.849,-2.804
382857,1859,1875,1933,0.1334,0.2099,1.1163,6.416,-7.972,-2.802
382867,1885,1881,1929,0.1323,0.2102,1.1177,6.495,-8.098,-2.870
382877,1867,1881,1934,0.1318,0.2121,1.1195,6.548,-8.143,-2.872
382887,1900,1880,1906,0.1319,0.2128,1.1188,6.533,-8.181,-2.878
382897,1859,1877,1924,0.1322,0.2133,1.1188,6.526,-8.222,-2.914
382907,1891,1884,1925,0.1329,0.2142,1.1195,6.506,-8.297,-2.937
382917,1864,1882,1919,0.1344,0.2128,1.1202,6.447,-8.404,-3.027
382927,1887,1884,1918,0.1355,0.2126,1.1197,6.375,-8.484,-3.076
382937,1858,1881,1928,0.1353,0.2126,1.1191,6.257,-8.510,-3.109
382947,1898,1883,1930,0.1359,0.2121,1.1190,6.148,-8.531,-3.114
382957,1859,1877,1929,0.1356,0.2117,1.1181,6.124,-8.523,-3.091
382967,1896,1887,1925,0.1357,0.2131,1.1178,6.137,-8.542,-3.043
382977,1856,1878,1915,0.1367,0.2143,1.1187,6.097,-8.578,-2.990
382987,1884,1882,1919,0.1377,0.2153,1.1180,6.075,-8.507,-2.953
382997,1851,1879,1915,0.1390,0.2166,1.1186,5.980,-8.441,-2.916
383007,1887,1894,1914,0.1393,0.2167,1.1194,5.803,-8.399,-2.897
383017,1844,1875,1915,0.1394,0.2151,1.1184,5.628,-8.267,-2.917
383027,1888,1885,1907,0.1403,0.2146,1.1197,5.456,-8.144,-2.901
383037,1852,1880,1918,0.1407,0.2144,1.1210,5.273,-8.048,-2.867
383047,1879,1878,1905,0.1407,0.2144,1.1218,5.160,-7.908,-2.830
383057,1852,1881,1914,0.1402,0.2146,1.1193,5.130,-7.710,-2.789
383067,1887,1879,1913,0.1397,0.2166,1.1201,5.090,-7.581,-2.692
383077,1859,1885,1924,0.1401,0.2175,1.1212,5.013,-7.488,-2.588
383087,1891,1879,1919,0.1410,0.2178,1.1210,4.901,-7.356,-2.516
383097,1859,1879,1927,0.1414,0.2183,1.1213,4.675,-7.212,-2.459
383107,1892,1881,1927,0.1423,0.2181,1.1212,4.338,-7.081,-2.414
383117,1859,1884,1928,0.1424,0.2183,1.1207,3.978,-6.911,-2.375
383127,1882,1874,1921,0.1413,0.2165,1.1196,3.624,-6.720,-2.332
383137,1852,1900,1932,0.1402,0.2154,1.1195,3.288,-6.580,-2.271
383147,1890,1874,1935,0.1397,0.2156,1.1212,3.013,-6.492,-2.151
383157,1857,1892,1935,0.1396,0.2138,1.1216,2.784,-6.423,-2.062
383167,1896,1878,1921,0.1400,0.2146,1.1220,2.540,-6.395,-1.991
383177,1865,1894,1934,0.1400,0.2137,1.1227,2.265,-6.384,-1.937
383187,1899,1877,1933,0.1410,0.2133,1.1240,1.950,-6.367,-1.786
383197,1861,1898,1939,0.1405,0.2127,1.1234,1.539,-6.394,-1.663
383207,1881,1875,1941,0.1409,0.2123,1.1229,1.083,-6.405,-1.571
383217,1831,1900,1932,0.1417,0.2114,1.1221,0.638,-6.363,-1.479
383227,1900,1875,1931,0.1429,0.2096,1.1210,0.214,-6.282,-1.360
383237,1865,1886,1921,0.1427,0.2074,1.1193,-0.133,-6.201,-1.208
383247,1919,1876,1942,0.1439,0.2063,1.1196,-0.433,-6.166,-1.021
383257,1867,1901,1935,0.1434,0.2037,1.1198,-0.634,-6.100,-0.926
383267,1855,1876,1936,0.1432,0.2018,1.1186,-0.743,-5.996,-0.818
383277,1932,1894,1922,0.1434,0.1999,1.1190,-0.790,-5.879,-0.682
383287,2361,1883,1928,0.1441,0.1977,1.1187,-0.723,-5.732,-0.533
383297,1914,1885,1914,0.1447,0.1953,1.1189,-0.590,-5.556,-0.398
383307,2027,1879,1933,0.1449,0.1938,1.1206,-0.379,-5.303,-0.249
383317,1971,1905,1933,0.1446,0.1926,1.1218,-0.124,-5.029,-0.100
383327,1911,1877,1922,0.1433,0.1910,1.1212,0.135,-4.714,0.035
383337,1895,1921,1939,0.1418,0.1895,1.1244,0.318,-4.404,0.252
383347,1822,1876,1933,0.1399,0.1905,1.1256,0.512,-4.044,0.536
383357,1916,1908,1936,0.1391,0.1907,1.1302,0.707,-3.735,0.918
383367,1836,1875,1905,0.1370,0.1898,1.1338,0.713,-3.480,1.137
383377,1902,1877,1904,0.1397,0.1902,1.1321,0.648,-3.073,1.398
383387,1818,1888,1874,0.1413,0.1914,1.1318,0.525,-2.726,1.693
383397,1909,1902,1918,0.1410,0.1898,1.1333,0.016,-2.575,1.839
383407,1849,1886,1928,0.1411,0.1890,1.1312,-0.530,-2.302,1.828
383417,1831,1899,1912,0.1426,0.1834,1.1289,-1.009,-2.100,1.747
383427,1966,1899,1903,0.1429,0.1750,1.1278,-1.420,-2.023,1.631
383437,1869,1896,1917,0.1426,0.1687,1.1238,-1.465,-1.838,1.660
383447,2010,1884,1896,0.1421,0.1648,1.1250,-1.202,-1.833,1.936
383457,1816,1951,1897,0.1420,0.1638,1.1271,-0.678,-2.004,2.281
383467,1977,1892,1903,0.1416,0.1638,1.1306,0.219,-2.193,2.649
383477,1815,1936,1895,0.1413,0.1634,1.1317,1.313,-2.399,2.923
383487,1994,1875,1922,0.1446,0.1688,1.1335,2.420,-2.509,3.469
383497,1875,1935,1906,0.1490,0.1751,1.1395,3.184,-2.536,4.234
383507,2213,1899,1923,0.1524,0.1801,1.1431,3.330,-2.393,4.810
383517,1879,1899,1878,0.1555,0.1828,1.1449,2.781,-2.042,5.379
383527,1954,1876,1910,0.1561,0.1835,1.1479,1.531,-1.637,5.894
383537,1919,1934,1862,0.1545,0.1865,1.1523,-0.255,-1.183,6.461
383547,1833,1903,1921,0.1525,0.1930,1.1561,-2.355,-0.801,7.099
383557,1815,1893,1863,0.1602,0.1870,1.1552,-4.512,-0.287,7.709
383567,2372,1906,1904,0.1628,0.1825,1.1673,-7.082,-0.161,8.519
383577,1884,1903,1826,0.1617,0.1818,1.1686,-10.000,0.095,9.846
383587,1940,1894,1912,0.1555,0.1791,1.1645,-12.980,0.853,11.297
383597,1866,1915,1842,0.1469,0.1703,1.1716,-16.390,1.216,12.310
383607,1886,1881,1914,0.1399,0.1618,1.1648,-19.432,1.557,12.933
383617,1857,1891,1834,0.1349,0.1545,1.1598,-21.158,2.083,13.565
383627,1940,1883,1879,0.1333,0.1449,1.1588,-21.908,2.371,14.110
383637,1873,1922,1875,0.1326,0.1332,1.1610,-21.543,2.703,14.362
383647,1910,1892,1908,0.1314,0.1177,1.1735,-20.315,3.000,14.240
383657,1865,1878,1886,0.1338,0.1117,1.1915,-18.126,3.723,14.322
383667,1965,1883,1880,0.1359,0.1152,1.2126,-15.813,4.873,14.809
383677,1861,1879,1901,0.1370,0.1230,1.2309,-14.064,6.404,15.471
383687,1943,1883,1900,0.1356,0.1284,1.2460,-13.055,8.305,15.849
383697,2188,1899,1922,0.1335,0.1297,1.2568,-12.790,10.320,15.753
383707,1927,1878,1907,0.1292,0.1293,1.2612,-13.112,12.373,15.392
383717,1888,1879,1898,0.1239,0.1270,1.2612,-13.562,14.369,14.957
383727,1928,1912,1864,0.1181,0.1210,1.2614,-14.146,16.072,14.464
383737,1852,1878,1895,0.1120,0.1124,1.2613,-14.750,17.450,13.981
383747,1932,1974,1926,0.1072,0.1036,1.2653,-15.234,18.629,13.717
383757,2001,1909,1870,0.1038,0.0945,1.2677,-15.660,19.802,13.760
383767,1829,1891,1893,0.1008,0.0855,1.2700,-15.965,21.081,14.108
383777,1963,1942,1923,0.0986,0.0759,1.2727,-16.137,22.379,14.720
383787,1996,1906,1922,0.0956,0.0687,1.2745,-16.024,23.791,15.412
383797,1906,1978,1908,0.0926,0.0626,1.2765,-15.655,25.246,16.182
383807,1906,1971,1936,0.0899,0.0559,1.2776,-14.900,26.857,16.948
383817,1870,2013,1936,0.0867,0.0498,1.2850,-13.887,28.476,17.667
383827,2050,1942,1944,0.0827,0.0461,1.2894,-12.521,30.309,18.415
383837,1951,1994,1959,0.0783,0.0442,1.2940,-10.831,32.392,19.169
383847,1985,1968,1966,0.0735,0.0408,1.2934,-9.003,34.617,19.811
383857,1922,2002,1967,0.0692,0.0323,1.2910,-7.064,36.848,20.341
383867,1973,1949,1955,0.0623,0.0237,1.2886,-5.284,38.942,20.977
383877,1907,2003,1971,0.0524,0.0178,1.2866,-3.724,40.914,22.121
383887,2065,1978,1959,0.0412,0.0161,1.2878,-2.575,42.576,23.801
383897,1845,2043,1981,0.0279,0.0179,1.2907,-1.887,43.961,25.785
383907,1858,1994,1974,0.0162,0.0202,1.2927,-1.556,45.204,27.830
383917,1831,2069,1992,0.0057,0.0202,1.2937,-1.506,46.338,29.678
383927,1841,1991,1969,-0.0037,0.0176,1.2922,-1.528,47.474,31.258
383937,1868,1969,1966,-0.0123,0.0132,1.2883,-1.490,48.610,32.590
383947,1910,1887,1941,-0.0205,0.0085,1.2821,-1.213,49.742,33.804
383957,1818,1928,1933,-0.0276,0.0014,1.2722,-0.592,50.819,34.863
383967,1948,1882,1897,-0.0343,-0.0070,1.2652,0.307,51.763,35.826
383977,1824,1880,1858,-0.0409,-0.0136,1.2582,1.616,52.631,36.815
383987,1835,1884,1872,-0.0469,-0.0178,1.2509,3.329,53.488,37.946
383997,2166,1928,1917,-0.0516,-0.0205,1.2434,5.444,54.400,39.134
384007,1834,1895,1886,-0.0557,-0.0218,1.2351,7.935,55.372,40.245
384017,1818,1899,1896,-0.0609,-0.0235,1.2268,10.830,56.344,41.249
384027,1826,1880,1880,-0.0644,-0.0256,1.2171,14.103,57.428,42.161
384037,1819,1916,1885,-0.0705,-0.0294,1.2087,17.689,58.551,42.928
384047,1863,1876,1858,-0.0770,-0.0313,1.2010,21.511,59.634,43.778
384057,1867,1948,1885,-0.0839,-0.0219,1.1925,25.672,60.870,44.973
384067,1868,1879,1843,-0.0886,-0.0113,1.1896,29.881,62.239,46.165
384077,1845,1965,1860,-0.0933,-0.0072,1.1901,33.698,63.548,46.786
384087,2028,1889,1820,-0.0972,-0.0013,1.1875,37.269,65.125,47.332
384097,1873,1886,1847,-0.0996,0.0007,1.1859,40.305,66.870,48.260
384107,1811,1879,1865,-0.1041,0.0031,1.1793,42.619,68.751,49.584
384117,1917,1908,1855,-0.1144,0.0124,1.1704,44.316,70.736,51.419
384127,1913,1881,1841,-0.1236,0.0274,1.1633,45.425,72.555,53.694
384137,2088,1930,1861,-0.1353,0.0382,1.1578,46.060,74.149,55.872
384147,1903,1893,1817,-0.1476,0.0512,1.1541,46.352,75.631,58.020
384157,1834,1880,1809,-0.1599,0.0664,1.1490,46.464,77.132,60.414
384167,1954,1896,1839,-0.1719,0.0822,1.1408,46.449,78.539,62.735
384177,1817,1889,1839,-0.1860,0.0991,1.1294,46.354,79.922,65.098
384187,1937,1882,1840,-0.2005,0.1189,1.1128,46.127,81.204,67.386
384197,1940,1883,1822,-0.2140,0.1438,1.0915,45.719,82.213,69.460
384207,1817,1887,1829,-0.2236,0.1642,1.0686,45.254,82.950,71.044
384217,1879,1889,1884,-0.2343,0.1845,1.0533,44.604,83.213,72.078
384227,2200,2020,1818,-0.2428,0.2092,1.0415,43.696,83.283,72.897
384237,2069,2132,1822,-0.2435,0.2248,1.0220,42.698,83.609,73.359
384247,2576,1987,1868,-0.2482,0.2291,1.0029,41.299,83.705,73.279
384257,2300,2014,1990,-0.2513,0.2256,0.9812,39.597,83.541,73.257
384267,2080,2085,2008,-0.2522,0.2137,0.9629,37.915,83.231,73.673
384277,2305,2075,1954,-0.2538,0.1985,0.9553,36.145,82.361,74.321
384287,2589,2147,2282,-0.2508,0.1952,0.9434,34.949,81.951,75.827
384297,2237,2138,1947,-0.2451,0.2082,0.9472,34.440,81.997,77.983
384307,1923,3482,1821,-0.2372,0.2356,0.9453,34.377,82.548,80.034
384317,1922,2880,2610,-0.2215,0.2394,0.9307,34.757,84.021,81.246
384327,1830,3232,1853,-0.1971,0.1822,0.9565,34.114,84.636,80.773
384337,1856,2142,1839,-0.1755,0.1037,1.0255,30.948,83.991,80.555
384347,2488,2026,2114,-0.1809,0.0509,1.0185,26.763,85.892,83.253
384357,2312,2043,1924,-0.2145,0.0715,0.9860,23.486,89.282,89.115
384367,1893,2451,1829,-0.2740,0.1259,0.9116,23.959,92.976,94.295
384377,2408,1895,1811,-0.3354,0.1917,0.8090,31.870,97.216,96.990
384387,2004,2971,1941,-0.3684,0.2369,0.7171,46.488,100.699,98.279
384397,1810,1928,1980,-0.3974,0.2345,0.6604,62.836,101.907,98.772
384407,1946,2092,2518,-0.4379,0.3904,0.6652,77.596,101.603,102.911
384417,2101,2080,1864,-0.4422,0.6046,0.6582,89.226,101.698,110.015
384427,1839,1951,2217,-0.4660,0.6905,0.6031,93.724,101.948,106.909
384437,1891,2626,2061,-0.4564,0.7226,0.6045,94.743,98.325,96.474
384447,2012,1901,1926,-0.4544,0.7326,0.5893,95.832,94.735,86.487
384457,3490,2465,1817,-0.4743,0.7473,0.5186,96.239,93.471,77.625
384467,2178,1974,2080,-0.4800,0.7456,0.4819,93.725,90.929,70.111
384477,1868,2451,2077,-0.4785,0.7137,0.4996,87.121,85.628,63.322
384487,2488,2390,2061,-0.4648,0.6684,0.5092,76.826,80.345,58.520
384497,1886,1918,1983,-0.4608,0.6387,0.5087,64.161,75.975,56.273
384507,1826,2461,2022,-0.4619,0.6578,0.5063,50.820,72.300,56.989
384517,1822,2707,1854,-0.4757,0.6843,0.4754,38.718,69.696,58.283
384527,2496,3110,2426,-0.4860,0.6909,0.4588,27.971,66.512,57.827
384537,4015,4095,3013,-0.4993,0.6784,0.4560,18.362,62.059,55.839
384547,1948,3390,2220,-0.5054,0.6608,0.4255,11.034,58.068,53.631
384557,2104,2289,2276,-0.5096,0.6273,0.3911,6.253,54.152,51.729
384567,2087,2809,2589,-0.5248,0.6032,0.3628,3.896,49.263,49.871
384577,2430,2344,2336,-0.5592,0.6276,0.3164,4.590,44.830,49.178
384587,2163,1858,1969,-0.5823,0.7059,0.2822,7.932,40.479,49.374
384597,2103,1405,1864,-0.5941,0.7462,0.2721,12.463,34.917,47.848
384607,1819,1750,1893,-0.5683,0.7813,0.2969,17.217,26.806,44.080
384617,2079,1977,1858,-0.5561,0.7626,0.3015,21.316,19.716,37.869
384627,3110,1460,1957,-0.5359,0.7402,0.3243,24.694,12.885,32.613
384637,1843,1610,1954,-0.5359,0.7414,0.3513,25.962,6.706,29.723
384647,1843,1422,1842,-0.5348,0.7659,0.3669,24.810,1.801,28.969
384657,1849,2036,1926,-0.5280,0.7748,0.4067,20.815,-3.224,28.833
384667,1783,1928,1952,-0.5223,0.7947,0.4490,13.801,-8.150,28.153
384677,2087,1832,1936,-0.4979,0.8077,0.4687,6.102,-11.466,27.830
384687,1793,2243,1862,-0.4867,0.7954,0.4974,-1.487,-14.585,25.617
384697,1849,1685,1818,-0.4745,0.7722,0.5221,-6.725,-16.906,22.280
384707,1819,1531,1808,-0.4646,0.7402,0.5392,-8.217,-17.983,18.730
384717,1962,1542,1828,-0.4634,0.7130,0.5551,-6.362,-18.179,15.470
384727,1844,1366,1830,-0.4699,0.7080,0.5619,-1.710,-17.405,13.545
384737,2046,2119,1821,-0.4802,0.7234,0.5634,3.657,-16.189,12.911
384747,1934,1922,2063,-0.4879,0.7493,0.5630,7.655,-15.327,12.552
384757,2133,1520,1968,-0.4806,0.7579,0.5828,9.100,-15.438,11.723
384767,2440,1838,2221,-0.4727,0.7546,0.6111,7.779,-16.335,10.069
384777,1844,2094,1881,-0.4692,0.7547,0.6156,5.807,-16.159,8.686
384787,1765,1426,1826,-0.4601,0.7429,0.6282,4.164,-15.497,7.682
384797,2341,1586,1841,-0.4619,0.7273,0.6521,2.316,-15.329,6.325
384807,1909,1939,1914,-0.4679,0.7277,0.6506,1.577,-14.082,5.714
384817,1943,1313,2081,-0.4695,0.7366,0.6426,1.916,-12.144,6.115
384827,2167,2032,1847,-0.4685,0.7391,0.6595,1.650,-11.191,6.244
384837,1918,1723,1981,-0.4616,0.7400,0.6806,0.553,-10.596,6.006
384847,1832,1315,1885,-0.4501,0.7297,0.6937,-0.725,-9.276,5.677
384857,2132,1416,1952,-0.4522,0.7233,0.7038,-2.177,-7.664,4.918
384867,2352,1497,2044,-0.4587,0.7328,0.6963,-2.370,-5.205,4.425
384877,2104,1431,1834,-0.4685,0.7501,0.6759,-1.010,-2.302,3.849
384887,2192,1547,2212,-0.4761,0.7640,0.6575,1.282,0.092,2.530
384897,1948,1862,1931,-0.4783,0.7701,0.6522,4.228,1.680,0.623
384907,1907,1663,1964,-0.4723,0.7659,0.6540,7.247,2.580,-1.568
384917,2488,1334,2289,-0.4648,0.7502,0.6586,10.374,3.334,-3.880
384927,1982,1458,2179,-0.4629,0.7293,0.6550,13.581,4.216,-5.914
384937,2527,1374,2042,-0.4687,0.7123,0.6404,16.728,5.435,-7.058
384947,1971,1436,1950,-0.4803,0.7093,0.6285,19.220,6.465,-7.064
384957,1822,1360,1905,-0.4914,0.7265,0.6209,20.421,6.988,-5.992
384967,1767,1767,1901,-0.4983,0.7487,0.6070,20.242,7.300,-4.604
384977,2157,1326,1821,-0.4961,0.7611,0.6020,18.494,6.960,-3.761
384987,1906,1365,1938,-0.4873,0.7554,0.6081,15.202,5.780,-3.652
384997,2279,1445,1841,-0.4849,0.7395,0.6011,11.761,4.868,-4.097
385007,1898,1358,2150,-0.4831,0.7191,0.5931,9.375,4.376,-4.506
385017,2161,1650,1804,-0.4880,0.6961,0.5903,8.221,3.751,-5.020
385027,2000,1339,1819,-0.4993,0.6882,0.5744,8.630,3.392,-5.174
385037,1949,1467,1813,-0.5062,0.6989,0.5521,10.717,3.359,-4.229
385047,2831,1565,1820,-0.5089,0.7188,0.5423,12.973,2.672,-3.095
385057,1766,1354,1956,-0.5078,0.7366,0.5354,14.558,1.532,-2.523
385067,1821,1561,1830,-0.4978,0.7456,0.5329,15.087,0.190,-2.444
385077,2202,1330,2052,-0.4878,0.7426,0.5496,13.982,-1.685,-2.793
385087,2179,1696,1832,-0.4805,0.7329,0.5690,11.692,-3.365,-3.247
385097,2130,1413,1889,-0.4754,0.7226,0.5768,9.060,-4.178,-3.405
385107,1911,1582,1983,-0.4760,0.7087,0.5804,6.597,-4.468,-3.494
385117,1765,1335,1886,-0.4808,0.7046,0.5844,4.797,-4.636,-3.371
385127,1769,1391,1807,-0.4822,0.7122,0.5824,4.144,-4.432,-2.610
385137,1948,1372,1807,-0.4823,0.7212,0.5818,4.211,-4.163,-1.963
385147,1852,1529,1846,-0.4846,0.7296,0.5842,4.463,-4.071,-1.870
385157,1910,1354,1830,-0.4854,0.7390,0.5835,4.944,-3.801,-2.080
385167,1771,1490,1879,-0.4857,0.7358,0.5872,4.999,-3.739,-2.737
385177,1988,1474,1834,-0.4916,0.7265,0.5956,4.275,-3.981,-3.806
385187,1791,1394,1832,-0.4985,0.7223,0.5970,3.453,-3.869,-4.350
385197,1949,1435,1994,-0.5070,0.7204,0.5969,2.615,-3.733,-4.375
385207,2008,1508,1875,-0.5118,0.7160,0.5941,1.719,-3.860,-4.226
385217,2475,1664,1926,-0.5130,0.7081,0.5963,0.809,-4.359,-4.000
385227,2235,1342,1839,-0.5109,0.7024,0.5996,-0.075,-5.008,-3.459
385237,2188,1386,1991,-0.5076,0.7023,0.6044,-0.864,-5.651,-2.640
385247,1769,1453,1918,-0.5041,0.7040,0.6057,-1.386,-6.088,-1.851
385257,1882,1850,1825,-0.5068,0.7060,0.6015,-1.494,-6.309,-1.364
385267,1982,1335,1811,-0.5079,0.7145,0.6038,-1.422,-6.742,-1.019
385277,2051,1393,1820,-0.5056,0.7171,0.6048,-1.257,-7.152,-0.793
385287,1909,1353,1870,-0.5046,0.7116,0.6109,-1.251,-7.638,-0.968
385297,1830,1398,1874,-0.5036,0.7097,0.6190,-1.340,-8.138,-1.034
385307,2017,1552,1983,-0.5021,0.7123,0.6217,-1.251,-8.259,-0.785
385317,1833,1365,2042,-0.5024,0.7140,0.6235,-1.168,-8.234,-0.609
385327,2026,1433,1822,-0.5023,0.7175,0.6251,-1.128,-8.246,-0.598
385337,1818,1358,1807,-0.4985,0.7207,0.6251,-1.014,-8.171,-0.611
385347,1865,1361,1865,-0.4940,0.7149,0.6263,-0.881,-8.119,-0.853
385357,2156,1358,1814,-0.4925,0.7051,0.6318,-0.760,-8.171,-1.375
385367,2005,1377,1822,-0.4913,0.6988,0.6361,-0.354,-7.989,-1.611
385377,1800,1400,1931,-0.4912,0.6947,0.6366,0.419,-7.527,-1.565
385387,2009,1339,1842,-0.4955,0.6947,0.6360,1.495,-7.061,-1.550
385397,1782,1372,1828,-0.5009,0.7038,0.6278,3.128,-6.434,-1.484
385407,1944,1346,1941,-0.5034,0.7159,0.6196,5.158,-5.796,-1.443
385417,1761,1597,1847,-0.5034,0.7239,0.6169,7.185,-5.523,-1.891
385427,2436,1372,1856,-0.5040,0.7273,0.6110,9.259,-5.306,-2.717
385437,1984,1344,1817,-0.5040,0.7272,0.6074,11.156,-5.074,-3.567
385447,2017,1372,1806,-0.5035,0.7218,0.6122,12.450,-5.158,-4.363
385457,1834,1383,1820,-0.5068,0.7206,0.6144,13.063,-5.317,-4.872
385467,1865,1348,1816,-0.5095,0.7282,0.6142,13.134,-5.268,-4.781
385477,1765,1413,1892,-0.5096,0.7371,0.6142,12.477,-5.244,-4.458
385487,2078,1380,1810,-0.5090,0.7425,0.6129,11.111,-5.330,-4.353
385497,1884,1395,1831,-0.5098,0.7485,0.6070,9.525,-5.353,-4.533
385507,1871,1400,1809,-0.5090,0.7512,0.6037,8.251,-5.323,-4.942
385517,1836,1372,1841,-0.5088,0.7478,0.6049,7.472,-5.428,-5.829
385527,1859,1383,1834,-0.5088,0.7435,0.6069,7.424,-5.448,-7.005
385537,1881,1358,1808,-0.5093,0.7405,0.6069,8.314,-5.196,-8.135
385547,1906,1365,1805,-0.5102,0.7419,0.6049,10.030,-4.803,-9.307
385557,1950,1352,1810,-0.5119,0.7488,0.6004,12.475,-4.231,-10.537
385567,1917,1351,1807,-0.5150,0.7600,0.5878,15.546,-3.466,-11.957
385577,1920,1386,1834,-0.5183,0.7709,0.5743,18.934,-2.882,-13.768
385587,1959,1392,1808,-0.5223,0.7852,0.5636,22.433,-2.620,-15.903
385597,1905,1356,1816,-0.5259,0.8030,0.5493,26.059,-2.471,-18.276
385607,1761,1353,1809,-0.5268,0.8173,0.5348,29.637,-2.554,-20.877
385617,2032,1357,1838,-0.5261,0.8281,0.5290,32.557,-3.174,-23.743
385627,2047,1387,1808,-0.5241,0.8384,0.5230,34.535,-4.088,-26.551
385637,1815,1416,1861,-0.5242,0.8535,0.5077,35.444,-4.906,-29.169
385647,1834,1357,1807,-0.5276,0.8777,0.4887,35.382,-5.675,-31.692
385657,1824,1376,1812,-0.5296,0.9005,0.4671,34.352,-6.833,-34.733
385667,1831,1356,1806,-0.5334,0.9140,0.4463,32.422,-8.481,-38.676
385677,1926,1379,1821,-0.5338,0.9160,0.4268,29.769,-10.710,-43.244
385687,1997,1360,1808,-0.5353,0.9095,0.4127,26.599,-13.517,-48.024
385697,1843,1402,1808,-0.5351,0.8988,0.4063,23.150,-16.797,-52.634
385707,2186,1424,1845,-0.5352,0.8842,0.4055,19.698,-20.290,-56.966
385717,1899,1397,1827,-0.5347,0.8657,0.4071,16.306,-23.801,-60.957
385727,1928,1364,1807,-0.5335,0.8497,0.4080,12.962,-27.206,-64.448
385737,1884,1380,1839,-0.5338,0.8349,0.4075,9.528,-30.513,-67.597
385747,1843,1383,1812,-0.5363,0.8208,0.4068,5.870,-33.805,-70.506
385757,1908,1459,1861,-0.5388,0.8056,0.4046,2.065,-37.171,-73.336
385767,1961,1411,1808,-0.5437,0.7881,0.4026,-1.784,-40.739,-76.151
385777,1842,1417,1868,-0.5484,0.7711,0.4033,-5.519,-44.419,-78.833
385787,1837,1362,1808,-0.5523,0.7532,0.4061,-8.909,-48.101,-81.328
385797,1828,1377,1825,-0.5515,0.7304,0.4245,-12.137,-52.060,-83.708
385807,1770,1360,1810,-0.5497,0.7021,0.4451,-15.406,-55.905,-86.077
385817,1755,1413,1843,-0.5524,0.6727,0.4548,-18.507,-58.979,-88.098
385827,1919,1363,1822,-0.5547,0.6520,0.4662,-21.517,-61.703,-89.363
385837,1952,1435,1872,-0.5586,0.6364,0.4816,-24.428,-64.377,-90.208
385847,1772,1380,1834,-0.5597,0.6188,0.4989,-27.088,-66.937,-91.141
385857,1759,1431,1865,-0.5568,0.5930,0.5201,-29.605,-69.481,-92.522
385867,1795,1372,1820,-0.5518,0.5629,0.5420,-31.931,-71.860,-94.049
385877,1892,1414,1856,-0.5486,0.5324,0.5603,-33.687,-73.712,-95.290
385887,1817,1378,1846,-0.5416,0.5054,0.5849,-34.906,-75.220,-96.126
385897,1818,1397,1877,-0.5318,0.4755,0.6119,-35.846,-76.537,-96.821
385907,1804,1371,1837,-0.5236,0.4401,0.6331,-36.418,-77.297,-97.588
385917,1810,1432,1866,-0.5170,0.4109,0.6450,-36.391,-77.515,-98.054
385927,1795,1369,1840,-0.5144,0.3863,0.6502,-35.442,-77.392,-97.979
385937,1933,1430,1882,-0.5187,0.3561,0.6494,-33.643,-77.304,-98.067
385947,1761,1380,1857,-0.5287,0.3255,0.6446,-31.164,-77.517,-98.337
385957,1770,1413,1894,-0.5363,0.3019,0.6428,-28.132,-78.304,-98.043
385967,1882,1422,1817,-0.5418,0.2839,0.6468,-24.669,-79.760,-97.196
385977,1859,1404,1873,-0.5428,0.2692,0.6531,-20.841,-81.601,-96.112
385987,1766,1377,1837,-0.5383,0.2534,0.6597,-16.633,-83.451,-95.041
385997,1845,1447,1905,-0.5299,0.2402,0.6658,-12.097,-85.246,-93.891
386007,1969,1390,1859,-0.5168,0.2293,0.6795,-7.474,-87.137,-92.503
386017,1862,1377,1839,-0.5060,0.2191,0.6966,-3.104,-88.974,-91.006
386027,1769,1375,1863,-0.4983,0.2114,0.7103,1.057,-90.461,-89.308
386037,1796,1453,1895,-0.4947,0.2064,0.7168,4.934,-91.648,-87.315
386047,1828,1378,1855,-0.4944,0.2032,0.7226,8.255,-93.029,-85.152
386057,1821,1423,1906,-0.4930,0.2015,0.7274,10.950,-94.862,-82.920
386067,1950,1380,1870,-0.4876,0.2007,0.7353,13.064,-97.153,-80.601
386077,2065,1431,1895,-0.4791,0.2008,0.7510,14.495,-99.898,-78.253
386087,1770,1382,1873,-0.4653,0.2016,0.7744,15.254,-102.821,-75.904
386097,1944,1449,1901,-0.4496,0.2012,0.8012,15.198,-105.641,-73.747
386107,1820,1382,1855,-0.4334,0.1978,0.8236,14.532,-107.964,-71.774
386117,1852,1416,1901,-0.4178,0.1940,0.8375,13.490,-109.584,-69.904
386127,1766,1387,1870,-0.4018,0.1908,0.8469,12.117,-110.922,-68.108
386137,1847,1409,1885,-0.3907,0.1890,0.8647,10.619,-112.344,-66.322
386147,1858,1393,1848,-0.3772,0.1914,0.8776,9.353,-113.563,-64.421
386157,1778,1455,1888,-0.3627,0.1933,0.8901,8.071,-114.526,-62.725
386167,1884,1400,1860,-0.3447,0.1966,0.9124,6.267,-115.572,-61.219
386177,1858,1421,1886,-0.3253,0.1971,0.9414,3.775,-116.519,-59.944
386187,1765,1389,1853,-0.3019,0.1921,0.9730,0.456,-117.018,-58.863
386197,1760,1449,1914,-0.2755,0.1817,1.0077,-4.155,-117.138,-57.826
386207,1761,1389,1857,-0.2516,0.1643,1.0400,-10.219,-116.699,-56.695
386217,1922,1430,1892,-0.2254,0.1413,1.0604,-17.057,-115.378,-55.237
386227,1762,1388,1847,-0.2035,0.1163,1.0676,-24.306,-113.326,-53.351
386237,1760,1423,1876,-0.1872,0.0893,1.0830,-32.577,-111.188,-50.488
386247,1893,1398,1831,-0.1775,0.0686,1.0914,-39.476,-108.903,-47.532
386257,2172,1475,1897,-0.1653,0.0548,1.0988,-44.514,-106.412,-44.490
386267,1759,1392,1829,-0.1550,0.0388,1.1083,-47.816,-103.944,-41.758
386277,1811,1450,1860,-0.1486,0.0224,1.1130,-49.576,-101.471,-39.624
386287,1784,1394,1825,-0.1430,0.0121,1.1186,-49.741,-98.915,-37.555
386297,1865,1456,1864,-0.1330,-0.0043,1.1287,-48.970,-96.517,-35.552
386307,1757,1447,1834,-0.1260,-0.0267,1.1388,-47.902,-94.379,-34.053
386317,1940,1461,1868,-0.1182,-0.0410,1.1495,-46.530,-92.405,-32.340
386327,1819,1403,1819,-0.1124,-0.0469,1.1582,-44.663,-90.385,-30.165
386337,1997,1412,1827,-0.1098,-0.0469,1.1648,-42.125,-88.381,-27.960
386347,1910,1396,1809,-0.1059,-0.0400,1.1630,-38.731,-86.456,-26.077
386357,1784,1472,1837,-0.1098,-0.0433,1.1598,-33.830,-84.681,-25.080
386367,1931,1492,1832,-0.1083,-0.0396,1.1654,-27.202,-83.556,-24.625
386377,1820,1491,1817,-0.1047,-0.0369,1.1706,-19.878,-82.711,-24.458
386387,1957,1421,1817,-0.0963,-0.0346,1.1740,-12.060,-81.968,-24.733
386397,1822,1498,1845,-0.0837,-0.0254,1.1816,-4.221,-81.273,-24.732
386407,1850,1470,1809,-0.0709,-0.0186,1.1910,3.297,-80.654,-24.681
386417,1785,1418,1838,-0.0618,-0.0087,1.1969,10.463,-79.942,-24.580
386427,1915,1439,1829,-0.0547,0.0055,1.2011,17.125,-79.242,-24.184
386437,1827,1479,1891,-0.0470,0.0222,1.2083,22.907,-78.866,-23.652
386447,1791,1428,1864,-0.0412,0.0367,1.2047,27.673,-78.651,-23.327
386457,1777,1406,1848,-0.0300,0.0490,1.2132,31.827,-78.808,-23.357
386467,1807,1488,1928,-0.0120,0.0602,1.2292,34.760,-79.391,-23.272
386477,2250,1397,1991,0.0045,0.0686,1.2463,37.181,-79.397,-23.440
386487,1776,1468,1980,0.0275,0.0862,1.2634,38.459,-78.941,-22.896
386497,1784,1623,1968,0.0437,0.0961,1.2798,38.965,-77.781,-22.194
386507,1898,1569,1981,0.0608,0.1125,1.2931,38.533,-76.346,-21.301
386517,1863,1506,1995,0.0728,0.1275,1.2951,37.235,-74.518,-20.381
386527,1770,1399,1969,0.0872,0.1381,1.2986,35.362,-72.383,-19.614
386537,1835,1432,1976,0.0968,0.1435,1.3014,32.811,-70.240,-19.189
386547,1992,1422,1970,0.1089,0.1495,1.3014,29.678,-68.009,-18.872
386557,1879,1403,1980,0.1209,0.1508,1.3045,25.933,-65.751,-18.534
386567,1762,1405,1996,0.1308,0.1484,1.3121,21.660,-63.518,-18.106
386577,1877,1422,1959,0.1389,0.1448,1.3177,17.198,-60.984,-17.523
386587,2052,1408,1929,0.1475,0.1390,1.3204,12.741,-58.214,-16.813
386597,1788,1452,1957,0.1557,0.1261,1.3151,8.633,-55.181,-16.091
386607,1817,1451,1955,0.1587,0.1107,1.3109,5.230,-52.070,-15.324
386617,1983,1474,1964,0.1610,0.1019,1.3026,2.736,-48.945,-14.210
386627,1761,1416,1915,0.1640,0.0965,1.2916,1.336,-45.922,-12.868
386637,1818,1506,1951,0.1666,0.0926,1.2803,0.935,-43.072,-11.667
386647,1815,1443,1905,0.1696,0.0884,1.2717,1.510,-40.513,-10.688
386657,1758,1519,1978,0.1730,0.0863,1.2666,2.773,-38.229,-9.952
386667,1758,1412,1921,0.1747,0.0858,1.2564,4.697,-35.885,-9.382
386677,1862,1443,1952,0.1764,0.0871,1.2465,6.986,-33.601,-8.919
386687,1836,1436,1962,0.1767,0.0874,1.2374,9.369,-31.535,-8.602
386697,1925,1434,1970,0.1753,0.0870,1.2253,11.705,-29.662,-8.365
386707,1757,1496,1990,0.1729,0.0871,1.2148,13.901,-28.017,-8.049
386717,1896,1526,1999,0.1716,0.0893,1.2093,15.780,-26.660,-7.628
386727,1849,1459,1959,0.1706,0.0936,1.2055,17.406,-25.442,-7.080
386737,1898,1510,2029,0.1716,0.0972,1.2027,18.773,-24.328,-6.465
386747,1839,1424,1895,0.1705,0.1012,1.2004,19.845,-23.249,-5.865
386757,1841,1528,1862,0.1699,0.1101,1.1951,20.714,-22.087,-5.111
386767,1961,1493,1974,0.1685,0.1203,1.1870,21.241,-20.957,-4.340
386777,2110,1597,2033,0.1670,0.1262,1.1783,21.268,-19.977,-3.893
386787,2067,1534,1993,0.1680,0.1294,1.1752,20.567,-19.376,-3.653
386797,1759,1480,1977,0.1688,0.1347,1.1736,19.024,-18.990,-3.232
386807,1763,1492,1882,0.1702,0.1435,1.1706,16.780,-18.406,-2.458
386817,2181,1565,2008,0.1723,0.1518,1.1728,13.836,-17.800,-1.563
386827,1767,1495,1998,0.1739,0.1550,1.1754,10.324,-17.198,-0.896
386837,1763,1560,1999,0.1752,0.1517,1.1767,6.749,-16.423,-0.540
386847,1889,1519,1975,0.1776,0.1445,1.1787,3.368,-15.646,-0.326
386857,1900,1545,2006,0.1798,0.1362,1.1783,0.549,-14.854,-0.169
386867,1999,1469,1976,0.1831,0.1282,1.1777,-1.363,-13.996,0.044
386877,1803,1552,1984,0.1861,0.1229,1.1770,-2.276,-13.131,0.361
386887,1908,1493,1969,0.1880,0.1193,1.1764,-2.220,-12.280,0.743
386897,1793,1605,2032,0.1878,0.1188,1.1726,-1.346,-11.381,1.175
386907,2079,1568,1999,0.1889,0.1211,1.1725,0.028,-10.561,1.630
386917,1990,1594,1997,0.1878,0.1224,1.1724,1.422,-9.849,1.859
386927,2053,1522,2018,0.1846,0.1240,1.1654,2.711,-9.074,1.905
386937,1825,1530,1993,0.1805,0.1292,1.1583,4.028,-8.423,1.981
386947,1811,1471,1963,0.1768,0.1336,1.1544,5.275,-8.114,2.014
386957,1807,1520,2018,0.1735,0.1352,1.1502,6.500,-7.938,1.806
386967,1925,1532,2015,0.1717,0.1373,1.1468,7.679,-7.842,1.604
386977,1759,1538,1976,0.1714,0.1399,1.1480,8.688,-7.922,1.511
386987,1859,1499,1954,0.1693,0.1433,1.1471,9.522,-8.019,1.388
386997,1926,1482,1978,0.1672,0.1474,1.1436,10.252,-7.965,1.241
387007,1800,1465,1917,0.1654,0.1511,1.1462,10.703,-8.049,0.978
387017,2050,1562,1994,0.1629,0.1522,1.1467,10.802,-8.205,0.447
387027,1818,1440,1959,0.1606,0.1519,1.1454,10.702,-8.279,-0.172
387037,1774,1573,1997,0.1602,0.1512,1.1445,10.342,-8.443,-0.769
387047,2057,1514,1952,0.1615,0.1496,1.1431,9.828,-8.664,-1.378
387057,1764,1526,1974,0.1626,0.1490,1.1423,9.277,-8.843,-1.913
387067,2013,1506,1969,0.1654,0.1482,1.1409,8.721,-9.052,-2.374
387077,1771,1605,1997,0.1691,0.1463,1.1414,8.099,-9.277,-2.781
387087,1795,1577,1963,0.1735,0.1439,1.1430,7.370,-9.424,-3.145
387097,1827,1535,1966,0.1780,0.1417,1.1425,6.495,-9.426,-3.401
387107,1810,1509,1970,0.1829,0.1397,1.1418,5.530,-9.328,-3.659
387117,2080,1515,1995,0.1860,0.1362,1.1416,4.640,-9.147,-3.916
387127,1888,1586,1960,0.1903,0.1314,1.1410,3.956,-8.923,-4.129
387137,1767,1573,1988,0.1949,0.1260,1.1364,3.585,-8.592,-4.277
387147,1991,1516,1957,0.1980,0.1238,1.1338,3.600,-8.202,-4.259
387157,2027,1620,1998,0.2001,0.1219,1.1301,4.019,-7.768,-4.106
387167,1761,1567,1944,0.2013,0.1225,1.1276,4.729,-7.324,-3.854
387177,1788,1548,1983,0.2012,0.1246,1.1266,5.535,-6.888,-3.467
387187,1771,1540,1956,0.1994,0.1277,1.1247,6.269,-6.401,-2.975
387197,1792,1535,1977,0.1971,0.1317,1.1244,6.781,-6.019,-2.439
387207,1990,1470,1940,0.1934,0.1354,1.1226,7.048,-5.680,-2.033
387217,1793,1519,1978,0.1897,0.1394,1.1210,7.124,-5.442,-1.762
387227,1758,1489,1934,0.1863,0.1428,1.1206,6.964,-5.429,-1.613
387237,1926,1576,1984,0.1832,0.1443,1.1194,6.726,-5.471,-1.661
387247,1760,1521,1942,0.1801,0.1481,1.1185,6.591,-5.516,-1.736
387257,1883,1581,1983,0.1769,0.1517,1.1178,6.515,-5.624,-1.889
387267,1880,1506,1948,0.1727,0.1546,1.1177,6.508,-5.813,-2.138
387277,1854,1535,2008,0.1695,0.1565,1.1159,6.413,-6.081,-2.499
387287,1769,1495,1948,0.1657,0.1568,1.1159,6.157,-6.432,-2.935
387297,1806,1534,2009,0.1642,0.1560,1.1159,5.646,-6.915,-3.392
387307,1851,1511,1965,0.1633,0.1551,1.1144,4.939,-7.423,-3.870
387317,1910,1582,1970,0.1630,0.1540,1.1133,4.135,-7.946,-4.324
387327,1920,1531,1968,0.1643,0.1501,1.1118,3.246,-8.573,-4.905
387337,2081,1590,1985,0.1673,0.1454,1.1113,2.332,-9.207,-5.560
387347,1774,1533,1967,0.1708,0.1390,1.1101,1.461,-9.804,-6.154
387357,1862,1604,1988,0.1746,0.1322,1.1078,0.675,-10.378,-6.660
387367,1759,1548,1964,0.1780,0.1254,1.1093,0.028,-10.931,-7.021
387377,1994,1639,2009,0.1793,0.1174,1.1140,-0.439,-11.472,-7.196
387387,1756,1580,1978,0.1808,0.1121,1.1197,-0.723,-11.908,-7.178
387397,2059,1614,1994,0.1839,0.1090,1.1248,-0.703,-12.111,-6.974
387407,1926,1519,1936,0.1882,0.1073,1.1291,-0.506,-12.137,-6.743
387417,1858,1587,1989,0.1920,0.1036,1.1316,-0.149,-11.971,-6.597
387427,1821,1544,1969,0.1948,0.1005,1.1317,0.393,-11.640,-6.483
387437,1836,1598,1996,0.1961,0.0967,1.1323,0.987,-11.291,-6.359
387447,1832,1553,1962,0.1965,0.0947,1.1347,1.626,-10.972,-6.180
387457,1815,1634,1993,0.1955,0.0966,1.1365,2.344,-10.618,-5.845
387467,1848,1542,1953,0.1948,0.0982,1.1361,2.974,-10.237,-5.525
387477,1797,1599,1988,0.1934,0.1004,1.1358,3.501,-9.874,-5.239
387487,1816,1573,1974,0.1923,0.1012,1.1349,3.959,-9.526,-4.985
387497,1766,1624,2153,0.1913,0.1016,1.1304,4.400,-9.139,-4.809
387507,1794,1512,1921,0.1916,0.1036,1.1264,4.791,-8.907,-4.524
387517,1895,1624,2030,0.1902,0.1056,1.1241,5.138,-8.784,-4.193
387527,1838,1530,1966,0.1919,0.1078,1.1247,5.485,-8.738,-3.821
387537,1759,1634,2001,0.1950,0.1105,1.1294,5.706,-8.784,-3.496
387547,1863,1492,1947,0.1996,0.1130,1.1337,5.911,-8.787,-3.208
387557,1813,1503,2000,0.2024,0.1147,1.1360,5.997,-8.580,-2.923
387567,2134,1483,1972,0.2055,0.1175,1.1366,5.995,-8.211,-2.581
387577,1828,1512,2003,0.2086,0.1201,1.1363,5.835,-7.794,-2.147
387587,1835,1464,1967,0.2168,0.1272,1.1318,5.460,-7.428,-1.720
387597,1811,1501,1990,0.2186,0.1244,1.1381,4.996,-7.117,-1.349
387607,1839,1455,1960,0.2116,0.1136,1.1366,4.233,-6.851,-1.751
387617,1811,1492,1997,0.2097,0.1199,1.1267,3.934,-6.106,-1.218
387627,1833,1459,1967,0.2087,0.1292,1.1306,3.919,-5.763,0.105
387637,1792,1481,1994,0.2049,0.1308,1.1268,4.046,-5.820,0.476
387647,1846,1448,1939,0.2065,0.1333,1.1230,4.881,-5.695,0.482
387657,1828,1490,1996,0.2025,0.1322,1.1272,5.521,-5.746,0.265
387667,1819,1452,1807,0.1994,0.1408,1.1249,6.086,-5.666,0.086
387677,1812,1494,1995,0.2000,0.1467,1.1279,6.801,-5.638,0.074
387687,1822,1449,1957,0.1956,0.1397,1.1313,7.446,-5.801,-0.626
387697,1809,1489,2023,0.1937,0.1368,1.1303,8.135,-5.819,-1.244
387707,2107,1449,1977,0.1937,0.1399,1.1306,8.681,-5.796,-1.173
387717,1805,1509,2014,0.1941,0.1407,1.1327,8.923,-5.822,-1.083
387727,1843,1455,1966,0.1938,0.1405,1.1326,8.860,-5.811,-1.229
387737,1819,1465,1995,0.1948,0.1399,1.1331,8.562,-5.744,-1.392
387747,1825,1455,1981,0.1933,0.1396,1.1345,8.016,-5.730,-1.498
387757,1795,1488,1930,0.1933,0.1384,1.1328,7.287,-5.720,-1.608
387767,1832,1458,1979,0.1930,0.1368,1.1309,6.534,-5.668,-1.785
387777,1802,1484,1922,0.1945,0.1337,1.1282,5.837,-5.637,-2.032
387787,1835,1455,1953,0.1947,0.1308,1.1255,5.266,-5.544,-2.274
387797,1807,1501,2029,0.1955,0.1279,1.1221,4.838,-5.405,-2.459
387807,1854,1457,1959,0.1964,0.1263,1.1165,4.551,-5.238,-2.598
387817,1814,1494,2018,0.1962,0.1247,1.1144,4.406,-5.149,-2.693
387827,1854,1457,1968,0.1949,0.1200,1.1139,4.318,-5.143,-2.901
387837,1809,1493,1994,0.1927,0.1217,1.1100,4.291,-5.084,-2.958
387847,1846,1472,2027,0.1963,0.1253,1.1098,4.224,-5.099,-2.723
387857,1809,1499,1993,0.1976,0.1207,1.1114,4.548,-5.234,-3.022
387867,1839,1463,1930,0.2004,0.1116,1.1165,5.281,-5.340,-3.607
387877,1809,1506,1990,0.1996,0.1163,1.1122,6.218,-4.961,-3.279
387887,1847,1468,1948,0.1995,0.1219,1.1120,7.085,-4.685,-2.636
387897,1813,1482,1994,0.1949,0.1241,1.1124,7.877,-4.662,-2.507
387907,1829,1459,1947,0.1965,0.1305,1.1176,8.611,-4.547,-2.350
387917,1812,1501,1977,0.1968,0.1285,1.1235,9.381,-4.531,-2.585
387927,1853,1462,2008,0.1961,0.1262,1.1246,10.358,-4.224,-2.967
387937,1772,1583,2061,0.1927,0.1324,1.1236,10.957,-3.761,-2.881
387947,1867,1462,1973,0.1894,0.1391,1.1212,10.994,-3.368,-2.593
387957,1808,1503,1993,0.1883,0.1417,1.1189,10.850,-3.139,-2.521
387967,1845,1463,2029,0.1887,0.1445,1.1181,10.539,-3.092,-2.662
387977,1807,1499,2018,0.1905,0.1455,1.1226,10.412,-3.096,-2.934
387987,1845,1469,1967,0.1860,0.1393,1.1250,10.856,-3.065,-3.805
387997,1800,1495,2001,0.1836,0.1338,1.1174,12.066,-2.634,-4.580
388007,1846,1467,1965,0.1827,0.1285,1.1175,13.076,-2.482,-4.870
388017,1817,1474,1993,0.1808,0.1294,1.1184,13.474,-2.829,-4.891
388027,1840,1466,1973,0.1835,0.1413,1.1219,14.043,-2.957,-4.300
388037,1824,1478,2001,0.1891,0.1413,1.1350,14.895,-3.463,-4.288
388047,1841,1466,1981,0.1890,0.1369,1.1370,16.147,-3.550,-4.822
388057,1812,1480,1996,0.1865,0.1414,1.1343,17.422,-3.112,-4.728
388067,1879,1490,2003,0.1838,0.1519,1.1341,18.156,-2.855,-4.087
388077,1819,1480,1997,0.1805,0.1610,1.1318,18.339,-2.793,-3.510
388087,1876,1471,1986,0.1788,0.1672,1.1326,17.889,-2.980,-3.311
388097,1809,1468,2026,0.1782,0.1696,1.1333,17.034,-3.276,-3.412
388107,1854,1468,1983,0.1788,0.1693,1.1317,16.091,-3.479,-3.552
388117,1809,1484,2008,0.1792,0.1703,1.1311,15.098,-3.715,-3.543
388127,1871,1470,1995,0.1790,0.1707,1.1295,14.203,-3.899,-3.475
388137,1767,1471,2028,0.1791,0.1709,1.1263,13.518,-3.974,-3.343
388147,1871,1490,1997,0.1796,0.1698,1.1263,12.899,-4.126,-3.213
388157,1788,1472,2034,0.1799,0.1700,1.1253,12.312,-4.249,-2.999
388167,1854,1506,1998,0.1789,0.1725,1.1244,11.773,-4.313,-2.660
388177,1806,1471,2062,0.1783,0.1769,1.1249,11.236,-4.356,-2.309
388187,1810,1490,1997,0.1769,0.1809,1.1228,10.510,-4.427,-2.124
388197,1814,1475,2026,0.1751,0.1823,1.1225,9.560,-4.617,-2.183
388207,1871,1487,2004,0.1745,0.1836,1.1208,8.532,-4.737,-2.321
388217,1823,1473,2089,0.1750,0.1836,1.1199,7.486,-4.889,-2.553
388227,1855,1491,1998,0.1757,0.1822,1.1187,6.586,-5.022,-2.813
388237,1810,1482,2004,0.1759,0.1785,1.1167,5.879,-5.065,-3.106
388247,1847,1482,1975,0.1762,0.1760,1.1142,5.407,-5.074,-3.394
388257,1819,1473,2016,0.1769,0.1733,1.1125,5.134,-5.109,-3.631
388267,1852,1477,1985,0.1778,0.1707,1.1120,5.079,-5.139,-3.800
388277,1803,1480,2015,0.1781,0.1694,1.1126,5.162,-5.150,-3.879
388287,1856,1491,1954,0.1780,0.1676,1.1131,5.347,-5.118,-3.955
388297,1800,1486,2053,0.1774,0.1653,1.1120,5.688,-5.038,-4.064
388307,1856,1474,2002,0.1773,0.1664,1.1132,6.221,-4.891,-3.990
388317,1862,1502,2044,0.1768,0.1662,1.1145,6.703,-4.846,-3.950
388327,1845,1479,1979,0.1749,0.1645,1.1124,7.191,-4.778,-4.074
388337,1808,1490,2004,0.1711,0.1603,1.1185,7.653,-4.772,-4.124
388347,1864,1485,1946,0.1703,0.1593,1.1168,8.134,-4.791,-4.123
388357,1822,1494,2033,0.1722,0.1632,1.1188,9.077,-4.746,-3.666
388367,1854,1486,1991,0.1734,0.1602,1.1267,9.843,-5.023,-3.471
388377,1807,1496,2057,0.1746,0.1594,1.1289,10.602,-5.079,-3.428
388387,1839,1483,1938,0.1768,0.1650,1.1327,11.089,-4.980,-3.000
388397,1817,1488,2041,0.1760,0.1715,1.1348,11.026,-4.893,-2.610
388407,1837,1501,1971,0.1754,0.1744,1.1329,10.596,-4.675,-2.413
388417,1815,1485,2052,0.1740,0.1760,1.1308,9.974,-4.455,-2.368
388427,1853,1487,1947,0.1745,0.1796,1.1290,9.406,-4.316,-2.161
388437,1807,1486,2038,0.1739,0.1762,1.1292,8.880,-4.377,-2.179
388447,1846,1490,2066,0.1726,0.1729,1.1234,8.505,-4.363,-2.300
388457,1802,1490,2050,0.1686,0.1815,1.1224,8.124,-4.430,-2.004
388467,1834,1484,2010,0.1683,0.1882,1.1272,7.648,-4.654,-1.565
388477,1809,1485,2027,0.1659,0.1849,1.1244,7.470,-4.844,-1.915
388487,1847,1511,1970,0.1681,0.1834,1.1212,7.849,-4.862,-2.170
388497,1815,1488,2033,0.1691,0.1846,1.1229,8.092,-5.104,-2.140
388507,1851,1504,1958,0.1678,0.1867,1.1218,8.259,-5.168,-2.043
388517,1804,1507,1962,0.1675,0.1885,1.1202,8.378,-5.087,-1.902
388527,1855,1512,1978,0.1676,0.1887,1.1196,8.270,-5.122,-1.862
388537,1818,1490,2037,0.1673,0.1876,1.1190,8.026,-5.152,-1.897
388547,1848,1495,1981,0.1681,0.1872,1.1186,7.794,-5.169,-1.894
388557,1810,1496,2069,0.1685,0.1856,1.1179,7.622,-5.159,-1.922
388567,1856,1500,1962,0.1675,0.1844,1.1157,7.555,-5.088,-2.030
388577,1815,1491,2081,0.1677,0.1838,1.1146,7.651,-5.051,-2.077
388587,1854,1508,1944,0.1679,0.1831,1.1149,7.905,-5.089,-2.075
388597,1821,1492,2095,0.1675,0.1