4859227,1828,1875,1934,0.0386,0.3561,1.0808,0.418,-0.200,1.336
4859237,1796,1901,1910,0.0387,0.3558,1.0832,0.403,-0.270,1.359
4859247,1851,1866,1942,0.0385,0.3549,1.0829,0.393,-0.314,1.281
4859257,1801,1925,1902,0.0380,0.3547,1.0838,0.393,-0.312,1.264
4859267,1830,1903,1939,0.0400,0.3564,1.0837,0.423,-0.271,1.404
4859277,1819,1916,1896,0.0404,0.3582,1.0826,0.528,-0.249,1.474
4859287,1835,1881,1935,0.0401,0.3591,1.0843,0.600,-0.312,1.433
4859297,1802,1913,1902,0.0392,0.3602,1.0813,0.687,-0.288,1.368
4859307,1835,1889,1923,0.0386,0.3606,1.0787,0.772,-0.203,1.361
4859317,1798,1918,1899,0.0399,0.3595,1.0819,0.724,-0.327,1.370
4859327,1830,1871,1930,0.0402,0.3584,1.0857,0.604,-0.631,1.322
4859337,1802,1918,1888,0.0386,0.3555,1.0838,0.513,-0.723,1.214
4859347,1830,1876,1926,0.0394,0.3555,1.0835,0.424,-0.733,1.273
4859357,1809,1913,1888,0.0397,0.3568,1.0838,0.419,-0.751,1.427
4859367,1832,1871,1923,0.0397,0.3577,1.0806,0.544,-0.660,1.495
4859377,1805,1910,1891,0.0412,0.3604,1.0811,0.662,-0.688,1.550
4859387,1822,1872,1924,0.0394,0.3605,1.0816,0.809,-0.789,1.451
4859397,1826,1907,1890,0.0374,0.3608,1.0803,0.939,-0.797,1.328
4859407,1827,1865,1926,0.0388,0.3617,1.0820,0.878,-0.832,1.386
4859417,1805,1910,1879,0.0396,0.3605,1.0830,0.698,-0.949,1.392
4859427,1829,1863,1921,0.0399,0.3583,1.0837,0.551,-1.086,1.295
4859437,1802,1911,1884,0.0412,0.3565,1.0843,0.504,-1.125,1.246
4859447,1833,1860,1919,0.0407,0.3567,1.0826,0.548,-1.039,1.271
4859457,1811,1899,1880,0.0407,0.3584,1.0826,0.669,-0.898,1.361
4859467,1837,1873,1914,0.0413,0.3596,1.0828,0.736,-0.798,1.438
4859477,1803,1895,1884,0.0403,0.3603,1.0823,0.751,-0.736,1.394
4859487,1835,1882,1921,0.0391,0.3604,1.0817,0.715,-0.706,1.313
4859497,1808,1892,1878,0.0391,0.3597,1.0826,0.623,-0.716,1.292
4859507,1817,1850,1922,0.0390,0.3590,1.0829,0.523,-0.701,1.296
4859517,1805,1879,1876,0.0395,0.3585,1.0835,0.486,-0.695,1.316
4859527,1833,1869,1916,0.0411,0.3588,1.0851,0.480,-0.695,1.339
4859537,1797,1894,1885,0.0420,0.3588,1.0846,0.505,-0.635,1.313
4859547,1824,1858,1914,0.0414,0.3591,1.0843,0.542,-0.520,1.229
4859557,1797,1883,1877,0.0410,0.3601,1.0830,0.582,-0.403,1.170
4859567,1823,1840,1915,0.0416,0.3596,1.0831,0.577,-0.334,1.151
4859577,1796,1902,1877,0.0413,0.3589,1.0836,0.538,-0.325,1.068
4859587,1825,1856,1912,0.0416,0.3586,1.0868,0.510,-0.359,1.006
4859597,1799,1902,1877,0.0429,0.3565,1.0878,0.552,-0.294,0.940
4859607,1829,1845,1915,0.0423,0.3554,1.0855,0.657,-0.136,0.843
4859617,1805,1905,1886,0.0426,0.3558,1.0854,0.692,-0.015,0.892
4859627,1833,1857,1914,0.0407,0.3563,1.0826,0.742,0.107,0.903
4859637,1804,1906,1869,0.0388,0.3580,1.0806,0.807,0.218,0.944
4859647,1833,1851,1917,0.0386,0.3605,1.0817,0.790,0.219,1.112
4859657,1800,1907,1879,0.0387,0.3611,1.0814,0.759,0.175,1.191
4859667,1845,1865,1911,0.0399,0.3610,1.0826,0.714,0.128,1.160
4859677,1804,1903,1871,0.0399,0.3602,1.0829,0.646,0.078,1.143
4859687,1832,1858,1911,0.0387,0.3594,1.0828,0.624,0.119,1.190
4859697,1801,1924,1873,0.0387,0.3588,1.0824,0.602,0.130,1.275
4859707,1829,1881,1905,0.0381,0.3590,1.0821,0.517,0.028,1.378
4859717,1801,1898,1878,0.0380,0.3605,1.0826,0.478,-0.084,1.514
4859727,1833,1857,1917,0.0386,0.3612,1.0839,0.480,-0.162,1.681
4859737,1800,1903,1887,0.0394,0.3614,1.0846,0.478,-0.249,1.746
4859747,1832,1876,1885,0.0399,0.3609,1.0838,0.442,-0.315,1.686
4859757,1808,1929,1867,0.0406,0.3599,1.0843,0.380,-0.325,1.634
4859767,1829,1867,1908,0.0405,0.3588,1.0847,0.327,-0.312,1.578
4859777,1810,1917,1880,0.0407,0.3564,1.0856,0.292,-0.301,1.488
4859787,1836,1856,1911,0.0417,0.3552,1.0866,0.301,-0.246,1.420
4859797,1804,1930,1864,0.0421,0.3557,1.0874,0.377,-0.151,1.349
4859807,1815,1872,1930,0.0432,0.3558,1.0871,0.438,-0.095,1.227
4859817,1809,1917,1870,0.0465,0.3532,1.0907,0.665,-0.036,1.077
4859827,1856,1864,1913,0.0483,0.3532,1.0865,0.954,0.071,1.032
4859837,1803,1921,1870,0.0486,0.3523,1.0884,1.229,0.151,0.912
4859847,1841,1888,1904,0.0461,0.3560,1.0875,1.362,0.121,0.717
4859857,1801,1896,1875,0.0507,0.3604,1.0918,1.490,0.250,0.874
4859867,1828,1885,1900,0.0464,0.3553,1.0925,1.258,0.290,0.326
4859877,1812,1898,1872,0.0415,0.3539,1.0880,1.222,0.467,-0.253
4859887,1842,1894,1900,0.0456,0.3599,1.0908,1.042,0.777,0.475
4859897,1799,1914,1863,0.0441,0.3590,1.0868,0.869,1.035,0.750
4859907,1853,1854,1915,0.0391,0.3601,1.0894,0.793,1.130,0.534
4859917,1805,1909,1871,0.0417,0.3631,1.0868,0.775,1.311,0.884
4859927,1833,1842,1903,0.0402,0.3680,1.0861,0.982,1.618,1.244
4859937,1798,1914,1874,0.0388,0.3706,1.0905,0.700,1.612,1.190
4859947,1852,1867,1908,0.0345,0.3709,1.0895,0.455,1.703,0.912
4859957,1802,1896,1879,0.0337,0.3767,1.0881,0.361,2.001,1.143
4859967,1840,1863,1911,0.0340,0.3829,1.0953,0.085,2.213,1.596
4859977,1832,1914,1891,0.0301,0.3819,1.0972,-0.628,2.476,1.467
4859987,1837,1904,1904,0.0253,0.3826,1.0934,-1.379,2.904,1.286
4859997,1837,1897,1887,0.0259,0.3880,1.0947,-2.486,3.166,1.769
4860007,1789,1911,1911,0.0277,0.3931,1.0927,-3.769,3.332,2.187
4860017,1785,1951,1891,0.0277,0.3935,1.0913,-5.031,3.418,2.153
4860027,1845,1871,1921,0.0287,0.3934,1.0962,-6.468,3.220,1.983
4860037,1936,1926,1879,0.0311,0.3930,1.1009,-8.159,3.031,1.986
4860047,1930,1927,1941,0.0318,0.3933,1.1049,-10.024,3.046,2.141
4860057,1797,1929,1897,0.0339,0.3925,1.1118,-12.053,3.006,2.329
4860067,1832,1855,1928,0.0351,0.3870,1.1164,-14.095,3.034,2.372
4860077,1804,1921,1895,0.0372,0.3745,1.1178,-16.334,3.140,2.357
4860087,1842,1861,1929,0.0346,0.3647,1.1230,-19.006,3.089,2.720
4860097,1795,1945,1901,0.0345,0.3576,1.1281,-22.119,2.969,3.693
4860107,1858,1918,1909,0.0360,0.3489,1.1255,-25.333,3.125,5.042
4860117,1832,1990,1896,0.0369,0.3411,1.1203,-28.633,3.335,6.436
4860127,1833,1847,1934,0.0354,0.3290,1.1225,-31.837,3.137,7.545
4860137,1801,1848,1934,0.0284,0.3171,1.1169,-34.253,2.948,8.506
4860147,1791,1840,1965,0.0205,0.3087,1.1103,-35.949,3.296,10.067
4860157,1790,1954,1932,0.0142,0.3069,1.1100,-37.705,3.426,11.556
4860167,1801,1884,1969,0.0068,0.2968,1.1055,-39.011,3.239,12.141
4860177,1795,1951,1937,0.0078,0.2815,1.0984,-39.593,2.969,12.425
4860187,1892,1881,1971,0.0079,0.2699,1.1051,-39.923,2.339,12.846
4860197,1858,1905,1968,0.0085,0.2667,1.1133,-40.085,1.622,13.476
4860207,1946,1868,2001,0.0095,0.2610,1.1081,-39.880,1.826,14.329
4860217,1793,1968,1993,0.0100,0.2558,1.1048,-39.533,2.104,14.688
4860227,1796,1864,2012,0.0114,0.2469,1.1051,-39.307,1.988,14.651
4860237,1844,1932,1989,0.0104,0.2409,1.1003,-38.955,2.008,14.492
4860247,1822,1961,1999,0.0137,0.2369,1.0982,-38.488,2.130,14.523
4860257,1794,1944,1976,0.0197,0.2344,1.1017,-38.404,1.876,14.581
4860267,1851,1969,1990,0.0159,0.2287,1.0969,-38.330,1.684,13.849
4860277,1892,1954,1979,0.0127,0.2239,1.0915,-38.033,1.535,12.843
4860287,1840,1902,2010,0.0142,0.2199,1.0916,-37.576,1.224,12.160
4860297,1788,1942,1980,0.0164,0.2124,1.0968,-36.821,0.616,11.086
4860307,1878,1782,2005,0.0174,0.1983,1.0975,-35.751,0.114,9.477
4860317,1811,2019,1968,0.0224,0.1863,1.0988,-34.189,-0.161,8.114
4860327,1854,1901,2012,0.0254,0.1777,1.1042,-32.352,-0.455,7.153
4860337,1815,1952,1965,0.0274,0.1695,1.1033,-30.062,-0.474,6.258
4860347,1808,1910,1990,0.0305,0.1611,1.1016,-27.403,-0.370,5.401
4860357,1836,1940,1966,0.0322,0.1547,1.1013,-24.506,-0.365,4.587
4860367,2039,1863,1990,0.0348,0.1484,1.1009,-21.447,-0.330,3.827
4860377,1788,1844,1974,0.0372,0.1422,1.1008,-18.379,-0.363,3.019
4860387,1894,1893,1996,0.0382,0.1375,1.1030,-15.350,-0.521,2.300
4860397,1804,1928,1968,0.0391,0.1352,1.1046,-12.324,-0.630,1.844
4860407,1824,1859,1988,0.0407,0.1348,1.1060,-9.285,-0.662,1.589
4860417,1916,1945,1944,0.0413,0.1355,1.1084,-6.365,-0.731,1.417
4860427,1924,1911,1994,0.0414,0.1374,1.1124,-3.561,-0.827,1.252
4860437,1787,1931,1962,0.0392,0.1411,1.1153,-0.891,-0.868,1.082
4860447,1857,1972,1983,0.0379,0.1464,1.1196,1.591,-0.871,0.935
4860457,1808,1877,1980,0.0359,0.1528,1.1233,3.754,-0.841,0.819
4860467,1829,1869,2003,0.0357,0.1593,1.1283,5.474,-0.817,0.757
4860477,1798,1957,1973,0.0350,0.1661,1.1336,6.698,-0.794,0.720
4860487,1973,1856,1998,0.0341,0.1734,1.1354,7.425,-0.704,0.729
4860497,1944,1902,1968,0.0331,0.1798,1.1354,7.754,-0.546,0.671
4860507,1929,1905,1983,0.0321,0.1812,1.1352,7.692,-0.509,0.462
4860517,1804,1952,1961,0.0317,0.1807,1.1343,7.381,-0.567,0.141
4860527,1843,1900,2016,0.0304,0.1794,1.1347,7.021,-0.649,-0.156
4860537,1883,1917,1987,0.0304,0.1792,1.1352,6.613,-0.753,-0.228
4860547,1791,1898,2004,0.0297,0.1809,1.1365,6.223,-0.836,-0.201
4860557,1807,1929,1964,0.0295,0.1828,1.1366,5.866,-0.905,-0.156
4860567,1794,1900,1996,0.0297,0.1853,1.1373,5.450,-1.034,-0.067
4860577,1802,1945,1967,0.0304,0.1884,1.1395,4.962,-1.113,0.028
4860587,1812,1904,1997,0.0315,0.1898,1.1410,4.371,-1.115,0.135
4860597,1809,1962,1967,0.0318,0.1905,1.1430,3.627,-1.079,0.237
4860607,1841,1960,1984,0.0311,0.1874,1.1413,2.523,-0.993,0.337
4860617,1800,1962,1983,0.0317,0.1848,1.1412,1.512,-0.962,0.475
4860627,1898,1860,1986,0.0325,0.1827,1.1416,0.604,-0.993,0.694
4860637,1845,1926,1967,0.0332,0.1807,1.1424,-0.161,-1.011,0.982
4860647,1917,1872,1998,0.0325,0.1832,1.1464,-0.898,-1.004,1.358
4860657,1857,1943,1991,0.0304,0.1835,1.1470,-1.564,-0.869,1.746
4860667,1854,1857,2007,0.0295,0.1815,1.1503,-2.355,-0.733,2.088
4860677,1822,1961,1962,0.0293,0.1797,1.1532,-3.297,-0.603,2.490
4860687,1816,1882,2012,0.0293,0.1771,1.1534,-4.225,-0.302,3.028
4860697,1829,1954,1952,0.0281,0.1745,1.1564,-5.298,-0.054,3.719
4860707,1980,1878,1999,0.0240,0.1753,1.1591,-6.128,0.180,4.485
4860717,1810,1900,1955,0.0232,0.1764,1.1566,-6.444,0.593,5.118
4860727,1874,1923,2011,0.0239,0.1727,1.1550,-6.433,0.841,5.401
4860737,1791,1985,1970,0.0260,0.1673,1.1556,-5.967,0.903,5.355
4860747,1875,1962,1975,0.0261,0.1625,1.1587,-4.702,1.020,5.207
4860757,1821,1992,1953,0.0270,0.1587,1.1609,-2.851,1.222,5.179
4860767,1835,1901,1988,0.0274,0.1602,1.1598,-0.322,1.563,5.291
4860777,1896,1909,1945,0.0288,0.1662,1.1638,2.654,1.803,5.459
4860787,1819,1922,1969,0.0297,0.1755,1.1734,5.765,1.942,5.573
4860797,1869,1910,1965,0.0307,0.1869,1.1885,8.775,2.219,5.565
4860807,1933,1829,1991,0.0342,0.2017,1.2003,11.424,2.778,5.440
4860817,1789,2021,1953,0.0357,0.2187,1.2078,13.689,3.691,5.199
4860827,1806,1979,1967,0.0372,0.2363,1.2188,15.469,4.788,4.872
4860837,1834,1850,1962,0.0368,0.2472,1.2344,16.595,5.909,4.174
4860847,1798,1884,1964,0.0363,0.2576,1.2514,17.021,7.237,3.261
4860857,1819,1940,1949,0.0372,0.2712,1.2712,16.732,8.918,2.553
4860867,1837,1846,1968,0.0393,0.2845,1.2976,15.407,10.902,2.146
4860877,1791,2031,1905,0.0422,0.2979,1.3274,12.947,13.349,1.869
4860887,1828,2035,1892,0.0432,0.3075,1.3555,9.494,16.469,1.507
4860897,1837,1994,1898,0.0440,0.3132,1.3815,5.081,20.138,0.956
4860907,1792,1832,1891,0.0428,0.3115,1.4059,-0.146,24.318,0.239
4860917,1798,2114,1835,0.0398,0.3035,1.4250,-5.718,28.968,-0.462
4860927,1827,2017,1841,0.0345,0.2935,1.4334,-11.301,33.950,-0.971
4860937,1893,2135,1798,0.0288,0.2827,1.4411,-16.872,38.890,-1.204
4860947,1798,1952,1856,0.0240,0.2665,1.4512,-22.646,43.591,-1.161
4860957,1792,2201,1783,0.0135,0.2481,1.4632,-28.811,48.229,-0.770
4860967,1803,2150,1831,0.0060,0.2363,1.4783,-35.843,53.059,0.685
4860977,1787,2267,1771,-0.0005,0.2236,1.4861,-43.643,58.432,3.052
4860987,1852,2188,1785,-0.0084,0.2111,1.4953,-52.221,64.137,5.709
4860997,1808,2406,1764,-0.0186,0.1945,1.4946,-61.510,70.174,8.136
4861007,1922,2219,1789,-0.0279,0.1700,1.4827,-70.823,76.400,9.934
4861017,1825,2153,1771,-0.0432,0.1429,1.4700,-79.916,82.418,11.367
4861027,2032,2041,1764,-0.0572,0.1095,1.4488,-87.908,88.372,12.926
4861037,1789,2097,1764,-0.0678,0.0717,1.4309,-94.564,93.970,14.925
4861047,1798,2100,1765,-0.0809,0.0280,1.4078,-99.812,99.118,17.046
4861057,2048,2106,1772,-0.0935,-0.0119,1.3835,-103.388,103.984,19.684
4861067,1856,2052,1795,-0.1065,-0.0461,1.3591,-105.489,108.580,23.397
4861077,1793,2111,1770,-0.1201,-0.0769,1.3276,-105.830,113.066,27.731
4861087,1932,2039,1831,-0.1313,-0.1077,1.3056,-104.740,117.118,32.344
4861097,1828,1989,1810,-0.1434,-0.1384,1.2863,-102.705,120.598,36.911
4861107,1929,1807,1766,-0.1607,-0.1607,1.2565,-100.182,123.960,41.692
4861117,1797,1878,1810,-0.1794,-0.1735,1.2166,-97.135,127.507,47.110
4861127,1975,1794,1783,-0.1937,-0.1808,1.1805,-93.819,130.537,52.640
4861137,1892,1905,1832,-0.2219,-0.1718,1.1397,-90.163,132.822,57.227
4861147,1943,1812,1772,-0.2426,-0.1614,1.0958,-85.134,135.170,61.734
4861157,1965,1834,1791,-0.2575,-0.1519,1.0750,-80.444,136.338,65.080
4861167,1877,1770,1773,-0.2839,-0.1647,1.0431,-75.749,136.626,65.272
4861177,1804,1846,1770,-0.3147,-0.1771,0.9969,-70.529,137.422,64.683
4861187,1955,1861,1770,-0.3358,-0.1826,0.9669,-65.548,137.895,65.639
4861197,1861,1737,1766,-0.3581,-0.1907,0.9432,-61.131,137.545,66.869
4861207,2026,1775,1776,-0.3879,-0.2021,0.9126,-56.853,137.291,68.113
4861217,1804,1814,1766,-0.4090,-0.2030,0.8796,-52.740,137.147,70.775
4861227,2195,1721,1803,-0.4295,-0.1989,0.8531,-48.899,136.875,74.697
4861237,1807,1938,1767,-0.4447,-0.1912,0.8301,-45.682,136.209,78.774
4861247,2019,1740,1807,-0.4593,-0.1840,0.8053,-42.834,135.327,82.509
4861257,1807,1760,1765,-0.4721,-0.1711,0.7797,-40.142,134.366,86.271
4861267,1874,1849,1791,-0.4814,-0.1520,0.7564,-37.461,133.213,90.106
4861277,2024,1854,1773,-0.4951,-0.1296,0.7335,-34.871,131.894,93.403
4861287,1835,1755,1777,-0.5056,-0.1069,0.7113,-32.316,130.143,95.682
4861297,1872,1971,1774,-0.5137,-0.0863,0.6925,-29.784,128.066,97.002
4861307,1951,1804,1766,-0.5225,-0.0670,0.6731,-27.131,125.965,97.419
4861317,2168,1972,1775,-0.5313,-0.0497,0.6526,-24.190,123.975,97.080
4861327,1785,1887,1773,-0.5401,-0.0331,0.6301,-21.115,121.811,96.077
4861337,2116,1917,1767,-0.5508,-0.0198,0.6106,-17.735,119.383,94.455
4861347,1796,1979,1773,-0.5609,-0.0060,0.5947,-14.122,116.817,92.467
4861357,1798,1835,1785,-0.5674,0.0031,0.5793,-10.471,114.188,90.152
4861367,1807,1815,1777,-0.5754,0.0126,0.5697,-6.823,111.524,87.649
4861377,2524,1791,1770,-0.5820,0.0248,0.5641,-3.294,108.891,85.393
4861387,1839,1849,1767,-0.5887,0.0421,0.5581,0.050,106.563,83.523
4861397,2188,1844,1771,-0.5992,0.0636,0.5472,3.075,104.555,81.943
4861407,2294,1726,1805,-0.6088,0.0862,0.5340,5.757,102.690,80.380
4861417,1965,1942,1773,-0.6182,0.1071,0.5134,8.230,100.904,78.384
4861427,1801,1942,1787,-0.6276,0.1230,0.4907,10.545,99.096,75.853
4861437,1808,1930,1766,-0.6361,0.1357,0.4725,12.441,96.857,72.745
4861447,1896,1896,1803,-0.6467,0.1442,0.4611,14.089,94.107,68.977
4861457,2340,1974,1771,-0.6568,0.1517,0.4456,15.581,91.406,65.111
4861467,2108,1810,1817,-0.6674,0.1620,0.4291,17.134,88.972,61.715
4861477,1800,1975,1824,-0.6814,0.1823,0.4257,18.316,86.293,59.081
4861487,1977,1915,1815,-0.6959,0.2054,0.4229,18.824,83.434,56.703
4861497,1919,1858,1767,-0.7128,0.2290,0.4107,18.480,80.740,54.023
4861507,1964,2001,1778,-0.7285,0.2481,0.3994,16.943,77.828,50.904
4861517,2168,1863,1771,-0.7428,0.2607,0.3981,14.139,74.051,47.186
4861527,2046,1910,1770,-0.7569,0.2646,0.4000,10.463,69.798,42.988
4861537,1785,1798,1775,-0.7716,0.2565,0.3958,6.544,65.589,38.525
4861547,2491,1820,1824,-0.7878,0.2412,0.3925,2.630,61.375,34.110
4861557,1864,1819,1769,-0.8055,0.2266,0.3876,-0.844,57.390,30.441
4861567,1863,1761,1905,-0.8240,0.2184,0.3802,-3.483,53.876,28.068
4861577,1824,1853,1774,-0.8415,0.2162,0.3748,-5.365,50.617,26.827
4861587,1790,1868,1787,-0.8599,0.2193,0.3727,-6.566,47.506,26.126
4861597,1794,1746,1783,-0.8780,0.2221,0.3639,-7.341,44.740,25.591
4861607,1881,1774,1856,-0.8892,0.2214,0.3550,-7.783,42.159,24.779
4861617,1834,1817,1834,-0.9034,0.2213,0.3526,-7.821,39.465,23.609
4861627,2211,1807,1803,-0.9162,0.2222,0.3563,-7.938,36.926,22.494
4861637,1961,1883,1796,-0.9287,0.2243,0.3590,-7.477,34.593,21.080
4861647,2410,1832,1811,-0.9453,0.2267,0.3563,-6.688,33.041,19.602
4861657,2112,1858,1772,-0.9579,0.2306,0.3416,-5.729,32.321,18.129
4861667,2502,1765,1777,-0.9714,0.2290,0.3245,-4.658,32.074,16.209
4861677,1801,1754,1779,-0.9847,0.2199,0.3025,-3.831,31.983,13.754
4861687,2265,1774,1793,-0.9990,0.2069,0.2791,-3.527,31.655,11.188
4861697,1990,1757,1787,-1.0117,0.1934,0.2576,-3.957,30.999,9.288
4861707,2403,1944,1772,-1.0226,0.1822,0.2344,-5.169,29.854,8.277
4861717,1896,1754,1779,-1.0365,0.1709,0.2014,-7.127,28.395,7.948
4861727,1781,1784,1808,-1.0508,0.1593,0.1654,-9.613,26.537,8.217
4861737,1937,1831,1783,-1.0595,0.1563,0.1253,-12.554,23.749,9.485
4861747,2127,1728,1805,-1.0638,0.1626,0.0939,-16.229,19.413,11.828
4861757,1819,1900,1884,-1.0661,0.1748,0.0611,-20.096,13.869,14.442
4861767,2132,1771,1986,-1.0681,0.1871,0.0280,-23.791,7.802,16.756
4861777,1831,1781,1805,-1.0742,0.1961,-0.0107,-27.701,1.208,18.174
4861787,1879,1757,1836,-1.0818,0.1919,-0.0598,-32.268,-6.337,18.277
4861797,1820,1741,1903,-1.0767,0.1635,-0.1213,-37.576,-15.262,17.687
4861807,2173,1790,1906,-1.0658,0.1198,-0.1646,-44.057,-27.064,17.274
4861817,2023,1734,1775,-1.0488,0.0899,-0.1444,-51.740,-42.725,18.443
4861827,2220,1767,1781,-1.0247,0.0777,-0.0908,-59.328,-59.784,21.823
4861837,3136,1938,1808,-0.9981,0.0617,-0.0562,-65.042,-75.438,25.656
4861847,2624,1827,1889,-0.9683,0.0296,-0.0312,-68.826,-89.892,28.744
4861857,2012,1743,1779,-0.9279,-0.0128,0.0179,-71.705,-104.685,31.875
4861867,1874,1739,1787,-0.8812,-0.0495,0.1111,-74.667,-120.275,36.518
4861877,1783,1834,1781,-0.8294,-0.0604,0.2397,-78.583,-135.644,44.243
4861887,1848,1742,1788,-0.7735,-0.0362,0.3995,-84.218,-148.930,55.204
4861897,1821,1869,1777,-0.7077,0.0135,0.5610,-92.245,-159.074,67.360
4861907,2622,1870,1786,-0.6397,0.0678,0.7085,-101.617,-165.224,78.415
4861917,1783,1730,1802,-0.5580,0.1295,0.8655,-112.585,-167.875,87.817
4861927,1796,1740,1789,-0.4790,0.1764,1.0028,-125.972,-167.769,94.085
4861937,1929,1849,1774,-0.4272,0.1989,1.1274,-139.136,-164.153,96.002
4861947,1944,1728,1791,-0.3769,0.2214,1.2262,-150.528,-156.985,96.393
4861957,2004,1734,1775,-0.3358,0.2340,1.3070,-159.679,-146.914,95.619
4861967,1900,1799,1780,-0.3072,0.2319,1.3728,-166.422,-134.681,93.478
4861977,1994,1757,1778,-0.2899,0.2231,1.4263,-169.771,-120.748,90.011
4861987,1844,1791,1775,-0.2823,0.2070,1.4598,-168.945,-105.397,84.945
4861997,1982,1870,1795,-0.2755,0.1895,1.4765,-163.855,-89.018,78.617
4862007,2047,1742,1834,-0.2721,0.1750,1.4769,-154.497,-71.955,71.732
4862017,1889,1819,1777,-0.2692,0.1695,1.4609,-140.900,-54.483,64.825
4862027,2065,1728,1785,-0.2711,0.1676,1.4313,-123.488,-37.037,57.476
4862037,1941,1863,1777,-0.2745,0.1644,1.3955,-103.488,-20.270,49.564
4862047,1887,1854,1785,-0.2792,0.1621,1.3575,-81.811,-4.551,41.079
4862057,2077,1776,1775,-0.2892,0.1628,1.3178,-59.498,10.185,32.237
4862067,1895,1766,1785,-0.3047,0.1669,1.2707,-37.354,23.846,23.239
4862077,1784,1765,1808,-0.3234,0.1750,1.2239,-16.168,36.300,14.383
4862087,1917,1781,1777,-0.3440,0.1814,1.1788,3.406,47.281,5.501
4862097,1920,1808,1775,-0.3672,0.1844,1.1393,20.910,56.758,-3.540
4862107,2064,1785,1777,-0.3915,0.1856,1.1024,35.881,64.931,-12.216
4862117,1872,1830,1785,-0.4205,0.1848,1.0680,48.369,72.060,-20.231
4862127,1985,1767,1790,-0.4507,0.1836,1.0384,58.260,78.132,-27.415
4862137,1779,1777,1778,-0.4804,0.1803,1.0139,65.663,83.185,-33.731
4862147,1784,1730,1789,-0.5105,0.1735,0.9892,70.838,87.536,-39.222
4862157,2367,1808,1776,-0.5423,0.1660,0.9665,74.106,91.380,-43.958
4862167,1777,1857,1776,-0.5733,0.1564,0.9424,75.909,94.962,-47.983
4862177,1778,1839,1784,-0.6038,0.1448,0.9173,76.662,98.348,-51.280
4862187,1808,1803,1794,-0.6309,0.1316,0.8882,76.800,101.607,-53.855
4862197,1834,1911,1869,-0.6567,0.1183,0.8618,76.445,104.623,-55.808
4862207,1905,1851,1789,-0.6787,0.1018,0.8344,75.674,107.378,-57.269
4862217,2933,1927,1783,-0.7018,0.0820,0.7998,74.814,110.153,-58.382
4862227,1815,1845,1789,-0.7232,0.0644,0.7661,74.019,112.947,-58.834
4862237,1934,1794,1825,-0.7457,0.0491,0.7267,73.416,115.774,-58.607
4862247,1916,1803,1836,-0.7673,0.0360,0.6801,73.180,118.644,-57.895
4862257,1950,1741,1794,-0.7922,0.0279,0.6322,73.228,121.381,-56.607
4862267,2269,1859,1776,-0.8162,0.0236,0.5821,73.380,123.743,-54.819
4862277,1877,1746,1776,-0.8452,0.0202,0.5302,73.585,125.631,-52.865
4862287,1792,1779,1797,-0.8718,0.0189,0.4749,73.560,126.735,-50.777
4862297,1994,1733,1777,-0.8969,0.0187,0.4269,72.557,126.527,-48.495
4862307,1912,1749,1782,-0.9199,0.0136,0.3642,70.644,124.636,-46.130
4862317,1907,1783,1780,-0.9369,0.0088,0.3071,68.912,122.379,-43.712
4862327,1844,1799,1912,-0.9554,0.0004,0.2521,67.234,119.494,-41.442
4862337,1907,1738,1785,-0.9699,-0.0112,0.1998,65.400,116.044,-39.241
4862347,2183,1748,1775,-0.9866,-0.0220,0.1528,62.999,111.944,-36.852
4862357,2125,1736,1786,-1.0021,-0.0329,0.1055,59.795,107.257,-33.984
4862367,1820,1742,1948,-1.0132,-0.0437,0.0565,55.900,102.029,-30.635
4862377,2156,1827,1875,-1.0189,-0.0585,0.0088,51.177,96.107,-26.874
4862387,1839,1733,1913,-1.0253,-0.0743,-0.0429,45.853,89.437,-22.811
4862397,1875,1802,1779,-1.0319,-0.0838,-0.0995,40.390,82.237,-17.885
4862407,2232,1738,1777,-1.0336,-0.0847,-0.1549,35.126,74.295,-12.075
4862417,2028,1771,1781,-1.0395,-0.0811,-0.2107,30.234,65.193,-6.234
4862427,1780,1746,1777,-1.0460,-0.0758,-0.2644,25.413,54.806,-0.832
4862437,2167,1846,1912,-1.0498,-0.0692,-0.3055,20.978,42.877,4.106
4862447,1969,1866,1835,-1.0506,-0.0544,-0.3279,16.880,29.468,9.076
4862457,1934,1737,1856,-1.0475,-0.0313,-0.3323,13.283,15.056,14.190
4862467,1913,1854,1873,-1.0438,-0.0062,-0.3313,9.871,0.431,18.970
4862477,2043,1771,1806,-1.0362,0.0154,-0.3276,6.393,-14.100,22.971
4862487,2218,1768,1779,-1.0307,0.0249,-0.3303,2.509,-28.557,26.055
4862497,1999,1747,1804,-1.0260,0.0298,-0.3367,-1.929,-43.127,28.807
4862507,1801,1852,1845,-1.0152,0.0389,-0.3399,-7.602,-58.205,32.230
4862517,1923,2041,1841,-0.9943,0.0530,-0.3302,-14.859,-74.066,36.409
4862527,2641,2020,1980,-0.9605,0.0700,-0.2977,-23.896,-90.871,40.899
4862537,2341,1899,1775,-0.9232,0.0885,-0.2341,-34.721,-108.181,44.859
4862547,2527,1824,1784,-0.8795,0.0976,-0.1454,-47.349,-125.273,47.795
4862557,2350,2142,1875,-0.8465,0.0906,-0.0569,-61.323,-140.951,49.153
4862567,1863,2355,2019,-0.8171,0.0734,0.0168,-75.953,-154.622,49.882
4862577,2058,2234,2030,-0.7840,0.0593,0.0876,-91.025,-166.672,51.728
4862587,2051,1733,1801,-0.7477,0.0508,0.1725,-106.552,-177.864,54.521
4862597,1782,1846,1841,-0.7044,0.0324,0.2918,-122.623,-188.891,56.672
4862607,2128,1742,1778,-0.6558,-0.0054,0.4393,-138.956,-199.293,57.075
4862617,1863,1869,1797,-0.6069,-0.0457,0.6019,-155.566,-207.534,56.615
4862627,2361,1787,1797,-0.5620,-0.0780,0.7653,-170.642,-212.299,56.853
4862637,2009,1865,1778,-0.5162,-0.0884,0.9093,-183.208,-211.701,59.821
4862647,1982,1903,1805,-0.4738,-0.0833,1.0430,-193.061,-206.337,64.065
4862657,2224,1927,1804,-0.4459,-0.0909,1.1596,-201.578,-197.978,67.168
4862667,1925,1749,1804,-0.4255,-0.1025,1.2657,-207.296,-187.113,68.973
4862677,1865,1758,1785,-0.4180,-0.1147,1.3525,-208.490,-173.579,70.587
4862687,2328,1759,1781,-0.4107,-0.1120,1.4217,-205.031,-157.540,72.354
4862697,2166,1858,1819,-0.4087,-0.1002,1.4677,-196.758,-139.531,73.176
4862707,1888,1738,1790,-0.4067,-0.0813,1.4903,-183.414,-120.296,72.322
4862717,1941,1766,1783,-0.4056,-0.0607,1.4918,-165.135,-100.445,69.600
4862727,1975,1748,1798,-0.4058,-0.0442,1.4822,-142.752,-80.733,64.930
4862737,1774,1734,1785,-0.4116,-0.0321,1.4609,-117.247,-61.716,58.502
4862747,1966,1779,1780,-0.4205,-0.0219,1.4296,-89.422,-43.469,50.916
4862757,1776,1984,1788,-0.4314,-0.0102,1.3835,-60.742,-26.068,42.871
4862767,1779,1747,1789,-0.4428,0.0029,1.3294,-32.161,-10.128,34.604
4862777,2018,1757,1782,-0.4531,0.0188,1.2708,-4.798,3.991,26.611
4862787,2026,1771,1781,-0.4679,0.0391,1.2121,20.800,16.361,18.972
4862797,1778,1741,1805,-0.4813,0.0579,1.1508,43.969,27.055,11.751
4862807,1841,1781,1788,-0.4993,0.0752,1.0950,63.968,35.745,4.781
4862817,1823,1776,1807,-0.5150,0.0876,1.0464,80.365,42.352,-1.866
4862827,1908,1755,1785,-0.5332,0.0956,0.9945,92.790,47.207,-7.984
4862837,1803,1788,1781,-0.5573,0.1005,0.9371,101.495,50.513,-13.485
4862847,1926,1742,1819,-0.5776,0.1058,0.8965,106.937,51.999,-18.082
4862857,1798,1742,1795,-0.5947,0.1095,0.8651,109.078,51.855,-21.746
4862867,1769,1738,1792,-0.6142,0.1063,0.8328,108.630,50.706,-25.365
4862877,2144,1737,1788,-0.6290,0.1035,0.8153,105.982,48.673,-28.168
4862887,2661,1820,1804,-0.6425,0.1048,0.8056,101.624,46.195,-29.684
4862897,1824,1740,1797,-0.6602,0.1074,0.7877,96.194,43.980,-30.340
4862907,1803,1757,1781,-0.6742,0.1149,0.7733,89.965,41.871,-30.174
4862917,2003,1756,1784,-0.6871,0.1190,0.7657,83.093,39.590,-29.668
4862927,1962,1740,1790,-0.7022,0.1202,0.7576,76.061,37.364,-29.515
4862937,1861,1775,1783,-0.7146,0.1200,0.7472,69.354,35.427,-29.321
4862947,1910,1769,1798,-0.7221,0.1204,0.7394,63.219,33.755,-28.761
4862957,1770,1740,1790,-0.7297,0.1207,0.7330,57.800,32.327,-28.123
4862967,1780,1774,1785,-0.7382,0.1197,0.7235,53.045,31.281,-27.554
4862977,1781,1734,1787,-0.7487,0.1188,0.7119,48.772,30.529,-26.819
4862987,2039,1800,1792,-0.7588,0.1191,0.7020,44.783,29.728,-25.854
4862997,1794,1790,1781,-0.7692,0.1195,0.6912,41.089,28.848,-24.851
4863007,2042,1776,1790,-0.7806,0.1198,0.6769,37.865,27.946,-23.909
4863017,1976,1751,1793,-0.7888,0.1214,0.6637,35.117,26.903,-22.833
4863027,1776,1736,1787,-0.7948,0.1214,0.6551,32.590,25.521,-21.719
4863037,1846,1760,1796,-0.7995,0.1174,0.6525,30.010,23.796,-20.825
4863047,1790,1738,1787,-0.8035,0.1115,0.6560,27.235,21.901,-20.040
4863057,1821,1752,1783,-0.8065,0.1058,0.6584,24.300,20.110,-19.012
4863067,1896,1743,1812,-0.8094,0.1016,0.6546,21.358,18.661,-17.599
4863077,1827,1750,1791,-0.8124,0.0947,0.6481,18.421,17.304,-16.046
4863087,1870,1741,1785,-0.8168,0.0870,0.6429,15.430,15.680,-14.531
4863097,1802,1744,1783,-0.8230,0.0791,0.6393,12.671,13.849,-12.830
4863107,1844,1744,1783,-0.8273,0.0753,0.6323,10.308,12.046,-10.637
4863117,1892,1743,1799,-0.8317,0.0732,0.6232,8.520,10.281,-8.150
4863127,1771,1744,1788,-0.8349,0.0740,0.6199,7.293,8.323,-5.618
4863137,1772,1749,1846,-0.8382,0.0788,0.6254,6.646,6.138,-3.118
4863147,1894,1752,1791,-0.8391,0.0892,0.6319,6.585,4.084,-0.544
4863157,2017,1793,1833,-0.8392,0.1040,0.6328,7.057,2.429,2.015
4863167,1843,1743,1792,-0.8377,0.1206,0.6387,7.889,0.887,4.191
4863177,1836,1751,1783,-0.8351,0.1374,0.6493,8.821,-0.776,5.766
4863187,1811,1742,1785,-0.8325,0.1543,0.6622,10.007,-2.320,6.815
4863197,1833,1741,1804,-0.8290,0.1733,0.6766,11.441,-3.476,7.601
4863207,1774,1747,1786,-0.8265,0.1924,0.6932,12.964,-4.252,7.990
4863217,1850,1743,1802,-0.8259,0.2115,0.7121,14.570,-4.635,7.744
4863227,1826,1740,1787,-0.8254,0.2284,0.7254,16.259,-4.548,6.973
4863237,1870,1742,1808,-0.8226,0.2437,0.7300,18.047,-3.938,5.807
4863247,1769,1774,1782,-0.8199,0.2545,0.7285,20.026,-3.006,4.268
4863257,1852,1741,1800,-0.8140,0.2613,0.7301,22.137,-2.144,2.400
4863267,1775,1772,1785,-0.8092,0.2638,0.7278,24.494,-1.318,0.170
4863277,1839,1743,1807,-0.8060,0.2650,0.7202,27.263,-0.447,-2.216
4863287,1789,1766,1787,-0.8031,0.2666,0.7131,30.429,0.316,-4.462
4863297,1885,1766,1824,-0.8017,0.2681,0.7072,34.073,0.688,-6.715
4863307,1865,1741,1799,-0.8009,0.2700,0.7012,38.239,0.750,-8.944
4863317,1844,1753,1786,-0.7987,0.2721,0.6929,43.103,0.657,-11.067
4863327,1770,1743,1785,-0.7942,0.2750,0.6934,48.481,0.312,-13.244
4863337,1877,1741,1791,-0.7918,0.2831,0.6965,54.474,-0.033,-15.670
4863347,1769,1783,1791,-0.7904,0.2929,0.6899,61.339,0.097,-18.470
4863357,1846,1741,1800,-0.7843,0.2992,0.6785,69.163,0.531,-21.976
4863367,1812,1791,1790,-0.7780,0.3009,0.6721,77.818,0.895,-26.470
4863377,1848,1743,1811,-0.7698,0.3001,0.6661,87.368,1.243,-31.844
4863387,1793,1766,1796,-0.7609,0.2942,0.6556,97.824,2.024,-37.462
4863397,1859,1756,1804,-0.7549,0.2911,0.6359,108.794,3.098,-42.882
4863407,1799,1761,1787,-0.7508,0.2904,0.6098,120.106,4.199,-47.866
4863417,1984,1750,1799,-0.7467,0.2876,0.5796,131.363,4.880,-52.382
4863427,1772,1832,1794,-0.7407,0.2793,0.5604,141.918,4.141,-56.882
4863437,1828,1747,1824,-0.7369,0.2658,0.5628,150.870,2.134,-61.164
4863447,1775,1815,1790,-0.7377,0.2598,0.5619,157.843,-0.116,-64.347
4863457,1850,1765,1806,-0.7511,0.2581,0.5344,163.582,-1.833,-66.228
4863467,1772,1810,1786,-0.7478,0.2673,0.5093,167.873,-3.883,-66.385
4863477,1837,1770,1816,-0.7455,0.2682,0.4920,170.978,-7.248,-66.434
4863487,1775,1760,1797,-0.7409,0.2582,0.4764,172.509,-11.574,-66.911
4863497,1816,1781,1812,-0.7282,0.2458,0.4744,173.164,-16.988,-66.943
4863507,1807,1798,1790,-0.7167,0.2377,0.4776,172.673,-22.616,-65.508
4863517,1813,1765,1817,-0.7096,0.2360,0.4669,171.333,-27.627,-62.746
4863527,2064,1754,1793,-0.7035,0.2413,0.4603,169.222,-32.558,-59.153
4863537,1941,1780,1814,-0.7000,0.2467,0.4563,166.233,-37.793,-55.416
4863547,1776,1793,1791,-0.7215,0.2436,0.4107,163.655,-42.683,-52.428
4863557,1849,1759,1829,-0.7242,0.2492,0.3972,162.269,-48.656,-49.250
4863567,1812,1821,1794,-0.7032,0.2627,0.4195,159.245,-55.794,-44.349
4863577,1884,1766,1832,-0.6965,0.2575,0.4071,155.846,-62.371,-41.336
4863587,2072,1792,1799,-0.6896,0.2510,0.3899,152.207,-68.648,-39.257
4863597,2031,1751,1839,-0.6654,0.2588,0.3978,147.638,-75.417,-35.451
4863607,1815,1803,1800,-0.6534,0.2666,0.3927,142.756,-81.801,-31.221
4863617,1814,1796,1801,-0.6474,0.2773,0.3939,137.683,-88.232,-27.307
4863627,1904,1785,1800,-0.6403,0.2981,0.4164,131.760,-95.092,-22.901
4863637,1946,1750,1829,-0.6339,0.3197,0.4306,125.090,-101.359,-18.630
4863647,1915,1747,1857,-0.6315,0.3357,0.4414,117.493,-107.034,-15.323
4863657,1837,1772,1841,-0.6219,0.3505,0.4596,108.725,-112.995,-12.757
4863667,1817,1831,1802,-0.6108,0.3638,0.4801,98.696,-118.918,-10.394
4863677,1775,1752,1839,-0.5977,0.3813,0.5021,88.030,-124.490,-8.125
4863687,1789,1800,1808,-0.5806,0.4031,0.5290,76.814,-129.641,-5.972
4863697,2042,1751,1826,-0.5641,0.4224,0.5653,65.334,-134.274,-4.494
4863707,1817,1786,1802,-0.5574,0.4434,0.6088,53.701,-138.452,-4.251
4863717,1801,1746,1881,-0.5549,0.4551,0.6383,42.405,-141.528,-5.282
4863727,1777,1807,1811,-0.5518,0.4571,0.6682,31.497,-143.959,-7.323
4863737,1802,1838,1833,-0.5443,0.4505,0.7174,20.222,-146.694,-10.044
4863747,1785,1818,1804,-0.5408,0.4386,0.7612,8.851,-149.048,-13.295
4863757,2044,1801,1830,-0.5375,0.4314,0.7909,-1.896,-150.239,-16.104
4863767,1789,1808,1871,-0.5250,0.4341,0.8217,-11.884,-150.566,-17.566
4863777,2093,1807,1847,-0.5085,0.4366,0.8584,-21.014,-150.420,-18.938
4863787,1773,1882,1806,-0.4920,0.4258,0.8990,-29.478,-149.888,-21.627
4863797,1811,1757,1869,-0.4747,0.4065,0.9404,-37.242,-148.863,-25.249
4863807,1801,1808,1826,-0.4588,0.3837,0.9695,-44.157,-146.860,-28.804
4863817,1797,1802,1859,-0.4425,0.3637,0.9907,-50.070,-144.005,-31.870
4863827,1899,1806,1859,-0.4300,0.3403,1.0076,-54.780,-140.545,-34.729
4863837,1984,1805,1860,-0.4151,0.3122,1.0214,-58.135,-137.027,-37.790
4863847,1872,1843,1913,-0.4003,0.2790,1.0387,-60.216,-133.907,-40.901
4863857,2095,1842,1877,-0.3824,0.2430,1.0514,-61.035,-130.857,-43.321
4863867,1953,1840,1934,-0.3618,0.2117,1.0668,-60.692,-127.638,-44.488
4863877,2231,1894,1859,-0.3436,0.1844,1.0748,-59.598,-124.309,-44.559
4863887,2279,1985,1945,-0.3288,0.1575,1.0780,-57.493,-120.850,-43.972
4863897,2176,1926,1912,-0.3122,0.1353,1.0863,-55.123,-117.796,-42.610
4863907,2201,1938,1913,-0.2961,0.1101,1.0944,-52.638,-115.171,-40.777
4863917,1943,1992,1890,-0.2791,0.0891,1.1095,-50.092,-112.859,-38.256
4863927,1809,2271,1983,-0.2587,0.0774,1.1215,-47.460,-110.658,-34.798
4863937,1773,2092,1901,-0.2428,0.0731,1.1387,-44.774,-108.314,-30.770
4863947,1950,2117,1857,-0.2283,0.0764,1.1585,-42.322,-106.044,-26.437
4863957,2127,1971,1812,-0.2131,0.0802,1.1709,-40.082,-103.723,-22.342
4863967,1849,2148,1839,-0.1997,0.0864,1.1853,-38.021,-101.279,-18.844
4863977,2003,2216,1895,-0.1844,0.0834,1.1957,-35.771,-98.065,-16.491
4863987,2140,2370,1931,-0.1682,0.0736,1.2063,-33.598,-95.159,-15.189
4863997,1905,2371,1969,-0.1537,0.0653,1.2122,-31.199,-92.186,-14.379
4864007,1819,2506,2042,-0.1417,0.0608,1.2155,-28.820,-88.999,-13.689
4864017,2539,2431,2064,-0.1307,0.0547,1.2180,-26.732,-85.964,-13.120
4864027,1934,2545,2149,-0.1229,0.0500,1.2189,-24.747,-83.020,-12.551
4864037,1935,2476,2136,-0.1201,0.0475,1.2228,-22.816,-79.955,-11.910
4864047,2066,2511,2215,-0.1184,0.0466,1.2288,-21.158,-77.086,-11.204
4864057,1982,2543,2272,-0.1153,0.0462,1.2374,-19.854,-74.393,-10.568
4864067,1921,2621,2503,-0.1114,0.0448,1.2467,-18.734,-71.644,-10.020
4864077,2027,2563,2454,-0.1066,0.0446,1.2551,-17.735,-68.715,-9.498
4864087,1853,2711,2533,-0.1008,0.0464,1.2659,-16.890,-65.789,-8.936
4864097,1796,2529,2424,-0.0971,0.0487,1.2761,-16.440,-62.864,-8.394
4864107,1909,2621,2446,-0.0926,0.0477,1.2812,-16.219,-59.875,-7.920
4864117,2118,2548,2250,-0.0879,0.0488,1.2802,-16.300,-56.917,-7.480
4864127,1912,2639,2293,-0.0847,0.0472,1.2782,-16.513,-53.991,-7.099
4864137,1800,2609,2213,-0.0804,0.0475,1.2754,-16.755,-51.245,-6.720
4864147,1910,2707,2168,-0.0764,0.0473,1.2666,-16.893,-48.606,-6.294
4864157,1942,2618,2061,-0.0719,0.0466,1.2588,-16.793,-46.194,-5.802
4864167,1768,2609,2102,-0.0665,0.0474,1.2541,-16.611,-44.075,-5.255
4864177,1868,2500,2061,-0.0595,0.0463,1.2495,-16.257,-42.114,-4.673
4864187,1834,2533,2181,-0.0534,0.0442,1.2456,-15.995,-40.343,-4.075
4864197,1825,2430,2106,-0.0460,0.0426,1.2457,-15.856,-38.734,-3.436
4864207,2013,2503,2159,-0.0409,0.0425,1.2445,-15.935,-37.277,-2.733
4864217,1791,2595,2173,-0.0389,0.0437,1.2402,-15.962,-35.854,-1.987
4864227,1942,2715,2266,-0.0375,0.0450,1.2360,-15.859,-34.577,-1.265
4864237,1872,2686,2136,-0.0358,0.0453,1.2330,-15.594,-33.563,-0.722
4864247,1770,2615,2061,-0.0272,0.0442,1.2346,-15.209,-32.778,-0.392
4864257,1781,2524,2069,-0.0225,0.0467,1.2387,-14.483,-31.839,-0.124
4864267,1810,2574,2093,-0.0131,0.0450,1.2388,-13.119,-30.478,-0.048
4864277,1954,2202,1986,-0.0020,0.0434,1.2430,-11.324,-29.130,-0.208
4864287,2086,2237,1894,0.0032,0.0373,1.2471,-8.781,-27.536,-0.494
4864297,1815,2064,1793,0.0065,0.0342,1.2522,-5.336,-25.789,-0.722
4864307,1772,2133,1802,0.0123,0.0319,1.2602,-1.647,-24.047,-0.907
4864317,2001,1864,1887,0.0149,0.0338,1.2622,1.855,-22.188,-0.999
4864327,1776,2013,1797,0.0172,0.0381,1.2605,5.278,-20.128,-1.012
4864337,1827,1905,1841,0.0201,0.0436,1.2577,8.139,-18.125,-1.017
4864347,1771,1973,1826,0.0238,0.0487,1.2562,10.308,-16.318,-0.993
4864357,1784,1959,1887,0.0276,0.0546,1.2523,11.844,-14.522,-0.883
4864367,1774,1983,1823,0.0319,0.0616,1.2519,12.903,-12.714,-0.606
4864377,1786,1971,1868,0.0342,0.0615,1.2470,13.492,-11.044,-0.500
4864387,1992,1977,1837,0.0352,0.0652,1.2384,13.778,-9.473,-0.338
4864397,1772,1934,1893,0.0387,0.0702,1.2291,13.864,-8.127,0.013
4864407,1771,1985,1886,0.0399,0.0761,1.2256,14.018,-6.842,0.346
4864417,1775,1988,1895,0.0396,0.0762,1.2241,14.233,-5.679,0.210
4864427,1785,2105,1821,0.0403,0.0741,1.2180,14.475,-4.673,-0.130
4864437,1959,2099,1905,0.0410,0.0741,1.2084,14.559,-3.772,-0.247
4864447,1775,2170,1882,0.0430,0.0783,1.1964,14.466,-2.958,0.080
4864457,1779,2125,1909,0.0457,0.0874,1.1866,14.142,-2.200,0.869
4864467,1795,2178,1844,0.0453,0.0913,1.1738,13.699,-1.584,1.353
4864477,1840,2143,1885,0.0439,0.0924,1.1616,13.144,-1.322,1.144
4864487,1803,2200,1948,0.0452,0.0942,1.1558,12.380,-1.334,0.987
4864497,1805,2174,1950,0.0486,0.0981,1.1538,11.464,-1.402,1.034
4864507,1993,2292,1925,0.0536,0.1045,1.1554,11.567,-1.485,1.218
4864517,1788,2318,1942,0.0597,0.1019,1.1586,12.458,-1.336,1.387
4864527,1946,2299,1905,0.0566,0.0901,1.1561,13.659,-1.253,0.227
4864537,1868,2458,1950,0.0501,0.0867,1.1521,14.820,-1.090,-0.844
4864547,1905,2745,1910,0.0496,0.0947,1.1497,15.699,-0.778,-0.326
4864557,1856,2822,1906,0.0504,0.1066,1.1435,16.402,-0.285,0.789
4864567,1789,2908,1907,0.0501,0.1173,1.1429,16.966,-0.095,1.307
4864577,1823,2864,1927,0.0492,0.1231,1.1447,17.303,-0.249,1.127
4864587,1875,2964,1908,0.0458,0.1239,1.1442,17.678,-0.400,0.494
4864597,1827,2970,1943,0.0444,0.1241,1.1449,17.710,-0.552,-0.003
4864607,1857,3085,1884,0.0457,0.1247,1.1475,17.466,-0.764,-0.143
4864617,1774,3034,1919,0.0467,0.1251,1.1505,16.905,-0.913,-0.059
4864627,1841,3106,1913,0.0471,0.1263,1.1521,16.264,-1.038,-0.203
4864637,1821,3038,1893,0.0412,0.1327,1.1511,15.835,-1.021,-0.285
4864647,1795,3257,1890,0.0393,0.1307,1.1400,15.651,-0.781,-0.427
4864657,2321,3049,1909,0.0395,0.1312,1.1401,15.579,-0.833,-0.648
4864667,1792,3189,1801,0.0428,0.1341,1.1448,15.320,-1.113,-0.458
4864677,1834,3001,1910,0.0443,0.1378,1.1424,15.282,-1.060,-0.256
4864687,1806,3024,1871,0.0445,0.1414,1.1427,14.963,-0.975,-0.092
4864697,1797,2951,1896,0.0441,0.1421,1.1418,14.481,-1.096,-0.238
4864707,2100,2942,1875,0.0415,0.1394,1.1382,14.130,-1.267,-0.627
4864717,1778,2742,1884,0.0435,0.1388,1.1360,13.750,-1.463,-0.657
4864727,1771,2668,1855,0.0437,0.1410,1.1337,13.703,-1.605,-0.485
4864737,1826,2490,1928,0.0442,0.1444,1.1312,14.004,-1.580,-0.230
4864747,1783,2501,1904,0.0466,0.1446,1.1308,14.528,-1.684,-0.270
4864757,1796,2394,1913,0.0464,0.1447,1.1308,15.259,-1.886,-0.494
4864767,2046,2478,1853,0.0495,0.1505,1.1338,16.069,-1.909,-0.182
4864777,1795,2343,1905,0.0510,0.1544,1.1330,16.606,-1.860,0.119
4864787,1842,2376,1886,0.0491,0.1541,1.1292,16.917,-1.891,-0.173
4864797,1885,2289,1912,0.0488,0.1563,1.1296,17.085,-2.059,-0.380
4864807,1774,2242,1872,0.0498,0.1610,1.1298,17.178,-2.218,-0.224
4864817,1783,2243,1868,0.0486,0.1638,1.1273,17.552,-2.208,-0.222
4864827,1783,2309,1832,0.0465,0.1673,1.1249,18.027,-2.171,-0.375
4864837,1805,2205,1901,0.0475,0.1685,1.1254,18.605,-2.308,-0.567
4864847,1786,2221,1880,0.0479,0.1711,1.1277,19.240,-2.454,-0.633
4864857,1778,2084,1916,0.0478,0.1731,1.1243,19.981,-2.526,-0.697
4864867,1809,2205,1897,0.0463,0.1784,1.1202,20.888,-2.554,-0.691
4864877,1813,2135,1908,0.0498,0.1872,1.1238,21.744,-2.678,-0.300
4864887,1802,2198,1818,0.0480,0.1944,1.1250,22.374,-2.805,-0.250
4864897,1849,2183,2043,0.0482,0.2004,1.1277,23.127,-2.868,-0.602
4864907,1859,2172,1861,0.0513,0.2036,1.1328,23.451,-2.954,-0.844
4864917,1908,2084,1909,0.0529,0.2053,1.1379,23.448,-2.945,-1.099
4864927,1784,2164,1877,0.0559,0.2105,1.1470,22.586,-2.996,-1.006
4864937,1880,2104,1908,0.0555,0.2164,1.1492,21.227,-2.851,-0.682
4864947,1800,2053,1895,0.0554,0.2230,1.1433,19.774,-2.364,-0.146
4864957,1946,2137,1849,0.0566,0.2298,1.1448,18.116,-2.082,0.455
4864967,1818,2194,1868,0.0545,0.2350,1.1426,16.480,-1.891,0.801
4864977,1864,2133,1947,0.0534,0.2386,1.1331,15.122,-1.447,1.056
4864987,1774,2170,1876,0.0524,0.2414,1.1254,13.970,-1.078,1.229
4864997,1946,2146,1939,0.0512,0.2430,1.1194,13.061,-0.945,1.147
4865007,1805,2179,1905,0.0519,0.2441,1.1180,12.544,-0.945,0.945
4865017,1797,2094,1912,0.0537,0.2449,1.1227,12.347,-1.043,0.662
4865027,1863,2200,1852,0.0561,0.2439,1.1324,12.333,-1.030,0.352
4865037,1911,2137,1919,0.0586,0.2426,1.1402,12.134,-0.937,0.145
4865047,1772,2197,1907,0.0578,0.2415,1.1369,11.623,-0.458,0.135
4865057,1774,2151,1911,0.0548,0.2448,1.1262,10.761,0.254,0.396
4865067,1774,2175,1887,0.0524,0.2507,1.1191,9.738,0.647,0.864
4865077,1779,2157,1930,0.0521,0.2538,1.1122,8.970,0.724,1.132
4865087,1807,2191,1893,0.0508,0.2522,1.1066,8.703,0.619,0.932
4865097,1838,2155,1879,0.0504,0.2487,1.1046,8.903,0.359,0.580
4865107,1776,2192,1892,0.0500,0.2475,1.1057,9.369,0.109,0.366
4865117,1835,2092,1915,0.0506,0.2474,1.1066,9.988,-0.023,0.341
4865127,1803,2221,1846,0.0502,0.2476,1.1089,10.609,-0.119,0.400
4865137,1862,2110,1901,0.0487,0.2488,1.1102,11.144,-0.210,0.424
4865147,1779,2143,1877,0.0498,0.2525,1.1130,11.532,-0.303,0.668
4865157,1955,2102,1892,0.0518,0.2570,1.1162,11.615,-0.363,1.064
4865167,1778,2165,1869,0.0510,0.2600,1.1156,11.616,-0.359,1.036
4865177,1820,2059,1940,0.0485,0.2652,1.1156,11.557,-0.257,1.012
4865187,1884,2101,1884,0.0508,0.2721,1.1149,11.336,-0.187,1.197
4865197,1858,2081,1903,0.0505,0.2737,1.1126,11.139,-0.166,0.946
4865207,1783,2090,1894,0.0483,0.2757,1.1127,10.950,-0.211,0.564
4865217,1887,2015,1916,0.0477,0.2789,1.1115,10.698,-0.282,0.508
4865227,1777,2067,1890,0.0475,0.2825,1.1100,10.355,-0.314,0.588
4865237,1873,2017,1932,0.0489,0.2841,1.1087,9.837,-0.463,0.537
4865247,1852,2049,1897,0.0501,0.2845,1.1090,9.216,-0.743,0.349
4865257,1915,2016,1940,0.0504,0.2845,1.1091,8.581,-1.017,0.180
4865267,1781,2041,1908,0.0513,0.2851,1.1104,7.980,-1.182,0.184
4865277,1929,1976,1962,0.0521,0.2839,1.1102,7.393,-1.271,0.266
4865287,1809,2004,1903,0.0519,0.2833,1.1091,6.887,-1.345,0.259
4865297,1959,1995,1942,0.0511,0.2818,1.1069,6.487,-1.407,0.192
4865307,1782,2043,1899,0.0515,0.2801,1.1049,6.251,-1.495,0.154
4865317,1880,1980,1936,0.0515,0.2794,1.1039,6.174,-1.617,0.194
4865327,1784,1992,1913,0.0508,0.2794,1.1029,6.348,-1.685,0.273
4865337,1941,1971,1932,0.0512,0.2791,1.1022,6.688,-1.728,0.353
4865347,1784,2028,1915,0.0523,0.2781,1.1029,7.093,-1.854,0.343
4865357,1918,1981,1934,0.0533,0.2779,1.1039,7.494,-1.991,0.294
4865367,1820,2025,1902,0.0542,0.2776,1.1047,7.898,-1.961,0.353
4865377,1846,2000,1933,0.0526,0.2784,1.1053,8.285,-1.822,0.511
4865387,1779,2027,1920,0.0474,0.2860,1.1015,8.573,-1.635,0.817
4865397,1883,1995,1937,0.0504,0.2964,1.0990,8.753,-1.276,1.640
4865407,1793,2021,1901,0.0548,0.3013,1.1055,8.768,-1.393,1.903
4865417,1871,1983,1943,0.0525,0.2993,1.1098,8.863,-1.670,1.038
4865427,1827,2011,1911,0.0535,0.3009,1.1092,9.086,-1.521,0.569
4865437,1876,1991,1943,0.0568,0.3031,1.1111,9.091,-1.255,0.694
4865447,1795,2088,1873,0.0569,0.3022,1.1110,8.858,-1.075,0.460
4865457,1961,2024,1951,0.0543,0.3001,1.1091,8.500,-0.909,0.068
4865467,1872,2060,1893,0.0539,0.3013,1.1067,8.132,-0.671,0.116
4865477,1826,1989,1961,0.0544,0.3033,1.1048,7.846,-0.422,0.384
4865487,1781,2026,1917,0.0539,0.3035,1.1008,7.660,-0.327,0.319
4865497,1862,2014,1943,0.0526,0.3026,1.1012,7.652,-0.353,0.044
4865507,1783,2058,1906,0.0522,0.3027,1.1018,7.818,-0.339,-0.017
4865517,1808,2026,1968,0.0495,0.3012,1.1007,8.058,-0.225,0.112
4865527,1783,2069,1947,0.0484,0.3134,1.0956,8.123,-0.107,0.631
4865537,1839,2000,1966,0.0563,0.3259,1.1034,7.889,-0.006,1.723
4865547,1779,2064,1939,0.0573,0.3224,1.1098,7.289,-0.440,1.093
4865557,1825,1998,1964,0.0521,0.3156,1.1036,7.208,-0.404,-0.237
4865567,1783,2048,1935,0.0558,0.3190,1.1073,6.979,-0.230,-0.012
4865577,1828,2013,1963,0.0556,0.3210,1.1060,6.489,-0.117,0.454
4865587,1911,1972,1941,0.0525,0.3183,1.1008,6.036,0.040,0.208
4865597,1784,1988,1978,0.0523,0.3185,1.1011,5.630,0.074,0.172
4865607,1792,2091,1936,0.0524,0.3210,1.1024,5.408,0.104,0.471
4865617,1780,2000,1969,0.0513,0.3207,1.1007,5.333,0.054,0.415
4865627,1780,2058,1975,0.0517,0.3213,1.1021,5.254,-0.021,0.446
4865637,1873,1995,1984,0.0521,0.3224,1.1006,5.152,0.000,0.554
4865647,1776,2074,1945,0.0527,0.3231,1.0985,4.989,-0.003,0.588
4865657,1869,1983,1969,0.0511,0.3221,1.0978,4.820,-0.069,0.531
4865667,1778,2088,1936,0.0501,0.3221,1.0963,4.724,-0.075,0.528
4865677,1937,1985,1967,0.0506,0.3234,1.0962,4.707,-0.014,0.670
4865687,1781,2048,1939,0.0482,0.3241,1.0911,4.756,0.025,0.745
4865697,1908,1976,1965,0.0481,0.3248,1.0941,5.046,-0.204,0.746
4865707,1787,2063,1951,0.0523,0.3266,1.0998,5.135,-0.540,1.035
4865717,1880,1969,1984,0.0505,0.3249,1.0981,5.270,-0.477,1.003
4865727,1781,2068,1942,0.0501,0.3255,1.0982,5.314,-0.326,0.924
4865737,1883,1985,1968,0.0494,0.3269,1.0980,5.239,-0.259,1.031
4865747,1785,2031,1958,0.0487,0.3269,1.0932,5.231,-0.178,1.098
4865757,1873,1973,1984,0.0493,0.3258,1.0933,5.213,-0.234,1.229
4865767,1813,2036,1949,0.0458,0.3238,1.0925,5.112,-0.416,1.098
4865777,1884,1999,1982,0.0451,0.3315,1.0828,5.092,-0.316,1.296
4865787,1783,2033,1954,0.0540,0.3414,1.0935,4.877,-0.485,2.154
4865797,1900,2003,1977,0.0523,0.3366,1.0971,4.567,-1.022,1.538
4865807,1806,2078,1938,0.0503,0.3343,1.0946,5.059,-1.005,0.611
4865817,1943,1958,1979,0.0564,0.3381,1.1001,5.371,-0.892,1.046
4865827,1784,2055,1946,0.0537,0.3353,1.0976,5.433,-0.737,0.972
4865837,1871,2000,1980,0.0479,0.3333,1.0923,5.420,-0.589,0.401
4865847,1785,2034,1927,0.0512,0.3382,1.0909,5.258,-0.554,0.725
4865857,1915,1970,1977,0.0529,0.3408,1.0905,5.106,-0.585,1.072
4865867,1786,2094,1956,0.0518,0.3388,1.0891,4.990,-0.688,0.810
4865877,1894,1979,1984,0.0510,0.3408,1.0896,4.892,-0.819,0.582
4865887,1781,2056,1953,0.0544,0.3443,1.0953,4.848,-0.831,0.869
4865897,1835,1976,1987,0.0546,0.3432,1.0946,4.764,-0.780,0.825
4865907,1791,2077,1964,0.0535,0.3436,1.0930,4.850,-0.673,0.676
4865917,1869,1966,1990,0.0540,0.3467,1.0939,4.707,-0.693,0.783
4865927,1785,2052,1961,0.0516,0.3478,1.0919,4.627,-0.577,0.761
4865937,1868,2000,1985,0.0506,0.3482,1.0895,4.409,-0.488,0.773
4865947,1782,2061,1958,0.0513,0.3495,1.0868,4.094,-0.440,0.890
4865957,1873,1994,1981,0.0532,0.3512,1.0894,3.712,-0.462,1.049
4865967,1787,2090,1961,0.0536,0.3494,1.0894,3.260,-0.515,1.052
4865977,1972,2032,1990,0.0535,0.3479,1.0888,2.865,-0.488,0.963
4865987,1787,2064,1955,0.0520,0.3475,1.0883,2.646,-0.389,0.981
4865997,1866,2008,1986,0.0514,0.3492,1.0847,2.546,-0.219,1.185
4866007,1780,2039,1953,0.0523,0.3506,1.0861,2.601,-0.177,1.395
4866017,1843,2090,1988,0.0519,0.3499,1.0888,2.543,-0.328,1.323
4866027,1788,2069,1958,0.0493,0.3473,1.0885,2.438,-0.364,1.094
4866037,1885,1998,1971,0.0505,0.3517,1.0871,2.238,-0.217,1.368
4866047,1781,2045,1965,0.0534,0.3559,1.0877,1.989,-0.082,1.842
4866057,1863,1972,1985,0.0541,0.3546,1.0879,1.759,-0.047,1.761
4866067,1828,2033,1953,0.0522,0.3514,1.0888,1.553,-0.157,1.335
4866077,1861,2010,2005,0.0507,0.3509,1.0872,1.407,-0.154,1.173
4866087,1783,2061,1952,0.0502,0.3513,1.0834,1.349,0.054,1.330
4866097,1865,1989,1991,0.0505,0.3518,1.0826,1.290,0.155,1.485
4866107,1784,2053,1953,0.0518,0.3522,1.0847,1.240,0.032,1.383
4866117,1848,2021,1990,0.0502,0.3493,1.0875,1.261,-0.087,1.124
4866127,1828,2093,1966,0.0505,0.3493,1.0877,1.246,-0.027,1.033
4866137,1855,1967,1991,0.0510,0.3497,1.0888,1.143,0.101,1.106
4866147,1780,2056,1983,0.0512,0.3494,1.0889,1.003,0.192,1.126
4866157,1858,1994,1985,0.0516,0.3481,1.0886,0.924,0.273,1.060
4866167,1779,2030,1951,0.0505,0.3475,1.0881,0.971,0.354,0.959
4866177,1848,2002,1992,0.0504,0.3464,1.0875,1.081,0.447,0.910
4866187,1794,2035,1956,0.0495,0.3459,1.0861,1.253,0.594,0.883
4866197,1895,2029,1977,0.0501,0.3464,1.0868,1.412,0.723,0.952
4866207,1782,2048,1961,0.0507,0.3481,1.0876,1.563,0.774,1.037
4866217,1853,1993,1972,0.0501,0.3474,1.0864,1.718,0.843,1.006
