3856682,1846,1911,2351,-0.0792,-0.1268,1.1340,0.038,-0.698,0.140
3856692,1893,1870,1978,-0.0786,-0.1272,1.1344,0.020,-0.679,0.114
3856702,1844,1911,1978,-0.0790,-0.1264,1.1334,0.002,-0.660,0.094
3856712,1851,1875,1686,-0.0798,-0.1265,1.1333,-0.009,-0.658,0.063
3856722,1696,1888,2063,-0.0808,-0.1268,1.1319,0.000,-0.636,0.021
3856732,1784,1869,2076,-0.0816,-0.1287,1.1303,0.023,-0.672,-0.020
3856742,1808,1907,2363,-0.0815,-0.1301,1.1299,0.068,-0.774,-0.079
3856752,1752,1870,2194,-0.0810,-0.1316,1.1295,0.146,-0.928,-0.127
3856762,1852,1888,1796,-0.0795,-0.1319,1.1310,0.291,-1.040,-0.148
3856772,1765,1867,1798,-0.0784,-0.1304,1.1319,0.495,-1.045,-0.145
3856782,1794,1915,2983,-0.0772,-0.1293,1.1327,0.718,-0.986,-0.130
3856792,1809,1872,1942,-0.0764,-0.1268,1.1345,0.949,-0.901,-0.126
3856802,1856,1883,2426,-0.0760,-0.1253,1.1373,1.144,-0.813,-0.126
3856812,1744,1868,2056,-0.0761,-0.1248,1.1381,1.318,-0.684,-0.129
3856822,1728,1889,2007,-0.0770,-0.1240,1.1352,1.438,-0.515,-0.133
3856832,1735,1869,1765,-0.0781,-0.1234,1.1337,1.457,-0.421,-0.161
3856842,1819,1903,1759,-0.0791,-0.1250,1.1319,1.387,-0.376,-0.195
3856852,1814,1869,1935,-0.0794,-0.1259,1.1311,1.227,-0.351,-0.218
3856862,1779,1877,1897,-0.0794,-0.1256,1.1295,1.006,-0.362,-0.202
3856872,1774,1870,1679,-0.0793,-0.1241,1.1288,0.727,-0.393,-0.178
3856882,1835,1883,1720,-0.0788,-0.1227,1.1300,0.383,-0.490,-0.141
3856892,1724,1867,1600,-0.0787,-0.1234,1.1292,0.046,-0.602,-0.090
3856902,1805,1872,1853,-0.0788,-0.1238,1.1288,-0.225,-0.682,-0.045
3856912,1692,1878,1598,-0.0793,-0.1241,1.1313,-0.412,-0.762,0.016
3856922,1717,1873,1609,-0.0793,-0.1235,1.1320,-0.584,-0.806,0.049
3856932,1608,1869,1849,-0.0794,-0.1256,1.1336,-0.684,-0.831,0.047
3856942,1758,1879,1596,-0.0793,-0.1281,1.1345,-0.747,-0.853,0.032
3856952,1646,1870,1697,-0.0795,-0.1301,1.1333,-0.749,-0.798,0.045
3856962,1845,1899,1812,-0.0795,-0.1315,1.1362,-0.718,-0.821,0.076
3856972,1733,1876,1703,-0.0790,-0.1320,1.1367,-0.678,-0.820,0.132
3856982,1731,1883,1540,-0.0792,-0.1305,1.1355,-0.549,-0.728,0.205
3856992,1659,1870,1649,-0.0784,-0.1284,1.1353,-0.360,-0.671,0.275
3857002,1693,1873,1769,-0.0777,-0.1269,1.1358,-0.166,-0.630,0.303
3857012,1633,1870,1537,-0.0772,-0.1256,1.1366,-0.007,-0.612,0.289
3857022,1712,1882,1745,-0.0771,-0.1253,1.1357,0.086,-0.555,0.248
3857032,1680,1870,1750,-0.0773,-0.1249,1.1352,0.104,-0.491,0.225
3857042,1701,1890,1679,-0.0776,-0.1252,1.1330,0.024,-0.477,0.208
3857052,1658,1871,1943,-0.0788,-0.1269,1.1317,-0.155,-0.502,0.214
3857062,1670,1872,1596,-0.0801,-0.1278,1.1306,-0.440,-0.545,0.238
3857072,1625,1870,1813,-0.0804,-0.1293,1.1301,-0.778,-0.610,0.293
3857082,1648,1887,1637,-0.0798,-0.1293,1.1307,-1.131,-0.721,0.360
3857092,1607,1870,1655,-0.0790,-0.1295,1.1318,-1.509,-0.855,0.434
3857102,1622,1877,1787,-0.0779,-0.1295,1.1314,-1.847,-0.902,0.546
3857112,1602,1874,1689,-0.0774,-0.1297,1.1323,-2.146,-0.891,0.668
3857122,1666,1872,2296,-0.0773,-0.1290,1.1335,-2.413,-0.862,0.787
3857132,1613,1866,1745,-0.0762,-0.1288,1.1342,-2.592,-0.825,0.867
3857142,1660,1878,1880,-0.0764,-0.1297,1.1338,-2.728,-0.770,0.926
3857152,1564,1875,1754,-0.0767,-0.1308,1.1333,-2.841,-0.720,0.957
3857162,1655,1872,1601,-0.0768,-0.1316,1.1347,-3.022,-0.753,0.957
3857172,1576,1871,1562,-0.0766,-0.1335,1.1344,-3.274,-0.775,0.966
3857182,1669,1881,1578,-0.0762,-0.1323,1.1389,-3.569,-0.809,1.008
3857192,1519,1871,1803,-0.0771,-0.1301,1.1422,-3.907,-0.790,1.099
3857202,2077,1950,1695,-0.0778,-0.1302,1.1458,-4.364,-0.660,1.196
3857212,1542,1889,1718,-0.0790,-0.1275,1.1533,-4.980,-0.491,1.314
3857222,1775,1894,2177,-0.0801,-0.1233,1.1643,-5.790,-0.341,1.475
3857232,1740,1904,2078,-0.0809,-0.1248,1.1627,-6.491,0.279,1.539
3857242,1592,1872,1860,-0.0808,-0.1343,1.1635,-6.976,1.037,1.443
3857252,1575,1870,1673,-0.0800,-0.1435,1.1681,-7.079,1.588,1.358
3857262,1608,1902,1693,-0.0791,-0.1540,1.1717,-6.690,2.193,1.328
3857272,1591,1873,1554,-0.0747,-0.1633,1.1824,-5.893,2.759,1.294
3857282,1724,1871,1898,-0.0702,-0.1721,1.1938,-4.864,3.360,1.341
3857292,1518,1924,1814,-0.0666,-0.1736,1.2084,-3.699,4.270,1.606
3857302,1520,1929,1845,-0.0658,-0.1711,1.2156,-2.734,5.485,2.037
3857312,1557,1912,1885,-0.0668,-0.1673,1.2155,-1.716,7.026,2.494
3857322,1658,1883,2216,-0.0691,-0.1620,1.2096,-0.803,8.655,2.866
3857332,1581,1870,2043,-0.0743,-0.1557,1.1977,0.009,10.258,3.081
3857342,1859,1916,1692,-0.0801,-0.1510,1.1837,0.859,11.712,3.091
3857352,1580,1914,1640,-0.0844,-0.1484,1.1655,1.755,12.950,2.942
3857362,1518,1890,1897,-0.0886,-0.1531,1.1535,2.619,13.733,2.808
3857372,1581,1922,1683,-0.0933,-0.1694,1.1448,2.933,14.202,2.878
3857382,1523,1894,1779,-0.0919,-0.1920,1.1438,2.330,14.488,3.368
3857392,1743,1871,1968,-0.0849,-0.2113,1.1371,0.589,14.749,4.231
3857402,1576,1889,1810,-0.0781,-0.2195,1.1359,-1.335,15.074,5.483
3857412,1534,1916,1549,-0.0777,-0.2178,1.1432,-2.718,15.015,7.091
3857422,1704,1873,1573,-0.0859,-0.2104,1.1422,-3.619,15.316,8.679
3857432,1517,1875,1834,-0.0988,-0.2022,1.1412,-4.329,15.708,9.935
3857442,1619,1871,1910,-0.1117,-0.1957,1.1389,-4.741,16.057,10.657
3857452,1549,1892,1772,-0.1214,-0.1965,1.1404,-4.719,16.297,10.856
3857462,1568,1872,1923,-0.1238,-0.1988,1.1411,-3.957,16.498,10.902
3857472,1844,1942,2040,-0.1244,-0.2006,1.1494,-2.355,16.694,11.183
3857482,1518,1923,1552,-0.1268,-0.2014,1.1618,-0.649,17.099,11.798
3857492,1538,1909,2142,-0.1283,-0.2013,1.1715,0.502,17.896,12.677
3857502,1599,1893,2097,-0.1300,-0.1996,1.1836,0.884,18.910,13.789
3857512,1693,1878,1624,-0.1314,-0.1995,1.1934,0.540,20.146,15.119
3857522,1539,1884,1870,-0.1326,-0.2024,1.1999,-0.532,21.609,16.577
3857532,1603,1902,2006,-0.1354,-0.2040,1.2066,-2.294,23.147,18.140
3857542,1651,1872,1690,-0.1407,-0.2019,1.2130,-4.550,24.710,19.763
3857552,1539,1953,1887,-0.1476,-0.1977,1.2224,-7.107,26.249,21.373
3857562,1713,1871,1624,-0.1555,-0.1957,1.2253,-9.795,28.019,22.896
3857572,1798,1887,1585,-0.1662,-0.1938,1.2308,-12.519,29.936,24.290
3857582,1641,1921,1534,-0.1867,-0.1913,1.2388,-15.241,31.847,25.590
3857592,1523,1871,1625,-0.2064,-0.1905,1.2290,-17.700,34.174,26.639
3857602,1541,1872,1634,-0.2161,-0.1956,1.2193,-19.920,36.350,27.289
3857612,1596,1894,1587,-0.2202,-0.2027,1.2037,-21.721,38.379,27.804
3857622,1632,1890,1646,-0.2214,-0.2056,1.1930,-22.512,40.223,28.493
3857632,1525,1917,1690,-0.2238,-0.2083,1.1851,-22.437,41.913,29.253
3857642,1526,1901,1714,-0.2287,-0.2122,1.1728,-21.335,43.921,29.845
3857652,1525,1918,1602,-0.2328,-0.2145,1.1598,-19.913,45.752,30.468
3857662,1526,1895,1615,-0.2378,-0.2178,1.1482,-18.303,47.341,31.149
3857672,1574,1874,1722,-0.2405,-0.2200,1.1404,-16.577,48.635,31.914
3857682,1602,1963,1754,-0.2434,-0.2220,1.1333,-14.848,49.743,32.808
3857692,1562,1882,1664,-0.2487,-0.2212,1.1301,-13.344,50.634,33.887
3857702,1568,1891,1935,-0.2579,-0.2160,1.1244,-12.234,51.347,35.149
3857712,1583,1949,1605,-0.2687,-0.2131,1.1179,-11.573,52.063,36.514
3857722,1870,1925,1573,-0.2794,-0.2129,1.1194,-11.387,52.498,37.897
3857732,1588,1974,1869,-0.2889,-0.2137,1.1166,-11.690,52.873,39.357
3857742,1550,1873,1615,-0.2971,-0.2138,1.1163,-12.343,53.212,41.020
3857752,1641,1879,1662,-0.3061,-0.2106,1.1193,-13.231,53.453,42.928
3857762,1702,1884,1721,-0.3148,-0.2075,1.1191,-14.339,53.908,44.990
3857772,1534,1970,1769,-0.3235,-0.2058,1.1222,-15.651,54.500,47.088
3857782,1875,1875,1729,-0.3322,-0.2030,1.1277,-16.990,55.213,49.165
3857792,1629,1933,1704,-0.3409,-0.2026,1.1299,-18.433,56.146,51.136
3857802,1550,1868,1646,-0.3519,-0.2014,1.1278,-19.872,57.343,52.960
3857812,1604,1872,2499,-0.3618,-0.2008,1.1258,-21.129,58.545,54.636
3857822,1589,1869,2267,-0.3712,-0.1979,1.1241,-22.047,59.877,56.220
3857832,1832,1872,1956,-0.3780,-0.1944,1.1207,-22.685,61.273,57.751
3857842,1526,1917,2332,-0.3849,-0.1931,1.1117,-23.024,62.905,59.203
3857852,1617,1880,1818,-0.3938,-0.1883,1.1024,-23.114,64.595,60.679
3857862,1704,1873,2391,-0.4037,-0.1828,1.0929,-22.943,66.302,62.121
3857872,1655,1874,1920,-0.4132,-0.1799,1.0855,-22.675,67.918,63.444
3857882,1567,1884,2093,-0.4231,-0.1772,1.0765,-22.500,69.438,64.653
3857892,1614,1923,2180,-0.4316,-0.1755,1.0682,-22.423,70.983,65.775
3857902,1658,1871,2046,-0.4402,-0.1717,1.0611,-22.569,72.386,66.902
3857912,1801,1993,1819,-0.4530,-0.1672,1.0434,-22.725,73.816,68.134
3857922,1807,1948,1796,-0.4640,-0.1655,1.0241,-22.768,75.102,69.361
3857932,1568,1879,1949,-0.4744,-0.1661,1.0031,-22.705,75.995,70.655
3857942,1531,1870,2053,-0.4838,-0.1677,0.9799,-22.325,76.723,72.062
3857952,1592,1871,1886,-0.4937,-0.1656,0.9623,-21.589,77.111,73.638
3857962,1665,1872,1817,-0.5018,-0.1613,0.9485,-20.511,77.336,75.254
3857972,1659,1885,2030,-0.5077,-0.1543,0.9323,-19.010,77.646,76.807
3857982,1541,1903,2098,-0.5156,-0.1435,0.9193,-17.347,77.981,78.196
3857992,1551,1875,1988,-0.5249,-0.1304,0.9083,-15.433,78.463,79.402
3858002,1568,1883,2686,-0.5331,-0.1172,0.8964,-13.334,79.120,80.340
3858012,1597,1910,2093,-0.5439,-0.1056,0.8828,-11.081,79.892,80.973
3858022,1571,1943,2335,-0.5554,-0.0911,0.8644,-8.633,80.721,81.384
3858032,1529,1871,2253,-0.5661,-0.0750,0.8487,-5.888,81.429,81.605
3858042,1581,1870,1617,-0.5749,-0.0651,0.8295,-3.165,81.922,81.555
3858052,1534,1872,1905,-0.5828,-0.0510,0.8070,-0.430,82.351,81.393
3858062,1647,1871,2273,-0.5924,-0.0390,0.7890,2.143,82.494,81.165
3858072,1611,1942,2548,-0.6032,-0.0243,0.7723,4.542,82.386,80.864
3858082,1552,1868,2191,-0.6135,-0.0106,0.7552,6.615,82.177,80.423
3858092,1613,1908,1595,-0.6230,0.0043,0.7397,8.477,81.826,79.959
3858102,1710,1888,2088,-0.6340,0.0176,0.7269,9.940,81.351,79.415
3858112,1609,1923,2112,-0.6408,0.0299,0.7145,11.000,80.716,78.864
3858122,1678,1872,2022,-0.6491,0.0440,0.7004,11.606,80.097,78.305
3858132,1532,1878,1695,-0.6584,0.0599,0.6845,11.819,79.406,77.770
3858142,1795,1871,2006,-0.6676,0.0768,0.6676,11.806,78.610,77.166
3858152,1539,1872,1986,-0.6754,0.0899,0.6516,11.613,77.614,76.393
3858162,1644,1872,2350,-0.6839,0.1040,0.6347,11.342,76.457,75.427
3858172,1652,1894,1991,-0.6924,0.1163,0.6111,11.196,75.250,74.311
3858182,1586,1872,2015,-0.7013,0.1257,0.5870,11.210,73.910,73.015
3858192,1615,1935,1623,-0.7097,0.1344,0.5663,11.478,72.226,71.615
3858202,1535,1950,1833,-0.7192,0.1426,0.5481,11.973,70.185,70.174
3858212,1550,1899,1830,-0.7285,0.1519,0.5334,12.663,67.836,68.743
3858222,1556,1871,1958,-0.7372,0.1623,0.5158,13.382,65.353,67.361
3858232,1761,1897,1697,-0.7464,0.1754,0.4984,14.171,62.701,66.044
3858242,1551,1871,1603,-0.7523,0.1917,0.4829,14.916,59.794,64.686
3858252,1767,1873,1988,-0.7583,0.2078,0.4742,15.540,56.594,63.171
3858262,1840,1936,1821,-0.7635,0.2282,0.4649,16.026,53.131,61.496
3858272,1558,1916,1766,-0.7682,0.2457,0.4625,16.600,49.706,59.674
3858282,1942,1871,1600,-0.7709,0.2602,0.4754,16.715,46.105,57.602
3858292,1540,1900,1801,-0.7702,0.2759,0.4986,16.335,42.509,55.472
3858302,1827,1873,1720,-0.7673,0.2964,0.5266,15.439,39.290,53.379
3858312,1542,1918,1593,-0.7621,0.3189,0.5550,13.939,36.670,51.141
3858322,1783,1897,1594,-0.7592,0.3399,0.5694,11.822,35.075,48.444
3858332,1635,1985,1619,-0.7595,0.3560,0.5541,9.308,34.618,45.118
3858342,1870,1887,1714,-0.7696,0.3641,0.5154,6.967,34.769,41.428
3858352,1535,1894,1621,-0.7842,0.3668,0.4815,5.186,34.490,37.781
3858362,1637,1870,1586,-0.8004,0.3678,0.4618,4.040,33.110,34.477
3858372,1901,1872,1639,-0.8140,0.3690,0.4347,3.997,31.424,31.653
3858382,2114,1995,1684,-0.8288,0.3735,0.4172,5.076,29.445,29.291
3858392,1586,1900,1665,-0.8378,0.3838,0.4282,6.433,26.441,27.361
3858402,1653,1900,1962,-0.8425,0.3970,0.4371,7.652,23.385,25.612
3858412,1608,1979,1578,-0.8462,0.4088,0.4406,8.202,20.817,23.574
3858422,1585,1897,1744,-0.8491,0.4175,0.4586,7.997,18.083,20.971
3858432,1768,1885,1592,-0.8536,0.4207,0.4713,7.466,15.678,17.820
3858442,1595,2043,1841,-0.8601,0.4136,0.4672,7.054,14.082,14.245
3858452,1774,1884,1607,-0.8625,0.3978,0.4645,6.723,12.507,10.740
3858462,1640,1879,2266,-0.8653,0.3846,0.4661,6.488,10.891,8.084
3858472,1916,2025,1776,-0.8687,0.3815,0.4711,6.157,9.399,6.788
3858482,1611,1966,2016,-0.8692,0.3829,0.4826,5.220,8.011,6.520
3858492,1813,1899,1596,-0.8476,0.3684,0.5392,2.885,6.144,6.548
3858502,1650,1954,1611,-0.8343,0.3801,0.6062,-1.857,3.746,7.175
3858512,1619,1975,1849,-0.8329,0.3957,0.5894,-6.365,4.568,7.287
3858522,1793,1938,1590,-0.8382,0.3922,0.5661,-10.944,6.224,5.426
3858532,1912,2405,1574,-0.8384,0.3642,0.5571,-13.828,6.450,2.488
3858542,1635,1876,1585,-0.8393,0.3281,0.5328,-15.145,6.664,-0.490
3858552,1535,1870,1647,-0.8470,0.2982,0.4891,-15.295,6.803,-2.459
3858562,1668,1872,1623,-0.8562,0.2689,0.4473,-13.808,6.613,-3.408
3858572,1628,1873,1815,-0.8608,0.2457,0.4376,-11.306,4.993,-3.591
3858582,2360,1908,1829,-0.8616,0.2316,0.4489,-8.114,2.413,-3.407
3858592,2090,2160,2198,-0.8602,0.2324,0.4764,-4.147,-0.224,-3.152
3858602,2261,1868,2024,-0.8534,0.2445,0.5034,0.749,-2.139,-3.057
3858612,1871,2058,1958,-0.8456,0.2575,0.5072,6.462,-2.522,-3.396
3858622,2388,1906,1810,-0.8427,0.2738,0.5104,12.058,-2.207,-4.162
3858632,1535,1924,1595,-0.8424,0.2839,0.5164,16.795,-1.932,-5.253
3858642,1608,1888,1900,-0.8437,0.2886,0.5232,20.675,-1.371,-6.660
3858652,1762,1879,1603,-0.8420,0.2959,0.5493,23.766,-1.049,-7.935
3858662,1629,2012,2093,-0.8344,0.3025,0.5864,26.390,-0.514,-8.906
3858672,1674,1894,2015,-0.8254,0.3264,0.6528,28.263,0.090,-9.427
3858682,1914,1924,1853,-0.8237,0.3692,0.6948,29.095,1.831,-9.661
3858692,1993,1975,1620,-0.8390,0.3966,0.6575,29.691,7.158,-10.779
3858702,1811,2044,1607,-0.8644,0.4094,0.6063,29.936,13.293,-12.563
3858712,1757,1874,1751,-0.8903,0.4145,0.5647,30.115,17.700,-14.123
3858722,2546,2104,2232,-0.9119,0.4120,0.5270,30.002,20.255,-15.539
3858732,2917,1909,1840,-0.9245,0.4078,0.5077,29.603,20.844,-16.881
3858742,2144,2115,1699,-0.9145,0.3612,0.4895,29.084,20.703,-18.634
3858752,2113,1882,1911,-0.8973,0.3158,0.5401,26.964,18.489,-20.050
3858762,2865,2105,1938,-0.8872,0.3191,0.5551,22.968,15.985,-19.809
3858772,2600,1938,1809,-0.9136,0.3220,0.4503,21.631,18.735,-19.679
3858782,2468,1921,2004,-0.9357,0.3152,0.4067,21.732,19.712,-20.400
3858792,2076,1923,1933,-0.9424,0.2949,0.3962,22.183,16.898,-21.692
3858802,1775,2041,1953,-0.9465,0.2711,0.3737,22.928,13.749,-22.968
3858812,2142,1970,1584,-0.9457,0.2621,0.3890,23.500,9.695,-23.397
3858822,1650,1868,1680,-0.9413,0.2704,0.4183,24.653,5.828,-22.955
3858832,1626,1919,1911,-0.9355,0.2922,0.4526,26.286,3.202,-22.330
3858842,2060,1868,1810,-0.9305,0.3192,0.4889,27.765,1.836,-22.178
3858852,1793,1958,1842,-0.9285,0.3339,0.4957,29.322,2.654,-23.038
3858862,1962,2005,1598,-0.9225,0.3276,0.5101,30.769,4.511,-24.779
3858872,1781,2024,1630,-0.9172,0.3136,0.5715,30.420,5.058,-26.507
3858882,1699,2126,1990,-0.9235,0.3221,0.5742,28.498,6.912,-27.414
3858892,1529,1907,2044,-0.9559,0.3179,0.5125,27.090,12.188,-27.859
3858902,1923,2154,2101,-0.9860,0.3140,0.4855,24.721,16.019,-27.703
3858912,1806,2069,2125,-1.0148,0.2975,0.4237,22.885,18.956,-27.174
3858922,1732,1907,1780,-1.0159,0.2887,0.4125,22.123,19.644,-26.230
3858932,1585,1932,1629,-1.0024,0.2728,0.4503,20.320,17.065,-25.433
3858942,2907,1900,1598,-0.9790,0.2409,0.4176,19.891,16.845,-25.288
3858952,1772,1966,1750,-0.9648,0.1920,0.4239,19.820,16.919,-25.475
3858962,1816,1892,1629,-0.9544,0.1611,0.4447,16.912,14.796,-24.810
3858972,2183,2088,1694,-0.9792,0.1264,0.3158,16.148,17.849,-23.750
3858982,4095,1871,1746,-0.9893,0.0997,0.3057,16.409,18.018,-21.668
3858992,2116,2109,1616,-0.9823,0.0818,0.3612,15.214,12.981,-18.697
3859002,2812,1874,1698,-0.9804,0.0882,0.3225,16.032,11.488,-15.168
3859012,1778,2062,1825,-0.9789,0.1038,0.3136,17.575,10.673,-11.477
3859022,2417,1937,1889,-0.9715,0.1277,0.3377,19.346,8.358,-8.190
3859032,1801,1944,1611,-0.9679,0.1454,0.3327,21.872,7.542,-5.855
3859042,1613,1954,1773,-0.9560,0.1520,0.3382,24.473,7.346,-4.221
3859052,1527,2030,1713,-0.9404,0.1632,0.3899,25.870,5.831,-2.637
3859062,1666,1957,2077,-0.9355,0.1977,0.4145,25.774,4.896,-0.812
3859072,1583,2288,3057,-0.9642,0.2192,0.3569,25.621,7.656,0.391
3859082,2202,2018,1814,-1.0006,0.2356,0.3206,23.889,8.606,1.510
3859092,1545,2034,1768,-1.0100,0.2516,0.2985,22.553,8.253,2.900
3859102,1648,2075,1625,-0.9943,0.2432,0.3467,19.015,4.782,3.611
3859112,2016,1968,2427,-0.9353,0.2019,0.4057,14.160,1.150,3.218
3859122,1963,2214,1717,-0.8830,0.1223,0.5175,9.277,-0.985,3.043
3859132,1625,1968,1858,-0.8720,0.1509,0.5150,1.193,-0.813,5.837
3859142,1937,1880,1725,-0.9193,0.1703,0.2678,-0.094,9.452,8.363
3859152,1619,1869,1647,-0.9470,0.1349,0.1719,-1.598,14.499,7.996
3859162,2990,1940,1778,-0.9365,0.0489,0.2616,-5.664,7.166,7.091
3859172,2240,1922,1672,-0.9168,-0.0238,0.2987,-8.875,1.179,7.693
3859182,1864,1882,1742,-0.9039,-0.0341,0.3321,-10.401,-1.606,11.096
3859192,1590,1945,1707,-0.8968,0.0138,0.3718,-10.037,-3.277,15.995
3859202,1961,1873,1737,-0.9013,0.0743,0.3611,-6.106,-2.006,20.210
3859212,1469,1894,1930,-0.9055,0.1153,0.3268,0.256,0.954,22.761
3859222,2202,1934,1655,-0.9104,0.1433,0.3114,6.594,2.835,24.049
3859232,1633,1871,1963,-0.9109,0.1839,0.3034,11.833,3.372,24.930
3859242,1769,1980,1898,-0.9113,0.2468,0.3077,16.660,3.369,25.596
3859252,1997,1917,1717,-0.9061,0.2982,0.3374,21.255,3.001,25.395
3859262,2515,2074,1730,-0.9045,0.3255,0.3697,24.804,2.831,24.100
3859272,1771,2067,1761,-0.9130,0.3355,0.3608,27.142,4.104,22.368
3859282,1781,1922,2527,-0.9444,0.3498,0.3399,27.984,6.775,20.733
3859292,1564,1946,2019,-0.9643,0.3873,0.3374,27.334,8.350,20.121
3859302,2100,1913,2533,-0.9674,0.4326,0.3747,25.940,8.878,19.615
3859312,1730,1932,2350,-0.9227,0.4165,0.4430,21.084,7.863,17.700
3859322,1628,2025,2129,-0.8770,0.3360,0.4639,13.061,7.730,14.830
3859332,2042,1868,1900,-0.8619,0.3215,0.4004,2.867,8.943,14.446
3859342,1647,1962,2008,-0.8960,0.2983,0.2389,-4.290,13.625,14.331
3859352,2168,1867,2304,-0.9024,0.2468,0.2643,-12.125,11.731,13.192
3859362,2048,2108,2545,-0.8910,0.1888,0.3471,-21.341,4.198,12.437
3859372,2633,1878,2335,-0.8984,0.1545,0.2890,-25.977,2.907,13.066
3859382,2395,1944,2446,-0.9055,0.1452,0.2598,-27.485,3.144,15.046
3859392,2249,1884,2494,-0.8949,0.1635,0.3172,-27.467,-0.031,17.620
3859402,1584,1967,2485,-0.8881,0.2006,0.3352,-25.050,-1.701,19.833
3859412,1843,1903,2434,-0.8917,0.2428,0.3186,-20.579,-0.869,21.221
3859422,2058,2060,2282,-0.8967,0.2781,0.3181,-14.987,-0.025,21.568
3859432,1980,2109,2465,-0.9032,0.2994,0.3189,-9.586,0.377,20.890
3859442,1438,1975,2234,-0.9018,0.3239,0.3204,-4.596,0.916,19.978
3859452,1436,2050,1879,-0.8949,0.3441,0.3620,-1.403,0.330,19.306
3859462,2351,2055,2545,-0.9007,0.3677,0.4057,-0.703,-0.570,18.843
3859472,1683,2142,2199,-0.9227,0.3884,0.3665,-0.339,1.880,18.306
3859482,1888,1882,2606,-0.9447,0.4147,0.3272,0.771,5.515,17.812
3859492,2635,2152,1624,-0.9216,0.4108,0.3860,0.625,5.110,17.274
3859502,1652,1922,2124,-0.8783,0.3405,0.4393,-3.082,3.493,16.332
3859512,2393,1893,2856,-0.8464,0.3221,0.4194,-9.600,3.353,17.877
3859522,1713,1912,2227,-0.8480,0.2788,0.2825,-14.150,7.980,19.569
3859532,1872,2019,2363,-0.8245,0.2033,0.3064,-18.483,8.551,20.182
3859542,2031,1976,2245,-0.8097,0.1229,0.4136,-24.049,3.509,21.102
3859552,2075,1897,2267,-0.8203,0.0999,0.3575,-26.246,4.878,23.342
3859562,1856,1947,2417,-0.8347,0.1266,0.3940,-25.709,5.819,27.160
3859572,1849,1885,2216,-0.8477,0.1677,0.4163,-25.045,4.785,30.617
3859582,1702,1944,2055,-0.8510,0.2154,0.3585,-23.099,6.223,32.912
3859592,2152,1871,2505,-0.8557,0.2709,0.3420,-20.096,6.632,34.344
3859602,1732,2124,2282,-0.8661,0.3341,0.3390,-17.104,6.080,34.975
3859612,1845,2139,2302,-0.8789,0.3883,0.3157,-13.798,6.340,34.318
3859622,1493,2161,1854,-0.8872,0.4242,0.2885,-9.540,7.051,32.206
3859632,1804,1865,2125,-0.8906,0.4493,0.2784,-4.409,7.337,29.088
3859642,1480,1893,2540,-0.8885,0.4720,0.2820,0.947,7.099,25.717
3859652,2438,1881,2021,-0.8845,0.4890,0.2973,5.343,6.458,22.675
3859662,1506,1887,2424,-0.8789,0.4983,0.3318,7.518,5.029,20.166
3859672,1553,1886,2916,-0.8922,0.4965,0.3493,7.048,4.414,17.798
3859682,1489,2014,3838,-0.9059,0.5062,0.3302,5.016,5.443,16.144
3859692,1321,1870,1904,-0.9061,0.5170,0.3197,1.591,6.182,15.140
3859702,1404,1876,2243,-0.8870,0.5286,0.3606,-4.353,4.657,14.588
3859712,1561,1982,1518,-0.8537,0.4938,0.3269,-12.925,4.413,13.582
3859722,1382,1874,1914,-0.8208,0.4254,0.3454,-23.053,3.964,12.645
3859732,1998,1888,1748,-0.8041,0.4005,0.3925,-36.566,-0.216,14.132
3859742,1480,1931,2181,-0.8316,0.3697,0.2533,-46.260,0.560,16.195
3859752,1815,1912,2138,-0.8440,0.3176,0.2017,-53.610,0.129,16.894
3859762,1999,1879,2157,-0.8311,0.2712,0.2965,-60.463,-8.368,18.051
3859772,1976,2001,2063,-0.8275,0.2504,0.2735,-62.525,-12.904,19.910
3859782,1345,2089,2685,-0.8265,0.2589,0.2391,-60.597,-14.169,22.213
3859792,1482,1949,1960,-0.8132,0.2871,0.2912,-57.328,-18.182,24.351
3859802,1740,1929,1852,-0.8088,0.3145,0.3018,-52.055,-20.912,25.370
3859812,2000,1869,2011,-0.8086,0.3382,0.2917,-45.390,-21.464,25.173
3859822,1382,1924,2001,-0.8035,0.3544,0.3217,-38.781,-23.117,24.348
3859832,1434,1908,1837,-0.7945,0.3614,0.3605,-32.658,-24.998,23.380
3859842,1391,1862,1933,-0.7874,0.3734,0.3993,-27.508,-26.290,23.049
3859852,1427,1946,1517,-0.7902,0.4055,0.4188,-24.030,-26.920,23.518
3859862,1747,1866,1825,-0.8070,0.4140,0.3836,-21.410,-25.266,23.600
3859872,1973,2136,1890,-0.8264,0.4431,0.3908,-20.274,-24.260,24.109
3859882,1648,1888,2493,-0.8344,0.4793,0.3934,-20.479,-24.447,25.534
3859892,1450,1914,2505,-0.8240,0.5003,0.3685,-22.031,-24.313,26.327
3859902,1605,1970,2082,-0.7904,0.4753,0.3892,-26.368,-26.058,25.618
3859912,1988,1875,2142,-0.7386,0.4220,0.4748,-31.758,-29.253,24.419
3859922,1412,1919,1984,-0.7103,0.3812,0.5118,-38.831,-31.988,24.187
3859932,1607,2228,1670,-0.7148,0.3798,0.4140,-44.063,-30.674,25.453
3859942,1303,2060,1740,-0.7445,0.3569,0.2911,-46.819,-28.350,26.064
3859952,1969,1937,2168,-0.7438,0.3274,0.2940,-49.800,-32.410,26.383
3859962,1485,1942,1576,-0.7313,0.2931,0.3248,-52.319,-38.970,27.553
3859972,1453,1885,1505,-0.7036,0.2993,0.3956,-54.347,-45.283,30.146
3859982,1402,1915,1906,-0.6814,0.3413,0.4737,-56.424,-50.469,33.321
3859992,1772,1888,1519,-0.6715,0.3933,0.4969,-55.938,-51.780,35.389
3860002,1310,1933,1895,-0.6642,0.4270,0.5169,-53.984,-51.624,35.511
3860012,2067,1949,1608,-0.6545,0.4369,0.5401,-51.947,-51.789,33.975
3860022,1626,1936,1739,-0.6405,0.4365,0.5740,-50.007,-52.020,31.928
3860032,1341,1955,1721,-0.6231,0.4308,0.6326,-49.051,-52.572,30.308
3860042,1289,2003,1474,-0.6233,0.4345,0.6547,-48.752,-52.169,29.377
3860052,1362,1867,1977,-0.6342,0.4613,0.6481,-47.403,-50.182,28.988
3860062,1413,2139,1443,-0.6460,0.4953,0.6691,-45.677,-48.555,28.304
3860072,1414,2150,1641,-0.6460,0.5232,0.6950,-43.679,-47.430,27.060
3860082,1431,1862,1673,-0.6432,0.5298,0.7047,-41.966,-45.559,25.008
3860092,1312,1905,1448,-0.6396,0.5332,0.7110,-41.243,-43.265,22.944
3860102,1435,2152,2119,-0.6377,0.5458,0.7066,-40.662,-40.466,21.545
3860112,1290,1898,1569,-0.6303,0.5407,0.7106,-41.059,-38.534,20.148
3860122,1303,1874,1518,-0.6223,0.5146,0.6940,-42.353,-36.934,18.060
3860132,1360,1994,1651,-0.6045,0.4759,0.7128,-43.051,-36.262,15.815
3860142,1361,1859,2188,-0.5781,0.4510,0.7789,-44.580,-37.650,14.206
3860152,1517,2051,1603,-0.5531,0.4341,0.8075,-46.313,-37.716,13.459
3860162,1355,1987,1524,-0.5588,0.4424,0.7851,-48.763,-36.186,13.919
3860172,1595,1961,1735,-0.5794,0.4598,0.7313,-50.456,-34.295,14.843
3860182,1305,1861,1474,-0.6003,0.4556,0.6861,-53.353,-33.984,14.362
3860192,1419,1929,1448,-0.6006,0.4259,0.6888,-55.146,-36.112,12.737
3860202,1905,1900,1676,-0.5846,0.3863,0.7409,-56.363,-39.645,10.841
3860212,1837,1868,1416,-0.5685,0.3636,0.7782,-56.501,-42.264,9.679
3860222,1334,1901,1437,-0.5561,0.3664,0.7853,-54.859,-42.576,9.268
3860232,1327,1869,1455,-0.5424,0.3805,0.8002,-52.521,-42.433,9.048
3860242,1646,1872,1576,-0.5254,0.3891,0.8240,-50.865,-42.560,8.290
3860252,1332,1862,1422,-0.5098,0.3871,0.8513,-50.504,-42.340,6.890
3860262,2059,1864,1412,-0.4922,0.3779,0.8952,-51.443,-41.969,5.430
3860272,1378,1950,1422,-0.4856,0.3664,0.9266,-53.658,-40.922,4.265
3860282,1378,1860,1486,-0.4907,0.3592,0.9397,-56.314,-38.598,3.306
3860292,1669,1917,1505,-0.5066,0.3671,0.9306,-59.004,-35.549,2.235
3860302,1543,1866,1469,-0.5230,0.3669,0.8918,-60.055,-31.837,0.756
3860312,1296,1926,1457,-0.5330,0.3534,0.8693,-59.953,-28.931,-1.092
3860322,1415,1891,1456,-0.5330,0.3397,0.8732,-59.354,-27.596,-2.643
3860332,1320,1920,1444,-0.5301,0.3308,0.8780,-58.506,-26.616,-3.692
3860342,1298,1919,1656,-0.5250,0.3218,0.8702,-57.604,-25.251,-4.677
3860352,1314,1871,1405,-0.5203,0.3138,0.8678,-56.605,-23.946,-5.878
3860362,1613,1982,1464,-0.5179,0.3227,0.8963,-55.740,-23.682,-6.917
3860372,1854,1914,1398,-0.5221,0.3358,0.8972,-55.072,-23.124,-7.961
3860382,1301,2014,1625,-0.5129,0.3314,0.9034,-54.670,-22.294,-9.479
3860392,1621,1890,1435,-0.5118,0.3326,0.9030,-56.575,-22.805,-10.951
3860402,1786,1864,1598,-0.5255,0.3126,0.8337,-57.653,-21.534,-12.716
3860412,1649,1869,1628,-0.5372,0.2698,0.8161,-59.456,-22.112,-15.030
3860422,1430,1870,1753,-0.5410,0.2205,0.8481,-61.063,-25.868,-16.727
3860432,1524,1858,1462,-0.5389,0.1792,0.8684,-61.635,-29.302,-17.328
3860442,1609,1872,1442,-0.5320,0.1578,0.8876,-61.696,-32.115,-16.799
3860452,1370,1886,1458,-0.5274,0.1615,0.9201,-61.630,-34.754,-15.694
3860462,1512,1872,1452,-0.5266,0.1764,0.9547,-61.450,-36.732,-14.809
3860472,1588,1858,1476,-0.5239,0.1895,0.9970,-61.368,-37.814,-14.705
3860482,1550,1925,1426,-0.5169,0.1870,1.0432,-61.673,-38.109,-15.353
3860492,1425,1878,1428,-0.5095,0.1751,1.0759,-62.406,-37.365,-16.333
3860502,1456,2025,1474,-0.5076,0.1619,1.0940,-62.295,-34.703,-17.495
3860512,1419,2049,1436,-0.5040,0.1498,1.1030,-61.085,-32.179,-18.547
3860522,1809,1861,1828,-0.5018,0.1345,1.1030,-57.897,-28.986,-19.336
3860532,1651,2034,1718,-0.5055,0.1257,1.1332,-54.089,-26.526,-19.819
3860542,1842,1858,1810,-0.5177,0.1311,1.1418,-49.352,-23.598,-20.084
3860552,1342,2005,1850,-0.5328,0.1432,1.1199,-43.156,-19.643,-20.693
3860562,1316,1911,1402,-0.5360,0.1406,1.1066,-36.322,-16.720,-22.289
3860572,1367,1881,1462,-0.5260,0.1094,1.1081,-29.896,-14.967,-25.142
3860582,1337,1856,1517,-0.5091,0.0791,1.1273,-23.820,-13.494,-28.069
3860592,1378,1863,1525,-0.4905,0.0794,1.1794,-17.922,-12.404,-29.752
3860602,1350,1869,1432,-0.4896,0.1166,1.1820,-12.257,-10.082,-30.038
3860612,1550,1878,1395,-0.5044,0.1461,1.1262,-5.352,-5.151,-30.676
3860622,1347,1858,1457,-0.5181,0.1613,1.1101,-0.457,-2.278,-32.625
3860632,1629,1861,1414,-0.5350,0.1543,1.0856,3.862,-0.621,-35.607
3860642,1725,1943,1429,-0.5486,0.1333,1.0639,7.764,0.936,-39.079
3860652,1471,1875,1561,-0.5545,0.1154,1.0709,10.914,1.115,-42.042
3860662,1618,1893,1438,-0.5570,0.1123,1.0724,14.024,1.489,-44.217
3860672,1348,1858,1410,-0.5559,0.1203,1.0776,16.948,2.462,-45.841
3860682,1511,2003,1419,-0.5515,0.1390,1.0954,18.622,3.194,-47.248
3860692,1482,1991,2133,-0.5540,0.1627,1.0963,19.037,4.568,-48.783
3860702,1598,1993,1431,-0.5644,0.1757,1.0875,18.251,6.476,-50.838
3860712,1389,1913,1488,-0.5790,0.1639,1.0794,16.460,8.207,-53.479
3860722,1334,1902,1457,-0.5958,0.1394,1.0858,14.080,9.636,-56.071
3860732,1333,1866,1428,-0.6097,0.1230,1.0818,12.010,11.225,-57.733
3860742,1471,1858,1472,-0.6192,0.0995,1.0565,10.497,13.476,-58.749
3860752,1518,1853,1447,-0.6183,0.0698,1.0459,9.031,14.957,-59.440
3860762,1446,1856,1418,-0.6153,0.0392,1.0352,7.678,15.952,-59.905
3860772,1454,1866,1461,-0.6075,0.0121,1.0475,6.830,17.019,-60.067
3860782,1497,1855,1501,-0.6132,-0.0053,1.0546,5.929,18.089,-59.705
3860792,1479,1870,1407,-0.6322,-0.0115,1.0253,6.754,21.018,-59.067
3860802,2440,1858,1439,-0.6460,-0.0244,1.0204,8.028,23.410,-58.756
3860812,1843,1910,1451,-0.6534,-0.0303,1.0264,9.977,24.766,-58.326
3860822,2111,1886,1542,-0.6633,-0.0367,1.0148,12.804,27.039,-57.723
3860832,1367,1868,1504,-0.6728,-0.0411,1.0218,16.002,29.202,-56.865
3860842,1391,1868,1601,-0.6844,-0.0458,1.0229,19.501,31.635,-55.911
3860852,1335,2139,1862,-0.6953,-0.0457,1.0208,23.613,34.566,-54.779
3860862,1396,1909,1625,-0.7082,-0.0428,1.0224,27.721,37.440,-53.535
3860872,1433,1914,1444,-0.7227,-0.0347,1.0141,31.966,40.666,-52.296
3860882,1354,1858,1608,-0.7394,-0.0252,1.0074,36.049,43.936,-51.198
3860892,1328,1924,1436,-0.7554,-0.0209,0.9988,40.076,47.212,-50.218
3860902,1362,1877,1705,-0.7760,-0.0189,1.0016,43.954,50.586,-49.109
3860912,1458,1862,1564,-0.7957,-0.0081,0.9782,47.566,54.419,-47.705
3860922,1818,1888,1445,-0.8071,-0.0061,0.9428,51.395,58.621,-46.533
3860932,1534,1859,1559,-0.7937,-0.0194,0.9661,54.449,60.962,-45.693
3860942,1927,1859,1507,-0.7670,-0.0604,1.0000,55.860,62.613,-44.914
3860952,1691,1891,1518,-0.7692,-0.0760,0.9793,56.154,66.008,-42.954
3860962,1332,1888,1594,-0.7882,-0.0712,0.9113,57.369,70.770,-40.013
3860972,1556,1860,1455,-0.8065,-0.0636,0.8683,58.380,73.585,-37.258
3860982,1882,1873,1438,-0.8205,-0.0620,0.8035,60.914,75.377,-34.930
3860992,3735,1960,1523,-0.8292,-0.0724,0.7264,64.911,76.961,-33.378
3861002,1378,1861,2255,-0.8295,-0.0825,0.6812,69.749,76.345,-32.070
3861012,1487,1858,1720,-0.8267,-0.0896,0.6323,75.489,74.842,-30.733
3861022,1458,1876,1547,-0.8256,-0.0886,0.6017,82.274,73.068,-29.299
3861032,1403,1995,1465,-0.8176,-0.0734,0.6217,89.509,70.077,-27.454
3861042,1323,1902,1438,-0.8095,-0.0450,0.6591,96.383,67.291,-25.326
3861052,1624,1868,1634,-0.8112,-0.0164,0.6661,101.422,66.282,-23.336
3861062,1347,1869,1444,-0.8171,0.0116,0.6543,104.040,66.326,-21.589
3861072,1356,1985,1542,-0.8243,0.0388,0.6345,104.046,66.089,-19.996
3861082,1606,1869,1927,-0.8317,0.0560,0.6140,101.774,65.462,-18.569
3861092,1702,2477,1467,-0.8384,0.0730,0.6146,97.546,64.212,-16.984
3861102,1522,1862,1477,-0.8298,0.0816,0.6268,92.075,62.921,-15.138
3861112,1431,1899,1474,-0.8109,0.0735,0.6212,84.787,61.562,-12.905
3861122,1456,1861,1475,-0.7998,0.0995,0.5993,76.397,59.358,-9.414
3861132,1749,1868,1577,-0.8000,0.1173,0.5005,68.858,58.241,-6.249
3861142,1482,1855,1577,-0.7945,0.1222,0.4450,61.977,55.041,-4.715
3861152,1734,1894,2162,-0.7827,0.1055,0.4544,55.200,48.154,-4.726
3861162,1371,1857,2068,-0.7775,0.0799,0.4396,49.720,42.200,-5.620
3861172,1567,1883,1666,-0.7785,0.0534,0.4180,45.214,37.488,-6.526
3861182,1471,1855,1987,-0.7780,0.0358,0.4137,41.423,32.488,-6.715
3861192,1587,1900,1474,-0.7782,0.0317,0.4043,38.180,27.867,-6.121
3861202,1770,1856,1498,-0.7761,0.0440,0.3980,35.155,23.305,-4.832
3861212,1365,1884,1595,-0.7726,0.0735,0.4078,32.096,18.273,-3.234
3861222,2041,1899,1574,-0.7698,0.1107,0.4213,29.013,13.163,-2.004
3861232,1670,1877,1735,-0.7674,0.1410,0.4285,25.942,8.629,-1.740
3861242,1342,1853,1673,-0.7662,0.1644,0.4284,23.280,4.863,-2.442
3861252,1359,1860,1877,-0.7676,0.1832,0.4309,20.945,1.390,-3.773
3861262,1561,1868,1645,-0.7688,0.1987,0.4377,19.153,-2.100,-5.326
3861272,1481,1860,1442,-0.7710,0.2114,0.4500,17.637,-5.588,-6.991
3861282,1435,1860,1469,-0.7726,0.2233,0.4653,16.280,-9.078,-8.731
3861292,1348,1875,1848,-0.7742,0.2357,0.4829,14.806,-12.450,-10.740
3861302,1562,1867,1964,-0.7742,0.2460,0.4925,13.462,-15.398,-13.037
3861312,1337,1872,1464,-0.7739,0.2545,0.5040,12.369,-18.047,-15.567
3861322,1507,1863,1531,-0.7741,0.2563,0.5256,11.350,-20.775,-18.268
3861332,1353,1870,1609,-0.7769,0.2602,0.5406,10.094,-23.368,-20.985
3861342,1462,1855,1468,-0.7851,0.2682,0.5426,9.080,-25.408,-23.659
3861352,1391,1866,1909,-0.7917,0.2772,0.5475,8.339,-27.601,-26.446
3861362,1538,1877,1599,-0.7971,0.2823,0.5478,7.860,-30.021,-29.536
3861372,1553,1871,1514,-0.8030,0.2801,0.5426,7.949,-32.379,-32.983
3861382,1386,1878,1586,-0.8021,0.2726,0.5428,8.472,-35.172,-36.752
3861392,1345,1870,1526,-0.8024,0.2585,0.5386,9.537,-38.076,-40.694
3861402,1688,1861,1540,-0.7998,0.2413,0.5322,11.233,-41.049,-44.576
3861412,1335,1899,1491,-0.7968,0.2228,0.5306,13.479,-44.425,-48.117
3861422,1349,1860,1610,-0.7946,0.2066,0.5299,16.408,-48.144,-51.132
3861432,1354,1879,1514,-0.7911,0.2000,0.5291,19.896,-52.198,-53.580
3861442,1364,1870,1490,-0.7868,0.1920,0.5362,23.442,-56.717,-55.777
3861452,1365,1879,1692,-0.7760,0.1837,0.5509,26.660,-61.644,-57.874
3861462,1532,1856,1450,-0.7623,0.1722,0.5726,29.102,-66.692,-59.839
3861472,1402,1877,1459,-0.7463,0.1583,0.5930,30.573,-71.439,-61.558
3861482,1742,1896,1491,-0.7329,0.1409,0.6075,31.068,-75.751,-62.904
3861492,1432,1899,1475,-0.7209,0.1225,0.6184,30.851,-79.914,-63.764
3861502,1352,1860,1489,-0.7098,0.1030,0.6260,30.284,-84.125,-64.007
3861512,1415,1869,1611,-0.6992,0.0850,0.6274,29.704,-88.446,-63.556
3861522,1364,1865,1486,-0.6900,0.0672,0.6369,29.284,-92.938,-62.448
3861532,1393,1891,1505,-0.6760,0.0557,0.6609,28.799,-97.778,-60.712
3861542,1365,1868,1684,-0.6601,0.0541,0.6917,28.241,-102.318,-58.521
3861552,1707,1928,1587,-0.6409,0.0585,0.7309,27.164,-106.216,-56.233
3861562,1427,1859,1623,-0.6181,0.0674,0.7752,24.846,-109.455,-54.302
3861572,1534,1872,1763,-0.5959,0.0686,0.8066,21.536,-111.444,-53.044
3861582,1481,1887,1695,-0.5717,0.0645,0.8359,17.522,-112.572,-52.378
3861592,1357,1857,1787,-0.5506,0.0497,0.8660,13.019,-113.456,-52.134
3861602,1912,1862,1463,-0.5302,0.0275,0.8919,8.550,-113.923,-51.936
3861612,1489,1905,1539,-0.5109,0.0093,0.9130,4.321,-113.862,-51.560
3861622,1833,1884,1963,-0.4945,-0.0057,0.9270,0.568,-113.347,-50.817
3861632,1490,1886,1938,-0.4812,-0.0100,0.9331,-2.390,-112.212,-49.839
3861642,1416,1875,1650,-0.4701,-0.0102,0.9443,-4.379,-110.915,-48.886
3861652,1485,1875,1910,-0.4570,-0.0131,0.9627,-5.718,-109.645,-48.360
3861662,1533,1867,1945,-0.4439,-0.0187,0.9785,-6.569,-108.100,-48.341
3861672,1898,1896,1776,-0.4287,-0.0267,0.9950,-6.910,-106.356,-48.684
3861682,1438,1857,2066,-0.4127,-0.0380,1.0144,-6.705,-104.531,-49.222
3861692,1498,1876,2187,-0.3961,-0.0491,1.0299,-5.683,-102.446,-49.664
3861702,1370,1863,1847,-0.3830,-0.0567,1.0405,-3.893,-100.111,-49.874
3861712,1397,1867,1901,-0.3728,-0.0638,1.0555,-1.554,-97.779,-49.854
3861722,1495,1882,2044,-0.3618,-0.0663,1.0739,0.975,-95.662,-49.684
3861732,1349,1863,2093,-0.3489,-0.0662,1.0874,3.458,-93.511,-49.458
3861742,1406,1857,2021,-0.3350,-0.0677,1.0994,5.556,-91.346,-49.268
3861752,1650,1870,1693,-0.3210,-0.0711,1.1098,7.179,-89.262,-49.057
3861762,1349,1864,1820,-0.3070,-0.0734,1.1199,8.503,-87.191,-48.686
3861772,1399,1889,1871,-0.2936,-0.0761,1.1352,9.467,-85.275,-48.092
3861782,1360,1876,1980,-0.2809,-0.0777,1.1512,9.955,-83.472,-47.282
3861792,1394,1863,2146,-0.2712,-0.0780,1.1667,10.024,-81.528,-46.337
3861802,1410,1854,2288,-0.2632,-0.0756,1.1820,9.802,-79.557,-45.269
3861812,1480,1876,2002,-0.2566,-0.0731,1.1985,9.346,-77.751,-44.201
3861822,1655,1905,2075,-0.2482,-0.0716,1.2125,8.838,-75.898,-43.200
3861832,1479,1871,2019,-0.2359,-0.0802,1.2285,8.124,-74.053,-42.393
3861842,1867,1869,1983,-0.2206,-0.0913,1.2395,7.075,-72.124,-41.604
3861852,1361,1878,2082,-0.2063,-0.1002,1.2487,5.860,-69.812,-40.637
3861862,1370,1870,2033,-0.1947,-0.1090,1.2530,4.809,-67.343,-39.518
3861872,1359,1872,1473,-0.1838,-0.1159,1.2544,4.287,-64.622,-38.350
3861882,1361,1867,1857,-0.1753,-0.1197,1.2563,4.362,-61.812,-37.218
3861892,1360,1862,1915,-0.1670,-0.1175,1.2554,4.990,-58.949,-36.146
3861902,1465,1869,1785,-0.1587,-0.1128,1.2553,6.101,-55.973,-35.217
3861912,1520,1871,1819,-0.1484,-0.1128,1.2571,8.108,-52.363,-34.521
3861922,1361,1859,1475,-0.1378,-0.1197,1.2578,9.917,-48.794,-33.803
3861932,1415,1860,1795,-0.1288,-0.1252,1.2577,11.428,-45.258,-32.834
3861942,1359,1865,1631,-0.1199,-0.1258,1.2543,12.631,-41.832,-31.567
3861952,1382,1871,1772,-0.1128,-0.1254,1.2446,13.555,-38.450,-30.163
3861962,1391,1858,1746,-0.1068,-0.1236,1.2335,14.221,-35.282,-28.756
3861972,1523,1884,1598,-0.1035,-0.1206,1.2229,14.788,-32.375,-27.325
3861982,1451,1860,1869,-0.1024,-0.1166,1.2137,15.220,-29.770,-25.907
3861992,1360,1890,2160,-0.1011,-0.1121,1.2083,15.452,-27.518,-24.502
3862002,1584,1876,2128,-0.1018,-0.1084,1.2011,15.359,-25.528,-23.050
3862012,1577,1885,1786,-0.1032,-0.1027,1.1943,14.804,-23.729,-21.490
3862022,1365,1860,1813,-0.1041,-0.0997,1.1847,13.790,-22.183,-19.819
3862032,1432,1866,1568,-0.1035,-0.1011,1.1815,12.260,-20.906,-18.066
3862042,1397,1860,1956,-0.1051,-0.0964,1.1830,9.992,-19.995,-15.967
3862052,1482,1866,1466,-0.1102,-0.0852,1.1742,6.948,-18.837,-13.688
3862062,1432,1857,1699,-0.1138,-0.0796,1.1649,3.317,-17.816,-11.724
3862072,1501,1886,1512,-0.1156,-0.0772,1.1537,-0.509,-17.009,-10.308
3862082,1384,1882,1666,-0.1169,-0.0788,1.1434,-4.003,-16.272,-9.376
3862092,1365,1859,1565,-0.1172,-0.0840,1.1371,-6.886,-15.807,-8.730
3862102,1368,1862,1426,-0.1168,-0.0898,1.1331,-9.048,-15.459,-8.213
3862112,1374,1862,1484,-0.1165,-0.0943,1.1289,-10.530,-15.074,-7.655
3862122,1433,1872,1547,-0.1170,-0.0955,1.1269,-11.447,-14.711,-6.991
3862132,1364,1871,1858,-0.1187,-0.0945,1.1215,-12.014,-14.259,-6.290
3862142,1621,1873,1503,-0.1209,-0.0948,1.1146,-12.291,-13.761,-5.715
3862152,1463,1869,1491,-0.1212,-0.0944,1.1070,-12.377,-13.407,-5.358
3862162,1414,1853,1578,-0.1214,-0.0945,1.1001,-12.313,-13.176,-5.156
3862172,1393,1894,1571,-0.1194,-0.0978,1.0951,-12.146,-13.058,-5.014
3862182,1376,1857,1678,-0.1153,-0.1014,1.0961,-12.109,-13.124,-4.860
3862192,1368,1865,1472,-0.1132,-0.1116,1.1108,-11.973,-13.127,-4.774
3862202,1416,1871,1608,-0.1070,-0.1291,1.1384,-11.446,-12.997,-4.648
3862212,1372,1859,1535,-0.1036,-0.1383,1.1604,-10.984,-12.462,-4.076
3862222,1386,1864,1609,-0.1083,-0.1307,1.1807,-10.582,-11.621,-3.038
3862232,1385,1864,1433,-0.1216,-0.1301,1.1997,-10.113,-10.630,-2.230
3862242,1461,1862,1462,-0.1288,-0.1413,1.2176,-8.970,-9.513,-1.951
3862252,1375,1860,1468,-0.1317,-0.1538,1.2341,-7.147,-8.547,-1.633
3862262,1386,1871,1690,-0.1324,-0.1586,1.2407,-4.940,-7.340,-0.920
3862272,1378,1858,1722,-0.1306,-0.1566,1.2431,-2.400,-5.997,0.202
3862282,1386,1877,1501,-0.1248,-0.1477,1.2405,0.654,-4.627,1.509
3862292,1372,1862,1473,-0.1175,-0.1387,1.2361,3.890,-3.277,2.722
3862302,1393,1878,1446,-0.1116,-0.1298,1.2262,6.860,-1.917,3.632
3862312,1375,1862,1553,-0.1055,-0.1217,1.2133,9.309,-0.718,4.207
3862322,1379,1880,1704,-0.1008,-0.1144,1.1977,11.092,0.190,4.629
3862332,1460,1892,1479,-0.0993,-0.1034,1.1852,12.319,0.824,5.119
3862342,1413,1884,1629,-0.0993,-0.0901,1.1687,12.990,1.308,5.610
3862352,1379,1862,1477,-0.1005,-0.0764,1.1542,12.995,1.567,5.963
3862362,1376,1874,1818,-0.1018,-0.0629,1.1449,12.356,1.431,6.103
3862372,1377,1856,1532,-0.1037,-0.0524,1.1370,11.308,1.121,5.964
3862382,1392,1874,1468,-0.1060,-0.0488,1.1311,9.897,0.706,5.564
3862392,1388,1873,1539,-0.1066,-0.0477,1.1280,8.227,0.117,5.042
3862402,1393,1867,1445,-0.1066,-0.0488,1.1275,6.420,-0.549,4.577
3862412,1384,1857,1735,-0.1058,-0.0505,1.1272,4.475,-1.259,4.192
3862422,1394,1875,1792,-0.1045,-0.0522,1.1294,2.420,-1.990,3.813
3862432,1381,1856,1769,-0.1024,-0.0557,1.1358,0.337,-2.702,3.422
3862442,1397,1871,1459,-0.0992,-0.0599,1.1428,-1.616,-3.332,3.077
3862452,1380,1857,1466,-0.0970,-0.0642,1.1499,-3.384,-3.760,2.792
3862462,1413,1884,1595,-0.0961,-0.0679,1.1557,-4.991,-3.985,2.518
3862472,1392,1861,2130,-0.0945,-0.0718,1.1565,-6.335,-3.956,2.229
3862482,1391,1862,1471,-0.0935,-0.0760,1.1560,-7.250,-3.789,1.921
3862492,1382,1857,1641,-0.0920,-0.0810,1.1545,-7.641,-3.601,1.622
3862502,1383,1862,1530,-0.0910,-0.0862,1.1504,-7.581,-3.363,1.357
3862512,1419,1876,1746,-0.0902,-0.0901,1.1491,-7.105,-3.122,1.144
3862522,1445,1867,1799,-0.0901,-0.0908,1.1476,-6.287,-2.890,1.003
3862532,1389,1862,1788,-0.0905,-0.0923,1.1440,-5.171,-2.626,0.895
3862542,1427,1890,1486,-0.0903,-0.0923,1.1410,-4.007,-2.421,0.790
3862552,1385,1853,1557,-0.0907,-0.0905,1.1389,-2.894,-2.255,0.719
3862562,1400,1874,1808,-0.0910,-0.0874,1.1383,-1.905,-2.094,0.665
3862572,1390,1863,1610,-0.0901,-0.0855,1.1395,-1.165,-2.063,0.555
3862582,1418,1903,1497,-0.0907,-0.0841,1.1366,-0.679,-2.019,0.399
3862592,1412,1857,1601,-0.0914,-0.0816,1.1349,-0.398,-1.974,0.249
3862602,1407,1878,1472,-0.0924,-0.0798,1.1332,-0.300,-1.976,0.128
3862612,1394,1856,1443,-0.0937,-0.0776,1.1331,-0.376,-2.056,0.061
3862622,1404,1873,1554,-0.0933,-0.0771,1.1338,-0.635,-2.168,0.006
3862632,1395,1863,1640,-0.0923,-0.0780,1.1353,-1.044,-2.302,-0.120
3862642,1405,1879,1655,-0.0921,-0.0790,1.1342,-1.513,-2.387,-0.280
3862652,1398,1861,1449,-0.0912,-0.0805,1.1322,-1.917,-2.422,-0.428
3862662,1399,1872,1612,-0.0914,-0.0821,1.1268,-2.202,-2.458,-0.528
3862672,1391,1858,1586,-0.0928,-0.0841,1.1210,-2.321,-2.525,-0.585
3862682,1420,1882,1519,-0.0925,-0.0856,1.1195,-2.278,-2.710,-0.596
3862692,1394,1862,1513,-0.0924,-0.0877,1.1272,-2.144,-3.093,-0.540
3862702,1398,1868,1725,-0.0913,-0.0881,1.1367,-2.028,-3.459,-0.415
3862712,1394,1861,1831,-0.0887,-0.0871,1.1473,-1.989,-3.614,-0.279
3862722,1407,1872,1744,-0.0858,-0.0867,1.1568,-2.147,-3.615,-0.201
3862732,1397,1863,1580,-0.0831,-0.0893,1.1616,-2.495,-3.335,-0.214
3862742,1417,1885,1671,-0.0821,-0.0921,1.1594,-2.916,-2.926,-0.226
3862752,1406,1862,1679,-0.0827,-0.0955,1.1537,-3.202,-2.389,-0.178
3862762,1500,1884,1450,-0.0836,-0.0968,1.1484,-3.212,-1.963,-0.127
3862772,1404,1874,1709,-0.0838,-0.0968,1.1437,-2.907,-1.694,-0.089
3862782,1425,1919,1672,-0.0845,-0.0962,1.1392,-2.336,-1.476,-0.067
3862792,1399,1863,1487,-0.0852,-0.0950,1.1371,-1.658,-1.321,-0.050
3862802,1400,1872,1619,-0.0859,-0.0943,1.1374,-1.012,-1.258,-0.027
3862812,1398,1862,1708,-0.0864,-0.0938,1.1382,-0.510,-1.226,-0.003
3862822,1402,1866,1465,-0.0864,-0.0940,1.1379,-0.132,-1.089,0.013
3862832,1405,1861,1792,-0.0855,-0.0935,1.1388,0.128,-0.986,0.014
3862842,1412,1872,1623,-0.0857,-0.0930,1.1384,0.246,-0.903,0.033
3862852,1408,1862,1767,-0.0855,-0.0919,1.1379,0.232,-0.814,0.095
3862862,1411,1870,1889,-0.0856,-0.0898,1.1337,0.147,-0.727,0.166
3862872,1398,1866,1690,-0.0855,-0.0887,1.1303,0.057,-0.667,0.210
3862882,1410,1870,1757,-0.0867,-0.0881,1.1284,-0.017,-0.674,0.231
3862892,1408,1868,1804,-0.0866,-0.0891,1.1311,-0.059,-0.822,0.240
3862902,1411,1873,1854,-0.0869,-0.0895,1.1316,-0.142,-0.976,0.251
3862912,1407,1865,1457,-0.0860,-0.0909,1.1337,-0.253,-1.065,0.261
3862922,1408,1873,1469,-0.0862,-0.0904,1.1352,-0.362,-1.110,0.267
3862932,1426,1880,2040,-0.0862,-0.0912,1.1336,-0.443,-1.057,0.286
3862942,1413,1875,2092,-0.0870,-0.0921,1.1323,-0.479,-1.027,0.317
3862952,1411,1861,1472,-0.0873,-0.0927,1.1344,-0.461,-1.081,0.365
3862962,1408,1867,1537,-0.0863,-0.0936,1.1361,-0.428,-1.196,0.427
3862972,1420,1869,1836,-0.0848,-0.0933,1.1375,-0.379,-1.242,0.458
3862982,1441,1904,1469,-0.0835,-0.0925,1.1382,-0.342,-1.226,0.457
3862992,1439,1875,1961,-0.0827,-0.0920,1.1362,-0.331,-1.141,0.473
3863002,1414,1884,1892,-0.0832,-0.0921,1.1341,-0.364,-1.042,0.497
3863012,1413,1864,1607,-0.0838,-0.0923,1.1325,-0.397,-0.997,0.519
3863022,1418,1872,1716,-0.0839,-0.0933,1.1312,-0.377,-0.988,0.519
3863032,1416,1863,1714,-0.0837,-0.0943,1.1312,-0.286,-1.073,0.489
3863042,1407,1870,1533,-0.0841,-0.0940,1.1307,-0.150,-1.170,0.432
3863052,1415,1862,1462,-0.0845,-0.0927,1.1304,-0.043,-1.229,0.406
3863062,1409,1870,1574,-0.0835,-0.0927,1.1327,-0.022,-1.322,0.414
3863072,1419,1859,1785,-0.0827,-0.0924,1.1362,-0.097,-1.439,0.400
3863082,1414,1867,1479,-0.0817,-0.0922,1.1388,-0.234,-1.490,0.356
3863092,1436,1868,1474,-0.0804,-0.0927,1.1412,-0.402,-1.502,0.287
3863102,1418,1857,1907,-0.0811,-0.0933,1.1406,-0.598,-1.467,0.228
3863112,1422,1864,1726,-0.0820,-0.0957,1.1394,-0.807,-1.415,0.229
3863122,1464,1868,1469,-0.0837,-0.0953,1.1386,-0.987,-1.403,0.294
3863132,1452,1877,1802,-0.0849,-0.0942,1.1363,-1.072,-1.394,0.378
3863142,1443,1893,2291,-0.0856,-0.0943,1.1344,-1.079,-1.434,0.402
3863152,1421,1859,1589,-0.0860,-0.0949,1.1326,-0.975,-1.482,0.374
3863162,1427,1895,1527,-0.0857,-0.0948,1.1333,-0.832,-1.590,0.323
3863172,1418,1865,1712,-0.0852,-0.0963,1.1338,-0.719,-1.695,0.251
3863182,1416,1867,1665,-0.0839,-0.0975,1.1345,-0.662,-1.797,0.191
3863192,1456,1858,1895,-0.0837,-0.0971,1.1374,-0.667,-1.900,0.135
3863202,1422,1868,1886,-0.0822,-0.0967,1.1353,-0.700,-1.918,0.095
3863212,1423,1861,1913,-0.0824,-0.0973,1.1363,-0.766,-1.966,0.064
3863222,1446,1901,1539,-0.0824,-0.0967,1.1396,-0.882,-2.059,0.047
3863232,1432,1861,1650,-0.0824,-0.0968,1.1398,-1.036,-2.033,0.032
3863242,1422,1867,1642,-0.0816,-0.0964,1.1383,-1.196,-1.993,-0.033
3863252,1415,1859,1777,-0.0805,-0.0966,1.1380,-1.349,-1.999,-0.124
3863262,1424,1870,1836,-0.0802,-0.0975,1.1393,-1.479,-2.002,-0.188
3863272,1439,1861,1829,-0.0797,-0.0988,1.1395,-1.609,-2.023,-0.231
3863282,1423,1859,1916,-0.0788,-0.0994,1.1404,-1.696,-1.995,-0.241
3863292,1421,1859,1897,-0.0787,-0.0993,1.1399,-1.722,-1.939,-0.213
3863302,1422,1868,1470,-0.0788,-0.0999,1.1397,-1.695,-1.867,-0.199
3863312,1441,1862,1565,-0.0793,-0.1008,1.1408,-1.668,-1.860,-0.191
3863322,1438,1878,1872,-0.0799,-0.0993,1.1394,-1.591,-1.806,-0.176
3863332,1458,1869,2059,-0.0793,-0.1015,1.1384,-1.459,-1.719,-0.170
3863342,1424,1864,1704,-0.0786,-0.1009,1.1370,-1.300,-1.635,-0.156
3863352,1439,1864,1628,-0.0784,-0.1011,1.1376,-1.008,-1.598,-0.135
3863362,1428,1883,1732,-0.0783,-0.1017,1.1366,-0.608,-1.507,-0.109
3863372,1455,1860,1466,-0.0780,-0.1009,1.1358,-0.303,-1.450,-0.085
3863382,1426,1937,1657,-0.0777,-0.0997,1.1351,-0.117,-1.431,-0.109
3863392,1449,1870,2195,-0.0771,-0.0999,1.1374,0.045,-1.459,-0.131
3863402,1425,1863,1593,-0.0759,-0.1000,1.1414,0.184,-1.491,-0.115
3863412,1434,1858,1742,-0.0755,-0.0995,1.1438,0.236,-1.431,-0.084
3863422,1443,1871,1733,-0.0746,-0.0985,1.1459,0.140,-1.398,-0.045
3863432,1451,1867,2068,-0.0743,-0.0983,1.1450,-0.007,-1.228,-0.029
3863442,1426,1869,1529,-0.0747,-0.0990,1.1434,-0.196,-1.025,-0.038
3863452,1431,1857,1765,-0.0767,-0.1001,1.1413,-0.305,-0.847,-0.033
3863462,1438,1887,1950,-0.0780,-0.1007,1.1362,-0.284,-0.707,-0.035
3863472,1425,1857,1692,-0.0788,-0.1007,1.1341,-0.099,-0.698,-0.040
3863482,1474,1862,1665,-0.0799,-0.1014,1.1322,0.171,-0.772,-0.046
3863492,1478,1932,1826,-0.0791,-0.1016,1.1339,0.427,-0.895,-0.023
3863502,1444,1871,1765,-0.0794,-0.1005,1.1369,0.568,-1.054,0.016
3863512,1427,1862,1947,-0.0786,-0.0993,1.1384,0.561,-1.111,0.016
3863522,1435,1871,1486,-0.0772,-0.0998,1.1402,0.423,-1.133,-0.063
3863532,1433,1861,1664,-0.0758,-0.1010,1.1398,0.273,-1.070,-0.155
3863542,1448,1864,1668,-0.0755,-0.1023,1.1367,0.079,-0.982,-0.226
3863552,1428,1854,1874,-0.0758,-0.1036,1.1337,-0.062,-0.882,-0.250
3863562,1441,1876,1546,-0.0751,-0.1033,1.1350,-0.112,-0.861,-0.201
3863572,1439,1859,1541,-0.0746,-0.1031,1.1348,-0.082,-0.884,-0.108
3863582,1451,1868,1763,-0.0750,-0.1010,1.1354,0.014,-0.906,-0.042
3863592,1432,1863,1677,-0.0746,-0.0997,1.1372,0.158,-0.882,-0.010
3863602,1446,1873,1775,-0.0744,-0.0990,1.1381,0.291,-0.838,-0.024
3863612,1492,1895,1638,-0.0744,-0.0996,1.1371,0.361,-0.747,-0.060
3863622,1433,1859,1500,-0.0747,-0.1003,1.1355,0.448,-0.652,-0.070
3863632,1438,1870,1803,-0.0747,-0.1004,1.1362,0.544,-0.642,-0.033
3863642,1458,1870,1483,-0.0750,-0.1001,1.1376,0.642,-0.657,0.028
3863652,1440,1863,1568,-0.0748,-0.0994,1.1382,0.663,-0.716,0.037
3863662,1443,1866,1546,-0.0752,-0.0985,1.1380,0.604,-0.761,0.024
3863672,1437,1861,1472,-0.0754,-0.0973,1.1374,0.477,-0.782,0.010
3863682,1478,1879,1723,-0.0767,-0.0973,1.1362,0.272,-0.800,-0.026
3863692,1442,1865,1791,-0.0771,-0.0982,1.1350,0.036,-0.824,-0.088
3863702,1442,1861,1548,-0.0772,-0.0997,1.1360,-0.127,-0.914,-0.144
3863712,1471,1891,1519,-0.0764,-0.1010,1.1393,-0.279,-1.058,-0.184
3863722,1452,1869,1491,-0.0753,-0.1022,1.1425,-0.438,-1.121,-0.192
3863732,1458,1878,1606,-0.0745,-0.1023,1.1435,-0.632,-1.081,-0.188
3863742,1436,1862,1467,-0.0742,-0.1029,1.1438,-0.751,-0.937,-0.176
3863752,1440,1856,1545,-0.0747,-0.1027,1.1421,-0.766,-0.774,-0.107
3863762,1452,1868,1664,-0.0759,-0.1028,1.1376,-0.640,-0.602,-0.007
3863772,1438,1864,1492,-0.0770,-0.1030,1.1345,-0.289,-0.468,0.102
3863782,1436,1858,1846,-0.0773,-0.1026,1.1325,0.169,-0.405,0.184
3863792,1461,1874,1511,-0.0774,-0.1020,1.1312,0.680,-0.385,0.226
3863802,1443,1860,1665,-0.0773,-0.1003,1.1320,1.109,-0.424,0.256
3863812,1470,1891,1528,-0.0787,-0.0993,1.1343,1.394,-0.461,0.297
3863822,1457,1867,1603,-0.0794,-0.0978,1.1379,1.479,-0.565,0.348
3863832,1450,1863,1573,-0.0787,-0.0979,1.1391,1.359,-0.651,0.360
3863842,1471,1869,1485,-0.0776,-0.0970,1.1405,1.049,-0.730,0.312
3863852,1450,1872,1485,-0.0765,-0.0969,1.1417,0.616,-0.809,0.216
3863862,1499,1872,1492,-0.0750,-0.0973,1.1412,0.152,-0.854,0.074
3863872,1442,1862,1687,-0.0734,-0.0992,1.1416,-0.319,-0.904,-0.091
3863882,1456,1859,1518,-0.0723,-0.1005,1.1397,-0.707,-0.856,-0.233
3863892,1444,1862,1495,-0.0730,-0.1007,1.1379,-0.955,-0.831,-0.323
3863902,1453,1860,1507,-0.0740,-0.1020,1.1379,-1.066,-0.816,-0.371
3863912,1444,1865,1672,-0.0756,-0.1020,1.1368,-1.007,-0.756,-0.325
3863922,1452,1870,1484,-0.0776,-0.1020,1.1361,-0.771,-0.660,-0.217
3863932,1449,1862,1695,-0.0785,-0.1014,1.1355,-0.359,-0.581,-0.070
3863942,1522,1880,1488,-0.0788,-0.1014,1.1353,0.182,-0.550,0.077
3863952,1455,1863,1585,-0.0796,-0.1001,1.1349,0.770,-0.542,0.219
3863962,1451,1875,1481,-0.0790,-0.0989,1.1356,1.302,-0.531,0.358
3863972,1447,1863,1831,-0.0783,-0.0984,1.1387,1.637,-0.561,0.472
3863982,1457,1864,1621,-0.0780,-0.0994,1.1404,1.746,-0.551,0.534
3863992,1454,1870,1571,-0.0771,-0.0993,1.1412,1.603,-0.549,0.559
3864002,1454,1868,1479,-0.0780,-0.1002,1.1407,1.253,-0.543,0.524
3864012,1450,1868,1491,-0.0775,-0.0999,1.1395,0.794,-0.565,0.462
3864022,1464,1859,1549,-0.0760,-0.0997,1.1383,0.304,-0.666,0.357
3864032,1450,1867,1845,-0.0748,-0.0993,1.1392,-0.131,-0.820,0.208
3864042,1473,1860,1595,-0.0731,-0.0992,1.1384,-0.491,-1.002,-0.018
3864052,1454,1868,1673,-0.0714,-0.1000,1.1391,-0.738,-1.095,-0.272
3864062,1458,1864,1722,-0.0706,-0.1014,1.1378,-0.873,-1.103,-0.490
3864072,1450,1861,1788,-0.0713,-0.1016,1.1376,-0.900,-1.038,-0.619
