842197,1569,1889,1877,0.0546,0.5386,0.9927,5.691,-6.323,-2.408
842207,1597,1903,1864,0.0545,0.5390,0.9938,5.612,-6.385,-2.379
842217,1608,1884,1888,0.0540,0.5388,0.9912,5.583,-6.350,-2.422
842227,1595,1878,1882,0.0546,0.5390,0.9901,5.547,-6.349,-2.423
842237,1567,1878,1890,0.0550,0.5391,0.9910,5.468,-6.428,-2.394
842247,1822,1877,1872,0.0554,0.5385,0.9915,5.387,-6.517,-2.463
842257,1564,1886,1907,0.0545,0.5380,0.9924,5.457,-6.532,-2.525
842267,1655,1882,1870,0.0551,0.5385,0.9924,5.458,-6.481,-2.418
842277,1663,1917,1911,0.0559,0.5389,0.9899,5.456,-6.434,-2.407
842287,1625,1882,1855,0.0577,0.5402,0.9908,5.361,-6.482,-2.403
842297,1573,1876,1895,0.0576,0.5388,0.9897,5.334,-6.534,-2.487
842307,1574,1881,1872,0.0564,0.5378,0.9895,5.503,-6.526,-2.609
842317,1572,1888,1904,0.0562,0.5390,0.9918,5.683,-6.494,-2.511
842327,1780,1878,1871,0.0570,0.5408,0.9927,5.740,-6.466,-2.364
842337,1579,1880,1882,0.0572,0.5405,0.9924,5.667,-6.451,-2.314
842347,1577,1880,1872,0.0552,0.5397,0.9906,5.662,-6.352,-2.377
842357,1577,1885,1890,0.0560,0.5395,0.9910,5.629,-6.264,-2.364
842367,1762,1879,1887,0.0555,0.5387,0.9918,5.553,-6.288,-2.348
842377,1605,1894,1873,0.0549,0.5383,0.9925,5.497,-6.356,-2.377
842387,1688,1894,1862,0.0546,0.5382,0.9925,5.479,-6.324,-2.327
842397,1664,1875,1879,0.0546,0.5392,0.9900,5.520,-6.220,-2.278
842407,1656,1877,1876,0.0542,0.5397,0.9894,5.512,-6.199,-2.257
842417,1671,1892,1894,0.0546,0.5397,0.9913,5.462,-6.302,-2.283
842427,1674,1885,1869,0.0544,0.5392,0.9921,5.456,-6.393,-2.339
842437,1631,1890,1892,0.0541,0.5386,0.9902,5.465,-6.397,-2.330
842447,1635,1890,1864,0.0550,0.5389,0.9905,5.458,-6.378,-2.306
842457,1596,1877,1909,0.0551,0.5385,0.9900,5.412,-6.405,-2.333
842467,1577,1886,1850,0.0550,0.5384,0.9904,5.387,-6.464,-2.402
842477,1626,1879,1911,0.0556,0.5382,0.9909,5.436,-6.495,-2.429
842487,1727,1887,1872,0.0556,0.5386,0.9928,5.533,-6.490,-2.393
842497,1573,1881,1896,0.0554,0.5383,0.9935,5.639,-6.470,-2.387
842507,1595,1876,1873,0.0560,0.5395,0.9921,5.734,-6.381,-2.370
842517,1575,1887,1902,0.0558,0.5406,0.9923,5.765,-6.338,-2.297
842527,1587,1875,1874,0.0570,0.5404,0.9930,5.680,-6.361,-2.242
842537,1594,1889,1905,0.0564,0.5385,0.9935,5.632,-6.370,-2.320
842547,1580,1883,1879,0.0554,0.5385,0.9929,5.626,-6.321,-2.359
842557,1583,1882,1911,0.0552,0.5396,0.9902,5.614,-6.214,-2.319
842567,1615,1892,1860,0.0539,0.5397,0.9895,5.589,-6.174,-2.311
842577,1598,1892,1906,0.0544,0.5384,0.9908,5.510,-6.291,-2.347
842587,1580,1879,1873,0.0544,0.5385,0.9921,5.453,-6.384,-2.358
842597,1587,1878,1883,0.0546,0.5385,0.9907,5.437,-6.369,-2.320
842607,1588,1885,1877,0.0555,0.5384,0.9903,5.410,-6.341,-2.292
842617,1573,1888,1902,0.0556,0.5392,0.9904,5.375,-6.310,-2.296
842627,1578,1884,1866,0.0563,0.5396,0.9898,5.381,-6.241,-2.299
842637,1583,1893,1906,0.0555,0.5398,0.9911,5.393,-6.166,-2.295
842647,1597,1892,1871,0.0563,0.5403,0.9927,5.390,-6.106,-2.283
842657,1581,1878,1904,0.0557,0.5413,0.9950,5.415,-5.981,-2.291
842667,1580,1885,1874,0.0560,0.5441,0.9965,5.297,-5.795,-2.245
842677,1622,1901,1894,0.0572,0.5450,0.9970,5.006,-5.557,-2.168
842687,1611,1879,1861,0.0581,0.5452,0.9995,4.623,-5.319,-2.138
842697,1578,1889,1913,0.0590,0.5447,1.0027,4.242,-5.022,-2.122
842707,1597,1885,1866,0.0591,0.5438,1.0024,3.963,-4.525,-2.096
842717,1599,1889,1891,0.0603,0.5448,1.0044,3.713,-3.963,-1.977
842727,1623,1884,1859,0.0617,0.5441,1.0082,3.374,-3.387,-1.877
842737,1581,1880,1883,0.0622,0.5430,1.0105,2.981,-2.662,-1.852
842747,1581,1889,1873,0.0658,0.5414,1.0134,2.508,-1.783,-1.730
842757,1632,1953,1909,0.0686,0.5419,1.0202,1.980,-0.873,-1.472
842767,1583,1881,1875,0.0698,0.5419,1.0233,1.615,0.350,-1.136
842777,1587,1900,1913,0.0704,0.5476,1.0285,1.446,1.864,-0.501
842787,1583,1900,1860,0.0692,0.5582,1.0299,1.355,3.537,0.298
842797,1581,1879,1900,0.0659,0.5689,1.0281,1.184,5.407,0.949
842807,1583,1893,1857,0.0617,0.5769,1.0276,0.597,7.162,1.172
842817,1581,1882,1916,0.0555,0.5823,1.0317,-0.668,8.601,0.814
842827,1615,1892,1865,0.0535,0.5804,1.0311,-2.558,9.903,0.142
842837,1608,1882,1904,0.0489,0.5750,1.0231,-4.879,11.168,-0.620
842847,1584,1888,1873,0.0417,0.5712,1.0137,-7.327,12.332,-1.161
842857,1636,1891,1924,0.0337,0.5699,1.0052,-10.061,13.111,-1.374
842867,1583,1883,1855,0.0239,0.5683,0.9940,-12.690,13.560,-1.629
842877,1584,1900,1896,0.0199,0.5634,0.9901,-15.173,13.426,-2.003
842887,1654,1879,1859,0.0163,0.5531,0.9891,-17.617,12.615,-2.877
842897,1596,1890,1915,0.0156,0.5421,0.9914,-19.476,11.785,-3.528
842907,1585,1899,1853,0.0181,0.5309,1.0027,-21.410,10.765,-3.688
842917,1613,1889,1899,0.0150,0.5179,1.0084,-23.159,10.036,-3.855
842927,1638,1894,1866,0.0139,0.5098,1.0131,-24.843,9.691,-3.624
842937,1584,1920,1914,0.0114,0.5035,1.0159,-26.252,9.541,-3.198
842947,1702,1888,1857,0.0074,0.4877,1.0142,-27.201,9.387,-3.335
842957,1694,1895,1902,0.0012,0.4717,1.0105,-27.607,9.139,-3.727
842967,1590,1882,1858,-0.0021,0.4586,1.0101,-27.675,8.624,-3.670
842977,1602,1883,1896,-0.0037,0.4451,1.0075,-27.136,7.967,-3.350
842987,1584,1894,1855,-0.0062,0.4256,1.0077,-26.043,7.163,-3.113
842997,1596,1877,1888,-0.0070,0.4071,1.0170,-24.909,5.794,-3.073
843007,1658,1888,1867,-0.0070,0.3948,1.0216,-23.362,4.621,-2.417
843017,1627,1899,1931,-0.0094,0.3873,1.0204,-21.111,4.063,-1.406
843027,1632,1877,1893,-0.0097,0.3845,1.0220,-18.410,3.466,-0.395
843037,2144,1928,1908,-0.0106,0.3863,1.0238,-15.265,2.788,0.662
843047,1586,1879,1855,-0.0133,0.3888,1.0229,-11.819,2.138,1.464
843057,1754,1886,1920,-0.0140,0.3867,1.0155,-8.526,1.315,1.604
843067,1608,1889,1857,-0.0153,0.3867,1.0121,-5.565,0.208,1.646
843077,1640,1878,1894,-0.0157,0.3892,1.0225,-3.129,-1.516,1.699
843087,1605,1888,1875,-0.0204,0.3882,1.0227,-0.588,-3.052,1.410
843097,1602,1888,1903,-0.0208,0.3930,1.0128,2.500,-3.961,1.675
843107,1585,1878,1881,-0.0156,0.4079,1.0166,5.487,-5.220,2.875
843117,1597,1884,1904,-0.0166,0.4145,1.0247,7.944,-6.952,3.313
843127,1652,1875,1875,-0.0229,0.4184,1.0179,10.137,-8.449,2.768
843137,1616,1888,1911,-0.0206,0.4367,1.0131,12.023,-9.502,3.414
843147,1598,1876,1860,-0.0155,0.4539,1.0216,13.044,-10.861,4.396
843157,1589,1892,1899,-0.0237,0.4557,1.0196,13.602,-12.477,3.231
843167,1689,1888,1869,-0.0258,0.4599,1.0135,14.376,-13.702,2.067
843177,1591,1885,1913,-0.0199,0.4722,1.0192,14.789,-15.003,2.303
843187,1588,1878,1870,-0.0136,0.4757,1.0246,14.846,-16.359,2.064
843197,1629,1894,1911,-0.0093,0.4804,1.0362,14.619,-17.632,1.343
843207,1597,1880,1870,0.0006,0.4851,1.0475,13.901,-18.615,0.913
843217,1638,1891,1909,0.0091,0.4855,1.0449,13.340,-18.651,0.557
843227,1647,1879,1877,0.0160,0.4853,1.0483,12.368,-18.592,0.239
843237,1591,1883,1890,0.0243,0.4820,1.0567,10.884,-18.889,-0.296
843247,1603,1879,1867,0.0233,0.4768,1.0517,9.298,-18.649,-0.847
843257,1592,1882,1910,0.0244,0.4749,1.0474,7.557,-18.225,-0.964
843267,1622,1881,1864,0.0228,0.4676,1.0487,5.721,-18.060,-1.256
843277,1611,1884,1884,0.0194,0.4558,1.0419,4.364,-17.948,-2.070
843287,1593,1882,1857,0.0204,0.4503,1.0356,3.962,-17.598,-2.121
843297,1663,1930,1931,0.0258,0.4467,1.0321,4.227,-17.330,-1.583
843307,1594,1881,1877,0.0295,0.4435,1.0335,4.899,-17.234,-1.410
843317,1680,1897,1906,0.0287,0.4430,1.0373,5.758,-17.134,-1.675
843327,1593,1890,1871,0.0301,0.4471,1.0369,6.902,-16.618,-1.703
843337,1669,1887,1902,0.0305,0.4514,1.0381,8.148,-15.901,-1.631
843347,1616,1879,1866,0.0281,0.4531,1.0360,9.295,-15.159,-1.867
843357,1603,1896,1893,0.0297,0.4556,1.0371,10.182,-14.439,-1.970
843367,1599,1888,1871,0.0293,0.4592,1.0420,10.519,-13.918,-2.068
843377,1600,1885,1895,0.0282,0.4612,1.0444,10.470,-13.329,-2.363
843387,1595,1878,1875,0.0279,0.4628,1.0424,10.343,-12.474,-2.593
843397,1604,1889,1903,0.0292,0.4642,1.0405,10.167,-11.701,-2.637
843407,1624,1877,1888,0.0303,0.4638,1.0424,9.860,-11.205,-2.752
843417,1673,1881,1878,0.0303,0.4610,1.0417,9.562,-10.817,-3.096
843427,1605,1892,1865,0.0314,0.4607,1.0415,9.319,-10.387,-3.229
843437,1613,1878,1903,0.0355,0.4627,1.0447,9.024,-10.023,-3.053
843447,1610,1883,1867,0.0370,0.4616,1.0434,8.816,-9.666,-3.091
843457,1612,1889,1902,0.0377,0.4616,1.0421,8.653,-9.285,-3.153
843467,1603,1880,1895,0.0385,0.4639,1.0401,8.539,-8.857,-2.978
843477,1601,1910,1904,0.0375,0.4657,1.0361,8.560,-8.399,-2.842
843487,1696,1881,1891,0.0372,0.4681,1.0355,8.576,-8.108,-2.651
843497,1737,1885,1883,0.0376,0.4701,1.0353,8.515,-7.942,-2.476
843507,1597,1879,1871,0.0385,0.4708,1.0354,8.355,-7.873,-2.451
843517,1604,1882,1905,0.0400,0.4719,1.0379,8.070,-7.862,-2.368
843527,1644,1879,1877,0.0404,0.4731,1.0396,7.698,-7.783,-2.255
843537,1604,1880,1866,0.0412,0.4725,1.0397,7.303,-7.685,-2.167
843547,1620,1910,1866,0.0425,0.4709,1.0424,6.938,-7.660,-2.032
843557,1746,1887,1894,0.0438,0.4694,1.0476,6.630,-7.736,-1.799
843567,1635,1907,1893,0.0447,0.4684,1.0523,6.290,-7.765,-1.444
843577,1788,1946,1924,0.0470,0.4696,1.0547,5.782,-7.669,-0.848
843587,1833,1907,1870,0.0500,0.4724,1.0630,5.001,-7.557,-0.105
843597,2260,1930,1919,0.0540,0.4772,1.0720,3.936,-7.199,0.741
843607,1662,1879,1888,0.0567,0.4835,1.0797,2.687,-6.427,1.685
843617,1612,2075,1939,0.0578,0.4901,1.0850,1.103,-5.458,2.652
843627,1616,2042,1867,0.0573,0.4904,1.0866,-0.762,-4.365,3.612
843637,1649,1924,1910,0.0481,0.4987,1.0969,-3.146,-3.708,4.895
843647,1656,1875,1847,0.0421,0.5088,1.1098,-5.973,-3.143,7.071
843657,1671,1936,1943,0.0383,0.5191,1.1217,-9.527,-2.606,9.712
843667,1628,1907,1880,0.0401,0.5420,1.1546,-14.404,-2.342,12.840
843677,1613,1883,1922,0.0485,0.5699,1.1912,-20.249,-1.660,15.951
843687,1633,1901,1851,0.0533,0.5840,1.2133,-26.128,0.732,17.367
843697,1652,1912,1901,0.0572,0.5769,1.2249,-32.080,4.069,16.148
843707,1691,1878,1879,0.0635,0.5488,1.2313,-37.220,7.971,13.128
843717,1808,1955,1933,0.0699,0.5141,1.2319,-41.281,12.414,10.136
843727,1612,1879,1858,0.0786,0.4861,1.2255,-44.379,17.246,8.386
843737,1611,1914,1904,0.0908,0.4671,1.2293,-47.100,21.807,7.870
843747,1652,1885,1885,0.1033,0.4536,1.2468,-50.109,25.825,7.646
843757,1618,1886,1906,0.1124,0.4389,1.2609,-53.224,29.969,7.122
843767,1666,1939,1868,0.1151,0.4257,1.2709,-56.351,34.751,6.796
843777,1940,1937,1927,0.1184,0.4140,1.2813,-60.228,39.873,7.074
843787,1634,1895,1896,0.1139,0.3979,1.2865,-65.210,45.013,7.229
843797,1726,1901,1912,0.1052,0.3818,1.2882,-71.357,50.150,7.393
843807,1620,1891,1892,0.1007,0.3672,1.2909,-78.628,55.136,8.126
843817,1931,1986,1967,0.0964,0.3494,1.2927,-86.695,60.072,9.064
843827,1739,1885,1895,0.0929,0.3290,1.2905,-95.281,65.033,10.002
843837,1649,1880,1983,0.0888,0.3044,1.2843,-104.297,69.931,10.999
843847,1829,1935,1961,0.0835,0.2756,1.2781,-113.556,74.775,12.154
843857,1852,1905,2006,0.0781,0.2434,1.2660,-123.048,79.589,13.614
843867,1621,1879,1934,0.0723,0.2099,1.2525,-132.671,84.387,15.504
843877,2159,1886,1988,0.0666,0.1700,1.2404,-142.617,88.985,17.811
843887,1629,1920,1960,0.0581,0.1282,1.2291,-152.757,93.414,20.440
843897,1700,1984,2005,0.0512,0.0878,1.2188,-162.962,97.793,23.901
843907,1734,1909,1879,0.0397,0.0293,1.1899,-174.501,102.884,29.143
843917,2085,1878,1950,0.0211,-0.0295,1.1620,-184.785,107.151,34.875
843927,1800,1925,1895,-0.0001,-0.0835,1.1433,-193.673,110.633,41.447
843937,1722,1951,1970,-0.0219,-0.1299,1.1305,-201.340,113.754,48.857
843947,1773,1889,1879,-0.0448,-0.1671,1.1175,-207.812,116.770,56.836
843957,2007,1936,1958,-0.0664,-0.1942,1.0992,-212.980,119.901,65.159
843967,1817,1970,1920,-0.0884,-0.2217,1.0748,-217.006,123.027,73.241
843977,1628,1923,1933,-0.1207,-0.2491,1.0531,-219.937,125.093,80.116
843987,1691,1884,1851,-0.1593,-0.2761,1.0305,-221.576,126.263,86.426
843997,1646,1902,1921,-0.2021,-0.2979,0.9932,-221.542,127.173,92.998
844007,1740,1884,1877,-0.2513,-0.3153,0.9634,-219.880,127.179,99.658
844017,1658,2033,1864,-0.2921,-0.3302,0.9363,-216.337,125.853,105.956
844027,1604,1919,1894,-0.3312,-0.3481,0.9054,-210.957,123.877,111.584
844037,1751,1959,1935,-0.3623,-0.3651,0.8762,-203.905,121.333,116.724
844047,1997,1902,1862,-0.3846,-0.3773,0.8551,-195.545,118.086,121.574
844057,1714,1951,1908,-0.4059,-0.3881,0.8297,-185.748,114.818,125.927
844067,1722,1974,1874,-0.4240,-0.3995,0.8019,-174.431,111.692,129.688
844077,1639,2010,1919,-0.4432,-0.4108,0.7699,-161.750,108.680,132.747
844087,1898,2092,1901,-0.4639,-0.4215,0.7369,-148.025,105.827,135.242
844097,1642,2015,1923,-0.4838,-0.4290,0.7100,-133.773,102.660,137.315
844107,1666,1886,1864,-0.5051,-0.4280,0.6875,-119.383,99.262,139.359
844117,1943,1922,1873,-0.5196,-0.4144,0.6705,-105.179,95.858,141.909
844127,1897,1894,1863,-0.5285,-0.3947,0.6574,-91.960,92.356,144.685
844137,1734,1917,1924,-0.5396,-0.3751,0.6351,-80.219,88.748,146.842
844147,1841,1950,1890,-0.5510,-0.3506,0.6095,-70.280,85.129,148.857
844157,1771,1913,1897,-0.5595,-0.3179,0.5841,-62.446,81.213,151.305
844167,1736,1969,1874,-0.5691,-0.2846,0.5633,-56.762,76.720,153.591
844177,2276,1955,1866,-0.5829,-0.2540,0.5412,-53.097,71.635,155.075
844187,1664,1968,1849,-0.5943,-0.2237,0.5190,-51.000,66.168,156.230
844197,1716,1887,1908,-0.6043,-0.1902,0.5007,-50.174,60.421,157.525
844207,2073,1890,1891,-0.6090,-0.1606,0.4859,-50.252,54.356,158.524
844217,1808,1875,1923,-0.6122,-0.1361,0.4702,-51.218,48.072,158.770
844227,1697,1889,2007,-0.6118,-0.1133,0.4668,-52.700,41.524,158.415
844237,2015,1969,2113,-0.6067,-0.0886,0.4813,-54.321,34.938,157.899
844247,1715,1898,1898,-0.6017,-0.0643,0.5013,-55.361,29.011,157.312
844257,1645,1903,1943,-0.6044,-0.0409,0.5048,-55.322,24.425,156.468
844267,1625,1921,1862,-0.6207,-0.0166,0.4942,-54.263,20.759,155.094
844277,1684,1880,1965,-0.6502,0.0173,0.4913,-52.595,17.024,153.274
844287,2247,1913,1860,-0.6745,0.0441,0.4739,-50.407,13.330,151.022
844297,1640,1996,1961,-0.6983,0.0629,0.4529,-47.634,9.473,147.995
844307,2145,1880,1851,-0.7154,0.0710,0.4279,-45.116,5.288,144.630
844317,1652,1877,2018,-0.7289,0.0653,0.4057,-43.263,0.536,140.981
844327,2039,1971,1853,-0.7425,0.0577,0.3933,-42.663,-4.781,137.303
844337,2282,1887,1878,-0.7488,0.0627,0.4095,-43.102,-10.309,134.913
844347,2401,1946,1861,-0.7499,0.0951,0.4363,-42.113,-15.271,134.131
844357,1929,1925,1848,-0.7570,0.1397,0.4644,-39.295,-18.644,134.333
844367,1703,1883,1853,-0.7561,0.1835,0.5024,-36.109,-21.676,133.722
844377,2108,1957,1892,-0.7618,0.2178,0.5473,-33.171,-24.862,131.012
844387,1812,2030,1886,-0.7666,0.2408,0.5627,-30.281,-26.774,127.536
844397,1934,1906,1849,-0.7774,0.2717,0.5777,-28.490,-27.737,125.134
844407,2051,1893,1909,-0.7907,0.3179,0.6214,-28.299,-29.186,123.214
844417,1650,1878,1871,-0.7957,0.3718,0.6628,-28.683,-30.239,121.296
844427,1726,1883,1906,-0.7911,0.4206,0.6929,-28.463,-29.908,118.971
844437,2283,1972,1857,-0.7915,0.4666,0.7274,-27.748,-29.164,115.213
844447,2391,1958,1891,-0.7973,0.5079,0.7485,-26.669,-28.086,109.974
844457,2165,1913,1846,-0.8024,0.5443,0.7513,-25.028,-26.132,104.151
844467,1744,1925,2007,-0.8054,0.5704,0.7527,-23.385,-24.332,97.947
844477,1638,1887,1851,-0.8100,0.5856,0.7471,-22.023,-23.153,90.999
844487,1835,1974,1869,-0.8171,0.5912,0.7423,-20.665,-22.527,83.586
844497,1612,1875,1854,-0.8268,0.5916,0.7412,-19.160,-22.316,76.182
844507,1640,1957,1847,-0.8347,0.5888,0.7358,-17.515,-22.349,68.977
844517,1730,1898,1869,-0.8359,0.5868,0.7473,-16.283,-22.912,62.173
844527,1678,1906,1859,-0.8346,0.5807,0.7591,-15.676,-23.741,55.641
844537,1692,1898,1857,-0.8287,0.5677,0.7587,-15.205,-24.085,49.298
844547,1623,1947,1881,-0.8184,0.5526,0.7665,-15.334,-24.454,43.587
844557,1640,1915,1851,-0.8106,0.5371,0.7722,-16.112,-24.760,38.418
844567,1654,1878,1868,-0.7992,0.5139,0.7662,-17.095,-24.593,33.665
844577,1950,1929,1854,-0.7905,0.4852,0.7643,-18.138,-24.461,29.094
844587,1610,1935,1850,-0.7856,0.4571,0.7651,-18.882,-24.537,24.649
844597,1740,1924,1873,-0.7810,0.4309,0.7533,-18.810,-24.210,20.884
844607,1923,1912,1921,-0.7755,0.4113,0.7397,-17.984,-23.641,18.050
844617,1734,1927,1875,-0.7694,0.3971,0.7334,-16.834,-23.444,15.692
844627,1787,1908,1856,-0.7639,0.3859,0.7326,-15.390,-23.510,13.434
844637,1805,1882,1863,-0.7571,0.3757,0.7279,-13.893,-23.583,11.309
844647,2175,1876,1869,-0.7505,0.3585,0.7188,-12.284,-23.609,9.263
844657,1745,1883,1897,-0.7474,0.3423,0.7215,-10.886,-24.043,7.249
844667,1844,1908,1850,-0.7444,0.3324,0.7195,-9.705,-24.345,5.591
844677,1716,1876,1874,-0.7395,0.3303,0.7181,-8.401,-24.141,4.579
844687,1733,1882,1859,-0.7327,0.3264,0.7219,-7.358,-23.873,3.859
844697,1658,1879,1881,-0.7266,0.3138,0.7252,-6.809,-23.582,2.915
844707,1706,1885,1866,-0.7238,0.3037,0.7280,-6.885,-23.151,1.989
844717,1634,1879,1876,-0.7207,0.2904,0.7277,-7.530,-22.645,1.456
844727,1794,1909,1876,-0.7199,0.2808,0.7304,-8.621,-22.190,1.281
844737,1802,1887,1850,-0.7197,0.2734,0.7320,-9.643,-21.678,1.491
844747,1783,1975,1914,-0.7177,0.2647,0.7284,-10.210,-20.920,1.787
844757,1614,1898,1856,-0.7168,0.2554,0.7291,-10.474,-20.240,2.056
844767,2930,1954,1849,-0.7154,0.2467,0.7294,-10.140,-19.559,2.353
844777,1989,1887,1885,-0.7133,0.2389,0.7370,-9.387,-18.906,2.715
844787,1898,1950,1851,-0.7121,0.2386,0.7512,-8.552,-18.266,3.154
844797,1835,1881,1877,-0.7121,0.2434,0.7559,-7.350,-17.155,3.631
844807,4095,2010,1870,-0.7117,0.2445,0.7508,-5.976,-15.757,3.984
844817,1902,1906,1868,-0.7130,0.2483,0.7511,-4.911,-14.635,4.222
844827,2119,1970,1893,-0.7100,0.2593,0.7655,-4.001,-13.879,4.398
844837,1683,1971,1857,-0.7027,0.2664,0.7789,-3.095,-12.805,4.316
844847,2132,1921,1892,-0.6929,0.2669,0.7955,-1.963,-11.336,3.792
844857,2002,1875,1857,-0.6922,0.2595,0.7972,-0.382,-9.671,2.489
844867,2282,1879,1851,-0.7141,0.2436,0.7578,2.443,-7.697,0.381
844877,1683,1884,1878,-0.7349,0.2283,0.7055,6.687,-6.416,-0.991
844887,2004,1893,1925,-0.7525,0.2229,0.6451,12.123,-6.216,-1.041
844897,1600,1888,1872,-0.7636,0.2603,0.6893,18.231,-7.563,0.560
844907,3032,1920,1852,-0.7286,0.3452,0.7814,21.162,-9.416,4.276
844917,2277,1954,1944,-0.7049,0.4233,0.8171,22.662,-6.840,6.904
844927,1987,1895,1852,-0.6660,0.5047,0.8573,20.902,-3.578,7.186
844937,1745,1908,1861,-0.6483,0.5312,0.8634,16.852,-0.941,3.925
844947,1775,1889,1851,-0.6495,0.5064,0.8155,13.565,1.955,-3.183
844957,1865,1889,1885,-0.6762,0.4409,0.7638,10.619,2.802,-12.793
844967,1647,1886,2275,-0.7149,0.3440,0.7099,8.515,1.617,-22.405
844977,1966,1894,2394,-0.7503,0.2387,0.6745,8.892,-0.377,-28.849
844987,1617,1941,2432,-0.7573,0.1843,0.7250,10.299,-3.292,-29.747
844997,1847,1966,2755,-0.7613,0.1950,0.7589,11.532,-4.034,-25.443
845007,1616,1894,1920,-0.7559,0.2464,0.7596,14.649,-1.618,-18.813
845017,1772,1876,1895,-0.7251,0.3139,0.7781,15.997,0.683,-12.151
845027,1623,1910,1862,-0.7261,0.3106,0.7616,14.331,1.319,-10.630
845037,2087,1906,1853,-0.7361,0.2523,0.6993,12.118,1.146,-12.526
845047,2158,1877,1870,-0.7556,0.1483,0.6331,8.553,-1.461,-15.175
845057,1937,1878,1903,-0.7738,0.0401,0.6250,3.017,-7.117,-16.516
845067,1614,1879,1942,-0.8221,0.0646,0.6698,-3.080,-12.218,-12.178
845077,1641,1877,1858,-0.8146,0.1801,0.6972,-3.646,-12.595,-1.367
845087,1669,1892,2047,-0.7421,0.3050,0.7273,-1.107,-10.078,10.784
845097,1693,1905,1961,-0.7271,0.3424,0.7599,-1.053,-9.559,11.940
845107,1675,1980,1975,-0.7216,0.3557,0.7614,-0.661,-9.130,8.890
845117,1685,1884,1854,-0.7343,0.3563,0.7461,-0.731,-7.566,6.399
845127,1828,1902,1852,-0.7424,0.3404,0.7433,-1.843,-7.427,4.308
845137,1896,1903,1861,-0.7437,0.3001,0.7331,-2.743,-7.724,2.065
845147,1669,1885,1852,-0.7440,0.2606,0.7432,-2.389,-8.456,0.072
845157,1846,1902,1850,-0.7422,0.2421,0.7509,-0.475,-8.979,-1.120
845167,2062,1905,1894,-0.7398,0.2333,0.7445,2.514,-8.614,-1.700
845177,2077,1882,1878,-0.7385,0.2308,0.7526,5.415,-8.364,-1.740
845187,2301,1880,1870,-0.7368,0.2384,0.7558,7.616,-8.072,-1.194
845197,1804,1880,1982,-0.7323,0.2467,0.7464,8.903,-7.417,-0.285
845207,2663,1879,1877,-0.7257,0.2474,0.7449,8.811,-7.141,0.646
845217,2384,1957,1882,-0.7172,0.2538,0.7596,7.954,-7.074,1.552
845227,2002,1973,1849,-0.7067,0.2730,0.7909,6.721,-6.815,2.223
845237,2123,1885,1850,-0.6965,0.2893,0.8256,6.012,-5.671,2.357
845247,1902,1916,1851,-0.6916,0.2885,0.8296,6.703,-3.356,1.743
845257,1851,1880,1853,-0.7020,0.2610,0.7482,9.496,-0.077,-0.243
845267,1750,1877,1889,-0.7400,0.2111,0.6110,14.038,1.947,-4.367
845277,2317,1969,1933,-0.7827,0.2053,0.6105,19.150,-0.095,-6.316
845287,1614,1970,1933,-0.7914,0.2728,0.6730,22.323,-3.738,-2.912
845297,1782,1879,1848,-0.7543,0.3542,0.7153,24.459,-3.426,3.016
845307,1660,1878,1919,-0.7084,0.4278,0.7722,23.046,-3.059,6.065
845317,1671,1896,1863,-0.6840,0.4623,0.8010,18.813,-2.568,4.267
845327,1583,1876,1859,-0.6713,0.4610,0.7871,15.514,-0.801,0.345
845337,1695,1965,2124,-0.6910,0.4239,0.7562,12.896,0.265,-5.900
845347,1711,1905,1943,-0.7247,0.3620,0.7179,10.629,-0.153,-13.396
845357,1666,1898,2108,-0.7469,0.3054,0.6846,9.271,-1.086,-17.796
845367,1592,1962,1996,-0.7447,0.2766,0.7022,9.350,-2.564,-17.941
845377,1991,1888,2318,-0.7394,0.2634,0.7120,10.585,-3.400,-16.389
845387,1592,1882,2086,-0.7373,0.2674,0.7045,13.321,-2.837,-14.683
845397,1598,1902,1853,-0.7363,0.2949,0.7133,15.647,-2.206,-12.189
845407,1586,1876,2034,-0.7393,0.3102,0.7204,16.796,-1.954,-10.407
845417,1611,1877,1949,-0.7433,0.3099,0.7279,16.204,-2.191,-10.011
845427,1609,1891,1901,-0.7489,0.2991,0.7307,13.964,-2.937,-9.811
845437,1584,1875,1847,-0.7564,0.2735,0.6959,10.954,-3.396,-9.457
845447,1607,1902,1849,-0.7560,0.2246,0.6511,7.587,-4.484,-9.222
845457,1609,1880,1862,-0.7740,0.2091,0.6526,2.744,-7.735,-8.246
845467,1585,1873,1844,-0.8016,0.2494,0.6556,-0.311,-9.696,-5.637
845477,1904,1895,1884,-0.7775,0.3147,0.6714,-1.425,-9.609,-0.844
845487,1816,1884,1879,-0.7676,0.3483,0.7010,-2.142,-9.970,0.889
845497,2334,1899,1862,-0.7532,0.3728,0.7335,-2.557,-10.415,-1.420
845507,2099,1873,1864,-0.7506,0.3598,0.7444,-1.564,-9.557,-5.618
845517,1788,1885,1848,-0.7448,0.3394,0.7466,-0.615,-8.730,-9.029
845527,1746,1891,1857,-0.7408,0.3089,0.7509,0.652,-8.206,-12.686
845537,2066,1905,1863,-0.7366,0.2725,0.7721,2.161,-8.252,-16.681
845547,1791,1901,1848,-0.7343,0.2335,0.7848,4.437,-7.775,-20.246
845557,1600,1887,1891,-0.7357,0.2019,0.7733,7.587,-6.161,-22.123
845567,1602,1886,1857,-0.7415,0.1791,0.7392,11.374,-4.080,-21.924
845577,1719,1894,1861,-0.7539,0.1567,0.7023,15.590,-2.875,-20.705
845587,1652,1903,1849,-0.7658,0.1297,0.6624,19.832,-3.347,-19.342
845597,1757,1900,1848,-0.7768,0.1146,0.6386,24.274,-4.838,-17.273
845607,1617,1941,1877,-0.7644,0.1229,0.6817,28.023,-7.085,-12.812
845617,1709,1905,1849,-0.7713,0.1684,0.7271,30.653,-8.439,-7.673
845627,1745,1917,1857,-0.7703,0.2422,0.7369,32.731,-6.749,-1.637
845637,1627,1873,1857,-0.7398,0.3234,0.7701,33.311,-4.693,5.268
845647,1628,1896,1849,-0.7277,0.3652,0.7911,32.353,-3.678,7.025
845657,2214,1891,1877,-0.7434,0.3757,0.7849,30.891,-2.942,3.105
845667,1656,1919,1878,-0.7521,0.3844,0.7829,28.932,-2.343,-0.200
845677,1633,1881,1855,-0.7572,0.3971,0.7771,27.509,-1.440,-1.419
845687,1603,1901,1852,-0.7669,0.4106,0.7706,27.153,-0.516,-2.788
845697,1701,1894,1860,-0.7759,0.4185,0.7753,28.254,-0.204,-5.447
845707,1616,1876,1862,-0.7863,0.4211,0.7824,31.067,-0.109,-9.056
845717,1607,1875,1851,-0.7942,0.4223,0.7881,35.178,0.320,-12.788
845727,1700,1874,1870,-0.8013,0.4280,0.7859,39.843,1.086,-16.228
845737,1596,1889,1865,-0.8112,0.4413,0.7694,44.881,2.183,-19.295
845747,1832,1890,1853,-0.8170,0.4625,0.7507,50.123,3.190,-21.897
845757,1706,1880,1849,-0.8194,0.4835,0.7445,55.050,3.342,-24.853
845767,1672,1907,1857,-0.8234,0.4946,0.7410,59.453,2.747,-29.115
845777,1826,1907,1854,-0.8249,0.4957,0.7318,63.275,2.038,-34.121
845787,1770,1884,1850,-0.8271,0.4907,0.7219,66.850,1.241,-39.056
845797,1591,1876,1850,-0.8294,0.4811,0.7077,70.105,0.358,-43.620
845807,1785,1884,1878,-0.8359,0.4705,0.6911,72.789,-0.663,-47.760
845817,1634,1877,1856,-0.8422,0.4640,0.6734,74.733,-2.005,-51.448
845827,1756,1879,1852,-0.8457,0.4626,0.6535,76.267,-3.720,-54.650
845837,1696,1900,1856,-0.8449,0.4619,0.6347,77.683,-5.821,-57.484
845847,1639,1875,1863,-0.8414,0.4571,0.6184,79.246,-8.511,-60.454
845857,1704,1880,1852,-0.8375,0.4478,0.6095,81.198,-11.749,-63.879
845867,1593,1880,1854,-0.8341,0.4381,0.6040,83.894,-15.066,-67.389
845877,1669,1910,1903,-0.8342,0.4355,0.6048,87.676,-18.052,-70.418
845887,1618,1904,1851,-0.8341,0.4392,0.6164,92.617,-20.729,-73.021
845897,1698,1893,1848,-0.8295,0.4395,0.6271,98.488,-22.930,-75.801
845907,1628,1881,1850,-0.8282,0.4315,0.6249,104.846,-24.583,-79.452
845917,2098,1901,1871,-0.8271,0.4188,0.6189,111.388,-26.033,-83.528
845927,1609,1912,1856,-0.8235,0.4051,0.6082,117.687,-27.511,-87.283
845937,1627,1903,1876,-0.8210,0.3898,0.5913,123.379,-29.240,-90.687
845947,1687,1878,1854,-0.8185,0.3706,0.5674,128.477,-31.492,-93.836
845957,1612,1914,1868,-0.8179,0.3516,0.5401,133.127,-34.366,-96.525
845967,1613,1898,1865,-0.8196,0.3367,0.5139,137.584,-37.803,-98.615
845977,1620,1914,1898,-0.8197,0.3199,0.4851,142.129,-41.608,-100.198
845987,1596,1889,1863,-0.8191,0.3039,0.4576,146.919,-45.852,-101.350
845997,1703,1876,1909,-0.8179,0.2890,0.4366,151.981,-50.564,-101.751
846007,1623,1876,1874,-0.8104,0.2764,0.4169,157.430,-55.533,-101.141
846017,1591,1884,1894,-0.8026,0.2685,0.3987,163.363,-60.633,-99.442
846027,2245,1944,1871,-0.7961,0.2745,0.3880,169.726,-66.110,-96.698
846037,1590,1904,1962,-0.7861,0.2891,0.3869,176.620,-71.789,-93.152
846047,1598,1888,1988,-0.7742,0.3032,0.3923,183.892,-77.638,-89.785
846057,1603,1877,1887,-0.7648,0.3164,0.4065,191.309,-83.847,-87.154
846067,1611,1898,1923,-0.7546,0.3339,0.4274,198.799,-89.988,-84.673
846077,1801,1887,1902,-0.7368,0.3579,0.4599,206.049,-95.763,-81.896
846087,1703,1913,1852,-0.7181,0.3803,0.4948,212.512,-101.037,-79.761
846097,1605,1879,1894,-0.6987,0.3944,0.5228,217.963,-105.520,-78.990
846107,1595,1886,1879,-0.6843,0.4025,0.5448,222.107,-109.156,-79.164
846117,1851,1886,1906,-0.6741,0.4077,0.5563,224.980,-112.035,-79.636
846127,1616,1878,1911,-0.6626,0.4052,0.5504,225.953,-114.093,-79.801
846137,1690,1894,1890,-0.6560,0.3907,0.5267,224.748,-116.038,-80.114
846147,1713,1904,1917,-0.6511,0.3658,0.4964,221.407,-118.562,-79.973
846157,1661,1879,1909,-0.6454,0.3424,0.4587,215.971,-121.748,-77.836
846167,1675,1878,2012,-0.6310,0.3275,0.4240,208.426,-125.874,-72.764
846177,1595,1880,1926,-0.6099,0.3221,0.4082,198.458,-131.735,-65.481
846187,1605,1883,1870,-0.5842,0.3253,0.4158,186.205,-139.206,-57.194
846197,1662,1889,1968,-0.5539,0.3406,0.4423,172.220,-147.236,-48.420
846207,1747,1950,1899,-0.5170,0.3665,0.4879,156.867,-154.892,-39.509
846217,1811,1880,1979,-0.4765,0.3930,0.5484,140.392,-161.605,-31.431
846227,1601,1891,1856,-0.4504,0.4228,0.5943,123.260,-166.401,-24.992
846237,1675,1890,1999,-0.4299,0.4594,0.6084,106.566,-168.404,-19.530
846247,1605,1886,1916,-0.4056,0.4967,0.6150,90.762,-168.778,-14.686
846257,1600,1889,1948,-0.3807,0.5165,0.6386,75.533,-169.748,-12.452
846267,1755,1878,1987,-0.3628,0.5083,0.6728,60.955,-171.636,-14.032
846277,1605,1877,1970,-0.3454,0.4858,0.7110,47.217,-173.410,-17.226
846287,1642,1880,1954,-0.3190,0.4663,0.7605,34.118,-174.475,-19.332
846297,1614,1895,1958,-0.2859,0.4478,0.8162,21.582,-174.432,-20.250
846307,1600,1880,1919,-0.2600,0.4264,0.8609,10.131,-172.789,-21.109
846317,1625,1897,1992,-0.2443,0.4106,0.8767,0.616,-169.090,-21.844
846327,1599,1879,1915,-0.2263,0.4053,0.8838,-6.598,-164.028,-21.588
846337,1758,1879,1933,-0.2105,0.4006,0.8964,-11.966,-159.246,-21.648
846347,1626,1876,1934,-0.2058,0.3834,0.9052,-15.303,-154.977,-23.532
846357,1602,1893,1967,-0.1970,0.3626,0.9233,-17.039,-151.260,-25.962
846367,1610,1875,1944,-0.1843,0.3446,0.9512,-17.940,-148.077,-27.649
846377,1755,1975,2007,-0.1713,0.3304,0.9750,-18.197,-144.635,-28.627
846387,1609,1909,1960,-0.1574,0.3217,1.0033,-17.835,-140.779,-28.930
846397,1680,1933,1994,-0.1517,0.3233,1.0132,-17.361,-136.494,-28.788
846407,1656,1879,1975,-0.1507,0.3271,1.0134,-15.664,-132.032,-28.961
846417,1615,1888,2121,-0.1471,0.3291,1.0111,-13.529,-128.232,-29.060
846427,1627,1879,1954,-0.1426,0.3272,1.0208,-10.794,-125.391,-29.556
846437,1602,1918,1980,-0.1378,0.3233,1.0380,-7.561,-123.246,-30.362
846447,1606,1885,1943,-0.1310,0.3178,1.0549,-4.395,-121.072,-30.641
846457,1613,1931,1976,-0.1229,0.3184,1.0707,-1.887,-118.751,-30.099
846467,1688,1889,1957,-0.1127,0.3210,1.0908,-0.065,-116.455,-29.050
846477,1656,1921,1970,-0.1040,0.3256,1.1088,1.360,-114.032,-27.807
846487,1711,1883,1889,-0.0972,0.3328,1.1192,2.443,-111.388,-26.431
846497,1736,1979,2031,-0.0914,0.3416,1.1275,3.215,-108.680,-25.142
846507,1630,1926,1919,-0.0879,0.3501,1.1353,3.768,-106.125,-24.250
846517,1650,1949,1944,-0.0826,0.3565,1.1469,3.976,-104.026,-23.661
846527,1671,1976,1998,-0.0755,0.3595,1.1595,3.734,-102.189,-23.284
846537,1605,1935,2005,-0.0679,0.3597,1.1687,3.022,-100.312,-23.065
846547,1852,1879,1894,-0.0574,0.3613,1.1846,1.597,-98.363,-22.647
846557,1611,1917,1964,-0.0449,0.3589,1.1839,-0.599,-95.995,-22.010
846567,1616,1880,1989,-0.0403,0.3532,1.1832,-2.556,-93.561,-21.617
846577,1675,1884,1977,-0.0301,0.3531,1.1937,-4.867,-91.419,-20.706
846587,1634,1881,2036,-0.0234,0.3513,1.1940,-7.479,-89.091,-19.807
846597,1636,1901,2000,-0.0153,0.3427,1.1931,-9.790,-86.658,-19.696
846607,1655,1904,1929,-0.0047,0.3317,1.2037,-12.004,-84.657,-19.768
846617,1637,1907,1968,0.0032,0.3184,1.2131,-13.614,-82.560,-19.751
846627,1618,1883,1942,0.0133,0.3094,1.2207,-14.507,-80.015,-19.037
846637,1619,1902,1983,0.0236,0.2999,1.2248,-14.681,-77.086,-17.903
846647,1647,1877,1935,0.0318,0.2882,1.2287,-14.283,-74.112,-17.279
846657,1713,1882,1950,0.0375,0.2810,1.2343,-13.409,-71.125,-16.758
846667,1642,1874,1909,0.0439,0.2802,1.2355,-12.016,-67.856,-15.617
846677,1649,1886,1991,0.0469,0.2843,1.2372,-10.499,-64.563,-14.253
846687,1610,1880,1905,0.0480,0.2848,1.2380,-9.116,-61.520,-13.419
846697,1674,1904,1873,0.0496,0.2841,1.2347,-7.912,-58.615,-12.942
846707,1604,1876,1898,0.0545,0.2846,1.2316,-7.122,-55.747,-12.314
846717,1619,1930,1926,0.0590,0.2814,1.2285,-6.795,-53.043,-11.855
846727,1614,1886,1870,0.0631,0.2756,1.2297,-6.910,-50.636,-11.656
846737,1616,1875,1868,0.0680,0.2693,1.2297,-7.502,-48.258,-11.252
846747,1881,1890,1855,0.0743,0.2618,1.2258,-8.384,-45.712,-10.589
846757,1776,1879,1876,0.0790,0.2503,1.2200,-9.452,-43.227,-9.998
846767,1752,1897,1852,0.0820,0.2345,1.2131,-10.278,-40.956,-9.782
846777,1631,1903,1888,0.0788,0.2469,1.1999,-10.611,-38.892,-9.347
846787,1704,1884,1850,0.0784,0.2612,1.1971,-8.593,-36.232,-7.564
846797,1694,1925,1871,0.0774,0.2293,1.1776,-0.884,-34.674,-10.282
846807,1615,1880,1851,0.0852,0.2105,1.2344,10.768,-33.862,-13.296
846817,1609,1924,1898,0.0937,0.1897,1.2620,20.698,-32.902,-14.637
846827,1612,1883,1856,0.0763,0.1681,1.2573,32.220,-29.217,-16.144
846837,1687,1914,1904,0.1001,0.2006,1.2950,41.112,-25.733,-12.727
846847,1637,1880,1854,0.1135,0.2412,1.3079,45.563,-21.648,-7.627
846857,1637,1880,1871,0.1115,0.2758,1.2781,47.586,-16.275,-4.734
846867,1659,1873,1858,0.1065,0.3174,1.2660,46.825,-11.945,-1.750
846877,1624,1897,1870,0.0992,0.3581,1.2584,43.631,-8.737,1.640
846887,1627,1878,1862,0.0887,0.3833,1.2310,38.678,-5.706,3.752
846897,1609,1883,1882,0.0797,0.3920,1.1994,32.163,-3.159,4.474
846907,1633,1876,1857,0.0726,0.3915,1.1765,24.658,-1.803,4.377
846917,1656,1902,1872,0.0654,0.3872,1.1552,17.114,-1.029,4.087
846927,1686,1878,1852,0.0616,0.3741,1.1323,10.338,-0.447,3.626
846937,1616,1887,1880,0.0535,0.3558,1.1068,4.935,-0.292,2.664
846947,1620,1877,1858,0.0472,0.3396,1.0849,1.207,-0.402,2.259
846957,1694,1893,1881,0.0424,0.3366,1.0689,-1.321,-0.895,2.808
846967,1620,1876,1852,0.0327,0.3347,1.0460,-2.582,-1.445,3.211
846977,1639,1904,1879,0.0327,0.3351,1.0318,-2.665,-2.338,3.304
846987,1627,1931,1863,0.0318,0.3367,1.0239,-1.497,-3.544,3.122
846997,1619,1896,1895,0.0355,0.3366,1.0176,1.151,-4.853,2.412
847007,1614,1881,1856,0.0369,0.3296,1.0135,5.400,-6.243,0.846
847017,1662,1892,1940,0.0320,0.3287,1.0094,10.501,-7.566,-0.840
847027,1615,1875,1861,0.0330,0.3402,1.0122,15.832,-8.726,-1.502
847037,1614,1889,1892,0.0346,0.3577,1.0153,20.723,-9.777,-1.859
847047,1657,1882,1863,0.0391,0.3719,1.0241,24.959,-10.915,-2.893
847057,1628,1885,1898,0.0453,0.3781,1.0369,28.112,-12.284,-4.784
847067,1614,1879,1866,0.0516,0.3794,1.0514,30.368,-13.440,-6.889
847077,1615,1893,1897,0.0585,0.3871,1.0695,31.609,-14.276,-8.157
847087,1615,1878,1872,0.0653,0.3953,1.0818,31.978,-14.493,-8.670
847097,1615,1887,1896,0.0691,0.4015,1.0885,31.609,-14.230,-9.183
847107,1613,1879,1866,0.0744,0.4074,1.0970,30.317,-13.901,-9.579
847117,1626,1892,1888,0.0774,0.4057,1.0976,27.433,-13.028,-9.938
847127,1640,1883,1872,0.0820,0.4028,1.1009,24.373,-12.156,-10.177
847137,1664,1889,1892,0.0841,0.3948,1.0985,21.449,-11.330,-10.286
847147,1634,1884,1857,0.0811,0.3822,1.0871,19.037,-10.366,-10.506
847157,1617,1881,1898,0.0780,0.3719,1.0806,17.155,-9.704,-10.430
847167,1616,1878,1862,0.0757,0.3639,1.0779,15.988,-9.395,-10.066
847177,1615,1880,1900,0.0751,0.3585,1.0735,15.820,-9.054,-9.573
847187,1616,1879,1864,0.0792,0.3586,1.0761,16.552,-8.662,-8.740
847197,1620,1891,1895,0.0806,0.3625,1.0777,17.978,-8.220,-7.935
847207,1617,1881,1872,0.0782,0.3671,1.0702,19.825,-7.544,-7.326
847217,1625,1889,1890,0.0758,0.3754,1.0657,21.458,-6.934,-6.631
847227,1617,1875,1869,0.0740,0.3833,1.0650,22.596,-6.647,-6.161
847237,1627,1882,1895,0.0706,0.3905,1.0632,23.346,-6.532,-5.947
847247,1616,1883,1861,0.0700,0.4009,1.0614,23.854,-6.473,-5.583
847257,1623,1889,1899,0.0720,0.4077,1.0611,24.201,-6.411,-5.093
847267,1617,1879,1874,0.0735,0.4138,1.0600,24.399,-6.531,-4.778
847277,1629,1886,1895,0.0711,0.4244,1.0631,24.524,-6.776,-4.399
847287,1625,1879,1868,0.0709,0.4355,1.0654,24.430,-6.773,-3.703
847297,1621,1885,1905,0.0701,0.4421,1.0589,23.931,-6.610,-3.338
847307,1617,1882,1867,0.0694,0.4505,1.0572,23.051,-6.626,-3.212
847317,1624,1884,1901,0.0702,0.4575,1.0586,21.661,-6.857,-3.102
847327,1618,1877,1870,0.0698,0.4601,1.0552,20.122,-6.993,-3.317
847337,1619,1887,1902,0.0694,0.4611,1.0531,18.574,-7.063,-3.582
847347,1624,1877,1872,0.0712,0.4613,1.0524,16.965,-7.216,-3.724
847357,1620,1889,1903,0.0707,0.4605,1.0516,15.567,-7.294,-3.904
847367,1622,1878,1872,0.0720,0.4592,1.0500,14.239,-7.388,-4.127
847377,1622,1887,1903,0.0707,0.4567,1.0455,13.134,-7.384,-4.332
847387,1618,1884,1865,0.0735,0.4559,1.0439,12.117,-7.447,-4.424
847397,1619,1882,1900,0.0735,0.4535,1.0454,11.186,-7.598,-4.645
847407,1638,1876,1872,0.0718,0.4468,1.0439,10.500,-7.636,-5.268
847417,1643,1892,1893,0.0686,0.4411,1.0452,10.088,-7.593,-5.851
847427,1627,1880,1872,0.0676,0.4397,1.0467,9.938,-7.393,-5.746
847437,1625,1887,1894,0.0697,0.4410,1.0487,10.014,-7.135,-5.205
847447,1625,1883,1869,0.0722,0.4402,1.0538,10.130,-7.027,-4.877
847457,1625,1890,1895,0.0738,0.4372,1.0544,10.242,-6.970,-4.911
847467,1625,1880,1868,0.0734,0.4368,1.0524,10.390,-6.638,-4.871
847477,1629,1890,1899,0.0728,0.4384,1.0487,10.537,-5.993,-4.581
847487,1626,1877,1871,0.0705,0.4420,1.0459,10.640,-5.392,-4.271
847497,1645,1886,1902,0.0690,0.4450,1.0448,10.687,-5.062,-4.076
847507,1623,1876,1871,0.0695,0.4469,1.0442,10.818,-4.893,-4.026
847517,1661,1899,1899,0.0701,0.4477,1.0458,10.992,-4.756,-4.004
847527,1625,1886,1874,0.0691,0.4498,1.0468,11.079,-4.521,-3.957
847537,1628,1898,1892,0.0676,0.4522,1.0428,11.116,-4.071,-3.936
847547,1630,1880,1863,0.0662,0.4552,1.0391,11.003,-3.627,-3.899
847557,1680,1906,1912,0.0640,0.4573,1.0379,10.741,-3.441,-3.966
847567,1626,1877,1869,0.0633,0.4580,1.0400,10.485,-3.465,-4.117
847577,1630,1890,1895,0.0642,0.4569,1.0410,10.319,-3.554,-4.208
847587,1630,1880,1870,0.0659,0.4573,1.0437,10.226,-3.656,-4.262
847597,1627,1890,1891,0.0654,0.4575,1.0429,10.139,-3.631,-4.307
847607,1642,1876,1866,0.0649,0.4583,1.0417,10.077,-3.448,-4.216
847617,1629,1880,1891,0.0641,0.4593,1.0407,9.952,-3.216,-4.044
847627,1628,1880,1872,0.0617,0.4592,1.0390,9.796,-3.034,-4.061
847637,1630,1891,1901,0.0601,0.4584,1.0381,9.687,-2.973,-4.141
847647,1627,1877,1872,0.0595,0.4591,1.0391,9.589,-2.965,-4.070
847657,1634,1888,1893,0.0589,0.4601,1.0377,9.641,-2.898,-3.979
847667,1631,1881,1870,0.0571,0.4621,1.0362,9.766,-2.818,-3.805
847677,1641,1887,1891,0.0550,0.4647,1.0353,9.896,-2.826,-3.622
847687,1683,1887,1857,0.0552,0.4672,1.0345,9.909,-2.904,-3.488
847697,1629,1891,1902,0.0547,0.4691,1.0335,9.810,-3.034,-3.460
847707,1632,1881,1866,0.0547,0.4713,1.0334,9.600,-3.208,-3.430
847717,1631,1887,1893,0.0543,0.4706,1.0342,9.327,-3.446,-3.432
847727,1630,1880,1862,0.0531,0.4696,1.0347,9.007,-3.714,-3.504
847737,1633,1884,1897,0.0516,0.4701,1.0333,8.776,-3.925,-3.514
847747,1635,1879,1872,0.0511,0.4708,1.0319,8.649,-4.102,-3.370
847757,1642,1895,1901,0.0511,0.4715,1.0313,8.594,-4.345,-3.188
847767,1648,1884,1870,0.0508,0.4722,1.0315,8.535,-4.652,-3.023
847777,1639,1882,1904,0.0509,0.4730,1.0324,8.394,-4.962,-2.870
847787,1633,1877,1871,0.0505,0.4735,1.0324,8.154,-5.252,-2.779
847797,1635,1896,1902,0.0503,0.4731,1.0316,7.865,-5.485,-2.773
847807,1632,1880,1871,0.0501,0.4716,1.0296,7.645,-5.649,-2.807
847817,1635,1889,1901,0.0493,0.4710,1.0291,7.487,-5.798,-2.808
847827,1634,1879,1874,0.0502,0.4700,1.0298,7.390,-6.024,-2.781
847837,1686,1910,1905,0.0509,0.4689,1.0300,7.391,-6.174,-2.740
847847,1635,1880,1870,0.0518,0.4691,1.0328,7.448,-6.226,-2.695
847857,1639,1891,1904,0.0520,0.4697,1.0333,7.575,-6.237,-2.655
847867,1634,1882,1873,0.0516,0.4711,1.0319,7.676,-6.144,-2.565
847877,1640,1884,1904,0.0514,0.4725,1.0333,7.729,-6.096,-2.479
847887,1634,1881,1867,0.0508,0.4736,1.0322,7.688,-6.074,-2.471
847897,1647,1889,1899,0.0508,0.4741,1.0297,7.608,-6.008,-2.511
847907,1634,1881,1875,0.0505,0.4757,1.0307,7.405,-5.959,-2.509
847917,1647,1890,1904,0.0508,0.4764,1.0310,7.129,-5.988,-2.500
847927,1639,1883,1871,0.0510,0.4756,1.0299,6.903,-6.061,-2.558
847937,1702,1897,1912,0.0513,0.4747,1.0303,6.680,-6.164,-2.617
847947,1634,1881,1871,0.0501,0.4740,1.0275,6.512,-6.180,-2.655
847957,1639,1889,1904,0.0497,0.4743,1.0259,6.450,-6.143,-2.590
847967,1637,1882,1871,0.0508,0.4751,1.0274,6.391,-6.207,-2.457
847977,1648,1890,1905,0.0514,0.4752,1.0285,6.323,-6.332,-2.455
847987,1648,1881,1872,0.0509,0.4742,1.0300,6.288,-6.431,-2.540
847997,1674,1892,1912,0.0516,0.4742,1.0311,6.248,-6.408,-2.560
848007,1644,1878,1869,0.0516,0.4741,1.0299,6.206,-6.304,-2.567
848017,1644,1887,1904,0.0509,0.4730,1.0287,6.162,-6.203,-2.615
848027,1638,1879,1875,0.0502,0.4733,1.0294,6.152,-6.198,-2.613
848037,1646,1892,1894,0.0512,0.4741,1.0307,6.222,-6.276,-2.534
848047,1644,1881,1869,0.0517,0.4745,1.0321,6.383,-6.318,-2.470
848057,1640,1885,1904,0.0514,0.4754,1.0316,6.487,-6.278,-2.441
848067,1646,1880,1866,0.0521,0.4761,1.0305,6.493,-6.166,-2.410
848077,1651,1883,1897,0.0518,0.4766,1.0301,6.382,-6.078,-2.405
848087,1641,1883,1874,0.0509,0.4767,1.0293,6.198,-6.036,-2.492
848097,1640,1894,1913,0.0505,0.4753,1.0290,6.060,-6.067,-2.631
848107,1639,1880,1874,0.0506,0.4739,1.0293,6.038,-6.167,-2.721
848117,1643,1892,1907,0.0498,0.4730,1.0289,6.132,-6.252,-2.746
848127,1640,1883,1884,0.0496,0.4733,1.0281,6.333,-6.286,-2.714
848137,1647,1888,1908,0.0492,0.4744,1.0285,6.560,-6.303,-2.628
848147,1652,1882,1871,0.0501,0.4761,1.0288,6.713,-6.313,-2.543
848157,1644,1884,1904,0.0506,0.4768,1.0276,6.768,-6.330,-2.517
848167,1645,1883,1871,0.0503,0.4772,1.0287,6.759,-6.330,-2.529
848177,1649,1891,1904,0.0499,0.4780,1.0283,6.660,-6.327,-2.531
848187,1641,1881,1874,0.0501,0.4777,1.0286,6.569,-6.330,-2.543
848197,1668,1901,1907,0.0493,0.4771,1.0290,6.540,-6.351,-2.564
848207,1645,1879,1881,0.0489,0.4774,1.0296,6.581,-6.378,-2.568
848217,1645,1894,1916,0.0490,0.4788,1.0289,6.655,-6.388,-2.495
848227,1647,1889,1875,0.0488,0.4802,1.0276,6.743,-6.320,-2.365
848237,1648,1885,1904,0.0486,0.4820,1.0271,6.727,-6.272,-2.321
848247,1646,1880,1869,0.0486,0.4822,1.0268,6.616,-6.300,-2.383
848257,1669,1884,1908,0.0491,0.4821,1.0272,6.445,-6.363,-2.461
848267,1642,1878,1872,0.0496,0.4796,1.0260,6.268,-6.418,-2.535
848277,1645,1890,1911,0.0486,0.4784,1.0248,6.163,-6.423,-2.604
848287,1644,1886,1867,0.0504,0.4785,1.0260,6.103,-6.457,-2.555
848297,1648,1887,1901,0.0517,0.4779,1.0275,6.040,-6.547,-2.540
848307,1646,1880,1874,0.0502,0.4782,1.0272,6.166,-6.509,-2.559
848317,1645,1890,1904,0.0508,0.4790,1.0266,6.280,-6.430,-2.485
848327,1645,1879,1873,0.0507,0.4799,1.0274,6.308,-6.397,-2.487
848337,1645,1887,1907,0.0499,0.4802,1.0257,6.273,-6.361,-2.531
848347,1646,1880,1874,0.0509,0.4810,1.0251,6.225,-6.275,-2.462
848357,1654,1896,1907,0.0522,0.4811,1.0277,6.120,-6.283,-2.449
848367,1648,1881,1866,0.0516,0.4818,1.0281,6.057,-6.285,-2.558
848377,1681,1890,1893,0.0498,0.4809,1.0271,6.088,-6.149,-2.616
848387,1644,1881,1874,0.0493,0.4815,1.0263,6.129,-5.976,-2.573
848397,1652,1891,1900,0.0483,0.4808,1.0254,6.095,-5.888,-2.559
848407,1647,1882,1870,0.0480,0.4801,1.0244,6.027,-5.901,-2.602
848417,1648,1893,1908,0.0487,0.4804,1.0261,5.998,-5.947,-2.654
848427,1685,1886,1864,0.0491,0.4799,1.0255,6.060,-5.950,-2.704
848437,1654,1887,1911,0.0478,0.4794,1.0238,6.206,-5.878,-2.741
848447,1647,1882,1872,0.0478,0.4801,1.0242,6.290,-5.812,-2.669
848457,1653,1895,1908,0.0484,0.4811,1.0246,6.257,-5.809,-2.580
848467,1647,1880,1878,0.0491,0.4811,1.0257,6.161,-5.852,-2.584
848477,1653,1884,1922,0.0499,0.4810,1.0264,6.042,-5.871,-2.620
848487,1658,1879,1871,0.0495,0.4816,1.0257,5.954,-5.791,-2.622
848497,1655,1902,1907,0.0494,0.4816,1.0246,5.918,-5.647,-2.616
848507,1648,1879,1874,0.0492,0.4808,1.0248,5.896,-5.579,-2.637
848517,1670,1899,1902,0.0480,0.4794,1.0241,5.893,-5.565,-2.699
848527,1649,1879,1876,0.0477,0.4793,1.0241,5.966,-5.590,-2.723
848537,1672,1890,1910,0.0470,0.4805,1.0235,6.056,-5.623,-2.598
848547,1648,1881,1872,0.0471,0.4815,1.0234,6.165,-5.687,-2.432
848557,1659,1903,1910,0.0464,0.4822,1.0221,6.211,-5.813,-2.351
848567,1650,1884,1871,0.0456,0.4830,1.0231,6.201,-5.986,-2.322
848577,1648,1885,1907,0.0461,0.4840,1.0225,6.145,-6.161,-2.312
848587,1648,1879,1867,0.0467,0.4842,1.0221,6.045,-6.305,-2.340
848597,1650,1889,1906,0.0472,0.4837,1.0220,5.912,-6.441,-2.365
848607,1651,1886,1874,0.0471,0.4821,1.0244,5.787,-6.575,-2.417
848617,1649,1888,1903,0.0468,0.4818,1.0234,5.695,-6.582,-2.444
848627,1648,1885,1878,0.0479,0.4814,1.0249,5.593,-6.546,-2.475
848637,1651,1896,1921,0.0470,0.4796,1.0235,5.608,-6.498,-2.609
848647,1653,1879,1881,0.0479,0.4801,1.0229,5.787,-6.454,-2.609
848657,1651,1897,1901,0.0488,0.4813,1.0231,6.038,-6.388,-2.424
848667,1649,1881,1870,0.0487,0.4813,1.0233,6.288,-6.317,-2.392
848677,1661,1894,1911,0.0486,0.4827,1.0244,6.355,-6.302,-2.403
848687,1660,1880,1869,0.0476,0.4840,1.0250,6.259,-6.252,-2.398
