3591,1.0808,1.949,0.650,0.671
3311247,1900,1952,1904,0.0934,0.3600,1.0809,1.788,0.531,0.689
3311257,1872,1912,1923,0.0936,0.3604,1.0804,1.655,0.399,0.703
3311267,1908,1954,1909,0.0939,0.3604,1.0799,1.599,0.311,0.725
3311277,1871,1923,1938,0.0933,0.3615,1.0798,1.483,0.240,0.744
3311287,1909,1942,1914,0.0931,0.3627,1.0795,1.341,0.177,0.735
3311297,1864,1899,1950,0.0938,0.3636,1.0802,1.181,0.117,0.717
3311307,1902,1944,1910,0.0940,0.3636,1.0800,0.893,-0.024,0.682
3311317,1870,1915,1937,0.0949,0.3629,1.0791,0.551,-0.190,0.667
3311327,1898,1944,1910,0.0948,0.3631,1.0805,0.200,-0.321,0.652
3311337,1873,1903,1949,0.0950,0.3630,1.0805,-0.139,-0.466,0.619
3311347,1907,1954,1910,0.0946,0.3630,1.0819,-0.448,-0.590,0.600
3311357,1871,1902,1942,0.0934,0.3630,1.0825,-0.693,-0.667,0.586
3311367,1906,1952,1910,0.0928,0.3618,1.0820,-0.920,-0.752,0.573
3311377,1865,1899,1943,0.0923,0.3598,1.0824,-1.232,-0.893,0.560
3311387,1901,1938,1904,0.0918,0.3605,1.0822,-1.514,-1.064,0.616
3311397,1868,1909,1934,0.0923,0.3598,1.0818,-1.831,-1.263,0.671
3311407,1911,1949,1903,0.0936,0.3596,1.0824,-2.157,-1.443,0.701
3311417,1867,1915,1932,0.0938,0.3610,1.0826,-2.355,-1.525,0.725
3311427,1892,1939,1908,0.0943,0.3613,1.0814,-2.502,-1.582,0.717
3311437,1868,1896,1929,0.0952,0.3609,1.0812,-2.693,-1.636,0.652
3311447,1904,1942,1904,0.0965,0.3601,1.0820,-2.934,-1.706,0.529
3311457,1862,1917,1933,0.0977,0.3597,1.0839,-3.260,-1.785,0.389
3311467,1991,1961,1903,0.0986,0.3578,1.0860,-3.631,-1.785,0.251
3311477,1865,1915,1935,0.1023,0.3588,1.0868,-3.975,-1.729,0.134
3311487,1891,1959,1903,0.1034,0.3593,1.0894,-4.337,-1.612,-0.032
3311497,1860,1910,1934,0.1044,0.3554,1.0901,-4.765,-1.480,-0.319
3311507,1900,1947,1901,0.1031,0.3495,1.0903,-5.082,-1.309,-0.604
3311517,1859,1901,1938,0.1039,0.3456,1.0872,-5.481,-1.223,-0.777
3311527,1897,1941,1901,0.1055,0.3484,1.0854,-5.896,-1.200,-0.630
3311537,1860,1898,1933,0.1117,0.3505,1.0827,-6.139,-1.337,-0.384
3311547,1897,1938,1903,0.1124,0.3444,1.0833,-6.322,-1.477,-0.494
3311557,1860,1901,1934,0.1149,0.3460,1.0868,-6.346,-1.557,-0.640
3311567,1892,1925,1907,0.1096,0.3400,1.0856,-6.163,-1.360,-0.781
3311577,1857,1899,1935,0.1068,0.3376,1.0788,-6.185,-1.178,-1.029
3311587,1892,1927,1899,0.1056,0.3424,1.0746,-5.837,-0.917,-0.868
3311597,1855,1908,1920,0.1004,0.3423,1.0748,-5.585,-0.732,-0.817
3311607,1884,1926,1900,0.0932,0.3358,1.0759,-5.156,-0.515,-1.271
3311617,1855,1898,1915,0.0835,0.3272,1.0759,-4.316,-0.305,-1.917
3311627,1892,1945,1895,0.0753,0.3248,1.0814,-3.145,-0.064,-2.001
3311637,1850,1901,1924,0.0662,0.3212,1.0844,-2.078,0.215,-1.780
3311647,1870,1922,1901,0.0656,0.3212,1.0817,-0.677,0.529,-1.385
3311657,1850,1900,1917,0.0731,0.3268,1.0864,0.816,0.690,-0.661
3311667,1887,1936,1896,0.0783,0.3267,1.0961,2.069,0.603,-0.324
3311677,1849,1889,1913,0.0781,0.3269,1.0967,3.376,0.801,-0.441
3311687,1878,1920,1897,0.0779,0.3325,1.0935,4.689,1.292,-0.262
3311697,1849,1895,1918,0.0766,0.3409,1.0937,5.494,1.572,0.046
3311707,1885,1933,1894,0.0736,0.3489,1.0978,5.929,1.665,0.178
3311717,1849,1887,1918,0.0698,0.3530,1.0972,6.205,1.829,0.263
3311727,1892,1920,1894,0.0678,0.3553,1.0937,6.366,2.083,0.471
3311737,1846,1891,1922,0.0677,0.3543,1.0948,5.894,2.075,0.822
3311747,1887,1922,1899,0.0711,0.3560,1.0888,5.062,1.998,1.448
3311757,1848,1894,1914,0.0808,0.3593,1.0784,4.161,1.998,2.299
3311767,1883,1927,1897,0.0861,0.3625,1.0824,2.994,1.654,3.028
3311777,1849,1889,1915,0.0925,0.3578,1.0846,1.659,1.212,3.010
3311787,1881,1928,1893,0.1011,0.3531,1.0791,1.135,1.009,2.761
3311797,1845,1891,1920,0.1029,0.3488,1.0817,0.624,0.755,2.557
3311807,1873,1919,1897,0.1065,0.3502,1.0834,0.114,0.401,2.463
3311817,1845,1894,1910,0.1038,0.3481,1.0850,0.001,0.242,2.342
3311827,1879,1924,1893,0.1000,0.3420,1.0875,-0.368,0.016,1.945
3311837,1845,1887,1914,0.0960,0.3425,1.0845,-0.415,-0.132,1.630
3311847,1868,1912,1897,0.0955,0.3443,1.0839,-0.428,-0.360,1.644
3311857,1850,1890,1912,0.0940,0.3440,1.0853,-0.609,-0.707,1.470
3311867,1867,1914,1893,0.0932,0.3444,1.0860,-0.626,-1.034,1.217
3311877,1849,1890,1906,0.0922,0.3463,1.0854,-0.484,-1.219,0.938
3311887,1869,1913,1894,0.0916,0.3470,1.0858,-0.422,-1.391,0.565
3311897,1848,1893,1911,0.0919,0.3456,1.0878,-0.493,-1.601,0.036
3311907,1870,1923,1893,0.0928,0.3459,1.0870,-0.490,-1.739,-0.537
3311917,1843,1889,1912,0.0937,0.3437,1.0890,-0.507,-1.828,-1.111
3311927,1870,1927,1895,0.0933,0.3424,1.0908,-0.596,-1.908,-1.627
3311937,1854,1905,1899,0.0948,0.3441,1.0915,-0.643,-1.983,-2.026
3311947,1860,1905,1895,0.0962,0.3466,1.0968,-0.778,-2.113,-2.356
3311957,1845,1885,1916,0.0954,0.3399,1.1008,-1.044,-2.170,-2.800
3311967,1857,1902,1892,0.0927,0.3323,1.0972,-1.337,-2.050,-3.210
3311977,1845,1888,1907,0.0918,0.3336,1.0975,-1.956,-1.962,-3.081
3311987,1865,1923,1894,0.0935,0.3446,1.1030,-2.928,-2.035,-2.368
3311997,1844,1898,1901,0.0933,0.3397,1.1027,-3.811,-1.979,-2.106
3312007,1900,1955,1892,0.0946,0.3361,1.1012,-4.339,-1.935,-2.418
3312017,1844,1906,1890,0.0958,0.3355,1.1027,-4.364,-1.650,-2.224
3312027,1854,1893,1899,0.0950,0.3326,1.1031,-4.628,-1.277,-2.085
3312037,1860,1883,1903,0.0973,0.3333,1.1069,-4.644,-0.800,-1.884
3312047,1862,1929,1895,0.1054,0.3332,1.1114,-4.634,-0.277,-1.682
3312057,1844,1886,1904,0.1095,0.3261,1.1230,-4.759,0.368,-1.653
3312067,1857,1910,1891,0.1186,0.3224,1.1272,-4.903,1.365,-1.560
3312077,1890,1886,1901,0.1185,0.3130,1.1350,-4.887,2.730,-1.399
3312087,1850,1914,1896,0.1187,0.3027,1.1375,-5.497,3.906,-1.326
3312097,1845,1892,1899,0.1142,0.3015,1.1298,-5.642,5.465,-0.926
3312107,1868,1932,1895,0.1087,0.3069,1.1280,-5.913,6.841,-0.085
3312117,1858,1891,1897,0.1023,0.3124,1.1229,-6.295,7.978,0.567
3312127,1871,1893,1892,0.0948,0.3181,1.1147,-6.433,9.056,0.935
3312137,1863,1888,1903,0.0863,0.3227,1.1082,-6.200,10.013,1.160
3312147,1855,1891,1891,0.0777,0.3270,1.1052,-5.972,10.720,1.272
3312157,1880,1900,1897,0.0728,0.3300,1.1017,-5.830,11.037,1.274
3312167,1851,1915,1900,0.0718,0.3332,1.0949,-5.687,11.227,1.157
3312177,1845,1899,1905,0.0711,0.3358,1.0943,-5.817,11.240,0.966
3312187,1857,1893,1891,0.0684,0.3392,1.0943,-6.102,11.250,0.663
3312197,1852,1886,1901,0.0692,0.3403,1.0911,-6.466,11.388,0.345
3312207,1869,1885,1893,0.0670,0.3418,1.0914,-6.971,11.475,0.000
3312217,1852,1904,1903,0.0705,0.3388,1.0916,-7.853,11.505,-0.310
3312227,1854,1931,1898,0.0722,0.3357,1.0948,-8.804,11.436,-0.417
3312237,1878,1891,1909,0.0698,0.3335,1.0920,-10.089,11.529,-0.444
3312247,1931,1893,1903,0.0662,0.3320,1.0884,-11.219,11.601,-0.441
3312257,1956,1904,1901,0.0646,0.3284,1.0955,-12.473,11.427,-0.557
3312267,1853,1932,1890,0.0638,0.3230,1.0995,-13.572,11.244,-0.819
3312277,1982,2081,1900,0.0604,0.3178,1.1008,-14.040,11.406,-1.106
3312287,2019,1978,1902,0.0580,0.3155,1.1077,-14.354,11.546,-1.189
3312297,1996,1916,1895,0.0542,0.3145,1.1154,-14.778,11.663,-1.181
3312307,2431,1995,1894,0.0542,0.3146,1.1195,-14.987,11.918,-1.087
3312317,2235,1967,1919,0.0526,0.3115,1.1244,-15.185,12.243,-0.982
3312327,2020,2054,1895,0.0495,0.3062,1.1380,-15.928,12.333,-1.026
3312337,2026,1973,1919,0.0523,0.2976,1.1615,-17.397,12.404,-1.206
3312347,1908,1920,2025,0.0617,0.2821,1.2023,-19.806,12.684,-1.451
3312357,1912,1913,1903,0.0730,0.2724,1.2597,-22.895,13.768,-1.209
3312367,1904,2041,1904,0.0740,0.2670,1.3199,-26.236,16.642,-0.045
3312377,1897,2002,1918,0.0700,0.2750,1.3775,-30.825,21.060,2.044
3312387,2180,1949,1897,0.0603,0.2764,1.4488,-38.428,26.253,4.296
3312397,1909,1904,1899,0.0536,0.2659,1.5123,-48.620,32.146,6.411
3312407,1854,2019,1931,0.0465,0.2363,1.5524,-60.116,39.179,8.377
3312417,1878,2028,1898,0.0384,0.1858,1.5810,-72.356,46.684,10.487
3312427,1867,1938,1901,0.0206,0.1301,1.6056,-84.202,54.567,13.556
3312437,1948,2199,1921,-0.0057,0.0817,1.6061,-95.006,63.248,18.333
3312447,2129,2230,1907,-0.0255,0.0367,1.5981,-103.899,71.844,24.146
3312457,1875,1888,1907,-0.0356,-0.0134,1.6101,-111.182,79.236,30.584
3312467,2084,1985,1935,-0.0410,-0.0510,1.6213,-117.150,86.101,38.298
3312477,1869,1944,1904,-0.0454,-0.0705,1.6176,-121.880,93.541,47.817
3312487,2171,2509,1996,-0.0534,-0.0785,1.6090,-126.803,101.156,58.201
3312497,1986,2076,1901,-0.0676,-0.0833,1.5920,-132.616,108.557,68.714
3312507,1845,1942,1897,-0.0810,-0.0798,1.5573,-139.439,115.660,79.085
3312517,1919,1883,1900,-0.0931,-0.0833,1.5202,-146.918,122.196,89.275
3312527,2216,2104,1961,-0.1055,-0.0919,1.4885,-155.635,127.727,98.946
3312537,2277,1929,1925,-0.1202,-0.1000,1.4461,-164.692,132.543,108.039
3312547,2339,1968,1902,-0.1336,-0.1096,1.3950,-173.697,136.793,116.727
3312557,2776,1915,1955,-0.1381,-0.1353,1.3425,-182.692,139.636,124.510
3312567,2289,1892,1911,-0.1504,-0.1672,1.2937,-190.967,140.920,131.670
3312577,1926,1905,1984,-0.1586,-0.2009,1.2297,-197.555,141.502,139.667
3312587,2426,2182,2003,-0.1698,-0.2339,1.1770,-202.636,141.319,148.970
3312597,1878,2143,1920,-0.1781,-0.2537,1.1425,-206.713,139.882,159.377
3312607,2569,2157,1931,-0.1817,-0.2562,1.1018,-209.283,138.287,171.098
3312617,2051,1881,2062,-0.1821,-0.2443,1.0399,-210.318,137.167,183.348
3312627,1924,1936,2028,-0.1888,-0.2392,0.9825,-210.283,135.560,194.531
3312637,2232,2041,1906,-0.1989,-0.2313,0.9325,-210.234,132.617,204.293
3312647,2442,1924,1904,-0.2032,-0.2108,0.8793,-209.451,129.127,213.716
3312657,1951,1902,1918,-0.2273,-0.1731,0.7763,-205.608,124.960,221.537
3312667,1930,2205,1898,-0.2510,-0.1508,0.6614,-200.772,119.192,227.232
3312677,1977,2056,1943,-0.2785,-0.1406,0.5664,-195.234,110.662,229.710
3312687,1983,1889,2034,-0.3036,-0.1232,0.5179,-188.994,98.379,229.572
3312697,2247,2063,1937,-0.3228,-0.0978,0.5015,-180.580,84.596,228.303
3312707,1881,2028,1913,-0.3341,-0.0761,0.4892,-169.861,71.897,225.332
3312717,2267,1997,1913,-0.3456,-0.0646,0.4885,-157.566,60.298,219.633
3312727,2058,1882,1911,-0.3478,-0.0530,0.5119,-144.404,49.759,212.663
3312737,1941,2031,1904,-0.3577,-0.0322,0.5337,-131.138,41.146,205.464
3312747,1906,1950,1983,-0.3759,-0.0044,0.5385,-118.188,34.696,198.038
3312757,2149,2150,1968,-0.3857,0.0305,0.5548,-106.552,28.986,190.272
3312767,1963,1940,1905,-0.4029,0.0697,0.5855,-96.817,23.579,181.463
3312777,2058,1983,1904,-0.4171,0.1102,0.6034,-88.201,19.265,171.400
3312787,2179,1883,1945,-0.4253,0.1322,0.6290,-80.365,16.052,159.834
3312797,1862,1891,1892,-0.4511,0.1511,0.6586,-74.026,13.495,147.311
3312807,1838,1898,1945,-0.4773,0.1745,0.6681,-68.374,12.176,135.088
3312817,2078,1894,1898,-0.5022,0.1914,0.6731,-63.282,11.446,123.129
3312827,1988,1913,1942,-0.5289,0.1945,0.6912,-59.436,10.218,110.808
3312837,1840,1900,1891,-0.5551,0.1845,0.7050,-56.210,9.014,98.606
3312847,1912,2021,1993,-0.5852,0.1676,0.7077,-53.445,8.314,87.232
3312857,1905,1912,1915,-0.6092,0.1515,0.7174,-51.823,7.439,77.057
3312867,1897,1885,1937,-0.6283,0.1351,0.7343,-51.406,6.263,67.924
3312877,1945,1878,1939,-0.6513,0.1116,0.7380,-51.523,5.253,59.168
3312887,1869,1889,1949,-0.6720,0.0886,0.7344,-51.457,4.349,51.186
3312897,2013,1882,1946,-0.6889,0.0742,0.7367,-51.018,3.189,44.357
3312907,2014,1892,1984,-0.7025,0.0594,0.7398,-49.934,1.780,38.025
3312917,1870,1944,1895,-0.7150,0.0381,0.7405,-48.006,0.301,31.661
3312927,2072,1913,1893,-0.7248,0.0122,0.7494,-45.498,-1.315,25.461
3312937,2189,1889,1893,-0.7379,-0.0102,0.7610,-42.418,-2.887,19.583
3312947,1940,1888,1895,-0.7490,-0.0134,0.7672,-38.705,-3.989,14.968
3312957,1960,1890,1900,-0.7524,-0.0080,0.7758,-34.359,-4.742,11.508
3312967,1899,1881,1901,-0.7510,-0.0119,0.7912,-30.270,-5.705,7.742
3312977,1961,1944,1909,-0.7538,-0.0272,0.8033,-26.949,-6.653,3.443
3312987,1845,1924,1919,-0.7587,-0.0380,0.8096,-24.127,-7.127,-0.205
3312997,1886,1887,1899,-0.7616,-0.0521,0.8144,-21.799,-7.263,-3.000
3313007,1882,2029,1938,-0.7694,-0.0716,0.8211,-20.253,-7.505,-6.008
3313017,1867,1896,1900,-0.7775,-0.0934,0.8202,-18.887,-7.531,-8.689
3313027,2208,1883,1901,-0.7807,-0.1156,0.8144,-17.304,-7.229,-10.430
3313037,1831,1881,1896,-0.7806,-0.1360,0.8190,-16.168,-7.176,-11.496
3313047,2482,1891,1898,-0.7804,-0.1542,0.8260,-15.594,-7.142,-11.941
3313057,2334,1960,2072,-0.7792,-0.1622,0.8230,-15.331,-6.469,-11.492
3313067,3417,2221,2040,-0.7739,-0.1645,0.8215,-15.404,-5.526,-10.300
3313077,4095,2064,1957,-0.7736,-0.1712,0.8193,-16.117,-4.798,-9.477
3313087,2299,1887,1924,-0.7754,-0.1860,0.8088,-16.667,-4.086,-9.281
3313097,2596,1980,1893,-0.7687,-0.2032,0.8094,-16.797,-3.577,-8.720
3313107,1919,1884,1901,-0.7613,-0.2170,0.8244,-16.792,-3.313,-7.667
3313117,1870,1880,1896,-0.7580,-0.2267,0.8254,-15.946,-2.419,-6.453
3313127,2011,1943,1911,-0.7552,-0.2285,0.8136,-13.818,-0.714,-4.731
3313137,2235,1889,1900,-0.7593,-0.2227,0.7934,-10.633,1.136,-2.925
3313147,2364,1899,1898,-0.7640,-0.2117,0.7667,-6.772,2.686,-1.363
3313157,1863,1929,1893,-0.7726,-0.2016,0.7456,-2.168,3.613,-0.111
3313167,1936,2067,1947,-0.7902,-0.1880,0.7335,2.151,3.803,0.801
3313177,1932,1922,1902,-0.7894,-0.1507,0.7202,5.491,3.742,2.588
3313187,2029,1895,1989,-0.7702,-0.1099,0.7321,7.582,3.192,5.050
3313197,2005,1888,1956,-0.7667,-0.0877,0.7480,7.399,2.131,5.218
3313207,2007,1876,1997,-0.7718,-0.0801,0.7230,6.402,1.888,3.534
3313217,1980,1951,1953,-0.7779,-0.0694,0.6890,5.893,2.042,2.343
3313227,1824,1902,1892,-0.7781,-0.0682,0.7002,4.920,0.826,0.875
3313237,2045,1953,1897,-0.7730,-0.0830,0.7448,2.996,-1.333,-1.591
3313247,1847,1880,1898,-0.7701,-0.1051,0.7677,1.339,-2.082,-3.756
3313257,2424,1896,1894,-0.7626,-0.1189,0.7721,0.091,-1.151,-4.220
3313267,1908,1904,1914,-0.7579,-0.1369,0.7691,-1.525,0.049,-3.965
3313277,2544,1881,1908,-0.7663,-0.1714,0.7458,-3.057,1.140,-4.525
3313287,2831,2027,2163,-0.7854,-0.1918,0.7181,-3.901,1.868,-4.747
3313297,2010,1920,1903,-0.7956,-0.1917,0.6980,-3.710,2.152,-3.626
3313307,2444,1971,1906,-0.7930,-0.1759,0.6930,-2.661,1.818,-2.021
3313317,2906,2036,1911,-0.7843,-0.1583,0.6921,-1.040,0.989,-1.093
3313327,1965,1900,1910,-0.7652,-0.1540,0.7022,1.200,0.058,-1.298
3313337,2405,1912,1901,-0.7540,-0.1620,0.7309,2.750,-1.143,-2.555
3313347,1751,1880,1903,-0.7599,-0.1745,0.7224,4.311,-1.171,-4.057
3313357,1980,1886,1892,-0.7591,-0.1827,0.6920,6.343,-0.321,-4.243
3313367,2113,1916,1891,-0.7594,-0.1943,0.6996,7.569,-0.868,-4.062
3313377,2220,1983,1921,-0.7750,-0.2077,0.7299,7.920,-2.584,-4.406
3313387,2127,1916,1973,-0.7921,-0.2011,0.7132,8.609,-2.679,-3.741
3313397,1968,1933,1914,-0.7760,-0.1649,0.7018,9.401,-2.107,-0.337
3313407,1737,1881,2099,-0.7603,-0.1461,0.7372,7.881,-3.458,2.249
3313417,2031,1973,1899,-0.7699,-0.1435,0.7526,4.612,-4.797,1.866
3313427,1873,1965,2043,-0.7663,-0.1124,0.7507,1.517,-4.181,3.167
3313437,2127,1947,1897,-0.7449,-0.0733,0.7761,-2.389,-3.528,5.921
3313447,2215,1895,1892,-0.7429,-0.0718,0.7987,-7.845,-3.508,5.458
3313457,2420,1900,2000,-0.7453,-0.0842,0.7992,-13.044,-2.948,3.195
3313467,2372,2005,1911,-0.7449,-0.1064,0.7778,-17.262,-1.949,1.864
3313477,1934,1982,2051,-0.7600,-0.1533,0.7423,-20.341,-1.480,-0.114
3313487,2054,1909,1992,-0.7860,-0.1886,0.7207,-22.451,-2.129,-2.144
3313497,1954,1899,2011,-0.7926,-0.2004,0.6950,-22.220,-2.663,-2.368
3313507,1751,1911,1922,-0.7738,-0.1987,0.6989,-18.871,-3.389,-1.568
3313517,1918,1882,1892,-0.7537,-0.1985,0.7535,-14.173,-5.174,-2.354
3313527,1847,1898,1893,-0.7329,-0.1989,0.7880,-7.852,-5.461,-4.394
3313537,1905,1947,1919,-0.7228,-0.1681,0.7913,0.037,-2.947,-5.191
3313547,1818,1885,1905,-0.7246,-0.1216,0.8130,7.445,0.010,-5.014
3313557,1905,1903,1886,-0.7416,-0.0967,0.7892,11.747,2.689,-6.917
3313567,1827,1879,1901,-0.7322,-0.0884,0.7599,13.652,4.588,-9.281
3313577,1964,1900,1897,-0.7219,-0.1140,0.7818,12.221,3.799,-12.138
3313587,1904,1889,1936,-0.7458,-0.1731,0.7684,9.588,2.770,-17.050
3313597,2124,1917,1897,-0.7478,-0.2026,0.7423,8.782,3.155,-18.919
3313607,1857,1885,1915,-0.7316,-0.2107,0.7691,8.375,2.827,-17.618
3313617,1899,1915,1896,-0.7252,-0.2180,0.8029,8.007,2.124,-17.359
3313627,1843,1898,1893,-0.7184,-0.2068,0.8077,8.827,3.125,-16.793
3313637,1783,1935,1900,-0.7113,-0.1782,0.8023,10.070,5.096,-15.315
3313647,2059,1887,1902,-0.7118,-0.1582,0.7975,10.213,6.106,-15.187
3313657,1937,1886,1890,-0.7242,-0.1572,0.7727,9.656,6.344,-16.956
3313667,1731,1885,1900,-0.7350,-0.1663,0.7385,9.487,6.087,-19.162
3313677,1990,1896,1892,-0.7425,-0.1788,0.7273,9.682,4.624,-21.288
3313687,1965,1908,1895,-0.7442,-0.1890,0.7369,10.932,2.509,-23.510
3313697,1920,1893,1892,-0.7432,-0.1837,0.7381,14.259,1.303,-25.265
3313707,2086,1884,1894,-0.7358,-0.1670,0.7428,19.529,0.838,-26.758
3313717,2255,1905,1896,-0.7247,-0.1456,0.7579,25.465,0.222,-28.967
3313727,2171,1883,1903,-0.7171,-0.1234,0.7709,31.845,-0.360,-32.257
3313737,1991,1935,1895,-0.7089,-0.1010,0.7784,38.599,-0.642,-36.084
3313747,1989,1889,1898,-0.6993,-0.0884,0.7843,45.081,-0.960,-40.544
3313757,1969,1912,1904,-0.6961,-0.0894,0.7895,50.802,-1.429,-46.007
3313767,1903,1878,1895,-0.6987,-0.0969,0.7982,55.717,-1.877,-51.924
3313777,1901,1900,1894,-0.7054,-0.0934,0.8073,60.026,-2.027,-57.479
3313787,1840,1887,1908,-0.7071,-0.0946,0.8039,64.254,-1.773,-62.765
3313797,1950,1911,1896,-0.7098,-0.1159,0.7965,68.191,-1.907,-68.910
3313807,2124,1885,1901,-0.7082,-0.1433,0.8069,71.876,-3.157,-75.015
3313817,2008,1916,1897,-0.7066,-0.1618,0.8161,75.354,-4.604,-79.449
3313827,2229,1960,1910,-0.7100,-0.1634,0.8066,78.723,-5.278,-81.969
3313837,2026,1983,1897,-0.7070,-0.1458,0.8061,81.315,-6.172,-83.049
3313847,1991,1890,1904,-0.6986,-0.1276,0.8240,82.881,-7.802,-83.993
3313857,1945,1924,1899,-0.6845,-0.1289,0.8317,83.936,-9.261,-85.808
3313867,1984,1889,1905,-0.6894,-0.1161,0.8390,84.720,-10.239,-87.701
3313877,1859,1929,1896,-0.6808,-0.1072,0.8321,85.465,-10.269,-88.929
3313887,1918,1890,1902,-0.6714,-0.1188,0.8335,85.219,-10.771,-91.584
3313897,1912,1958,1901,-0.6658,-0.1502,0.8494,83.782,-12.162,-95.265
3313907,2028,2132,1906,-0.6583,-0.1797,0.8529,82.534,-12.885,-97.689
3313917,1924,1922,1898,-0.6547,-0.2085,0.8350,80.953,-12.923,-98.626
3313927,1846,1907,1895,-0.6538,-0.2348,0.8297,78.173,-13.526,-98.682
3313937,2174,1919,1893,-0.6477,-0.2471,0.8389,74.252,-14.902,-97.636
3313947,1808,1886,1912,-0.6359,-0.2521,0.8439,69.991,-15.972,-95.560
3313957,1835,1887,1896,-0.6197,-0.2568,0.8539,65.181,-16.686,-93.209
3313967,1744,1934,1911,-0.6064,-0.2627,0.8738,59.397,-17.242,-91.099
3313977,1899,1988,1893,-0.5994,-0.2665,0.8794,53.032,-16.757,-88.901
3313987,1808,1878,1910,-0.5948,-0.2681,0.8703,46.235,-15.324,-86.293
3313997,1810,1931,1902,-0.5926,-0.2701,0.8681,38.677,-14.099,-83.705
3314007,1966,1886,1918,-0.5885,-0.2799,0.8702,30.736,-13.385,-81.586
3314017,1796,1938,1880,-0.5836,-0.2953,0.8629,22.880,-12.665,-79.750
3314027,1741,1882,1910,-0.5830,-0.3116,0.8509,15.433,-11.921,-78.001
3314037,1828,1940,1891,-0.5818,-0.3211,0.8437,8.763,-11.534,-76.247
3314047,1772,1901,1905,-0.5793,-0.3276,0.8406,3.435,-11.355,-74.797
3314057,1817,1931,1898,-0.5749,-0.3418,0.8298,-0.107,-11.019,-74.250
3314067,1781,1894,1900,-0.5718,-0.3628,0.8196,-1.720,-10.743,-74.636
3314077,1826,1921,1891,-0.5681,-0.3811,0.8225,-1.463,-10.715,-75.152
3314087,1827,1877,1907,-0.5598,-0.4007,0.8310,0.642,-10.489,-75.507
3314097,1836,1927,1895,-0.5703,-0.4371,0.8076,4.769,-9.469,-76.735
3314107,1840,1910,1902,-0.5804,-0.4462,0.7681,10.872,-8.136,-76.796
3314117,1777,1947,1898,-0.5744,-0.4426,0.7776,18.127,-8.646,-75.340
3314127,1845,1885,1947,-0.5780,-0.4724,0.7946,25.479,-10.543,-75.932
3314137,1739,1907,1904,-0.5838,-0.5014,0.7874,33.882,-11.764,-76.899
3314147,1736,1923,1898,-0.5732,-0.4984,0.7834,43.155,-12.335,-74.773
3314157,1785,1938,1895,-0.5663,-0.4862,0.7873,51.914,-13.353,-71.499
3314167,1759,1881,1917,-0.5686,-0.4731,0.7917,59.840,-15.115,-69.331
3314177,1784,1945,1892,-0.5675,-0.4508,0.7938,67.796,-16.675,-67.044
3314187,1880,1886,1906,-0.5646,-0.4170,0.7863,75.846,-18.039,-64.518
3314197,1793,1954,1895,-0.5621,-0.3847,0.7722,83.607,-19.848,-62.908
3314207,1827,1900,1921,-0.5601,-0.3561,0.7645,91.157,-22.219,-62.378
3314217,1746,1917,1898,-0.5515,-0.3307,0.7557,98.161,-25.041,-62.689
3314227,1846,1899,1896,-0.5421,-0.3135,0.7383,104.873,-28.069,-63.912
3314237,2037,1989,1890,-0.5275,-0.3067,0.7287,111.097,-31.863,-65.839
3314247,1796,1900,1913,-0.5072,-0.3068,0.7395,116.603,-36.738,-67.904
3314257,1902,1935,1906,-0.4877,-0.3068,0.7560,121.809,-41.828,-69.444
3314267,1775,1893,1905,-0.4698,-0.2941,0.7731,126.923,-46.502,-69.609
3314277,2103,1887,1895,-0.4488,-0.2671,0.7895,131.964,-50.516,-68.125
3314287,1911,1883,1904,-0.4310,-0.2307,0.7982,136.695,-53.822,-65.859
3314297,1771,1949,1899,-0.4148,-0.1943,0.8071,140.532,-56.842,-63.641
3314307,1781,1890,1898,-0.3956,-0.1654,0.8233,142.719,-60.220,-61.953
3314317,1780,1954,1932,-0.3720,-0.1434,0.8404,141.693,-64.617,-60.911
3314327,1741,1907,1989,-0.3437,-0.1220,0.8706,139.144,-69.207,-59.787
3314337,1827,1942,1895,-0.3197,-0.1037,0.8951,135.860,-73.411,-58.754
3314347,1747,1908,1924,-0.2956,-0.0823,0.9184,132.565,-76.848,-57.534
3314357,1765,1967,1932,-0.2665,-0.0594,0.9457,128.964,-79.797,-55.725
3314367,1771,1910,1906,-0.2439,-0.0458,0.9719,125.022,-82.233,-54.163
3314377,1819,1907,1894,-0.2236,-0.0309,0.9975,120.740,-84.052,-52.438
3314387,1758,1904,1896,-0.2023,-0.0126,1.0198,115.935,-85.178,-50.378
3314397,1776,1932,1896,-0.1767,0.0065,1.0402,110.536,-85.789,-48.260
3314407,1792,1919,1905,-0.1604,0.0259,1.0607,104.701,-85.923,-46.490
3314417,1741,1977,1899,-0.1330,0.0465,1.0930,98.786,-86.096,-45.072
3314427,1749,1947,1940,-0.1081,0.0600,1.1217,92.887,-85.904,-44.186
3314437,1815,1969,1900,-0.0818,0.0618,1.1488,87.421,-85.216,-43.823
3314447,1758,1881,1911,-0.0547,0.0540,1.1798,81.607,-84.242,-43.690
3314457,1748,1958,1896,-0.0324,0.0419,1.2034,75.185,-82.767,-43.360
3314467,1813,1909,1957,-0.0163,0.0302,1.2106,69.098,-80.460,-42.634
3314477,1810,2050,1892,-0.0026,0.0256,1.2218,63.289,-78.114,-41.362
3314487,1771,2022,1897,0.0065,0.0235,1.2307,57.681,-75.934,-39.596
3314497,1809,2024,1909,0.0116,0.0275,1.2247,53.166,-73.333,-37.383
3314507,1744,1996,1974,0.0197,0.0305,1.2316,48.968,-70.874,-34.823
3314517,1951,2107,1905,0.0274,0.0274,1.2508,43.972,-68.881,-32.176
3314527,1746,2051,1956,0.0348,0.0250,1.2567,38.759,-66.490,-29.304
3314537,1763,2013,1915,0.0394,0.0280,1.2559,33.434,-63.692,-26.141
3314547,1744,1976,1980,0.0412,0.0339,1.2605,27.375,-61.288,-22.828
3314557,1967,2085,1910,0.0383,0.0411,1.2569,21.306,-59.085,-19.463
3314567,1844,2021,1960,0.0354,0.0515,1.2563,15.292,-57.178,-15.988
3314577,1803,2063,2018,0.0320,0.0621,1.2618,8.515,-55.785,-12.495
3314587,1747,2053,1991,0.0298,0.0706,1.2603,1.443,-54.130,-9.395
3314597,1853,2056,1923,0.0307,0.0735,1.2570,-6.197,-52.341,-6.720
3314607,1813,2020,1955,0.0316,0.0710,1.2445,-13.931,-50.236,-4.833
3314617,1851,2097,1985,0.0339,0.0633,1.2282,-20.571,-47.963,-3.699
3314627,1805,1974,2027,0.0355,0.0495,1.2157,-25.994,-46.021,-3.151
3314637,1747,2041,1955,0.0385,0.0361,1.2042,-29.228,-44.329,-2.903
3314647,1796,2020,2002,0.0430,0.0273,1.1983,-30.468,-42.946,-2.767
3314657,2042,2037,1895,0.0454,0.0170,1.1951,-29.798,-41.741,-2.741
3314667,1832,2024,1969,0.0465,0.0090,1.1928,-27.420,-40.483,-2.830
3314677,1793,2040,1955,0.0482,0.0018,1.1927,-23.936,-39.373,-2.940
3314687,1997,1959,2006,0.0499,0.0007,1.1905,-19.509,-38.181,-3.050
3314697,2066,2057,1971,0.0517,0.0029,1.1890,-14.501,-36.964,-3.192
3314707,1994,1966,1998,0.0521,0.0094,1.1898,-9.384,-35.887,-3.458
3314717,1905,2088,1957,0.0522,0.0190,1.1878,-4.361,-34.829,-3.825
3314727,1903,1966,2048,0.0530,0.0272,1.1867,0.025,-33.930,-4.244
3314737,1894,2013,2041,0.0540,0.0353,1.1883,3.419,-33.205,-4.609
3314747,1800,1909,2078,0.0557,0.0455,1.1920,5.634,-32.663,-4.760
3314757,1986,1936,2084,0.0575,0.0572,1.1979,6.358,-32.219,-4.653
3314767,2036,2012,2118,0.0597,0.0699,1.1977,5.760,-31.653,-4.306
3314777,1851,1946,2115,0.0645,0.0801,1.1950,3.943,-31.138,-3.864
3314787,1753,1892,2118,0.0690,0.0867,1.1924,0.968,-30.848,-3.638
3314797,1744,1985,2128,0.0714,0.0904,1.1892,-2.778,-30.661,-3.662
3314807,1904,1933,2161,0.0760,0.0888,1.1849,-6.964,-30.477,-3.799
3314817,2102,2010,2000,0.0851,0.0803,1.1928,-11.516,-30.401,-4.031
3314827,1822,1939,2140,0.0970,0.0656,1.2057,-16.116,-30.240,-4.238
3314837,1858,1987,2065,0.1107,0.0491,1.2178,-20.250,-29.572,-4.250
3314847,1862,1971,2104,0.1239,0.0332,1.2290,-23.896,-28.494,-4.010
3314857,1856,2083,2043,0.1341,0.0191,1.2333,-26.733,-26.986,-3.648
3314867,1767,1949,2143,0.1410,0.0053,1.2318,-28.425,-25.114,-3.344
3314877,1886,2026,2147,0.1460,-0.0100,1.2283,-28.935,-23.161,-3.161
3314887,1801,1961,2218,0.1497,-0.0214,1.2208,-28.053,-21.213,-3.099
3314897,2008,2049,2353,0.1551,-0.0026,1.2417,-25.193,-19.335,-3.000
3314907,1778,1974,2290,0.1610,-0.0411,1.2454,-20.703,-17.992,-4.723
3314917,1836,2022,2200,0.1589,-0.0739,1.2352,-14.463,-16.658,-7.384
3314927,2007,1979,2224,0.1616,-0.0728,1.2282,-7.310,-14.825,-6.833
3314937,2166,2086,2174,0.1602,-0.0645,1.2190,0.152,-12.546,-5.296
3314947,2095,1970,2228,0.1580,-0.0618,1.2119,6.754,-10.673,-4.442
3314957,2048,2018,2170,0.1546,-0.0504,1.2007,12.845,-9.018,-3.835
3314967,1913,1967,2184,0.1525,-0.0294,1.1864,18.135,-7.478,-2.769
3314977,1934,2052,2271,0.1539,-0.0046,1.1800,22.203,-6.349,-1.390
3314987,1796,1982,2263,0.1507,0.0112,1.1691,24.983,-5.536,-0.920
3314997,1975,2038,2251,0.1528,0.0243,1.1581,26.593,-5.074,-0.752
3315007,1749,1927,2331,0.1534,0.0350,1.1603,26.995,-4.969,-0.641
3315017,2100,2005,2422,0.1552,0.0427,1.1546,26.279,-4.821,-0.609
3315027,1889,1967,2403,0.1598,0.0480,1.1479,25.234,-4.562,-0.471
3315037,1962,2110,2322,0.1574,0.0488,1.1520,23.593,-4.467,-0.460
3315047,1846,2075,2382,0.1633,0.0469,1.1481,22.652,-4.611,-0.532
3315057,1912,2156,2281,0.1676,0.0388,1.1446,22.621,-4.559,-0.719
3315067,1976,2161,2314,0.1684,0.0313,1.1485,22.761,-4.707,-0.926
3315077,1774,2077,2290,0.1697,0.0307,1.1438,23.337,-4.622,-0.944
3315087,1999,2007,2394,0.1731,0.0382,1.1425,24.266,-4.501,-0.571
3315097,2070,2028,2359,0.1757,0.0408,1.1465,24.970,-4.371,-0.056
3315107,1754,1981,2393,0.1768,0.0366,1.1439,25.813,-3.960,0.367
3315117,1929,2003,2338,0.1776,0.0411,1.1444,26.649,-3.548,1.224
3315127,1953,2047,2353,0.1789,0.0531,1.1506,26.877,-3.278,2.478
3315137,2160,2035,2359,0.1779,0.0621,1.1555,26.695,-2.903,3.498
3315147,1853,1946,2441,0.1783,0.0685,1.1568,26.247,-2.332,3.943
3315157,1834,2000,2358,0.1768,0.0672,1.1577,25.738,-1.650,4.140
3315167,1776,1968,2347,0.1728,0.0648,1.1559,24.902,-0.998,4.093
3315177,1866,1921,2413,0.1695,0.0714,1.1503,24.398,-0.294,4.397
3315187,1755,1905,2392,0.1665,0.0841,1.1381,24.308,0.627,5.065
3315197,2035,2084,2299,0.1664,0.0958,1.1297,24.386,1.183,5.667
3315207,1796,1994,2325,0.1634,0.1061,1.1210,24.837,1.412,5.676
3315217,1962,1958,2312,0.1608,0.1151,1.1144,25.807,1.514,5.540
3315227,1918,1970,2372,0.1588,0.1156,1.1134,26.637,1.353,5.021
3315237,1806,1968,2278,0.1555,0.1173,1.1093,27.780,1.145,4.436
3315247,1844,1932,2312,0.1545,0.1208,1.1023,29.272,0.964,4.192
3315257,1878,1979,2236,0.1537,0.1299,1.0982,30.937,0.670,4.314
3315267,1886,1964,2294,0.1581,0.1353,1.0965,32.539,0.211,4.470
3315277,1947,1977,2177,0.1623,0.1419,1.1008,34.161,-0.428,4.140
3315287,1789,1890,2272,0.1650,0.1525,1.1142,36.086,-1.003,3.898
3315297,1903,2013,2120,0.1660,0.1466,1.1276,37.802,-1.270,3.289
3315307,1887,1966,2224,0.1694,0.1423,1.1306,39.109,-1.144,2.740
3315317,1953,1893,2388,0.1709,0.1555,1.1366,39.917,-0.595,3.698
3315327,1754,2091,2257,0.1765,0.1812,1.1416,40.027,0.112,5.721
3315337,2189,2035,2089,0.1806,0.2042,1.1434,39.751,0.974,7.442
3315347,1813,1948,2209,0.1811,0.2252,1.1392,39.018,1.958,8.175
3315357,1956,1965,2009,0.1809,0.2407,1.1363,37.686,2.734,8.134
3315367,1876,1935,2109,0.1749,0.2480,1.1351,35.752,3.151,7.188
3315377,1754,1979,2048,0.1728,0.2445,1.1320,33.404,3.334,5.718
3315387,1758,1905,2094,0.1706,0.2358,1.1234,30.676,3.487,4.357
3315397,1945,1974,2080,0.1676,0.2275,1.1192,27.608,3.405,3.546
3315407,2099,1955,2088,0.1669,0.2269,1.1152,24.435,3.165,3.271
3315417,1897,2024,2021,0.1653,0.2343,1.1119,22.093,2.913,3.748
3315427,1871,1953,2086,0.1611,0.2345,1.1026,20.188,2.741,4.101
3315437,1851,1889,2054,0.1538,0.2290,1.0991,18.876,2.322,4.158
3315447,1993,1902,2047,0.1502,0.2255,1.0913,17.797,1.623,4.205
3315457,1872,1920,2053,0.1546,0.2248,1.0903,17.406,0.825,4.770
3315467,1887,1915,2160,0.1596,0.2206,1.0998,17.082,-0.256,5.255
3315477,1835,1953,2062,0.1646,0.2274,1.1165,16.973,-1.177,5.638
3315487,1805,1920,2035,0.1733,0.2438,1.1305,17.046,-1.360,6.451
3315497,1942,1936,2008,0.1796,0.2596,1.1360,17.202,-0.964,7.354
3315507,1764,1875,1894,0.1790,0.2673,1.1379,17.415,-0.300,7.517
3315517,1820,1958,1961,0.1738,0.2665,1.1348,17.141,0.235,7.094
3315527,1790,1904,2038,0.1677,0.2629,1.1210,16.355,0.599,6.435
3315537,1848,1904,1946,0.1638,0.2590,1.1079,15.275,0.740,6.057
3315547,1785,1905,1916,0.1615,0.2572,1.1020,13.948,0.453,6.074
3315557,1840,1909,1962,0.1609,0.2635,1.0953,12.948,0.105,6.534
3315567,1772,1905,1891,0.1673,0.2715,1.0999,12.344,-0.351,7.199
3315577,1839,2000,1901,0.1660,0.2620,1.1048,11.878,-0.922,6.867
3315587,1752,1974,1906,0.1593,0.2516,1.1045,11.923,-1.310,6.140
3315597,1884,1995,1890,0.1566,0.2673,1.1023,11.665,-1.405,6.734
3315607,1752,1936,1965,0.1712,0.2841,1.1019,11.141,-1.746,8.019
3315617,1836,1909,1909,0.1651,0.2725,1.1075,10.582,-2.441,7.381
3315627,1775,1884,2032,0.1675,0.2767,1.1191,10.153,-3.235,6.661
3315637,1870,1926,1901,0.1686,0.2863,1.1143,9.949,-3.246,6.971
3315647,1785,1875,1985,0.1665,0.2945,1.1051,9.322,-3.013,7.185
3315657,1927,1919,1899,0.1650,0.2961,1.1012,8.136,-3.174,6.966
3315667,1761,1917,1924,0.1629,0.2954,1.0944,7.089,-3.452,6.548
3315677,1806,1943,2108,0.1619,0.2926,1.0894,6.131,-3.798,6.276
3315687,1783,1887,2014,0.1633,0.2926,1.0896,5.082,-4.364,6.170
3315697,1870,1959,1895,0.1663,0.2937,1.0944,4.286,-4.857,6.218
3315707,1754,1918,1898,0.1722,0.2974,1.0987,3.650,-5.255,6.138
3315717,1788,1879,1881,0.1798,0.2976,1.1054,3.310,-5.401,6.005
3315727,1798,1888,2115,0.1811,0.2843,1.1114,2.811,-5.518,5.040
3315737,1836,1959,1956,0.1783,0.2710,1.1078,2.587,-5.379,3.964
3315747,1753,1937,1919,0.1788,0.2692,1.1041,2.358,-4.911,4.229
3315757,1853,1880,1955,0.1768,0.2718,1.0958,1.946,-4.428,4.840
3315767,1891,1939,1886,0.1801,0.2807,1.0954,1.748,-4.272,5.381
3315777,1928,1940,2235,0.1816,0.2793,1.0960,1.681,-4.433,5.337
3315787,1824,1914,1930,0.1786,0.2727,1.0899,1.974,-4.568,4.571
3315797,1771,1934,1973,0.1798,0.2827,1.0921,2.189,-4.723,4.491
3315807,1748,1874,1973,0.1843,0.2907,1.0988,2.046,-5.103,4.800
3315817,1947,1881,1947,0.1827,0.2912,1.0990,1.788,-5.399,4.340
3315827,1902,1876,1990,0.1847,0.2966,1.1000,1.496,-5.493,4.175
3315837,1767,1877,1898,0.1888,0.2971,1.1063,0.706,-5.663,4.300
3315847,1747,1890,1889,0.1859,0.2937,1.1081,-0.713,-5.871,3.815
3315857,1870,1997,1883,0.1833,0.2918,1.0984,-2.030,-5.767,3.138
3315867,1778,1930,1940,0.1833,0.2928,1.0862,-3.185,-5.699,2.606
3315877,1852,2138,1946,0.1845,0.2905,1.0875,-4.169,-6.045,2.022
3315887,1874,1905,1937,0.1888,0.2857,1.0947,-4.903,-6.556,1.267
3315897,1782,1995,1883,0.1935,0.2791,1.0934,-5.312,-6.698,0.482
3315907,1761,1887,1910,0.1946,0.2724,1.0972,-5.629,-6.670,-0.340
3315917,2067,1919,1904,0.1932,0.2678,1.0971,-5.760,-6.516,-1.088
3315927,1746,1887,1921,0.1912,0.2661,1.0922,-5.334,-6.062,-1.581
3315937,1769,1889,1888,0.1920,0.2666,1.0938,-4.940,-5.903,-2.058
3315947,2061,2032,2148,0.1950,0.2620,1.0972,-4.514,-5.892,-2.899
3315957,2365,1963,1884,0.2013,0.2510,1.0980,-3.925,-5.814,-3.933
3315967,1793,1988,1908,0.2050,0.2456,1.1006,-3.390,-5.692,-4.677
3315977,2179,1912,1875,0.2027,0.2542,1.0962,-2.523,-4.786,-4.249
3315987,1755,1912,1894,0.2002,0.2629,1.0911,-1.694,-4.052,-3.930
3315997,1893,1973,2083,0.1986,0.2675,1.0919,-1.169,-3.802,-3.946
3316007,1776,1936,1881,0.1985,0.2697,1.0966,-0.903,-3.850,-4.064
3316017,1779,1942,2043,0.1980,0.2701,1.0975,-0.873,-3.862,-4.156
3316027,1809,1906,2059,0.1995,0.2709,1.0971,-1.004,-3.886,-4.130
3316037,1854,1957,1897,0.2016,0.2689,1.1001,-1.426,-3.979,-4.083
3316047,1756,1880,1923,0.2019,0.2670,1.1028,-1.948,-4.037,-3.988
3316057,1844,1879,1890,0.2008,0.2676,1.1013,-2.311,-3.935,-3.766
3316067,1768,1877,2071,0.1994,0.2697,1.0990,-2.624,-3.862,-3.473
3316077,1870,1877,2030,0.2004,0.2724,1.0975,-2.931,-3.865,-3.153
3316087,1760,1879,2153,0.2023,0.2731,1.0971,-3.233,-3.898,-2.868
3316097,1772,1916,1891,0.2045,0.2692,1.0983,-3.600,-3.922,-2.735
3316107,2003,1898,1877,0.2062,0.2653,1.0977,-3.890,-3.872,-2.668
3316117,1967,1890,1881,0.2060,0.2615,1.0958,-4.114,-3.745,-2.622
3316127,1764,1903,1970,0.2064,0.2591,1.0955,-4.179,-3.579,-2.594
3316137,1789,1943,1913,0.2054,0.2570,1.0938,-3.952,-3.403,-2.603
3316147,1750,1875,1946,0.2056,0.2555,1.0934,-3.592,-3.292,-2.665
3316157,1761,1890,1961,0.2063,0.2567,1.0934,-3.164,-3.188,-2.737
3316167,1772,1885,1900,0.2087,0.2577,1.0913,-2.616,-2.999,-2.856
3316177,1755,1953,1874,0.2117,0.2616,1.0931,-1.987,-2.792,-2.934
3316187,1766,1875,2025,0.2120,0.2598,1.0956,-1.680,-2.563,-3.163
3316197,1768,1884,2051,0.2081,0.2575,1.0910,-1.264,-2.095,-3.525
3316207,1750,1876,1954,0.2055,0.2582,1.0894,-0.764,-1.653,-3.659
3316217,1764,1879,1876,0.2047,0.2570,1.0957,-0.475,-1.536,-3.651
3316227,1755,1908,1881,0.2044,0.2553,1.0963,-0.012,-1.261,-3.644
3316237,1760,1913,1931,0.2046,0.2563,1.0971,0.710,-0.894,-3.557
3316247,1754,1875,1951,0.2025,0.2565,1.0980,1.280,-0.640,-3.512
3316257,1759,1912,1910,0.2016,0.2589,1.0954,1.859,-0.358,-3.476
3316267,1752,1882,2019,0.2013,0.2627,1.0926,2.480,-0.063,-3.375
3316277,1766,1880,1887,0.2012,0.2633,1.0961,2.841,0.055,-3.260
3316287,1753,1891,1886,0.2012,0.2648,1.0981,3.070,0.145,-3.178
3316297,1836,1904,1875,0.2026,0.2641,1.0959,3.395,0.383,-3.086
3316307,1781,1904,1879,0.2027,0.2640,1.0961,3.548,0.534,-2.943
3316317,1758,1878,1922,0.2023,0.2654,1.0995,3.488,0.549,-2.724
3316327,1769,1888,1893,0.2012,0.2664,1.0962,3.586,0.684,-2.440
3316337,1762,1925,2018,0.1998,0.2669,1.0948,3.669,0.828,-2.125
3316347,1755,1882,1877,0.2003,0.2679,1.0975,3.584,0.807,-1.830
3316357,1781,1879,1928,0.1996,0.2682,1.0966,3.574,0.858,-1.570
3316367,1767,1876,1889,0.2005,0.2690,1.0960,3.678,0.983,-1.309
3316377,1764,1911,2000,0.1997,0.2686,1.0964,3.659,1.044,-1.071
3316387,1931,1874,1882,0.2002,0.2704,1.0952,3.758,1.123,-0.822
3316397,1758,1921,2105,0.1994,0.2693,1.0942,3.834,1.240,-0.591
3316407,1757,1871,1955,0.1978,0.2693,1.0970,3.699,1.265,-0.460
3316417,1763,1879,1879,0.1990,0.2716,1.0973,3.717,1.267,-0.214
3316427,1776,1892,1880,0.2008,0.2723,1.0955,3.807,1.357,0.001
3316437,1808,1878,1947,0.2022,0.2728,1.0962,3.874,1.445,0.133
3316447,1791,1880,1930,0.2027,0.2740,1.0970,3.858,1.565,0.244
3316457,1759,1876,1926,0.2014,0.2744,1.0976,3.667,1.704,0.323
3316467,1783,1913,1954,0.2010,0.2724,1.0960,3.468,1.913,0.362
3316477,1780,1914,1936,0.2001,0.2745,1.0934,3.482,2.187,0.501
3316487,1760,1874,1875,0.2020,0.2745,1.0958,3.349,2.284,0.651
3316497,1776,1879,1915,0.2037,0.2751,1.0967,3.188,2.352,0.680
3316507,1769,1874,1875,0.1995,0.2743,1.0986,3.094,2.592,0.748
3316517,1764,1886,1889,0.1981,0.2760,1.0963,2.749,2.777,0.674
3316527,1777,1907,1874,0.1994,0.2791,1.0920,2.821,3.054,0.899
3316537,1775,1883,1890,0.2015,0.2806,1.0951,2.640,3.069,1.145
3316547,1760,1879,1894,0.2010,0.2790,1.0977,2.317,3.028,1.185
3316557,1777,1888,1872,0.1991,0.2783,1.0967,2.077,3.174,1.227
3316567,1761,1879,1878,0.1980,0.2811,1.0925,1.802,3.398,1.434
3316577,1767,1947,1998,0.1977,0.2835,1.0930,1.472,3.508,1.771
3316587,1776,1874,1886,0.1971,0.2834,1.0925,0.937,3.439,2.024
3316597,1764,1876,1920,0.1964,0.2857,1.0889,0.864,3.484,2.431
3316607,1779,1890,1935,0.1946,0.2857,1.0925,0.657,3.390,2.868
3316617,1768,1872,1977,0.1913,0.2860,1.0919,0.313,3.164,3.109
3316627,1779,1877,1920,0.1913,0.2876,1.0892,0.396,3.111,3.431
3316637,1909,1875,1928,0.1906,0.2865,1.0910,0.228,2.903,3.702
3316647,1772,1876,2001,0.1888,0.2845,1.0938,-0.012,2.655,3.912
3316657,1760,1873,1952,0.1893,0.2859,1.0935,-0.234,2.546,4.129
3316667,1774,1913,1886,0.1866,0.2841,1.0947,-0.364,2.362,4.359
3316677,1760,1890,1973,0.1845,0.2815,1.0944,-0.621,2.198,4.455
3316687,1767,1884,1954,0.1824,0.2846,1.0903,-0.611,2.056,4.710
3316697,1763,1881,1969,0.1812,0.2875,1.0955,-0.806,1.811,5.014
3316707,1782,1892,1910,0.1793,0.2818,1.1000,-1.280,1.400,4.954
3316717,1764,1877,2054,0.1784,0.2828,1.0961,-1.366,1.235,4.900
3316727,1806,1900,1987,0.1786,0.2837,1.0965,-1.523,1.023,5.039
3316737,1765,1873,1911,0.1768,0.2786,1.1009,-1.966,0.698,4.890
3316747,1766,1879,1911,0.1770,0.2757,1.0992,-2.226,0.465,4.704
3316757,1772,1934,2168,0.1788,0.2766,1.0982,-2.312,0.291,4.712
3316767,1965,1890,1910,0.1799,0.2745,1.1017,-2.639,-0.020,4.676
3316777,1761,1873,1913,0.1790,0.2732,1.1012,-2.808,-0.228,4.656
3316787,1813,1903,1911,0.1777,0.2731,1.0971,-2.795,-0.314,4.717
3316797,1826,1881,1928,0.1793,0.2749,1.0983,-2.977,-0.631,4.828
3316807,1808,1926,1889,0.1806,0.2742,1.0981,-3.234,-0.954,4.893
3316817,1770,1876,1982,0.1817,0.2762,1.0970,-3.405,-1.158,4.951
3316827,1778,1872,1871,0.1814,0.2767,1.0960,-3.566,-1.342,5.023
3316837,1768,1873,2119,0.1816,0.2742,1.0974,-3.867,-1.538,5.002
3316847,1833,1896,1904,0.1824,0.2719,1.0991,-4.154,-1.720,4.993
3316857,1765,1880,2118,0.1824,0.2700,1.1012,-4.474,-1.880,4.997
3316867,1793,1885,1932,0.1832,0.2664,1.1015,-4.743,-1.947,4.967
3316877,1777,1875,1902,0.1821,0.2631,1.1013,-4.858,-1.979,4.979
3316887,1793,1893,1918,0.1821,0.2606,1.0990,-4.857,-1.997,5.045
3316897,1762,1876,1965,0.1840,0.2594,1.0976,-4.598,-2.035,5.208
3316907,1804,1901,1904,0.1858,0.2581,1.1017,-4.356,-2.175,5.410
3316917,1761,1873,1948,0.1870,0.2588,1.0998,-3.944,-2.193,5.677
3316927,1780,1888,1873,0.1882,0.2614,1.0975,-3.450,-2.071,5.996
3316937,1769,1883,1968,0.1892,0.2626,1.0987,-3.303,-2.061,6.217
3316947,1812,1905,1976,0.1898,0.2611,1.0991,-3.300,-1.998,6.288
3316957,1767,1872,1879,0.1914,0.2595,1.0984,-3.307,-1.854,6.285
3316967,1829,1907,1880,0.1935,0.2573,1.1007,-3.413,-1.741,6.181
3316977,1764,1873,2081,0.1951,0.2533,1.1006,-3.405,-1.605,5.976
3316987,1829,1908,1884,0.1952,0.2487,1.1025,-3.176,-1.394,5.687
3316997,1780,1872,1963,0.1944,0.2447,1.1022,-2.748,-1.121,5.334
3317007,1829,1902,1920,0.1931,0.2435,1.1000,-1.991,-0.743,5.004
3317017,1771,1873,1958,0.1917,0.2459,1.0999,-1.220,-0.495,4.685
3317027,1799,1887,1873,0.1899,0.2506,1.1013,-0.544,-0.336,4.324
3317037,1777,1918,1911,0.1884,0.2548,1.0987,0.172,-0.093,3.955
3317047,1807,1908,1919,0.1885,0.2582,1.0971,0.705,0.072,3.597
3317057,1780,1875,1924,0.1902,0.2591,1.0990,0.850,0.058,3.192
3317067,1804,1907,2082,0.1907,0.2589,1.1009,0.781,-0.016,2.795
3317077,1778,1886,1920,0.1910,0.2587,1.0998,0.761,0.001,2.481
3317087,1853,1933,1870,0.1913,0.2590,1.0987,0.728,0.011,2.239
3317097,1953,1904,1930,0.1917,0.2592,1.0997,0.616,-0.055,2.047
3317107,1829,1941,1899,0.1922,0.2593,1.0990,0.570,-0.111,1.900
3317117,1888,1879,1874,0.1924,0.2597,1.1000,0.616,-0.132,1.800
3317127,1869,1897,1871,0.1934,0.2591,1.0997,0.542,-0.240,1.724
3317137,1772,1871,1869,0.1932,0.2583,1.1004,0.382,-0.372,1.674
3317147,1822,1903,1968,0.1927,0.2593,1.0985,0.277,-0.445,1.661
3317157,1781,1895,1875,0.1917,0.2595,1.0980,0.038,-0.567,1.646
3317167,1793,1874,1957,0.1917,0.2572,1.0989,-0.239,-0.762,1.620
3317177,1775,1877,1944,0.1922,0.2575,1.0985,-0.425,-0.929,1.614
3317187,1794,1920,1921,0.1919,0.2563,1.0990,-0.585,-1.103,1.627
3317197,1786,1890,1881,0.1922,0.2554,1.1011,-0.764,-1.311,1.623
3317207,1822,1943,2023,0.1936,0.2536,1.1011,-0.834,-1.460,1.577
3317217,1774,1874,1909,0.1942,0.2532,1.1016,-0.804,-1.504,1.519
3317227,1821,1905,1873,0.1937,0.2531,1.1009,-0.768,-1.540,1.466
3317237,1769,1873,1886,0.1945,0.2535,1.1016,-0.740,-1.585,1.412
3317247,1829,1918,1929,0.1959,0.2524,1.1040,-0.761,-1.587,1.357
3317257,1789,1875,1914,0.1973,0.2540,1.1034,-0.792,-1.488,1.347
3317267,1790,1903,1871,0.1983,0.2535,1.1031,-0.842,-1.251,1.355
3317277,1857,1895,1965,0.1976,0.2553,1.1039,-1.005,-1.166,1.454
3317287,1820,1911,1921,0.1949,0.2581,1.0975,-0.863,-0.960,1.662
3317297,1797,1884,1939,0.1948,0.2611,1.0959,-0.735,-0.886,1.999
3317307,1796,1891,1970,0.1955,0.2636,1.0994,-1.100,-1.116,2.295
3317317,1777,1881,2045,0.1975,0.2632,1.0979,-1.344,-1.210,2.487
3317327,1816,1910,1954,0.1996,0.2606,1.0981,-1.559,-1.173,2.635
3317337,1785,1885,1878,0.2000,0.2585,1.1007,-1.923,-1.166,2.718
