4595262,1729,1898,2099,0.2417,-0.1472,1.1094,-1.228,-0.909,-0.042
4595272,1730,1895,1941,0.2424,-0.1475,1.1079,-1.135,-0.884,0.003
4595282,1731,1894,1911,0.2429,-0.1475,1.1075,-0.994,-0.876,0.054
4595292,1766,1893,2111,0.2426,-0.1459,1.1086,-0.863,-0.897,0.075
4595302,1732,1914,1938,0.2435,-0.1452,1.1093,-0.744,-0.882,0.072
4595312,1738,1884,1923,0.2424,-0.1448,1.1090,-0.639,-0.829,0.072
4595322,1731,1920,1838,0.2413,-0.1432,1.1089,-0.564,-0.790,0.080
4595332,1752,1883,2285,0.2409,-0.1425,1.1101,-0.501,-0.772,0.076
4595342,1773,1959,1887,0.2403,-0.1433,1.1119,-0.508,-0.763,0.043
4595352,1758,1883,1892,0.2413,-0.1440,1.1099,-0.602,-0.735,0.028
4595362,1733,1890,1853,0.2430,-0.1461,1.1094,-0.736,-0.735,0.079
4595372,1744,1885,1860,0.2439,-0.1480,1.1101,-0.933,-0.744,0.190
4595382,1751,1927,1864,0.2434,-0.1485,1.1086,-1.127,-0.717,0.320
4595392,1742,1892,1909,0.2425,-0.1481,1.1111,-1.277,-0.683,0.444
4595402,1736,1935,2081,0.2421,-0.1475,1.1116,-1.373,-0.639,0.521
4595412,1758,1884,2055,0.2436,-0.1470,1.1118,-1.436,-0.584,0.561
4595422,1774,1926,1841,0.2442,-0.1471,1.1129,-1.474,-0.528,0.581
4595432,1747,1891,1864,0.2437,-0.1472,1.1129,-1.444,-0.474,0.616
4595442,1734,1906,1838,0.2436,-0.1483,1.1120,-1.375,-0.417,0.662
4595452,1751,1887,1913,0.2424,-0.1488,1.1122,-1.269,-0.394,0.695
4595462,1740,1917,1839,0.2417,-0.1494,1.1133,-1.124,-0.405,0.724
4595472,1744,1887,1997,0.2409,-0.1497,1.1141,-0.960,-0.433,0.744
4595482,1732,1905,1865,0.2409,-0.1504,1.1120,-0.802,-0.491,0.766
4595492,1746,1888,1907,0.2408,-0.1507,1.1120,-0.615,-0.524,0.843
4595502,1734,1897,2000,0.2411,-0.1506,1.1112,-0.430,-0.579,0.995
4595512,1752,1883,1857,0.2402,-0.1496,1.1123,-0.218,-0.646,1.157
4595522,1748,1917,1840,0.2382,-0.1492,1.1125,0.051,-0.718,1.324
4595532,1746,1886,1839,0.2375,-0.1498,1.1131,0.390,-0.829,1.517
4595542,1747,1922,1846,0.2380,-0.1513,1.1158,0.783,-0.962,1.722
4595552,1743,1885,1842,0.2395,-0.1534,1.1152,1.189,-1.085,1.959
4595562,1736,1905,1840,0.2409,-0.1550,1.1140,1.615,-1.182,2.257
4595572,1746,1889,1839,0.2424,-0.1561,1.1159,2.041,-1.301,2.623
4595582,1736,1919,1842,0.2424,-0.1546,1.1166,2.487,-1.379,3.037
4595592,1751,1887,1844,0.2419,-0.1523,1.1184,2.917,-1.434,3.456
4595602,1744,1919,1848,0.2406,-0.1501,1.1179,3.338,-1.451,3.856
4595612,1746,1895,1839,0.2409,-0.1475,1.1181,3.692,-1.404,4.259
4595622,1744,1909,1843,0.2404,-0.1451,1.1180,3.907,-1.387,4.665
4595632,1734,1882,1846,0.2400,-0.1412,1.1230,3.921,-1.418,5.070
4595642,1753,1955,1909,0.2397,-0.1388,1.1269,3.673,-1.419,5.472
4595652,1763,1885,1839,0.2403,-0.1368,1.1335,3.074,-1.423,5.957
4595662,1825,1903,1840,0.2403,-0.1346,1.1401,2.055,-1.402,6.597
4595672,1744,1883,1846,0.2406,-0.1323,1.1468,0.572,-1.245,7.403
4595682,1741,1925,1840,0.2420,-0.1329,1.1546,-1.447,-0.980,8.347
4595692,1776,1900,1840,0.2435,-0.1324,1.1581,-3.885,-0.494,9.383
4595702,1741,1891,1841,0.2434,-0.1324,1.1618,-6.539,0.224,10.419
4595712,1754,1922,1843,0.2435,-0.1337,1.1661,-9.327,1.001,11.383
4595722,1835,1938,1844,0.2426,-0.1400,1.1623,-12.154,2.050,12.204
4595732,1749,1935,1840,0.2410,-0.1469,1.1595,-14.772,3.372,12.882
4595742,1752,1904,1840,0.2385,-0.1560,1.1603,-17.223,4.762,13.432
4595752,1745,1893,1839,0.2342,-0.1638,1.1532,-19.501,6.524,13.862
4595762,1790,1892,1839,0.2301,-0.1750,1.1428,-21.257,8.431,14.204
4595772,1738,1886,1841,0.2256,-0.1857,1.1333,-22.527,10.279,14.447
4595782,1759,1929,1860,0.2199,-0.1948,1.1189,-23.198,12.203,14.564
4595792,1751,1884,1839,0.2144,-0.2004,1.1016,-23.272,14.050,14.462
4595802,1860,1886,1842,0.2089,-0.2066,1.0892,-22.800,15.529,14.017
4595812,1794,1902,1840,0.2039,-0.2099,1.0796,-21.778,16.629,13.265
4595822,1745,1896,1841,0.1997,-0.2122,1.0734,-20.258,17.446,12.319
4595832,1877,1892,1840,0.1952,-0.2136,1.0667,-18.447,17.927,11.290
4595842,1745,1917,1842,0.1905,-0.2150,1.0596,-16.389,18.195,10.263
4595852,1771,1894,1840,0.1868,-0.2154,1.0642,-14.215,18.128,9.276
4595862,1737,1888,1840,0.1834,-0.2134,1.0691,-12.091,17.812,8.376
4595872,1869,1889,1840,0.1817,-0.2113,1.0714,-10.145,17.466,7.555
4595882,1756,1923,1847,0.1810,-0.2095,1.0765,-8.454,16.942,6.879
4595892,1853,1887,1840,0.1801,-0.2079,1.0816,-6.895,16.283,6.407
4595902,1761,1979,1843,0.1772,-0.2037,1.0788,-5.535,15.805,6.167
4595912,1802,1886,1840,0.1725,-0.1989,1.0869,-4.516,14.985,6.062
4595922,1763,1943,1847,0.1684,-0.1951,1.0921,-3.992,14.025,5.886
4595932,1758,1884,1845,0.1657,-0.1905,1.0974,-3.906,13.109,5.593
4595942,1745,1922,1847,0.1648,-0.1854,1.1016,-4.301,12.013,5.167
4595952,1766,1895,1841,0.1643,-0.1818,1.0980,-4.947,11.018,4.661
4595962,1872,1937,1841,0.1644,-0.1810,1.0995,-5.947,9.914,4.168
4595972,1780,1900,1840,0.1643,-0.1802,1.1043,-7.334,8.734,3.841
4595982,1742,1931,1840,0.1635,-0.1809,1.1021,-9.233,7.795,3.716
4595992,1739,1889,1840,0.1628,-0.1848,1.1008,-11.482,6.824,3.750
4596002,1756,1887,1846,0.1616,-0.1897,1.0984,-13.888,5.782,3.904
4596012,1742,1884,1842,0.1614,-0.1952,1.0949,-16.113,4.708,4.126
4596022,1746,1901,1846,0.1635,-0.2021,1.0962,-18.034,3.581,4.342
4596032,1767,1887,1841,0.1667,-0.2106,1.0960,-19.526,2.566,4.493
4596042,1767,1906,1840,0.1709,-0.2198,1.0961,-20.534,1.646,4.570
4596052,1749,1943,1841,0.1755,-0.2274,1.0955,-21.132,0.772,4.620
4596062,1811,1937,1842,0.1799,-0.2352,1.0953,-21.346,0.042,4.650
4596072,1744,1893,1855,0.1843,-0.2408,1.0990,-21.334,-0.660,4.665
4596082,1738,1936,1849,0.1879,-0.2444,1.1062,-21.219,-1.346,4.691
4596092,1760,1892,1840,0.1909,-0.2494,1.1107,-21.237,-1.857,4.759
4596102,2137,1950,1855,0.1888,-0.2537,1.1134,-21.386,-2.077,4.845
4596112,1812,1938,1840,0.1847,-0.2533,1.1181,-21.622,-2.075,4.890
4596122,1739,1888,1848,0.1832,-0.2586,1.1161,-21.846,-1.800,4.791
4596132,1737,1892,1840,0.1817,-0.2616,1.1100,-22.202,-1.609,4.657
4596142,1743,1894,1840,0.1799,-0.2636,1.1064,-22.484,-1.723,4.593
4596152,1759,1890,1848,0.1791,-0.2676,1.1000,-22.733,-1.885,4.566
4596162,1824,1885,1840,0.1787,-0.2741,1.0990,-23.095,-2.199,4.517
4596172,1776,1893,1848,0.1780,-0.2799,1.0960,-23.650,-2.593,4.374
4596182,1870,1932,1884,0.1746,-0.2871,1.0923,-24.445,-3.013,4.049
4596192,1839,1882,1841,0.1707,-0.2943,1.0871,-25.443,-3.581,3.619
4596202,1759,1899,1847,0.1674,-0.2988,1.0788,-26.350,-4.246,3.308
4596212,1744,1884,1845,0.1654,-0.3035,1.0752,-27.073,-5.077,3.061
4596222,1748,1912,1853,0.1643,-0.3110,1.0702,-27.633,-5.960,2.786
4596232,1758,1931,1842,0.1651,-0.3177,1.0710,-27.900,-7.076,2.397
4596242,1764,1945,1846,0.1666,-0.3240,1.0734,-28.186,-8.137,1.947
4596252,1747,1882,1841,0.1697,-0.3309,1.0778,-28.533,-9.025,1.440
4596262,1749,1937,1842,0.1754,-0.3405,1.0814,-29.038,-9.690,0.941
4596272,1743,1887,1841,0.1802,-0.3513,1.0798,-29.476,-9.925,0.556
4596282,1750,1933,1848,0.1855,-0.3622,1.0803,-29.730,-9.906,0.332
4596292,1842,1893,1845,0.1893,-0.3728,1.0753,-29.633,-9.661,0.168
4596302,1743,1901,1840,0.1931,-0.3821,1.0681,-29.039,-9.329,0.030
4596312,1924,1886,1847,0.1925,-0.3898,1.0618,-27.847,-9.046,-0.173
4596322,1780,1897,1843,0.1928,-0.3948,1.0576,-26.046,-8.762,-0.272
4596332,1844,1908,1853,0.1922,-0.3986,1.0524,-23.751,-8.459,-0.348
4596342,1763,1924,1849,0.1900,-0.4000,1.0481,-21.047,-8.173,-0.422
4596352,1760,1888,1847,0.1884,-0.4022,1.0458,-18.199,-7.932,-0.513
4596362,1941,1966,1851,0.1875,-0.4039,1.0437,-15.285,-7.713,-0.595
4596372,1749,1936,1854,0.1863,-0.4049,1.0431,-12.395,-7.535,-0.627
4596382,1747,1907,1844,0.1856,-0.4046,1.0429,-9.573,-7.362,-0.658
4596392,1762,1895,1844,0.1853,-0.4032,1.0456,-6.844,-7.158,-0.680
4596402,1742,1921,1849,0.1850,-0.4010,1.0484,-4.293,-6.904,-0.694
4596412,1757,1944,1844,0.1853,-0.3978,1.0510,-1.908,-6.592,-0.702
4596422,1741,1904,1852,0.1852,-0.3950,1.0553,0.288,-6.239,-0.664
4596432,1864,1890,1843,0.1859,-0.3928,1.0566,2.241,-5.832,-0.540
4596442,1821,1947,1851,0.1866,-0.3885,1.0605,3.969,-5.455,-0.331
4596452,1865,1886,1849,0.1869,-0.3831,1.0632,5.370,-5.066,-0.109
4596462,1767,1895,1850,0.1870,-0.3783,1.0669,6.498,-4.617,0.084
4596472,1946,1884,1842,0.1868,-0.3744,1.0702,7.370,-4.209,0.273
4596482,1795,1951,1859,0.1870,-0.3692,1.0731,8.054,-3.776,0.511
4596492,1753,1898,1855,0.1881,-0.3651,1.0747,8.531,-3.315,0.814
4596502,1751,1889,1850,0.1892,-0.3607,1.0772,8.799,-2.809,1.225
4596512,1749,1884,1855,0.1891,-0.3560,1.0795,8.846,-2.268,1.777
4596522,1757,1887,1844,0.1881,-0.3506,1.0804,8.649,-1.664,2.435
4596532,1933,1885,1852,0.1862,-0.3442,1.0795,8.176,-1.015,3.119
4596542,1744,1925,1843,0.1819,-0.3378,1.0758,7.491,-0.357,3.781
4596552,1791,1888,1850,0.1780,-0.3317,1.0721,6.727,0.228,4.345
4596562,1745,1922,1855,0.1734,-0.3290,1.0654,5.859,0.682,4.733
4596572,1815,1905,1846,0.1696,-0.3288,1.0591,4.964,0.934,4.951
4596582,1767,1957,1855,0.1656,-0.3310,1.0545,4.013,0.945,5.051
4596592,1744,1885,1845,0.1633,-0.3305,1.0500,3.063,0.831,5.053
4596602,1757,1995,1851,0.1624,-0.3317,1.0495,2.079,0.494,4.902
4596612,1747,1951,1842,0.1625,-0.3322,1.0473,1.144,0.155,4.586
4596622,1806,1937,1853,0.1631,-0.3328,1.0469,0.288,-0.158,4.143
4596632,1799,1884,1844,0.1637,-0.3346,1.0470,-0.472,-0.468,3.606
4596642,1745,1903,1854,0.1649,-0.3386,1.0463,-1.140,-0.682,2.995
4596652,1761,1895,1845,0.1660,-0.3400,1.0458,-1.765,-0.863,2.364
4596662,1823,1902,1845,0.1689,-0.3434,1.0433,-2.318,-0.977,1.752
4596672,1790,1884,1849,0.1742,-0.3519,1.0412,-2.919,-1.109,1.164
4596682,1744,1902,1844,0.1796,-0.3614,1.0381,-3.498,-1.254,0.725
4596692,1796,1887,1854,0.1855,-0.3691,1.0365,-4.010,-1.463,0.505
4596702,1748,1924,1850,0.1892,-0.3761,1.0361,-4.442,-1.668,0.483
4596712,1773,1883,1843,0.1919,-0.3817,1.0360,-4.780,-1.890,0.602
4596722,1744,1912,1851,0.1934,-0.3859,1.0334,-4.959,-2.140,0.853
4596732,1744,1904,1854,0.1945,-0.3883,1.0319,-5.018,-2.457,1.210
4596742,1794,1926,1858,0.1955,-0.3910,1.0297,-5.014,-2.844,1.635
4596752,1753,1885,1847,0.1964,-0.3932,1.0279,-4.928,-3.274,2.073
4596762,1754,1882,1847,0.1981,-0.3944,1.0261,-4.715,-3.785,2.500
4596772,1744,1888,1849,0.1996,-0.3975,1.0260,-4.368,-4.371,2.917
4596782,1818,1891,1848,0.2018,-0.3993,1.0259,-3.941,-5.002,3.352
4596792,1800,1956,1844,0.2026,-0.4000,1.0274,-3.517,-5.680,3.807
4596802,1761,1920,1856,0.2030,-0.3999,1.0271,-3.052,-6.390,4.279
4596812,1766,1887,1845,0.2029,-0.4000,1.0304,-2.502,-7.116,4.744
4596822,1809,1906,1847,0.2039,-0.3993,1.0387,-1.886,-7.907,5.233
4596832,1747,1887,1847,0.2052,-0.3991,1.0444,-1.145,-8.449,5.706
4596842,1786,1908,1852,0.2069,-0.3956,1.0589,-0.255,-8.922,6.120
4596852,1790,1893,1843,0.2093,-0.3878,1.0737,0.735,-9.307,6.455
4596862,1746,1962,1855,0.2124,-0.3829,1.0793,1.840,-9.384,6.735
4596872,1869,1887,1851,0.2157,-0.3804,1.0907,2.963,-9.556,7.025
4596882,1783,1991,1858,0.2174,-0.3796,1.1018,3.922,-9.836,7.400
4596892,1751,1891,1851,0.2183,-0.3792,1.1062,4.642,-9.928,7.848
4596902,1762,1984,1848,0.2196,-0.3788,1.1098,5.113,-10.035,8.335
4596912,1759,1910,1854,0.2202,-0.3767,1.1087,5.484,-10.235,8.828
4596922,1760,1939,1861,0.2200,-0.3741,1.1066,5.864,-10.505,9.311
4596932,1765,1882,1851,0.2186,-0.3706,1.1039,6.292,-10.931,9.759
4596942,1778,1964,1851,0.2164,-0.3671,1.0988,6.827,-11.506,10.126
4596952,1791,1903,1849,0.2136,-0.3663,1.0985,7.443,-12.270,10.336
4596962,1750,1898,1852,0.2085,-0.3656,1.0969,8.144,-13.180,10.359
4596972,1749,1914,1846,0.2040,-0.3667,1.1024,9.106,-14.255,10.203
4596982,1752,1902,1855,0.2015,-0.3695,1.1120,10.441,-15.472,9.804
4596992,1848,1907,1848,0.2005,-0.3748,1.1210,12.309,-16.549,9.174
4597002,1759,1970,1863,0.2008,-0.3792,1.1311,14.934,-17.434,8.480
4597012,1758,1912,1848,0.2049,-0.3806,1.1393,18.469,-17.930,7.819
4597022,1761,1924,1848,0.2100,-0.3804,1.1484,22.866,-18.122,7.191
4597032,1803,1906,1847,0.2163,-0.3778,1.1565,27.942,-17.957,6.521
4597042,2093,1891,1850,0.2215,-0.3718,1.1607,33.478,-17.388,5.760
4597052,1784,1888,1848,0.2267,-0.3639,1.1578,39.167,-16.534,4.839
4597062,1751,1907,1852,0.2297,-0.3529,1.1615,44.673,-15.699,3.799
4597072,1807,1892,1852,0.2327,-0.3422,1.1651,49.655,-14.914,2.714
4597082,1757,1898,1850,0.2345,-0.3280,1.1661,53.925,-14.015,1.701
4597092,1785,1919,1849,0.2355,-0.3170,1.1670,57.333,-13.074,0.770
4597102,1825,1912,1860,0.2387,-0.3076,1.1649,59.790,-12.187,0.008
4597112,1856,1934,1858,0.2412,-0.2959,1.1572,61.326,-11.375,-0.465
4597122,1792,1921,1847,0.2445,-0.2821,1.1560,61.933,-10.803,-0.668
4597132,1755,1898,1887,0.2462,-0.2686,1.1518,61.696,-10.291,-0.716
4597142,1970,1899,1849,0.2474,-0.2547,1.1522,60.756,-9.800,-0.750
4597152,1749,1921,1855,0.2486,-0.2353,1.1468,59.202,-9.434,-0.783
4597162,1869,2089,1885,0.2532,-0.2237,1.1403,57.169,-9.140,-0.959
4597172,1822,1980,1850,0.2590,-0.2237,1.1394,54.185,-9.142,-1.273
4597182,1829,1902,1868,0.2600,-0.2237,1.1346,50.767,-9.089,-1.395
4597192,1763,1946,1847,0.2586,-0.2222,1.1273,47.315,-8.758,-1.167
4597202,1811,1913,1852,0.2575,-0.2179,1.1246,43.952,-8.588,-0.714
4597212,2178,2088,1905,0.2542,-0.2102,1.1179,40.802,-8.418,-0.134
4597222,1792,1980,1853,0.2539,-0.2059,1.1203,37.931,-8.367,0.473
4597232,1916,1882,1855,0.2546,-0.2031,1.1197,35.253,-8.338,1.117
4597242,1813,1936,1857,0.2571,-0.2000,1.1134,32.849,-8.035,1.825
4597252,1750,1934,1848,0.2587,-0.1960,1.1032,30.701,-7.716,2.536
4597262,1986,1897,1853,0.2611,-0.1943,1.0866,29.141,-7.247,3.086
4597272,1753,1889,1894,0.2630,-0.1897,1.0768,28.406,-6.935,3.465
4597282,1956,2013,1865,0.2621,-0.1800,1.0668,28.567,-6.668,3.716
4597292,1793,1964,1939,0.2623,-0.1669,1.0614,29.581,-6.364,3.815
4597302,1876,1958,1899,0.2629,-0.1544,1.0595,30.980,-6.102,3.764
4597312,1786,1886,1889,0.2632,-0.1422,1.0562,32.278,-5.789,3.707
4597322,1786,1887,1903,0.2631,-0.1292,1.0544,32.999,-5.512,3.809
4597332,1797,1901,1852,0.2642,-0.1194,1.0529,32.931,-5.287,4.109
4597342,1829,1899,1862,0.2650,-0.1087,1.0547,31.909,-5.176,4.611
4597352,1944,1894,1899,0.2654,-0.0967,1.0547,29.910,-5.085,5.242
4597362,1765,2006,1906,0.2663,-0.0851,1.0584,27.031,-5.049,5.897
4597372,1806,1915,1848,0.2667,-0.0762,1.0593,23.415,-5.050,6.486
4597382,1859,1918,1868,0.2648,-0.0713,1.0566,19.373,-4.905,6.964
4597392,1857,1907,1859,0.2626,-0.0698,1.0524,14.925,-4.919,7.394
4597402,1838,1902,1858,0.2597,-0.0691,1.0527,10.332,-5.115,7.786
4597412,1809,1884,1852,0.2567,-0.0694,1.0513,5.808,-5.337,8.140
4597422,1838,1928,1872,0.2540,-0.0683,1.0526,1.553,-5.570,8.446
4597432,1859,1882,1889,0.2527,-0.0701,1.0580,-2.484,-5.959,8.627
4597442,1751,1920,2047,0.2518,-0.0739,1.0622,-6.160,-6.321,8.668
4597452,1904,1889,1901,0.2513,-0.0798,1.0683,-9.405,-6.704,8.619
4597462,1851,1931,2125,0.2495,-0.0864,1.0750,-12.163,-7.034,8.547
4597472,1778,1960,2145,0.2492,-0.0922,1.0832,-14.307,-7.273,8.497
4597482,1755,1958,1863,0.2503,-0.0950,1.0922,-15.768,-7.354,8.440
4597492,1845,1944,2552,0.2515,-0.0983,1.0996,-16.534,-7.150,8.346
4597502,1759,1881,1962,0.2542,-0.1044,1.1052,-16.620,-6.648,8.214
4597512,1825,1886,1854,0.2556,-0.1120,1.1097,-16.292,-5.973,8.113
4597522,1753,1887,1856,0.2562,-0.1151,1.1103,-15.584,-5.075,8.124
4597532,2238,1916,1938,0.2536,-0.1128,1.1164,-14.656,-4.267,8.135
4597542,1835,1970,2091,0.2510,-0.1110,1.1180,-13.614,-3.439,7.889
4597552,1804,1919,1852,0.2500,-0.1119,1.1180,-12.513,-2.579,7.231
4597562,1771,1928,1851,0.2487,-0.1185,1.1198,-11.332,-1.920,6.300
4597572,1835,1884,1964,0.2482,-0.1276,1.1184,-10.167,-1.373,5.337
4597582,1845,1934,1852,0.2480,-0.1346,1.1138,-9.038,-0.902,4.462
4597592,1937,1885,1950,0.2465,-0.1373,1.1107,-7.814,-0.588,3.649
4597602,2034,1904,1864,0.2477,-0.1398,1.1059,-6.225,-0.373,2.780
4597612,1941,1902,1850,0.2497,-0.1431,1.0995,-4.064,-0.188,1.798
4597622,2038,1881,1981,0.2532,-0.1479,1.0974,-1.318,-0.000,0.777
4597632,1819,1922,1939,0.2567,-0.1520,1.0983,1.854,0.225,-0.166
4597642,1948,1912,1982,0.2603,-0.1509,1.1003,5.207,0.496,-0.930
4597652,1966,1916,1859,0.2632,-0.1458,1.1080,8.358,0.671,-1.535
4597662,1833,1884,1902,0.2658,-0.1418,1.1134,11.029,0.997,-2.038
4597672,1778,1885,1871,0.2678,-0.1374,1.1160,13.096,1.480,-2.428
4597682,1768,1901,1869,0.2695,-0.1347,1.1165,14.413,1.873,-2.704
4597692,2128,1922,1847,0.2713,-0.1350,1.1162,14.959,2.198,-2.850
4597702,2147,2098,2247,0.2719,-0.1394,1.1092,14.817,2.376,-2.804
4597712,1901,1924,2095,0.2718,-0.1464,1.0971,14.120,2.446,-2.513
4597722,1956,1959,1883,0.2723,-0.1500,1.0887,13.019,2.266,-1.924
4597732,1756,1906,1849,0.2725,-0.1452,1.0788,11.752,1.918,-1.043
4597742,1804,1893,1854,0.2721,-0.1373,1.0710,10.757,1.570,-0.129
4597752,1785,1904,2093,0.2728,-0.1314,1.0681,10.073,1.139,0.576
4597762,1762,1903,1971,0.2744,-0.1278,1.0665,9.808,0.858,1.107
4597772,1771,1907,1861,0.2767,-0.1268,1.0737,9.662,0.606,1.562
4597782,1841,1907,1912,0.2797,-0.1247,1.0803,9.450,0.579,2.037
4597792,1863,1936,1942,0.2821,-0.1210,1.0913,9.113,0.799,2.576
4597802,1774,1901,1862,0.2832,-0.1160,1.0997,8.606,1.247,3.142
4597812,1806,1921,1850,0.2824,-0.1102,1.1019,8.052,2.033,3.671
4597822,1775,1881,1903,0.2786,-0.1060,1.0998,7.377,2.928,4.120
4597832,1901,1921,1871,0.2742,-0.1009,1.0929,6.554,3.775,4.444
4597842,1899,1911,1846,0.2683,-0.0972,1.0835,5.548,4.410,4.657
4597852,1863,1901,2023,0.2638,-0.0987,1.0775,4.429,4.743,4.847
4597862,1750,1904,1964,0.2597,-0.1011,1.0763,3.054,4.762,5.091
4597872,1925,1888,1886,0.2555,-0.1004,1.0672,1.441,4.689,5.410
4597882,1859,1943,2333,0.2531,-0.0969,1.0686,-0.456,4.020,5.658
4597892,1836,1891,1853,0.2506,-0.0951,1.0680,-1.921,3.399,5.743
4597902,1758,1908,1917,0.2478,-0.0928,1.0692,-3.014,2.789,5.694
4597912,2002,1909,1850,0.2463,-0.0937,1.0712,-3.766,2.258,5.508
4597922,1761,1904,1889,0.2456,-0.0919,1.0724,-4.183,1.746,5.244
4597932,2007,1930,1855,0.2428,-0.0882,1.0703,-4.083,1.382,4.887
4597942,1835,1916,2007,0.2409,-0.0911,1.0678,-3.580,1.043,4.413
4597952,1835,1898,1862,0.2413,-0.0961,1.0739,-2.875,0.660,3.948
4597962,1783,1937,1897,0.2417,-0.1005,1.0806,-2.394,0.185,3.666
4597972,2075,1911,2113,0.2407,-0.0994,1.0828,-2.298,-0.047,3.571
4597982,1786,1974,1850,0.2392,-0.0938,1.0898,-2.404,-0.367,3.474
4597992,1750,1887,1851,0.2392,-0.0886,1.0923,-2.369,-0.522,3.174
4598002,1870,1900,2019,0.2412,-0.0881,1.0946,-2.113,-0.491,2.686
4598012,1760,1900,1890,0.2423,-0.0900,1.0953,-1.949,-0.565,2.225
4598022,1753,1968,1969,0.2418,-0.0908,1.0934,-2.071,-0.567,1.898
4598032,1841,1909,1871,0.2415,-0.0911,1.0979,-2.545,-0.751,1.741
4598042,1801,1903,1889,0.2414,-0.0924,1.1027,-3.253,-0.965,1.694
4598052,1806,1891,1850,0.2418,-0.0936,1.1050,-4.200,-1.011,1.679
4598062,1759,1913,1870,0.2415,-0.0954,1.1077,-5.274,-1.001,1.677
4598072,1787,1907,1856,0.2417,-0.0983,1.1063,-6.440,-0.938,1.652
4598082,1763,1946,1852,0.2422,-0.1003,1.1063,-7.474,-0.985,1.618
4598092,1757,1896,1849,0.2422,-0.1055,1.1045,-8.214,-0.974,1.511
4598102,1979,1891,1858,0.2409,-0.1095,1.1066,-8.514,-0.928,1.341
4598112,1767,2059,1853,0.2400,-0.1129,1.1069,-8.370,-0.747,1.076
4598122,1822,1892,1902,0.2402,-0.1149,1.1095,-7.895,-0.496,0.739
4598132,1790,1908,1972,0.2409,-0.1176,1.1070,-7.254,-0.131,0.406
4598142,1844,1921,1862,0.2408,-0.1208,1.1047,-6.696,0.157,0.125
4598152,1919,1894,1853,0.2400,-0.1226,1.1040,-6.353,0.282,-0.085
4598162,1830,1939,1850,0.2392,-0.1213,1.1037,-6.095,0.331,-0.285
4598172,1822,2078,1950,0.2378,-0.1229,1.1047,-5.755,0.328,-0.562
4598182,1832,1983,1910,0.2374,-0.1249,1.1033,-5.389,0.202,-0.917
4598192,1857,1931,1848,0.2364,-0.1278,1.0972,-5.071,0.021,-1.272
4598202,1771,1953,1854,0.2379,-0.1328,1.0973,-4.902,-0.410,-1.571
4598212,1756,1944,2005,0.2396,-0.1363,1.0984,-4.891,-0.990,-1.757
4598222,1803,2022,1892,0.2420,-0.1388,1.1004,-4.932,-1.543,-1.833
4598232,1804,1889,1879,0.2442,-0.1410,1.1022,-4.952,-2.086,-1.886
4598242,1833,1997,1941,0.2463,-0.1436,1.1031,-4.837,-2.454,-1.992
4598252,1869,1981,1908,0.2495,-0.1485,1.1072,-4.651,-2.815,-2.132
4598262,1788,1984,1887,0.2515,-0.1494,1.1086,-4.372,-3.053,-2.249
4598272,1772,1954,1883,0.2519,-0.1509,1.1057,-3.878,-3.134,-2.370
4598282,1960,1926,1928,0.2521,-0.1529,1.1083,-3.068,-3.248,-2.542
4598292,1777,1880,1854,0.2535,-0.1539,1.1118,-2.055,-3.305,-2.742
4598302,2054,1925,1903,0.2557,-0.1585,1.1083,-0.973,-3.277,-2.888
4598312,2057,1898,1853,0.2581,-0.1613,1.1108,0.166,-3.395,-2.914
4598322,1838,2034,1905,0.2608,-0.1622,1.1168,1.063,-3.646,-2.781
4598332,1826,1916,1879,0.2623,-0.1620,1.1176,1.568,-3.533,-2.520
4598342,1757,1903,2027,0.2620,-0.1618,1.1211,1.664,-3.371,-2.204
4598352,1809,2166,2367,0.2607,-0.1572,1.1221,1.610,-3.203,-1.935
4598362,2128,1926,1884,0.2629,-0.1561,1.1231,1.561,-3.023,-1.750
4598372,1946,1879,1853,0.2689,-0.1614,1.1295,1.492,-2.801,-1.536
4598382,2070,1969,1857,0.2714,-0.1638,1.1300,1.657,-2.437,-1.135
4598392,2199,1922,1866,0.2700,-0.1650,1.1248,2.317,-1.776,-0.530
4598402,1811,2226,1863,0.2715,-0.1661,1.1145,3.760,-1.105,0.291
4598412,1761,2040,1928,0.2752,-0.1784,1.1157,5.942,-0.658,1.161
4598422,1954,1915,2006,0.2711,-0.1754,1.1025,8.783,-0.056,2.301
4598432,2308,1894,2396,0.2746,-0.1885,1.1139,12.049,0.550,3.467
4598442,2842,2192,1868,0.2847,-0.2045,1.1301,14.898,1.228,4.532
4598452,1816,2320,2861,0.2858,-0.2108,1.1340,17.534,2.998,5.913
4598462,1971,2051,1950,0.2968,-0.2081,1.1327,19.995,5.016,7.608
4598472,1938,2940,2534,0.2788,-0.1992,1.1216,22.354,7.479,9.164
4598482,2607,1978,2009,0.2668,-0.1623,1.1005,26.354,9.535,11.063
4598492,2113,1905,2039,0.2495,-0.1347,1.0774,31.228,11.002,11.934
4598502,2019,1892,1977,0.2424,-0.1190,1.0814,37.328,11.613,11.411
4598512,1791,2069,3500,0.2358,-0.1116,1.0957,43.050,11.856,10.083
4598522,1934,1948,1890,0.2305,-0.0958,1.1239,48.344,12.305,8.786
4598532,1805,1963,1921,0.2215,-0.0719,1.1341,52.244,12.569,7.684
4598542,2148,2174,1894,0.2123,-0.0400,1.1251,55.364,13.300,6.671
4598552,1794,2276,1845,0.2052,-0.0191,1.1257,57.205,12.935,5.469
4598562,2087,1876,1936,0.1982,-0.0074,1.1026,57.409,12.274,3.959
4598572,1904,1905,1799,0.1901,0.0046,1.0824,56.429,10.763,2.626
4598582,1755,1881,1871,0.1827,0.0163,1.0653,54.943,8.794,1.555
4598592,1800,1881,2451,0.1808,0.0278,1.0705,53.234,6.314,0.599
4598602,2160,2026,2284,0.1849,0.0442,1.0869,51.007,3.671,-0.221
4598612,2121,1967,2202,0.2007,0.0542,1.1258,47.667,1.209,-0.753
4598622,1775,1958,1814,0.2111,0.0610,1.1396,42.541,-0.733,-1.089
4598632,1748,1888,2045,0.2157,0.0669,1.1274,36.623,-1.589,-1.025
4598642,1873,1918,1805,0.2221,0.0558,1.1325,29.943,-2.910,-0.784
4598652,2379,1907,1833,0.2270,0.0458,1.1308,22.826,-4.340,-0.377
4598662,2027,2255,2338,0.2268,0.0362,1.1137,16.106,-5.215,0.111
4598672,1806,2278,2003,0.2259,0.0249,1.1110,10.934,-6.173,0.420
4598682,1761,1941,1983,0.2273,0.0214,1.1203,7.820,-7.030,0.579
4598692,1918,1899,2450,0.2299,0.0258,1.1285,5.947,-7.327,0.654
4598702,2070,1882,1935,0.2358,0.0320,1.1479,4.963,-7.296,0.647
4598712,1801,1957,2406,0.2387,0.0365,1.1528,4.492,-6.650,0.569
4598722,2227,1927,1793,0.2397,0.0367,1.1489,4.416,-5.531,0.471
4598732,2199,1919,1887,0.2392,0.0322,1.1488,4.048,-4.713,0.401
4598742,2384,1990,1961,0.2400,0.0285,1.1386,3.598,-3.895,0.487
4598752,1832,1921,1791,0.2405,0.0247,1.1311,2.965,-3.239,0.646
4598762,1918,2059,2071,0.2389,0.0273,1.1248,2.470,-2.826,0.790
4598772,2032,2112,2496,0.2388,0.0288,1.1255,1.986,-2.472,0.799
4598782,1796,1963,1894,0.2383,0.0312,1.1310,1.385,-2.225,0.674
4598792,1941,1894,2153,0.2363,0.0330,1.1298,0.727,-1.770,0.481
4598802,1808,2032,2438,0.2360,0.0335,1.1323,0.120,-1.462,0.232
4598812,1809,1901,1913,0.2363,0.0314,1.1310,-0.298,-1.192,-0.014
4598822,1860,2013,1902,0.2370,0.0270,1.1299,-0.513,-0.939,-0.234
4598832,2611,2097,1983,0.2363,0.0234,1.1217,-0.458,-0.684,-0.413
4598842,2430,1876,1814,0.2333,0.0232,1.1125,0.141,-0.374,-0.580
4598852,2114,1877,1881,0.2325,0.0259,1.1094,1.332,-0.267,-0.822
4598862,1923,2001,2242,0.2333,0.0302,1.1119,2.948,-0.251,-1.166
4598872,2055,1906,1821,0.2324,0.0374,1.1199,4.618,-0.178,-1.550
4598882,1782,1985,2199,0.2316,0.0448,1.1268,5.880,0.054,-1.901
4598892,1750,1910,2035,0.2313,0.0507,1.1317,6.543,0.346,-2.106
4598902,1843,1965,1798,0.2323,0.0547,1.1364,6.368,0.497,-2.152
4598912,2381,2084,1862,0.2344,0.0555,1.1361,5.338,0.633,-2.111
4598922,1970,1880,1794,0.2373,0.0529,1.1414,3.542,0.652,-2.035
4598932,1843,2009,1857,0.2385,0.0516,1.1362,1.416,0.772,-1.920
4598942,1802,1933,1909,0.2375,0.0496,1.1329,-0.592,0.965,-1.795
4598952,1815,1886,1940,0.2377,0.0483,1.1356,-2.440,1.009,-1.723
4598962,1764,1892,1788,0.2375,0.0449,1.1324,-3.954,1.234,-1.734
4598972,1841,1883,1814,0.2367,0.0403,1.1326,-4.879,1.516,-1.801
4598982,1918,1937,1800,0.2359,0.0387,1.1322,-5.124,1.889,-1.897
4598992,1779,1883,1801,0.2358,0.0368,1.1328,-4.913,2.336,-2.020
4599002,1832,1877,1791,0.2350,0.0360,1.1309,-4.403,2.811,-2.163
4599012,1851,1889,1791,0.2349,0.0375,1.1309,-3.688,3.289,-2.291
4599022,1936,2058,1939,0.2330,0.0392,1.1286,-3.058,3.740,-2.442
4599032,1766,1907,1973,0.2312,0.0398,1.1252,-2.615,4.078,-2.634
4599042,1743,1901,1811,0.2284,0.0413,1.1231,-2.461,4.228,-2.833
4599052,1751,1903,1836,0.2258,0.0398,1.1223,-2.702,4.183,-3.016
4599062,1845,1999,1825,0.2234,0.0397,1.1213,-3.371,3.947,-3.130
4599072,1860,1946,1797,0.2215,0.0380,1.1195,-4.101,3.626,-3.173
4599082,1912,1918,1810,0.2205,0.0369,1.1181,-4.744,3.212,-3.199
4599092,1781,2032,1807,0.2194,0.0348,1.1183,-5.226,2.805,-3.257
4599102,1735,1952,1791,0.2191,0.0311,1.1195,-5.483,2.409,-3.384
4599112,1745,1910,1825,0.2188,0.0296,1.1220,-5.481,2.106,-3.604
4599122,1741,1921,1807,0.2188,0.0279,1.1240,-5.125,1.941,-3.947
4599132,1745,1917,1832,0.2167,0.0263,1.1249,-4.482,1.860,-4.321
4599142,1745,1888,1816,0.2151,0.0250,1.1240,-3.608,1.839,-4.634
4599152,1803,1876,1792,0.2141,0.0243,1.1263,-2.615,1.736,-4.857
4599162,1767,1882,1812,0.2139,0.0244,1.1207,-1.665,1.754,-5.044
4599172,1743,1876,2100,0.2128,0.0205,1.1167,-0.664,1.640,-5.281
4599182,1795,1934,1940,0.2115,0.0167,1.1125,0.485,1.449,-5.555
4599192,2078,1889,1953,0.2066,0.0193,1.1079,1.928,1.353,-5.813
4599202,1744,1873,1814,0.2025,0.0262,1.1132,3.661,1.094,-6.176
4599212,1753,1971,1862,0.2023,0.0311,1.1149,5.546,0.879,-6.776
4599222,1871,1907,1874,0.2058,0.0345,1.1164,7.523,0.975,-7.462
4599232,1739,1929,1887,0.2085,0.0365,1.1209,8.798,0.898,-7.776
4599242,1943,1885,1874,0.2112,0.0338,1.1205,8.520,0.885,-7.405
4599252,1761,1931,1824,0.2170,0.0253,1.1382,6.475,0.145,-6.350
4599262,1743,1952,1858,0.2209,0.0219,1.1366,2.779,-0.532,-4.822
4599272,1870,2015,1921,0.2214,0.0265,1.1286,-1.588,-1.048,-3.294
4599282,1866,1942,1981,0.2231,0.0233,1.1319,-5.792,-2.143,-2.387
4599292,1799,1980,2018,0.2231,0.0141,1.1260,-9.495,-2.844,-2.236
4599302,1742,1921,1996,0.2259,-0.0007,1.1230,-12.171,-3.325,-2.580
4599312,2119,1987,1809,0.2239,-0.0139,1.1237,-13.267,-3.582,-2.932
4599322,2028,1898,1934,0.2230,-0.0166,1.1249,-12.495,-3.460,-2.780
4599332,1937,1932,1806,0.2267,-0.0248,1.1337,-10.414,-3.221,-2.669
4599342,2245,1905,1954,0.2270,-0.0313,1.1330,-7.246,-2.592,-2.739
4599352,2123,1972,1853,0.2250,-0.0288,1.1335,-2.892,-1.661,-2.802
4599362,1880,1887,1897,0.2242,-0.0278,1.1294,1.989,-0.730,-2.986
4599372,1841,1887,1810,0.2227,-0.0187,1.1283,7.090,0.256,-3.299
4599382,1906,1878,1823,0.2231,-0.0056,1.1316,12.307,1.132,-3.774
4599392,1769,1941,1939,0.2194,0.0090,1.1314,17.112,2.357,-4.462
4599402,1878,1923,2157,0.2154,0.0234,1.1345,21.261,3.416,-5.200
4599412,2072,1961,2114,0.2136,0.0322,1.1366,24.224,4.276,-5.919
4599422,1912,1871,1915,0.2107,0.0415,1.1358,25.639,4.860,-6.452
4599432,1769,1921,1792,0.2060,0.0520,1.1312,25.879,5.239,-6.704
4599442,1844,2022,1905,0.2004,0.0628,1.1263,25.348,5.276,-6.745
4599452,1743,2015,1859,0.1943,0.0734,1.1067,24.298,5.151,-6.657
4599462,1875,1963,1798,0.1897,0.0854,1.0992,22.717,4.460,-6.439
4599472,1842,1913,1992,0.1899,0.0873,1.1062,20.504,3.080,-6.239
4599482,1936,1873,1843,0.1909,0.0893,1.1052,17.743,1.939,-5.827
4599492,1984,2001,1834,0.1924,0.0890,1.1107,14.452,0.847,-5.156
4599502,1832,2067,1920,0.1943,0.0873,1.1141,10.804,-0.234,-4.422
4599512,1766,1911,1970,0.1961,0.0854,1.1182,7.215,-1.025,-3.794
4599522,2159,1875,2060,0.1964,0.0821,1.1144,4.046,-1.541,-3.249
4599532,1833,1907,2195,0.1973,0.0800,1.1175,1.726,-2.069,-2.761
4599542,1774,1997,1855,0.1985,0.0772,1.1217,0.067,-2.353,-2.360
4599552,1795,1880,1793,0.1998,0.0756,1.1206,-0.916,-2.358,-2.006
4599562,1755,1939,1934,0.1980,0.0744,1.1163,-1.445,-2.143,-1.733
4599572,1785,1897,1807,0.1975,0.0746,1.1212,-1.558,-2.106,-1.534
4599582,1740,1889,1866,0.1983,0.0751,1.1203,-1.557,-2.071,-1.440
4599592,1747,1924,1855,0.1990,0.0765,1.1212,-1.515,-1.960,-1.414
4599602,1862,1934,1970,0.1992,0.0798,1.1237,-1.605,-1.932,-1.435
4599612,1965,1883,1875,0.1989,0.0821,1.1239,-1.871,-1.800,-1.509
4599622,1762,1986,1845,0.1967,0.0824,1.1240,-2.294,-1.707,-1.579
4599632,1739,1880,2212,0.1966,0.0840,1.1274,-2.703,-1.788,-1.596
4599642,1743,1887,1848,0.1974,0.0847,1.1286,-3.211,-1.877,-1.573
4599652,1743,1875,1841,0.1988,0.0867,1.1352,-3.751,-2.112,-1.486
4599662,1743,1901,1806,0.2006,0.0867,1.1362,-4.556,-2.321,-1.398
4599672,1783,1875,1802,0.2026,0.0851,1.1348,-5.506,-2.452,-1.315
4599682,1740,1911,1884,0.2037,0.0852,1.1377,-6.523,-2.755,-1.194
4599692,1910,1878,2051,0.2054,0.0838,1.1340,-7.569,-2.938,-1.125
4599702,1742,1918,1828,0.2069,0.0796,1.1337,-8.587,-3.206,-1.146
4599712,1744,1880,1796,0.2094,0.0749,1.1327,-9.505,-3.528,-1.175
4599722,1790,1929,1806,0.2114,0.0706,1.1346,-10.452,-3.857,-1.193
4599732,1844,1874,1796,0.2118,0.0666,1.1361,-11.518,-4.178,-1.197
4599742,1746,1941,1881,0.2137,0.0624,1.1394,-12.603,-4.382,-1.181
4599752,1885,1887,1809,0.2164,0.0551,1.1457,-13.672,-4.572,-1.186
4599762,1754,1915,1803,0.2181,0.0496,1.1494,-14.583,-4.569,-1.144
4599772,1745,1892,1817,0.2194,0.0448,1.1494,-15.357,-4.435,-1.043
4599782,2025,1958,1821,0.2218,0.0392,1.1460,-15.862,-4.161,-0.933
4599792,1848,1915,1794,0.2235,0.0331,1.1444,-16.005,-3.835,-0.824
4599802,1873,1941,1808,0.2234,0.0270,1.1383,-15.725,-3.448,-0.731
4599812,1813,1873,1860,0.2244,0.0202,1.1341,-14.976,-3.027,-0.701
4599822,1855,1884,1812,0.2257,0.0151,1.1292,-13.672,-2.690,-0.761
4599832,1765,2066,1809,0.2220,0.0118,1.1254,-11.999,-2.104,-0.886
4599842,2077,1946,1810,0.2189,0.0130,1.1263,-9.962,-1.785,-0.976
4599852,1872,1886,1798,0.2167,0.0141,1.1200,-7.866,-1.173,-1.175
4599862,1970,1875,1807,0.2176,0.0143,1.1214,-5.862,-0.794,-1.390
4599872,1819,1938,1806,0.2180,0.0155,1.1191,-4.043,-0.438,-1.514
4599882,1907,1977,1822,0.2186,0.0166,1.1166,-2.522,-0.006,-1.556
4599892,1892,1948,1846,0.2180,0.0189,1.1130,-1.217,0.337,-1.570
4599902,1788,1908,1838,0.2160,0.0190,1.1044,-0.122,0.644,-1.659
4599912,2126,1922,1794,0.2133,0.0189,1.0997,1.060,0.731,-1.764
4599922,1806,1875,1910,0.2101,0.0219,1.1047,2.306,0.559,-1.820
4599932,2962,1931,1940,0.2083,0.0254,1.1129,3.368,0.388,-1.870
4599942,3638,2394,1810,0.2076,0.0291,1.1258,4.264,0.397,-1.963
4599952,1762,1876,1798,0.2084,0.0356,1.1349,5.141,0.576,-2.090
4599962,2878,1979,1799,0.2101,0.0315,1.1235,5.690,1.253,-2.374
4599972,2771,2021,1795,0.2096,0.0290,1.1266,6.394,1.538,-2.482
4599982,2183,1887,2093,0.2095,0.0288,1.1238,6.756,1.681,-2.331
4599992,3095,2205,2093,0.2144,0.0162,1.1109,6.612,2.049,-2.083
4600002,1768,1885,1974,0.2119,0.0196,1.1155,6.913,2.059,-1.489
4600012,1899,1915,1797,0.2104,0.0292,1.1251,7.644,1.911,-0.747
4600022,2200,1876,2019,0.2140,0.0301,1.1262,7.626,2.234,-0.312
4600032,2025,1875,1822,0.2169,0.0241,1.1350,6.787,2.357,-0.012
4600042,2399,2060,1845,0.2174,0.0218,1.1424,5.519,2.439,0.452
4600052,2683,1907,1850,0.2141,0.0266,1.1216,4.445,3.089,0.992
4600062,3053,1977,1906,0.2096,0.0373,1.1144,4.466,3.359,1.442
4600072,2068,1926,1819,0.2119,0.0413,1.1222,5.369,2.683,1.583
4600082,1757,1946,2077,0.2112,0.0417,1.1211,5.989,2.304,1.558
4600092,2312,1911,1838,0.2134,0.0435,1.1388,5.774,1.607,1.900
4600102,2835,2132,1908,0.2185,0.0423,1.1565,4.189,0.860,2.578
4600112,1811,2014,1833,0.2208,0.0430,1.1606,1.516,0.647,3.452
4600122,2106,1891,2270,0.2217,0.0467,1.1666,-1.855,0.520,4.297
4600132,1914,1924,1858,0.2189,0.0453,1.1522,-5.271,0.575,4.804
4600142,2271,1887,1798,0.2155,0.0367,1.1487,-7.677,0.613,4.846
4600152,1978,2070,1880,0.2109,0.0258,1.1335,-9.000,0.303,4.479
4600162,1892,1909,2185,0.2035,0.0185,1.1134,-8.482,0.196,3.870
4600172,2456,1910,2021,0.1986,0.0186,1.1178,-6.125,-0.373,3.380
4600182,2236,2122,1987,0.1981,0.0222,1.1235,-2.692,-0.734,3.054
4600192,1886,1886,2275,0.2012,0.0294,1.1323,0.909,-0.796,2.916
4600202,2061,1913,1899,0.2021,0.0351,1.1363,3.835,-0.614,2.847
4600212,2685,1876,1892,0.2022,0.0434,1.1410,5.782,-0.381,2.797
4600222,1736,1916,2077,0.2021,0.0467,1.1415,6.533,-0.254,2.677
4600232,1733,1923,1860,0.2001,0.0503,1.1362,6.519,-0.247,2.482
4600242,2259,1893,1794,0.1991,0.0489,1.1349,6.175,-0.397,2.255
4600252,2429,1881,1798,0.1989,0.0492,1.1290,5.725,-0.682,2.066
4600262,1858,1896,1833,0.1974,0.0516,1.1183,5.543,-0.857,1.998
4600272,2758,1926,1799,0.1964,0.0562,1.1180,5.751,-1.186,2.018
4600282,1760,1946,2079,0.1951,0.0640,1.1223,6.150,-1.406,2.036
4600292,1748,1876,1847,0.1974,0.0715,1.1288,6.388,-1.433,1.957
4600302,2827,1935,1866,0.2016,0.0733,1.1406,6.064,-1.385,1.764
4600312,1981,1900,1850,0.2031,0.0720,1.1436,5.012,-1.174,1.627
4600322,2074,1894,1895,0.2016,0.0702,1.1364,3.408,-0.848,1.654
4600332,2137,2081,1811,0.2024,0.0682,1.1322,1.718,-0.854,1.720
4600342,2063,1943,1809,0.2043,0.0633,1.1276,0.209,-0.991,1.652
4600352,1778,1958,1801,0.2035,0.0570,1.1196,-0.849,-1.064,1.473
4600362,2419,2031,1837,0.2027,0.0545,1.1142,-1.208,-1.133,1.249
4600372,2169,1894,1795,0.2027,0.0537,1.1147,-0.990,-1.198,0.967
4600382,2314,1873,1829,0.2018,0.0546,1.1165,-0.448,-1.193,0.593
4600392,2151,1872,1833,0.2010,0.0562,1.1176,0.386,-1.085,0.215
4600402,2061,1924,1827,0.2002,0.0619,1.1242,1.217,-0.975,-0.142
4600412,1926,1892,1813,0.2017,0.0664,1.1285,1.713,-0.935,-0.479
4600422,1726,1937,1829,0.2029,0.0671,1.1300,1.730,-0.905,-0.743
4600432,1968,1877,1804,0.2047,0.0675,1.1266,1.281,-0.975,-0.895
4600442,1856,1945,1862,0.2051,0.0669,1.1240,0.485,-1.139,-0.976
4600452,1760,1968,1801,0.2054,0.0662,1.1245,-0.483,-1.399,-1.048
4600462,1904,1890,1806,0.2058,0.0653,1.1260,-1.356,-1.618,-1.130
4600472,1800,1880,1818,0.2059,0.0640,1.1269,-2.066,-1.746,-1.206
4600482,1822,1871,1822,0.2066,0.0636,1.1257,-2.618,-1.784,-1.267
4600492,1807,1873,1830,0.2077,0.0625,1.1268,-3.020,-1.824,-1.301
4600502,1789,1920,1814,0.2072,0.0621,1.1343,-3.513,-1.881,-1.291
4600512,1842,1873,1805,0.2088,0.0616,1.1346,-3.987,-1.731,-1.291
4600522,1748,1916,1856,0.2106,0.0582,1.1330,-4.350,-1.528,-1.362
4600532,1729,1906,1805,0.2107,0.0558,1.1319,-4.421,-1.357,-1.490
4600542,2020,1995,1870,0.2097,0.0542,1.1295,-4.310,-1.151,-1.633
4600552,1854,1873,1844,0.2096,0.0521,1.1288,-4.070,-0.994,-1.795
4600562,1861,1930,1857,0.2098,0.0485,1.1293,-3.613,-0.795,-1.974
4600572,1731,1893,1808,0.2085,0.0471,1.1271,-2.969,-0.574,-2.112
4600582,1745,1934,1821,0.2081,0.0466,1.1256,-2.086,-0.347,-2.211
4600592,1761,1878,1798,0.2075,0.0472,1.1261,-1.107,-0.209,-2.329
4600602,1727,1901,1814,0.2072,0.0493,1.1267,-0.039,-0.078,-2.473
4600612,1834,1879,1808,0.2070,0.0519,1.1295,0.957,-0.031,-2.629
4600622,1761,1874,1808,0.2073,0.0543,1.1304,1.768,0.084,-2.796
4600632,1771,1876,1798,0.2067,0.0561,1.1304,2.322,0.188,-2.977
4600642,1776,1925,1802,0.2070,0.0576,1.1332,2.607,0.151,-3.101
4600652,1822,2005,1814,0.2055,0.0587,1.1324,2.390,0.280,-3.174
4600662,1816,1953,1810,0.2052,0.0598,1.1308,1.831,0.313,-3.173
4600672,1769,1872,1810,0.2053,0.0586,1.1264,1.058,0.300,-3.138
4600682,1729,1949,1817,0.2058,0.0551,1.1244,0.319,0.142,-3.068
4600692,1795,1907,1807,0.2060,0.0535,1.1224,-0.246,-0.115,-2.915
4600702,1764,1885,1934,0.2066,0.0556,1.1196,-0.576,-0.261,-2.763
4600712,1738,1936,2144,0.2071,0.0537,1.1207,-0.558,-0.526,-2.781
4600722,1768,1889,1832,0.2095,0.0434,1.1211,-0.253,-0.735,-2.972
4600732,1733,1883,1816,0.2113,0.0327,1.1264,0.269,-0.873,-3.043
4600742,1779,1962,1961,0.2127,0.0266,1.1376,0.698,-0.913,-2.810
4600752,1808,1980,1805,0.2134,0.0247,1.1434,0.932,-0.531,-2.417
4600762,1931,1960,1928,0.2110,0.0313,1.1414,1.603,0.267,-2.073
4600772,1990,1885,1936,0.2063,0.0368,1.1342,3.192,1.270,-2.109
4600782,1794,1910,1964,0.1978,0.0447,1.1208,5.737,2.301,-2.690
4600792,2124,1893,1817,0.1903,0.0527,1.1059,9.070,3.033,-3.764
4600802,1831,1932,2084,0.1871,0.0526,1.0977,13.013,3.409,-5.115
4600812,1737,1890,1933,0.1881,0.0528,1.1006,17.101,3.373,-6.248
4600822,2071,1905,1809,0.1952,0.0500,1.1071,20.163,3.247,-6.775
4600832,1815,1869,1838,0.1978,0.0616,1.1186,21.551,3.087,-6.471
4600842,1873,1935,1925,0.1980,0.0795,1.1323,21.287,3.038,-5.641
4600852,1744,1898,1833,0.1956,0.0942,1.1331,19.215,3.446,-4.935
4600862,1730,1902,1840,0.2018,0.1003,1.1396,16.355,3.595,-4.484
4600872,1893,1957,1808,0.2085,0.1048,1.1422,13.108,3.636,-4.132
4600882,1805,1877,1858,0.2072,0.1093,1.1382,10.038,4.159,-3.653
4600892,1742,1939,1821,0.2020,0.1125,1.1271,7.178,4.693,-3.189
4600902,1817,1879,1830,0.1973,0.1115,1.1229,4.879,5.051,-2.907
4600912,1739,2046,1810,0.1948,0.1107,1.1242,2.901,5.087,-2.732
4600922,1896,1913,1826,0.1913,0.1070,1.1205,0.798,5.320,-2.521
4600932,1734,1908,1878,0.1886,0.1019,1.1292,-1.651,5.208,-2.028
4600942,1900,1942,1811,0.1837,0.1022,1.1293,-4.450,5.039,-1.152
4600952,2125,1885,1919,0.1767,0.1100,1.1240,-7.374,5.045,-0.119
4600962,1852,2145,1838,0.1705,0.1125,1.1203,-10.217,4.739,0.601
4600972,1788,1880,1812,0.1649,0.1074,1.1129,-12.619,4.338,0.834
4600982,1892,1998,1900,0.1587,0.1000,1.1097,-14.398,3.805,0.702
4600992,1795,1927,1923,0.1531,0.0898,1.1058,-15.484,3.185,0.307
4601002,1738,1929,1940,0.1480,0.0796,1.1040,-15.912,2.574,-0.239
4601012,1739,1957,1907,0.1446,0.0748,1.1029,-15.687,2.000,-0.725
4601022,1867,1899,1809,0.1452,0.0742,1.1079,-14.903,1.300,-1.156
4601032,1783,1873,1812,0.1480,0.0725,1.1140,-13.879,0.595,-1.728
4601042,1850,1885,1801,0.1519,0.0697,1.1199,-12.750,0.079,-2.445
4601052,1760,1871,1814,0.1558,0.0646,1.1238,-11.674,-0.391,-3.229
4601062,1742,1888,1873,0.1591,0.0611,1.1249,-10.723,-0.746,-4.011
4601072,1735,1899,1844,0.1621,0.0574,1.1270,-9.974,-1.086,-4.807
4601082,1750,1884,1801,0.1670,0.0536,1.1306,-9.426,-1.408,-5.534
4601092,1734,1877,1801,0.1702,0.0503,1.1322,-9.071,-1.628,-6.082
4601102,1770,1942,1860,0.1727,0.0472,1.1354,-8.961,-1.790,-6.394
4601112,1781,1875,1800,0.1771,0.0437,1.1371,-9.196,-1.940,-6.495
4601122,1818,1952,1833,0.1827,0.0392,1.1399,-9.722,-2.075,-6.435
4601132,1749,1876,1804,0.1874,0.0362,1.1419,-10.385,-2.205,-6.225
4601142,1730,1882,1821,0.1911,0.0335,1.1423,-11.166,-2.244,-5.983
4601152,1788,1872,1801,0.1940,0.0309,1.1434,-11.914,-2.245,-5.765
4601162,1750,1882,1809,0.1955,0.0277,1.1403,-12.350,-2.077,-5.547
4601172,1748,1919,1857,0.1955,0.0253,1.1383,-12.455,-1.925,-5.375
4601182,1730,1980,1818,0.1971,0.0231,1.1410,-12.313,-1.825,-5.246
4601192,1780,1872,1802,0.1999,0.0204,1.1441,-12.092,-1.722,-5.133
4601202,1732,1892,1825,0.2027,0.0177,1.1471,-11.862,-1.634,-4.986
4601212,1751,1877,1801,0.2070,0.0157,1.1526,-11.690,-1.499,-4.790
4601222,1746,1921,1807,0.2098,0.0129,1.1565,-11.477,-1.158,-4.628
4601232,1745,1908,1804,0.2115,0.0081,1.1630,-11.255,-0.579,-4.475
4601242,1782,1897,1815,0.2109,0.0054,1.1672,-10.953,0.168,-4.184
4601252,1762,1910,1804,0.2066,0.0044,1.1644,-10.650,1.144,-3.807
4601262,1755,1934,1825,0.2028,0.0037,1.1606,-10.147,2.119,-3.456
4601272,1751,1899,1804,0.1986,0.0024,1.1546,-9.361,3.046,-3.165
4601282,1750,1967,1834,0.1926,0.0020,1.1474,-8.195,3.954,-2.947
4601292,1900,1875,1808,0.1860,0.0021,1.1410,-6.711,4.753,-2.822
4601302,1772,1971,1853,0.1780,0.0045,1.1349,-5.036,5.477,-2.822
4601312,1887,1872,1804,0.1727,0.0047,1.1328,-3.315,6.105,-2.972
4601322,1734,1895,1823,0.1681,0.0043,1.1334,-1.683,6.626,-3.164
4601332,1735,1889,1806,0.1630,0.0066,1.1333,-0.263,7.118,-3.223
4601342,1739,1925,1817,0.1593,0.0090,1.1319,0.720,7.657,-3.207
4601352,1837,1873,1804,0.1610,0.0083,1.1414,1.114,7.923,-3.166
4601362,1739,1871,1824,0.1566,0.0094,1.1388,0.660,8.330,-3.030
4601372,1758,1883,1807,0.1478,0.0153,1.1412,0.102,8.830,-2.656
4601382,1766,1920,1807,0.1448,0.0157,1.1445,-1.063,8.810,-2.253
4601392,1791,1944,1806,0.1411,0.0149,1.1295,-2.853,9.245,-1.922
4601402,1757,1919,1805,0.1410,0.0157,1.1288,-5.193,8.907,-1.603
4601412,1795,1872,1805,0.1389,0.0165,1.1203,-7.743,8.572,-1.305
4601422,1781,1951,1828,0.1375,0.0185,1.1215,-10.526,7.986,-1.127
4601432,1775,1896,1807,0.1369,0.0174,1.1207,-13.417,7.296,-1.103
4601442,1803,1897,1821,0.1373,0.0151,1.1208,-16.265,6.796,-1.169
4601452,1748,1879,1805,0.1348,0.0081,1.1249,-19.198,6.130,-1.212
4601462,1983,1903,1819,0.1320,0.0006,1.1244,-22.109,5.651,-1.079
4601472,1775,1876,1809,0.1317,-0.0092,1.1253,-24.907,5.036,-0.767
4601482,1738,1889,1809,0.1322,-0.0184,1.1261,-27.614,4.416,-0.328
4601492,1800,1872,1806,0.1350,-0.0280,1.1331,-30.191,3.788,0.214
4601502,1846,1922,1806,0.1379,-0.0365,1.1352,-32.485,3.419,0.853
4601512,1736,1877,1812,0.1442,-0.0447,1.1426,-34.359,3.244,1.559
4601522,1743,1908,1844,0.1501,-0.0523,1.1440,-35.855,3.343,2.285
4601532,1736,1875,1809,0.1546,-0.0572,1.1417,-36.809,3.825,2.984
4601542,1734,1933,1808,0.1593,-0.0628,1.1408,-37.340,4.404,3.595
4601552,1957,1889,1810,0.1611,-0.0672,1.1275,-37.395,5.291,4.048
4601562,1738,1883,1849,0.1596,-0.0680,1.1135,-36.887,6.263,4.318
4601572,1735,1872,1807,0.1551,-0.0697,1.1037,-35.759,7.012,4.374
4601582,1743,1911,1823,0.1474,-0.0708,1.1029,-34.217,7.410,4.187
4601592,1779,1892,1806,0.1405,-0.0712,1.1054,-32.596,7.493,3.768
4601602,1785,1901,1828,0.1356,-0.0702,1.1093,-31.207,7.525,3.160
4601612,1771,1904,1818,0.1333,-0.0724,1.1130,-30.076,7.416,2.496
4601622,1844,1872,1809,0.1318,-0.0769,1.1154,-29.152,7.237,1.938
4601632,1830,1880,1806,0.1301,-0.0807,1.1189,-28.374,6.955,1.600
4601642,1816,1903,1830,0.1264,-0.0827,1.1204,-27.660,6.580,1.443
4601652,1738,1883,1806,0.1237,-0.0844,1.1213,-26.950,6.208,1.322
4601662,1812,1907,1842,0.1216,-0.0870,1.1180,-26.225,5.844,1.081
4601672,1757,1883,1807,0.1203,-0.0912,1.1135,-25.350,5.510,0.688
4601682,1747,1895,1810,0.1199,-0.0941,1.1079,-24.357,5.110,0.223
4601692,3145,1902,1808,0.1164,-0.0963,1.0963,-23.205,4.745,-0.307
4601702,2432,1909,1809,0.1131,-0.0991,1.0858,-21.863,4.212,-0.978
4601712,1902,1873,1808,0.1104,-0.1044,1.0707,-20.431,3.423,-1.833
4601722,1814,1930,1845,0.1089,-0.1097,1.0579,-18.851,2.344,-2.706
4601732,1938,1880,1808,0.1012,-0.1141,1.0471,-17.150,0.926,-3.505
4601742,2049,1909,1811,0.1165,-0.1191,1.0458,-15.222,-0.625,-4.249
4601752,1852,1905,1809,0.1193,-0.1250,1.0488,-13.441,-2.262,-5.014
4601762,1745,1952,1825,0.1155,-0.1180,1.0646,-11.349,-3.797,-5.442
4601772,1877,1887,1818,0.1157,-0.1155,1.0765,-9.570,-5.032,-5.755
4601782,1839,1876,1808,0.1199,-0.1155,1.0992,-8.334,-6.270,-6.099
4601792,1986,1884,1814,0.1290,-0.1195,1.1185,-7.824,-7.203,-6.374
4601802,1738,1954,1808,0.1371,-0.1250,1.1347,-7.880,-7.418,-6.468
4601812,1756,1886,1814,0.1477,-0.1335,1.1453,-8.800,-7.232,-6.407
4601822,1782,2070,1808,0.1542,-0.1408,1.1490,-10.400,-6.654,-6.199
4601832,1735,1882,1808,0.1557,-0.1481,1.1476,-12.389,-5.855,-5.861
4601842,1787,1872,1807,0.1548,-0.1538,1.1404,-14.394,-4.860,-5.394
4601852,1860,1890,1840,0.1530,-0.1594,1.1365,-16.318,-4.029,-4.793
4601862,1785,1872,1808,0.1499,-0.1624,1.1302,-18.008,-3.343,-4.085
4601872,1859,1899,1811,0.1466,-0.1647,1.1213,-19.358,-2.687,-3.350
4601882,1775,1883,1832,0.1425,-0.1680,1.1134,-20.273,-2.259,-2.702
4601892,1871,1877,1809,0.1406,-0.1729,1.1064,-20.769,-2.106,-2.200
4601902,1823,1884,1828,0.1389,-0.1747,1.1028,-20.851,-2.260,-1.860
4601912,1746,1899,1809,0.1357,-0.1767,1.0973,-20.448,-2.545,-1.757
4601922,2018,1893,1811,0.1336,-0.1773,1.0954,-19.432,-2.907,-1.951
4601932,2206,1900,1808,0.1309,-0.1750,1.0876,-17.746,-3.238,-2.400
4601942,1880,1927,1812,0.1289,-0.1700,1.0798,-15.349,-3.476,-3.125
4601952,2355,1926,1811,0.1282,-0.1664,1.0768,-12.335,-3.717,-4.054
4601962,1823,1895,1821,0.1289,-0.1614,1.0758,-9.041,-3.885,-5.066
4601972,1979,1910,1825,0.1299,-0.1545,1.0804,-5.933,-3.982,-6.111
4601982,1977,1946,1809,0.1291,-0.1466,1.0907,-3.287,-3.851,-7.277
4601992,1736,1874,1811,0.1314,-0.1415,1.1060,-1.253,-3.432,-8.545
4602002,1797,1876,1812,0.1356,-0.1410,1.1192,-0.370,-2.864,-9.683
4602012,1870,1878,1808,0.1410,-0.1420,1.1327,-0.967,-2.379,-10.504
4602022,1859,1874,1811,0.1395,-0.1381,1.1452,-2.896,-2.025,-10.876
4602032,1939,1880,1810,0.1398,-0.1461,1.1482,-5.936,-1.887,-10.868
4602042,1783,1872,1818,0.1384,-0.1579,1.1511,-10.090,-2.126,-10.625
4602052,1736,1869,1811,0.1351,-0.1691,1.1494,-14.676,-2.844,-10.166
4602062,1736,1883,1867,0.1320,-0.1774,1.1435,-19.327,-3.742,-9.669
4602072,1791,1939,1820,0.1310,-0.1852,1.1385,-23.576,-4.939,-9.265
4602082,1733,1884,1816,0.1318,-0.1916,1.1352,-27.231,-6.333,-9.007
4602092,1771,1889,1808,0.1329,-0.1975,1.1280,-30.116,-7.705,-8.899
4602102,1775,1907,1818,0.1370,-0.2034,1.1235,-32.129,-9.039,-8.963
4602112,1746,1883,1809,0.1434,-0.2102,1.1224,-33.348,-10.365,-9.215
4602122,1771,1903,1829,0.1507,-0.2180,1.1204,-33.815,-11.528,-9.650
4602132,1760,1871,1815,0.1588,-0.2286,1.1200,-33.663,-12.504,-10.210
4602142,1770,1912,1813,0.1657,-0.2395,1.1217,-32.944,-13.313,-10.788
4602152,1820,1874,1829,0.1715,-0.2485,1.1171,-31.519,-13.763,-11.345
4602162,1738,1877,1817,0.1770,-0.2564,1.1174,-29.538,-14.028,-11.908
4602172,1758,1895,1823,0.1830,-0.2628,1.1139,-27.034,-14.131,-12.453
4602182,1876,1877,1809,0.1887,-0.2707,1.1105,-24.025,-14.002,-12.981
4602192,1768,1874,1811,0.1949,-0.2775,1.1105,-20.827,-13.821,-13.455
4602202,1764,1897,1812,0.2000,-0.2834,1.1069,-17.428,-13.436,-13.834
4602212,1938,1872,1823,0.2061,-0.2862,1.1076,-13.974,-12.967,-14.119
4602222,1744,1883,1816,0.2124,-0.2888,1.1101,-10.678,-12.543,-14.303
4602232,1811,1902,1812,0.2178,-0.2919,1.1110,-7.631,-12.034,-14.369
4602242,1929,1903,1817,0.2218,-0.2940,1.1155,-5.057,-11.533,-14.300
4602252,1853,1899,1822,0.2248,-0.2936,1.1178,-2.927,-11.014,-14.075
4602262,2104,1873,1811,0.2264,-0.2940,1.1173,-1.122,-10.472,-13.732
4602272,1743,1884,1813,0.2275,-0.2937,1.1175,0.344,-10.038,-13.326
4602282,1789,1926,1822,0.2276,-0.2925,1.1164,1.592,-9.642,-12.847
4602292,1764,1872,1811,0.2275,-0.2906,1.1138,2.708,-9.289,-12.343
4602302,1938,1931,1820,0.2280,-0.2881,1.1121,3.693,-8.970,-11.847
4602312,1862,1873,1812,0.2282,-0.2838,1.1133,4.616,-8.697,-11.359
4602322,1755,1884,1813,0.2282,-0.2808,1.1143,5.382,-8.316,-10.919
4602332,1740,1872,1812,0.2282,-0.2788,1.1153,6.082,-7.898,-10.502
4602342,1739,1915,1819,0.2278,-0.2781,1.1155,6.688,-7.462,-10.126
4602352,1845,1899,1815,0.2268,-0.2754,1.1154,7.267,-6.978,-9.822
4602362,1877,1889,1818,0.2254,-0.2723,1.1140,7.903,-6.497,-9.580
4602372,1808,1872,1826,0.2248,-0.2710,1.1129,8.620,-6.088,-9.416
4602382,2002,1945,1815,0.2237,-0.2692,1.1115,9.439,-5.702,-9.304
4602392,1797,1872,1811,0.2228,-0.2659,1.1130,10.336,-5.368,-9.223
4602402,1854,1913,1812,0.2220,-0.2636,1.1089,11.285,-4.900,-9.165
4602412,1859,1872,1811,0.2203,-0.2594,1.1074,12.223,-4.438,-9.120
4602422,1778,1871,1826,0.2167,-0.2537,1.1052,13.165,-4.092,-9.084
4602432,1911,1891,1814,0.2142,-0.2492,1.1029,14.091,-3.826,-9.088
4602442,1813,1881,1822,0.2122,-0.2447,1.1028,14.959,-3.750,-9.127
4602452,1998,1922,1824,0.2119,-0.2409,1.1015,15.707,-3.711,-9.199
4602462,1924,1914,1825,0.2122,-0.2385,1.0993,16.310,-3.656,-9.242
4602472,1743,1889,1818,0.2121,-0.2357,1.0984,16.771,-3.619,-9.226
4602482,1756,1939,1833,0.2122,-0.2309,1.0966,17.155,-3.597,-9.148
4602492,1790,1883,1822,0.2123,-0.2256,1.0947,17.461,-3.604,-9.090
4602502,1808,1907,1813,0.2131,-0.2238,1.0919,17.739,-3.562,-9.112
4602512,1830,1874,1815,0.2128,-0.2191,1.0886,18.038,-3.576,-9.150
4602522,1800,1878,1819,0.2126,-0.2133,1.0877,18.394,-3.714,-9.169
4602532,1745,1873,1824,0.2128,-0.2099,1.0840,18.794,-3.815,-9.202
4602542,1782,1873,1869,0.2127,-0.2043,1.0806,19.165,-3.980,-9.211
4602552,1822,1897,1813,0.2147,-0.1994,1.0870,19.439,-4.363,-9.230
4602562,1803,1872,1838,0.2207,-0.1896,1.1085,19.290,-4.902,-9.262
4602572,1785,1888,1844,0.2288,-0.1779,1.1328,18.388,-5.198,-9.362
4602582,1826,1873,1839,0.2394,-0.1774,1.1572,16.336,-4.923,-9.459
4602592,1737,1871,1818,0.2461,-0.1852,1.1694,13.039,-4.144,-9.157
4602602,1747,1875,1819,0.2481,-0.1932,1.1724,9.055,-3.005,-8.166
4602612,2111,1903,1815,0.2471,-0.2012,1.1714,4.749,-1.944,-6.643
4602622,1774,1885,1819,0.2451,-0.2059,1.1649,0.795,-1.083,-4.948
4602632,1752,1880,1814,0.2418,-0.2072,1.1544,-2.291,-0.403,-3.413
4602642,1739,1881,1813,0.2402,-0.2120,1.1427,-4.186,0.133,-2.271
4602652,1786,1871,1812,0.2402,-0.2144,1.1339,-4.765,0.498,-1.507
4602662,1758,1896,1844,0.2398,-0.2156,1.1236,-4.089,0.765,-0.990
4602672,1740,1903,1841,0.2382,-0.2138,1.1168,-2.279,0.938,-0.637
4602682,1742,1891,1837,0.2369,-0.2108,1.1098,0.408,1.065,-0.424
4602692,1816,1883,1814,0.2361,-0.2066,1.1068,3.736,1.146,-0.385
4602702,1821,1893,1845,0.2344,-0.2020,1.1036,7.278,1.265,-0.548
4602712,1740,1872,1814,0.2352,-0.1962,1.1014,10.972,1.370,-0.873
4602722,1750,1875,1830,0.2358,-0.1904,1.1049,14.487,1.325,-1.297
4602732,1747,1873,1824,0.2367,-0.1827,1.1089,17.746,1.348,-1.720
4602742,1781,1886,1837,0.2372,-0.1749,1.1142,20.465,1.399,-2.072
4602752,1767,1872,1815,0.2366,-0.1661,1.1230,22.510,1.483,-2.333
4602762,1781,1918,1873,0.2349,-0.1586,1.1247,23.798,1.752,-2.495
4602772,1753,1884,1871,0.2333,-0.1524,1.1248,24.346,2.071,-2.541
4602782,1813,1901,1826,0.2303,-0.1476,1.1228,24.231,2.289,-2.459
4602792,1755,1872,1816,0.2288,-0.1434,1.1209,23.645,2.384,-2.253
4602802,1815,1893,1847,0.2267,-0.1390,1.1215,22.537,2.253,-1.994
4602812,1739,1872,1817,0.2237,-0.1298,1.1199,20.754,2.010,-1.774
4602822,1781,1883,1826,0.2228,-0.1234,1.1170,18.990,1.700,-1.708
4602832,1742,1876,1821,0.2218,-0.1198,1.1150,17.307,1.355,-1.746
4602842,1789,1941,1857,0.2217,-0.1164,1.1158,15.613,0.939,-1.803
4602852,1745,1873,1818,0.2207,-0.1122,1.1161,14.027,0.610,-1.821
4602862,1741,1872,1817,0.2193,-0.1099,1.1162,12.523,0.345,-1.831
4602872,1773,1873,1817,0.2190,-0.1081,1.1141,11.201,0.116,-1.876
4602882,1743,1874,1818,0.2186,-0.1086,1.1151,10.038,-0.133,-1.960
4602892,1744,1876,1819,0.2194,-0.1097,1.1150,9.015,-0.446,-2.055
4602902,1772,1877,1817,0.2203,-0.1099,1.1170,8.179,-0.735,-2.184
4602912,1743,1882,1819,0.2213,-0.1091,1.1220,7.506,-0.974,-2.352
4602922,1758,1893,1827,0.2223,-0.1091,1.1226,7.006,-0.979,-2.508
4602932,1741,1900,1816,0.2215,-0.1081,1.1240,6.662,-0.921,-2.599
4602942,1767,1886,1820,0.2210,-0.1070,1.1244,6.338,-0.860,-2.601
4602952,1803,1893,1881,0.2203,-0.1065,1.1228,6.111,-0.706,-2.531
4602962,1770,1883,1844,0.2197,-0.1060,1.1209,5.908,-0.542,-2.436
4602972,1743,1874,1840,0.2207,-0.1058,1.1210,5.703,-0.465,-2.342
4602982,1748,1887,1823,0.2215,-0.1060,1.1214,5.517,-0.471,-2.242
4602992,1770,1908,1821,0.2224,-0.1054,1.1227,5.225,-0.533,-2.145
4603002,1899,1873,1825,0.2231,-0.1032,1.1228,4.886,-0.603,-2.045
4603012,1741,1876,1819,0.2230,-0.1020,1.1243,4.515,-0.662,-1.972
4603022,1760,1873,1821,0.2228,-0.1016,1.1258,4.171,-0.731,-1.908
4603032,1744,1872,1837,0.2224,-0.1012,1.1259,3.859,-0.780,-1.822
4603042,1764,1909,1896,0.2211,-0.0996,1.1241,3.581,-0.805,-1.714
4603052,1748,1872,1821,0.2212,-0.0981,1.1227,3.320,-0.856,-1.637
4603062,1763,1879,1831,0.2218,-0.0983,1.1211,3.097,-0.950,-1.613
4603072,1743,1874,1824,0.2230,-0.0992,1.1226,2.856,-1.083,-1.613
4603082,1755,1872,1834,0.2231,-0.0994,1.1221,2.603,-1.252,-1.562
4603092,1743,1872,1871,0.2225,-0.0992,1.1226,2.333,-1.430,-1.479
4603102,1760,1880,1836,0.2217,-0.0975,1.1255,2.071,-1.649,-1.413
4603112,1744,1874,1828,0.2217,-0.0963,1.1288,1.810,-1.859,-1.390
4603122,1780,1879,1825,0.2210,-0.0953,1.1294,1.530,-1.939,-1.379
4603132,1758,1872,1824,0.2212,-0.0950,1.1292,1.261,-1.954,-1.366
4603142,1744,1874,1849,0.2198,-0.0950,1.1278,1.004,-1.941,-1.330
4603152,1743,1874,1821,0.2200,-0.0972,1.1251,0.838,-1.853,-1.285
4603162,1769,1876,1831,0.2202,-0.0993,1.1239,0.761,-1.801,-1.237
4603172,1743,1873,1822,0.2210,-0.1001,1.1231,0.831,-1.783,-1.194
4603182,1979,1898,1827,0.2216,-0.1008,1.1221,1.058,-1.751,-1.177
4603192,1744,1879,1820,0.2233,-0.1015,1.1226,1.394,-1.736,-1.196
4603202,1780,1905,1832,0.2238,-0.1019,1.1249,1.753,-1.811,-1.233
4603212,1744,1874,1822,0.2245,-0.1013,1.1265,2.070,-1.842,-1.251
4603222,1757,1889,1908,0.2252,-0.1007,1.1264,2.385,-1.764,-1.237
4603232,1745,1874,1849,0.2253,-0.0984,1.1243,2.643,-1.595,-1.207
4603242,1831,1886,1988,0.2247,-0.0971,1.1224,2.902,-1.398,-1.155
