8421592,1829,1805,1954,0.1186,0.1495,1.1301,-0.038,-0.928,0.062
8421602,1831,1796,1873,0.1184,0.1486,1.1304,-0.002,-0.887,0.051
8421612,1843,1759,1864,0.1185,0.1485,1.1308,0.065,-0.836,0.032
8421622,1849,1842,1811,0.1187,0.1479,1.1314,0.154,-0.807,0.013
8421632,1831,1800,1894,0.1185,0.1486,1.1322,0.263,-0.795,0.009
8421642,1830,1804,1878,0.1192,0.1490,1.1324,0.350,-0.811,0.007
8421652,1850,1817,1873,0.1185,0.1493,1.1314,0.389,-0.780,-0.003
8421662,1872,1773,1909,0.1193,0.1502,1.1337,0.364,-0.823,-0.033
8421672,1837,1792,1914,0.1183,0.1506,1.1333,0.387,-0.823,-0.068
8421682,1835,1811,1943,0.1181,0.1521,1.1329,0.460,-0.823,-0.085
8421692,1843,1836,1850,0.1178,0.1530,1.1324,0.517,-0.844,-0.077
8421702,1836,1811,1818,0.1173,0.1530,1.1319,0.488,-0.904,-0.071
8421712,1831,1795,1888,0.1170,0.1513,1.1324,0.365,-0.880,-0.076
8421722,1842,1859,2098,0.1175,0.1506,1.1333,0.186,-0.899,-0.064
8421732,1893,1769,1865,0.1176,0.1503,1.1329,0.014,-0.897,-0.045
8421742,1836,1805,1947,0.1175,0.1500,1.1321,-0.060,-0.878,-0.050
8421752,1830,1806,1975,0.1182,0.1500,1.1327,-0.032,-0.957,-0.063
8421762,1858,1844,1812,0.1194,0.1506,1.1325,0.114,-0.943,-0.061
8421772,1831,1835,1899,0.1192,0.1515,1.1333,0.236,-0.954,-0.058
8421782,1843,1838,1835,0.1195,0.1528,1.1346,0.335,-0.940,-0.034
8421792,1830,1822,1879,0.1187,0.1533,1.1348,0.334,-0.950,-0.018
8421802,1847,1815,2056,0.1177,0.1529,1.1347,0.325,-0.897,-0.010
8421812,1895,1757,1963,0.1178,0.1518,1.1354,0.235,-0.911,0.007
8421822,1873,1859,1827,0.1169,0.1520,1.1335,0.166,-0.910,0.017
8421832,1842,1787,1912,0.1173,0.1514,1.1325,0.081,-0.897,0.015
8421842,1845,1877,1819,0.1176,0.1519,1.1329,0.061,-0.885,0.024
8421852,1832,1854,1808,0.1176,0.1515,1.1326,0.062,-0.862,0.030
8421862,1837,1834,1935,0.1180,0.1504,1.1310,0.069,-0.849,0.022
8421872,1834,1811,2086,0.1181,0.1507,1.1302,0.099,-0.823,0.022
8421882,1831,1844,1894,0.1182,0.1506,1.1310,0.164,-0.797,0.036
8421892,1829,1847,1891,0.1178,0.1511,1.1314,0.268,-0.794,0.067
8421902,1845,1843,1823,0.1171,0.1510,1.1306,0.331,-0.790,0.103
8421912,1838,1842,1893,0.1173,0.1512,1.1305,0.388,-0.844,0.125
8421922,1853,1838,1947,0.1166,0.1518,1.1303,0.407,-0.930,0.149
8421932,1827,1819,2103,0.1168,0.1530,1.1319,0.411,-1.043,0.174
8421942,1854,1835,1837,0.1170,0.1541,1.1310,0.372,-1.116,0.186
8421952,1839,1915,1896,0.1172,0.1543,1.1327,0.253,-1.172,0.195
8421962,1845,1865,1958,0.1166,0.1544,1.1324,0.081,-1.219,0.197
8421972,1839,1801,1960,0.1158,0.1540,1.1320,-0.121,-1.256,0.201
8421982,1832,1860,1813,0.1161,0.1531,1.1325,-0.294,-1.314,0.205
8421992,1838,1796,1816,0.1161,0.1524,1.1327,-0.428,-1.372,0.210
8422002,1839,1870,1810,0.1165,0.1515,1.1326,-0.467,-1.407,0.223
8422012,1843,1798,1840,0.1177,0.1515,1.1334,-0.400,-1.459,0.261
8422022,1852,1874,1914,0.1176,0.1516,1.1324,-0.266,-1.463,0.308
8422032,1833,1788,1904,0.1188,0.1519,1.1327,-0.165,-1.480,0.342
8422042,1834,1846,1851,0.1202,0.1511,1.1316,-0.126,-1.480,0.379
8422052,1886,1891,1894,0.1200,0.1512,1.1313,-0.105,-1.461,0.448
8422062,1871,1886,1866,0.1197,0.1522,1.1313,-0.077,-1.402,0.511
8422072,1831,1874,1914,0.1199,0.1526,1.1303,-0.076,-1.362,0.521
8422082,1853,1864,1894,0.1197,0.1523,1.1302,-0.107,-1.354,0.494
8422092,1849,1841,1935,0.1202,0.1530,1.1311,-0.117,-1.376,0.475
8422102,1831,1891,1897,0.1191,0.1534,1.1316,-0.116,-1.332,0.459
8422112,1836,1827,1852,0.1187,0.1533,1.1334,-0.142,-1.297,0.413
8422122,1862,1885,1843,0.1186,0.1530,1.1318,-0.217,-1.277,0.367
8422132,1832,1827,1812,0.1186,0.1529,1.1328,-0.261,-1.270,0.330
8422142,1833,1816,1853,0.1184,0.1528,1.1328,-0.284,-1.272,0.290
8422152,1874,1818,2110,0.1183,0.1518,1.1327,-0.266,-1.213,0.257
8422162,1831,1801,1822,0.1181,0.1514,1.1319,-0.247,-1.200,0.239
8422172,1833,1819,1891,0.1183,0.1518,1.1315,-0.232,-1.209,0.216
8422182,2039,1955,1809,0.1174,0.1512,1.1314,-0.215,-1.198,0.182
8422192,1835,1871,2099,0.1173,0.1528,1.1320,-0.185,-1.180,0.164
8422202,1831,1807,1813,0.1171,0.1533,1.1328,-0.156,-1.238,0.181
8422212,1841,1821,1918,0.1180,0.1537,1.1322,-0.167,-1.314,0.211
8422222,1840,1841,1880,0.1186,0.1546,1.1318,-0.214,-1.337,0.256
8422232,1837,1813,1863,0.1186,0.1553,1.1316,-0.288,-1.398,0.333
8422242,1848,1846,1824,0.1184,0.1554,1.1324,-0.423,-1.457,0.439
8422252,1980,1816,1868,0.1187,0.1553,1.1324,-0.612,-1.522,0.566
8422262,1863,1877,1926,0.1193,0.1541,1.1317,-0.823,-1.552,0.688
8422272,1838,1836,1973,0.1200,0.1519,1.1317,-0.971,-1.566,0.796
8422282,1859,1898,1851,0.1207,0.1508,1.1321,-0.999,-1.588,0.897
8422292,1836,1822,1898,0.1212,0.1507,1.1318,-0.864,-1.589,1.016
8422302,1844,1859,1846,0.1219,0.1521,1.1320,-0.596,-1.637,1.170
8422312,1837,1821,1891,0.1214,0.1541,1.1305,-0.318,-1.699,1.335
8422322,1847,1870,1876,0.1220,0.1552,1.1312,-0.225,-1.751,1.474
8422332,1834,1807,1936,0.1212,0.1551,1.1338,-0.387,-1.730,1.584
8422342,1863,1872,1862,0.1217,0.1536,1.1350,-0.753,-1.690,1.673
8422352,1833,1843,1895,0.1213,0.1506,1.1336,-1.162,-1.546,1.722
8422362,1857,1874,1839,0.1218,0.1479,1.1350,-1.493,-1.422,1.727
8422372,1838,1834,1898,0.1210,0.1447,1.1323,-1.635,-1.235,1.724
8422382,1854,1874,1821,0.1216,0.1443,1.1326,-1.469,-1.076,1.764
8422392,1830,1838,1901,0.1221,0.1457,1.1320,-1.038,-1.029,1.892
8422402,1852,1851,1866,0.1219,0.1470,1.1311,-0.492,-0.948,2.095
8422412,1834,1846,1900,0.1222,0.1503,1.1324,-0.051,-0.921,2.359
8422422,1856,1840,1855,0.1226,0.1519,1.1352,0.169,-0.836,2.655
8422432,1832,1828,1887,0.1230,0.1513,1.1361,0.066,-0.668,2.948
8422442,1849,1874,1851,0.1235,0.1489,1.1352,-0.272,-0.409,3.281
8422452,1835,1836,1891,0.1237,0.1521,1.1347,-0.583,-0.120,3.687
8422462,1847,1865,1852,0.1228,0.1559,1.1346,-0.820,0.107,3.963
8422472,1832,1840,1890,0.1233,0.1529,1.1352,-0.891,0.439,3.997
8422482,1840,1864,1862,0.1245,0.1489,1.1354,-0.952,0.748,4.013
8422492,1991,1860,1896,0.1240,0.1490,1.1340,-1.158,1.120,4.183
8422502,1856,1873,1854,0.1233,0.1496,1.1326,-1.490,1.496,4.432
8422512,1835,1823,1893,0.1215,0.1486,1.1327,-1.823,1.903,4.591
8422522,1855,1871,1851,0.1197,0.1453,1.1338,-2.073,2.233,4.639
8422532,1833,1848,1893,0.1180,0.1414,1.1326,-2.155,2.519,4.660
8422542,1874,1881,1850,0.1166,0.1388,1.1326,-2.004,2.701,4.712
8422552,1833,1840,1909,0.1166,0.1388,1.1307,-1.680,2.757,4.814
8422562,1846,1873,1850,0.1150,0.1408,1.1333,-1.044,2.756,4.992
8422572,1839,1846,1900,0.1136,0.1441,1.1337,-0.558,2.669,5.140
8422582,1859,1881,1842,0.1126,0.1496,1.1333,-0.020,2.769,5.277
8422592,1831,1843,1901,0.1123,0.1535,1.1377,0.167,2.637,5.324
8422602,1863,1875,1848,0.1119,0.1545,1.1374,0.066,2.704,5.294
8422612,1831,1842,1888,0.1125,0.1525,1.1406,-0.335,2.687,5.206
8422622,1855,1871,1856,0.1130,0.1542,1.1398,-0.848,2.734,5.141
8422632,1850,1877,1901,0.1118,0.1548,1.1422,-1.405,2.847,5.012
8422642,1863,1855,1876,0.1103,0.1527,1.1393,-2.068,2.988,4.767
8422652,1835,1843,1897,0.1091,0.1500,1.1385,-2.692,3.189,4.458
8422662,1837,1890,1845,0.1083,0.1471,1.1376,-3.252,3.259,4.189
8422672,1840,1862,1883,0.1088,0.1434,1.1378,-3.634,3.354,3.959
8422682,1859,1882,1850,0.1104,0.1389,1.1411,-3.836,3.331,3.769
8422692,1831,1855,1894,0.1094,0.1348,1.1419,-3.920,3.393,3.639
8422702,1861,1873,1857,0.1034,0.1332,1.1348,-3.895,3.602,3.598
8422712,1834,1850,1884,0.1005,0.1334,1.1387,-3.477,3.291,3.660
8422722,1840,1894,1842,0.0987,0.1344,1.1286,-3.179,3.263,3.759
8422732,1839,1845,1887,0.0993,0.1363,1.1315,-2.929,2.836,3.923
8422742,1867,1868,1892,0.0988,0.1400,1.1347,-2.579,2.212,4.146
8422752,1854,1837,1905,0.1000,0.1425,1.1386,-2.369,1.658,4.367
8422762,1866,1891,1853,0.1005,0.1450,1.1410,-2.140,1.130,4.622
8422772,1862,1867,1885,0.1005,0.1469,1.1440,-2.241,0.666,4.898
8422782,1866,1887,1859,0.1010,0.1517,1.1448,-2.810,0.285,5.211
8422792,1854,1863,1897,0.0968,0.1489,1.1539,-3.654,-0.134,5.477
8422802,1839,1905,1860,0.0954,0.1468,1.1496,-4.807,-0.305,5.707
8422812,1834,1882,1886,0.0979,0.1496,1.1496,-6.204,-0.482,5.906
8422822,1882,1910,1857,0.0962,0.1501,1.1566,-7.402,-0.860,5.963
8422832,1860,1836,1902,0.0980,0.1500,1.1533,-9.127,-1.054,5.717
8422842,1838,1872,1857,0.0990,0.1443,1.1523,-10.600,-1.088,5.288
8422852,1842,1855,1900,0.0971,0.1337,1.1537,-12.306,-1.197,4.803
8422862,1859,1932,1843,0.0952,0.1333,1.1535,-13.699,-1.038,4.529
8422872,1852,1840,1889,0.0945,0.1238,1.1578,-15.302,-1.308,4.243
8422882,1862,1892,1859,0.0978,0.1183,1.1475,-16.261,-0.986,4.034
8422892,1841,1837,1900,0.1014,0.1114,1.1513,-17.392,-0.949,3.754
8422902,1857,1890,1847,0.1033,0.1066,1.1428,-18.127,-0.609,3.443
8422912,1839,1834,1903,0.1047,0.1015,1.1414,-18.881,-0.256,3.127
8422922,1856,1884,1852,0.1031,0.0934,1.1326,-19.301,0.203,2.863
8422932,1928,1844,1909,0.1029,0.0861,1.1303,-19.386,0.542,2.691
8422942,1869,1890,1846,0.1040,0.0834,1.1247,-19.148,0.777,2.640
8422952,1858,1851,1896,0.1059,0.0759,1.1232,-17.887,0.836,2.373
8422962,1915,1882,1860,0.1055,0.0686,1.1236,-16.098,1.031,2.173
8422972,1851,1857,1896,0.1050,0.0666,1.1265,-14.122,1.076,2.102
8422982,1871,1880,1872,0.1063,0.0666,1.1237,-12.090,1.163,2.101
8422992,1837,1848,1889,0.1062,0.0666,1.1278,-9.922,1.142,2.115
8423002,1868,1897,1850,0.1063,0.0672,1.1290,-8.088,1.126,2.087
8423012,1835,1848,1894,0.1069,0.0692,1.1322,-6.301,1.190,2.064
8423022,1869,1883,1856,0.1069,0.0705,1.1332,-4.842,1.160,1.999
8423032,1863,1842,1897,0.1066,0.0718,1.1336,-3.723,1.217,1.903
8423042,1840,1888,1855,0.1064,0.0750,1.1353,-2.854,1.166,1.819
8423052,1884,1833,1904,0.1058,0.0766,1.1399,-2.259,1.101,1.710
8423062,1879,1887,1856,0.1050,0.0786,1.1442,-1.872,1.018,1.597
8423072,1850,1852,1885,0.1047,0.0794,1.1472,-1.715,0.944,1.455
8423082,1859,1883,1859,0.1034,0.0796,1.1476,-1.814,0.925,1.289
8423092,1948,1844,1883,0.1022,0.0795,1.1469,-2.139,0.928,1.144
8423102,1919,1901,1851,0.1013,0.0804,1.1449,-2.593,0.966,1.056
8423112,1843,1848,1897,0.1003,0.0808,1.1433,-3.044,0.967,0.991
8423122,1969,1898,1853,0.0981,0.0800,1.1423,-3.459,0.962,0.880
8423132,1836,1829,1897,0.0971,0.0762,1.1400,-3.766,0.965,0.716
8423142,1923,1860,1844,0.0962,0.0731,1.1406,-3.916,0.860,0.585
8423152,1837,1845,1902,0.0964,0.0704,1.1413,-3.888,0.647,0.525
8423162,1865,1870,1869,0.0979,0.0675,1.1418,-3.715,0.434,0.522
8423172,1881,1855,1890,0.0982,0.0669,1.1434,-3.494,0.238,0.581
8423182,2002,1925,1853,0.0987,0.0676,1.1441,-3.299,0.113,0.720
8423192,1834,1859,1904,0.0987,0.0680,1.1443,-3.239,0.013,0.889
8423202,1870,1846,1859,0.0983,0.0688,1.1445,-3.294,-0.088,1.044
8423212,1991,1880,1872,0.0981,0.0701,1.1451,-3.492,-0.228,1.179
8423222,2090,1934,1836,0.0980,0.0695,1.1454,-3.765,-0.363,1.302
8423232,2035,1836,1897,0.0981,0.0664,1.1474,-4.068,-0.594,1.385
8423242,1864,1909,1854,0.1000,0.0636,1.1468,-4.406,-0.820,1.496
8423252,1856,1857,1922,0.1008,0.0620,1.1483,-4.723,-1.049,1.655
8423262,2010,1905,1849,0.1018,0.0610,1.1506,-4.953,-1.289,1.849
8423272,1877,1928,1872,0.1015,0.0600,1.1526,-5.056,-1.422,2.058
8423282,2398,2001,1819,0.1019,0.0582,1.1556,-5.050,-1.526,2.234
8423292,2327,1795,1903,0.1029,0.0540,1.1595,-4.877,-1.578,2.439
8423302,1932,1822,1876,0.1038,0.0539,1.1668,-4.548,-1.602,2.821
8423312,1866,1846,1899,0.1049,0.0590,1.1721,-4.119,-1.542,3.414
8423322,1870,1832,1858,0.1066,0.0599,1.1788,-3.828,-1.324,3.904
8423332,2062,1835,1894,0.1085,0.0607,1.1832,-3.612,-0.996,4.256
8423342,2260,1909,1849,0.1094,0.0628,1.1896,-3.465,-0.503,4.535
8423352,1956,1843,1940,0.1091,0.0630,1.1942,-3.394,0.038,4.773
8423362,2030,1867,1869,0.1083,0.0628,1.1967,-3.402,0.757,5.018
8423372,1849,1847,1907,0.1051,0.0638,1.1952,-3.467,1.487,5.299
8423382,1839,1860,1874,0.1039,0.0640,1.1944,-3.558,2.204,5.498
8423392,1991,1815,1903,0.1038,0.0620,1.1917,-3.628,2.858,5.571
8423402,1842,1876,1872,0.1036,0.0570,1.1894,-3.535,3.515,5.588
8423412,1895,1837,1901,0.1016,0.0529,1.1958,-3.224,4.006,5.698
8423422,1966,1840,1867,0.1018,0.0501,1.1964,-2.675,4.543,5.936
8423432,2032,1831,1920,0.1059,0.0462,1.2022,-1.954,5.134,6.264
8423442,2116,1915,1836,0.1205,0.0353,1.2118,-1.120,5.654,6.717
8423452,1902,1874,1904,0.1396,0.0373,1.2378,-0.283,6.063,7.647
8423462,2207,1915,1868,0.1397,0.0457,1.2502,0.307,6.989,9.302
8423472,2007,1871,1896,0.1332,0.0560,1.2601,0.218,8.940,11.084
8423482,1845,1904,1866,0.1277,0.0553,1.2684,-1.468,10.453,12.400
8423492,1857,1872,1904,0.1257,0.0505,1.2683,-3.952,12.453,13.188
8423502,1854,1950,1885,0.1234,0.0478,1.2710,-7.144,14.134,13.755
8423512,2169,1821,1900,0.1186,0.0489,1.2660,-10.042,16.115,14.384
8423522,1856,1919,1877,0.1157,0.0473,1.2686,-12.363,17.716,15.041
8423532,1878,1858,1919,0.1133,0.0382,1.2668,-14.056,19.455,15.716
8423542,1862,1890,1891,0.1106,0.0287,1.2694,-15.421,21.070,16.502
8423552,1891,1925,1897,0.1060,0.0198,1.2671,-16.586,22.762,17.490
8423562,1831,1881,1908,0.1019,0.0134,1.2659,-17.506,24.427,18.641
8423572,2040,1792,1954,0.0975,0.0105,1.2615,-18.106,26.038,19.858
8423582,1861,1880,1928,0.0915,0.0072,1.2575,-18.356,27.599,21.008
8423592,2043,1914,1937,0.0858,0.0043,1.2531,-18.406,29.052,21.999
8423602,1835,1886,1955,0.0792,-0.0006,1.2463,-18.323,30.441,22.824
8423612,1849,1812,2014,0.0725,-0.0049,1.2388,-18.068,31.661,23.540
8423622,1851,1898,1985,0.0655,-0.0101,1.2324,-17.600,32.755,24.223
8423632,1847,1895,2004,0.0596,-0.0170,1.2228,-16.896,33.709,24.925
8423642,2059,1964,1950,0.0539,-0.0221,1.2172,-15.937,34.534,25.689
8423652,1908,1859,1967,0.0476,-0.0244,1.2115,-14.944,35.260,26.559
8423662,1882,1889,1939,0.0412,-0.0273,1.2042,-14.020,36.029,27.472
8423672,2018,1846,1983,0.0353,-0.0299,1.2009,-13.183,36.691,28.428
8423682,1836,1904,1919,0.0296,-0.0316,1.1956,-12.399,37.283,29.440
8423692,1876,1857,1960,0.0245,-0.0333,1.1895,-11.769,37.862,30.459
8423702,1847,1906,1883,0.0190,-0.0353,1.1844,-11.335,38.411,31.494
8423712,2348,1814,1926,0.0133,-0.0379,1.1776,-11.201,39.011,32.537
8423722,1841,1915,1886,0.0072,-0.0410,1.1711,-11.296,39.500,33.588
8423732,1832,1893,1897,-0.0001,-0.0459,1.1624,-11.566,40.026,34.628
8423742,1845,1894,1846,-0.0069,-0.0507,1.1555,-11.927,40.391,35.733
8423752,1989,1841,1898,-0.0143,-0.0557,1.1486,-12.319,40.622,36.948
8423762,2092,1919,1865,-0.0234,-0.0584,1.1439,-12.671,40.728,38.330
8423772,2018,1905,1888,-0.0326,-0.0588,1.1391,-12.953,40.659,39.861
8423782,1905,1965,1830,-0.0429,-0.0580,1.1371,-13.117,40.478,41.433
8423792,1899,1919,1876,-0.0528,-0.0572,1.1359,-13.261,40.193,42.898
8423802,2085,1921,1850,-0.0616,-0.0576,1.1323,-13.336,40.019,44.153
8423812,1840,1887,1886,-0.0692,-0.0589,1.1303,-13.242,39.842,45.253
8423822,1854,1893,1839,-0.0759,-0.0592,1.1277,-12.855,39.683,46.246
8423832,1876,1924,1878,-0.0845,-0.0577,1.1301,-12.199,39.474,47.179
8423842,1968,1892,1841,-0.0930,-0.0587,1.1294,-11.466,39.347,48.030
8423852,1830,1884,1867,-0.1002,-0.0590,1.1298,-10.816,39.295,48.798
8423862,2180,1906,1828,-0.1083,-0.0588,1.1294,-10.333,39.265,49.529
8423872,1830,1884,1862,-0.1172,-0.0571,1.1273,-9.937,39.318,50.255
8423882,1851,1916,1831,-0.1274,-0.0579,1.1220,-9.645,39.414,50.880
8423892,1888,1934,1848,-0.1350,-0.0611,1.1198,-9.155,39.399,51.457
8423902,1907,1821,1842,-0.1435,-0.0623,1.1167,-8.442,39.217,52.083
8423912,1893,1844,1867,-0.1539,-0.0627,1.1109,-7.536,39.090,52.763
8423922,1944,1931,1825,-0.1628,-0.0617,1.1095,-6.587,38.793,53.464
8423932,2061,1855,1854,-0.1715,-0.0582,1.1048,-5.545,38.479,54.169
8423942,1881,1936,1831,-0.1800,-0.0526,1.1033,-4.492,38.066,54.876
8423952,1906,1902,1867,-0.1886,-0.0469,1.1012,-3.495,37.708,55.495
8423962,1991,1833,1832,-0.1971,-0.0393,1.1013,-2.638,37.350,55.968
8423972,1837,1877,1861,-0.2075,-0.0322,1.0986,-1.805,37.087,56.280
8423982,1830,1855,1820,-0.2159,-0.0257,1.0977,-1.088,36.824,56.396
8423992,1947,1889,1873,-0.2250,-0.0188,1.0951,-0.456,36.452,56.369
8424002,1846,1952,1817,-0.2328,-0.0138,1.0939,0.062,36.060,56.249
8424012,2248,1808,1880,-0.2395,-0.0091,1.0942,0.417,35.541,56.137
8424022,1978,1851,1826,-0.2458,-0.0031,1.0934,0.591,35.119,56.120
8424032,1885,1836,1872,-0.2524,0.0054,1.0960,0.478,34.630,56.182
8424042,1921,1930,1821,-0.2607,0.0158,1.1002,0.086,34.196,56.190
8424052,1976,1899,1844,-0.2662,0.0206,1.1000,-0.579,33.895,55.956
8424062,1900,1870,1830,-0.2682,0.0174,1.0929,-1.466,33.657,55.402
8424072,1909,1905,1871,-0.2687,0.0111,1.0924,-2.347,33.340,54.727
8424082,1886,1819,1855,-0.2696,0.0062,1.0899,-3.007,32.955,54.231
8424092,2461,1808,1841,-0.2716,0.0024,1.0888,-3.337,32.627,54.075
8424102,1844,1769,1836,-0.2746,-0.0014,1.0915,-3.500,32.219,54.228
8424112,1848,1875,1877,-0.2769,-0.0056,1.0940,-3.637,31.848,54.642
8424122,1855,1865,1827,-0.2791,-0.0080,1.1007,-4.003,31.482,55.304
8424132,1964,1794,1853,-0.2787,-0.0089,1.1032,-4.625,31.283,56.199
8424142,1830,1829,1826,-0.2782,-0.0094,1.1002,-5.479,31.351,57.269
8424152,2068,1814,1877,-0.2787,-0.0093,1.0942,-6.402,31.562,58.438
8424162,1876,1812,1830,-0.2815,-0.0075,1.0869,-7.237,31.778,59.662
8424172,1835,1823,1888,-0.2877,-0.0005,1.0796,-7.874,31.944,60.840
8424182,2046,1984,1831,-0.2947,0.0030,1.0747,-8.318,32.007,61.785
8424192,1937,1790,1905,-0.2996,0.0048,1.0684,-8.519,31.909,62.486
8424202,1858,1906,1829,-0.3042,0.0043,1.0650,-8.628,31.726,62.960
8424212,1852,1877,1853,-0.3067,0.0014,1.0648,-8.795,31.389,63.430
8424222,2016,1775,1849,-0.3085,-0.0007,1.0636,-9.076,31.150,64.112
8424232,2347,1778,1878,-0.3063,-0.0033,1.0658,-9.509,30.896,65.079
8424242,1842,1774,1827,-0.3054,-0.0098,1.0606,-10.026,30.929,66.317
8424252,2119,1890,1934,-0.3052,-0.0166,1.0506,-10.626,31.135,67.827
8424262,2015,1959,1909,-0.3072,-0.0235,1.0335,-11.118,31.342,69.605
8424272,1987,1823,1924,-0.3104,-0.0273,1.0187,-11.291,31.268,71.626
8424282,1949,2028,1868,-0.3130,-0.0331,1.0046,-11.146,30.828,73.715
8424292,1861,1778,1906,-0.3169,-0.0450,0.9924,-10.675,30.173,75.729
8424302,2952,1873,1840,-0.3193,-0.0605,0.9884,-10.075,29.151,77.745
8424312,2685,1773,1822,-0.3198,-0.0738,0.9943,-9.439,27.816,79.901
8424322,1822,1941,2067,-0.3184,-0.0899,1.0105,-8.911,26.345,82.324
8424332,2316,2078,1864,-0.3144,-0.1035,1.0336,-8.519,25.072,85.162
8424342,3146,1923,1839,-0.3095,-0.1186,1.0502,-8.202,24.348,88.462
8424352,1833,1821,2121,-0.3038,-0.1391,1.0580,-7.893,24.354,92.267
8424362,2104,2068,1834,-0.3006,-0.1615,1.0484,-7.351,24.899,96.751
8424372,2477,2101,1916,-0.3020,-0.1666,1.0231,-6.058,25.809,102.071
8424382,1832,1870,2097,-0.3052,-0.1479,0.9932,-3.327,26.599,107.874
8424392,1937,2027,1942,-0.3080,-0.1198,0.9690,1.477,26.977,113.105
8424402,1854,2696,2252,-0.3035,-0.0872,0.9586,8.700,26.985,117.281
8424412,2285,3045,2797,-0.2927,-0.0521,0.9566,18.060,27.128,120.695
8424422,4095,1894,1825,-0.2827,-0.0042,0.9708,28.658,27.613,124.104
8424432,2258,1848,2084,-0.2765,0.0494,0.9707,39.352,29.039,127.712
8424442,1874,2285,2037,-0.2755,0.1147,0.9724,49.270,31.150,131.301
8424452,2676,2310,2193,-0.2831,0.1862,0.9566,57.702,33.538,134.013
8424462,2429,2442,1921,-0.2948,0.2471,0.9366,64.537,35.808,134.646
8424472,2061,1768,2184,-0.2998,0.3067,0.9310,70.243,37.025,132.950
8424482,4095,1986,1963,-0.2987,0.3553,0.9145,75.798,37.958,129.539
8424492,1910,1892,1863,-0.2915,0.4240,0.8995,81.696,38.965,125.952
8424502,2351,2100,1843,-0.2871,0.4840,0.8631,86.881,40.174,122.975
8424512,2038,2293,1892,-0.3037,0.5851,0.8309,91.243,41.722,120.882
8424522,2170,1972,1970,-0.3191,0.6834,0.8302,93.379,41.852,118.257
8424532,2110,2885,2229,-0.3322,0.7886,0.8287,93.003,41.215,113.708
8424542,1913,1776,1942,-0.3377,0.8666,0.8257,91.035,40.382,106.330
8424552,1797,2157,1857,-0.3335,0.8788,0.8017,87.237,39.539,95.717
8424562,2126,1836,2140,-0.3280,0.8581,0.7683,82.311,38.696,83.797
8424572,2121,1779,1976,-0.3324,0.8090,0.7342,74.408,36.109,72.515
8424582,2339,1796,2200,-0.3360,0.7603,0.7300,65.518,32.219,63.972
8424592,2743,2302,1960,-0.3390,0.7042,0.7363,55.858,27.902,57.743
8424602,2046,1833,1931,-0.3404,0.6619,0.7494,45.309,23.663,53.544
8424612,1963,1871,2364,-0.3476,0.6665,0.7604,34.631,19.917,51.289
8424622,1906,2089,2209,-0.3606,0.6999,0.7595,24.921,16.983,49.706
8424632,1933,1767,1991,-0.3725,0.7176,0.7476,17.141,14.698,47.000
8424642,3372,1852,1827,-0.3801,0.7149,0.7418,11.834,12.597,42.887
8424652,1954,1778,1945,-0.3872,0.7052,0.7370,8.853,10.496,38.358
8424662,1993,2295,1952,-0.4165,0.7600,0.6925,8.688,9.068,34.189
8424672,1899,1807,2172,-0.4425,0.8124,0.6434,12.383,7.740,29.127
8424682,2276,1915,1979,-0.4341,0.7861,0.6674,18.356,4.008,21.988
8424692,1945,2001,1820,-0.4209,0.7499,0.7407,24.368,-1.175,15.685
8424702,1981,1870,1993,-0.4100,0.7117,0.7815,28.526,-4.332,11.574
8424712,1907,1806,1866,-0.3904,0.6592,0.8234,27.522,-6.077,8.276
8424722,1890,1841,1834,-0.3686,0.6325,0.8541,21.892,-7.480,6.667
8424732,2123,1851,1900,-0.3709,0.6372,0.8550,14.185,-7.176,6.663
8424742,1966,2241,2038,-0.3871,0.6495,0.8565,6.398,-6.407,7.199
8424752,2354,2223,1840,-0.4035,0.6501,0.8449,-0.180,-5.637,6.943
8424762,1810,1804,1963,-0.4127,0.6313,0.8259,-4.194,-4.761,5.798
8424772,2182,2417,2056,-0.4104,0.6073,0.8395,-6.383,-4.973,4.506
8424782,1792,2699,2185,-0.4064,0.5990,0.8484,-6.895,-5.319,3.916
8424792,2238,2043,1838,-0.4091,0.5967,0.8357,-5.578,-4.430,3.828
8424802,2073,1918,1874,-0.4062,0.5978,0.8486,-3.970,-4.101,3.783
8424812,1891,1964,1949,-0.4003,0.5938,0.8547,-2.555,-4.047,3.335
8424822,1908,2442,1823,-0.3947,0.5866,0.8495,-0.909,-3.232,2.530
8424832,2425,1890,1834,-0.3865,0.5798,0.8595,0.077,-2.901,1.847
8424842,2426,1785,1910,-0.3853,0.5800,0.8547,0.700,-2.337,1.487
8424852,2490,1774,1838,-0.3851,0.5885,0.8475,1.140,-1.576,1.385
8424862,2890,2236,1967,-0.3839,0.5949,0.8470,1.296,-1.299,1.198
8424872,2251,1817,2087,-0.3830,0.5943,0.8390,1.383,-0.994,0.800
8424882,2459,1911,1967,-0.3799,0.5885,0.8378,1.023,-1.016,0.380
8424892,2683,2009,1849,-0.3738,0.5774,0.8419,0.012,-1.477,0.071
8424902,2012,1777,1919,-0.3703,0.5687,0.8387,-1.292,-1.731,-0.043
8424912,2521,1921,1886,-0.3716,0.5659,0.8361,-2.691,-1.860,0.034
8424922,2373,1787,1833,-0.3731,0.5693,0.8383,-3.963,-2.161,0.108
8424932,1809,1765,1905,-0.3740,0.5724,0.8371,-4.633,-2.335,0.049
8424942,2152,2260,1834,-0.3735,0.5739,0.8418,-4.713,-2.473,-0.071
8424952,2357,1821,1816,-0.3712,0.5736,0.8513,-4.574,-2.610,-0.173
8424962,2176,1791,1875,-0.3673,0.5667,0.8590,-4.466,-2.414,-0.326
8424972,2068,2073,1851,-0.3648,0.5589,0.8623,-4.688,-1.940,-0.438
8424982,1952,2061,1924,-0.3654,0.5523,0.8600,-5.215,-1.249,-0.370
8424992,2070,1813,1869,-0.3689,0.5547,0.8574,-5.959,-0.613,-0.081
8425002,1863,1766,1967,-0.3750,0.5615,0.8473,-6.736,-0.120,0.299
8425012,1765,1772,1853,-0.3807,0.5647,0.8392,-7.241,0.193,0.480
8425022,2781,1922,1904,-0.3820,0.5660,0.8465,-7.615,-0.081,0.473
8425032,2158,1959,1874,-0.3805,0.5635,0.8548,-7.861,-0.472,0.329
8425042,2026,1819,1896,-0.3782,0.5558,0.8622,-8.181,-0.642,0.176
8425052,1808,1803,1851,-0.3756,0.5456,0.8747,-8.944,-0.759,0.104
8425062,1864,1891,1905,-0.3757,0.5415,0.8830,-10.037,-0.676,0.244
8425072,2185,1837,1815,-0.3802,0.5460,0.8833,-11.016,-0.197,0.566
8425082,2282,1863,1817,-0.3848,0.5556,0.8855,-11.594,0.318,0.906
8425092,1882,1836,1821,-0.3875,0.5612,0.8875,-11.696,0.727,0.959
8425102,2183,1781,1856,-0.3874,0.5619,0.8867,-11.203,1.211,0.712
8425112,1769,1950,1977,-0.3870,0.5592,0.8877,-10.270,1.687,0.321
8425122,1931,1950,1868,-0.3869,0.5574,0.8902,-9.241,2.076,-0.061
8425132,2025,1811,1826,-0.3882,0.5573,0.8861,-8.218,2.616,-0.334
8425142,1933,1815,1830,-0.3907,0.5559,0.8820,-7.393,3.156,-0.533
8425152,2231,1769,1887,-0.3919,0.5567,0.8841,-7.128,3.281,-0.704
8425162,2025,1770,1830,-0.3938,0.5569,0.8765,-7.199,3.434,-0.887
8425172,1780,1770,1856,-0.3979,0.5600,0.8715,-7.554,3.542,-1.114
8425182,1764,1775,1835,-0.4012,0.5671,0.8701,-8.175,3.254,-1.470
8425192,1752,1775,1845,-0.4055,0.5775,0.8606,-8.579,2.976,-2.039
8425202,1806,1801,1830,-0.4088,0.5913,0.8525,-8.616,2.570,-2.932
8425212,1836,1815,1864,-0.4102,0.6097,0.8502,-8.272,1.845,-4.245
8425222,1775,1823,1836,-0.4123,0.6358,0.8443,-7.301,1.130,-6.061
8425232,2049,1804,1883,-0.4168,0.6730,0.8357,-5.556,0.420,-8.532
8425242,1923,1767,1847,-0.4205,0.7110,0.8222,-2.955,-0.354,-11.976
8425252,2042,1774,1854,-0.4217,0.7336,0.8076,0.420,-1.264,-16.633
8425262,1905,1766,1828,-0.4155,0.7397,0.8011,4.179,-2.658,-22.108
8425272,1760,1835,1875,-0.4064,0.7340,0.8038,7.732,-4.357,-27.590
8425282,1760,1811,1830,-0.3977,0.7316,0.8128,10.577,-5.815,-32.396
8425292,1774,1770,1836,-0.3912,0.7238,0.8310,11.594,-7.065,-36.553
8425302,1809,1774,1851,-0.3854,0.7140,0.8452,10.563,-7.897,-40.053
8425312,1992,1884,1886,-0.3851,0.7036,0.8586,6.909,-8.510,-43.037
8425322,1866,2011,1855,-0.3897,0.6959,0.8634,0.832,-8.925,-45.590
8425332,1784,2000,1854,-0.4006,0.6997,0.8607,-6.885,-9.149,-47.902
8425342,2071,1948,1828,-0.4097,0.7056,0.8542,-15.328,-9.554,-50.351
8425352,1868,1918,1896,-0.4196,0.7069,0.8397,-23.335,-9.937,-53.416
8425362,1858,1854,1839,-0.4274,0.7023,0.8225,-29.948,-10.349,-57.110
8425372,1864,1766,1891,-0.4321,0.6902,0.8099,-34.816,-11.157,-61.177
8425382,1873,1935,1824,-0.4369,0.6742,0.8027,-37.780,-12.191,-65.346
8425392,1768,1776,1853,-0.4396,0.6596,0.8006,-39.003,-13.355,-69.400
8425402,1866,1810,1825,-0.4439,0.6472,0.7991,-38.808,-14.540,-73.319
8425412,1799,1853,1873,-0.4462,0.6347,0.7966,-37.593,-15.728,-77.301
8425422,1927,1805,1839,-0.4458,0.6204,0.7962,-35.697,-17.055,-81.514
8425432,1757,1787,1873,-0.4430,0.6028,0.7945,-33.321,-18.457,-85.936
8425442,1793,1851,1836,-0.4392,0.5817,0.7926,-30.717,-19.886,-90.468
8425452,1764,1772,1882,-0.4326,0.5538,0.7929,-28.118,-21.408,-94.959
8425462,1816,1771,1836,-0.4280,0.5280,0.7968,-25.849,-23.188,-99.045
8425472,1779,1809,1905,-0.4265,0.5046,0.7937,-23.880,-24.811,-102.655
8425482,1761,1918,1849,-0.4239,0.4828,0.7956,-22.415,-26.667,-105.829
8425492,1765,2056,1903,-0.4194,0.4600,0.8013,-21.578,-28.916,-108.665
8425502,1914,1787,1830,-0.4134,0.4356,0.8034,-21.272,-31.125,-111.237
8425512,1758,1795,1915,-0.4052,0.4091,0.8077,-21.625,-33.388,-113.414
8425522,1796,1872,1837,-0.3978,0.3861,0.8175,-22.714,-35.747,-115.104
8425532,1906,1839,1898,-0.3925,0.3691,0.8243,-24.485,-37.986,-116.355
8425542,1962,1778,1843,-0.3882,0.3530,0.8278,-26.805,-40.057,-117.375
8425552,1785,1775,1892,-0.3855,0.3356,0.8296,-29.618,-42.143,-118.429
8425562,1760,1783,1849,-0.3841,0.3153,0.8229,-32.638,-44.169,-119.610
8425572,1755,1841,1884,-0.3815,0.2913,0.8122,-35.609,-46.229,-120.981
8425582,1871,1857,1844,-0.3777,0.2618,0.8053,-38.218,-48.618,-122.428
8425592,1820,1772,1871,-0.3698,0.2287,0.8072,-40.277,-51.360,-123.774
8425602,1824,1895,1838,-0.3573,0.1991,0.8152,-41.709,-54.209,-124.766
8425612,1797,1786,1888,-0.3445,0.1682,0.8291,-42.545,-56.822,-125.436
8425622,1829,1814,1860,-0.3285,0.1399,0.8471,-43.011,-59.146,-125.753
8425632,2206,1844,1862,-0.3147,0.1175,0.8545,-43.049,-60.742,-125.694
8425642,1778,1845,1873,-0.3009,0.0989,0.8654,-42.785,-61.976,-125.400
8425652,1830,1777,1904,-0.2884,0.0761,0.8816,-42.441,-63.271,-125.069
8425662,1927,1921,1854,-0.2767,0.0579,0.8970,-41.999,-64.433,-124.869
8425672,1770,1797,1900,-0.2652,0.0316,0.9104,-41.357,-65.431,-124.885
8425682,1819,1847,1865,-0.2449,0.0011,0.9205,-40.413,-66.256,-124.955
8425692,1792,1804,1912,-0.2281,-0.0249,0.9324,-38.948,-66.794,-124.669
8425702,1991,1874,1851,-0.2116,-0.0526,0.9341,-36.880,-66.777,-123.907
8425712,1799,1779,1911,-0.1983,-0.0764,0.9379,-34.649,-66.708,-122.718
8425722,1829,1937,1854,-0.1896,-0.0998,0.9407,-32.290,-66.744,-121.104
8425732,1846,1789,1901,-0.1819,-0.1144,0.9504,-29.779,-67.064,-119.072
8425742,1793,1910,1840,-0.1741,-0.1267,0.9710,-27.199,-67.716,-116.814
8425752,1808,1891,1894,-0.1651,-0.1355,0.9970,-24.562,-68.318,-114.529
8425762,1808,1887,1829,-0.1536,-0.1435,1.0171,-22.039,-68.483,-112.286
8425772,1823,1808,1896,-0.1402,-0.1468,1.0371,-19.640,-68.140,-110.082
8425782,1792,1913,1850,-0.1265,-0.1487,1.0528,-17.374,-67.415,-107.917
8425792,1806,1827,1906,-0.1130,-0.1446,1.0653,-15.387,-66.407,-105.792
8425802,1917,1918,1845,-0.0982,-0.1423,1.0790,-13.887,-65.372,-103.698
8425812,1937,1826,1893,-0.0884,-0.1405,1.0949,-13.181,-64.392,-101.596
8425822,2163,1980,1850,-0.0797,-0.1384,1.1116,-13.664,-63.415,-99.384
8425832,1758,1837,1888,-0.0766,-0.1365,1.1195,-15.701,-62.427,-97.167
8425842,1759,1923,1842,-0.0739,-0.1363,1.1286,-18.986,-61.684,-95.068
8425852,1894,1832,1867,-0.0696,-0.1424,1.1288,-23.341,-61.046,-93.302
8425862,1787,1968,1853,-0.0615,-0.1554,1.1269,-28.203,-60.511,-91.844
8425872,1850,1795,1895,-0.0519,-0.1708,1.1256,-32.898,-60.097,-90.596
8425882,1881,1893,1852,-0.0392,-0.1878,1.1283,-36.847,-59.702,-89.422
8425892,2066,1793,1892,-0.0282,-0.2022,1.1261,-39.834,-59.153,-88.221
8425902,1814,2000,1846,-0.0155,-0.2217,1.1277,-41.940,-58.376,-87.009
8425912,1863,1798,1905,-0.0029,-0.2418,1.1354,-43.336,-57.705,-85.697
8425922,1768,1871,1880,0.0081,-0.2615,1.1393,-44.179,-56.737,-84.268
8425932,1929,1870,1882,0.0201,-0.2781,1.1484,-44.576,-55.808,-82.727
8425942,1758,1946,1864,0.0326,-0.2952,1.1504,-44.512,-54.670,-81.144
8425952,1815,1820,1904,0.0446,-0.3121,1.1498,-43.906,-53.258,-79.545
8425962,1838,1957,1856,0.0558,-0.3262,1.1485,-42.759,-51.717,-77.908
8425972,1758,1845,1928,0.0676,-0.3400,1.1431,-41.158,-50.063,-76.189
8425982,1794,1865,1863,0.0772,-0.3524,1.1388,-39.249,-48.458,-74.400
8425992,1779,1842,1943,0.0846,-0.3632,1.1344,-37.072,-46.966,-72.508
8426002,1770,1906,1919,0.0903,-0.3715,1.1331,-34.795,-45.588,-70.495
8426012,1852,1776,1980,0.0983,-0.3885,1.1394,-32.527,-44.409,-68.419
8426022,1838,1882,1932,0.1052,-0.3892,1.1366,-30.460,-43.313,-66.236
8426032,1878,1890,2000,0.1100,-0.4022,1.1408,-28.142,-42.364,-64.302
8426042,1851,1971,1934,0.1171,-0.4204,1.1402,-25.557,-41.315,-62.425
8426052,1827,1863,2007,0.1251,-0.4298,1.1453,-23.161,-40.331,-60.153
8426062,1777,1932,1990,0.1322,-0.4358,1.1457,-20.850,-39.284,-57.466
8426072,1893,1808,2071,0.1381,-0.4382,1.1470,-18.348,-37.949,-54.515
8426082,1897,1872,2123,0.1433,-0.4361,1.1506,-15.424,-36.542,-51.381
8426092,1840,1824,2147,0.1436,-0.4335,1.1457,-12.335,-34.990,-48.226
8426102,1930,1840,2112,0.1382,-0.4277,1.1418,-9.429,-33.633,-45.190
8426112,1759,1808,2156,0.1351,-0.4247,1.1452,-6.828,-32.711,-42.471
8426122,2098,1935,2104,0.1348,-0.4209,1.1470,-4.489,-31.962,-40.174
8426132,1762,1800,2147,0.1370,-0.4185,1.1483,-2.144,-31.061,-38.301
8426142,1763,1880,2122,0.1427,-0.4230,1.1550,0.282,-30.259,-36.691
8426152,1804,1833,2118,0.1492,-0.4256,1.1573,2.912,-29.243,-34.973
8426162,1835,1830,2141,0.1526,-0.4230,1.1628,5.912,-28.112,-32.848
8426172,1771,1827,2168,0.1502,-0.4106,1.1704,9.166,-27.032,-30.328
8426182,1804,1922,2112,0.1474,-0.3943,1.1717,12.591,-25.903,-27.688
8426192,1783,1795,2170,0.1430,-0.3770,1.1783,16.008,-24.902,-25.181
8426202,1840,1890,2083,0.1383,-0.3568,1.1830,18.971,-24.179,-22.994
8426212,1843,1861,2130,0.1415,-0.3414,1.1869,21.239,-23.606,-21.665
8426222,1894,1862,2101,0.1493,-0.3340,1.2059,22.902,-23.139,-20.775
8426232,1769,1827,2130,0.1600,-0.3297,1.1986,24.050,-21.986,-19.930
8426242,1804,1888,2091,0.1778,-0.3450,1.2225,24.910,-20.587,-18.751
8426252,1774,1820,2131,0.1945,-0.3610,1.2560,25.222,-19.614,-16.546
8426262,2077,1931,2068,0.1990,-0.3647,1.2409,25.004,-16.637,-13.307
8426272,1800,1854,2124,0.1969,-0.3563,1.2437,24.336,-14.045,-9.469
8426282,1764,1892,2089,0.1883,-0.3389,1.2402,23.593,-12.039,-5.531
8426292,1844,1817,2119,0.1798,-0.3210,1.2404,22.788,-10.344,-1.997
8426302,1869,1930,2094,0.1726,-0.3040,1.2370,21.683,-8.997,0.810
8426312,1835,1806,2203,0.1663,-0.2900,1.2231,20.325,-7.540,2.743
8426322,1760,1874,2113,0.1614,-0.2791,1.2069,18.813,-6.348,3.895
8426332,1830,1822,2147,0.1557,-0.2704,1.1840,17.384,-5.293,4.484
8426342,1926,1871,2069,0.1496,-0.2641,1.1677,16.233,-4.657,4.682
8426352,1792,1831,2090,0.1445,-0.2623,1.1529,15.702,-4.343,4.687
8426362,1821,1869,2067,0.1411,-0.2616,1.1392,15.966,-4.173,4.649
8426372,1767,1792,2216,0.1386,-0.2589,1.1238,17.095,-4.057,4.680
8426382,1763,1875,1848,0.1370,-0.2530,1.1126,18.947,-4.088,4.760
8426392,1760,1824,2082,0.1354,-0.2439,1.0986,21.461,-4.131,4.813
8426402,1804,1916,1960,0.1359,-0.2352,1.0876,24.611,-4.236,4.771
8426412,1771,1811,2064,0.1362,-0.2205,1.0870,28.389,-4.581,4.646
8426422,1772,1905,1935,0.1338,-0.2043,1.0888,32.671,-4.811,4.356
8426432,1854,1846,2028,0.1338,-0.1946,1.0829,36.954,-4.912,3.766
8426442,1791,1866,1888,0.1384,-0.1853,1.0840,40.874,-5.120,2.952
8426452,1788,1788,1961,0.1434,-0.1712,1.0888,44.624,-5.514,2.192
8426462,1929,1866,1902,0.1480,-0.1611,1.0912,48.242,-5.547,1.471
8426472,1761,1809,2242,0.1537,-0.1560,1.0979,51.518,-5.658,0.815
8426482,1825,1872,1902,0.1563,-0.1424,1.1030,54.444,-5.598,0.411
8426492,1762,1802,2028,0.1596,-0.1304,1.1096,56.735,-5.554,0.121
8426502,1773,1891,1968,0.1645,-0.1193,1.1134,58.251,-5.397,-0.279
8426512,1774,1830,1912,0.1708,-0.1082,1.1137,59.242,-5.168,-0.666
8426522,1776,1829,2470,0.1750,-0.0961,1.1140,59.898,-5.010,-0.907
8426532,1765,1788,2302,0.1793,-0.0840,1.1214,60.313,-4.945,-0.977
8426542,1762,1885,1913,0.1876,-0.0745,1.1377,60.432,-5.073,-0.875
8426552,1762,1817,1974,0.1978,-0.0595,1.1715,59.914,-5.275,-0.402
8426562,1809,1898,1871,0.2028,-0.0351,1.2003,58.269,-5.134,0.626
8426572,1765,1808,2046,0.2028,-0.0044,1.2131,55.274,-3.989,1.968
8426582,1796,1856,1821,0.1978,0.0214,1.2199,50.520,-2.701,3.103
8426592,1767,1801,2310,0.1876,0.0459,1.2147,44.531,-1.337,3.887
8426602,1835,1885,2254,0.1753,0.0650,1.2099,37.719,-0.204,4.180
8426612,1762,1799,2186,0.1622,0.0739,1.2003,30.640,0.596,3.910
8426622,1766,1857,1887,0.1523,0.0750,1.1915,23.585,1.071,3.235
8426632,1787,1797,1987,0.1457,0.0754,1.1813,16.771,1.114,2.431
8426642,1842,1881,1896,0.1428,0.0730,1.1711,10.471,0.957,1.607
8426652,1800,1830,1838,0.1433,0.0645,1.1629,4.801,0.627,0.787
8426662,1815,1869,1825,0.1458,0.0535,1.1570,-0.131,0.168,0.023
8426672,1763,1808,1845,0.1485,0.0411,1.1517,-4.384,-0.346,-0.633
8426682,1782,1868,1910,0.1513,0.0265,1.1483,-7.938,-0.788,-1.179
8426692,1775,1838,1975,0.1649,0.0145,1.1354,-10.649,-1.230,-1.641
8426702,1801,1838,1853,0.1609,-0.0189,1.1492,-12.575,-1.863,-2.358
8426712,1777,1778,1937,0.1678,-0.0340,1.1243,-12.708,-1.580,-2.827
8426722,1795,1871,1917,0.1675,-0.0553,1.1508,-11.347,-2.045,-3.063
8426732,1765,1804,2042,0.1661,-0.0704,1.1400,-9.020,-2.263,-3.154
8426742,1768,1843,1841,0.1634,-0.0819,1.1399,-6.063,-1.799,-3.056
8426752,1764,1796,1847,0.1620,-0.0820,1.1406,-2.785,-2.028,-2.789
8426762,1897,1857,2227,0.1604,-0.0773,1.1341,0.402,-1.773,-2.533
8426772,1764,1811,1871,0.1607,-0.0711,1.1356,3.252,-1.930,-2.410
8426782,1820,1857,2049,0.1589,-0.0626,1.1301,5.839,-1.800,-2.432
8426792,1762,1803,1823,0.1582,-0.0550,1.1317,8.123,-1.855,-2.535
8426802,1821,1873,1855,0.1585,-0.0469,1.1325,10.195,-1.888,-2.637
8426812,1779,1799,1823,0.1594,-0.0389,1.1355,12.038,-1.881,-2.687
8426822,1775,1809,1896,0.1597,-0.0299,1.1391,13.605,-1.903,-2.678
8426832,1775,1798,2003,0.1606,-0.0209,1.1401,14.816,-1.781,-2.658
8426842,1813,1832,1888,0.1622,-0.0134,1.1443,15.622,-1.707,-2.624
8426852,1766,1778,1852,0.1643,-0.0073,1.1454,15.936,-1.524,-2.583
8426862,1819,1874,2036,0.1645,-0.0020,1.1444,15.831,-1.249,-2.551
8426872,1773,1790,1996,0.1651,0.0007,1.1436,15.392,-0.964,-2.523
8426882,1802,1865,1883,0.1644,0.0018,1.1412,14.815,-0.679,-2.450
8426892,1782,1794,1986,0.1640,0.0036,1.1384,14.287,-0.421,-2.311
8426902,1808,1834,1862,0.1618,0.0069,1.1359,13.931,-0.228,-2.118
8426912,1772,1781,1919,0.1612,0.0117,1.1361,13.792,-0.171,-1.888
8426922,1780,1809,1857,0.1603,0.0162,1.1367,13.834,-0.170,-1.651
8426932,1782,1800,1936,0.1600,0.0208,1.1410,13.917,-0.226,-1.443
8426942,1781,1834,2121,0.1606,0.0259,1.1410,13.828,-0.221,-1.267
8426952,1777,1782,1886,0.1604,0.0301,1.1399,13.443,-0.111,-1.130
8426962,1804,1863,1834,0.1597,0.0329,1.1409,12.771,-0.056,-1.003
8426972,1766,1783,1935,0.1588,0.0358,1.1451,11.962,-0.034,-0.888
8426982,1800,1855,1848,0.1590,0.0363,1.1487,11.102,-0.059,-0.802
8426992,1766,1796,1894,0.1591,0.0357,1.1468,10.237,0.019,-0.755
8427002,1780,1847,2000,0.1596,0.0351,1.1459,9.303,0.084,-0.730
8427012,1782,1797,1963,0.1580,0.0341,1.1433,8.294,0.137,-0.729
8427022,1772,1834,1836,0.1565,0.0339,1.1399,7.306,0.143,-0.751
8427032,1768,1810,1925,0.1566,0.0345,1.1402,6.519,0.021,-0.780
8427042,1793,1839,1829,0.1578,0.0347,1.1419,5.969,-0.131,-0.833
8427052,1772,1836,1851,0.1590,0.0344,1.1439,5.570,-0.218,-0.889
8427062,1772,1855,1832,0.1601,0.0356,1.1439,5.171,-0.216,-0.921
8427072,1766,1785,1915,0.1599,0.0370,1.1467,4.655,-0.147,-0.932
8427082,1786,1822,2190,0.1595,0.0385,1.1471,4.046,-0.016,-0.958
8427092,1768,1778,1908,0.1594,0.0379,1.1446,3.505,0.319,-1.044
8427102,1809,1860,1960,0.1614,0.0388,1.1409,3.128,0.550,-1.180
8427112,1775,1795,1924,0.1603,0.0363,1.1434,2.926,0.660,-1.445
8427122,1793,1854,1936,0.1590,0.0320,1.1406,2.687,0.823,-1.794
8427132,1769,1776,1828,0.1585,0.0276,1.1379,2.537,1.078,-2.041
8427142,1797,1838,1839,0.1587,0.0268,1.1386,2.407,1.128,-2.056
8427152,1772,1779,2019,0.1569,0.0288,1.1355,2.426,1.228,-1.877
8427162,1828,1819,2270,0.1556,0.0315,1.1349,2.587,1.241,-1.654
8427172,1801,1810,1939,0.1548,0.0354,1.1315,2.988,1.306,-1.507
8427182,1797,1834,1910,0.1540,0.0389,1.1352,3.520,1.236,-1.462
8427192,1777,1780,1995,0.1533,0.0417,1.1358,4.043,1.244,-1.502
8427202,1800,1852,1834,0.1528,0.0423,1.1393,4.473,1.361,-1.590
8427212,1771,1791,1942,0.1525,0.0423,1.1419,4.651,1.394,-1.676
8427222,1807,1843,1864,0.1514,0.0412,1.1404,4.696,1.586,-1.691
8427232,1777,1780,1825,0.1508,0.0425,1.1386,4.571,1.622,-1.621
8427242,1803,1839,1906,0.1503,0.0444,1.1361,4.433,1.544,-1.515
8427252,1774,1809,1916,0.1494,0.0472,1.1340,4.306,1.434,-1.458
8427262,1782,1800,1929,0.1493,0.0482,1.1333,4.197,1.223,-1.460
8427272,1805,1830,1829,0.1492,0.0485,1.1347,4.068,1.004,-1.473
8427282,1813,1868,1906,0.1487,0.0504,1.1351,3.895,0.853,-1.421
8427292,1769,1780,1919,0.1483,0.0508,1.1340,3.731,0.729,-1.306
8427302,1827,1865,1820,0.1479,0.0514,1.1340,3.579,0.620,-1.144
8427312,1792,1788,1853,0.1482,0.0526,1.1378,3.530,0.478,-0.951
8427322,1801,1832,1823,0.1481,0.0534,1.1397,3.575,0.426,-0.762
8427332,1787,1777,1838,0.1480,0.0542,1.1418,3.631,0.399,-0.594
8427342,1773,1793,2030,0.1473,0.0564,1.1415,3.552,0.329,-0.425
8427352,1772,1781,2135,0.1466,0.0590,1.1417,3.285,0.262,-0.288
8427362,1798,1827,1823,0.1470,0.0605,1.1449,2.885,0.192,-0.197
8427372,1772,1787,1877,0.1476,0.0595,1.1433,2.473,0.186,-0.147
8427382,1805,1853,1823,0.1482,0.0584,1.1426,2.051,0.274,-0.095
8427392,1776,1778,2016,0.1479,0.0570,1.1390,1.620,0.322,-0.031
8427402,1802,1841,1830,0.1472,0.0558,1.1383,1.210,0.244,0.004
8427412,1777,1801,2167,0.1476,0.0534,1.1385,0.944,0.074,-0.001
8427422,1814,1821,2459,0.1471,0.0519,1.1363,0.906,-0.021,-0.010
8427432,1810,1781,2012,0.1470,0.0515,1.1364,1.031,-0.122,-0.007
8427442,1793,1815,1824,0.1478,0.0521,1.1381,1.268,-0.253,0.013
8427452,1772,1781,1871,0.1474,0.0533,1.1416,1.484,-0.342,0.019
8427462,1794,1824,1819,0.1471,0.0536,1.1427,1.584,-0.321,-0.016
8427472,1782,1780,1880,0.1475,0.0544,1.1426,1.570,-0.268,-0.062
8427482,1781,1819,2287,0.1469,0.0544,1.1393,1.480,-0.208,-0.129
8427492,1778,1783,2028,0.1455,0.0532,1.1362,1.385,-0.190,-0.221
8427502,1843,1803,1851,0.1452,0.0526,1.1365,1.376,-0.224,-0.311
8427512,2102,1787,1850,0.1455,0.0527,1.1389,1.540,-0.290,-0.386
8427522,1833,1805,1912,0.1460,0.0536,1.1411,1.837,-0.296,-0.430
8427532,1777,1790,1871,0.1459,0.0539,1.1427,2.153,-0.248,-0.483
8427542,2094,1788,1980,0.1464,0.0554,1.1464,2.421,-0.221,-0.536
8427552,1777,1788,2019,0.1468,0.0545,1.1458,2.574,-0.041,-0.606
8427562,1866,1824,1820,0.1462,0.0543,1.1452,2.647,0.249,-0.678
8427572,1777,1782,1949,0.1452,0.0541,1.1444,2.755,0.471,-0.723
8427582,1776,1797,1841,0.1435,0.0546,1.1409,2.934,0.680,-0.787
8427592,1775,1782,1918,0.1419,0.0555,1.1400,3.213,0.723,-0.850
8427602,1800,1800,1821,0.1423,0.0562,1.1368,3.540,0.667,-0.927
8427612,1773,1780,1888,0.1423,0.0590,1.1390,3.865,0.551,-0.914
8427622,1795,1793,1852,0.1411,0.0634,1.1391,4.018,0.403,-0.838
8427632,1779,1796,1971,0.1406,0.0671,1.1385,3.968,0.277,-0.750
8427642,1774,1807,1828,0.1412,0.0703,1.1411,3.704,0.111,-0.696
8427652,1775,1794,1862,0.1428,0.0708,1.1420,3.307,0.017,-0.642
8427662,1807,1802,2021,0.1428,0.0697,1.1416,2.862,0.013,-0.575
8427672,1784,1784,2119,0.1426,0.0672,1.1383,2.423,0.095,-0.469
8427682,1797,1798,1840,0.1420,0.0668,1.1375,2.084,0.146,-0.323
8427692,1775,1785,1820,0.1409,0.0670,1.1362,1.888,0.169,-0.173
8427702,1802,1791,1820,0.1413,0.0669,1.1374,1.849,0.150,-0.070
8427712,1774,1783,2013,0.1416,0.0659,1.1369,1.903,0.152,-0.018
8427722,1803,1806,1831,0.1416,0.0658,1.1362,1.961,0.179,0.007
8427732,1786,1785,1877,0.1414,0.0665,1.1343,1.997,0.182,0.032
8427742,1802,1820,1821,0.1407,0.0681,1.1354,2.075,0.149,0.089
8427752,1775,1786,2015,0.1405,0.0692,1.1364,2.179,0.129,0.130
8427762,1796,1835,2204,0.1398,0.0704,1.1365,2.292,0.128,0.157
8427772,1927,1779,1821,0.1389,0.0721,1.1378,2.358,0.080,0.181
8427782,1802,1805,1814,0.1383,0.0731,1.1374,2.350,0.000,0.209
8427792,1776,1786,1891,0.1379,0.0742,1.1408,2.252,-0.132,0.213
8427802,1796,1807,1812,0.1389,0.0737,1.1422,2.088,-0.198,0.196
8427812,1776,1789,1966,0.1396,0.0720,1.1422,1.844,-0.184,0.174
8427822,1803,1814,1830,0.1388,0.0711,1.1392,1.535,-0.142,0.162
8427832,1778,1784,1830,0.1372,0.0707,1.1387,1.232,-0.113,0.157
8427842,1800,1792,1899,0.1364,0.0705,1.1374,1.045,-0.161,0.142
8427852,1776,1783,1821,0.1360,0.0715,1.1368,1.078,-0.236,0.105
8427862,1783,1787,1827,0.1369,0.0717,1.1376,1.307,-0.340,0.078
8427872,1781,1787,1951,0.1371,0.0732,1.1391,1.586,-0.430,0.071
8427882,1803,1812,1827,0.1371,0.0741,1.1401,1.708,-0.493,0.057
8427892,1836,1785,1842,0.1371,0.0746,1.1389,1.639,-0.504,0.046
8427902,1785,1779,1828,0.1374,0.0752,1.1376,1.448,-0.491,0.014
8427912,1776,1786,1821,0.1379,0.0747,1.1357,1.306,-0.483,-0.023
8427922,1806,1840,2155,0.1378,0.0730,1.1352,1.248,-0.490,-0.052
8427932,1777,1783,1924,0.1382,0.0719,1.1367,1.251,-0.486,-0.072
8427942,1831,1799,2121,0.1389,0.0722,1.1369,1.252,-0.455,-0.071
8427952,1777,1789,1903,0.1380,0.0735,1.1350,1.278,-0.365,-0.052
8427962,1794,1806,1820,0.1370,0.0747,1.1365,1.328,-0.309,-0.027
8427972,1776,1782,1829,0.1356,0.0761,1.1358,1.448,-0.269,-0.035
8427982,1788,1818,1998,0.1351,0.0775,1.1363,1.572,-0.307,-0.075
8427992,1778,1807,2168,0.1357,0.0775,1.1388,1.692,-0.381,-0.108
8428002,1788,1811,1853,0.1366,0.0769,1.1399,1.771,-0.431,-0.117
8428012,1786,1811,2088,0.1360,0.0768,1.1395,1.807,-0.385,-0.113
8428022,1817,1790,1815,0.1351,0.0771,1.1376,1.761,-0.325,-0.087
8428032,1777,1789,1882,0.1357,0.0768,1.1378,1.648,-0.334,-0.085
8428042,1799,1793,1856,0.1350,0.0770,1.1373,1.574,-0.300,-0.091
8428052,1984,1787,1895,0.1350,0.0778,1.1385,1.565,-0.272,-0.113
8428062,1786,1784,2158,0.1347,0.0781,1.1369,1.641,-0.286,-0.119
8428072,1778,1791,1919,0.1348,0.0793,1.1382,1.741,-0.289,-0.117
8428082,1808,1790,1847,0.1343,0.0795,1.1382,1.789,-0.268,-0.136
8428092,1783,1804,1890,0.1340,0.0790,1.1376,1.768,-0.232,-0.171
8428102,1788,1789,1878,0.1341,0.0787,1.1386,1.712,-0.234,-0.198
8428112,1789,1791,1831,0.1346,0.0785,1.1370,1.678,-0.211,-0.224
8428122,1795,1795,1814,0.1347,0.0783,1.1374,1.678,-0.188,-0.234
8428132,1776,1783,1864,0.1346,0.0784,1.1375,1.720,-0.181,-0.236
8428142,1780,1783,1839,0.1341,0.0792,1.1361,1.811,-0.162,-0.230
8428152,1802,1808,1870,0.1340,0.0799,1.1370,1.924,-0.184,-0.213
8428162,1778,1783,1823,0.1337,0.0810,1.1380,2.035,-0.243,-0.186
8428172,1779,1788,1851,0.1348,0.0815,1.1389,2.088,-0.312,-0.158
8428182,1790,1808,1933,0.1332,0.0824,1.1375,2.065,-0.333,-0.128
8428192,1778,1785,1868,0.1333,0.0843,1.1386,2.052,-0.403,-0.081
8428202,1846,1795,1828,0.1325,0.0859,1.1374,1.940,-0.431,-0.054
8428212,1776,1788,1908,0.1322,0.0864,1.1382,1.794,-0.436,-0.039
8428222,1823,1785,1836,0.1319,0.0861,1.1385,1.570,-0.460,-0.035
8428232,1780,1799,1861,0.1313,0.0856,1.1399,1.381,-0.451,-0.039
8428242,1789,1796,2137,0.1325,0.0842,1.1411,1.211,-0.509,-0.068
8428252,1778,1785,1813,0.1320,0.0826,1.1383,1.075,-0.489,-0.099
8428262,1793,1796,2060,0.1322,0.0821,1.1366,0.972,-0.484,-0.111
8428272,1790,1789,2142,0.1322,0.0828,1.1361,0.953,-0.493,-0.122
8428282,1803,1787,1813,0.1324,0.0834,1.1366,1.018,-0.507,-0.122
8428292,1782,1786,1962,0.1319,0.0841,1.1363,1.122,-0.508,-0.115
8428302,1793,1785,1832,0.1322,0.0842,1.1378,1.189,-0.506,-0.109
8428312,1776,1802,1837,0.1328,0.0855,1.1383,1.198,-0.480,-0.073
8428322,1831,1787,1896,0.1319,0.0856,1.1362,1.156,-0.371,-0.033
8428332,1811,1806,1834,0.1317,0.0867,1.1342,1.097,-0.267,-0.003
8428342,1839,1800,1875,0.1317,0.0872,1.1343,1.046,-0.226,0.022
8428352,1778,1795,1881,0.1315,0.0868,1.1339,1.054,-0.198,0.025
8428362,1778,1785,1811,0.1316,0.0869,1.1339,1.109,-0.186,0.009
8428372,1793,1814,1890,0.1317,0.0859,1.1351,1.187,-0.159,-0.011
8428382,1851,1811,1845,0.1323,0.0857,1.1360,1.256,-0.136,-0.010
8428392,1778,1784,1855,0.1322,0.0855,1.1378,1.308,-0.099,-0.014
8428402,1806,1811,2255,0.1319,0.0854,1.1395,1.378,-0.062,-0.028
8428412,1791,1807,1825,0.1318,0.0859,1.1402,1.446,-0.031,-0.029
8428422,1789,1785,1820,0.1309,0.0872,1.1392,1.539,0.035,-0.000
8428432,1786,1798,1948,0.1305,0.0889,1.1384,1.592,0.099,0.021
8428442,1785,1788,1911,0.1305,0.0895,1.1383,1.604,0.150,0.017
8428452,1778,1788,1828,0.1301,0.0903,1.1389,1.584,0.113,-0.012
8428462,1788,1790,1871,0.1303,0.0891,1.1388,1.527,0.052,-0.056
8428472,1784,1807,1820,0.1303,0.0885,1.1382,1.458,-0.020,-0.090
8428482,1802,1786,1814,0.1299,0.0887,1.1390,1.404,-0.086,-0.104
8428492,1782,1793,1832,0.1294,0.0893,1.1402,1.385,-0.174,-0.123
8428502,1797,1791,1936,0.1291,0.0900,1.1421,1.417,-0.161,-0.137
8428512,1780,1790,1855,0.1286,0.0903,1.1414,1.442,-0.164,-0.155
8428522,1811,1806,2137,0.1285,0.0904,1.1407,1.444,-0.147,-0.179
8428532,1779,1785,1811,0.1288,0.0904,1.1391,1.408,-0.124,-0.209
8428542,1807,1797,1838,0.1285,0.0899,1.1380,1.381,-0.085,-0.248
8428552,1791,1788,1832,0.1289,0.0897,1.1369,1.376,-0.040,-0.263
8428562,1811,1799,1867,0.1281,0.0907,1.1368,1.425,-0.015,-0.251
8428572,1781,1794,1837,0.1272,0.0922,1.1360,1.503,-0.007,-0.221
8428582,1794,1790,1997,0.1268,0.0922,1.1371,1.586,-0.009,-0.197
8428592,1783,1805,1871,0.1257,0.0932,1.1380,1.630,0.019,-0.191
8428602,1791,1787,1830,0.1259,0.0941,1.1398,1.641,0.000,-0.173
8428612,1780,1788,1913,0.1259,0.0951,1.1391,1.611,-0.025,-0.181
8428622,1790,1796,1861,0.1251,0.0956,1.1395,1.556,-0.018,-0.181
8428632,1788,1809,2052,0.1249,0.0957,1.1405,1.467,-0.051,-0.156
8428642,1819,1811,1831,0.1249,0.0968,1.1398,1.354,-0.065,-0.123
8428652,1803,1859,1977,0.1253,0.0972,1.1389,1.213,-0.134,-0.108
8428662,1782,1789,1827,0.1249,0.0968,1.1394,1.087,-0.183,-0.092
8428672,1787,1803,1837,0.1244,0.0963,1.1388,0.979,-0.251,-0.077
8428682,1806,1802,1818,0.1246,0.0952,1.1372,0.886,-0.288,-0.068
8428692,1790,1793,1860,0.1251,0.0953,1.1377,0.838,-0.297,-0.051
8428702,1806,1791,1857,0.1248,0.0949,1.1378,0.807,-0.298,-0.038
8428712,1784,1785,1824,0.1242,0.0946,1.1364,0.830,-0.316,-0.055
8428722,1807,1788,2163,0.1254,0.0949,1.1376,0.970,-0.435,-0.074
8428732,1781,1805,1825,0.1263,0.0948,1.1378,1.108,-0.458,-0.095
8428742,1797,1787,1886,0.1261,0.0949,1.1378,1.237,-0.441,-0.063
8428752,1813,1835,1896,0.1246,0.0970,1.1366,1.256,-0.396,-0.017
8428762,1802,1788,1825,0.1239,0.0982,1.1367,1.227,-0.347,0.009
8428772,1789,1818,1934,0.1239,0.0983,1.1375,1.157,-0.351,-0.011
8428782,1793,1793,1983,0.1236,0.0972,1.1369,1.080,-0.335,-0.045
8428792,1784,1798,2189,0.1236,0.0969,1.1371,1.013,-0.362,-0.076
8428802,1782,1798,1990,0.1239,0.0968,1.1365,0.960,-0.356,-0.107
8428812,1787,1794,1842,0.1233,0.0976,1.1374,0.964,-0.387,-0.128
8428822,1787,1788,1860,0.1236,0.0975,1.1368,1.030,-0.411,-0.159
8428832,1789,1825,1910,0.1231,0.0981,1.1362,1.136,-0.417,-0.193
8428842,1806,1790,1873,0.1226,0.0988,1.1359,1.195,-0.428,-0.212
8428852,1796,1810,1810,0.1233,0.0995,1.1374,1.212,-0.458,-0.220
8428862,1802,1791,1854,0.1232,0.0993,1.1374,1.163,-0.509,-0.249
8428872,1786,1803,1810,0.1232,0.0994,1.1368,1.092,-0.512,-0.279
8428882,1807,1789,1924,0.1235,0.0993,1.1375,1.040,-0.526,-0.292
