8368792,1844,1877,1847,0.1817,0.1484,1.1244,-0.416,-1.317,0.050
8368802,1884,1872,1845,0.1812,0.1478,1.1255,-0.450,-1.375,0.025
8368812,1841,1914,1849,0.1807,0.1491,1.1234,-0.386,-1.405,-0.017
8368822,1896,1871,1840,0.1825,0.1504,1.1231,-0.230,-1.470,-0.100
8368832,1845,1886,1840,0.1837,0.1511,1.1251,-0.040,-1.562,-0.190
8368842,1884,1887,1945,0.1840,0.1515,1.1260,0.094,-1.589,-0.224
8368852,1924,1914,2221,0.1836,0.1512,1.1269,0.104,-1.506,-0.184
8368862,1857,1873,1938,0.1838,0.1506,1.1253,-0.063,-1.368,-0.087
8368872,1846,1885,1854,0.1848,0.1496,1.1262,-0.303,-1.256,0.031
8368882,1875,1870,1905,0.1850,0.1486,1.1276,-0.492,-1.230,0.159
8368892,1845,1887,1843,0.1832,0.1488,1.1248,-0.487,-1.065,0.284
8368902,1871,1871,1947,0.1825,0.1489,1.1251,-0.393,-0.973,0.328
8368912,1855,1889,1866,0.1831,0.1511,1.1250,-0.201,-0.934,0.312
8368922,1901,1872,2521,0.1830,0.1518,1.1247,-0.006,-0.928,0.251
8368932,1853,1881,1874,0.1833,0.1520,1.1257,0.154,-0.927,0.196
8368942,1872,1870,1880,0.1835,0.1521,1.1267,0.192,-0.923,0.181
8368952,1842,1918,1862,0.1824,0.1516,1.1273,0.107,-0.845,0.183
8368962,1876,1871,1846,0.1822,0.1504,1.1267,-0.101,-0.843,0.209
8368972,1850,1900,1870,0.1839,0.1492,1.1254,-0.332,-0.862,0.241
8368982,1860,1876,1900,0.1842,0.1473,1.1259,-0.474,-0.874,0.270
8368992,1846,1902,1856,0.1832,0.1472,1.1251,-0.444,-0.809,0.282
8369002,1996,1872,1947,0.1825,0.1486,1.1240,-0.211,-0.697,0.296
8369012,1849,1889,2000,0.1825,0.1507,1.1233,0.119,-0.606,0.299
8369022,1882,1873,1841,0.1826,0.1515,1.1230,0.415,-0.580,0.294
8369032,1847,1889,1849,0.1824,0.1515,1.1244,0.539,-0.577,0.306
8369042,1911,1873,1983,0.1827,0.1514,1.1266,0.469,-0.508,0.365
8369052,1855,1874,1862,0.1825,0.1500,1.1255,0.223,-0.431,0.459
8369062,1904,1870,2013,0.1823,0.1490,1.1249,-0.045,-0.361,0.535
8369072,1850,1885,1841,0.1835,0.1477,1.1246,-0.234,-0.331,0.564
8369082,1881,1871,1860,0.1831,0.1478,1.1245,-0.224,-0.292,0.565
8369092,1843,1915,1841,0.1826,0.1474,1.1227,-0.021,-0.224,0.574
8369102,1897,1872,1880,0.1819,0.1486,1.1245,0.314,-0.182,0.602
8369112,1843,1893,1856,0.1815,0.1495,1.1252,0.649,-0.171,0.652
8369122,1902,1869,1876,0.1812,0.1502,1.1261,0.868,-0.184,0.726
8369132,1844,1897,1907,0.1809,0.1510,1.1269,0.871,-0.218,0.833
8369142,1852,1879,1859,0.1809,0.1512,1.1281,0.762,-0.237,0.990
8369152,1851,1875,1867,0.1806,0.1515,1.1267,0.633,-0.184,1.183
8369162,1898,1873,1873,0.1805,0.1518,1.1267,0.535,-0.188,1.377
8369172,1847,1886,1847,0.1812,0.1520,1.1263,0.523,-0.199,1.534
8369182,1894,1873,1890,0.1809,0.1524,1.1269,0.557,-0.188,1.663
8369192,1845,1889,1841,0.1814,0.1523,1.1256,0.604,-0.090,1.812
8369202,1869,1901,1841,0.1810,0.1538,1.1260,0.653,0.044,1.985
8369212,1843,1905,1843,0.1810,0.1548,1.1254,0.664,0.157,2.177
8369222,1883,1871,1843,0.1807,0.1539,1.1269,0.599,0.289,2.363
8369232,1851,1888,1844,0.1811,0.1525,1.1299,0.476,0.404,2.550
8369242,1878,1872,1860,0.1804,0.1505,1.1299,0.383,0.647,2.765
8369252,1845,1886,1842,0.1807,0.1482,1.1304,0.356,0.880,3.046
8369262,1886,1875,1846,0.1816,0.1472,1.1299,0.414,1.054,3.418
8369272,1843,1895,1841,0.1814,0.1474,1.1281,0.685,1.168,3.955
8369282,1870,1874,1850,0.1825,0.1494,1.1298,1.144,1.125,4.703
8369292,1873,1895,1844,0.1822,0.1528,1.1315,1.576,0.931,5.606
8369302,2025,1872,1858,0.1799,0.1582,1.1316,1.867,0.825,6.593
8369312,1864,1890,1846,0.1784,0.1648,1.1309,1.948,0.639,7.627
8369322,1894,1872,1851,0.1779,0.1704,1.1342,1.828,0.403,8.607
8369332,2053,1915,1851,0.1775,0.1721,1.1357,1.231,0.170,9.373
8369342,1876,1875,1858,0.1769,0.1705,1.1342,0.122,0.202,9.871
8369352,1848,1905,1842,0.1763,0.1669,1.1348,-1.393,0.233,10.171
8369362,1864,1872,1859,0.1758,0.1612,1.1340,-3.016,0.251,10.377
8369372,1842,1885,1843,0.1758,0.1544,1.1331,-4.409,0.320,10.546
8369382,1848,1873,1851,0.1749,0.1442,1.1343,-5.418,0.383,10.711
8369392,1866,1882,1842,0.1790,0.1400,1.1285,-5.973,0.481,10.961
8369402,1871,1875,1849,0.1815,0.1399,1.1338,-6.089,0.404,11.210
8369412,1845,1884,1844,0.1821,0.1420,1.1393,-5.965,0.282,11.365
8369422,1958,1871,1850,0.1803,0.1422,1.1408,-5.744,0.591,11.375
8369432,1894,1880,1842,0.1804,0.1439,1.1419,-5.680,0.809,11.371
8369442,1859,1872,1856,0.1792,0.1424,1.1444,-6.083,1.170,11.412
8369452,1844,1874,1844,0.1787,0.1444,1.1459,-6.956,1.529,11.488
8369462,1857,1874,1849,0.1757,0.1452,1.1444,-8.135,2.078,11.532
8369472,1869,1901,1848,0.1725,0.1433,1.1437,-9.576,2.596,11.431
8369482,1844,1871,1850,0.1715,0.1404,1.1401,-11.092,3.048,11.233
8369492,1848,1927,1843,0.1698,0.1349,1.1443,-12.534,3.260,11.026
8369502,1920,1901,1866,0.1688,0.1286,1.1436,-13.826,3.467,10.932
8369512,1958,1879,1843,0.1669,0.1224,1.1522,-14.987,3.566,11.036
8369522,1930,1876,1852,0.1668,0.1177,1.1546,-16.256,3.644,11.331
8369532,1983,1923,1844,0.1687,0.1126,1.1553,-17.569,3.769,11.792
8369542,1864,1872,1851,0.1707,0.1106,1.1587,-19.075,3.737,12.326
8369552,1867,1879,1845,0.1735,0.1055,1.1556,-20.731,3.901,12.872
8369562,1895,1871,1870,0.1754,0.0996,1.1531,-22.488,4.076,13.404
8369572,2073,1889,1846,0.1799,0.0960,1.1460,-24.240,4.172,14.023
8369582,1940,1887,1870,0.1821,0.0923,1.1454,-25.951,4.059,14.629
8369592,1871,1911,1843,0.1832,0.0903,1.1435,-27.430,3.962,15.106
8369602,1931,1874,1860,0.1853,0.0846,1.1454,-28.626,3.848,15.250
8369612,2239,1901,1843,0.1840,0.0789,1.1442,-29.245,3.799,15.038
8369622,1874,1871,1871,0.1835,0.0702,1.1434,-29.178,3.851,14.546
8369632,1905,1878,1847,0.1831,0.0575,1.1456,-28.383,3.776,13.907
8369642,1865,1873,1906,0.1829,0.0443,1.1434,-26.780,3.818,13.355
8369652,1846,1890,1855,0.1826,0.0394,1.1432,-24.529,3.858,13.049
8369662,1873,1874,1867,0.1807,0.0389,1.1454,-21.850,3.899,12.844
8369672,2071,1924,1844,0.1775,0.0387,1.1414,-18.772,4.162,12.547
8369682,1864,1903,1867,0.1751,0.0379,1.1390,-15.516,4.465,12.068
8369692,1854,1909,1856,0.1738,0.0380,1.1389,-12.249,4.587,11.482
8369702,1881,1876,1879,0.1718,0.0379,1.1373,-9.093,4.870,10.866
8369712,1900,1923,1842,0.1697,0.0397,1.1377,-6.133,5.033,10.354
8369722,1915,1871,1871,0.1679,0.0438,1.1395,-3.435,5.159,10.025
8369732,1864,1940,1846,0.1719,0.0466,1.1416,-1.233,5.246,9.829
8369742,1990,1883,1868,0.1844,0.0671,1.1634,0.405,5.046,9.856
8369752,1861,1934,1853,0.1897,0.0706,1.1762,1.547,4.672,10.150
8369762,1855,1895,1872,0.1891,0.0696,1.1782,1.449,5.611,10.510
8369772,1892,1965,1848,0.1910,0.0638,1.2051,-0.767,5.509,11.087
8369782,1849,1872,1870,0.1916,0.0623,1.2036,-4.648,6.321,11.885
8369792,1981,1910,1850,0.1932,0.0614,1.2140,-9.984,7.163,12.896
8369802,1931,1874,1879,0.1912,0.0624,1.2192,-15.788,7.990,14.129
8369812,1851,1889,1853,0.1908,0.0594,1.2254,-21.869,9.191,15.396
8369822,1861,1872,1882,0.1884,0.0536,1.2276,-27.831,10.466,16.631
8369832,1846,1902,1853,0.1867,0.0456,1.2303,-33.283,11.996,17.768
8369842,2029,1873,1888,0.1840,0.0345,1.2301,-38.186,13.558,18.738
8369852,1844,1871,1853,0.1821,0.0217,1.2278,-42.111,15.320,19.592
8369862,1846,1922,1854,0.1790,0.0079,1.2286,-44.887,16.994,20.473
8369872,1847,1886,1864,0.1778,-0.0053,1.2319,-46.564,18.655,21.399
8369882,1853,1880,1887,0.1727,-0.0160,1.2278,-47.619,20.424,22.290
8369892,1867,1910,1863,0.1690,-0.0244,1.2286,-48.072,22.055,23.128
8369902,1844,1881,1929,0.1654,-0.0320,1.2272,-47.989,23.535,23.852
8369912,1947,1915,1889,0.1649,-0.0364,1.2354,-47.412,24.928,24.378
8369922,1873,1873,1919,0.1619,-0.0466,1.2275,-46.779,26.481,24.611
8369932,1867,1940,1886,0.1577,-0.0572,1.2251,-45.931,27.989,24.667
8369942,1869,1872,1910,0.1510,-0.0658,1.2200,-44.808,29.217,24.735
8369952,2142,1902,1868,0.1454,-0.0778,1.2161,-43.197,30.467,24.753
8369962,1973,1872,1900,0.1399,-0.0909,1.2093,-41.431,31.472,24.728
8369972,1843,1921,1864,0.1319,-0.1035,1.2037,-39.404,32.448,24.678
8369982,1874,1916,1855,0.1242,-0.1142,1.2011,-37.124,33.153,24.640
8369992,1924,1913,1852,0.1185,-0.1269,1.1973,-34.625,33.831,24.631
8370002,1851,1878,1916,0.1148,-0.1411,1.1927,-31.908,34.469,24.705
8370012,2023,1903,1856,0.1108,-0.1568,1.1895,-28.921,35.129,24.988
8370022,1923,1915,1887,0.1077,-0.1702,1.1880,-25.702,35.803,25.595
8370032,1918,1964,1855,0.1048,-0.1831,1.1867,-22.297,36.538,26.524
8370042,1848,1923,1859,0.1014,-0.1948,1.1835,-18.818,37.421,27.657
8370052,2148,1931,1849,0.0983,-0.2060,1.1839,-15.316,38.237,28.944
8370062,1846,1874,1888,0.0945,-0.2130,1.1842,-11.842,39.066,30.387
8370072,1905,1888,1842,0.0895,-0.2192,1.1817,-8.445,40.035,31.975
8370082,1942,1883,1901,0.0824,-0.2208,1.1836,-5.193,40.967,33.684
8370092,1942,1900,1844,0.0732,-0.2215,1.1839,-2.189,41.900,35.473
8370102,2114,1875,1856,0.0627,-0.2207,1.1847,0.464,42.832,37.338
8370112,1868,1919,1847,0.0527,-0.2193,1.1856,2.714,43.657,39.289
8370122,1853,1875,1854,0.0425,-0.2180,1.1862,4.473,44.471,41.337
8370132,1848,1874,1846,0.0297,-0.2122,1.1880,5.628,45.209,43.434
8370142,1843,1881,1874,0.0169,-0.2069,1.1882,6.147,45.939,45.454
8370152,1863,1877,1847,0.0055,-0.2038,1.1888,6.094,46.701,47.275
8370162,2138,1903,1864,-0.0059,-0.2009,1.1889,5.624,47.404,49.011
8370172,1865,1872,1846,-0.0202,-0.1960,1.1890,4.526,48.206,51.096
8370182,1883,1875,1847,-0.0346,-0.1941,1.1877,3.353,48.961,53.086
8370192,1846,1880,1854,-0.0500,-0.1908,1.1857,2.146,49.691,55.079
8370202,1852,1872,1860,-0.0650,-0.1877,1.1806,0.930,50.411,57.018
8370212,1850,1889,1846,-0.0795,-0.1875,1.1762,-0.219,51.075,58.793
8370222,1959,1879,1847,-0.0900,-0.1940,1.1694,-1.301,51.515,60.430
8370232,1842,1883,1845,-0.0999,-0.2012,1.1655,-2.144,51.860,62.162
8370242,1842,1872,1860,-0.1099,-0.2023,1.1627,-2.774,52.009,64.238
8370252,1850,1879,1845,-0.1220,-0.2007,1.1561,-3.204,52.337,66.517
8370262,1992,1871,1861,-0.1351,-0.1978,1.1517,-3.451,52.603,68.762
8370272,1870,1872,1855,-0.1487,-0.1946,1.1445,-3.584,52.894,70.832
8370282,1857,1875,1850,-0.1616,-0.1944,1.1404,-3.552,53.224,72.663
8370292,2087,1882,1849,-0.1731,-0.1922,1.1343,-3.247,53.425,74.352
8370302,1929,1878,1861,-0.1849,-0.1888,1.1272,-2.650,53.620,76.026
8370312,1844,1885,1847,-0.1959,-0.1858,1.1198,-1.814,53.796,77.702
8370322,1972,1880,1848,-0.2072,-0.1808,1.1121,-0.870,53.941,79.340
8370332,1846,1874,1859,-0.2209,-0.1720,1.1048,0.180,54.002,80.886
8370342,1877,1901,1855,-0.2300,-0.1700,1.0967,1.193,54.030,82.252
8370352,1853,1880,1859,-0.2381,-0.1661,1.0917,2.252,53.923,83.587
8370362,2032,1884,1845,-0.2468,-0.1614,1.0801,3.289,53.895,84.982
8370372,1849,1881,1851,-0.2545,-0.1583,1.0725,4.365,53.747,86.396
8370382,1845,1873,1856,-0.2606,-0.1577,1.0615,5.441,53.538,87.835
8370392,1847,1905,1847,-0.2664,-0.1557,1.0526,6.601,53.307,89.459
8370402,1903,1967,1849,-0.2702,-0.1541,1.0463,7.779,52.880,91.327
8370412,1879,1871,1858,-0.2747,-0.1521,1.0372,8.888,52.515,93.378
8370422,1971,1891,1847,-0.2792,-0.1466,1.0292,9.988,52.133,95.643
8370432,1880,1899,1852,-0.2846,-0.1389,1.0184,11.144,51.851,98.071
8370442,2075,1902,1851,-0.2886,-0.1286,1.0090,12.513,51.615,100.581
8370452,2143,1880,1852,-0.2953,-0.1132,0.9995,14.213,51.335,103.109
8370462,1901,1935,1846,-0.3035,-0.0954,0.9864,16.342,51.179,105.376
8370472,2247,1873,1855,-0.3094,-0.0830,0.9681,18.914,51.122,107.143
8370482,2482,2018,1849,-0.3114,-0.0758,0.9520,21.909,50.924,108.501
8370492,1947,1907,1876,-0.3113,-0.0666,0.9436,25.195,50.462,109.843
8370502,2205,1903,1850,-0.3217,-0.0420,0.9335,28.675,50.173,111.441
8370512,2429,1927,1847,-0.3311,-0.0086,0.9220,32.321,49.975,113.080
8370522,1873,1882,1855,-0.3400,0.0292,0.9171,35.938,49.585,114.151
8370532,1946,1902,1847,-0.3458,0.0670,0.9102,39.384,48.977,114.653
8370542,2242,1935,1949,-0.3518,0.1068,0.9103,42.082,48.280,114.619
8370552,2072,1872,1855,-0.3576,0.1395,0.9155,43.564,47.517,114.055
8370562,2163,1956,1868,-0.3585,0.1623,0.9167,43.742,47.008,113.130
8370572,2021,1975,1900,-0.3544,0.1775,0.9214,42.636,46.792,112.217
8370582,2772,2516,1874,-0.3459,0.1799,0.9251,40.195,46.719,111.578
8370592,2845,2428,2275,-0.3374,0.1700,0.9216,36.697,46.936,111.612
8370602,1845,2276,1979,-0.3320,0.1566,0.9261,32.188,47.014,112.604
8370612,1892,2091,2010,-0.3344,0.1602,0.9209,27.270,46.953,114.873
8370622,2348,2011,1870,-0.3386,0.1839,0.9228,22.638,46.905,117.881
8370632,3116,2185,2336,-0.3423,0.2226,0.9201,18.704,46.525,120.649
8370642,2350,1917,2522,-0.3468,0.2607,0.9074,15.912,46.496,122.543
8370652,2059,2081,2309,-0.3515,0.2938,0.9044,13.694,45.982,123.355
8370662,1974,2555,2478,-0.3557,0.2970,0.8972,11.657,45.392,122.880
8370672,3307,3859,2647,-0.3599,0.2832,0.8821,9.767,44.827,121.380
8370682,1926,1889,1999,-0.3626,0.2664,0.8549,9.120,44.207,119.725
8370692,2440,2112,1870,-0.3702,0.2753,0.8293,10.862,43.395,118.785
8370702,1972,1990,1856,-0.3752,0.3239,0.8297,15.229,41.663,119.054
8370712,1933,2807,2362,-0.3785,0.3910,0.8355,21.323,39.887,119.785
8370722,3025,2096,2045,-0.3777,0.4720,0.8250,28.082,39.034,119.941
8370732,2041,1924,2030,-0.3751,0.5393,0.8112,34.685,38.754,118.411
8370742,2119,2249,1869,-0.3745,0.5984,0.8012,40.239,38.367,114.211
8370752,1912,1978,1935,-0.3694,0.6523,0.7861,46.125,38.006,107.850
8370762,1917,1963,1923,-0.3691,0.6852,0.7675,52.163,37.768,99.802
8370772,1862,2095,2020,-0.3720,0.7025,0.7572,57.996,37.015,91.211
8370782,2025,2268,2122,-0.3726,0.7071,0.7531,62.469,35.664,83.209
8370792,2061,1994,1935,-0.3723,0.7161,0.7531,64.558,33.856,76.504
8370802,2729,2519,2071,-0.3704,0.7271,0.7351,64.094,32.198,71.158
8370812,1868,2012,2057,-0.3712,0.7481,0.7229,61.098,30.286,66.827
8370822,2053,2313,1849,-0.3737,0.7704,0.7225,55.864,27.557,62.793
8370832,2228,1950,2143,-0.3802,0.7762,0.7218,49.179,24.784,57.976
8370842,2215,2757,2218,-0.3818,0.7719,0.7311,41.778,21.949,52.402
8370852,1833,2003,1878,-0.3833,0.7611,0.7473,33.756,18.821,46.836
8370862,2127,2056,1865,-0.3870,0.7437,0.7638,25.554,16.019,42.003
8370872,2292,1941,2008,-0.3935,0.7292,0.7784,16.978,13.717,38.365
8370882,2215,2129,2107,-0.4002,0.7222,0.7854,8.237,12.006,35.759
8370892,2399,3033,2246,-0.4122,0.7256,0.7831,-0.031,10.843,33.722
8370902,1998,2441,1850,-0.4265,0.7278,0.7626,-6.775,9.925,31.295
8370912,2490,2218,2047,-0.4351,0.7257,0.7392,-11.083,8.979,27.305
8370922,2645,1878,2001,-0.4359,0.7100,0.7216,-12.347,7.419,21.764
8370932,2005,1865,1855,-0.4316,0.6849,0.7161,-10.325,5.534,15.756
8370942,2141,2839,2494,-0.4295,0.6605,0.7337,-5.838,3.554,11.169
8370952,2611,2115,2173,-0.4393,0.6576,0.7574,-1.259,1.711,8.706
8370962,1872,1897,2116,-0.4539,0.6571,0.7618,2.149,0.762,7.301
8370972,2235,2041,1940,-0.4547,0.6444,0.7834,2.936,-0.430,5.782
8370982,1994,1920,1915,-0.4458,0.6137,0.8138,1.137,-2.159,3.924
8370992,2492,1898,1880,-0.4379,0.5795,0.8293,-1.645,-2.974,2.229
8371002,2443,2119,1842,-0.4362,0.5566,0.8384,-4.717,-3.082,1.221
8371012,2132,2080,2049,-0.4374,0.5546,0.8402,-7.302,-2.887,1.118
8371022,2328,2053,1871,-0.4451,0.5636,0.8344,-8.901,-2.320,1.564
8371032,2119,2250,1916,-0.4487,0.5753,0.8316,-9.333,-1.736,2.025
8371042,1837,1935,1870,-0.4480,0.5733,0.8374,-8.831,-1.459,2.097
8371052,2638,1864,1889,-0.4462,0.5595,0.8387,-7.471,-0.970,1.772
8371062,1860,2628,1935,-0.4464,0.5495,0.8411,-5.584,-0.314,1.456
8371072,2210,2290,1854,-0.4486,0.5522,0.8472,-3.627,0.190,1.342
8371082,3019,2202,1849,-0.4545,0.5625,0.8432,-1.830,0.786,1.336
8371092,1907,2189,1847,-0.4567,0.5676,0.8440,-0.743,1.130,1.209
8371102,1947,1890,1946,-0.4538,0.5650,0.8501,-0.844,0.903,0.967
8371112,1864,2017,1882,-0.4485,0.5569,0.8502,-1.598,0.752,0.771
8371122,1901,1867,1921,-0.4425,0.5512,0.8545,-2.941,0.489,0.794
8371132,2161,1933,1861,-0.4377,0.5462,0.8538,-4.697,0.195,0.951
8371142,1862,1965,1874,-0.4368,0.5401,0.8534,-6.462,0.062,1.117
8371152,1834,1879,1844,-0.4336,0.5340,0.8581,-8.157,-0.237,1.243
8371162,1861,1858,1845,-0.4337,0.5279,0.8534,-9.256,-0.269,1.278
8371172,2199,2098,1849,-0.4351,0.5212,0.8456,-9.587,-0.091,1.264
8371182,2003,1903,1860,-0.4363,0.5143,0.8439,-9.354,-0.280,1.283
8371192,2380,1891,1843,-0.4356,0.5061,0.8440,-8.574,-0.619,1.339
8371202,1997,1861,1943,-0.4345,0.5069,0.8460,-7.465,-1.041,1.519
8371212,1864,1896,1913,-0.4359,0.5190,0.8448,-6.139,-1.446,1.794
8371222,1845,1903,1857,-0.4372,0.5343,0.8498,-4.706,-1.842,1.902
8371232,1942,1859,1847,-0.4369,0.5464,0.8635,-3.475,-2.360,1.650
8371242,1956,1995,1861,-0.4357,0.5534,0.8702,-2.471,-2.445,1.074
8371252,2052,1951,1935,-0.4344,0.5545,0.8773,-1.938,-2.195,0.365
8371262,2020,1910,1902,-0.4339,0.5515,0.8840,-2.070,-1.803,-0.343
8371272,1883,1991,1851,-0.4338,0.5478,0.8826,-2.628,-1.095,-0.980
8371282,1890,1856,1844,-0.4349,0.5442,0.8803,-3.497,-0.372,-1.470
8371292,1868,1887,1996,-0.4369,0.5378,0.8732,-4.404,0.381,-1.852
8371302,2004,1859,1845,-0.4397,0.5320,0.8645,-5.173,1.050,-2.071
8371312,1865,1883,1861,-0.4420,0.5301,0.8605,-5.861,1.431,-2.066
8371322,1843,1874,1844,-0.4483,0.5334,0.8476,-6.122,1.874,-1.978
8371332,1890,1862,1862,-0.4555,0.5401,0.8335,-5.843,2.197,-1.993
8371342,1873,1869,1850,-0.4615,0.5512,0.8229,-5.014,2.134,-2.291
8371352,2062,1861,1853,-0.4663,0.5689,0.8132,-3.589,1.773,-2.965
8371362,1844,1861,1845,-0.4707,0.5965,0.8035,-1.541,1.246,-4.091
8371372,1927,1860,1844,-0.4744,0.6323,0.7926,1.205,0.599,-5.832
8371382,1855,1864,1856,-0.4768,0.6727,0.7819,4.574,-0.252,-8.388
8371392,1831,1857,1842,-0.4781,0.7088,0.7725,8.549,-1.251,-11.886
8371402,1829,1874,1843,-0.4780,0.7406,0.7648,12.767,-2.471,-16.174
8371412,1921,1871,1867,-0.4749,0.7649,0.7648,16.646,-3.936,-21.029
8371422,1897,1930,1842,-0.4703,0.7806,0.7609,19.742,-5.387,-26.236
8371432,1916,1857,1858,-0.4657,0.7894,0.7593,21.618,-6.943,-31.514
8371442,2164,1896,1849,-0.4631,0.7925,0.7572,22.032,-8.615,-36.707
8371452,1848,1859,1844,-0.4615,0.7881,0.7559,21.019,-10.429,-41.772
8371462,1863,1888,1844,-0.4598,0.7781,0.7595,18.552,-12.483,-46.657
8371472,1891,1945,1851,-0.4605,0.7678,0.7598,15.018,-14.563,-51.202
8371482,1836,1993,1855,-0.4621,0.7614,0.7597,10.774,-16.586,-55.441
8371492,1870,1970,1843,-0.4619,0.7598,0.7615,6.187,-18.613,-59.551
8371502,1970,2093,1850,-0.4627,0.7575,0.7633,1.767,-20.504,-63.852
8371512,1826,1956,1865,-0.4632,0.7534,0.7654,-2.309,-22.296,-68.536
8371522,1993,2020,1848,-0.4611,0.7454,0.7676,-5.708,-23.815,-73.479
8371532,1942,2094,1853,-0.4585,0.7318,0.7701,-8.413,-25.067,-78.515
8371542,1881,1981,1846,-0.4605,0.7156,0.7777,-10.641,-26.215,-83.391
8371552,1969,2018,1876,-0.4624,0.6994,0.7704,-12.354,-26.929,-88.047
8371562,1967,2114,1845,-0.4641,0.6782,0.7631,-13.730,-27.610,-92.570
8371572,1899,1968,1868,-0.4637,0.6522,0.7656,-15.090,-28.828,-96.974
8371582,1828,2025,1856,-0.4613,0.6232,0.7656,-16.433,-30.243,-101.193
8371592,2023,1867,1854,-0.4608,0.5937,0.7618,-17.657,-31.652,-105.058
8371602,1875,2036,1845,-0.4592,0.5635,0.7611,-18.913,-33.373,-108.553
8371612,2005,1882,1847,-0.4565,0.5301,0.7646,-20.157,-35.573,-111.696
8371622,1837,1896,1858,-0.4537,0.4991,0.7675,-21.317,-37.931,-114.499
8371632,1858,1990,1865,-0.4511,0.4685,0.7647,-22.240,-40.213,-117.014
8371642,2016,1957,1854,-0.4458,0.4364,0.7677,-22.941,-42.724,-119.210
8371652,2126,1953,1877,-0.4403,0.4057,0.7752,-23.375,-45.457,-120.989
8371662,1911,2108,1843,-0.4346,0.3775,0.7729,-23.296,-47.948,-122.390
8371672,1845,2142,1852,-0.4295,0.3558,0.7724,-22.880,-50.315,-123.538
8371682,2073,1962,1859,-0.4237,0.3317,0.7797,-22.178,-52.933,-124.618
8371692,2112,1857,1864,-0.4120,0.3000,0.7847,-21.337,-55.480,-125.737
8371702,1824,1875,1845,-0.3992,0.2686,0.7912,-20.579,-58.004,-126.605
8371712,1874,1861,1853,-0.3889,0.2426,0.8045,-19.879,-60.596,-126.927
8371722,1855,2003,1845,-0.3777,0.2149,0.8180,-19.429,-63.058,-126.938
8371732,1833,1867,1874,-0.3672,0.1944,0.8296,-19.136,-65.310,-126.648
8371742,1830,1856,1846,-0.3573,0.1753,0.8364,-18.914,-67.223,-126.242
8371752,1869,1869,1870,-0.3464,0.1563,0.8474,-18.824,-69.061,-125.762
8371762,1844,1871,1845,-0.3350,0.1335,0.8571,-18.640,-70.721,-125.179
8371772,1905,1856,1856,-0.3241,0.1154,0.8631,-18.372,-72.132,-124.389
8371782,1830,1901,1846,-0.3141,0.0981,0.8705,-18.071,-73.322,-123.415
8371792,2078,1867,1863,-0.3042,0.0836,0.8777,-17.845,-74.454,-122.330
8371802,1826,1910,1848,-0.2938,0.0675,0.8897,-17.529,-75.482,-121.144
8371812,1910,1858,1870,-0.2826,0.0537,0.9039,-17.176,-76.477,-119.747
8371822,2018,1942,1850,-0.2738,0.0450,0.9160,-16.726,-77.189,-118.143
8371832,1870,1863,1866,-0.2646,0.0326,0.9308,-16.203,-77.686,-116.137
8371842,1950,1917,1844,-0.2530,0.0176,0.9415,-15.647,-77.900,-114.337
8371852,1826,1918,1867,-0.2426,0.0084,0.9492,-14.789,-77.883,-112.766
8371862,1828,1948,1846,-0.2302,-0.0062,0.9536,-13.409,-77.642,-111.468
8371872,1939,1876,1874,-0.2178,-0.0189,0.9624,-11.523,-77.383,-110.446
8371882,2077,1862,1848,-0.2063,-0.0317,0.9689,-8.905,-77.178,-109.482
8371892,1902,1871,1870,-0.1956,-0.0437,0.9756,-5.825,-77.088,-108.515
8371902,1831,1882,1848,-0.1858,-0.0549,0.9807,-2.510,-77.153,-107.536
8371912,1869,1858,1869,-0.1763,-0.0626,0.9905,0.839,-77.560,-106.504
8371922,1840,1938,1849,-0.1656,-0.0674,1.0051,4.153,-78.286,-105.391
8371932,1875,1868,1859,-0.1523,-0.0715,1.0211,7.267,-79.126,-104.151
8371942,1830,1951,1846,-0.1372,-0.0772,1.0310,9.953,-79.757,-102.750
8371952,1838,1868,1853,-0.1234,-0.0809,1.0422,12.046,-80.240,-101.090
8371962,1894,1970,1854,-0.1118,-0.0828,1.0503,13.267,-80.631,-99.197
8371972,2122,1897,1882,-0.0988,-0.0836,1.0595,13.839,-80.934,-97.142
8371982,1921,1928,1853,-0.0866,-0.0853,1.0677,13.960,-81.185,-94.986
8371992,1976,1886,1856,-0.0729,-0.0900,1.0831,13.751,-81.471,-92.729
8372002,2010,1922,1849,-0.0589,-0.0925,1.0973,13.108,-81.640,-90.267
8372012,1937,1873,1873,-0.0463,-0.0917,1.1123,11.938,-81.632,-87.601
8372022,1870,1884,1847,-0.0337,-0.0904,1.1232,10.131,-81.330,-84.832
8372032,1897,1856,1855,-0.0226,-0.0881,1.1367,7.894,-80.793,-82.031
8372042,2078,1917,1855,-0.0105,-0.0846,1.1468,5.398,-80.164,-79.255
8372052,2051,1875,1870,0.0028,-0.0845,1.1600,2.745,-79.341,-76.525
8372062,1874,1926,1855,0.0176,-0.0860,1.1748,-0.140,-78.464,-73.805
8372072,1836,1859,1858,0.0333,-0.0900,1.1866,-3.157,-77.239,-71.149
8372082,2051,1900,1846,0.0477,-0.0955,1.1948,-6.310,-75.681,-68.554
8372092,1849,1859,1865,0.0623,-0.0984,1.2042,-9.335,-73.955,-65.969
8372102,2145,1938,1847,0.0745,-0.1062,1.2058,-12.209,-72.020,-63.488
8372112,2557,1855,1885,0.0847,-0.1090,1.2190,-14.463,-70.261,-60.964
8372122,2269,1947,1847,0.0953,-0.1142,1.2271,-16.197,-68.435,-58.446
8372132,2016,1879,1850,0.1035,-0.1160,1.2367,-17.538,-66.518,-56.015
8372142,1935,1919,1858,0.1126,-0.1201,1.2445,-18.668,-64.591,-53.708
8372152,1950,1859,1864,0.1236,-0.1225,1.2498,-19.611,-62.444,-51.565
8372162,1977,1905,1855,0.1319,-0.1230,1.2563,-20.310,-60.200,-49.501
8372172,2098,1860,1848,0.1396,-0.1267,1.2581,-20.687,-57.799,-47.471
8372182,2105,1858,1857,0.1449,-0.1286,1.2636,-20.664,-55.413,-45.403
8372192,2132,1868,1863,0.1464,-0.1249,1.2658,-20.225,-53.077,-43.293
8372202,2328,1989,1856,0.1423,-0.1231,1.2681,-19.593,-50.810,-41.280
8372212,1925,1857,1863,0.1453,-0.1113,1.2740,-19.010,-48.794,-39.430
8372222,1884,1857,1855,0.1507,-0.1173,1.2696,-18.614,-46.545,-38.263
8372232,1997,1863,1871,0.1560,-0.1202,1.2674,-18.078,-44.471,-37.232
8372242,1872,1878,1875,0.1600,-0.1216,1.2618,-17.390,-42.452,-36.065
8372252,1894,1886,1882,0.1640,-0.1283,1.2597,-16.781,-40.591,-34.870
8372262,1917,1890,1856,0.1659,-0.1303,1.2596,-15.937,-38.887,-33.435
8372272,2173,1910,1877,0.1683,-0.1316,1.2634,-15.016,-37.294,-31.870
8372282,1840,1889,1864,0.1695,-0.1308,1.2653,-14.293,-35.734,-30.373
8372292,1835,1857,1886,0.1727,-0.1294,1.2645,-13.750,-34.095,-29.086
8372302,1968,1926,1845,0.1774,-0.1339,1.2630,-13.332,-32.497,-28.108
8372312,2418,1859,1879,0.1820,-0.1391,1.2600,-12.684,-30.869,-27.209
8372322,1857,1874,1846,0.1854,-0.1447,1.2575,-11.782,-29.203,-26.222
8372332,1903,1857,1882,0.1854,-0.1478,1.2494,-10.826,-27.574,-25.104
8372342,1996,1875,1848,0.1832,-0.1494,1.2411,-9.684,-25.999,-23.900
8372352,1827,1869,1872,0.1812,-0.1503,1.2354,-8.324,-24.674,-22.734
8372362,1973,1887,1846,0.1804,-0.1523,1.2255,-6.846,-23.404,-21.670
8372372,1974,1912,1875,0.1802,-0.1540,1.2205,-5.364,-22.268,-20.679
8372382,1879,1932,1847,0.1821,-0.1568,1.2144,-3.941,-21.222,-19.734
8372392,1843,1868,1905,0.1857,-0.1596,1.2091,-2.462,-20.230,-18.757
8372402,1843,1864,1850,0.1866,-0.1592,1.2054,-1.021,-19.306,-17.673
8372412,1968,1856,1881,0.1851,-0.1582,1.1976,0.348,-18.307,-16.498
8372422,2003,1890,1847,0.1826,-0.1557,1.1926,1.565,-17.395,-15.367
8372432,2122,1882,1910,0.1797,-0.1530,1.1857,2.672,-16.592,-14.330
8372442,1835,1874,1850,0.1769,-0.1505,1.1813,3.669,-15.903,-13.424
8372452,1888,1873,1867,0.1752,-0.1492,1.1750,4.589,-15.295,-12.648
8372462,1832,1889,1848,0.1754,-0.1468,1.1709,5.484,-14.631,-11.914
8372472,1897,1854,1888,0.1744,-0.1421,1.1612,6.307,-14.028,-11.168
8372482,1865,1901,1846,0.1732,-0.1373,1.1547,6.990,-13.397,-10.490
8372492,1846,1856,1878,0.1713,-0.1296,1.1451,7.732,-12.989,-9.801
8372502,1822,1892,1849,0.1688,-0.1225,1.1397,8.591,-12.655,-9.143
8372512,1916,1872,1889,0.1719,-0.1194,1.1465,9.341,-12.780,-8.539
8372522,1862,1875,1844,0.1820,-0.1218,1.1559,9.674,-12.730,-7.895
8372532,1824,1859,1871,0.1954,-0.1280,1.1835,9.254,-12.801,-6.980
8372542,1845,1874,1847,0.2054,-0.1345,1.1880,7.981,-11.956,-5.595
8372552,1862,1863,1892,0.2104,-0.1325,1.1963,5.908,-10.800,-3.703
8372562,1829,1891,1850,0.2105,-0.1295,1.1940,3.375,-9.641,-1.555
8372572,1823,1858,1880,0.2078,-0.1217,1.1919,0.722,-8.437,0.496
8372582,1848,1899,1843,0.2034,-0.1130,1.1865,-1.800,-7.494,2.222
8372592,1827,1857,1892,0.1999,-0.1097,1.1772,-3.859,-6.589,3.421
8372602,1822,1876,1848,0.1975,-0.1064,1.1717,-5.512,-6.002,4.119
8372612,1901,1870,1867,0.1967,-0.1061,1.1638,-6.649,-5.476,4.474
8372622,1827,1898,1867,0.1964,-0.1077,1.1581,-7.385,-5.138,4.642
8372632,1831,1863,1875,0.1961,-0.1103,1.1507,-7.691,-4.948,4.796
8372642,1856,1889,1843,0.1979,-0.1077,1.1455,-7.622,-4.885,4.988
8372652,1846,1864,1977,0.1974,-0.1035,1.1392,-7.142,-4.886,5.134
8372662,1820,1882,1843,0.1977,-0.1019,1.1339,-6.310,-4.852,5.050
8372672,1856,1855,1845,0.1980,-0.0999,1.1303,-5.201,-4.934,4.775
8372682,1825,1891,1864,0.1974,-0.0965,1.1274,-3.830,-5.046,4.385
8372692,1835,1857,1853,0.1970,-0.0931,1.1288,-2.260,-5.287,3.879
8372702,1844,1883,1852,0.1994,-0.0905,1.1290,-0.554,-5.457,3.240
8372712,1838,1855,1922,0.1991,-0.0987,1.1552,1.417,-5.632,2.334
8372722,1825,1870,1854,0.2034,-0.1066,1.1600,3.515,-5.760,1.234
8372732,1855,1858,1889,0.2085,-0.1125,1.1632,6.768,-5.050,0.442
8372742,1854,1898,1839,0.2099,-0.1155,1.1728,10.150,-4.747,0.082
8372752,1853,1854,1871,0.2090,-0.1127,1.1644,13.547,-3.783,0.209
8372762,1837,1897,1839,0.2073,-0.1029,1.1636,16.362,-3.223,0.601
8372772,1857,1856,1875,0.2032,-0.0877,1.1533,18.379,-2.657,0.986
8372782,1839,1907,1862,0.1997,-0.0749,1.1505,19.399,-2.399,1.100
8372792,1832,1858,1871,0.1962,-0.0657,1.1436,19.453,-2.247,0.880
8372802,1834,1867,1877,0.1945,-0.0607,1.1360,18.858,-2.076,0.434
8372812,1839,1857,1925,0.1961,-0.0581,1.1367,18.066,-2.239,-0.137
8372822,1833,1875,1848,0.1974,-0.0611,1.1335,17.472,-2.328,-0.772
8372832,1834,1860,1964,0.1990,-0.0635,1.1302,17.303,-2.303,-1.358
8372842,1839,1912,1844,0.1996,-0.0671,1.1273,17.630,-2.256,-1.839
8372852,1833,1857,1847,0.2007,-0.0678,1.1239,18.393,-2.175,-2.169
8372862,1855,1892,1827,0.2020,-0.0668,1.1207,19.451,-2.141,-2.363
8372872,1834,1870,1871,0.2033,-0.0631,1.1182,20.701,-2.155,-2.473
8372882,1826,1885,1844,0.2058,-0.0595,1.1157,22.082,-2.168,-2.588
8372892,1836,1869,1932,0.2080,-0.0535,1.1143,23.515,-2.204,-2.690
8372902,1850,1887,1843,0.2084,-0.0477,1.1158,24.903,-2.183,-2.752
8372912,1827,1856,1891,0.2080,-0.0420,1.1171,26.165,-2.108,-2.748
8372922,1822,1898,1857,0.2063,-0.0348,1.1189,27.252,-1.982,-2.599
8372932,1862,1857,1853,0.2059,-0.0253,1.1207,28.137,-1.887,-2.311
8372942,1859,1879,1844,0.2081,-0.0149,1.1225,28.760,-1.865,-2.014
8372952,1823,1856,1867,0.2100,-0.0067,1.1267,29.102,-1.941,-1.805
8372962,1824,1876,1852,0.2091,0.0002,1.1324,29.081,-1.882,-1.691
8372972,1842,1854,1845,0.2093,0.0092,1.1339,28.851,-1.723,-1.492
8372982,1830,1862,1916,0.2078,0.0180,1.1398,28.405,-1.676,-1.256
8372992,1929,1873,1957,0.2075,0.0271,1.1430,27.678,-1.644,-1.096
8373002,1824,1873,1844,0.2057,0.0354,1.1502,26.506,-1.553,-1.060
8373012,1846,1865,1941,0.2044,0.0398,1.1573,24.881,-1.590,-1.090
8373022,1848,1899,1840,0.2040,0.0433,1.1588,22.863,-1.432,-1.049
8373032,1825,1855,1851,0.2031,0.0456,1.1610,20.509,-1.311,-0.883
8373042,1832,1889,1843,0.2019,0.0462,1.1606,17.857,-1.230,-0.687
8373052,1832,1862,1857,0.2013,0.0453,1.1545,15.120,-1.040,-0.531
8373062,1825,1873,1841,0.2011,0.0421,1.1515,12.523,-1.006,-0.448
8373072,1824,1855,1859,0.2008,0.0390,1.1471,10.285,-1.009,-0.410
8373082,1824,1879,1867,0.2008,0.0369,1.1395,8.598,-0.912,-0.362
8373092,1826,1856,1862,0.1999,0.0367,1.1347,7.458,-0.934,-0.303
8373102,1841,1904,1865,0.1996,0.0372,1.1332,6.870,-1.055,-0.276
8373112,1827,1854,1858,0.2010,0.0363,1.1326,6.626,-1.205,-0.338
8373122,1835,1881,1842,0.2038,0.0353,1.1360,6.566,-1.356,-0.455
8373132,1832,1860,1875,0.2061,0.0344,1.1369,6.547,-1.445,-0.575
8373142,1827,1872,1840,0.2073,0.0345,1.1363,6.472,-1.423,-0.683
8373152,1842,1857,1865,0.2074,0.0355,1.1340,6.310,-1.292,-0.765
8373162,1830,1878,1852,0.2058,0.0366,1.1289,6.076,-1.103,-0.816
8373172,1832,1857,1865,0.2035,0.0390,1.1272,5.947,-0.995,-0.847
8373182,1829,1890,1852,0.2024,0.0422,1.1276,5.983,-0.922,-0.881
8373192,1834,1856,1859,0.2027,0.0442,1.1290,6.166,-0.966,-0.937
8373202,1830,1879,1842,0.2026,0.0456,1.1313,6.381,-1.066,-1.013
8373212,1843,1858,1862,0.2034,0.0478,1.1319,6.518,-1.112,-1.060
8373222,1829,1891,1842,0.2040,0.0497,1.1320,6.476,-1.086,-1.067
8373232,1839,1856,1873,0.2043,0.0514,1.1304,6.246,-1.012,-1.054
8373242,1832,1884,1921,0.2045,0.0527,1.1285,5.912,-0.910,-1.040
8373252,1838,1856,1890,0.2040,0.0526,1.1287,5.598,-0.845,-1.050
8373262,1832,1869,1841,0.2034,0.0533,1.1309,5.404,-0.817,-1.104
8373272,1836,1856,1846,0.2027,0.0528,1.1327,5.327,-0.826,-1.178
8373282,1828,1879,1850,0.2031,0.0536,1.1329,5.347,-0.847,-1.234
8373292,1835,1856,1862,0.2037,0.0545,1.1325,5.390,-0.852,-1.276
8373302,1837,1873,1843,0.2043,0.0579,1.1309,5.361,-0.856,-1.274
8373312,1826,1855,1891,0.2043,0.0611,1.1300,5.256,-0.841,-1.244
8373322,1839,1890,1865,0.2042,0.0630,1.1308,5.049,-0.825,-1.187
8373332,1832,1858,1938,0.2037,0.0653,1.1296,4.756,-0.736,-1.129
8373342,1841,1875,2160,0.2036,0.0668,1.1293,4.432,-0.645,-1.071
8373352,1833,1856,1888,0.2036,0.0670,1.1284,4.131,-0.535,-1.035
8373362,1834,1876,1856,0.2038,0.0654,1.1289,3.858,-0.460,-1.008
8373372,1843,1860,1842,0.2035,0.0637,1.1310,3.648,-0.398,-0.988
8373382,1834,1898,1841,0.2038,0.0615,1.1319,3.531,-0.344,-0.968
8373392,1829,1854,1849,0.2039,0.0598,1.1316,3.514,-0.261,-0.918
8373402,1829,1872,1889,0.2037,0.0606,1.1309,3.580,-0.150,-0.827
8373412,1834,1856,1854,0.2035,0.0631,1.1303,3.679,-0.091,-0.728
8373422,1839,1902,1844,0.2030,0.0647,1.1303,3.787,-0.069,-0.664
8373432,1832,1863,1856,0.2028,0.0666,1.1308,3.868,-0.067,-0.641
8373442,1839,1876,1972,0.2024,0.0676,1.1304,3.889,-0.046,-0.651
8373452,1833,1856,1841,0.2030,0.0659,1.1320,3.877,-0.042,-0.693
8373462,1838,1880,1842,0.2035,0.0650,1.1346,3.839,-0.052,-0.733
8373472,1833,1859,1940,0.2036,0.0649,1.1343,3.800,-0.039,-0.747
8373482,1834,1896,1854,0.2025,0.0668,1.1302,3.810,0.050,-0.713
8373492,1836,1868,1895,0.2010,0.0700,1.1286,3.916,0.088,-0.665
8373502,1838,1880,1860,0.2013,0.0714,1.1282,4.003,0.032,-0.685
8373512,1834,1858,1930,0.2020,0.0724,1.1301,3.985,0.017,-0.728
8373522,1827,1882,1860,0.2014,0.0728,1.1308,3.908,0.022,-0.775
8373532,1826,1856,1853,0.2009,0.0723,1.1313,3.799,0.078,-0.820
8373542,1841,1895,1884,0.1999,0.0727,1.1328,3.707,0.076,-0.847
8373552,1834,1856,1910,0.1988,0.0738,1.1309,3.663,0.080,-0.871
8373562,1830,1879,1851,0.1990,0.0752,1.1295,3.670,0.093,-0.873
8373572,1833,1855,1913,0.1997,0.0769,1.1293,3.671,0.080,-0.866
8373582,1840,1896,1848,0.1997,0.0785,1.1302,3.603,0.066,-0.850
8373592,1840,1861,1848,0.2006,0.0788,1.1319,3.473,0.071,-0.856
8373602,1839,1901,1929,0.2000,0.0797,1.1305,3.333,0.122,-0.863
8373612,1829,1856,1880,0.1992,0.0805,1.1299,3.235,0.160,-0.846
8373622,1841,1882,1849,0.1985,0.0823,1.1309,3.183,0.152,-0.831
8373632,1828,1853,1850,0.1982,0.0820,1.1325,3.173,0.134,-0.816
8373642,1837,1876,1842,0.1985,0.0817,1.1325,3.136,0.114,-0.778
8373652,1844,1857,1991,0.1983,0.0822,1.1326,3.047,0.081,-0.711
8373662,1828,1885,1874,0.1985,0.0830,1.1309,2.891,0.036,-0.654
8373672,1825,1857,1918,0.1984,0.0846,1.1309,2.715,0.022,-0.597
8373682,1828,1873,1851,0.1973,0.0860,1.1321,2.579,-0.049,-0.529
8373692,1830,1856,1872,0.1968,0.0870,1.1318,2.487,-0.054,-0.475
8373702,1836,1889,1842,0.1973,0.0878,1.1326,2.389,-0.057,-0.418
8373712,1839,1855,1855,0.1974,0.0873,1.1317,2.257,-0.059,-0.352
8373722,1831,1871,1878,0.1977,0.0871,1.1314,2.060,-0.001,-0.278
8373732,1826,1863,1846,0.1967,0.0871,1.1311,1.837,0.029,-0.187
8373742,1843,1908,1919,0.1958,0.0886,1.1298,1.672,0.057,-0.089
8373752,1837,1857,1924,0.1946,0.0900,1.1313,1.573,0.016,0.004
8373762,1838,1878,1928,0.1937,0.0904,1.1325,1.527,-0.048,0.062
8373772,1833,1859,1855,0.1947,0.0911,1.1328,1.425,-0.098,0.114
8373782,1839,1884,1850,0.1952,0.0892,1.1332,1.199,-0.178,0.129
8373792,1839,1855,1868,0.1945,0.0871,1.1331,0.875,-0.278,0.125
8373802,1836,1869,1955,0.1942,0.0869,1.1311,0.563,-0.355,0.117
8373812,1839,1857,1870,0.1938,0.0865,1.1290,0.389,-0.407,0.130
8373822,1840,1873,1841,0.1934,0.0867,1.1279,0.367,-0.492,0.145
8373832,1840,1856,1883,0.1934,0.0873,1.1274,0.442,-0.578,0.138
8373842,1833,1868,2005,0.1931,0.0874,1.1291,0.532,-0.714,0.099
8373852,1840,1856,1954,0.1932,0.0881,1.1306,0.549,-0.860,0.063
8373862,1839,1871,1842,0.1938,0.0883,1.1303,0.463,-0.987,0.027
8373872,1831,1857,1947,0.1938,0.0869,1.1312,0.324,-1.101,-0.024
8373882,1833,1872,1863,0.1934,0.0861,1.1304,0.191,-1.185,-0.083
8373892,1844,1856,1855,0.1935,0.0857,1.1297,0.111,-1.236,-0.120
8373902,1853,1875,1840,0.1935,0.0860,1.1293,0.070,-1.268,-0.148
8373912,1836,1856,1872,0.1940,0.0862,1.1291,0.058,-1.267,-0.169
8373922,1839,1888,1860,0.1954,0.0865,1.1294,0.086,-1.235,-0.170
8373932,1842,1857,1901,0.1954,0.0860,1.1290,0.140,-1.165,-0.144
8373942,1841,1884,1857,0.1951,0.0859,1.1291,0.203,-1.041,-0.132
8373952,1830,1856,1889,0.1947,0.0869,1.1305,0.251,-0.959,-0.127
8373962,1840,1896,1852,0.1948,0.0881,1.1308,0.313,-0.889,-0.103
8373972,1827,1857,1887,0.1949,0.0878,1.1306,0.368,-0.857,-0.063
8373982,1842,1907,1902,0.1947,0.0890,1.1301,0.402,-0.832,-0.020
8373992,1839,1860,1912,0.1949,0.0891,1.1302,0.390,-0.806,0.012
8374002,1836,1881,1846,0.1947,0.0893,1.1293,0.329,-0.783,0.032
8374012,1852,1863,1918,0.1946,0.0888,1.1272,0.249,-0.725,0.032
8374022,1839,1875,1840,0.1939,0.0882,1.1276,0.160,-0.642,0.026
8374032,1834,1857,1893,0.1933,0.0879,1.1270,0.108,-0.605,0.020
8374042,1841,1885,1845,0.1935,0.0881,1.1262,0.139,-0.595,0.010
8374052,1844,1856,1892,0.1932,0.0882,1.1259,0.259,-0.608,-0.012
8374062,1839,1900,1882,0.1934,0.0890,1.1268,0.408,-0.647,-0.038
8374072,1840,1861,1841,0.1932,0.0888,1.1277,0.490,-0.702,-0.092
8374082,1835,1877,2016,0.1937,0.0884,1.1286,0.476,-0.752,-0.151
8374092,1829,1859,1845,0.1943,0.0874,1.1298,0.368,-0.799,-0.213
8374102,1834,1870,1868,0.1942,0.0861,1.1293,0.254,-0.821,-0.274
8374112,1848,1860,1874,0.1946,0.0859,1.1290,0.190,-0.888,-0.317
8374122,1838,1872,1887,0.1942,0.0861,1.1267,0.246,-0.959,-0.359
8374132,1840,1856,1859,0.1942,0.0866,1.1263,0.375,-1.049,-0.399
8374142,1835,1878,1854,0.1932,0.0878,1.1265,0.536,-1.192,-0.450
8374152,1856,1862,1845,0.1932,0.0893,1.1279,0.648,-1.347,-0.493
8374162,1842,1876,1843,0.1922,0.0910,1.1300,0.664,-1.514,-0.509
8374172,1845,1857,1978,0.1917,0.0916,1.1303,0.567,-1.716,-0.528
8374182,1832,1863,2220,0.1910,0.0926,1.1311,0.372,-1.917,-0.544
8374192,1839,1863,1925,0.1915,0.0932,1.1310,0.106,-2.142,-0.542
8374202,1844,1882,1842,0.1923,0.0945,1.1314,-0.184,-2.344,-0.530
8374212,1846,1857,1886,0.1934,0.0941,1.1310,-0.484,-2.495,-0.493
8374222,1868,1883,1894,0.1943,0.0925,1.1310,-0.808,-2.606,-0.455
8374232,1843,1857,1898,0.1953,0.0912,1.1299,-1.112,-2.617,-0.421
8374242,1837,1887,1843,0.1963,0.0896,1.1287,-1.375,-2.539,-0.393
8374252,1857,1858,1886,0.1967,0.0881,1.1275,-1.548,-2.463,-0.398
8374262,1884,1938,1940,0.1971,0.0862,1.1262,-1.558,-2.301,-0.435
8374272,1840,1856,1904,0.1971,0.0839,1.1272,-1.450,-2.150,-0.500
8374282,1840,1873,2123,0.1972,0.0819,1.1279,-1.268,-1.986,-0.614
8374292,1838,1857,2018,0.1975,0.0807,1.1268,-1.025,-1.764,-0.774
8374302,1849,1893,1851,0.1968,0.0799,1.1251,-0.707,-1.534,-0.966
8374312,1842,1857,1847,0.1964,0.0811,1.1267,-0.250,-1.292,-1.154
8374322,1845,1879,1845,0.1959,0.0830,1.1264,0.283,-1.082,-1.325
8374332,1838,1857,1946,0.1955,0.0873,1.1272,0.858,-0.936,-1.452
8374342,1839,1874,1914,0.1959,0.0903,1.1292,1.362,-0.866,-1.527
8374352,1841,1860,1881,0.1951,0.0925,1.1304,1.645,-0.822,-1.563
8374362,1835,1873,1850,0.1960,0.0927,1.1299,1.636,-0.839,-1.583
8374372,1843,1860,1886,0.1971,0.0924,1.1315,1.340,-0.880,-1.581
8374382,1840,1885,1841,0.1974,0.0916,1.1309,0.906,-0.903,-1.532
8374392,1837,1858,1849,0.1965,0.0909,1.1284,0.500,-0.959,-1.423
8374402,1855,1932,1935,0.1960,0.0904,1.1274,0.270,-0.993,-1.285
8374412,1839,1857,1930,0.1958,0.0894,1.1266,0.201,-1.079,-1.161
8374422,1835,1871,1843,0.1964,0.0902,1.1270,0.220,-1.229,-1.051
8374432,1840,1859,1844,0.1973,0.0915,1.1294,0.250,-1.378,-0.966
8374442,1847,1886,1862,0.1969,0.0923,1.1296,0.271,-1.452,-0.899
8374452,1841,1871,2069,0.1971,0.0932,1.1301,0.173,-1.492,-0.866
8374462,1843,1898,1929,0.1969,0.0937,1.1292,0.001,-1.563,-0.856
8374472,1832,1860,1861,0.1970,0.0935,1.1280,-0.212,-1.618,-0.873
8374482,1841,1888,1894,0.1979,0.0930,1.1291,-0.438,-1.715,-0.913
8374492,1835,1862,1878,0.1983,0.0927,1.1306,-0.610,-1.813,-0.964
8374502,1870,1907,1893,0.1994,0.0919,1.1293,-0.796,-1.824,-1.034
8374512,1838,1856,1892,0.1997,0.0911,1.1301,-0.926,-1.798,-1.055
8374522,1840,1872,1947,0.2003,0.0906,1.1304,-1.083,-1.740,-1.041
8374532,1850,1858,2151,0.1996,0.0898,1.1295,-1.194,-1.547,-1.007
8374542,1840,1865,1862,0.1976,0.0899,1.1298,-1.196,-1.335,-0.949
8374552,1859,1859,1895,0.1957,0.0903,1.1293,-1.029,-1.094,-0.855
8374562,1835,1890,1856,0.1961,0.0904,1.1306,-0.747,-0.896,-0.774
8374572,1839,1860,1950,0.1968,0.0910,1.1294,-0.434,-0.731,-0.680
8374582,1837,1880,1901,0.1970,0.0906,1.1301,-0.169,-0.542,-0.589
8374592,1847,1862,1977,0.1970,0.0908,1.1287,-0.020,-0.319,-0.505
8374602,1841,1895,1936,0.1967,0.0913,1.1297,0.063,-0.088,-0.428
8374612,1845,1862,1877,0.1958,0.0906,1.1282,0.163,0.165,-0.371
8374622,1842,1869,1963,0.1941,0.0897,1.1286,0.288,0.334,-0.326
8374632,1850,1857,1927,0.1939,0.0898,1.1276,0.459,0.489,-0.304
8374642,1846,1905,1842,0.1937,0.0906,1.1261,0.661,0.549,-0.287
8374652,1838,1861,1846,0.1928,0.0931,1.1274,0.899,0.543,-0.266
8374662,1855,1904,1889,0.1930,0.0940,1.1287,1.116,0.486,-0.238
8374672,1840,1863,1860,0.1927,0.0945,1.1293,1.234,0.418,-0.205
8374682,1862,1923,1863,0.1937,0.0944,1.1308,1.170,0.335,-0.152
8374692,1846,1866,1853,0.1938,0.0925,1.1307,0.966,0.268,-0.073
8374702,1849,1903,1847,0.1942,0.0905,1.1304,0.689,0.197,0.007
8374712,1861,1869,1896,0.1938,0.0894,1.1304,0.407,0.117,0.113
8374722,1847,1883,1871,0.1935,0.0896,1.1283,0.217,0.034,0.212
8374732,1833,1864,1930,0.1917,0.0902,1.1279,0.157,-0.103,0.295
8374742,1849,1895,2034,0.1907,0.0909,1.1281,0.160,-0.305,0.349
8374752,1845,1858,1857,0.1904,0.0934,1.1295,0.141,-0.604,0.368
8374762,1850,1891,1877,0.1905,0.0961,1.1283,0.079,-0.874,0.381
8374772,1839,1857,2227,0.1899,0.0996,1.1300,-0.047,-1.189,0.433
8374782,1843,1882,2087,0.1905,0.1018,1.1317,-0.298,-1.498,0.534
8374792,1834,1864,1901,0.1907,0.1035,1.1313,-0.655,-1.713,0.702
8374802,1844,1890,1843,0.1921,0.1047,1.1313,-1.123,-1.893,0.931
8374812,1858,1860,1890,0.1935,0.1038,1.1317,-1.653,-1.983,1.229
8374822,1840,1883,1842,0.1959,0.1019,1.1304,-2.199,-1.958,1.585
8374832,1869,1858,1874,0.1973,0.0984,1.1283,-2.682,-1.788,1.984
8374842,1842,1903,1857,0.1987,0.0945,1.1288,-3.044,-1.538,2.387
8374852,1843,1859,2066,0.1989,0.0902,1.1275,-3.228,-1.193,2.734
8374862,1840,1890,1944,0.1990,0.0877,1.1274,-3.228,-0.803,3.001
8374872,1840,1859,2016,0.1986,0.0851,1.1269,-3.012,-0.378,3.182
8374882,1834,1876,1846,0.1982,0.0831,1.1256,-2.645,0.037,3.265
8374892,1859,1857,1914,0.1969,0.0812,1.1257,-2.176,0.451,3.275
8374902,1839,1871,1947,0.1951,0.0795,1.1275,-1.699,0.855,3.211
8374912,1836,1857,1941,0.1935,0.0791,1.1277,-1.226,1.243,3.077
8374922,1840,1874,1845,0.1925,0.0776,1.1295,-0.787,1.543,2.858
8374932,1850,1859,1888,0.1924,0.0766,1.1301,-0.383,1.736,2.531
8374942,1842,1874,1917,0.1918,0.0749,1.1308,0.049,1.861,2.132
8374952,1838,1864,1998,0.1904,0.0737,1.1303,0.499,1.863,1.685
8374962,1840,1896,1842,0.1900,0.0733,1.1293,0.959,1.811,1.214
8374972,1840,1859,1883,0.1900,0.0733,1.1289,1.414,1.636,0.748
8374982,1839,1887,1919,0.1899,0.0757,1.1290,1.914,1.424,0.298
8374992,1841,1858,1854,0.1885,0.0779,1.1309,2.364,1.199,-0.151
8375002,1844,1886,1847,0.1874,0.0804,1.1326,2.745,0.978,-0.591
8375012,1847,1861,1848,0.1874,0.0830,1.1320,2.997,0.748,-0.998
8375022,1840,1876,1856,0.1863,0.0854,1.1324,3.113,0.505,-1.365
8375032,1839,1857,1912,0.1867,0.0885,1.1327,3.099,0.299,-1.684
8375042,1844,1875,1875,0.1853,0.0911,1.1312,2.961,0.089,-1.950
8375052,1844,1858,1887,0.1854,0.0933,1.1315,2.803,-0.132,-2.189
8375062,1860,1895,2198,0.1861,0.0955,1.1309,2.668,-0.358,-2.381
8375072,1843,1861,1927,0.1861,0.0965,1.1302,2.581,-0.558,-2.506
8375082,1842,1878,1847,0.1864,0.0980,1.1313,2.499,-0.744,-2.541
8375092,1840,1871,1877,0.1873,0.0996,1.1311,2.367,-0.894,-2.492
8375102,1844,1896,1918,0.1876,0.1013,1.1313,2.200,-0.960,-2.352
8375112,1839,1858,1847,0.1873,0.1013,1.1317,1.953,-0.969,-2.154
8375122,1846,1880,1898,0.1875,0.1022,1.1313,1.702,-0.893,-1.914
8375132,1849,1860,1843,0.1873,0.1021,1.1303,1.463,-0.819,-1.652
8375142,1843,1899,1884,0.1872,0.1025,1.1296,1.240,-0.722,-1.375
8375152,1841,1861,2049,0.1861,0.1029,1.1297,1.042,-0.663,-1.071
8375162,1842,1887,1843,0.1849,0.1038,1.1305,0.869,-0.577,-0.762
8375172,1852,1859,1854,0.1858,0.1022,1.1309,0.586,-0.456,-0.423
8375182,1845,1880,1852,0.1863,0.1005,1.1316,0.267,-0.325,-0.099
