9845272,1295,1855,1974,0.2327,-0.0017,1.1243,-0.111,-1.216,-0.030
9845282,1283,1901,2193,0.2328,-0.0019,1.1244,-0.105,-1.192,-0.026
9845292,1259,1860,1888,0.2332,-0.0018,1.1241,-0.104,-1.202,-0.020
9845302,1262,1901,1995,0.2325,-0.0016,1.1235,-0.061,-1.172,-0.027
9845312,1257,1856,1995,0.2331,-0.0015,1.1237,0.016,-1.161,-0.019
9845322,1253,1890,1864,0.2325,-0.0011,1.1248,0.064,-1.173,0.020
9845332,1291,1854,1858,0.2316,-0.0011,1.1237,0.077,-1.147,0.064
9845342,1255,1866,1874,0.2329,-0.0014,1.1252,-0.008,-1.174,0.090
9845352,1309,1855,1852,0.2331,-0.0019,1.1253,-0.140,-1.181,0.120
9845362,1260,1870,1853,0.2328,-0.0013,1.1252,-0.229,-1.178,0.139
9845372,1278,1856,1910,0.2336,-0.0022,1.1251,-0.263,-1.189,0.138
9845382,1258,1865,1894,0.2329,-0.0028,1.1252,-0.188,-1.150,0.114
9845392,1262,1860,1855,0.2323,-0.0016,1.1239,-0.055,-1.108,0.115
9845402,1264,1866,1929,0.2322,-0.0009,1.1250,0.048,-1.073,0.126
9845412,1308,1856,1857,0.2322,-0.0007,1.1246,0.064,-1.081,0.134
9845422,1265,1878,1933,0.2313,-0.0002,1.1238,0.025,-1.053,0.143
9845432,1293,1857,1857,0.2310,0.0006,1.1247,-0.021,-1.077,0.148
9845442,1268,1883,1884,0.2311,0.0008,1.1256,-0.089,-1.115,0.135
9845452,1287,1863,1854,0.2317,-0.0003,1.1260,-0.173,-1.168,0.102
9845462,1272,1865,1904,0.2324,-0.0015,1.1258,-0.275,-1.202,0.069
9845472,1302,1854,1871,0.2328,-0.0019,1.1246,-0.321,-1.184,0.031
9845482,1269,1867,1867,0.2330,-0.0026,1.1245,-0.314,-1.193,0.016
9845492,1306,1855,1856,0.2328,-0.0025,1.1254,-0.215,-1.201,0.028
9845502,1270,1879,1924,0.2325,-0.0025,1.1273,-0.124,-1.215,0.053
9845512,1279,1894,1872,0.2326,-0.0025,1.1258,-0.057,-1.164,0.088
9845522,1288,1877,1854,0.2317,-0.0015,1.1259,-0.082,-1.145,0.099
9845532,1277,1854,1854,0.2316,-0.0023,1.1248,-0.171,-1.161,0.095
9845542,1267,1872,1914,0.2318,-0.0027,1.1244,-0.219,-1.217,0.090
9845552,1283,1856,1957,0.2321,-0.0024,1.1236,-0.217,-1.239,0.095
9845562,1267,1873,1855,0.2310,-0.0013,1.1250,-0.140,-1.246,0.131
9845572,1302,1868,1929,0.2310,-0.0003,1.1264,-0.060,-1.281,0.170
9845582,1269,1871,1862,0.2317,-0.0001,1.1252,-0.061,-1.248,0.206
9845592,1289,1887,1888,0.2320,-0.0002,1.1245,-0.164,-1.289,0.202
9845602,1272,1861,1853,0.2326,-0.0004,1.1226,-0.359,-1.338,0.183
9845612,1352,1855,1984,0.2328,0.0023,1.1221,-0.503,-1.355,0.174
9845622,1270,1863,1881,0.2326,0.0027,1.1230,-0.774,-1.440,0.064
9845632,1310,1856,1853,0.2331,0.0030,1.1241,-1.237,-1.530,-0.066
9845642,1297,1893,1859,0.2328,0.0030,1.1241,-1.724,-1.553,-0.135
9845652,1281,1857,1882,0.2332,-0.0031,1.1248,-2.130,-1.575,-0.174
9845662,1287,1889,1882,0.2335,-0.0056,1.1225,-2.213,-1.478,-0.148
9845672,1299,1855,1867,0.2335,-0.0086,1.1228,-1.957,-1.380,-0.088
9845682,1276,1878,1970,0.2339,-0.0097,1.1229,-1.547,-1.318,-0.014
9845692,1302,1855,1856,0.2342,-0.0081,1.1236,-1.076,-1.270,0.094
9845702,1281,1871,1863,0.2338,-0.0054,1.1241,-0.608,-1.198,0.204
9845712,1297,1855,1944,0.2345,-0.0039,1.1238,-0.258,-1.118,0.230
9845722,1287,1874,1899,0.2340,-0.0031,1.1243,-0.106,-1.060,0.210
9845732,1275,1891,1860,0.2339,-0.0020,1.1265,-0.104,-1.083,0.189
9845742,1288,1861,1867,0.2339,-0.0012,1.1256,-0.186,-1.048,0.168
9845752,1278,1886,1906,0.2347,-0.0018,1.1264,-0.269,-1.041,0.159
9845762,1278,1870,1941,0.2350,-0.0018,1.1255,-0.306,-1.027,0.185
9845772,1285,1870,1865,0.2350,-0.0022,1.1247,-0.341,-0.997,0.217
9845782,1279,1861,1891,0.2355,-0.0041,1.1255,-0.384,-0.979,0.232
9845792,1292,1859,1853,0.2355,-0.0034,1.1264,-0.396,-0.911,0.255
9845802,1281,1874,1967,0.2348,-0.0036,1.1247,-0.363,-0.814,0.290
9845812,1330,1857,1870,0.2346,-0.0035,1.1250,-0.299,-0.742,0.316
9845822,1293,1880,1863,0.2346,-0.0027,1.1260,-0.209,-0.651,0.347
9845832,1329,1859,1863,0.2344,-0.0025,1.1267,-0.147,-0.618,0.368
9845842,1336,1863,1854,0.2349,-0.0033,1.1261,-0.152,-0.596,0.369
9845852,1286,1857,1919,0.2348,-0.0037,1.1259,-0.209,-0.548,0.378
9845862,1284,1873,1898,0.2342,-0.0024,1.1288,-0.285,-0.568,0.395
9845872,1335,1851,1909,0.2337,-0.0028,1.1279,-0.370,-0.538,0.402
9845882,1285,1876,1873,0.2339,-0.0036,1.1272,-0.403,-0.503,0.390
9845892,1302,1871,2047,0.2348,-0.0037,1.1296,-0.493,-0.521,0.364
9845902,1290,1883,2085,0.2355,-0.0043,1.1303,-0.569,-0.467,0.317
9845912,1331,1868,1960,0.2353,-0.0059,1.1282,-0.570,-0.254,0.301
9845922,1328,1908,1971,0.2346,-0.0070,1.1309,-0.472,-0.113,0.343
9845932,1312,1856,1863,0.2346,-0.0079,1.1295,-0.371,0.077,0.464
9845942,1285,1857,1871,0.2346,-0.0064,1.1301,-0.251,0.305,0.693
9845952,1292,1855,1851,0.2332,-0.0034,1.1295,-0.153,0.450,1.008
9845962,1306,1856,1859,0.2319,-0.0010,1.1260,-0.103,0.614,1.315
9845972,1316,1857,2067,0.2333,-0.0006,1.1270,-0.172,0.588,1.566
9845982,1293,1875,1870,0.2308,-0.0051,1.1271,-0.367,0.544,1.874
9845992,1341,1856,1915,0.2301,0.0026,1.1295,-0.555,0.460,2.408
9846002,1295,1879,1917,0.2289,0.0021,1.1201,-0.781,0.854,2.745
9846012,1294,1876,1999,0.2305,0.0006,1.1286,-1.155,0.760,2.838
9846022,1303,1858,2211,0.2296,0.0001,1.1231,-1.455,0.912,2.984
9846032,1315,1862,1864,0.2292,-0.0006,1.1267,-1.711,0.971,3.146
9846042,1315,1859,2004,0.2285,-0.0043,1.1237,-2.078,0.999,3.230
9846052,1319,1856,1888,0.2279,-0.0064,1.1240,-2.367,1.070,3.289
9846062,1296,1862,1872,0.2266,-0.0063,1.1251,-2.665,0.983,3.338
9846072,1316,1855,1869,0.2260,-0.0076,1.1241,-2.937,0.996,3.275
9846082,1300,1870,1897,0.2260,-0.0096,1.1234,-3.199,0.968,3.102
9846092,1317,1861,1849,0.2259,-0.0128,1.1208,-3.336,0.977,2.870
9846102,1302,1859,1873,0.2249,-0.0164,1.1221,-3.355,0.919,2.633
9846112,1325,1857,1863,0.2244,-0.0178,1.1192,-3.213,0.872,2.398
9846122,1298,1873,2011,0.2235,-0.0172,1.1210,-2.891,0.826,2.173
9846132,1297,1855,1858,0.2227,-0.0167,1.1253,-2.459,0.689,1.948
9846142,1302,1857,1868,0.2228,-0.0160,1.1246,-2.001,0.623,1.731
9846152,1302,1893,1851,0.2228,-0.0156,1.1263,-1.666,0.523,1.499
9846162,1302,1874,1964,0.2220,-0.0147,1.1280,-1.481,0.387,1.277
9846172,1324,1859,1885,0.2223,-0.0151,1.1263,-1.377,0.336,1.068
9846182,1301,1871,1861,0.2222,-0.0159,1.1252,-1.287,0.224,0.888
9846192,1329,1855,1871,0.2223,-0.0159,1.1259,-1.134,0.111,0.765
9846202,1309,1873,1859,0.2226,-0.0138,1.1269,-0.894,-0.032,0.675
9846212,1304,1856,1871,0.2227,-0.0150,1.1246,-0.685,-0.165,0.528
9846222,1302,1876,1854,0.2221,-0.0130,1.1264,-0.523,-0.285,0.387
9846232,1341,1855,2006,0.2216,-0.0135,1.1285,-0.508,-0.499,0.239
9846242,1307,1868,1884,0.2233,-0.0132,1.1264,-0.533,-0.611,0.092
9846252,1336,1857,1965,0.2230,-0.0138,1.1269,-0.608,-0.716,-0.035
9846262,1303,1864,1852,0.2226,-0.0136,1.1267,-0.578,-0.813,-0.118
9846272,1335,1858,1910,0.2221,-0.0146,1.1273,-0.560,-0.866,-0.183
9846282,1305,1875,1854,0.2223,-0.0143,1.1273,-0.422,-0.952,-0.221
9846292,1331,1863,2007,0.2222,-0.0141,1.1266,-0.310,-0.968,-0.229
9846302,1325,1879,2003,0.2224,-0.0145,1.1271,-0.224,-0.980,-0.229
9846312,1322,1860,1873,0.2224,-0.0149,1.1265,-0.142,-0.924,-0.244
9846322,1324,1898,1967,0.2231,-0.0145,1.1267,-0.085,-0.905,-0.249
9846332,1327,1855,1984,0.2230,-0.0135,1.1262,-0.014,-0.837,-0.230
9846342,1311,1860,1860,0.2237,-0.0130,1.1273,0.027,-0.854,-0.187
9846352,1335,1868,1857,0.2229,-0.0124,1.1255,0.033,-0.835,-0.154
9846362,1311,1873,1861,0.2222,-0.0122,1.1250,-0.054,-0.894,-0.149
9846372,1322,1872,1888,0.2229,-0.0127,1.1267,-0.236,-1.034,-0.168
9846382,1314,1876,1945,0.2236,-0.0137,1.1247,-0.414,-1.083,-0.182
9846392,1341,1856,1880,0.2239,-0.0134,1.1271,-0.515,-1.136,-0.135
9846402,1319,1880,1854,0.2228,-0.0119,1.1287,-0.600,-1.176,-0.062
9846412,1327,1857,1850,0.2228,-0.0132,1.1266,-0.638,-1.073,-0.057
9846422,1317,1865,1858,0.2236,-0.0133,1.1299,-0.647,-1.122,-0.070
9846432,1359,1856,1852,0.2238,-0.0132,1.1277,-0.645,-1.068,-0.073
9846442,1318,1857,1851,0.2237,-0.0135,1.1285,-0.654,-1.020,-0.092
9846452,1324,1879,1941,0.2232,-0.0145,1.1276,-0.687,-0.952,-0.124
9846462,1318,1877,1946,0.2224,-0.0142,1.1273,-0.676,-0.874,-0.137
9846472,1366,1857,1912,0.2229,-0.0131,1.1284,-0.659,-0.850,-0.111
9846482,1319,1869,1878,0.2222,-0.0119,1.1288,-0.647,-0.829,-0.063
9846492,1363,1861,1933,0.2225,-0.0116,1.1284,-0.636,-0.799,-0.022
9846502,1335,1877,1888,0.2235,-0.0108,1.1287,-0.683,-0.790,-0.007
9846512,1336,1864,1874,0.2247,-0.0107,1.1281,-0.813,-0.785,-0.014
9846522,1322,1871,1857,0.2251,-0.0103,1.1272,-1.030,-0.721,-0.012
9846532,1357,1856,1848,0.2243,-0.0078,1.1277,-1.272,-0.641,-0.028
9846542,1324,1871,1870,0.2246,-0.0036,1.1281,-1.592,-0.561,-0.091
9846552,1335,1860,1863,0.2251,-0.0028,1.1265,-2.167,-0.405,-0.179
9846562,1325,1869,1906,0.2259,-0.0033,1.1260,-2.959,-0.180,-0.136
9846572,1380,1864,1973,0.2256,-0.0019,1.1215,-3.660,0.197,0.099
9846582,1324,1878,1866,0.2247,-0.0036,1.1238,-4.301,0.523,0.340
9846592,1329,1857,1849,0.2240,-0.0081,1.1271,-4.939,0.831,0.519
9846602,1326,1871,1853,0.2223,-0.0142,1.1284,-5.570,1.135,0.713
9846612,1344,1860,1867,0.2222,-0.0189,1.1311,-5.981,1.241,1.021
9846622,1327,1875,1853,0.2222,-0.0229,1.1318,-6.119,1.400,1.435
9846632,1353,1857,1858,0.2231,-0.0269,1.1326,-5.995,1.537,1.956
9846642,1328,1877,1857,0.2224,-0.0304,1.1315,-5.672,1.752,2.499
9846652,1359,1856,1856,0.2224,-0.0328,1.1303,-5.167,1.979,3.065
9846662,1330,1881,1850,0.2225,-0.0321,1.1301,-4.550,2.152,3.676
9846672,1361,1859,1856,0.2228,-0.0302,1.1290,-3.876,2.351,4.304
9846682,1327,1868,1862,0.2224,-0.0286,1.1256,-3.252,2.632,4.877
9846692,1372,1856,1874,0.2245,-0.0300,1.1233,-2.679,2.914,5.431
9846702,1439,1865,1856,0.2223,-0.0280,1.1306,-2.258,3.081,6.075
9846712,1451,1858,1866,0.2187,-0.0244,1.1328,-2.064,3.327,6.744
9846722,1340,1857,1851,0.2140,-0.0222,1.1383,-2.181,3.556,7.197
9846732,1371,1857,1867,0.2099,-0.0226,1.1347,-2.480,3.739,7.418
9846742,1337,1860,1855,0.2086,-0.0266,1.1338,-2.756,3.791,7.524
9846752,1424,1857,1854,0.2070,-0.0298,1.1341,-3.034,3.571,7.641
9846762,1449,1857,1851,0.2064,-0.0315,1.1348,-3.292,3.317,7.792
9846772,1407,1856,1854,0.2085,-0.0351,1.1335,-3.702,2.916,7.942
9846782,1334,1863,1851,0.2106,-0.0378,1.1353,-4.222,2.537,8.134
9846792,1460,1856,1856,0.2131,-0.0441,1.1311,-4.789,2.282,8.392
9846802,1724,1860,1849,0.2096,-0.0426,1.1317,-5.326,1.901,8.902
9846812,1394,1911,1854,0.2097,-0.0470,1.1306,-5.747,1.739,9.170
9846822,1711,1876,1867,0.2154,-0.0544,1.1427,-6.111,1.305,9.367
9846832,2136,1861,1855,0.2244,-0.0562,1.1617,-6.467,1.024,9.906
9846842,2017,1899,1901,0.2301,-0.0546,1.1863,-7.167,1.145,10.972
9846852,1963,2182,2008,0.2325,-0.0527,1.2002,-8.630,2.077,12.400
9846862,1507,1856,1867,0.2276,-0.0592,1.2069,-11.201,3.830,13.958
9846872,1365,1881,1863,0.2238,-0.0797,1.1947,-15.080,6.148,15.625
9846882,1410,1900,1930,0.2196,-0.1152,1.1860,-19.857,8.722,17.718
9846892,1489,1906,1875,0.2235,-0.1389,1.1764,-25.137,10.603,20.872
9846902,1334,1931,1884,0.2273,-0.1434,1.1859,-29.597,11.901,25.188
9846912,1431,1887,1886,0.2279,-0.1520,1.1876,-33.097,13.356,29.903
9846922,1428,1859,1854,0.2260,-0.1576,1.1935,-35.971,15.147,34.684
9846932,1346,1935,1865,0.2167,-0.1587,1.1905,-38.961,16.997,39.494
9846942,1454,1865,1885,0.2130,-0.1640,1.1742,-42.307,19.009,44.004
9846952,1759,1871,1850,0.2039,-0.1661,1.1627,-45.964,20.606,48.055
9846962,1384,1861,1851,0.1998,-0.1666,1.1460,-49.430,21.911,51.510
9846972,1382,1967,1859,0.2004,-0.1631,1.1392,-52.213,22.894,54.196
9846982,1634,1968,1865,0.2123,-0.1542,1.1413,-53.991,23.664,55.902
9846992,1423,1860,1856,0.2247,-0.1329,1.1666,-54.859,24.078,56.479
9847002,1372,1872,1854,0.2180,-0.1252,1.1419,-54.418,25.724,56.004
9847012,1489,1905,1853,0.2060,-0.1325,1.1430,-53.387,27.554,54.347
9847022,1525,1933,1854,0.1937,-0.1533,1.1426,-52.635,28.546,51.674
9847032,1488,1865,1857,0.1839,-0.1764,1.1507,-51.950,29.623,48.663
9847042,2002,1857,1853,0.1726,-0.1984,1.1652,-51.100,30.153,46.149
9847052,1357,1922,1852,0.1592,-0.2197,1.1728,-49.366,31.240,44.657
9847062,1542,1860,1852,0.1472,-0.2364,1.1920,-47.612,32.089,44.238
9847072,1388,1912,1851,0.1372,-0.2468,1.2022,-46.398,33.204,44.679
9847082,1363,2019,1908,0.1310,-0.2511,1.2163,-46.236,34.344,45.514
9847092,1659,1902,1852,0.1259,-0.2565,1.2245,-46.898,35.549,46.350
9847102,1362,1946,1854,0.1203,-0.2643,1.2267,-48.119,36.949,47.047
9847112,1509,1982,1904,0.1128,-0.2740,1.2279,-49.624,38.287,47.730
9847122,1712,1958,1856,0.1052,-0.2841,1.2287,-51.355,39.657,48.478
9847132,1438,2025,1853,0.0985,-0.2938,1.2252,-53.352,41.004,49.271
9847142,1579,1868,1875,0.0907,-0.3004,1.2220,-55.635,42.182,50.195
9847152,1361,2003,1853,0.0860,-0.3052,1.2231,-58.270,43.137,51.303
9847162,1578,1987,1873,0.0828,-0.3126,1.2197,-61.431,44.177,52.563
9847172,1344,1980,1868,0.0831,-0.3216,1.2138,-65.452,45.257,54.023
9847182,1456,2118,1933,0.0820,-0.3286,1.2051,-70.486,46.397,55.766
9847192,1365,1859,1850,0.0832,-0.3416,1.1945,-76.504,47.661,57.773
9847202,1520,1872,1860,0.0849,-0.3629,1.1832,-83.518,49.085,59.958
9847212,1509,1980,1876,0.0817,-0.3894,1.1643,-91.438,50.754,62.427
9847222,1408,1899,1856,0.0739,-0.4197,1.1449,-99.985,52.479,65.357
9847232,1413,1911,1851,0.0579,-0.4520,1.1236,-108.662,53.985,68.614
9847242,1367,1976,1851,0.0397,-0.4825,1.1085,-116.782,55.130,72.296
9847252,1405,1874,1854,0.0183,-0.5107,1.0890,-123.903,55.955,76.262
9847262,1378,2056,1875,-0.0038,-0.5378,1.0685,-129.729,56.514,80.555
9847272,1352,1886,1880,-0.0292,-0.5475,1.0465,-133.912,56.601,85.268
9847282,1402,1991,1879,-0.0582,-0.5435,1.0115,-135.927,56.776,89.937
9847292,1519,1947,1872,-0.0799,-0.5749,0.9948,-136.794,56.217,93.349
9847302,1403,1925,1861,-0.0908,-0.6096,0.9687,-136.818,55.151,96.035
9847312,1358,1951,1856,-0.1042,-0.6549,0.9291,-136.118,54.356,98.627
9847322,1420,1934,1854,-0.1225,-0.6923,0.9118,-134.614,52.676,101.965
9847332,1365,1947,1850,-0.1481,-0.7172,0.8906,-132.020,50.932,106.244
9847342,1428,1856,1871,-0.1753,-0.7241,0.8653,-128.058,49.409,111.009
9847352,1353,1908,1860,-0.2025,-0.7214,0.8422,-122.571,47.680,115.624
9847362,1475,1982,1850,-0.2191,-0.7126,0.8252,-116.057,45.474,119.435
9847372,1429,2158,1907,-0.2250,-0.7059,0.8098,-108.900,43.188,122.406
9847382,1586,2303,1900,-0.2318,-0.7011,0.7951,-102.055,41.047,124.595
9847392,1686,2048,1871,-0.2364,-0.6999,0.7863,-95.858,38.994,126.465
9847402,1531,1885,1864,-0.2446,-0.6998,0.7734,-90.590,37.317,128.250
9847412,1423,1884,1877,-0.2606,-0.6985,0.7550,-86.089,36.117,130.251
9847422,1525,1856,1860,-0.2832,-0.6925,0.7303,-82.069,35.167,132.445
9847432,1427,1920,1851,-0.3091,-0.6896,0.6974,-78.137,34.249,134.563
9847442,1446,1941,1870,-0.3336,-0.6886,0.6686,-74.324,32.709,136.535
9847452,1566,2018,1904,-0.3557,-0.6819,0.6417,-70.739,30.339,138.499
9847462,1462,1857,1851,-0.3752,-0.6724,0.6196,-67.398,27.307,140.398
9847472,1654,1857,1865,-0.3880,-0.6619,0.6051,-64.557,23.502,142.114
9847482,1364,1866,1852,-0.3981,-0.6444,0.5963,-61.979,19.240,143.685
9847492,1741,2021,1866,-0.4113,-0.6216,0.5993,-59.552,14.976,145.047
9847502,1737,1891,1867,-0.4233,-0.5955,0.6040,-57.215,11.114,146.091
9847512,1630,1946,1878,-0.4368,-0.5700,0.5997,-54.711,8.075,146.769
9847522,1368,1976,1904,-0.4520,-0.5440,0.6010,-52.526,5.277,147.092
9847532,1376,1906,1852,-0.4694,-0.5188,0.6035,-50.697,2.520,147.238
9847542,1381,1882,1911,-0.4857,-0.4959,0.6025,-49.346,-0.003,147.217
9847552,1462,1859,1856,-0.4995,-0.4798,0.6047,-48.560,-2.512,147.141
9847562,1584,1873,1856,-0.5134,-0.4657,0.6092,-48.215,-4.954,147.253
9847572,1572,1974,1854,-0.5245,-0.4460,0.6123,-48.101,-7.177,147.549
9847582,1433,1918,1867,-0.5375,-0.4212,0.6139,-48.024,-9.292,147.789
9847592,1503,1875,1854,-0.5525,-0.3933,0.6170,-47.679,-11.287,147.804
9847602,1461,1894,1882,-0.5671,-0.3668,0.6197,-46.811,-13.108,147.457
9847612,1481,1863,1855,-0.5845,-0.3404,0.6237,-45.631,-14.738,146.631
9847622,1435,1895,1856,-0.6022,-0.3196,0.6247,-44.242,-16.008,145.326
9847632,1439,1853,1852,-0.6167,-0.3014,0.6232,-42.896,-17.067,143.574
9847642,1508,2044,1879,-0.6325,-0.2866,0.6237,-41.516,-18.118,141.653
9847652,1375,1870,1853,-0.6460,-0.2688,0.6222,-40.230,-19.213,139.677
9847662,1666,1889,1882,-0.6601,-0.2531,0.6119,-38.634,-20.037,137.483
9847672,1582,1872,1853,-0.6746,-0.2321,0.6053,-36.871,-21.066,134.926
9847682,1534,1991,1857,-0.6874,-0.2111,0.5997,-34.856,-22.646,131.908
9847692,1495,1859,1856,-0.6977,-0.1924,0.5936,-32.603,-24.605,128.379
9847702,1509,1875,1856,-0.7042,-0.1761,0.6003,-30.295,-27.216,124.553
9847712,1438,1914,1862,-0.7063,-0.1599,0.6184,-28.178,-30.334,120.736
9847722,1515,1861,1858,-0.7089,-0.1483,0.6399,-26.411,-33.194,116.993
9847732,1415,1864,1881,-0.7086,-0.1412,0.6642,-25.373,-35.692,113.341
9847742,1680,1894,1874,-0.7089,-0.1365,0.6873,-25.038,-37.631,109.887
9847752,1475,1996,1852,-0.7094,-0.1303,0.7010,-25.144,-38.886,106.860
9847762,1840,1996,1853,-0.7139,-0.1190,0.7111,-25.577,-39.757,104.174
9847772,1525,1946,1863,-0.7208,-0.1075,0.7153,-26.097,-40.531,101.478
9847782,1390,1914,1854,-0.7284,-0.1007,0.7136,-26.387,-41.239,98.532
9847792,1473,1908,1857,-0.7331,-0.0994,0.7122,-26.367,-42.113,95.377
9847802,1913,1907,1915,-0.7344,-0.1031,0.7137,-26.099,-43.185,92.280
9847812,1387,2032,1961,-0.7381,-0.1032,0.7151,-25.446,-44.069,89.586
9847822,1502,1863,1853,-0.7421,-0.0981,0.7195,-24.744,-44.886,87.327
9847832,1592,1858,1867,-0.7419,-0.0917,0.7241,-24.205,-45.771,85.335
9847842,1629,1964,1951,-0.7494,-0.0693,0.7322,-23.679,-46.578,83.510
9847852,1821,1888,1857,-0.7501,-0.0571,0.7444,-23.306,-47.586,81.462
9847862,1674,1855,1932,-0.7423,-0.0485,0.7708,-23.703,-49.416,79.292
9847872,1705,1935,1854,-0.7373,-0.0352,0.7838,-24.615,-50.815,77.307
9847882,1578,1918,1887,-0.7334,-0.0226,0.7981,-26.016,-51.767,75.335
9847892,1506,1897,1853,-0.7279,-0.0183,0.8148,-27.696,-52.597,73.138
9847902,1701,1855,1971,-0.7283,-0.0200,0.8060,-29.040,-52.509,70.706
9847912,1539,1859,1860,-0.7292,-0.0223,0.8008,-29.828,-52.167,68.342
9847922,1417,1915,1871,-0.7325,-0.0266,0.8027,-30.112,-52.156,66.228
9847932,1416,1975,1982,-0.7363,-0.0238,0.8003,-29.617,-51.828,64.495
9847942,1401,1901,1867,-0.7358,-0.0235,0.8058,-28.899,-51.610,63.092
9847952,2003,1983,1911,-0.7346,-0.0165,0.8205,-28.790,-51.927,61.883
9847962,1403,1869,1871,-0.7314,-0.0054,0.8347,-29.268,-52.190,60.731
9847972,1519,1979,1870,-0.7174,0.0060,0.8566,-30.507,-52.720,59.415
9847982,1438,1923,1915,-0.7012,0.0153,0.8702,-32.363,-53.053,57.993
9847992,1788,1854,1868,-0.6918,0.0213,0.8757,-34.320,-52.537,56.506
9848002,1617,1870,1898,-0.6826,0.0162,0.8918,-36.631,-52.119,54.722
9848012,1630,1910,1855,-0.6762,0.0086,0.9020,-38.411,-51.444,52.944
9848022,1471,1854,1892,-0.6708,-0.0007,0.9174,-39.500,-50.407,51.278
9848032,1818,1856,1887,-0.6620,-0.0135,0.9407,-40.228,-49.479,49.718
9848042,1516,1860,1889,-0.6546,-0.0259,0.9520,-40.472,-47.872,48.310
9848052,1410,1878,1867,-0.6490,-0.0277,0.9580,-40.244,-45.743,47.225
9848062,1401,1865,1905,-0.6421,-0.0313,0.9669,-39.784,-43.623,46.173
9848072,1809,1910,1922,-0.6364,-0.0377,0.9686,-38.939,-41.379,44.944
9848082,1616,1856,2090,-0.6300,-0.0441,0.9685,-37.646,-39.134,43.580
9848092,1440,1981,1856,-0.6245,-0.0486,0.9738,-36.013,-37.217,42.033
9848102,1377,1858,1896,-0.6180,-0.0524,0.9778,-33.823,-35.443,40.317
9848112,1414,1911,1867,-0.6131,-0.0516,0.9789,-30.828,-33.528,38.473
9848122,2335,2142,1954,-0.6061,-0.0514,0.9820,-27.106,-31.679,36.591
9848132,1975,2148,1888,-0.6010,-0.0550,0.9753,-23.044,-29.608,34.537
9848142,1416,1853,1876,-0.6009,-0.0547,0.9544,-18.702,-27.318,32.423
9848152,1474,1931,1865,-0.5999,-0.0592,0.9344,-14.119,-25.364,30.194
9848162,1559,1881,1924,-0.5978,-0.0573,0.9378,-9.660,-24.204,27.966
9848172,1438,1916,1968,-0.5908,-0.0498,0.9481,-5.999,-23.581,26.111
9848182,1829,1902,1946,-0.5836,-0.0361,0.9646,-3.754,-22.921,24.544
9848192,1790,1854,1862,-0.5814,-0.0260,0.9747,-3.605,-22.124,23.185
9848202,1435,1903,1853,-0.5847,-0.0213,0.9557,-5.117,-20.667,21.861
9848212,1605,1977,1972,-0.5875,-0.0193,0.9378,-7.545,-19.487,20.530
9848222,1742,1928,1855,-0.5876,-0.0236,0.9284,-10.320,-19.386,19.100
9848232,1465,1858,1877,-0.5884,-0.0295,0.9111,-12.588,-19.573,17.637
9848242,1636,1900,1942,-0.5851,-0.0395,0.9089,-14.551,-20.299,16.173
9848252,1608,1910,1856,-0.5786,-0.0470,0.9283,-16.456,-21.578,14.885
9848262,1509,1863,2151,-0.5721,-0.0424,0.9417,-18.343,-22.524,13.958
9848272,1646,1856,1960,-0.5666,-0.0372,0.9367,-19.953,-22.501,13.063
9848282,1993,1864,1874,-0.5671,-0.0332,0.9304,-21.281,-22.144,11.766
9848292,2056,1885,1942,-0.5695,-0.0363,0.9186,-21.933,-21.835,10.120
9848302,1623,2040,1877,-0.5728,-0.0439,0.9071,-21.682,-21.596,8.267
9848312,2009,1915,1896,-0.5731,-0.0496,0.9088,-21.010,-22.012,6.642
9848322,1401,1898,1926,-0.5705,-0.0586,0.9068,-20.030,-22.657,5.282
9848332,2161,1934,1880,-0.5676,-0.0676,0.9138,-18.942,-23.371,4.146
9848342,2252,1956,2032,-0.5639,-0.0713,0.9271,-18.036,-24.166,3.422
9848352,1708,1911,1869,-0.5577,-0.0785,0.9406,-17.429,-24.595,3.061
9848362,1531,1946,1874,-0.5513,-0.0865,0.9563,-17.617,-24.751,3.025
9848372,1935,1937,1969,-0.5466,-0.0939,0.9682,-18.632,-24.606,3.302
9848382,2832,1877,1950,-0.5440,-0.1002,0.9807,-20.202,-24.155,3.753
9848392,4067,2152,1958,-0.5448,-0.1045,0.9857,-21.808,-23.384,4.319
9848402,1043,2075,2035,-0.5436,-0.1121,0.9876,-22.959,-22.309,4.805
9848412,2657,1900,1955,-0.5295,-0.1164,1.0156,-23.791,-21.796,5.431
9848422,2985,1867,1994,-0.5228,-0.1289,1.0268,-24.305,-20.728,6.125
9848432,1308,1862,1870,-0.5282,-0.1413,0.9852,-23.790,-18.016,6.471
9848442,1244,1910,1892,-0.5447,-0.1517,0.9311,-21.145,-15.548,6.177
9848452,1981,2293,2086,-0.5654,-0.1503,0.8819,-15.360,-14.642,5.358
9848462,1612,1863,1940,-0.5661,-0.1428,0.9024,-5.769,-14.968,4.632
9848472,4095,2104,1865,-0.5387,-0.0997,0.9956,-0.013,-14.893,6.185
9848482,3249,2052,1959,-0.5139,-0.0559,1.0573,0.413,-10.151,7.862
9848492,1369,1871,1877,-0.4896,-0.0324,1.1031,-4.305,-5.598,7.962
9848502,1943,2116,1859,-0.4742,-0.0149,1.0857,-8.886,0.835,6.948
9848512,1186,1904,1904,-0.4720,-0.0184,1.0609,-12.381,6.955,5.048
9848522,779,1894,1855,-0.4831,-0.0354,1.0269,-13.892,11.797,2.182
9848532,1582,1888,1860,-0.5024,-0.0679,0.9841,-11.815,15.827,-1.703
9848542,859,1863,1878,-0.5229,-0.0942,0.9441,-5.758,18.859,-5.610
9848552,828,1887,1920,-0.5468,-0.1214,0.8798,2.978,21.237,-9.016
9848562,799,1854,1933,-0.5638,-0.1494,0.8306,12.183,21.755,-11.605
9848572,891,1950,1948,-0.5733,-0.1572,0.8199,19.909,19.266,-12.840
9848582,1107,2073,2026,-0.5786,-0.1515,0.8150,25.862,15.405,-12.786
9848592,1001,1872,1912,-0.5828,-0.1472,0.8155,29.216,11.329,-12.084
9848602,1159,1852,1856,-0.5851,-0.1344,0.8308,29.253,6.760,-10.690
9848612,1789,2084,1888,-0.5831,-0.1250,0.8602,25.777,1.685,-8.581
9848622,1511,1868,1864,-0.5783,-0.1291,0.8871,18.665,-3.452,-6.137
9848632,876,1869,1955,-0.5843,-0.1498,0.8611,9.597,-7.031,-3.711
9848642,748,2002,1890,-0.6059,-0.1909,0.8129,0.926,-9.573,-1.447
9848652,1586,2055,1931,-0.6115,-0.1227,0.9072,-6.680,-14.167,2.487
9848662,1508,1853,1893,-0.6081,0.0098,1.0931,-13.784,-20.039,7.513
9848672,1645,1873,1853,-0.5791,0.1480,1.1582,-19.799,-19.237,9.844
9848682,1078,1871,1887,-0.5155,0.1755,1.1770,-25.875,-14.320,8.344
9848692,1341,1953,1852,-0.4764,0.1351,1.1586,-32.833,-8.779,3.272
9848702,2210,2029,1853,-0.4765,0.0654,1.1245,-38.006,-2.652,-2.872
9848712,929,1917,1893,-0.4922,-0.0217,1.0656,-39.467,3.378,-9.327
9848722,1201,1926,1885,-0.5178,-0.1376,0.9999,-34.979,8.793,-15.339
9848732,1195,1901,1857,-0.5463,-0.2512,0.9378,-25.574,12.684,-19.685
9848742,770,1868,1853,-0.5813,-0.3293,0.8709,-12.773,15.422,-20.938
9848752,990,1890,1869,-0.6048,-0.3654,0.8166,0.364,16.250,-19.222
9848762,1065,1852,1857,-0.6117,-0.3573,0.7873,11.720,14.525,-15.235
9848772,1001,1853,1863,-0.6104,-0.3218,0.7889,20.031,10.825,-10.272
9848782,836,1876,1852,-0.5998,-0.2715,0.8291,24.501,5.937,-5.311
9848792,1421,1853,1865,-0.5921,-0.2198,0.8558,25.256,1.759,-0.940
9848802,1572,1949,2050,-0.5832,-0.1677,0.8682,23.263,-1.000,2.927
9848812,966,1904,2045,-0.5725,-0.1226,0.8972,18.397,-3.827,6.100
9848822,1045,1874,1904,-0.5611,-0.0822,0.9205,11.558,-6.371,8.410
9848832,1900,1865,2036,-0.5542,-0.0573,0.9332,4.356,-7.913,9.644
9848842,2034,2113,1954,-0.5424,-0.0526,0.9601,-2.176,-9.342,9.731
9848852,1845,1951,1850,-0.5234,-0.0600,1.0038,-7.465,-10.747,9.015
9848862,1884,1893,1878,-0.5098,-0.0740,1.0233,-11.006,-10.640,7.864
9848872,1670,1960,1867,-0.5144,-0.1037,0.9840,-12.512,-8.504,5.987
9848882,1069,1864,1917,-0.5472,-0.1394,0.8917,-10.878,-5.651,3.396
9848892,1172,1874,1931,-0.5867,-0.1389,0.8632,-4.272,-4.916,1.234
9848902,1740,2049,1854,-0.5654,-0.1157,1.0129,4.884,-8.154,0.729
9848912,1464,1907,1854,-0.5423,-0.0680,1.0764,11.409,-9.396,1.513
9848922,2303,2031,1924,-0.5200,-0.0246,1.0836,14.029,-5.625,2.745
9848932,2084,1865,1871,-0.5058,-0.0382,1.1381,10.807,-2.974,1.842
9848942,1435,1892,1852,-0.4907,-0.0386,1.1419,5.930,0.530,0.368
9848952,1198,1952,1867,-0.5005,-0.0230,1.0954,2.350,6.221,-0.745
9848962,1006,1914,1859,-0.5141,-0.0378,1.0611,0.036,10.698,-2.611
9848972,1516,1894,1853,-0.5312,-0.0894,1.0219,-0.686,13.861,-5.569
9848982,1749,1851,1853,-0.5501,-0.1331,0.9634,2.060,16.964,-8.075
9848992,896,1872,1860,-0.5669,-0.1502,0.9174,7.702,18.973,-9.414
9849002,4095,2081,1919,-0.5812,-0.1561,0.8784,14.401,19.422,-9.978
9849012,762,1862,1853,-0.5948,-0.1590,0.8447,20.872,18.585,-10.213
9849022,995,1872,1878,-0.6023,-0.1609,0.8343,26.213,16.273,-10.049
9849032,1192,1929,1853,-0.6017,-0.1547,0.8404,29.503,12.868,-9.318
9849042,778,1862,1872,-0.5983,-0.1371,0.8533,30.273,9.273,-7.890
9849052,1001,1851,1901,-0.5952,-0.1140,0.8604,28.087,5.859,-5.947
9849062,813,1909,2170,-0.5964,-0.0972,0.8606,23.171,2.778,-3.887
9849072,808,1924,1983,-0.6009,-0.0854,0.8612,16.303,-0.300,-1.751
9849082,770,1849,2570,-0.6001,-0.0672,0.8789,8.325,-3.787,0.617
9849092,801,1897,1953,-0.5951,-0.0396,0.9150,-0.356,-7.678,3.002
9849102,749,1895,1922,-0.5833,-0.0116,0.9606,-8.842,-11.299,4.851
9849112,1163,1895,1900,-0.5682,-0.0071,1.0036,-16.443,-13.839,5.471
9849122,1485,1856,1881,-0.5484,-0.0482,0.9915,-22.607,-14.555,4.974
9849132,945,1884,1853,-0.5658,-0.0606,0.9473,-26.110,-13.332,4.758
9849142,765,1868,1855,-0.5679,-0.0077,0.9875,-27.616,-12.682,5.423
9849152,933,1853,1850,-0.5563,0.0918,1.0907,-27.901,-13.748,5.448
9849162,762,1890,1882,-0.5352,0.1630,1.0779,-24.874,-9.117,2.850
9849172,776,1929,1883,-0.5012,0.1248,1.0881,-22.431,-3.808,-4.112
9849182,1241,1862,1860,-0.4788,0.0030,1.0910,-21.972,0.411,-12.641
9849192,761,1864,1915,-0.4952,-0.0971,1.0302,-20.990,6.450,-18.404
9849202,991,1873,1852,-0.5298,-0.1598,0.9628,-18.800,11.843,-21.000
9849212,807,1949,1852,-0.5604,-0.2263,0.8911,-13.872,15.559,-22.240
9849222,772,1868,1891,-0.5811,-0.3000,0.8368,-6.017,17.316,-22.518
9849232,947,1852,1850,-0.5967,-0.3480,0.8086,2.387,16.844,-20.787
9849242,819,1857,1851,-0.6080,-0.3531,0.7845,8.892,14.940,-16.798
9849252,1968,1904,1849,-0.6100,-0.3161,0.7875,12.443,11.526,-11.304
9849262,1368,1920,1871,-0.6004,-0.2569,0.8232,13.009,6.802,-5.570
9849272,805,1849,1870,-0.5879,-0.1974,0.8507,11.107,2.642,-0.839
9849282,910,1850,1878,-0.5774,-0.1567,0.8587,7.587,-0.074,2.361
9849292,1175,1917,1894,-0.5690,-0.1356,0.8798,2.784,-2.466,4.231
9849302,1300,1983,1987,-0.5596,-0.1150,0.9060,-2.627,-4.750,5.401
9849312,834,1913,1921,-0.5528,-0.1021,0.9210,-7.591,-6.041,5.945
9849322,781,1851,1870,-0.5468,-0.1001,0.9444,-11.408,-6.788,5.743
9849332,985,1860,1854,-0.5397,-0.1012,0.9705,-13.797,-7.274,4.951
9849342,953,1895,1851,-0.5385,-0.1107,0.9686,-14.197,-6.469,3.625
9849352,990,1875,1870,-0.5462,-0.1324,0.9374,-13.111,-5.021,1.674
9849362,1015,1998,1909,-0.5675,-0.1233,0.8832,-9.731,-3.891,-0.455
9849372,1273,1851,1856,-0.5820,-0.1064,0.9388,-2.697,-4.518,-2.173
9849382,1025,1872,1860,-0.5736,-0.0879,1.0355,3.714,-6.402,-3.549
9849392,827,1855,1852,-0.5555,-0.0499,1.0424,8.709,-4.459,-3.697
9849402,884,1851,1852,-0.5414,-0.0497,1.0576,9.712,-1.519,-4.257
9849412,1250,1891,1869,-0.5290,-0.0720,1.0690,6.917,0.625,-5.996
9849422,916,1857,1850,-0.5313,-0.0840,1.0315,3.928,3.917,-7.782
9849432,861,1853,1857,-0.5424,-0.0940,0.9885,2.215,6.913,-9.299
9849442,778,1849,1856,-0.5580,-0.1211,0.9706,1.778,8.083,-11.004
9849452,932,1889,1868,-0.5684,-0.1520,0.9453,3.652,8.711,-12.383
9849462,882,1852,1858,-0.5741,-0.1731,0.9186,7.425,9.076,-13.067
9849472,856,1882,1856,-0.5746,-0.1760,0.9170,11.750,8.417,-13.203
9849482,794,1857,1861,-0.5757,-0.1620,0.9333,15.500,7.070,-13.115
9849492,807,1857,1854,-0.5760,-0.1353,0.9551,18.224,5.692,-13.068
9849502,825,1930,1852,-0.5753,-0.1125,0.9832,19.671,4.436,-13.398
9849512,1187,1906,1855,-0.5720,-0.0951,1.0093,19.743,3.447,-14.193
9849522,802,1867,1859,-0.5694,-0.0832,1.0327,18.854,3.137,-15.324
9849532,886,1863,1854,-0.5675,-0.0760,1.0592,17.397,3.253,-16.723
9849542,1096,1857,1855,-0.5658,-0.0674,1.0818,16.155,3.944,-18.331
9849552,825,1863,1850,-0.5679,-0.0587,1.1009,16.044,5.560,-20.143
9849562,888,1850,1855,-0.5701,-0.0523,1.1188,17.084,7.790,-22.255
9849572,1041,1907,1858,-0.5736,-0.0465,1.1287,19.259,10.729,-24.761
9849582,2006,1973,1881,-0.5759,-0.0419,1.1337,22.426,14.239,-27.597
9849592,805,1942,1853,-0.5798,-0.0365,1.1346,26.149,17.797,-30.657
9849602,897,1849,1858,-0.5859,-0.0271,1.1254,30.210,21.356,-33.805
9849612,790,1877,1853,-0.5859,-0.0193,1.1334,33.928,24.325,-37.098
9849622,917,1885,1880,-0.5879,-0.0156,1.1242,37.775,27.474,-40.677
9849632,799,1908,1870,-0.5959,-0.0078,1.0974,42.302,31.261,-44.320
9849642,788,2064,1851,-0.6013,-0.0043,1.0825,46.745,34.188,-48.163
9849652,1354,1980,1870,-0.6081,-0.0015,1.0588,51.281,36.691,-52.242
9849662,787,1864,1855,-0.6138,0.0013,1.0401,55.888,38.839,-56.348
9849672,886,1855,1856,-0.6187,0.0027,1.0291,60.014,40.140,-60.528
9849682,1175,1973,1865,-0.6228,0.0089,1.0136,63.964,41.230,-64.609
9849692,1055,1909,1857,-0.6286,0.0162,0.9975,67.633,42.079,-68.611
9849702,853,1878,1852,-0.6350,0.0196,0.9815,70.956,42.545,-72.695
9849712,915,1906,1852,-0.6391,0.0194,0.9680,73.925,42.641,-76.812
9849722,1949,1999,1866,-0.6438,0.0167,0.9541,76.454,42.417,-80.854
9849732,804,1881,1850,-0.6467,0.0161,0.9437,78.617,41.794,-84.694
9849742,830,1850,1856,-0.6509,0.0134,0.9396,80.395,40.809,-88.406
9849752,1190,1851,1859,-0.6533,0.0103,0.9347,82.061,39.898,-92.013
9849762,1082,1934,1871,-0.6527,0.0035,0.9309,83.591,39.084,-95.548
9849772,830,1977,1857,-0.6517,-0.0052,0.9256,84.978,38.429,-98.860
9849782,1032,1982,1852,-0.6499,-0.0181,0.9152,86.204,37.981,-101.724
9849792,802,1862,1853,-0.6524,-0.0220,0.9053,87.114,37.420,-104.021
9849802,997,1851,1853,-0.6529,-0.0276,0.8994,87.610,36.640,-106.062
9849812,891,1852,1870,-0.6519,-0.0311,0.8890,87.643,35.803,-108.168
9849822,940,1880,1856,-0.6501,-0.0347,0.8734,87.649,35.017,-110.262
9849832,813,1877,1862,-0.6409,-0.0406,0.8637,87.359,33.803,-112.298
9849842,1169,1849,1852,-0.6365,-0.0419,0.8571,86.610,32.350,-114.138
9849852,864,1904,1852,-0.6361,-0.0427,0.8445,85.664,31.022,-115.756
9849862,816,1946,1858,-0.6347,-0.0460,0.8386,84.241,29.446,-117.457
9849872,811,1850,1873,-0.6326,-0.0457,0.8319,82.815,27.664,-119.143
9849882,870,1913,1856,-0.6315,-0.0505,0.8144,81.497,26.064,-121.056
9849892,859,1855,1873,-0.6268,-0.0615,0.8035,80.415,24.261,-123.149
9849902,977,1873,1852,-0.6228,-0.0720,0.7961,79.501,22.044,-125.258
9849912,878,1856,1853,-0.6154,-0.0853,0.7904,78.837,19.718,-127.197
9849922,822,1846,1856,-0.6063,-0.0999,0.7903,78.052,17.229,-128.758
9849932,847,1866,1858,-0.5973,-0.1106,0.7893,77.050,14.731,-129.722
9849942,1060,2024,1867,-0.5901,-0.1149,0.7879,75.856,12.433,-130.141
9849952,848,1857,1855,-0.5833,-0.1207,0.7863,74.338,10.275,-130.269
9849962,1145,1848,1856,-0.5764,-0.1240,0.7826,72.447,8.109,-130.274
9849972,858,1862,1853,-0.5704,-0.1293,0.7756,70.280,5.871,-130.220
9849982,839,1891,1861,-0.5659,-0.1331,0.7704,67.672,3.296,-130.165
9849992,938,1855,1858,-0.5604,-0.1365,0.7657,64.659,0.376,-130.094
9850002,902,1850,1861,-0.5526,-0.1415,0.7587,61.249,-2.793,-130.246
9850012,823,1854,1853,-0.5442,-0.1482,0.7527,57.602,-6.207,-130.594
9850022,824,1875,1884,-0.5321,-0.1533,0.7463,54.001,-9.678,-131.014
9850032,894,1851,1855,-0.5205,-0.1595,0.7430,50.614,-13.221,-131.538
9850042,885,1850,1854,-0.5107,-0.1677,0.7432,47.578,-16.803,-132.107
9850052,824,1852,1853,-0.4999,-0.1763,0.7447,44.881,-20.329,-132.614
9850062,866,1885,1863,-0.4902,-0.1834,0.7458,42.326,-23.815,-133.060
9850072,977,1907,1863,-0.4806,-0.1947,0.7449,39.677,-27.253,-133.564
9850082,946,1851,1855,-0.4695,-0.2023,0.7408,36.986,-30.750,-134.094
9850092,855,1853,1863,-0.4555,-0.2132,0.7410,34.479,-34.478,-134.607
9850102,1108,1855,1858,-0.4373,-0.2238,0.7423,32.127,-38.440,-135.058
9850112,1018,1875,1860,-0.4183,-0.2350,0.7444,30.095,-42.298,-135.509
9850122,920,1852,1860,-0.3952,-0.2515,0.7558,28.320,-46.161,-135.885
9850132,1087,1856,1861,-0.3711,-0.2686,0.7668,26.763,-49.718,-136.117
9850142,848,1851,1860,-0.3468,-0.2802,0.7751,25.459,-52.658,-136.066
9850152,1134,1861,1858,-0.3220,-0.2881,0.7858,24.348,-55.153,-135.761
9850162,947,1854,1856,-0.3025,-0.2968,0.8002,23.606,-57.244,-135.409
9850172,899,1854,1857,-0.2862,-0.3016,0.8103,23.440,-58.732,-135.072
9850182,1216,1896,1855,-0.2655,-0.3091,0.8207,24.570,-59.824,-135.018
9850192,932,1893,1858,-0.2468,-0.3221,0.8291,26.162,-60.623,-135.215
9850202,1040,1869,1855,-0.2229,-0.3302,0.8482,27.871,-61.541,-135.472
9850212,847,1856,1870,-0.2018,-0.3412,0.8626,29.624,-62.174,-135.931
9850222,887,1870,1879,-0.1771,-0.3511,0.8625,31.775,-62.283,-136.439
9850232,900,1852,1891,-0.1536,-0.3644,0.8690,34.204,-62.363,-136.898
9850242,842,1857,1854,-0.1305,-0.3750,0.8721,37.007,-62.661,-137.002
9850252,1012,1848,1870,-0.1084,-0.3844,0.8796,39.924,-63.093,-136.680
9850262,841,1852,1856,-0.0856,-0.3929,0.8921,43.007,-63.856,-135.860
9850272,1048,1856,1855,-0.0612,-0.3991,0.9139,45.590,-64.777,-134.537
9850282,1229,1855,1856,-0.0360,-0.4022,0.9384,47.322,-65.669,-132.726
9850292,854,1863,1857,-0.0147,-0.4009,0.9558,48.101,-66.092,-130.503
9850302,963,1850,1860,0.0051,-0.4014,0.9728,48.059,-66.245,-127.965
9850312,911,1871,1876,0.0232,-0.4062,0.9796,47.315,-66.103,-125.267
9850322,986,1863,1893,0.0433,-0.4158,0.9929,46.347,-65.882,-122.415
9850332,940,1845,1861,0.0615,-0.4228,1.0068,45.175,-65.716,-119.360
9850342,965,1850,1854,0.0749,-0.4265,1.0136,44.225,-65.116,-116.063
9850352,1316,1890,1873,0.0829,-0.4427,1.0330,43.394,-64.654,-112.623
9850362,858,1854,1855,0.0956,-0.4335,1.0416,42.669,-63.999,-109.028
9850372,1221,1899,1859,0.1127,-0.4320,1.0543,42.516,-63.208,-105.632
9850382,1022,1886,1864,0.1267,-0.4314,1.0677,42.880,-62.033,-102.345
9850392,860,1877,1899,0.1360,-0.4218,1.0829,43.463,-60.779,-98.975
9850402,870,1850,1855,0.1435,-0.4102,1.1015,44.091,-59.380,-95.631
9850412,887,1933,1861,0.1491,-0.3958,1.1172,44.759,-57.911,-92.378
9850422,868,1865,1862,0.1546,-0.3825,1.1352,45.408,-56.394,-89.376
9850432,859,1849,1873,0.1628,-0.3693,1.1494,45.561,-55.025,-86.736
9850442,1004,1850,1853,0.1673,-0.3551,1.1578,45.213,-53.535,-84.352
9850452,870,1869,1874,0.1774,-0.3485,1.1690,44.519,-52.203,-82.062
9850462,888,1858,1878,0.1879,-0.3390,1.1811,43.216,-51.211,-79.686
9850472,1091,1870,1871,0.2012,-0.3370,1.1909,41.322,-50.072,-77.184
9850482,881,1911,1852,0.2154,-0.3402,1.2014,38.848,-48.880,-74.565
9850492,988,1852,1855,0.2254,-0.3378,1.2066,35.948,-47.531,-71.607
9850502,968,1867,1858,0.2362,-0.3353,1.2090,33.119,-46.040,-68.496
9850512,871,1907,1893,0.2440,-0.3366,1.2092,30.680,-44.541,-65.400
9850522,900,1850,1866,0.2500,-0.3335,1.2058,28.931,-42.984,-62.155
9850532,1062,1904,1875,0.2557,-0.3317,1.2054,27.542,-41.530,-58.964
9850542,911,1848,1854,0.2604,-0.3281,1.2043,26.380,-40.098,-55.830
9850552,878,1885,1920,0.2647,-0.3204,1.2072,25.314,-38.735,-52.754
9850562,895,1910,1855,0.2681,-0.3140,1.2126,24.220,-37.386,-49.819
9850572,889,1866,1877,0.2683,-0.3084,1.2206,22.972,-35.974,-47.018
9850582,908,1849,1850,0.2719,-0.3074,1.2224,21.556,-34.385,-44.293
9850592,954,1869,1881,0.2741,-0.3073,1.2281,20.004,-32.817,-41.578
9850602,1000,1861,1863,0.2768,-0.3086,1.2306,18.284,-31.131,-38.772
9850612,1056,1845,1854,0.2803,-0.3074,1.2287,16.512,-29.361,-35.834
9850622,980,1849,1864,0.2819,-0.3075,1.2260,14.801,-27.549,-32.857
9850632,895,1858,1861,0.2807,-0.3050,1.2185,13.365,-25.697,-29.902
9850642,902,1848,1866,0.2810,-0.3040,1.2141,12.199,-23.965,-27.035
9850652,925,1860,1859,0.2799,-0.2989,1.2034,11.303,-22.303,-24.370
9850662,1008,1879,1854,0.2778,-0.2916,1.1976,10.775,-20.846,-21.971
9850672,889,1849,1868,0.2747,-0.2868,1.1893,10.581,-19.524,-19.880
9850682,1070,1857,1859,0.2737,-0.2816,1.1812,10.853,-18.234,-18.023
9850692,1248,1847,1853,0.2729,-0.2776,1.1706,11.361,-17.091,-16.326
9850702,971,1853,1865,0.2711,-0.2718,1.1606,12.098,-16.014,-14.712
9850712,883,1858,1870,0.2680,-0.2634,1.1499,13.050,-15.108,-13.109
9850722,1055,1872,1858,0.2658,-0.2569,1.1399,14.329,-14.276,-11.681
9850732,920,1892,1900,0.2617,-0.2471,1.1338,15.841,-13.675,-10.507
9850742,909,1855,1853,0.2605,-0.2380,1.1307,17.503,-13.213,-9.642
9850752,1064,1888,1862,0.2586,-0.2283,1.1296,19.081,-12.796,-9.085
9850762,970,1868,1863,0.2567,-0.2169,1.1200,20.832,-12.369,-8.634
9850772,927,1850,1857,0.2620,-0.2109,1.1396,22.500,-12.226,-8.403
9850782,893,1853,1854,0.2747,-0.1678,1.1415,23.516,-12.002,-7.982
9850792,921,1870,1867,0.2753,-0.1649,1.1848,24.068,-11.236,-7.584
9850802,894,1847,1853,0.2868,-0.1701,1.1796,24.051,-9.533,-7.812
9850812,911,1865,1889,0.2906,-0.1731,1.2009,24.083,-7.248,-7.465
9850822,895,1847,1873,0.2853,-0.1742,1.2104,23.568,-5.749,-6.726
9850832,893,1874,1927,0.2777,-0.1812,1.1969,23.208,-3.399,-5.941
9850842,895,1848,1878,0.2733,-0.1772,1.1926,23.221,-2.076,-5.138
9850852,931,1868,1869,0.2697,-0.1676,1.1712,23.347,-0.724,-4.350
9850862,909,1847,1856,0.2704,-0.1591,1.1564,23.553,0.076,-3.683
9850872,903,1866,1856,0.2708,-0.1505,1.1405,23.918,0.519,-3.157
9850882,906,1848,1853,0.2694,-0.1370,1.1290,24.384,0.709,-2.730
9850892,911,1855,2155,0.2653,-0.1229,1.1224,24.714,0.620,-2.569
9850902,903,1849,1918,0.2624,-0.1118,1.1183,24.856,0.447,-2.825
9850912,915,1879,1916,0.2619,-0.1039,1.1189,24.900,0.141,-3.397
9850922,906,1844,1861,0.2615,-0.1006,1.1204,24.821,-0.012,-4.092
9850932,926,1861,1856,0.2621,-0.0991,1.1216,24.543,0.037,-4.690
9850942,916,1851,1920,0.2613,-0.0935,1.1181,24.155,0.232,-5.079
9850952,914,1870,1910,0.2590,-0.0903,1.1108,23.821,0.607,-5.440
9850962,919,1847,1894,0.2594,-0.0920,1.1068,23.612,0.927,-5.925
9850972,920,1877,2069,0.2607,-0.0917,1.1011,23.905,1.206,-6.355
9850982,912,1845,2072,0.2606,-0.0864,1.1037,24.620,1.211,-6.759
9850992,924,1849,1867,0.2615,-0.0853,1.1072,25.605,1.110,-7.286
9851002,970,1852,1852,0.2675,-0.0857,1.1160,26.822,1.011,-7.889
9851012,942,1858,1861,0.2715,-0.0827,1.1250,28.004,0.899,-8.352
9851022,930,1846,1870,0.2697,-0.0736,1.1261,28.686,1.016,-8.583
9851032,919,1850,1874,0.2664,-0.0675,1.1262,28.477,1.181,-8.663
9851042,918,1848,1862,0.2643,-0.0592,1.1237,27.426,1.246,-8.546
9851052,919,1870,1855,0.2644,-0.0480,1.1261,26.134,1.075,-8.125
9851062,1071,1871,1853,0.2640,-0.0366,1.1285,24.795,0.822,-7.663
9851072,946,1891,1896,0.2622,-0.0291,1.1275,23.623,0.878,-7.245
9851082,916,1849,1876,0.2586,-0.0191,1.1249,22.413,0.856,-6.821
9851092,949,1864,1855,0.2565,-0.0069,1.1222,20.867,0.740,-6.334
9851102,920,1855,1946,0.2540,0.0073,1.1235,18.850,0.473,-5.849
9851112,975,1896,1880,0.2520,0.0143,1.1210,16.447,0.217,-5.626
9851122,921,1897,1858,0.2526,0.0141,1.1197,14.076,0.038,-5.586
9851132,937,1860,1865,0.2547,0.0157,1.1190,12.088,-0.176,-5.478
9851142,924,1852,1858,0.2569,0.0164,1.1213,10.442,-0.409,-5.328
9851152,925,1869,1911,0.2566,0.0151,1.1235,9.066,-0.545,-5.247
9851162,925,1853,1852,0.2572,0.0126,1.1242,7.532,-0.595,-5.245
9851172,941,1880,1853,0.2553,0.0119,1.1255,6.011,-0.614,-5.161
9851182,934,1854,1855,0.2556,0.0063,1.1282,4.284,-0.770,-5.109
9851192,930,1876,1869,0.2553,-0.0019,1.1242,2.793,-0.694,-5.021
9851202,930,1849,1868,0.2546,-0.0058,1.1206,1.666,-0.681,-4.776
9851212,960,1868,1926,0.2552,-0.0063,1.1181,0.967,-0.754,-4.399
9851222,930,1855,1880,0.2533,-0.0046,1.1207,0.645,-0.935,-4.042
9851232,944,1857,1909,0.2523,-0.0037,1.1189,0.479,-0.960,-3.810
9851242,932,1847,1860,0.2513,-0.0027,1.1216,0.530,-0.925,-3.621
9851252,937,1860,1861,0.2525,-0.0006,1.1239,0.650,-0.955,-3.417
9851262,939,1848,1862,0.2534,-0.0008,1.1266,0.814,-0.882,-3.212
9851272,946,1869,1876,0.2526,-0.0012,1.1251,0.888,-0.712,-3.027
9851282,942,1848,1853,0.2520,-0.0007,1.1238,0.942,-0.460,-2.848
9851292,969,1896,2085,0.2518,-0.0011,1.1221,0.921,-0.357,-2.692
9851302,939,1861,1927,0.2530,-0.0012,1.1184,0.913,-0.203,-2.535
9851312,963,1891,1870,0.2536,0.0008,1.1172,1.029,-0.165,-2.356
9851322,947,1849,1855,0.2539,0.0002,1.1187,1.169,-0.168,-2.200
9851332,979,1901,1944,0.2540,0.0006,1.1198,1.255,-0.174,-2.044
9851342,944,1854,1890,0.2536,0.0019,1.1195,1.288,-0.163,-1.861
9851352,981,1898,1872,0.2544,0.0028,1.1207,1.220,-0.225,-1.680
9851362,953,1848,1896,0.2548,0.0027,1.1201,1.058,-0.260,-1.531
9851372,959,1874,1855,0.2551,0.0023,1.1216,0.893,-0.228,-1.396
9851382,948,1850,1856,0.2548,0.0025,1.1203,0.721,-0.214,-1.239
9851392,946,1852,1961,0.2547,0.0029,1.1179,0.547,-0.181,-1.075
9851402,952,1849,1906,0.2544,0.0037,1.1149,0.335,-0.204,-0.979
9851412,962,1874,1886,0.2555,0.0042,1.1150,0.061,-0.236,-0.985
9851422,957,1852,1921,0.2533,0.0059,1.1213,-0.289,-0.341,-1.054
9851432,967,1883,1883,0.2528,0.0029,1.1226,-0.840,-0.401,-1.241
9851442,953,1852,1852,0.2530,-0.0027,1.1229,-1.314,-0.228,-1.416
9851452,953,1854,1897,0.2544,-0.0054,1.1227,-1.719,-0.269,-1.453
9851462,956,1847,1853,0.2532,-0.0062,1.1216,-1.893,-0.209,-1.404
9851472,962,1873,1884,0.2535,-0.0083,1.1243,-1.935,-0.280,-1.354
9851482,963,1846,1856,0.2539,-0.0099,1.1234,-1.706,-0.170,-1.288
9851492,973,1888,1936,0.2548,-0.0100,1.1240,-1.414,-0.085,-1.146
9851502,958,1847,1910,0.2551,-0.0086,1.1224,-1.215,0.010,-0.970
9851512,971,1874,1893,0.2543,-0.0084,1.1190,-1.214,0.097,-0.807
9851522,958,1856,1959,0.2550,-0.0026,1.1136,-1.275,0.164,-0.633
9851532,961,1862,1910,0.2535,0.0000,1.1190,-1.459,0.022,-0.568
9851542,962,1849,1862,0.2528,-0.0000,1.1184,-1.554,0.019,-0.616
9851552,972,1881,1851,0.2530,-0.0024,1.1214,-1.646,-0.007,-0.629
9851562,960,1849,1851,0.2521,0.0009,1.1229,-1.714,-0.086,-0.550
9851572,961,1851,1853,0.2518,-0.0009,1.1241,-2.126,-0.166,-0.546
9851582,978,1850,1894,0.2508,-0.0054,1.1196,-2.540,-0.056,-0.632
9851592,991,1900,1898,0.2513,-0.0088,1.1195,-2.764,-0.066,-0.664
9851602,970,1850,1851,0.2510,-0.0102,1.1179,-2.584,-0.066,-0.620
9851612,977,1859,1923,0.2514,-0.0112,1.1203,-2.126,-0.052,-0.554
9851622,965,1859,1883,0.2512,-0.0127,1.1186,-1.584,-0.070,-0.446
9851632,974,1867,1915,0.2526,-0.0056,1.1149,-1.211,-0.080,-0.276
9851642,978,1848,1851,0.2489,-0.0003,1.1231,-1.231,-0.287,-0.140
9851652,1000,1889,1980,0.2482,-0.0035,1.1194,-1.740,-0.317,-0.236
9851662,969,1855,1934,0.2489,-0.0071,1.1215,-2.124,-0.261,-0.314
9851672,980,1878,1852,0.2492,-0.0076,1.1224,-2.242,-0.300,-0.240
9851682,974,1849,1889,0.2494,-0.0090,1.1229,-2.105,-0.221,-0.110
9851692,974,1881,1938,0.2493,-0.0111,1.1241,-1.912,-0.250,-0.027
9851702,974,1850,1859,0.2489,-0.0123,1.1202,-1.708,-0.144,0.049
9851712,973,1847,1873,0.2496,-0.0120,1.1230,-1.587,-0.219,0.135
9851722,984,1848,1867,0.2508,-0.0120,1.1199,-1.505,-0.185,0.218
9851732,984,1871,1872,0.2513,-0.0110,1.1181,-1.397,-0.123,0.309
9851742,982,1847,1929,0.2508,-0.0087,1.1172,-1.341,-0.170,0.368
9851752,989,1868,1889,0.2496,-0.0066,1.1210,-1.581,-0.287,0.320
9851762,977,1853,1854,0.2506,-0.0077,1.1227,-2.160,-0.403,0.149
9851772,1007,1879,1853,0.2507,-0.0120,1.1218,-2.838,-0.336,-0.029
9851782,981,1854,1878,0.2512,-0.0155,1.1210,-3.365,-0.375,-0.052
9851792,985,1858,1875,0.2506,-0.0131,1.1169,-3.610,-0.364,0.044
9851802,1005,1849,1873,0.2486,-0.0117,1.1219,-3.744,-0.500,0.072
9851812,980,1856,1864,0.2480,-0.0154,1.1190,-3.937,-0.498,-0.101
9851822,988,1861,1855,0.2484,-0.0203,1.1214,-3.978,-0.417,-0.254
9851832,1013,1905,1855,0.2478,-0.0221,1.1190,-3.380,-0.263,-0.116
9851842,988,1850,1886,0.2469,-0.0210,1.1199,-2.595,-0.211,-0.006
9851852,993,1867,1910,0.2462,-0.0199,1.1214,-1.870,-0.257,0.028
9851862,986,1861,1873,0.2463,-0.0183,1.1230,-1.418,-0.349,-0.016
9851872,1005,1864,1942,0.2473,-0.0180,1.1229,-1.213,-0.366,-0.043
9851882,992,1855,1849,0.2468,-0.0178,1.1237,-1.146,-0.420,-0.007
9851892,1015,1883,1852,0.2457,-0.0177,1.1218,-1.099,-0.400,0.038
9851902,993,1853,1871,0.2467,-0.0184,1.1228,-1.121,-0.519,0.064
9851912,1010,1902,1860,0.2469,-0.0177,1.1204,-1.165,-0.661,0.077
9851922,992,1864,1872,0.2483,-0.0170,1.1225,-1.267,-0.867,0.073
9851932,1010,1886,1855,0.2483,-0.0170,1.1213,-1.477,-0.960,0.037
9851942,993,1858,1855,0.2489,-0.0187,1.1236,-1.756,-1.000,-0.009
9851952,993,1870,1861,0.2493,-0.0200,1.1223,-2.015,-1.000,-0.016
9851962,1000,1849,1873,0.2487,-0.0198,1.1237,-2.216,-1.033,0.024
9851972,1010,1868,1871,0.2481,-0.0218,1.1233,-2.301,-1.049,0.020
9851982,1009,1853,1894,0.2475,-0.0233,1.1214,-2.173,-1.032,0.021
9851992,996,1867,1905,0.2478,-0.0242,1.1204,-1.880,-1.029,0.040
9852002,1014,1852,1929,0.2472,-0.0234,1.1189,-1.570,-1.007,0.062
9852012,1014,1896,1870,0.2469,-0.0230,1.1186,-1.214,-0.915,0.088
9852022,1049,1848,1852,0.2482,-0.0217,1.1190,-0.943,-0.875,0.078
9852032,1006,1882,1946,0.2480,-0.0205,1.1186,-0.813,-0.822,0.044
9852042,1002,1876,1887,0.2480,-0.0189,1.1189,-0.846,-0.788,-0.003
9852052,1053,1926,1948,0.2466,-0.0190,1.1197,-1.024,-0.777,-0.079
9852062,1007,1861,1852,0.2473,-0.0210,1.1196,-1.249,-0.761,-0.144
9852072,1016,1878,1869,0.2479,-0.0218,1.1187,-1.434,-0.809,-0.144
9852082,1027,1849,1861,0.2471,-0.0202,1.1192,-1.538,-0.868,-0.092
9852092,1013,1886,1870,0.2460,-0.0204,1.1190,-1.627,-0.912,-0.068
9852102,1032,1847,1965,0.2449,-0.0221,1.1211,-1.768,-0.926,-0.086
9852112,1029,1886,1852,0.2452,-0.0227,1.1210,-1.885,-0.950,-0.064
9852122,1059,1850,1854,0.2463,-0.0224,1.1210,-1.958,-0.978,-0.024
9852132,1017,1874,1907,0.2452,-0.0207,1.1220,-1.990,-1.008,-0.019
9852142,1009,1860,1879,0.2433,-0.0236,1.1218,-2.124,-0.998,-0.102
9852152,1028,1889,1895,0.2432,-0.0255,1.1215,-2.150,-0.961,-0.129
9852162,1052,1848,1854,0.2432,-0.0264,1.1224,-2.066,-1.062,-0.039
9852172,1011,1883,1934,0.2433,-0.0264,1.1189,-1.823,-1.047,0.045
9852182,1028,1848,1875,0.2448,-0.0267,1.1184,-1.497,-1.066,0.077
9852192,1018,1864,1986,0.2466,-0.0259,1.1206,-1.159,-1.118,0.072
9852202,1022,1853,2018,0.2467,-0.0241,1.1199,-0.897,-1.123,0.067
9852212,1029,1862,1876,0.2469,-0.0236,1.1214,-0.784,-1.104,0.031
9852222,1022,1868,1854,0.2468,-0.0240,1.1214,-0.884,-1.034,-0.038
9852232,1027,1877,1900,0.2469,-0.0253,1.1218,-1.059,-0.993,-0.084
9852242,1018,1852,1868,0.2466,-0.0262,1.1214,-1.210,-1.006,-0.070
9852252,1021,1872,1888,0.2470,-0.0269,1.1209,-1.233,-0.989,-0.044
9852262,1025,1861,1992,0.2482,-0.0278,1.1204,-1.178,-1.011,-0.026
9852272,1058,1873,1869,0.2471,-0.0274,1.1200,-1.074,-0.976,-0.007
9852282,1050,1847,1852,0.2469,-0.0267,1.1196,-0.976,-0.942,0.002
9852292,1022,1877,1914,0.2465,-0.0244,1.1196,-0.882,-0.931,0.040
9852302,1037,1850,1857,0.2465,-0.0231,1.1209,-0.835,-0.953,0.047
9852312,1067,1905,1950,0.2462,-0.0231,1.1217,-0.876,-0.939,0.032
9852322,1085,1850,1873,0.2461,-0.0223,1.1241,-1.053,-0.988,-0.004
9852332,1043,1881,1980,0.2448,-0.0245,1.1254,-1.397,-1.041,-0.082
9852342,1030,1849,1991,0.2455,-0.0292,1.1230,-1.816,-0.961,-0.156
9852352,1032,1865,1890,0.2449,-0.0307,1.1216,-1.899,-0.897,-0.116
9852362,1045,1854,1858,0.2446,-0.0320,1.1218,-1.723,-0.869,-0.062
9852372,1037,1883,1918,0.2450,-0.0325,1.1221,-1.373,-0.816,-0.033
9852382,1079,1862,1855,0.2453,-0.0320,1.1230,-0.939,-0.787,-0.006
9852392,1034,1872,1917,0.2463,-0.0308,1.1216,-0.489,-0.713,0.038
9852402,1061,1851,1859,0.2468,-0.0290,1.1219,-0.174,-0.654,0.087
9852412,1043,1866,1871,0.2467,-0.0278,1.1205,-0.101,-0.605,0.091
9852422,1065,1851,1940,0.2465,-0.0263,1.1206,-0.099,-0.494,0.077
9852432,1054,1891,1869,0.2465,-0.0251,1.1216,-0.084,-0.444,0.082
9852442,1046,1854,1850,0.2452,-0.0242,1.1229,-0.069,-0.428,0.091
9852452,1056,1908,1889,0.2450,-0.0249,1.1227,-0.117,-0.436,0.090
9852462,1048,1866,2000,0.2447,-0.0263,1.1220,-0.259,-0.442,0.086
9852472,1038,1874,1856,0.2445,-0.0270,1.1229,-0.414,-0.463,0.097
9852482,1048,1852,1850,0.2441,-0.0274,1.1241,-0.532,-0.484,0.112
9852492,1042,1855,1874,0.2438,-0.0276,1.1233,-0.529,-0.456,0.138
9852502,1053,1854,2031,0.2443,-0.0283,1.1234,-0.480,-0.502,0.153
9852512,1043,1851,1852,0.2434,-0.0288,1.1226,-0.424,-0.546,0.156
9852522,1052,1845,1852,0.2440,-0.0296,1.1224,-0.415,-0.571,0.137
9852532,1050,1877,1896,0.2437,-0.0304,1.1214,-0.418,-0.555,0.096
9852542,1063,1847,1929,0.2442,-0.0304,1.1218,-0.399,-0.574,0.045
9852552,1054,1893,1940,0.2434,-0.0302,1.1216,-0.348,-0.561,0.013
9852562,1076,1851,1856,0.2425,-0.0290,1.1214,-0.262,-0.584,-0.017
9852572,1054,1853,1922,0.2428,-0.0288,1.1222,-0.198,-0.616,-0.086
9852582,1072,1851,1850,0.2432,-0.0301,1.1235,-0.184,-0.656,-0.154
9852592,1055,1849,1946,0.2433,-0.0296,1.1231,-0.173,-0.668,-0.193
9852602,1056,1853,1853,0.2435,-0.0291,1.1242,-0.171,-0.693,-0.216
9852612,1069,1878,1865,0.2432,-0.0296,1.1238,-0.171,-0.693,-0.217
9852622,1065,1859,1850,0.2438,-0.0307,1.1230,-0.115,-0.635,-0.210
9852632,1066,1883,1867,0.2430,-0.0294,1.1237,-0.024,-0.629,-0.177
9852642,1071,1848,1862,0.2434,-0.0280,1.1226,0.069,-0.616,-0.133
9852652,1069,1893,1960,0.2444,-0.0270,1.1224,0.129,-0.619,-0.092
9852662,1071,1852,1932,0.2446,-0.0270,1.1217,0.148,-0.602,-0.066
9852672,1058,1880,1991,0.2447,-0.0266,1.1225,0.143,-0.550,-0.035
9852682,1078,1858,1856,0.2448,-0.0268,1.1223,0.118,-0.520,0.017
9852692,1063,1872,1876,0.2448,-0.0272,1.1198,0.098,-0.492,0.062
9852702,1075,1849,1850,0.2448,-0.0275,1.1212,0.050,-0.526,0.103
9852712,1069,1846,1864,0.2448,-0.0282,1.1211,-0.008,-0.573,0.124
9852722,1103,1850,1858,0.2444,-0.0279,1.1211,-0.085,-0.586,0.134
9852732,1065,1871,1907,0.2451,-0.0276,1.1211,-0.154,-0.580,0.127
9852742,1095,1849,1886,0.2452,-0.0282,1.1223,-0.179,-0.555,0.105
9852752,1064,1873,1867,0.2446,-0.0285,1.1220,-0.185,-0.511,0.094
9852762,1068,1853,1970,0.2436,-0.0290,1.1221,-0.188,-0.483,0.060
9852772,1070,1856,1872,0.2426,-0.0298,1.1210,-0.185,-0.471,0.002
9852782,1067,1855,1878,0.2435,-0.0299,1.1215,-0.155,-0.465,-0.062
9852792,1068,1879,1942,0.2427,-0.0292,1.1201,-0.060,-0.447,-0.091
9852802,1091,1847,1876,0.2422,-0.0284,1.1211,0.067,-0.427,-0.062
9852812,1070,1872,1884,0.2419,-0.0266,1.1211,0.201,-0.411,-0.042
9852822,1090,1851,1883,0.2420,-0.0260,1.1222,0.313,-0.407,-0.050
9852832,1071,1888,1918,0.2417,-0.0255,1.1216,0.337,-0.458,-0.066
9852842,1100,1849,1858,0.2415,-0.0253,1.1209,0.258,-0.463,-0.091
9852852,1072,1885,1903,0.2424,-0.0262,1.1230,0.059,-0.531,-0.148
9852862,1094,1867,1850,0.2432,-0.0273,1.1232,-0.164,-0.540,-0.181
