9856672,1328,1872,1847,0.2296,-0.0005,1.1252,1.519,-1.455,-0.159
9856682,1328,1853,1870,0.2293,-0.0074,1.1246,-0.019,-1.314,0.349
9856692,1314,1879,1861,0.2284,-0.0159,1.1239,-1.068,-1.155,0.817
9856702,1344,1854,1854,0.2274,-0.0234,1.1250,-1.025,-0.969,1.227
9856712,1313,1872,1879,0.2254,-0.0287,1.1257,-0.588,-0.744,1.597
9856722,1340,1853,1851,0.2246,-0.0292,1.1273,-0.061,-0.552,1.898
9856732,1317,1921,1847,0.2227,-0.0315,1.1259,0.462,-0.388,2.095
9856742,1333,1861,1850,0.2215,-0.0331,1.1264,1.015,-0.302,2.207
9856752,1359,1913,1867,0.2185,-0.0362,1.1271,1.489,-0.342,2.267
9856762,1334,1853,1850,0.2191,-0.0312,1.1212,2.134,-0.417,2.326
9856772,1321,1867,1904,0.2184,-0.0289,1.1368,2.807,-0.924,2.183
9856782,1328,1876,1851,0.2182,-0.0336,1.1358,3.120,-1.426,1.782
9856792,1332,1921,1935,0.2177,-0.0325,1.1292,3.531,-1.522,1.412
9856802,1337,1851,1877,0.2183,-0.0341,1.1384,3.755,-2.336,1.006
9856812,1324,1911,1966,0.2189,-0.0366,1.1320,3.687,-2.807,0.488
9856822,1344,1861,1851,0.2233,-0.0382,1.1313,3.490,-3.300,-0.043
9856832,1321,1872,1870,0.2276,-0.0374,1.1292,3.425,-3.860,-0.463
9856842,1366,1851,1863,0.2307,-0.0357,1.1282,3.513,-4.203,-0.768
9856852,1328,1860,1852,0.2326,-0.0334,1.1261,3.666,-4.399,-1.025
9856862,1375,1861,1890,0.2330,-0.0304,1.1221,3.780,-4.424,-1.319
9856872,1331,1880,1852,0.2348,-0.0269,1.1203,3.754,-4.432,-1.692
9856882,1354,1857,1879,0.2370,-0.0252,1.1200,3.606,-4.374,-2.102
9856892,1333,1869,1872,0.2392,-0.0220,1.1181,3.370,-4.195,-2.461
9856902,1357,1855,1897,0.2432,-0.0166,1.1170,3.261,-3.925,-2.774
9856912,1329,1996,1932,0.2449,-0.0153,1.1170,3.331,-3.602,-3.161
9856922,1326,1856,1851,0.2458,-0.0167,1.1163,3.529,-3.135,-3.633
9856932,1339,1898,1859,0.2445,-0.0179,1.1219,3.611,-2.736,-4.031
9856942,1348,1868,1859,0.2408,-0.0165,1.1213,3.521,-2.320,-4.214
9856952,1328,1866,1853,0.2369,-0.0131,1.1198,3.442,-1.813,-4.187
9856962,1353,1855,1861,0.2342,-0.0072,1.1191,3.454,-1.474,-4.041
9856972,1328,1861,1856,0.2326,-0.0047,1.1217,3.540,-1.238,-3.915
9856982,1360,1855,1851,0.2306,-0.0039,1.1215,3.455,-1.079,-3.822
9856992,1329,1881,1908,0.2275,-0.0022,1.1220,3.370,-0.963,-3.618
9857002,1337,1850,1850,0.2249,-0.0003,1.1250,3.135,-0.937,-3.255
9857012,1332,1887,1851,0.2232,0.0006,1.1277,2.781,-0.986,-2.746
9857022,1342,1854,1855,0.2236,0.0011,1.1266,2.212,-1.057,-2.155
9857032,1333,1892,1961,0.2255,0.0029,1.1277,1.538,-1.225,-1.518
9857042,1348,1851,1891,0.2265,0.0047,1.1278,0.833,-1.406,-0.839
9857052,1355,1863,1933,0.2282,0.0041,1.1278,0.172,-1.574,-0.163
9857062,1333,1871,1873,0.2297,0.0024,1.1269,-0.454,-1.738,0.506
9857072,1336,1897,1891,0.2312,0.0009,1.1291,-1.070,-1.949,1.178
9857082,1333,1853,1869,0.2321,-0.0015,1.1277,-1.597,-2.137,1.808
9857092,1334,1855,1934,0.2346,-0.0039,1.1249,-2.042,-2.229,2.396
9857102,1347,1937,1858,0.2358,-0.0032,1.1249,-2.437,-2.414,2.981
9857112,1353,1955,1922,0.2372,-0.0052,1.1238,-2.842,-2.531,3.461
9857122,1355,1852,1873,0.2368,-0.0071,1.1240,-3.253,-2.537,3.775
9857132,1345,1864,1855,0.2371,-0.0094,1.1214,-3.637,-2.452,3.986
9857142,1345,1853,1862,0.2357,-0.0092,1.1202,-3.876,-2.314,4.165
9857152,1351,1870,1937,0.2350,-0.0107,1.1220,-4.059,-2.199,4.289
9857162,1342,1860,1876,0.2369,-0.0106,1.1221,-4.275,-2.041,4.304
9857172,1340,1882,1884,0.2373,-0.0132,1.1288,-4.580,-1.990,4.124
9857182,1383,1896,1849,0.2406,-0.0243,1.1283,-5.008,-1.868,3.658
9857192,1359,1942,1847,0.2414,-0.0316,1.1181,-4.720,-1.168,3.276
9857202,1391,1865,1849,0.2424,-0.0325,1.1218,-4.244,-0.973,3.068
9857212,1353,1913,1902,0.2422,-0.0305,1.1160,-3.495,-0.558,2.980
9857222,1342,1867,1854,0.2433,-0.0242,1.1181,-2.517,-0.128,3.025
9857232,1340,1886,1895,0.2432,-0.0181,1.1178,-1.477,0.330,3.162
9857242,1350,1876,1967,0.2421,-0.0136,1.1198,-0.625,0.924,3.311
9857252,1342,1913,1865,0.2398,-0.0108,1.1194,-0.276,1.462,3.449
9857262,1349,1870,1862,0.2357,-0.0095,1.1230,-0.368,1.921,3.571
9857272,1344,1904,1849,0.2326,-0.0144,1.1321,-0.825,1.998,3.590
9857282,1347,1852,1896,0.2293,-0.0224,1.1289,-1.331,2.202,3.477
9857292,1357,1925,1991,0.2283,-0.0311,1.1333,-1.606,2.141,3.335
9857302,1360,1866,1849,0.2269,-0.0391,1.1324,-1.514,2.005,3.169
9857312,1346,1878,1846,0.2257,-0.0439,1.1303,-1.052,1.923,2.966
9857322,1352,1871,1850,0.2261,-0.0461,1.1280,-0.157,1.815,2.753
9857332,1355,1893,1918,0.2254,-0.0443,1.1261,1.086,1.715,2.521
9857342,1350,1852,1852,0.2260,-0.0417,1.1261,2.452,1.599,2.228
9857352,1356,1884,1865,0.2258,-0.0385,1.1236,3.661,1.527,1.848
9857362,1345,1857,1865,0.2257,-0.0325,1.1235,4.644,1.458,1.437
9857372,1360,1928,1975,0.2264,-0.0271,1.1250,5.335,1.352,1.012
9857382,1352,1852,1854,0.2260,-0.0227,1.1250,5.740,1.349,0.575
9857392,1350,1921,1922,0.2263,-0.0214,1.1253,5.873,1.329,0.127
9857402,1370,1858,1849,0.2275,-0.0199,1.1264,5.800,1.323,-0.294
9857412,1353,1879,1854,0.2278,-0.0174,1.1246,5.587,1.430,-0.634
9857422,1377,1852,1856,0.2269,-0.0138,1.1235,5.393,1.466,-0.863
9857432,1366,1892,1861,0.2252,-0.0099,1.1222,5.284,1.509,-1.031
9857442,1369,1853,1852,0.2237,-0.0064,1.1247,5.236,1.455,-1.180
9857452,1364,1879,1851,0.2224,-0.0036,1.1277,5.155,1.308,-1.306
9857462,1361,1856,1866,0.2210,-0.0039,1.1292,4.970,1.175,-1.391
9857472,1359,1870,1851,0.2197,-0.0054,1.1323,4.634,1.002,-1.467
9857482,1373,1861,1874,0.2192,-0.0080,1.1340,4.151,0.814,-1.534
9857492,1357,1885,1887,0.2191,-0.0100,1.1307,3.668,0.606,-1.606
9857502,1362,1852,1939,0.2199,-0.0112,1.1297,3.327,0.377,-1.718
9857512,1391,1914,1853,0.2206,-0.0119,1.1273,3.179,0.197,-1.842
9857522,1365,1855,1873,0.2195,-0.0110,1.1279,3.207,0.023,-1.999
9857532,1359,1894,1873,0.2189,-0.0112,1.1291,3.325,-0.182,-2.222
9857542,1398,1859,1876,0.2197,-0.0115,1.1275,3.473,-0.304,-2.480
9857552,1382,1875,1857,0.2205,-0.0119,1.1278,3.703,-0.463,-2.643
9857562,1359,1856,1853,0.2213,-0.0086,1.1257,3.992,-0.533,-2.667
9857572,1374,1874,1910,0.2215,-0.0043,1.1242,4.327,-0.591,-2.641
9857582,1363,1856,1861,0.2211,-0.0012,1.1258,4.600,-0.691,-2.655
9857592,1392,1893,2012,0.2214,0.0004,1.1264,4.786,-0.734,-2.684
9857602,1370,1856,2136,0.2221,0.0011,1.1289,4.827,-0.774,-2.685
9857612,1364,1868,1898,0.2233,0.0017,1.1294,4.792,-0.781,-2.630
9857622,1367,1853,1859,0.2236,0.0026,1.1297,4.691,-0.756,-2.486
9857632,1361,1854,1851,0.2239,0.0015,1.1298,4.647,-0.638,-2.259
9857642,1371,1862,1853,0.2231,0.0017,1.1297,4.685,-0.503,-1.955
9857652,1392,1890,1993,0.2204,0.0014,1.1308,4.813,-0.427,-1.631
9857662,1362,1890,1858,0.2176,-0.0026,1.1337,4.969,-0.465,-1.430
9857672,1372,1876,2387,0.2158,-0.0057,1.1381,5.194,-0.641,-1.387
9857682,1428,1854,2263,0.2154,-0.0139,1.1467,5.593,-0.923,-1.467
9857692,1387,1858,1937,0.2166,-0.0222,1.1430,6.434,-1.091,-1.548
9857702,1386,1863,1852,0.2203,-0.0272,1.1517,8.026,-1.472,-1.530
9857712,1459,1889,1891,0.2218,-0.0299,1.1476,10.605,-1.654,-1.460
9857722,1391,1882,1847,0.2223,-0.0300,1.1440,14.095,-1.587,-1.393
9857732,1404,1868,1916,0.2235,-0.0233,1.1411,18.309,-1.735,-1.355
9857742,1390,1869,1854,0.2249,-0.0161,1.1374,22.932,-1.700,-1.393
9857752,1390,1897,1888,0.2263,-0.0033,1.1308,27.533,-1.697,-1.467
9857762,1366,1870,1864,0.2268,0.0108,1.1225,31.893,-1.609,-1.448
9857772,1365,1883,1907,0.2252,0.0290,1.1190,35.511,-1.681,-1.293
9857782,1373,1857,1849,0.2229,0.0512,1.1189,38.171,-1.856,-1.021
9857792,1378,1908,1866,0.2217,0.0734,1.1181,39.481,-2.073,-0.754
9857802,1381,1875,1913,0.2225,0.0924,1.1196,39.468,-2.338,-0.524
9857812,1384,1856,1847,0.2246,0.1084,1.1179,38.096,-2.639,-0.375
9857822,1375,1864,1889,0.2253,0.1192,1.1164,35.633,-2.842,-0.196
9857832,1371,1874,1857,0.2264,0.1279,1.1157,32.402,-3.102,0.124
9857842,1392,1858,1847,0.2264,0.1335,1.1115,28.559,-3.271,0.585
9857852,1383,1902,1910,0.2259,0.1394,1.1072,24.299,-3.387,1.046
9857862,1383,1861,1851,0.2247,0.1429,1.1042,19.815,-3.511,1.387
9857872,1373,1869,1857,0.2233,0.1408,1.1053,15.304,-3.672,1.551
9857882,1374,1876,1943,0.2230,0.1343,1.1082,10.841,-3.782,1.570
9857892,1376,1866,1940,0.2226,0.1263,1.1091,6.524,-3.808,1.504
9857902,1381,1858,1877,0.2214,0.1176,1.1154,2.441,-3.834,1.369
9857912,1375,1871,1858,0.2214,0.1074,1.1168,-1.280,-3.773,1.156
9857922,1375,1867,1896,0.2232,0.0977,1.1178,-4.369,-3.571,0.904
9857932,1423,1901,1854,0.2255,0.0892,1.1200,-6.672,-3.401,0.641
9857942,1390,1897,1869,0.2275,0.0814,1.1205,-7.999,-3.125,0.413
9857952,1386,1883,1884,0.2300,0.0742,1.1196,-8.385,-2.761,0.234
9857962,1383,1869,1852,0.2320,0.0713,1.1204,-7.869,-2.423,0.134
9857972,1383,1890,1875,0.2322,0.0721,1.1208,-6.665,-2.041,0.051
9857982,1390,1856,1872,0.2329,0.0714,1.1230,-5.038,-1.750,-0.033
9857992,1382,1863,1855,0.2341,0.0732,1.1225,-3.309,-1.483,-0.090
9858002,1380,1862,1862,0.2353,0.0757,1.1215,-1.688,-1.194,-0.028
9858012,1406,1881,1917,0.2350,0.0791,1.1207,-0.294,-0.936,0.239
9858022,1381,1871,1875,0.2358,0.0845,1.1184,0.898,-0.660,0.705
9858032,1382,1882,1890,0.2350,0.0913,1.1188,1.901,-0.433,1.325
9858042,1378,1860,1860,0.2331,0.0959,1.1217,2.662,-0.332,1.916
9858052,1430,1873,1855,0.2312,0.0963,1.1211,3.073,-0.241,2.292
9858062,1389,1868,1856,0.2290,0.0938,1.1231,3.129,-0.223,2.401
9858072,1411,1900,1855,0.2262,0.0891,1.1250,2.907,-0.266,2.278
9858082,1406,1855,1871,0.2242,0.0816,1.1274,2.594,-0.347,1.951
9858092,1391,1890,1943,0.2257,0.0741,1.1290,2.193,-0.482,1.445
9858102,1385,1910,1853,0.2266,0.0683,1.1309,1.888,-0.586,0.815
9858112,1385,1871,1887,0.2269,0.0663,1.1317,1.727,-0.643,0.121
9858122,1391,1855,1854,0.2256,0.0670,1.1303,1.856,-0.630,-0.685
9858132,1393,1878,1898,0.2258,0.0672,1.1289,2.224,-0.658,-1.675
9858142,1391,1867,1850,0.2258,0.0667,1.1265,2.896,-0.610,-2.741
9858152,1391,1877,1901,0.2243,0.0707,1.1266,3.936,-0.576,-3.601
9858162,1449,1863,2031,0.2226,0.0781,1.1228,5.321,-0.451,-4.067
9858172,1388,1871,1894,0.2218,0.0881,1.1229,6.699,-0.420,-4.191
9858182,1393,1865,1849,0.2219,0.0988,1.1212,7.754,-0.503,-4.072
9858192,1394,1855,1883,0.2242,0.1079,1.1174,8.259,-0.514,-3.830
9858202,1392,1858,1923,0.2277,0.1144,1.1191,8.057,-0.711,-3.505
9858212,1392,1891,1863,0.2290,0.1203,1.1205,7.187,-0.848,-3.113
9858222,1389,1871,1849,0.2298,0.1227,1.1210,5.778,-0.925,-2.672
9858232,1394,1872,1913,0.2296,0.1225,1.1208,3.933,-1.027,-2.227
9858242,1392,1871,1852,0.2288,0.1215,1.1187,1.802,-1.149,-1.796
9858252,1392,1874,1874,0.2283,0.1208,1.1181,-0.368,-1.365,-1.383
9858262,1392,1868,1897,0.2297,0.1182,1.1186,-2.408,-1.615,-1.035
9858272,1391,1896,2015,0.2319,0.1138,1.1187,-4.110,-1.834,-0.759
9858282,1393,1853,1877,0.2339,0.1086,1.1181,-5.387,-1.898,-0.484
9858292,1392,1874,1861,0.2343,0.1024,1.1179,-6.292,-1.905,-0.123
9858302,1403,1854,1942,0.2324,0.0999,1.1154,-6.854,-1.757,0.354
9858312,1414,1884,2004,0.2284,0.1005,1.1160,-7.146,-1.556,0.886
9858322,1399,1875,1859,0.2244,0.1008,1.1194,-7.222,-1.434,1.304
9858332,1393,1863,1870,0.2228,0.0975,1.1222,-7.276,-1.373,1.478
9858342,1397,1860,1905,0.2246,0.0918,1.1252,-7.638,-1.389,1.436
9858352,1403,1863,1933,0.2247,0.0877,1.1260,-8.110,-1.375,1.442
9858362,1406,1908,1876,0.2246,0.0854,1.1249,-8.536,-1.367,1.445
9858372,1397,1878,1891,0.2256,0.0832,1.1237,-8.818,-1.381,1.344
9858382,1403,1876,1853,0.2272,0.0788,1.1224,-8.915,-1.399,1.110
9858392,1393,1880,1854,0.2295,0.0742,1.1200,-8.696,-1.343,0.875
9858402,1407,1870,1852,0.2306,0.0730,1.1189,-8.168,-1.291,0.776
9858412,1401,1879,1848,0.2310,0.0739,1.1174,-7.347,-1.168,0.865
9858422,1400,1866,1852,0.2311,0.0758,1.1190,-6.439,-1.105,1.065
9858432,1409,1891,1886,0.2307,0.0763,1.1188,-5.582,-1.081,1.276
9858442,1428,1878,1896,0.2304,0.0761,1.1209,-4.810,-1.018,1.482
9858452,1407,1895,1911,0.2293,0.0765,1.1242,-4.240,-1.005,1.668
9858462,1403,1883,1852,0.2279,0.0764,1.1233,-3.808,-0.933,1.815
9858472,1407,1906,1864,0.2266,0.0743,1.1259,-3.604,-0.989,1.863
9858482,1399,1876,1854,0.2272,0.0713,1.1277,-3.603,-1.122,1.754
9858492,1398,1914,1889,0.2290,0.0667,1.1280,-3.753,-1.248,1.503
9858502,1421,1873,1853,0.2329,0.0626,1.1255,-3.903,-1.384,1.210
9858512,1402,1874,1975,0.2359,0.0610,1.1240,-3.895,-1.519,1.030
9858522,1402,1871,2004,0.2359,0.0628,1.1224,-3.611,-1.526,1.037
9858532,1410,1862,1869,0.2353,0.0678,1.1217,-3.068,-1.456,1.124
9858542,1405,1866,1866,0.2340,0.0717,1.1192,-2.410,-1.436,1.146
9858552,1420,1908,1968,0.2308,0.0760,1.1198,-1.716,-1.341,1.128
9858562,1426,1872,1870,0.2288,0.0773,1.1219,-1.197,-1.429,1.075
9858572,1408,1872,1932,0.2281,0.0803,1.1244,-1.001,-1.494,0.987
9858582,1406,1857,1853,0.2278,0.0819,1.1273,-1.122,-1.674,0.893
9858592,1416,1901,1849,0.2280,0.0854,1.1280,-1.545,-1.847,0.841
9858602,1408,1878,1868,0.2273,0.0865,1.1277,-2.286,-2.067,0.816
9858612,1435,1869,1856,0.2277,0.0858,1.1263,-3.281,-2.331,0.824
9858622,1405,1864,1899,0.2276,0.0839,1.1270,-4.403,-2.574,0.852
9858632,1437,1870,1858,0.2278,0.0781,1.1241,-5.595,-2.706,0.767
9858642,1415,1869,1900,0.2268,0.0709,1.1235,-6.794,-2.745,0.513
9858652,1407,1870,1852,0.2259,0.0631,1.1231,-7.938,-2.724,0.086
9858662,1408,1873,1868,0.2276,0.0537,1.1230,-8.890,-2.642,-0.474
9858672,1419,1855,1869,0.2284,0.0451,1.1248,-9.661,-2.562,-1.079
9858682,1417,1854,1884,0.2288,0.0385,1.1243,-10.302,-2.420,-1.678
9858692,1409,1913,1919,0.2299,0.0349,1.1247,-10.702,-2.189,-2.242
9858702,1418,1872,1851,0.2309,0.0318,1.1244,-10.728,-1.986,-2.667
9858712,1408,1875,1882,0.2307,0.0308,1.1228,-10.222,-1.617,-2.909
9858722,1456,1869,1964,0.2302,0.0329,1.1193,-9.201,-1.191,-2.883
9858732,1411,1903,1897,0.2320,0.0413,1.1158,-7.577,-0.757,-2.499
9858742,1439,1856,1869,0.2323,0.0496,1.1102,-5.653,-0.144,-1.845
9858752,1442,1904,1862,0.2304,0.0583,1.1172,-3.575,0.250,-1.030
9858762,1449,1855,1871,0.2250,0.0622,1.1267,-1.708,0.594,-0.300
9858772,1411,1874,1862,0.2207,0.0564,1.1342,-0.510,0.899,-0.036
9858782,1438,1857,1857,0.2203,0.0436,1.1372,-0.270,1.040,-0.464
9858792,1475,1900,1914,0.2240,0.0317,1.1378,-0.815,0.970,-1.403
9858802,1534,1897,1902,0.2256,0.0236,1.1377,-1.573,0.871,-2.477
9858812,1416,1879,1871,0.2266,0.0231,1.1330,-1.991,0.881,-3.334
9858822,1424,1873,1848,0.2255,0.0239,1.1289,-1.799,0.995,-3.728
9858832,1742,1974,1858,0.2230,0.0351,1.1274,-0.727,0.973,-3.351
9858842,1588,1883,1853,0.2212,0.0499,1.1218,1.143,1.039,-2.258
9858852,1524,1925,1859,0.2208,0.0624,1.1182,3.562,0.932,-0.783
9858862,1531,1860,1899,0.2222,0.0718,1.1148,6.205,0.641,0.908
9858872,1468,1894,1852,0.2197,0.0775,1.1196,8.765,0.165,2.713
9858882,1452,1873,1847,0.2190,0.0827,1.1196,10.975,-0.353,4.625
9858892,1547,1859,1855,0.2201,0.0899,1.1199,12.446,-0.851,6.537
9858902,1447,1856,1858,0.2174,0.0968,1.1217,12.599,-1.447,8.238
9858912,1435,1862,1868,0.2188,0.1016,1.1287,11.654,-2.295,9.649
9858922,2505,1871,1848,0.2225,0.0974,1.1317,9.439,-3.031,10.603
9858932,1441,1865,1864,0.2290,0.0910,1.1385,6.036,-3.758,11.285
9858942,1563,1863,1849,0.2326,0.0849,1.1373,1.718,-4.121,11.906
9858952,1562,1953,1867,0.2326,0.0796,1.1393,-3.205,-4.453,12.424
9858962,1753,1858,1857,0.2327,0.0748,1.1370,-8.468,-4.848,12.611
9858972,1444,1894,1906,0.2363,0.0637,1.1337,-13.673,-5.302,12.347
9858982,1482,1857,1846,0.2417,0.0500,1.1384,-18.301,-5.881,11.881
9858992,1541,1868,1881,0.2483,0.0314,1.1433,-21.881,-6.404,11.585
9859002,1480,1885,1850,0.2596,0.0133,1.1377,-24.298,-6.409,11.758
9859012,1447,1895,1859,0.2654,-0.0027,1.1307,-25.274,-5.939,12.689
9859022,1450,1857,1852,0.2663,-0.0045,1.1280,-25.072,-5.498,14.386
9859032,1518,1858,1857,0.2661,-0.0018,1.1221,-23.971,-4.834,16.462
9859042,1456,1882,1850,0.2663,0.0043,1.1183,-22.488,-4.185,18.409
9859052,1544,1918,1855,0.2654,0.0072,1.1191,-20.907,-3.642,20.028
9859062,1640,1858,1854,0.2643,0.0097,1.1195,-19.431,-2.934,21.346
9859072,2030,1857,1851,0.2628,0.0085,1.1195,-18.086,-2.220,22.497
9859082,1524,1902,1857,0.2603,0.0057,1.1205,-16.908,-1.499,23.666
9859092,1792,1924,1889,0.2686,-0.0088,1.1211,-15.867,-0.796,24.933
9859102,1605,1874,1850,0.2684,-0.0104,1.1273,-15.192,-0.110,26.641
9859112,1469,1910,1945,0.2614,-0.0107,1.1268,-14.696,0.847,28.821
9859122,1511,1891,1853,0.2580,-0.0070,1.1272,-14.824,1.903,30.912
9859132,1486,1906,1870,0.2586,-0.0050,1.1280,-15.528,2.938,32.461
9859142,1568,1933,1855,0.2615,-0.0076,1.1306,-16.622,3.981,33.291
9859152,1761,1885,1852,0.2657,-0.0131,1.1345,-17.761,5.191,33.463
9859162,1498,1890,1849,0.2691,-0.0198,1.1356,-18.652,6.607,33.132
9859172,1680,1870,1855,0.2665,-0.0212,1.1305,-18.846,8.040,32.538
9859182,1657,1874,1849,0.2584,-0.0148,1.1291,-17.937,9.115,31.807
9859192,1646,1906,1867,0.2493,-0.0093,1.1186,-16.017,9.644,30.893
9859202,1473,1871,1851,0.2543,-0.0190,1.1208,-13.306,9.447,29.841
9859212,1452,1906,1864,0.2490,-0.0176,1.1477,-10.923,8.523,28.937
9859222,1538,1857,1850,0.2429,-0.0134,1.1428,-9.031,8.348,28.251
9859232,1424,1856,1853,0.2354,-0.0094,1.1466,-7.928,8.559,27.384
9859242,1685,1870,1854,0.2314,-0.0110,1.1565,-7.131,8.569,26.287
9859252,1786,1879,1883,0.2319,-0.0115,1.1583,-5.951,9.134,25.208
9859262,1495,1890,1856,0.2340,-0.0089,1.1705,-4.513,9.657,24.203
9859272,1655,1891,1852,0.2360,-0.0098,1.1792,-3.163,10.276,23.175
9859282,1471,1857,1855,0.2391,-0.0147,1.1843,-2.200,11.242,22.160
9859292,1533,1873,1869,0.2397,-0.0197,1.1844,-1.816,12.280,21.316
9859302,1426,1894,1853,0.2364,-0.0261,1.1840,-1.963,13.382,20.735
9859312,1460,2016,1885,0.2313,-0.0333,1.1892,-2.588,14.313,20.367
9859322,1593,1996,1853,0.2251,-0.0408,1.1911,-3.505,15.262,20.112
9859332,1712,1857,1852,0.2203,-0.0440,1.1980,-4.774,16.218,19.958
9859342,1451,1857,1853,0.2155,-0.0436,1.2095,-6.511,17.110,19.861
9859352,1430,1979,1871,0.2111,-0.0482,1.2205,-8.854,18.229,19.791
9859362,1660,2034,1858,0.2082,-0.0599,1.2238,-12.079,19.573,19.842
9859372,1440,1938,1882,0.2052,-0.0734,1.2298,-16.226,20.984,20.231
9859382,1533,1863,1853,0.2007,-0.0911,1.2301,-21.159,22.528,21.023
9859392,1728,1962,1855,0.1960,-0.1109,1.2289,-26.557,24.254,22.182
9859402,2373,1964,1903,0.1902,-0.1329,1.2315,-32.018,25.928,23.718
9859412,1483,1908,1852,0.1867,-0.1539,1.2337,-37.342,27.607,25.634
9859422,1546,1856,1854,0.1864,-0.1760,1.2298,-42.580,29.538,27.912
9859432,1615,1882,1952,0.1892,-0.1979,1.2286,-47.655,31.436,30.526
9859442,1823,1859,1933,0.1932,-0.2193,1.2219,-52.496,33.462,33.473
9859452,1616,1891,1859,0.1977,-0.2380,1.2156,-57.178,35.613,36.702
9859462,1450,1855,1851,0.1988,-0.2566,1.2051,-61.643,37.787,40.096
9859472,1497,1874,1864,0.1980,-0.2785,1.1920,-65.732,40.042,43.455
9859482,1570,1925,1851,0.1941,-0.3039,1.1794,-69.315,42.277,46.685
9859492,2038,2059,1865,0.1870,-0.3284,1.1701,-72.130,44.442,49.867
9859502,1462,1877,1854,0.1777,-0.3492,1.1567,-74.006,46.511,53.146
9859512,1476,1875,1852,0.1640,-0.3658,1.1416,-74.602,48.545,56.629
9859522,1470,1962,1853,0.1501,-0.3782,1.1325,-73.852,50.308,60.366
9859532,1470,1931,1877,0.1349,-0.3824,1.1183,-71.885,52.041,64.304
9859542,1556,1858,1854,0.1195,-0.3803,1.1052,-69.202,53.662,68.217
9859552,1593,1983,1871,0.1033,-0.3751,1.0916,-66.170,55.051,71.847
9859562,1444,1959,1865,0.0849,-0.3687,1.0763,-63.276,56.220,75.000
9859572,1440,2043,1866,0.0621,-0.3634,1.0595,-60.809,56.969,77.626
9859582,1506,2017,1868,0.0355,-0.3599,1.0459,-58.822,57.084,79.610
9859592,1458,1903,1870,0.0093,-0.3571,1.0431,-57.487,56.506,81.188
9859602,1459,1852,1851,-0.0124,-0.3570,1.0464,-56.691,55.533,82.619
9859612,1587,1949,1874,-0.0277,-0.3616,1.0499,-56.717,54.543,84.000
9859622,1713,1970,1854,-0.0396,-0.3672,1.0493,-57.620,53.710,85.507
9859632,1493,1932,1857,-0.0514,-0.3687,1.0378,-59.329,53.045,87.201
9859642,1531,1877,1857,-0.0638,-0.3773,1.0236,-61.513,52.293,88.955
9859652,1444,1862,1871,-0.0817,-0.3835,1.0072,-63.889,51.205,90.541
9859662,1488,1976,1856,-0.0977,-0.3889,0.9951,-66.145,49.690,91.905
9859672,1449,1885,1874,-0.1099,-0.3979,0.9955,-68.228,47.647,92.931
9859682,1582,1917,1853,-0.1202,-0.4073,0.9979,-70.376,45.616,93.670
9859692,1596,1857,1857,-0.1297,-0.4072,0.9992,-72.582,43.748,94.457
9859702,1552,1869,1862,-0.1369,-0.4018,0.9919,-74.843,42.139,95.310
9859712,1680,1891,1865,-0.1488,-0.3964,0.9834,-77.153,40.782,95.978
9859722,1786,2414,1870,-0.1607,-0.3955,0.9765,-79.403,39.434,96.378
9859732,1468,2082,1852,-0.1777,-0.4002,0.9673,-81.772,37.978,96.250
9859742,1654,1967,1859,-0.1955,-0.4073,0.9520,-83.751,36.504,95.780
9859752,1868,2281,1855,-0.2155,-0.4150,0.9384,-85.621,34.602,94.943
9859762,1470,1893,1883,-0.2356,-0.4204,0.9280,-87.371,32.199,94.104
9859772,1861,2096,1866,-0.2554,-0.4230,0.9130,-89.035,29.497,93.531
9859782,1726,1872,1851,-0.2719,-0.4268,0.9107,-90.331,26.278,93.507
9859792,1730,1976,1853,-0.2792,-0.4482,0.9125,-91.720,22.714,93.928
9859802,1668,2014,1856,-0.2795,-0.5035,0.9088,-93.701,19.468,94.780
9859812,1452,1870,1869,-0.2828,-0.5648,0.9135,-96.737,16.106,97.230
9859822,1455,1854,1904,-0.2950,-0.6089,0.9257,-100.462,12.817,102.004
9859832,1548,1969,1887,-0.3135,-0.6252,0.9244,-104.074,10.129,108.495
9859842,2193,1965,1881,-0.3267,-0.6303,0.9120,-106.768,7.877,115.219
9859852,1624,2057,1929,-0.3321,-0.6353,0.8987,-108.438,5.333,121.054
9859862,1495,1899,1863,-0.3287,-0.6466,0.8901,-109.198,2.264,125.833
9859872,1486,1856,1855,-0.3263,-0.6558,0.8926,-109.578,-1.137,129.761
9859882,1627,1902,1854,-0.3266,-0.6605,0.8920,-109.220,-4.158,133.056
9859892,1702,1947,1852,-0.3315,-0.6585,0.8806,-107.587,-6.372,135.645
9859902,1475,1892,1894,-0.3375,-0.6632,0.8702,-104.309,-8.088,137.420
9859912,1702,1968,1875,-0.3422,-0.6773,0.8630,-99.620,-9.761,138.469
9859922,1513,1854,1854,-0.3502,-0.6855,0.8492,-94.062,-11.337,139.502
9859932,1452,1920,1852,-0.3597,-0.6862,0.8512,-87.674,-13.057,140.704
9859942,2005,2065,1854,-0.3685,-0.6745,0.8592,-80.432,-14.799,142.213
9859952,1596,1872,1882,-0.3812,-0.6597,0.8537,-71.529,-15.697,143.595
9859962,1499,1903,1872,-0.3923,-0.6380,0.8552,-63.491,-16.919,144.813
9859972,1507,1919,1879,-0.4038,-0.6138,0.8528,-55.925,-18.045,145.661
9859982,1723,1957,1875,-0.4117,-0.5878,0.8452,-48.432,-18.989,146.262
9859992,1855,1856,1867,-0.4190,-0.5616,0.8380,-41.157,-19.770,146.565
9860002,1758,1885,1854,-0.4251,-0.5392,0.8309,-34.128,-20.402,146.700
9860012,1537,2040,1885,-0.4296,-0.5178,0.8289,-27.802,-20.942,146.647
9860022,1600,1991,1887,-0.4345,-0.4983,0.8228,-22.117,-21.272,146.462
9860032,1449,1877,1869,-0.4378,-0.4738,0.8143,-16.833,-21.363,146.158
9860042,1655,1853,1914,-0.4432,-0.4490,0.8073,-11.935,-21.516,145.691
9860052,1552,1863,1859,-0.4473,-0.4222,0.8003,-7.225,-21.633,145.083
9860062,1488,1971,1990,-0.4553,-0.3924,0.7922,-2.771,-21.621,144.344
9860072,1713,1946,1890,-0.4655,-0.3631,0.7802,1.700,-21.270,143.397
9860082,1677,1868,1864,-0.4740,-0.3347,0.7673,6.058,-20.727,142.180
9860092,1496,2034,1862,-0.4850,-0.3072,0.7398,10.474,-19.844,140.663
9860102,1489,1889,1855,-0.4986,-0.2780,0.7057,15.340,-18.838,138.990
9860112,1827,1862,1889,-0.5138,-0.2415,0.6763,20.294,-18.621,137.140
9860122,1454,1923,1867,-0.5240,-0.2113,0.6513,25.201,-19.229,134.804
9860132,2024,1906,1853,-0.5361,-0.1760,0.6389,29.571,-21.122,132.194
9860142,1882,2045,1858,-0.5439,-0.1327,0.6451,33.250,-24.234,129.720
9860152,1698,1921,1862,-0.5474,-0.0903,0.6663,35.544,-28.114,127.095
9860162,1926,1856,1865,-0.5402,-0.0440,0.7093,36.126,-32.425,124.325
9860172,1923,1962,1854,-0.5301,-0.0058,0.7583,34.710,-36.257,121.309
9860182,1468,1859,1951,-0.5199,0.0316,0.8014,31.289,-38.909,118.174
9860192,1525,1864,1862,-0.5136,0.0598,0.8282,26.026,-40.199,114.854
9860202,1828,1978,1862,-0.5117,0.0765,0.8491,19.393,-40.609,111.339
9860212,1856,1991,1862,-0.5167,0.0824,0.8698,11.810,-40.612,107.725
9860222,1463,1906,1855,-0.5244,0.0851,0.8867,3.899,-40.429,104.301
9860232,1808,1874,1893,-0.5314,0.0830,0.8974,-4.147,-40.071,101.146
9860242,1920,1962,1855,-0.5384,0.0831,0.9129,-12.211,-39.851,98.309
9860252,1463,1855,1875,-0.5405,0.0826,0.9334,-20.158,-39.943,95.702
9860262,1757,1857,1854,-0.5399,0.0829,0.9594,-27.844,-40.086,93.125
9860272,1600,1929,1883,-0.5381,0.0842,0.9795,-35.038,-39.896,90.517
9860282,1552,1867,1865,-0.5362,0.0867,1.0001,-41.388,-39.245,87.691
9860292,1491,1954,1919,-0.5339,0.0876,1.0139,-46.803,-38.124,84.577
9860302,1457,1869,1855,-0.5297,0.0863,1.0195,-50.881,-36.329,81.230
9860312,1800,1889,1925,-0.5278,0.0834,1.0198,-53.548,-34.003,77.734
9860322,1726,2038,1866,-0.5269,0.0764,1.0154,-55.041,-31.373,74.089
9860332,1468,1854,1858,-0.5274,0.0712,1.0060,-55.374,-28.690,70.316
9860342,1648,1855,1869,-0.5281,0.0686,1.0072,-54.889,-26.590,66.394
9860352,1760,1873,1858,-0.5262,0.0713,1.0148,-53.765,-25.094,62.256
9860362,1664,1859,1883,-0.5265,0.0738,1.0176,-52.043,-23.567,57.756
9860372,1503,1864,1853,-0.5245,0.0726,1.0225,-50.008,-22.093,52.942
9860382,1793,1889,1857,-0.5214,0.0654,1.0313,-48.054,-20.817,48.059
9860392,1684,1897,1856,-0.5204,0.0572,1.0349,-46.154,-19.183,43.314
9860402,1587,1953,1994,-0.5187,0.0485,1.0356,-44.387,-17.306,38.838
9860412,1561,1879,1925,-0.5228,0.0441,1.0312,-42.756,-15.342,34.542
9860422,1793,1906,1941,-0.5284,0.0405,1.0244,-41.060,-13.437,30.305
9860432,1683,1982,2276,-0.5331,0.0341,1.0194,-39.548,-11.920,25.968
9860442,1546,1866,1895,-0.5367,0.0232,1.0233,-38.337,-10.868,21.661
9860452,1509,1951,1951,-0.5396,0.0123,1.0333,-37.459,-9.980,17.790
9860462,1935,1870,1954,-0.5420,0.0025,1.0349,-36.944,-8.777,14.605
9860472,1714,1862,1871,-0.5453,-0.0083,1.0249,-36.708,-7.108,12.075
9860482,1485,1876,1856,-0.5493,-0.0257,1.0095,-36.760,-5.300,9.942
9860492,1597,1855,1897,-0.5572,-0.0495,0.9904,-37.025,-3.644,8.021
9860502,1516,1858,1956,-0.5685,-0.0687,0.9699,-37.291,-2.222,6.420
9860512,1713,1883,1892,-0.5842,-0.0847,0.9518,-37.372,-1.305,5.029
9860522,1659,1935,2072,-0.5930,-0.1009,0.9398,-36.951,-1.002,3.796
9860532,1487,1851,1894,-0.5968,-0.1231,0.9329,-36.112,-0.907,2.695
9860542,1539,1940,2072,-0.5966,-0.1422,0.9421,-35.500,-1.204,2.070
9860552,1470,1867,1871,-0.5948,-0.1575,0.9486,-35.584,-1.442,2.056
9860562,1560,1859,1856,-0.5954,-0.1674,0.9444,-36.039,-1.036,2.535
9860572,1553,1870,1935,-0.5979,-0.1757,0.9401,-36.807,-0.492,3.204
9860582,1641,1897,1890,-0.6006,-0.1869,0.9273,-37.300,0.159,3.770
9860592,1488,1859,1981,-0.6046,-0.2047,0.9115,-37.195,0.766,4.311
9860602,1462,1886,1975,-0.6090,-0.2187,0.8995,-36.688,1.103,5.005
9860612,1710,1866,2040,-0.6138,-0.2261,0.8927,-36.096,0.819,5.961
9860622,1927,1952,1967,-0.6173,-0.2303,0.8826,-35.091,0.301,7.016
9860632,1634,1862,2003,-0.6163,-0.2319,0.8800,-33.796,-0.549,7.940
9860642,1504,1874,1874,-0.6161,-0.2302,0.8845,-32.588,-1.882,8.718
9860652,1948,1882,1859,-0.6182,-0.2226,0.8745,-31.319,-2.952,9.361
9860662,1736,1957,1955,-0.6202,-0.2218,0.8585,-29.904,-3.861,9.522
9860672,1781,1922,1939,-0.6220,-0.2257,0.8543,-28.590,-5.338,9.241
9860682,1876,1864,1999,-0.6227,-0.2306,0.8466,-27.135,-7.092,8.902
9860692,1685,1863,1886,-0.6208,-0.2289,0.8521,-25.726,-9.242,8.704
9860702,2009,1895,1909,-0.6162,-0.2224,0.8694,-24.534,-11.891,8.677
9860712,2392,1871,1900,-0.6054,-0.2178,0.8864,-23.448,-14.306,8.488
9860722,1667,1973,1853,-0.5933,-0.2174,0.9079,-22.757,-16.413,7.957
9860732,1642,1964,1876,-0.5859,-0.2140,0.9149,-22.190,-17.930,7.215
9860742,3983,2016,1982,-0.5827,-0.2259,0.9001,-21.056,-18.473,6.036
9860752,2114,1880,1851,-0.5824,-0.2436,0.9047,-19.156,-19.051,4.645
9860762,2116,1897,1855,-0.5736,-0.2502,0.9219,-16.333,-19.908,3.645
9860772,2977,1914,1908,-0.5609,-0.2605,0.9492,-12.824,-20.455,3.027
9860782,1817,2058,2029,-0.5509,-0.2672,0.9732,-9.614,-20.410,2.593
9860792,1589,1853,1960,-0.5509,-0.2687,0.9694,-6.313,-19.245,2.158
9860802,1822,1936,1857,-0.5512,-0.2685,0.9206,-1.905,-17.234,1.342
9860812,1946,2002,1890,-0.5619,-0.2192,0.9193,5.140,-15.977,0.881
9860822,2295,1854,1891,-0.5400,-0.1696,1.0032,13.113,-16.471,0.786
9860832,1447,1872,1871,-0.5233,-0.1163,1.0701,17.665,-15.165,0.586
9860842,1790,1867,1857,-0.5070,-0.0765,1.1120,17.858,-11.301,0.834
9860852,2046,1869,1857,-0.4893,-0.0294,1.1169,12.666,-6.692,0.868
9860862,2307,1877,1854,-0.4868,-0.0349,1.0993,4.653,-1.721,-0.664
9860872,1633,1886,1854,-0.4906,-0.0705,1.0821,-4.225,2.150,-4.160
9860882,1661,1906,1855,-0.5107,-0.1199,1.0238,-9.790,6.229,-7.840
9860892,1927,1969,1885,-0.5332,-0.1823,0.9709,-11.808,9.373,-11.377
9860902,1747,2000,1867,-0.5468,-0.2472,0.9464,-10.333,10.652,-14.074
9860912,1418,1890,1863,-0.5589,-0.2922,0.9076,-5.597,11.699,-15.430
9860922,1475,1861,1873,-0.5684,-0.3144,0.8666,1.116,12.570,-15.349
9860932,1742,1854,2045,-0.5783,-0.3256,0.8396,7.393,11.986,-14.436
9860942,1992,1903,2044,-0.5876,-0.3270,0.8163,12.720,10.060,-12.847
9860952,1425,1865,2078,-0.5909,-0.3282,0.8020,16.911,7.152,-10.697
9860962,1424,1868,1972,-0.5834,-0.3194,0.8285,19.291,2.878,-7.840
9860972,2735,1919,1856,-0.5804,-0.3008,0.8622,18.698,-1.644,-4.484
9860982,2030,2084,1910,-0.5783,-0.2839,0.8747,15.643,-4.834,-1.093
9860992,2474,1900,1884,-0.5727,-0.2928,0.8948,10.445,-7.645,1.946
9861002,1881,1860,1853,-0.5684,-0.3030,0.9085,4.174,-10.326,4.903
9861012,1652,1860,1932,-0.5712,-0.2204,0.9497,-1.744,-12.193,9.225
9861022,1712,1906,1950,-0.5566,-0.1142,1.0212,-7.782,-12.818,13.100
9861032,1746,1904,1898,-0.5349,-0.0073,1.1001,-14.555,-12.703,14.870
9861042,1669,2058,2030,-0.5192,0.0696,1.1030,-20.635,-8.463,13.509
9861052,1885,1864,1880,-0.5041,0.0559,1.1128,-27.226,-3.868,8.175
9861062,1882,1920,1854,-0.4988,-0.0170,1.0902,-33.368,0.503,0.699
9861072,1400,1864,1894,-0.5128,-0.1130,1.0299,-35.730,5.492,-6.086
9861082,1816,1890,1853,-0.5291,-0.2276,0.9646,-34.365,9.780,-11.784
9861092,1961,1864,1853,-0.5481,-0.3346,0.9077,-28.561,12.786,-15.570
9861102,1537,2070,1894,-0.5731,-0.4038,0.8411,-19.147,15.048,-17.000
9861112,1730,1886,1852,-0.5888,-0.4423,0.7776,-8.100,15.842,-16.235
9861122,1680,1888,1856,-0.6022,-0.4612,0.7472,1.927,14.194,-14.028
9861132,1516,1873,1878,-0.6060,-0.4477,0.7427,10.049,10.567,-10.430
9861142,1562,1872,1875,-0.6030,-0.4098,0.7520,15.538,5.967,-6.080
9861152,1756,1857,1889,-0.5947,-0.3613,0.7786,17.964,0.945,-1.755
9861162,1960,1911,1854,-0.5820,-0.3113,0.8192,17.476,-3.987,1.997
9861172,1844,1900,1987,-0.5710,-0.2684,0.8503,14.635,-7.751,4.769
9861182,2039,1889,1853,-0.5603,-0.2292,0.8764,10.316,-10.283,6.626
9861192,2086,1854,1882,-0.5545,-0.1992,0.8914,5.182,-12.069,7.494
9861202,2225,1881,2169,-0.5509,-0.1904,0.8935,0.461,-13.096,7.281
9861212,2150,2030,1871,-0.5387,-0.2017,0.9141,-3.148,-14.212,6.298
9861222,1817,1862,1856,-0.5220,-0.2209,0.9617,-5.494,-15.623,5.139
9861232,1634,1855,1946,-0.5114,-0.2372,0.9921,-6.610,-15.809,4.206
9861242,1609,1856,1876,-0.5176,-0.2533,0.9709,-6.170,-13.740,3.249
9861252,1640,1872,1876,-0.5352,-0.2759,0.9328,-4.029,-11.233,2.022
9861262,1319,1856,1865,-0.5539,-0.2766,0.8846,0.231,-9.761,0.995
9861272,1403,1853,1887,-0.5768,-0.2394,0.8671,8.482,-9.175,1.089
9861282,1397,1948,1877,-0.5643,-0.2215,0.9369,17.157,-10.254,1.215
9861292,1737,1915,2000,-0.5432,-0.1751,1.0067,21.469,-11.345,2.042
9861302,1756,1855,1962,-0.5277,-0.1304,1.0366,21.209,-9.642,3.359
9861312,2791,1879,2025,-0.5039,-0.1042,1.0765,15.141,-7.937,3.830
9861322,1376,1868,1864,-0.4967,-0.0999,1.0813,6.262,-5.612,2.892
9861332,1413,1993,1951,-0.5062,-0.1002,1.0408,-1.230,-2.072,1.126
9861342,1631,1854,1861,-0.5220,-0.1347,0.9931,-6.317,0.845,-1.425
9861352,2465,1865,1905,-0.5360,-0.2008,0.9564,-8.315,2.412,-4.286
9861362,2484,2016,1866,-0.5512,-0.2522,0.9276,-6.971,3.306,-5.936
9861372,1525,1918,1853,-0.5627,-0.2760,0.9023,-2.908,4.077,-5.955
9861382,1458,1866,1862,-0.5655,-0.2889,0.9029,1.642,3.877,-5.065
9861392,1260,2019,1947,-0.5628,-0.3014,0.9010,5.169,2.986,-3.733
9861402,1306,1936,1868,-0.5615,-0.2952,0.8887,7.524,2.277,-1.995
9861412,1906,1932,1999,-0.5619,-0.2799,0.8871,8.342,1.075,-0.150
9861422,1347,1885,1852,-0.5616,-0.2579,0.8880,7.717,-0.772,1.554
9861432,1987,1942,1916,-0.5639,-0.2523,0.8666,6.379,-2.405,2.816
9861442,1738,1992,1968,-0.5626,-0.2544,0.8675,4.700,-4.476,3.911
9861452,1380,1900,1861,-0.5577,-0.2532,0.8945,2.307,-7.710,5.368
9861462,1901,1896,1895,-0.5578,-0.2622,0.8897,0.219,-9.813,6.666
9861472,1567,1867,1874,-0.5570,-0.2753,0.8854,-1.216,-11.273,7.763
9861482,1278,1943,1894,-0.5534,-0.2825,0.8875,-2.221,-13.236,8.952
9861492,1372,1876,1857,-0.5560,-0.2196,0.9303,-1.950,-14.738,10.889
9861502,1451,1874,1866,-0.5333,-0.1085,1.0563,-1.987,-16.954,12.839
9861512,1330,1851,1854,-0.5018,-0.0210,1.0927,-2.227,-15.949,12.418
9861522,2062,1921,1859,-0.4684,-0.0004,1.1434,-4.136,-11.891,9.159
9861532,1695,1878,1853,-0.4561,-0.0057,1.1578,-8.055,-7.548,4.173
9861542,1324,1878,1865,-0.4628,-0.0344,1.1108,-11.579,-1.070,-1.347
9861552,2492,2288,1870,-0.4800,-0.0842,1.0594,-13.213,4.519,-6.959
9861562,1302,1964,1882,-0.4966,-0.1581,0.9877,-11.329,9.121,-12.220
9861572,1287,1862,1855,-0.5243,-0.2391,0.8936,-2.978,11.262,-15.860
9861582,1424,1940,1855,-0.5431,-0.2930,0.8508,6.393,10.819,-17.581
9861592,1584,1857,1860,-0.5498,-0.3191,0.8570,14.648,7.996,-17.236
9861602,1459,1860,1863,-0.5497,-0.3102,0.8698,20.478,4.949,-15.212
9861612,1247,1854,1859,-0.5500,-0.2955,0.8707,23.295,2.616,-12.537
9861622,1345,1960,1856,-0.5450,-0.2795,0.8879,22.754,0.140,-9.871
9861632,1371,1866,1875,-0.5371,-0.2549,0.9103,19.326,-2.544,-7.056
9861642,1390,1867,1871,-0.5320,-0.2311,0.9231,14.106,-4.496,-4.522
9861652,1312,2051,1854,-0.5289,-0.2097,0.9444,8.426,-6.031,-2.506
9861662,1617,1900,1860,-0.5273,-0.1891,0.9660,3.409,-6.985,-1.185
9861672,1514,1877,1869,-0.5224,-0.1701,0.9805,-0.170,-6.968,-0.557
9861682,1260,1862,1857,-0.5163,-0.1558,0.9994,-2.468,-6.427,-0.681
9861692,1266,1864,1856,-0.5132,-0.1509,1.0132,-3.531,-5.248,-1.615
9861702,1426,1887,1862,-0.5115,-0.1544,1.0254,-3.454,-3.551,-3.228
9861712,1616,1855,1862,-0.5108,-0.1623,1.0327,-2.332,-1.628,-5.153
9861722,1354,1869,1854,-0.5142,-0.1767,1.0232,0.140,0.782,-7.181
9861732,1525,1862,1863,-0.5199,-0.1912,1.0172,3.546,3.031,-9.097
9861742,1653,1876,1868,-0.5241,-0.2012,1.0165,7.467,4.903,-10.782
9861752,1245,1851,1865,-0.5254,-0.2013,1.0093,11.642,6.721,-12.144
9861762,1256,1912,1900,-0.5253,-0.1963,1.0104,15.696,8.376,-13.248
9861772,1264,1852,1877,-0.5241,-0.1861,1.0214,18.724,9.681,-14.174
9861782,1274,1854,1867,-0.5258,-0.1708,1.0205,20.565,11.347,-15.007
9861792,1308,1916,1904,-0.5301,-0.1579,1.0120,21.173,13.190,-15.978
9861802,1317,1874,1856,-0.5332,-0.1527,1.0072,20.413,14.485,-17.135
9861812,1418,1890,1857,-0.5384,-0.1519,0.9935,18.745,15.466,-18.377
9861822,1290,1970,1871,-0.5432,-0.1556,0.9793,16.777,16.135,-19.605
9861832,1464,1859,1858,-0.5467,-0.1613,0.9716,14.911,16.229,-20.846
9861842,1311,1945,1859,-0.5518,-0.1678,0.9617,13.635,16.106,-22.107
9861852,1249,1878,1861,-0.5567,-0.1720,0.9529,13.231,15.957,-23.327
9861862,1266,1872,1860,-0.5579,-0.1743,0.9519,13.596,15.664,-24.483
9861872,1389,1865,1863,-0.5602,-0.1755,0.9528,14.551,15.467,-25.614
9861882,1287,1889,1856,-0.5598,-0.1748,0.9583,15.755,15.364,-26.677
9861892,1266,1854,1855,-0.5572,-0.1733,0.9674,16.748,15.238,-27.746
9861902,1374,1960,1857,-0.5546,-0.1705,0.9761,17.485,15.275,-28.883
9861912,1393,1884,1855,-0.5531,-0.1657,0.9863,18.004,15.483,-30.082
9861922,1311,1866,1856,-0.5521,-0.1597,0.9959,18.345,15.872,-31.392
9861932,1471,1875,1856,-0.5515,-0.1586,0.9988,18.612,16.515,-32.895
9861942,1282,1927,1857,-0.5538,-0.1615,1.0002,19.027,17.441,-34.593
9861952,1264,2021,1869,-0.5581,-0.1655,1.0032,19.566,18.422,-36.364
9861962,1323,1860,1861,-0.5637,-0.1729,1.0049,20.250,19.395,-38.197
9861972,1375,1888,1865,-0.5667,-0.1750,1.0067,21.186,20.383,-40.021
9861982,2712,2069,1880,-0.5703,-0.1739,1.0114,22.356,21.278,-41.837
9861992,1325,1892,1877,-0.5720,-0.1692,1.0164,23.746,22.183,-43.667
9862002,1297,1858,1855,-0.5734,-0.1681,1.0186,25.177,23.222,-45.594
9862012,1377,1888,1876,-0.5727,-0.1664,1.0175,26.623,24.434,-47.497
9862022,1391,1879,1854,-0.5710,-0.1646,1.0142,28.015,25.675,-49.272
9862032,1260,1902,1855,-0.5714,-0.1642,1.0164,29.282,26.810,-50.932
9862042,1265,1861,1855,-0.5746,-0.1640,1.0101,30.390,28.107,-52.497
9862052,1420,1879,1868,-0.5776,-0.1625,1.0027,31.317,29.405,-54.019
9862062,1417,1858,1856,-0.5789,-0.1667,0.9984,31.694,30.332,-55.571
9862072,1290,1926,1877,-0.5789,-0.1703,0.9908,31.698,31.165,-57.098
9862082,1269,1854,1863,-0.5766,-0.1748,0.9896,31.376,31.734,-58.581
9862092,1428,1898,1859,-0.5760,-0.1771,0.9843,30.722,32.208,-60.107
9862102,1273,1853,1857,-0.5751,-0.1811,0.9719,30.013,32.890,-61.709
9862112,1283,1866,1855,-0.5741,-0.1857,0.9631,29.381,33.360,-63.396
9862122,1269,1858,1855,-0.5773,-0.1934,0.9561,29.133,33.698,-65.155
9862132,1434,1853,1864,-0.5775,-0.2034,0.9470,29.248,34.044,-66.977
9862142,1472,1893,1855,-0.5746,-0.2110,0.9379,29.657,34.248,-68.695
9862152,1274,1854,1855,-0.5726,-0.2194,0.9317,30.311,34.309,-70.338
9862162,1335,1852,1860,-0.5686,-0.2256,0.9270,31.210,34.293,-71.881
9862172,1511,1869,1856,-0.5655,-0.2331,0.9165,32.535,34.501,-73.315
9862182,1464,1876,1857,-0.5643,-0.2392,0.9124,34.142,34.723,-74.574
9862192,1341,1890,1868,-0.5636,-0.2441,0.9040,36.002,34.985,-75.618
9862202,2121,1918,1857,-0.5639,-0.2521,0.8937,38.014,35.469,-76.540
9862212,1433,1858,1861,-0.5635,-0.2579,0.8914,39.654,35.718,-77.304
9862222,1286,1856,1860,-0.5640,-0.2594,0.8917,40.689,35.848,-77.836
9862232,1406,1854,1869,-0.5656,-0.2593,0.8819,41.001,36.143,-78.269
9862242,1307,1870,1866,-0.5674,-0.2554,0.8685,40.588,36.213,-78.766
9862252,1434,1872,1866,-0.5672,-0.2539,0.8575,39.683,35.758,-79.543
9862262,1321,1928,1873,-0.5682,-0.2541,0.8448,38.578,34.943,-80.660
9862272,1457,1858,1871,-0.5682,-0.2605,0.8316,37.451,33.824,-82.033
9862282,1514,1855,1867,-0.5657,-0.2655,0.8280,36.372,32.279,-83.440
9862292,1283,1854,1864,-0.5647,-0.2727,0.8300,35.541,30.676,-84.682
9862302,1317,1856,1856,-0.5638,-0.2761,0.8329,34.813,29.233,-85.692
9862312,1471,1879,1868,-0.5624,-0.2866,0.8264,34.123,28.203,-86.626
9862322,1425,1856,1856,-0.5621,-0.2921,0.8219,33.459,27.276,-87.552
9862332,1321,1877,1870,-0.5615,-0.2984,0.8185,32.810,26.072,-88.527
9862342,1464,1854,1857,-0.5614,-0.3015,0.8106,32.245,24.846,-89.770
9862352,1306,1893,1856,-0.5611,-0.3039,0.8016,32.190,23.462,-91.239
9862362,1326,1872,1865,-0.5583,-0.3084,0.8001,32.742,21.790,-93.106
9862372,1308,1885,1856,-0.5546,-0.3124,0.7953,34.196,20.231,-95.198
9862382,1382,1899,1861,-0.5472,-0.3300,0.7858,36.348,18.828,-97.483
9862392,1276,1862,1877,-0.5482,-0.3323,0.7871,39.136,17.279,-99.522
9862402,1354,1853,1868,-0.5466,-0.3320,0.7970,42.650,15.638,-101.339
9862412,1644,1857,1871,-0.5369,-0.3250,0.8035,46.571,14.205,-103.456
9862422,1373,1854,1856,-0.5335,-0.3126,0.8022,51.432,13.389,-105.893
9862432,1710,1863,1867,-0.5251,-0.2971,0.8083,57.244,12.631,-108.699
9862442,1720,1853,1865,-0.5176,-0.2970,0.8096,63.656,11.904,-112.312
9862452,1380,1890,1882,-0.5083,-0.3059,0.8026,70.883,11.496,-116.480
9862462,1545,1853,1870,-0.4972,-0.3198,0.7937,78.513,10.872,-120.610
9862472,1284,1863,1870,-0.4837,-0.3389,0.7773,86.556,10.034,-124.189
9862482,1548,1857,1874,-0.4725,-0.3594,0.7701,94.667,8.608,-126.896
9862492,1331,1922,1899,-0.4609,-0.3708,0.7775,102.603,6.393,-128.433
9862502,1569,1855,1861,-0.4532,-0.3703,0.7852,110.270,4.108,-129.058
9862512,1340,1864,1868,-0.4480,-0.3496,0.7910,117.660,1.900,-128.898
9862522,1383,1856,1868,-0.4355,-0.3331,0.7909,124.493,-0.163,-128.581
9862532,1452,1935,1891,-0.4250,-0.3133,0.7986,129.999,-2.603,-128.340
9862542,1345,1863,1857,-0.4146,-0.2950,0.8116,134.159,-5.356,-127.937
9862552,1286,1881,1882,-0.4034,-0.2766,0.8223,136.642,-8.157,-127.580
9862562,1391,1872,1857,-0.3915,-0.2566,0.8275,137.597,-11.058,-127.153
9862572,1829,1943,1882,-0.3798,-0.2419,0.8324,137.024,-14.223,-126.750
9862582,1299,1852,1855,-0.3686,-0.2265,0.8388,135.207,-17.761,-126.238
9862592,1670,1937,1907,-0.3579,-0.2132,0.8424,132.463,-21.554,-125.496
9862602,1339,1876,1858,-0.3469,-0.2041,0.8501,128.725,-25.751,-124.627
9862612,1619,1925,1883,-0.3324,-0.1968,0.8656,123.960,-30.370,-123.645
9862622,1313,1857,1861,-0.3145,-0.1971,0.8780,118.265,-34.944,-122.670
9862632,1608,1855,1856,-0.2912,-0.2025,0.8975,111.718,-39.425,-121.626
9862642,1344,1860,1858,-0.2686,-0.2104,0.9203,104.530,-43.642,-120.231
9862652,1296,1871,1887,-0.2453,-0.2140,0.9434,96.811,-47.408,-118.198
9862662,1306,1854,1871,-0.2242,-0.2192,0.9528,88.675,-50.562,-115.556
9862672,1500,1897,1869,-0.2057,-0.2186,0.9641,80.373,-53.396,-112.400
9862682,1307,1854,1862,-0.1900,-0.2194,0.9716,71.883,-56.167,-108.998
9862692,1484,1856,1875,-0.1742,-0.2203,0.9779,63.357,-58.779,-105.657
9862702,1951,1860,1861,-0.1594,-0.2224,0.9853,54.841,-61.497,-102.620
9862712,1299,1858,1865,-0.1439,-0.2257,0.9976,46.522,-64.127,-99.972
9862722,1315,1854,1866,-0.1276,-0.2281,1.0157,38.484,-66.540,-97.643
9862732,2056,1932,1871,-0.1101,-0.2358,1.0260,30.851,-68.246,-95.580
9862742,1307,1854,1855,-0.0901,-0.2511,1.0444,23.647,-69.549,-93.661
9862752,1405,1885,1863,-0.0739,-0.2609,1.0556,17.109,-70.363,-91.511
9862762,1630,1854,1867,-0.0599,-0.2712,1.0637,11.590,-70.456,-89.126
9862772,1326,1891,1889,-0.0461,-0.2820,1.0715,7.133,-70.377,-86.692
9862782,1296,1856,1876,-0.0388,-0.2973,1.0700,3.821,-69.912,-84.306
9862792,1346,1872,1864,-0.0308,-0.2895,1.0711,1.792,-69.388,-82.066
9862802,1303,1860,1856,-0.0151,-0.2976,1.0717,1.522,-68.790,-80.574
9862812,1708,1855,1856,0.0020,-0.3055,1.0782,2.656,-68.060,-79.616
9862822,1307,1901,1856,0.0195,-0.3123,1.0905,4.500,-67.620,-78.943
9862832,1319,1864,1869,0.0362,-0.3187,1.0988,6.755,-66.818,-78.378
9862842,1580,1870,1857,0.0526,-0.3219,1.1141,9.577,-65.901,-77.713
9862852,1388,1858,1857,0.0665,-0.3230,1.1226,12.915,-64.614,-76.872
9862862,1703,1855,1857,0.0788,-0.3276,1.1305,16.475,-63.145,-75.851
9862872,1444,1867,1876,0.0880,-0.3248,1.1339,20.036,-61.626,-74.488
9862882,1299,1853,1883,0.0974,-0.3261,1.1351,23.481,-60.126,-72.800
9862892,1404,1872,1871,0.1057,-0.3200,1.1419,26.566,-58.842,-70.780
9862902,1430,1853,1857,0.1146,-0.3125,1.1485,28.945,-57.641,-68.555
9862912,1457,1901,1889,0.1237,-0.3070,1.1551,30.696,-56.442,-66.307
9862922,1325,1856,1859,0.1350,-0.2977,1.1695,31.845,-55.250,-63.934
9862932,1302,1855,1856,0.1472,-0.2894,1.1838,32.458,-53.966,-61.448
9862942,1303,1858,1857,0.1575,-0.2831,1.1964,32.432,-52.287,-58.858
9862952,1759,1969,1876,0.1653,-0.2814,1.2026,31.693,-50.316,-56.138
9862962,1300,1872,1857,0.1706,-0.2749,1.2015,30.506,-48.156,-53.225
9862972,1369,1873,1856,0.1723,-0.2655,1.1993,28.960,-46.074,-50.168
9862982,1420,1867,1856,0.1735,-0.2547,1.2007,27.073,-44.250,-47.149
9862992,1317,1876,1856,0.1756,-0.2432,1.2067,24.848,-42.786,-44.303
9863002,1469,1856,1863,0.1777,-0.2336,1.2141,22.109,-41.399,-41.706
9863012,1804,1887,1869,0.1812,-0.2237,1.2211,18.824,-40.023,-39.351
9863022,1317,1871,1856,0.1848,-0.2179,1.2207,15.046,-38.379,-37.167
9863032,1389,1867,1873,0.1867,-0.2163,1.2169,11.022,-36.831,-35.087
9863042,1399,1863,1856,0.1885,-0.2229,1.2129,7.202,-35.368,-33.151
9863052,1345,1872,1861,0.1916,-0.2226,1.2099,4.124,-34.003,-31.264
9863062,1313,1889,1864,0.1937,-0.2212,1.2008,1.880,-32.562,-29.553
9863072,1937,1960,1867,0.1956,-0.2190,1.1945,0.623,-31.196,-28.171
9863082,1513,1855,1860,0.1980,-0.2172,1.1942,0.258,-30.026,-27.097
9863092,1315,1861,1858,0.2001,-0.2135,1.1900,0.650,-28.883,-26.279
9863102,1379,1854,1873,0.2016,-0.2103,1.1831,1.617,-27.642,-25.694
9863112,1684,1921,1859,0.2030,-0.2088,1.1786,3.004,-26.496,-25.314
9863122,1329,1855,1858,0.2057,-0.2090,1.1741,4.675,-25.424,-25.092
9863132,1398,1897,1870,0.2077,-0.2082,1.1688,6.412,-24.336,-24.894
9863142,1607,1877,1905,0.2103,-0.2053,1.1640,8.131,-23.317,-24.632
9863152,1322,1870,1874,0.2105,-0.2008,1.1636,9.716,-22.360,-24.295
9863162,1453,1854,1858,0.2101,-0.1957,1.1613,11.084,-21.472,-23.813
9863172,1369,1866,1861,0.2104,-0.1919,1.1548,12.156,-20.515,-23.237
9863182,1373,1854,1882,0.2105,-0.1856,1.1446,12.943,-19.566,-22.399
9863192,1322,1867,1870,0.2112,-0.1769,1.1363,13.622,-18.777,-21.571
9863202,1567,1863,1870,0.2129,-0.1675,1.1290,14.265,-18.189,-20.770
9863212,1441,1902,1857,0.2149,-0.1586,1.1247,14.776,-17.759,-20.071
9863222,1388,1853,1856,0.2203,-0.1542,1.1227,15.071,-17.577,-19.489
9863232,1451,1866,1857,0.2259,-0.1495,1.1188,14.918,-17.365,-18.959
9863242,1541,1859,1863,0.2425,-0.1110,1.1014,14.701,-17.185,-18.294
9863252,1325,1899,1869,0.2399,-0.1355,1.1639,15.120,-17.523,-18.136
9863262,1319,1860,1858,0.2555,-0.1571,1.1883,15.677,-17.033,-18.935
9863272,1627,1855,1860,0.2689,-0.1536,1.2315,17.030,-14.959,-18.595
9863282,1342,1855,1858,0.2822,-0.1323,1.2545,17.313,-13.272,-17.274
9863292,1345,1897,1926,0.2913,-0.1297,1.2607,16.212,-10.500,-15.813
9863302,1345,1864,1872,0.2969,-0.1339,1.2694,14.079,-8.198,-14.420
9863312,1350,1872,1859,0.2921,-0.1392,1.2495,11.335,-5.433,-13.061
9863322,1357,1858,1857,0.2801,-0.1453,1.2301,8.959,-3.129,-11.675
9863332,1340,1872,1868,0.2671,-0.1462,1.1929,7.075,-1.364,-10.218
9863342,1329,1860,1883,0.2590,-0.1385,1.1706,5.785,-0.590,-8.767
9863352,1476,1939,1866,0.2565,-0.1331,1.1511,5.206,-0.734,-7.597
9863362,1460,1884,1861,0.2558,-0.1305,1.1333,5.475,-0.927,-6.763
9863372,1353,1857,1867,0.2541,-0.1275,1.1217,6.544,-1.387,-6.116
9863382,1484,1854,1860,0.2565,-0.1174,1.1098,8.200,-1.915,-5.720
9863392,1360,1873,1856,0.2606,-0.1073,1.1186,10.104,-2.804,-5.831
9863402,1346,1855,1891,0.2602,-0.1031,1.1139,11.935,-3.252,-6.517
9863412,1368,1865,1884,0.2565,-0.0990,1.1139,13.498,-3.193,-7.441
9863422,1332,1862,1877,0.2517,-0.0882,1.1168,14.464,-3.189,-8.273
9863432,1326,1884,1871,0.2496,-0.0807,1.1180,14.979,-2.965,-9.023
9863442,1353,1853,1856,0.2492,-0.0724,1.1169,15.412,-2.703,-9.686
9863452,1333,1868,1857,0.2491,-0.0730,1.1176,16.052,-2.398,-10.355
9863462,1367,1852,1861,0.2458,-0.0726,1.1142,16.266,-2.072,-11.055
9863472,1329,1865,1858,0.2459,-0.0707,1.1085,15.751,-1.969,-11.769
9863482,1327,1860,1857,0.2484,-0.0636,1.1080,15.014,-2.024,-12.493
9863492,1328,1869,1880,0.2530,-0.0626,1.1077,14.554,-2.311,-13.315
9863502,1360,1860,1865,0.2535,-0.0619,1.1057,14.913,-2.366,-14.128
9863512,1328,1854,1880,0.2530,-0.0671,1.1034,15.539,-2.393,-14.791
9863522,1370,1854,1866,0.2539,-0.0635,1.1037,16.148,-2.459,-15.125
9863532,1328,1855,1868,0.2606,-0.0601,1.1064,16.310,-2.910,-15.220
9863542,1364,1855,1860,0.2654,-0.0513,1.1077,16.275,-3.149,-15.153
9863552,1338,1874,1858,0.2676,-0.0409,1.1123,15.847,-3.354,-15.020
9863562,1355,1853,1864,0.2677,-0.0330,1.1118,15.219,-3.203,-14.957
9863572,1336,1871,1872,0.2661,-0.0259,1.1169,13.890,-3.165,-14.976
9863582,1359,1854,1908,0.2609,-0.0241,1.1272,11.806,-3.181,-14.938
9863592,1340,1874,1861,0.2550,-0.0236,1.1280,8.866,-3.031,-14.825
9863602,1343,1866,1865,0.2524,-0.0229,1.1321,5.538,-2.945,-14.697
9863612,1337,1855,1882,0.2571,-0.0256,1.1340,2.408,-2.763,-14.530
9863622,1409,1855,1857,0.2557,-0.0247,1.1234,0.219,-2.138,-13.998
9863632,1337,1894,1894,0.2566,-0.0278,1.1290,-1.761,-2.139,-13.499
9863642,1412,1858,1857,0.2524,-0.0332,1.1253,-2.512,-1.340,-13.176
9863652,1334,1865,1895,0.2486,-0.0356,1.1369,-2.971,-0.858,-12.947
9863662,1380,1855,1865,0.2446,-0.0265,1.1297,-2.727,-0.009,-12.590
9863672,1411,1856,1863,0.2418,-0.0171,1.1389,-2.411,0.401,-12.298
9863682,1366,1854,1859,0.2411,-0.0171,1.1384,-2.038,0.777,-12.232
9863692,1341,1872,1864,0.2407,-0.0176,1.1362,-1.397,1.338,-12.152
9863702,1377,1864,1877,0.2397,-0.0186,1.1308,-0.615,1.709,-11.859
9863712,1340,1869,1866,0.2391,-0.0176,1.1269,0.085,1.988,-11.396
9863722,1399,1861,1859,0.2401,-0.0173,1.1249,0.684,2.050,-10.862
9863732,1378,1893,1857,0.2408,-0.0154,1.1236,1.181,2.118,-10.283
9863742,1361,1856,1860,0.2418,-0.0128,1.1251,1.496,2.039,-9.634
9863752,1345,1857,1877,0.2436,-0.0117,1.1234,1.559,2.002,-8.971
9863762,1361,1856,1862,0.2441,-0.0117,1.1230,1.270,1.925,-8.322
9863772,1352,1856,1864,0.2448,-0.0111,1.1258,0.876,1.763,-7.667
9863782,1353,1855,1860,0.2455,-0.0127,1.1235,0.259,1.603,-7.069
9863792,1342,1870,1915,0.2459,-0.0148,1.1224,-0.310,1.449,-6.474
9863802,1394,1853,1886,0.2455,-0.0179,1.1231,-0.865,1.187,-5.814
9863812,1346,1855,1859,0.2448,-0.0193,1.1205,-1.281,1.085,-5.097
9863822,1347,1857,1858,0.2444,-0.0202,1.1209,-1.680,0.943,-4.363
9863832,1343,1867,1848,0.2434,-0.0219,1.1208,-2.102,0.836,-3.680
9863842,1371,1854,1872,0.2437,-0.0233,1.1234,-2.487,0.738,-3.058
9863852,1358,1854,1870,0.2419,-0.0248,1.1198,-2.770,0.751,-2.505
9863862,1386,1856,1868,0.2403,-0.0269,1.1206,-2.916,0.728,-2.024
9863872,1372,1864,1863,0.2391,-0.0277,1.1208,-2.894,0.621,-1.625
9863882,1368,1855,1859,0.2379,-0.0278,1.1222,-2.697,0.578,-1.289
9863892,1346,1875,1866,0.2386,-0.0280,1.1263,-2.430,0.390,-1.001
9863902,1377,1856,1862,0.2391,-0.0281,1.1269,-2.180,0.337,-0.755
9863912,1348,1864,1863,0.2445,-0.0242,1.1239,-2.006,0.209,-0.551
9863922,1376,1854,1868,0.2449,-0.0294,1.1247,-1.862,0.022,-0.505
9863932,1359,1861,1860,0.2451,-0.0337,1.1189,-1.638,-0.046,-0.572
9863942,1351,1855,1903,0.2442,-0.0341,1.1216,-1.243,-0.122,-0.610
9863952,1355,1872,1858,0.2418,-0.0330,1.1234,-0.734,-0.340,-0.648
9863962,1375,1864,1879,0.2421,-0.0340,1.1233,-0.221,-0.416,-0.764
9863972,1366,1855,1869,0.2430,-0.0362,1.1213,0.270,-0.548,-0.914
9863982,1398,1876,1951,0.2435,-0.0369,1.1196,0.684,-0.644,-1.010
9863992,1356,1856,1858,0.2440,-0.0347,1.1219,0.925,-0.849,-1.080
9864002,1368,1853,1861,0.2447,-0.0332,1.1226,1.055,-0.966,-1.165
9864012,1354,1856,1862,0.2458,-0.0330,1.1239,1.117,-0.997,-1.242
9864022,1417,1872,1894,0.2460,-0.0317,1.1234,1.178,-1.015,-1.265
9864032,1419,1884,1861,0.2458,-0.0307,1.1220,1.203,-1.056,-1.324
9864042,1381,1870,1921,0.2457,-0.0297,1.1191,1.269,-1.046,-1.489
9864052,1359,1859,1861,0.2452,-0.0299,1.1171,1.414,-1.013,-1.729
9864062,1376,1856,1858,0.2456,-0.0295,1.1202,1.622,-1.030,-1.922
9864072,1357,1868,1859,0.2448,-0.0287,1.1202,1.900,-0.953,-2.009
9864082,1399,1856,1929,0.2446,-0.0261,1.1216,2.153,-0.826,-1.991
9864092,1360,1865,1862,0.2438,-0.0231,1.1200,2.322,-0.680,-1.928
9864102,1367,1856,1867,0.2430,-0.0229,1.1189,2.336,-0.581,-1.860
9864112,1401,1872,1874,0.2417,-0.0232,1.1187,2.172,-0.516,-1.748
9864122,1378,1856,1859,0.2409,-0.0225,1.1178,1.961,-0.493,-1.536
9864132,1359,1863,1861,0.2411,-0.0212,1.1198,1.714,-0.489,-1.258
9864142,1376,1855,1867,0.2397,-0.0194,1.1209,1.454,-0.505,-0.971
9864152,1377,1858,1869,0.2393,-0.0171,1.1199,1.181,-0.553,-0.702
9864162,1387,1855,1860,0.2378,-0.0170,1.1205,0.898,-0.662,-0.479
9864172,1360,1855,1860,0.2372,-0.0168,1.1219,0.578,-0.863,-0.290
9864182,1400,1854,1858,0.2371,-0.0176,1.1244,0.217,-1.147,-0.122
9864192,1363,1873,1865,0.2373,-0.0186,1.1255,-0.216,-1.428,-0.003
9864202,1433,1876,1864,0.2381,-0.0199,1.1243,-0.655,-1.686,0.049
9864212,1361,1856,1867,0.2388,-0.0228,1.1245,-1.005,-1.912,0.033
9864222,1408,1858,1863,0.2400,-0.0260,1.1239,-1.254,-2.121,-0.053
9864232,1388,1855,1859,0.2410,-0.0274,1.1216,-1.343,-2.238,-0.178
9864242,1379,1856,1893,0.2420,-0.0289,1.1204,-1.215,-2.288,-0.338
9864252,1454,1915,1905,0.2433,-0.0296,1.1188,-0.881,-2.285,-0.513
9864262,1572,1887,1869,0.2434,-0.0303,1.1179,-0.411,-2.148,-0.690
9864272,1369,1857,1861,0.2443,-0.0302,1.1164,0.194,-2.068,-0.859
9864282,1388,1855,1885,0.2457,-0.0286,1.1145,0.808,-1.954,-1.023
9864292,1377,1857,1857,0.2467,-0.0266,1.1139,1.333,-1.914,-1.197
9864302,1373,1870,1882,0.2480,-0.0248,1.1126,1.705,-1.908,-1.380
9864312,1472,1862,1862,0.2490,-0.0219,1.1136,1.828,-1.979,-1.597
9864322,1394,1855,1860,0.2491,-0.0195,1.1134,1.671,-2.098,-1.896
9864332,1367,1869,1858,0.2506,-0.0196,1.1163,1.180,-2.255,-2.290
9864342,1398,1865,1881,0.2502,-0.0185,1.1186,0.331,-2.347,-2.732
9864352,1503,1892,1863,0.2516,-0.0179,1.1226,-0.698,-2.448,-3.139
9864362,1401,1859,1878,0.2515,-0.0178,1.1211,-1.833,-2.418,-3.494
9864372,1371,1856,1920,0.2506,-0.0184,1.1238,-2.884,-2.340,-3.838
9864382,1411,1869,1867,0.2495,-0.0228,1.1242,-3.751,-2.248,-4.191
9864392,1371,1855,1862,0.2489,-0.0265,1.1237,-4.285,-2.114,-4.476
9864402,1402,1857,1864,0.2483,-0.0282,1.1238,-4.466,-2.044,-4.616
9864412,1375,1878,1949,0.2472,-0.0297,1.1231,-4.269,-1.921,-4.605
9864422,1391,1879,1921,0.2456,-0.0292,1.1217,-3.737,-1.758,-4.438
9864432,1392,1864,1878,0.2445,-0.0291,1.1214,-2.953,-1.597,-4.135
9864442,1397,1855,1859,0.2430,-0.0263,1.1217,-2.070,-1.416,-3.699
9864452,1374,1861,1860,0.2421,-0.0235,1.1223,-1.155,-1.268,-3.147
9864462,1484,1886,1863,0.2418,-0.0207,1.1234,-0.385,-1.159,-2.519
9864472,1376,1857,1861,0.2419,-0.0192,1.1235,0.221,-1.096,-1.838
9864482,1417,1855,1859,0.2413,-0.0173,1.1250,0.542,-1.087,-1.129
9864492,1374,1868,1867,0.2411,-0.0153,1.1238,0.569,-1.152,-0.442
9864502,1440,1856,1863,0.2411,-0.0145,1.1229,0.325,-1.315,0.152
9864512,1490,1856,1864,0.2411,-0.0142,1.1224,-0.153,-1.561,0.587
9864522,1408,1856,1870,0.2415,-0.0160,1.1243,-0.848,-1.856,0.842
9864532,1376,1868,1882,0.2429,-0.0189,1.1243,-1.676,-2.172,0.920
9864542,1413,1855,1868,0.2449,-0.0231,1.1225,-2.525,-2.422,0.827
9864552,1379,1856,1863,0.2468,-0.0272,1.1218,-3.257,-2.695,0.573
9864562,1429,1855,1860,0.2491,-0.0332,1.1196,-3.704,-2.861,0.193
9864572,1387,1855,1859,0.2512,-0.0386,1.1175,-3.759,-2.912,-0.217
9864582,1397,1859,1860,0.2531,-0.0417,1.1150,-3.446,-2.884,-0.608
9864592,1380,1865,1865,0.2543,-0.0421,1.1145,-2.715,-2.754,-1.010
9864602,1450,1864,1867,0.2560,-0.0425,1.1148,-1.620,-2.580,-1.408
9864612,1388,1861,1859,0.2561,-0.0405,1.1150,-0.260,-2.308,-1.733
9864622,1404,1854,1859,0.2550,-0.0371,1.1150,1.092,-2.009,-1.965
9864632,1398,1868,1874,0.2542,-0.0326,1.1163,2.271,-1.662,-2.099
9864642,1392,1859,1860,0.2534,-0.0261,1.1166,3.166,-1.269,-2.083
9864652,1383,1864,1862,0.2516,-0.0193,1.1196,3.749,-0.945,-1.948
9864662,1399,1872,1871,0.2498,-0.0158,1.1200,3.863,-0.693,-1.758
9864672,1390,1857,1871,0.2485,-0.0116,1.1196,3.534,-0.452,-1.445
9864682,1397,1856,1858,0.2473,-0.0089,1.1206,2.765,-0.342,-1.040
9864692,1388,1855,1866,0.2464,-0.0062,1.1218,1.650,-0.281,-0.623
9864702,1411,1872,1872,0.2462,-0.0069,1.1211,0.264,-0.276,-0.213
9864712,1388,1863,1865,0.2461,-0.0074,1.1200,-1.163,-0.314,0.205
9864722,1411,1857,1897,0.2459,-0.0092,1.1218,-2.585,-0.383,0.584
9864732,1390,1860,1878,0.2464,-0.0137,1.1222,-3.876,-0.467,0.880
9864742,1401,1855,1863,0.2469,-0.0184,1.1211,-5.018,-0.495,1.095
9864752,1391,1886,1908,0.2479,-0.0230,1.1205,-5.974,-0.565,1.259
9864762,1434,1870,1892,0.2471,-0.0275,1.1224,-6.662,-0.639,1.355
9864772,1391,1858,1866,0.2476,-0.0314,1.1223,-7.042,-0.705,1.373
9864782,1390,1858,1873,0.2477,-0.0350,1.1225,-7.071,-0.783,1.352
9864792,1391,1856,1860,0.2476,-0.0373,1.1229,-6.778,-0.869,1.281
9864802,1392,1855,1862,0.2484,-0.0407,1.1233,-6.182,-0.960,1.184
9864812,1415,1892,1862,0.2475,-0.0417,1.1242,-5.044,-1.024,1.144
9864822,1412,1855,1874,0.2475,-0.0413,1.1241,-3.904,-1.124,1.149
9864832,1394,1854,1865,0.2472,-0.0405,1.1228,-2.860,-1.197,1.145
9864842,1481,1869,1872,0.2482,-0.0384,1.1211,-1.930,-1.200,1.117
9864852,1395,1866,1883,0.2485,-0.0375,1.1211,-1.155,-1.217,1.071
9864862,1400,1852,1860,0.2481,-0.0367,1.1202,-0.569,-1.201,1.034
9864872,1393,1872,1869,0.2488,-0.0353,1.1200,-0.218,-1.186,1.036
9864882,1462,1863,1880,0.2486,-0.0337,1.1193,-0.028,-1.170,1.066
9864892,1410,1856,1862,0.2488,-0.0320,1.1181,-0.029,-1.135,1.088
9864902,1425,1855,1860,0.2489,-0.0320,1.1194,-0.180,-1.064,1.104
9864912,1394,1867,1873,0.2518,-0.0296,1.1186,-0.490,-0.988,1.120
9864922,1440,1868,1863,0.2492,-0.0325,1.1233,-0.823,-0.901,1.074
9864932,1407,1858,1866,0.2495,-0.0368,1.1193,-1.180,-0.802,0.974
9864942,1412,1857,1862,0.2486,-0.0379,1.1178,-1.149,-0.549,0.949
9864952,1422,1872,1862,0.2476,-0.0380,1.1209,-0.953,-0.639,0.941
9864962,1407,1856,1872,0.2472,-0.0392,1.1197,-0.756,-0.555,0.859
9864972,1401,1864,1862,0.2476,-0.0387,1.1209,-0.550,-0.560,0.768
9864982,1496,1861,1863,0.2481,-0.0380,1.1198,-0.365,-0.510,0.685
9864992,1399,1854,1888,0.2478,-0.0387,1.1208,-0.224,-0.476,0.591
9865002,1420,1856,1861,0.2475,-0.0384,1.1210,-0.181,-0.474,0.486
9865012,1401,1859,1860,0.2466,-0.0390,1.1214,-0.194,-0.438,0.372
9865022,1401,1872,1886,0.2469,-0.0403,1.1198,-0.196,-0.400,0.267
9865032,1403,1861,1900,0.2471,-0.0404,1.1191,-0.154,-0.382,0.165
9865042,1427,1857,1864,0.2470,-0.0411,1.1210,-0.109,-0.421,0.053
9865052,1405,1857,1859,0.2474,-0.0416,1.1202,-0.051,-0.396,-0.050
9865062,1433,1870,1874,0.2471,-0.0404,1.1210,0.088,-0.375,-0.107
9865072,1401,1854,1861,0.2464,-0.0399,1.1199,0.236,-0.350,-0.145
9865082,1446,1861,1960,0.2468,-0.0376,1.1192,0.379,-0.314,-0.191
9865092,1404,1864,1871,0.2470,-0.0355,1.1205,0.445,-0.314,-0.243
9865102,1411,1859,1860,0.2465,-0.0351,1.1204,0.431,-0.287,-0.301
9865112,1402,1861,1870,0.2466,-0.0343,1.1199,0.363,-0.232,-0.346
9865122,1405,1855,1870,0.2459,-0.0341,1.1199,0.259,-0.167,-0.364
9865132,1405,1865,1875,0.2459,-0.0337,1.1218,0.109,-0.090,-0.360
9865142,1440,1865,1868,0.2464,-0.0343,1.1207,-0.031,0.036,-0.346
9865152,1408,1868,1861,0.2466,-0.0331,1.1198,-0.129,0.155,-0.300
9865162,1418,1856,1864,0.2471,-0.0322,1.1200,-0.206,0.220,-0.261
9865172,1429,1856,1879,0.2464,-0.0323,1.1205,-0.319,0.267,-0.258
9865182,1423,1857,1868,0.2467,-0.0339,1.1219,-0.495,0.287,-0.237
9865192,1407,1856,1862,0.2462,-0.0346,1.1212,-0.705,0.319,-0.202
9865202,1440,1857,1860,0.2451,-0.0353,1.1204,-0.881,0.365,-0.178
9865212,1408,1862,1862,0.2441,-0.0370,1.1205,-1.012,0.398,-0.164
9865222,1426,1858,1861,0.2444,-0.0358,1.1215,-1.072,0.406,-0.120
9865232,1408,1859,1870,0.2437,-0.0340,1.1233,-1.114,0.365,-0.105
9865242,1438,1856,1891,0.2431,-0.0347,1.1245,-1.281,0.347,-0.152
9865252,1412,1874,1892,0.2426,-0.0355,1.1231,-1.478,0.367,-0.164
9865262,1440,1856,1861,0.2420,-0.0355,1.1223,-1.676,0.341,-0.101
9865272,1409,1873,1861,0.2418,-0