1084307,2366,2098,2129,0.0489,0.3372,1.0903,-0.753,5.568,0.438
1084317,2490,2028,2100,0.0485,0.3373,1.0916,-0.711,5.587,0.439
1084327,2351,2083,2134,0.0494,0.3379,1.0911,-0.660,5.584,0.424
1084337,2498,2018,2093,0.0499,0.3384,1.0916,-0.616,5.618,0.433
1084347,2371,2073,2111,0.0508,0.3384,1.0927,-0.626,5.671,0.416
1084357,2500,2006,2094,0.0510,0.3379,1.0929,-0.698,5.689,0.374
1084367,2364,2073,2098,0.0508,0.3366,1.0920,-0.779,5.717,0.315
1084377,2482,2000,2080,0.0496,0.3353,1.0931,-0.841,5.764,0.293
1084387,2361,2063,2117,0.0496,0.3343,1.0929,-0.896,5.769,0.278
1084397,2502,2025,2089,0.0487,0.3336,1.0915,-0.901,5.784,0.318
1084407,2370,2061,2104,0.0491,0.3333,1.0916,-0.917,5.751,0.378
1084417,2500,1992,2067,0.0496,0.3333,1.0919,-0.888,5.702,0.436
1084427,2379,2056,2073,0.0498,0.3357,1.0919,-0.763,5.699,0.486
1084437,2447,2012,2096,0.0510,0.3368,1.0912,-0.578,5.713,0.516
1084447,2353,2061,2117,0.0504,0.3385,1.0915,-0.419,5.718,0.486
1084457,2491,1991,2038,0.0501,0.3407,1.0907,-0.305,5.763,0.475
1084467,2351,2035,2101,0.0498,0.3411,1.0907,-0.330,5.756,0.485
1084477,2506,1976,2041,0.0491,0.3402,1.0906,-0.524,5.683,0.432
1084487,2356,2037,2061,0.0484,0.3387,1.0902,-0.747,5.643,0.372
1084497,2492,1971,2042,0.0483,0.3366,1.0902,-0.942,5.633,0.377
1084507,2331,2029,2074,0.0484,0.3346,1.0912,-1.072,5.582,0.371
1084517,2489,1979,2042,0.0490,0.3325,1.0920,-1.089,5.552,0.382
1084527,2374,2009,2047,0.0502,0.3321,1.0909,-0.983,5.574,0.432
1084537,2535,1947,2026,0.0503,0.3336,1.0910,-0.827,5.590,0.462
1084547,2338,2025,2071,0.0505,0.3346,1.0911,-0.624,5.598,0.473
1084557,2489,1953,2012,0.0498,0.3367,1.0907,-0.410,5.654,0.468
1084567,2339,2007,2046,0.0493,0.3371,1.0907,-0.226,5.709,0.435
1084577,2464,1950,2006,0.0481,0.3379,1.0904,-0.154,5.708,0.384
1084587,2336,1992,2062,0.0479,0.3386,1.0897,-0.223,5.676,0.372
1084597,2486,1952,2015,0.0484,0.3389,1.0915,-0.431,5.626,0.410
1084607,2348,2000,2030,0.0481,0.3367,1.0925,-0.711,5.548,0.369
1084617,2528,1920,2000,0.0480,0.3343,1.0923,-0.884,5.515,0.333
1084627,2318,2002,2024,0.0490,0.3341,1.0925,-0.906,5.520,0.356
1084637,2445,1928,1994,0.0486,0.3339,1.0918,-0.793,5.545,0.388
1084647,2322,1967,2012,0.0487,0.3350,1.0911,-0.584,5.575,0.423
1084657,2447,1924,1981,0.0489,0.3364,1.0920,-0.343,5.559,0.452
1084667,2297,1976,1992,0.0484,0.3368,1.0915,-0.193,5.533,0.418
1084677,2416,1911,1957,0.0480,0.3378,1.0921,-0.172,5.544,0.404
1084687,2290,1966,1993,0.0477,0.3381,1.0913,-0.228,5.520,0.457
1084697,2432,1920,1957,0.0467,0.3373,1.0927,-0.301,5.434,0.443
1084707,2301,1952,1994,0.0469,0.3360,1.0902,-0.325,5.383,0.412
1084717,2403,1920,1964,0.0482,0.3364,1.0911,-0.316,5.367,0.509
1084727,2274,1952,1981,0.0499,0.3374,1.0926,-0.281,5.301,0.581
1084737,2410,1887,1933,0.0499,0.3377,1.0936,-0.190,5.249,0.553
1084747,2256,1941,1960,0.0509,0.3382,1.0931,-0.055,5.243,0.573
1084757,2399,1873,1916,0.0509,0.3376,1.0943,0.024,5.240,0.581
1084767,2277,1931,1983,0.0525,0.3404,1.0913,-0.006,5.291,0.637
1084777,2420,1852,1933,0.0526,0.3399,1.0957,-0.091,5.243,0.583
1084787,2263,1948,1957,0.0503,0.3350,1.0956,-0.249,5.152,0.182
1084797,2387,1862,1910,0.0498,0.3361,1.0913,-0.055,5.358,0.158
1084807,2258,1925,1952,0.0523,0.3384,1.0940,0.073,5.416,0.392
1084817,2364,1878,1900,0.0516,0.3366,1.0937,0.129,5.349,0.266
1084827,2213,1916,1928,0.0521,0.3359,1.0922,0.280,5.421,0.166
1084837,2365,1861,1898,0.0562,0.3362,1.0915,0.484,5.515,0.326
1084847,2196,1913,1913,0.0586,0.3339,1.0920,0.594,5.466,0.369
1084857,2378,1845,1892,0.0553,0.3359,1.0938,0.679,5.455,0.426
1084867,2230,1901,1920,0.0538,0.3349,1.0935,0.793,5.513,0.523
1084877,2371,1844,1885,0.0491,0.3306,1.0884,0.782,5.651,0.415
1084887,2225,1875,1904,0.0485,0.3406,1.0896,0.770,5.832,0.823
1084897,2340,1834,1880,0.0531,0.3482,1.0946,0.718,5.763,1.469
1084907,2218,1879,1896,0.0487,0.3417,1.0885,0.813,5.678,0.978
1084917,2351,1822,1905,0.0487,0.3415,1.0833,1.187,5.718,0.716
1084927,2196,1881,1880,0.0671,0.3515,1.0667,1.329,5.537,1.320
1084937,2324,1812,1831,0.0656,0.3569,1.0898,1.278,4.919,1.567
1084947,2190,1873,1889,0.0537,0.3339,1.1070,0.222,3.718,-0.376
1084957,2306,1819,1842,0.0419,0.3272,1.0777,0.473,4.433,-1.277
1084967,2191,1864,1879,0.0500,0.3466,1.0712,1.116,5.389,0.715
1084977,2315,1806,1846,0.0559,0.3512,1.0901,0.581,4.651,1.584
1084987,2171,1860,1880,0.0513,0.3414,1.0897,0.199,4.145,0.671
1084997,2267,1825,1837,0.0480,0.3454,1.0821,0.479,4.569,0.552
1085007,2131,1854,1883,0.0482,0.3513,1.0834,0.701,4.703,0.972
1085017,2279,1797,1822,0.0444,0.3540,1.0808,0.754,4.468,0.818
1085027,2255,1844,1884,0.0430,0.3598,1.0860,0.845,4.245,0.934
1085037,2267,1779,1845,0.0405,0.3620,1.0898,0.636,3.982,1.030
1085047,2122,1821,1907,0.0363,0.3623,1.0891,0.276,3.890,0.969
1085057,2282,1770,1854,0.0396,0.3648,1.0884,-0.348,3.808,1.277
1085067,2167,1842,1894,0.0409,0.3650,1.0898,-1.117,3.534,1.612
1085077,2337,1768,1839,0.0413,0.3661,1.0926,-1.904,3.090,1.846
1085087,2170,1820,1891,0.0462,0.3721,1.0969,-2.693,2.627,2.395
1085097,2293,1776,1868,0.0467,0.3787,1.0993,-3.688,2.222,3.015
1085107,2134,1863,1916,0.0466,0.3834,1.1004,-5.041,1.713,3.389
1085117,2256,1768,1850,0.0468,0.3850,1.1012,-6.881,1.124,3.688
1085127,2136,1816,1882,0.0489,0.3874,1.1036,-9.006,0.357,4.070
1085137,2232,1756,1842,0.0529,0.3895,1.1102,-11.287,-0.625,4.617
1085147,2115,1816,1894,0.0552,0.3876,1.1148,-13.628,-1.601,5.061
1085157,2247,1758,1844,0.0589,0.3811,1.1152,-15.923,-2.399,5.355
1085167,2180,1804,1923,0.0627,0.3685,1.1169,-18.077,-3.083,5.536
1085177,2243,1770,1939,0.0631,0.3512,1.1175,-20.241,-3.653,5.550
1085187,2150,1806,1877,0.0650,0.3342,1.1098,-22.289,-3.943,5.724
1085197,2252,1756,1826,0.0686,0.3222,1.1033,-23.912,-4.069,6.384
1085207,2136,1799,1914,0.0743,0.3078,1.1048,-25.251,-4.451,6.793
1085217,2272,1750,1801,0.0756,0.2880,1.0969,-26.131,-4.583,6.478
1085227,2163,1803,1909,0.0782,0.2727,1.0918,-26.079,-4.389,6.215
1085237,2213,1751,1804,0.0809,0.2571,1.0875,-25.205,-4.124,6.123
1085247,2132,1786,1861,0.0821,0.2451,1.0788,-23.484,-3.651,5.898
1085257,2266,1744,1766,0.0853,0.2415,1.0779,-21.101,-3.260,5.988
1085267,2128,1780,1846,0.0857,0.2345,1.0761,-18.154,-2.970,5.701
1085277,2302,1748,1775,0.0842,0.2307,1.0735,-14.683,-2.516,5.089
1085287,2092,1790,1831,0.0874,0.2341,1.0784,-11.072,-2.140,4.773
1085297,2216,1752,1773,0.0898,0.2361,1.0803,-7.323,-1.767,4.288
1085307,2093,1783,1830,0.0885,0.2415,1.0864,-3.454,-1.352,3.683
1085317,2199,1740,1755,0.0908,0.2487,1.0938,0.059,-1.039,3.274
1085327,2050,1778,1798,0.0909,0.2582,1.0929,3.086,-0.574,2.834
1085337,2247,1738,1751,0.0937,0.2757,1.0960,5.499,-0.154,2.832
1085347,2236,1768,1768,0.0948,0.2861,1.1014,7.217,-0.064,2.547
1085357,2225,1742,1748,0.0927,0.2922,1.0970,8.466,0.131,1.805
1085367,2086,1769,1771,0.0972,0.3015,1.0951,9.271,0.321,1.419
1085377,2189,1740,1732,0.1037,0.3115,1.0882,9.497,0.319,1.298
1085387,2079,1757,1770,0.1015,0.3168,1.0992,9.273,0.027,0.901
1085397,2150,1744,1731,0.0936,0.3133,1.0974,8.307,-0.299,-0.126
1085407,2035,1772,1756,0.0942,0.3218,1.0880,7.498,-0.052,-0.342
1085417,2137,1741,1733,0.1009,0.3299,1.0966,6.276,-0.276,0.156
1085427,2076,1761,1747,0.0981,0.3238,1.0948,4.924,-0.662,-0.485
1085437,2132,1742,1702,0.1012,0.3251,1.0926,4.001,-0.643,-0.868
1085447,1946,1767,1738,0.1070,0.3249,1.1018,3.098,-0.824,-0.745
1085457,2181,1739,1704,0.1044,0.3129,1.1039,2.174,-1.003,-1.455
1085467,2003,1755,1737,0.1052,0.3098,1.0987,1.550,-0.789,-1.740
1085477,2104,1739,1703,0.1093,0.3126,1.1013,1.085,-0.580,-1.243
1085487,2011,1750,1734,0.1091,0.3093,1.1019,0.762,-0.513,-1.234
1085497,2092,1743,1702,0.1101,0.3062,1.0997,0.731,-0.426,-1.507
1085507,2005,1754,1733,0.1128,0.3062,1.0990,0.838,-0.380,-1.530
1085517,1977,1737,1712,0.1110,0.3052,1.1048,0.932,-0.339,-1.595
1085527,1965,1739,1728,0.1084,0.3028,1.1019,0.927,-0.161,-1.765
1085537,2012,1740,1707,0.1085,0.3076,1.0974,0.959,0.236,-1.475
1085547,1977,1739,1715,0.1105,0.3123,1.1004,0.895,0.436,-0.940
1085557,2041,1740,1705,0.1094,0.3093,1.1008,0.769,0.514,-0.989
1085567,1953,1737,1702,0.1098,0.3105,1.0986,0.735,0.736,-1.080
1085577,2151,1749,1702,0.1138,0.3141,1.1018,0.723,0.889,-0.840
1085587,1929,1745,1718,0.1154,0.3120,1.1032,0.617,0.963,-0.981
1085597,1858,1766,1697,0.1163,0.3110,1.1027,0.599,1.202,-1.243
1085607,1917,1742,1720,0.1168,0.3119,1.1022,0.498,1.411,-1.211
1085617,2031,1764,1702,0.1147,0.3088,1.1031,0.256,1.600,-1.311
1085627,1806,1737,1703,0.1143,0.3102,1.0995,-0.120,1.887,-1.225
1085637,1981,1741,1695,0.1178,0.3127,1.0980,-0.550,2.103,-0.783
1085647,1843,1748,1708,0.1181,0.3115,1.0993,-0.977,2.169,-0.606
1085657,1950,1749,1690,0.1203,0.3096,1.1019,-1.277,2.211,-0.594
1085667,2021,1732,1702,0.1205,0.3084,1.1025,-1.460,2.364,-0.468
1085677,2023,1796,1692,0.1196,0.3088,1.1030,-1.517,2.582,-0.250
1085687,1903,1745,1695,0.1210,0.3105,1.1029,-1.610,2.784,0.059
1085697,2073,1789,1695,0.1214,0.3107,1.1092,-1.701,2.937,0.291
1085707,1800,1736,1697,0.1183,0.3070,1.1083,-1.836,3.131,0.170
1085717,2011,1776,1707,0.1211,0.3101,1.1074,-2.002,3.492,0.491
1085727,1893,1770,1685,0.1236,0.3147,1.1139,-2.535,3.590,1.066
1085737,1876,1790,1697,0.1225,0.3112,1.1126,-3.234,3.652,1.066
1085747,1767,1740,1688,0.1229,0.3100,1.1130,-3.749,3.851,1.124
1085757,1928,1916,1782,0.1243,0.3107,1.1187,-4.551,4.001,1.581
1085767,1954,1768,1701,0.1251,0.3061,1.1195,-5.556,4.261,1.855
1085777,1954,1782,1712,0.1272,0.3022,1.1217,-6.647,4.686,2.151
1085787,1838,1750,1714,0.1334,0.2950,1.1322,-8.005,5.063,2.595
1085797,1982,1739,1740,0.1373,0.2842,1.1391,-9.492,5.639,2.970
1085807,1876,1765,1701,0.1450,0.2733,1.1491,-10.988,6.538,3.692
1085817,1986,1893,1738,0.1622,0.2664,1.1658,-12.657,7.593,4.934
1085827,1784,1744,1722,0.1762,0.2579,1.1862,-14.116,9.079,6.216
1085837,1848,1772,1709,0.1856,0.2487,1.1897,-15.586,11.354,7.198
1085847,1830,1827,1696,0.1940,0.2426,1.1932,-16.427,14.005,8.075
1085857,2165,1886,1758,0.2023,0.2383,1.1924,-16.287,16.932,8.906
1085867,1731,1743,1715,0.2042,0.2291,1.1785,-14.518,20.346,9.156
1085877,1845,1741,1729,0.2072,0.2213,1.1781,-11.028,23.690,9.144
1085887,1590,1751,1722,0.2116,0.2052,1.1927,-6.486,26.590,8.997
1085897,1837,1822,1761,0.2073,0.1825,1.1944,-1.354,29.884,8.484
1085907,1746,1783,1715,0.2047,0.1908,1.2015,4.009,33.848,9.563
1085917,1937,1926,1756,0.2076,0.2029,1.2206,8.507,37.648,11.787
1085927,1584,1832,1737,0.1989,0.1985,1.2289,11.808,41.408,12.504
1085937,1663,1846,1780,0.1965,0.2029,1.2485,14.150,45.142,13.564
1085947,1639,1742,1772,0.1908,0.2083,1.2680,15.134,48.909,15.401
1085957,1752,1796,1807,0.1840,0.2133,1.2864,14.652,52.734,17.410
1085967,1653,1756,1802,0.1774,0.2221,1.3062,12.548,56.414,20.141
1085977,1550,1898,1861,0.1681,0.2354,1.3242,8.899,60.105,23.569
1085987,1771,1831,1796,0.1579,0.2466,1.3369,3.509,63.798,27.537
1085997,1788,1804,1823,0.1458,0.2596,1.3468,-3.531,67.435,31.834
1086007,1586,1786,1760,0.1353,0.2733,1.3605,-12.456,70.802,36.550
1086017,1799,1759,1788,0.1204,0.2898,1.3714,-23.130,74.104,41.507
1086027,1694,1734,1769,0.1071,0.3092,1.3843,-35.503,77.438,46.799
1086037,1632,1828,1818,0.0897,0.3237,1.3895,-49.579,80.807,51.848
1086047,2020,1808,1778,0.0758,0.3300,1.3965,-65.191,84.068,56.490
1086057,1689,1895,1815,0.0620,0.3268,1.4041,-82.237,87.041,60.820
1086067,1748,1862,1790,0.0427,0.3183,1.3975,-99.906,89.944,65.044
1086077,1668,1895,1785,0.0201,0.3097,1.3808,-117.346,92.801,69.491
1086087,1625,1892,1782,0.0013,0.2914,1.3697,-134.222,94.854,73.954
1086097,1755,1979,1828,-0.0224,0.2682,1.3508,-149.884,96.218,78.146
1086107,1653,1813,1742,-0.0421,0.2449,1.3295,-163.511,97.403,82.690
1086117,1789,1843,1813,-0.0601,0.2084,1.3205,-175.463,97.870,87.214
1086127,1629,1876,1734,-0.0770,0.1589,1.3132,-185.861,97.722,91.035
1086137,1735,1941,1792,-0.0890,0.1087,1.3001,-194.528,97.482,95.156
1086147,1640,1835,1730,-0.0993,0.0603,1.2841,-201.467,97.156,99.970
1086157,1576,1878,1768,-0.1107,0.0156,1.2648,-206.486,96.657,105.180
1086167,1611,1779,1748,-0.1237,-0.0243,1.2450,-209.533,95.925,110.637
1086177,1638,1752,1745,-0.1374,-0.0700,1.2167,-209.632,94.673,117.510
1086187,1885,1734,1705,-0.1509,-0.1182,1.1928,-208.914,93.197,123.831
1086197,1610,1826,1803,-0.1564,-0.1717,1.1547,-207.750,91.385,129.749
1086207,1719,1805,1684,-0.1695,-0.2287,1.0964,-205.886,89.530,135.489
1086217,1575,1804,1771,-0.1817,-0.2832,1.0430,-203.230,86.934,141.493
1086227,1889,1838,1737,-0.2032,-0.3313,1.0019,-199.666,83.125,147.547
1086237,1644,1807,1774,-0.2240,-0.3643,0.9623,-194.672,78.942,153.956
1086247,1828,1735,1687,-0.2442,-0.3773,0.9144,-187.913,74.938,161.054
1086257,1540,1849,1896,-0.2740,-0.3666,0.8667,-179.424,70.983,168.215
1086267,2044,1792,1693,-0.3027,-0.3468,0.8200,-169.335,66.692,174.495
1086277,1672,1738,1687,-0.3382,-0.3108,0.7913,-157.901,61.745,178.831
1086287,1669,1960,1718,-0.3519,-0.2887,0.7751,-145.415,56.112,180.942
1086297,1925,1791,1712,-0.3737,-0.2857,0.7588,-132.601,50.446,180.017
1086307,1779,1737,1689,-0.3765,-0.2883,0.7582,-119.324,44.753,177.986
1086317,1908,1755,1690,-0.3829,-0.2876,0.7520,-105.697,39.672,175.776
1086327,1935,1824,1724,-0.3918,-0.2739,0.7461,-91.288,35.460,173.668
1086337,2173,1776,1836,-0.3943,-0.2316,0.7648,-76.574,31.367,171.938
1086347,1889,1735,1687,-0.4013,-0.1842,0.7690,-61.634,28.362,169.422
1086357,1751,1795,1731,-0.4165,-0.1159,0.7742,-46.685,26.587,165.645
1086367,1673,1824,1695,-0.4182,-0.0275,0.7911,-32.926,25.241,161.200
1086377,1693,1747,1705,-0.4200,0.0401,0.8003,-20.926,24.512,154.182
1086387,1786,1786,1705,-0.4295,0.0825,0.8031,-11.966,23.925,144.160
1086397,1773,1744,1687,-0.4389,0.1163,0.8051,-6.720,22.962,133.597
1086407,1898,1749,1695,-0.4594,0.1360,0.7994,-5.215,21.542,123.217
1086417,2379,1761,1690,-0.4853,0.1464,0.7872,-6.689,19.457,112.839
1086427,2341,1786,1699,-0.4985,0.1446,0.7891,-9.942,16.194,103.006
1086437,1808,1816,1695,-0.5112,0.1243,0.7902,-14.375,12.251,93.490
1086447,1579,1766,1710,-0.5124,0.0985,0.7793,-19.719,8.585,84.879
1086457,1948,1780,1703,-0.5205,0.0738,0.7782,-25.725,4.932,77.011
1086467,1589,1832,1791,-0.5257,0.0486,0.7915,-31.379,1.188,69.449
1086477,1610,1740,1756,-0.5285,0.0287,0.8121,-35.852,-2.105,62.429
1086487,2538,1926,1870,-0.5289,0.0084,0.8331,-39.284,-4.740,55.955
1086497,1727,1800,1729,-0.5306,-0.0236,0.8514,-41.645,-6.707,49.582
1086507,2043,1836,1761,-0.5145,-0.0745,0.8669,-43.034,-8.148,43.514
1086517,1912,1898,1780,-0.5136,-0.1384,0.8783,-43.032,-9.137,37.742
1086527,1853,1769,1795,-0.5173,-0.1860,0.8791,-41.515,-9.283,33.231
1086537,1645,1912,1807,-0.5138,-0.2078,0.8810,-38.042,-8.521,30.914
1086547,1811,1741,1727,-0.5186,-0.2199,0.8941,-33.254,-7.532,28.848
1086557,1793,1759,1694,-0.5199,-0.2225,0.8947,-26.973,-6.026,26.400
1086567,2287,1860,1719,-0.5191,-0.2254,0.8930,-19.291,-3.966,23.955
1086577,1541,1738,1699,-0.5133,-0.2377,0.8936,-11.817,-2.122,21.516
1086587,2550,1853,1696,-0.5155,-0.2614,0.8838,-5.127,-0.408,19.470
1086597,1848,1845,1754,-0.5232,-0.2797,0.8681,0.378,1.159,18.536
1086607,2093,1849,1760,-0.5277,-0.2954,0.8503,4.412,2.276,19.086
1086617,2332,1929,1716,-0.5385,-0.3027,0.8429,6.720,2.514,20.246
1086627,2249,1764,1768,-0.5395,-0.2987,0.8494,7.665,1.845,21.877
1086637,2415,1836,1745,-0.5448,-0.2923,0.8512,7.919,1.309,23.924
1086647,1776,1789,1745,-0.5373,-0.2824,0.8617,6.832,0.685,26.432
1086657,1861,1800,1696,-0.5329,-0.2894,0.8693,4.071,-0.164,28.846
1086667,1903,1851,1708,-0.5331,-0.2936,0.8736,0.829,-0.631,31.281
1086677,1725,2091,1737,-0.5252,-0.2949,0.8780,-2.322,-0.775,34.505
1086687,2791,1739,1844,-0.5295,-0.2955,0.8842,-5.517,-0.940,37.269
1086697,1505,1814,2103,-0.5310,-0.2766,0.8985,-7.820,-0.989,40.172
1086707,1387,1898,1927,-0.5259,-0.2490,0.9042,-8.559,-0.323,43.223
1086717,2158,1784,1709,-0.5165,-0.2238,0.9107,-8.591,0.576,45.323
1086727,1321,1830,1993,-0.5148,-0.1938,0.9102,-7.729,1.705,46.361
1086737,2951,1806,1917,-0.5092,-0.1606,0.8928,-4.811,3.717,46.797
1086747,1713,1854,1758,-0.5054,-0.1267,0.8988,-0.807,5.583,45.944
1086757,1516,2101,1839,-0.5050,-0.0921,0.9074,3.193,6.992,43.826
1086767,1729,1958,1915,-0.5073,-0.0615,0.8791,7.313,9.203,41.099
1086777,3400,1866,1721,-0.5111,-0.0445,0.8561,10.531,10.963,37.660
1086787,1603,1744,2242,-0.5240,-0.0398,0.8508,12.158,10.965,33.106
1086797,1659,1762,1770,-0.5428,-0.0095,0.8688,13.118,10.269,28.596
1086807,1703,1852,2267,-0.5429,0.0315,0.8849,13.718,9.841,25.539
1086817,1406,1834,1852,-0.5641,0.0552,0.8595,13.992,10.228,21.417
1086827,1648,1923,1802,-0.5752,0.0952,0.8675,14.129,9.649,16.568
1086837,1480,1748,1730,-0.5744,0.1106,0.8942,13.547,7.849,11.579
1086847,1350,1797,1825,-0.5823,0.1025,0.8983,13.823,6.636,4.959
1086857,1697,1746,1780,-0.5755,0.1038,0.9005,14.412,5.957,-0.772
1086867,1372,1908,2165,-0.5702,0.0950,0.9076,14.787,5.166,-6.461
1086877,1884,1765,2365,-0.5680,0.0785,0.9274,14.966,4.235,-13.337
1086887,2270,1785,2559,-0.5594,0.0767,0.9455,15.714,3.966,-19.567
1086897,1717,2138,1845,-0.5628,0.0687,0.9443,17.801,4.978,-25.353
1086907,1500,1789,2193,-0.5668,0.0517,0.9387,20.257,6.115,-31.442
1086917,1686,1742,1912,-0.5814,0.0404,0.9379,22.752,6.754,-37.420
1086927,1613,2548,1746,-0.5864,0.0404,0.9353,26.016,7.421,-42.652
1086937,1538,1982,2275,-0.6024,0.0444,0.9319,29.948,8.362,-47.457
1086947,1324,1837,2724,-0.6090,0.0747,0.9734,33.275,8.711,-51.886
1086957,1306,1753,2110,-0.5822,0.1218,1.0095,34.042,7.513,-54.287
1086967,1541,1742,1700,-0.5948,0.1041,0.9667,34.535,7.349,-59.047
1086977,1449,1853,1951,-0.5852,0.0947,0.9606,34.011,6.276,-63.940
1086987,1476,1964,1694,-0.5797,0.0828,0.9813,30.736,3.313,-67.895
1086997,1374,1804,1714,-0.5945,0.0626,0.9454,27.288,1.737,-72.612
1087007,1681,1747,1680,-0.5952,0.0318,0.9113,23.562,0.485,-75.970
1087017,1415,1741,1797,-0.5965,-0.0138,0.9300,17.579,-3.180,-79.523
1087027,1579,1757,1678,-0.6036,-0.0538,0.9558,10.355,-7.419,-82.704
1087037,1307,1822,1679,-0.5962,-0.0651,0.9568,4.146,-9.489,-82.915
1087047,1418,1749,1721,-0.5782,-0.0766,0.9654,-1.519,-10.625,-81.614
1087057,1481,1743,1694,-0.5695,-0.1004,0.9897,-7.674,-12.284,-81.676
1087067,1592,1780,1940,-0.5628,-0.1307,1.0059,-13.112,-13.362,-82.276
1087077,1465,1749,1685,-0.5558,-0.1712,1.0133,-17.358,-13.328,-82.531
1087087,1965,1820,1715,-0.5577,-0.2185,1.0304,-21.139,-13.323,-83.109
1087097,1313,1816,1704,-0.5637,-0.2631,1.0518,-23.985,-13.260,-83.552
1087107,1347,1809,1732,-0.5681,-0.3080,1.0602,-25.289,-12.103,-82.946
1087117,2191,1760,1679,-0.5711,-0.3510,1.0723,-25.499,-10.124,-81.360
1087127,1417,1800,1680,-0.5602,-0.3894,1.1254,-26.301,-8.323,-78.657
1087137,1361,1766,1733,-0.5493,-0.4308,1.1363,-28.562,-5.395,-74.839
1087147,1345,1742,1696,-0.5662,-0.4766,1.1129,-30.682,-0.287,-70.281
1087157,1446,1749,1687,-0.5559,-0.5060,1.0899,-32.887,4.545,-63.509
1087167,1377,1757,1682,-0.5652,-0.5605,1.0610,-36.011,8.227,-57.022
1087177,1663,1790,1711,-0.5757,-0.6162,1.0360,-39.020,10.929,-50.558
1087187,1350,1778,1686,-0.5814,-0.6569,1.0191,-41.202,12.996,-41.838
1087197,2216,1771,1722,-0.5900,-0.6832,0.9797,-42.254,14.980,-31.430
1087207,1976,1749,1684,-0.5926,-0.7030,0.9345,-41.903,16.401,-20.489
1087217,1882,1743,1688,-0.5879,-0.7235,0.9056,-40.651,16.392,-9.926
1087227,1411,1744,1683,-0.5834,-0.7475,0.8776,-38.062,15.513,-0.129
1087237,1545,1751,1697,-0.5825,-0.7493,0.8555,-33.090,14.749,9.856
1087247,1691,1742,1711,-0.5614,-0.7387,0.8588,-26.360,13.903,20.596
1087257,1353,1805,1745,-0.5520,-0.7301,0.8673,-19.264,13.221,30.389
1087267,1330,1744,1692,-0.5475,-0.7010,0.8620,-11.159,13.547,39.705
1087277,2290,1779,1681,-0.5374,-0.6499,0.8574,-2.334,14.669,49.563
1087287,1622,1746,1683,-0.5337,-0.5930,0.8659,5.641,15.631,58.195
1087297,1338,1926,1683,-0.5266,-0.5356,0.8747,12.381,16.417,65.203
1087307,1448,1792,1683,-0.5217,-0.4800,0.8646,18.017,17.779,71.154
1087317,1335,1812,1867,-0.5157,-0.4312,0.8519,21.849,19.075,76.105
1087327,1569,1776,1686,-0.5118,-0.3851,0.8481,23.241,19.203,79.668
1087337,1387,1745,1702,-0.5217,-0.3264,0.8540,23.038,19.021,82.653
1087347,2491,1814,1682,-0.5139,-0.2764,0.8473,21.603,18.945,85.219
1087357,1683,1844,1741,-0.5132,-0.2347,0.8475,18.914,18.233,86.424
1087367,2373,1842,1710,-0.5034,-0.2059,0.8523,15.402,17.015,87.171
1087377,1639,1803,1716,-0.5057,-0.1917,0.8519,11.706,15.952,86.760
1087387,1384,1758,1769,-0.5095,-0.1792,0.8438,8.390,15.233,85.761
1087397,2205,1743,1714,-0.5198,-0.1597,0.8301,6.072,14.600,85.014
1087407,1626,1887,1847,-0.5300,-0.1460,0.8151,4.434,13.649,84.049
1087417,2202,2028,1784,-0.5336,-0.1552,0.8176,2.714,11.608,82.332
1087427,1584,1770,2229,-0.5451,-0.1574,0.8462,0.945,8.781,80.037
1087437,1482,1802,1702,-0.5448,-0.1392,0.8643,0.366,6.905,78.507
1087447,1472,1761,1689,-0.5362,-0.1032,0.8851,2.026,6.695,77.309
1087457,1391,1760,2389,-0.5202,-0.0636,0.9075,4.747,7.297,74.954
1087467,1419,1807,1757,-0.5150,-0.0380,0.9065,8.835,8.848,70.439
1087477,2066,1819,1722,-0.5087,-0.0030,0.9037,14.362,11.266,65.514
1087487,1566,1929,1775,-0.4908,0.0259,0.9081,19.788,13.562,61.003
1087497,1672,1865,1741,-0.4915,0.0318,0.8956,24.815,15.930,55.412
1087507,1473,1841,1965,-0.4960,0.0318,0.8667,28.911,18.128,49.610
1087517,1413,2162,2468,-0.5069,0.0114,0.8347,31.001,19.258,44.303
1087527,1463,1768,1919,-0.5265,-0.0110,0.8189,30.565,18.627,39.098
1087537,2369,1752,1722,-0.5411,-0.0063,0.8337,28.251,16.567,35.283
1087547,1367,1782,2171,-0.5489,0.0140,0.8431,25.632,14.769,32.661
1087557,1329,1759,1711,-0.5620,0.0478,0.8332,23.533,13.880,29.927
1087567,2297,1888,1903,-0.5499,0.0978,0.8673,21.316,12.340,27.115
1087577,1817,1783,1883,-0.5465,0.1136,0.8906,17.924,10.722,22.925
1087587,2379,1765,1753,-0.5579,0.1034,0.8756,15.555,10.403,16.721
1087597,1802,1986,2297,-0.5646,0.0983,0.8739,13.237,9.898,11.294
1087607,1368,1771,2096,-0.5841,0.0683,0.8611,10.867,8.855,5.314
1087617,1418,1881,2137,-0.6037,0.0321,0.8436,10.194,7.786,-0.946
1087627,2175,1798,2157,-0.6178,0.0203,0.8515,10.621,6.405,-5.428
1087637,1480,1822,1789,-0.6038,0.0054,0.8473,12.147,5.475,-9.152
1087647,1993,1805,1708,-0.6312,0.0148,0.8203,14.526,5.330,-13.325
1087657,3832,1755,1887,-0.6316,0.0526,0.8290,18.231,4.284,-17.018
1087667,3188,1756,1868,-0.6197,0.0821,0.8381,22.230,3.214,-20.009
1087677,1582,1769,1686,-0.6175,0.0827,0.8149,25.751,2.698,-24.774
1087687,1855,1975,2132,-0.6075,0.0613,0.8287,27.150,0.947,-29.639
1087697,1324,1826,2439,-0.6234,0.0191,0.8466,22.821,-2.448,-34.743
1087707,1386,1767,1818,-0.6281,0.0052,0.8538,20.365,-4.168,-37.421
1087717,1561,1857,1697,-0.6325,-0.0149,0.8504,19.561,-5.504,-39.395
1087727,1836,1745,1998,-0.6402,-0.0499,0.8391,20.909,-6.880,-42.446
1087737,2749,1782,1740,-0.6398,-0.0722,0.8266,23.948,-8.140,-44.240
1087747,1706,1793,1753,-0.6613,-0.0676,0.8307,28.196,-8.938,-44.728
1087757,1821,1754,1888,-0.6545,-0.0363,0.8569,32.153,-9.927,-44.104
1087767,1794,1747,1827,-0.6347,-0.0228,0.9303,34.088,-11.037,-44.097
1087777,1774,1917,1947,-0.6411,0.0759,1.1442,32.398,-12.161,-45.393
1087787,1441,1837,1881,-0.6009,0.2240,1.2492,26.573,-10.856,-43.405
1087797,1674,2113,2000,-0.6002,0.3455,1.1435,25.404,-1.188,-42.824
1087807,1575,1768,2000,-0.5722,0.3749,1.0101,28.521,9.240,-45.316
1087817,2008,1895,1753,-0.5852,0.2949,0.9705,26.499,10.315,-58.067
1087827,2799,1767,1767,-0.5920,0.1417,0.9677,21.852,4.850,-76.863
1087837,1503,1753,1720,-0.5943,-0.0040,0.9342,20.449,1.611,-90.106
1087847,1534,1750,1711,-0.5937,-0.1196,0.8690,22.199,1.491,-94.667
1087857,1320,1824,1710,-0.6045,-0.2048,0.8811,22.113,-0.733,-95.015
1087867,1425,1800,1820,-0.6115,-0.2380,0.9288,20.546,-4.709,-92.507
1087877,1766,1838,1916,-0.6054,-0.2185,0.9425,20.729,-5.819,-86.538
1087887,1402,1807,1681,-0.5897,-0.1690,0.9589,21.511,-5.294,-79.180
1087897,1522,1815,1805,-0.5871,-0.1314,0.9878,21.109,-5.639,-74.800
1087907,1747,1839,1689,-0.5882,-0.1223,0.9833,21.164,-5.477,-74.014
1087917,1547,1754,1712,-0.5781,-0.1239,0.9720,22.138,-4.544,-74.146
1087927,1331,1806,1693,-0.5683,-0.1443,0.9850,22.690,-4.383,-74.850
1087937,1438,1759,1702,-0.5660,-0.1876,1.0027,23.206,-4.316,-76.342
1087947,1420,1799,1738,-0.5581,-0.2338,1.0198,23.745,-3.415,-76.560
1087957,1355,1765,1692,-0.5613,-0.2967,0.9733,24.392,-0.779,-74.850
1087967,1329,1766,1693,-0.5503,-0.3144,0.9964,24.693,0.373,-71.627
1087977,1367,1865,1827,-0.5427,-0.2936,1.0556,21.900,-1.548,-64.887
1087987,1320,1777,1687,-0.5578,-0.2553,1.0078,22.124,0.673,-57.260
1087997,1340,1759,1749,-0.5671,-0.1936,0.9563,25.642,5.320,-49.404
1088007,1414,1768,1702,-0.5826,-0.1388,0.9549,28.388,6.695,-45.464
1088017,1455,1819,1773,-0.6046,-0.1259,0.9404,31.482,6.583,-47.653
1088027,1433,1746,1691,-0.6038,-0.1186,0.9214,37.622,6.971,-51.797
1088037,1359,1805,1736,-0.5912,-0.1365,0.9269,45.210,6.810,-56.318
1088047,1490,1750,1693,-0.5886,-0.1812,0.9225,53.347,6.486,-61.960
1088057,1452,2133,1788,-0.5811,-0.2156,0.8973,62.094,7.008,-65.379
1088067,1441,1774,1738,-0.5747,-0.2400,0.8550,70.945,7.888,-65.241
1088077,1344,1903,1805,-0.5814,-0.2416,0.8091,79.698,7.531,-63.036
1088087,1448,1806,1816,-0.5877,-0.2292,0.7790,88.592,5.164,-59.714
1088097,1328,1795,1748,-0.6078,-0.2017,0.7541,97.821,1.201,-57.150
1088107,1425,1758,1731,-0.6245,-0.1663,0.7331,108.479,-3.573,-56.635
1088117,1341,1795,1763,-0.6105,-0.1575,0.7426,120.483,-9.071,-58.820
1088127,1491,1752,1742,-0.5740,-0.1671,0.8102,133.010,-15.152,-63.371
1088137,1335,1766,1748,-0.5392,-0.1775,0.8703,147.062,-18.447,-67.943
1088147,1584,1825,1767,-0.5180,-0.1329,0.8661,164.962,-15.821,-68.862
1088157,1367,1760,1715,-0.4910,-0.0348,0.8658,181.531,-10.247,-65.240
1088167,1375,1767,1737,-0.4754,0.0582,0.8952,194.786,-6.016,-61.895
1088177,1341,1775,1726,-0.4704,0.0899,0.9280,205.390,-3.984,-63.018
1088187,1524,1762,1734,-0.4734,0.0933,0.9545,213.873,-3.096,-65.673
1088197,1555,1761,1769,-0.4615,0.1227,0.9630,220.660,-1.441,-64.159
1088207,1511,1770,1721,-0.4644,0.1440,0.9456,224.587,0.038,-61.242
1088217,1416,1875,1814,-0.4875,0.1538,0.9182,221.644,-0.328,-59.561
1088227,1386,1762,1742,-0.5014,0.1781,0.9017,213.825,-2.681,-56.889
1088237,1352,1790,1813,-0.5121,0.2079,0.8836,202.662,-6.119,-53.079
1088247,1344,1757,1711,-0.5238,0.2350,0.8531,189.442,-10.096,-49.392
1088257,1557,1800,1795,-0.5246,0.2664,0.8258,175.557,-14.467,-45.159
1088267,1334,1837,1752,-0.5227,0.3030,0.8074,161.685,-19.275,-40.202
1088277,1356,1863,1810,-0.5193,0.3365,0.7898,147.570,-24.330,-35.539
1088287,1403,1769,1778,-0.5178,0.3670,0.7690,133.428,-29.426,-31.487
1088297,1350,1859,1772,-0.5172,0.3932,0.7468,119.334,-34.737,-28.115
1088307,1401,1790,1738,-0.5205,0.4200,0.7325,105.221,-40.637,-25.590
1088317,1550,1817,1772,-0.5193,0.4448,0.7303,90.909,-47.427,-23.987
1088327,1741,1782,1760,-0.5083,0.4576,0.7330,76.647,-54.759,-23.497
1088337,1340,1830,1796,-0.4921,0.4562,0.7388,62.373,-62.328,-24.255
1088347,1677,1850,1775,-0.4709,0.4463,0.7577,48.019,-70.074,-25.641
1088357,1413,1926,1804,-0.4491,0.4354,0.7838,34.029,-77.410,-26.842
1088367,1467,1896,1805,-0.4278,0.4334,0.8051,20.878,-83.665,-27.037
1088377,1426,1772,1798,-0.4093,0.4353,0.8189,8.964,-88.619,-26.531
1088387,2150,1882,1844,-0.3910,0.4346,0.8355,-1.903,-93.036,-26.399
1088397,1347,1918,1917,-0.3714,0.4295,0.8601,-12.011,-97.275,-26.931
1088407,1549,1913,1893,-0.3530,0.4160,0.8783,-21.008,-100.926,-28.344
1088417,1675,1919,1899,-0.3309,0.3963,0.8944,-28.668,-103.943,-30.335
1088427,1590,1900,1925,-0.3054,0.3735,0.9203,-35.288,-106.900,-32.759
1088437,1547,1843,1962,-0.2802,0.3462,0.9474,-40.549,-109.488,-35.453
1088447,1776,1925,1991,-0.2569,0.3245,0.9644,-43.766,-111.083,-37.629
1088457,1505,1944,2035,-0.2330,0.3112,0.9763,-45.125,-111.824,-39.062
1088467,1739,1950,2066,-0.2107,0.2954,0.9893,-45.046,-112.402,-40.721
1088477,1481,1985,2103,-0.1905,0.2767,1.0009,-43.857,-112.955,-42.898
1088487,1654,1963,2056,-0.1647,0.2555,1.0220,-41.572,-113.441,-45.068
1088497,1595,1970,2095,-0.1369,0.2316,1.0441,-38.707,-113.918,-47.005
1088507,2007,1977,2090,-0.0992,0.2023,1.0676,-35.736,-113.670,-48.481
1088517,1745,2090,2134,-0.0638,0.1741,1.0998,-32.350,-113.235,-49.571
1088527,1621,2000,2027,-0.0291,0.1497,1.1365,-29.841,-112.468,-49.682
1088537,1555,2093,2082,0.0018,0.1331,1.1541,-27.053,-110.543,-49.064
1088547,1813,1971,1972,0.0318,0.1240,1.1687,-24.305,-107.659,-47.627
1088557,1678,2091,2084,0.0539,0.1179,1.1906,-22.275,-105.017,-45.934
1088567,1954,2019,1972,0.0686,0.1146,1.1993,-20.578,-102.023,-44.197
1088577,1520,2220,2060,0.0844,0.1139,1.2100,-19.292,-98.750,-42.103
1088587,1789,2188,1898,0.0993,0.1073,1.2296,-19.115,-95.649,-40.061
1088597,1818,2254,1905,0.1119,0.0926,1.2434,-19.871,-92.274,-38.292
1088607,1901,2196,1805,0.1243,0.0784,1.2514,-21.345,-88.414,-36.354
1088617,1808,2289,1809,0.1334,0.0703,1.2592,-23.146,-84.185,-34.111
1088627,1835,2339,1843,0.1425,0.0649,1.2702,-24.703,-79.698,-31.792
1088637,1408,2533,1881,0.1450,0.0622,1.2817,-25.786,-74.962,-29.545
1088647,1553,2531,1928,0.1503,0.0584,1.2890,-26.115,-70.068,-27.504
1088657,1906,2583,1929,0.1493,0.0519,1.2903,-25.705,-65.079,-25.691
1088667,1900,2446,1901,0.1468,0.0477,1.2906,-24.443,-60.264,-23.948
1088677,1816,2514,1995,0.1456,0.0426,1.2912,-22.778,-55.790,-22.368
1088687,1826,2471,1926,0.1441,0.0406,1.2874,-20.514,-51.384,-20.784
1088697,1824,2493,2073,0.1407,0.0417,1.2814,-17.777,-47.007,-19.159
1088707,1531,2469,2098,0.1370,0.0450,1.2746,-14.735,-42.821,-17.590
1088717,1685,2538,2222,0.1351,0.0498,1.2711,-11.426,-38.891,-16.064
1088727,1933,2400,2236,0.1323,0.0548,1.2652,-7.920,-35.155,-14.615
1088737,1756,2415,2364,0.1299,0.0615,1.2592,-4.195,-31.654,-13.202
1088747,1799,2372,2496,0.1289,0.0708,1.2556,-0.535,-28.527,-11.779
1088757,1859,2481,2516,0.1275,0.0800,1.2497,3.023,-25.646,-10.450
1088767,1902,2306,2507,0.1256,0.0896,1.2424,6.361,-23.021,-9.253
1088777,1883,2367,2565,0.1233,0.0989,1.2322,9.226,-20.699,-8.157
1088787,1838,2376,2559,0.1218,0.1101,1.2210,11.595,-18.593,-7.062
1088797,1762,2305,2549,0.1200,0.1192,1.2154,13.466,-16.858,-5.905
1088807,1710,2167,2562,0.1175,0.1264,1.2074,14.797,-15.322,-4.948
1088817,1575,2365,2645,0.1185,0.1331,1.2037,15.597,-13.988,-4.085
1088827,1819,2298,2612,0.1196,0.1396,1.2000,15.959,-12.840,-3.284
1088837,1735,2323,2633,0.1213,0.1473,1.1962,16.219,-11.717,-2.469
1088847,1783,2205,2526,0.1234,0.1545,1.1940,16.539,-10.623,-1.600
1088857,1626,2305,2613,0.1251,0.1626,1.1924,16.963,-9.491,-0.806
1088867,1892,2217,2524,0.1263,0.1719,1.1931,17.451,-8.283,-0.135
1088877,1727,2192,2548,0.1266,0.1804,1.1879,17.966,-6.913,0.365
1088887,1866,2186,2515,0.1290,0.1878,1.1886,18.591,-5.567,0.719
1088897,1480,2275,2518,0.1279,0.1902,1.1863,19.081,-4.337,0.678
1088907,1979,2151,2519,0.1259,0.1937,1.1828,19.518,-3.142,0.556
1088917,1726,2314,2502,0.1238,0.1984,1.1798,19.810,-2.053,0.467
1088927,1588,2287,2505,0.1209,0.2036,1.1758,19.886,-1.098,0.420
1088937,1768,2218,2489,0.1176,0.2107,1.1709,19.842,-0.282,0.414
1088947,1868,2174,2459,0.1148,0.2182,1.1651,19.607,0.362,0.530
1088957,1748,2210,2485,0.1145,0.2253,1.1580,19.116,0.924,0.805
1088967,1864,2165,2480,0.1151,0.2308,1.1514,18.213,1.325,1.035
1088977,1821,2191,2485,0.1171,0.2339,1.1485,16.772,1.502,1.178
1088987,1768,2128,2451,0.1241,0.2671,1.1527,15.103,1.716,1.660
1088997,1725,2294,2512,0.1305,0.2523,1.1688,14.495,1.845,0.987
1089007,1725,2106,2403,0.1178,0.2158,1.1622,15.125,2.241,-2.312
1089017,1750,2168,2444,0.1271,0.2161,1.1748,16.942,3.218,-2.598
1089027,1840,2137,2433,0.1380,0.2271,1.1845,18.695,4.469,-0.781
1089037,2144,2260,2416,0.1359,0.2268,1.1852,19.986,5.883,-0.546
1089047,1881,2125,2353,0.1371,0.2372,1.1894,19.874,6.909,-0.529
1089057,1716,2181,2418,0.1395,0.2527,1.1780,18.878,8.217,-0.004
1089067,1773,2133,2385,0.1392,0.2623,1.1693,17.180,9.385,0.460
1089077,1624,2218,2386,0.1360,0.2617,1.1630,14.555,9.860,0.189
1089087,1739,2141,2356,0.1325,0.2590,1.1520,11.731,10.285,-0.090
1089097,1582,2330,2445,0.1307,0.2583,1.1430,8.943,10.761,0.161
1089107,1772,2123,2361,0.1237,0.2549,1.1339,6.291,10.905,0.113
1089117,1709,2203,2389,0.1205,0.2586,1.1217,4.243,11.049,0.200
1089127,1768,2163,2412,0.1244,0.2605,1.1157,3.195,10.971,0.486
1089137,1765,2223,2387,0.1181,0.2501,1.1092,2.654,10.598,-0.103
1089147,2133,2142,2327,0.1134,0.2435,1.0985,2.596,10.224,-0.630
1089157,1588,2220,2377,0.1135,0.2448,1.0913,2.675,9.777,-0.394
1089167,1644,2166,2293,0.1142,0.2470,1.0862,2.644,9.118,-0.090
1089177,1536,2215,2317,0.1175,0.2497,1.0869,2.681,8.237,-0.019
1089187,1765,2156,2305,0.1215,0.2522,1.0927,2.946,7.313,-0.256
1089197,1615,2226,2352,0.1263,0.2547,1.1008,3.629,6.738,-0.610
1089207,1812,2144,2258,0.1288,0.2490,1.1106,4.640,6.331,-1.384
1089217,1688,2264,2333,0.1255,0.2409,1.1162,5.702,6.258,-2.389
1089227,1899,2175,2286,0.1244,0.2441,1.1182,6.569,6.742,-2.130
1089237,1776,2233,2300,0.1247,0.2487,1.1198,7.076,7.048,-1.956
1089247,1924,2193,2269,0.1243,0.2525,1.1229,7.287,7.189,-1.911
1089257,1680,2206,2297,0.1238,0.2546,1.1253,7.399,7.398,-1.906
1089267,2102,2155,2263,0.1215,0.2545,1.1266,7.228,7.646,-1.987
1089277,1990,2188,2238,0.1191,0.2559,1.1245,6.965,7.958,-2.003
1089287,1976,2148,2231,0.1173,0.2581,1.1214,6.509,8.250,-1.817
1089297,1851,2202,2256,0.1142,0.2593,1.1160,5.919,8.471,-1.682
1089307,1927,2194,2199,0.1093,0.2574,1.1094,5.425,8.611,-1.787
1089317,1858,2228,2264,0.1062,0.2550,1.1040,5.196,8.609,-1.946
1089327,1940,2139,2182,0.1039,0.2498,1.1017,5.298,8.417,-2.113
1089337,1736,2216,2225,0.1022,0.2483,1.0987,5.754,8.177,-2.085
1089347,1992,2135,2200,0.1047,0.2490,1.1001,6.361,7.819,-1.789
1089357,1844,2206,2215,0.1066,0.2476,1.1034,6.945,7.308,-1.681
1089367,1979,2126,2157,0.1086,0.2485,1.1070,7.686,6.950,-1.556
1089377,1838,2189,2276,0.1116,0.2504,1.1095,8.611,6.787,-1.228
1089387,2027,2117,2177,0.1096,0.2493,1.1077,9.586,6.757,-1.076
1089397,1874,2145,2168,0.1098,0.2514,1.1033,10.462,6.821,-0.820
1089407,1962,2118,2148,0.1113,0.2596,1.0993,11.225,6.865,-0.148
1089417,1920,2132,2163,0.1119,0.2709,1.0989,11.865,6.815,0.594
1089427,1952,2105,2105,0.1124,0.2771,1.1021,12.447,6.589,0.829
1089437,1906,2155,2111,0.1086,0.2805,1.0999,13.178,6.510,0.623
1089447,1994,2082,2024,0.1104,0.2883,1.0955,13.983,6.692,0.808
1089457,1877,2179,1959,0.1102,0.2946,1.0979,14.516,6.645,0.966
1089467,1994,2063,1966,0.1084,0.3014,1.1023,14.687,6.471,0.768
1089477,1958,2114,1986,0.1072,0.3101,1.1010,14.585,6.561,0.716
1089487,2017,2047,1954,0.1065,0.3156,1.0993,14.121,6.651,0.571
1089497,1944,2117,1985,0.1069,0.3179,1.0998,13.287,6.528,0.122
1089507,2062,2018,1966,0.1065,0.3210,1.1006,12.276,6.433,-0.161
1089517,1783,2130,2029,0.1055,0.3225,1.1024,11.026,6.315,-0.253
1089527,1865,2077,1975,0.1024,0.3213,1.1003,9.565,6.245,-0.417
1089537,1705,2090,1996,0.1014,0.3210,1.0947,7.991,6.320,-0.345
1089547,1968,2021,1985,0.1053,0.3272,1.0915,6.325,6.272,0.086
1089557,1916,2087,2004,0.1092,0.3326,1.0995,4.822,5.866,0.370
1089567,1977,2007,1985,0.1094,0.3242,1.1122,3.711,5.282,-0.245
1089577,1905,2072,2008,0.1062,0.3113,1.1106,3.261,5.219,-1.186
1089587,2002,2006,1964,0.1079,0.3091,1.1017,3.446,5.713,-1.192
1089597,1817,1998,2000,0.1090,0.3112,1.1014,3.631,5.984,-0.673
1089607,2033,1995,1986,0.1055,0.3102,1.1038,3.567,5.868,-0.649
1089617,1857,2063,2023,0.1051,0.3106,1.0998,3.596,5.971,-0.619
1089627,1945,1996,2000,0.1064,0.3173,1.0929,3.586,6.212,-0.112
1089637,1815,2120,2066,0.1077,0.3277,1.0951,3.384,6.227,0.473
1089647,1913,1986,1981,0.1091,0.3294,1.1022,2.997,5.964,0.450
1089657,1850,2057,2025,0.1075,0.3281,1.0956,2.702,6.079,-0.018
1089667,1896,1978,1993,0.1144,0.3304,1.0896,2.530,6.510,0.130
1089677,1719,2062,2042,0.1130,0.3361,1.0931,2.115,6.562,0.233
1089687,1894,1983,1967,0.1112,0.3290,1.0956,1.774,6.496,-0.515
1089697,1803,2023,2051,0.1078,0.3219,1.0923,1.483,6.681,-1.252
1089707,1854,1992,1998,0.1058,0.3234,1.0900,1.123,6.939,-1.214
1089717,1773,2027,2029,0.1058,0.3254,1.0928,0.548,6.949,-1.059
1089727,1874,1965,1988,0.1049,0.3238,1.0928,0.041,6.896,-1.344
1089737,1819,2013,2041,0.1057,0.3226,1.0955,-0.099,6.970,-1.592
1089747,1709,1987,2018,0.1041,0.3177,1.0967,-0.066,7.133,-1.820
1089757,1718,2015,2053,0.1003,0.3142,1.0917,0.009,7.472,-2.063
1089767,1810,1945,2031,0.1011,0.3233,1.0857,0.012,7.895,-1.659
1089777,1685,2037,2089,0.1032,0.3289,1.0981,-0.058,7.674,-1.388
1089787,1706,1996,2063,0.1004,0.3193,1.1062,-0.157,7.189,-2.272
1089797,1659,2004,2088,0.0997,0.3154,1.0972,0.448,7.525,-2.729
1089807,1732,1955,2052,0.1034,0.3206,1.0986,1.096,7.914,-2.146
1089817,1654,2007,2086,0.1021,0.3186,1.1031,1.189,7.769,-2.155
1089827,1744,1941,2064,0.0998,0.3160,1.0994,1.224,7.848,-2.474
1089837,1664,1961,2077,0.1009,0.3189,1.0967,1.313,8.156,-2.104
1089847,1667,1934,2046,0.0986,0.3188,1.0978,1.212,8.230,-1.743
1089857,1644,1980,2084,0.0948,0.3149,1.0978,0.975,8.235,-1.641
1089867,1763,1924,2044,0.0946,0.3214,1.0783,0.602,8.366,-1.295
1089877,1601,1982,2079,0.0970,0.3361,1.0850,0.304,8.463,-0.187
1089887,1753,1925,2045,0.1007,0.3306,1.1046,-0.471,7.553,-0.506
1089897,1637,1987,2063,0.0951,0.3192,1.0926,-0.423,7.627,-1.621
1089907,1742,1906,2028,0.0973,0.3248,1.0844,0.098,8.406,-1.089
1089917,1595,1961,2057,0.0974,0.3266,1.0940,-0.033,8.224,-0.600
1089927,1746,1891,2027,0.0919,0.3211,1.0926,-0.376,7.913,-1.043
1089937,1648,1961,2060,0.0924,0.3248,1.0877,-0.462,8.000,-0.815
1089947,1726,1894,2024,0.0923,0.3340,1.0870,-0.659,7.974,-0.055
1089957,1616,1957,2049,0.0926,0.3390,1.0925,-1.163,7.572,0.273
1089967,1752,1882,2017,0.0915,0.3405,1.0952,-1.829,7.205,0.195
1089977,1636,1942,2056,0.0944,0.3505,1.0878,-2.548,7.257,0.422
1089987,1718,1873,1992,0.0983,0.3568,1.0978,-3.503,7.019,0.594
1089997,1639,1958,2049,0.0936,0.3459,1.0927,-4.986,6.518,-0.542
1090007,1713,1866,1976,0.0931,0.3489,1.0741,-6.014,7.008,-0.854
1090017,1613,1927,2014,0.1011,0.3526,1.0845,-7.372,6.786,-0.633
1090027,1728,1860,1977,0.0959,0.3394,1.0932,-8.848,6.093,-1.865
1090037,1734,1932,2010,0.0981,0.3322,1.0883,-9.301,6.084,-2.854
1090047,1636,1862,1970,0.0956,0.3226,1.1051,-9.281,5.981,-3.139
1090057,1602,1907,1993,0.0860,0.3069,1.0997,-9.573,5.905,-3.963
1090067,1716,1851,1952,0.0866,0.3094,1.0837,-9.270,6.678,-3.362
1090077,1597,1902,1989,0.0892,0.3036,1.1016,-9.522,6.198,-2.513
1090087,1738,1849,1933,0.0839,0.2959,1.1004,-10.098,5.360,-2.892
1090097,1598,1898,1968,0.0901,0.3010,1.1039,-9.632,5.515,-2.022
1090107,1702,1833,1918,0.0923,0.2933,1.1190,-9.478,5.052,-1.541
1090117,1595,1889,1961,0.0859,0.2809,1.1109,-8.762,4.985,-2.009
1090127,1860,1796,1905,0.0886,0.2826,1.1013,-7.548,5.499,-1.246
1090137,1570,1884,1946,0.0894,0.2821,1.1043,-6.688,5.447,-0.403
1090147,1653,1818,1904,0.0873,0.2787,1.1039,-5.940,5.128,-0.415
1090157,1462,1875,1937,0.0897,0.2838,1.1023,-5.002,5.151,0.004
1090167,1654,1812,1893,0.0918,0.2877,1.1021,-4.104,5.259,0.493
1090177,1570,1873,1932,0.0911,0.2896,1.1028,-3.356,5.273,0.497
1090187,1681,1806,1890,0.0923,0.2930,1.1048,-2.618,5.390,0.519
1090197,1582,1869,1921,0.0934,0.2951,1.1026,-1.946,5.625,0.523
1090207,1706,1799,1886,0.0924,0.2943,1.1043,-1.507,5.771,0.333
1090217,1545,1851,1910,0.0921,0.2943,1.1047,-1.261,5.873,0.121
1090227,1704,1796,1882,0.0918,0.2949,1.1020,-1.071,6.053,-0.008
1090237,1588,1849,1904,0.0916,0.2950,1.1027,-0.866,6.236,-0.104
1090247,1740,1791,1874,0.0918,0.2950,1.1035,-0.588,6.405,-0.229
1090257,1634,1854,1908,0.0912,0.2947,1.1027,-0.229,6.612,-0.355
1090267,1734,1789,1865,0.0907,0.2948,1.1017,0.171,6.846,-0.451
1090277,1641,1809,1889,0.0906,0.2958,1.1017,0.514,7.087,-0.538
1090287,1734,1758,1866,0.0894,0.2962,1.1008,0.818,7.294,-0.620
1090297,1565,1824,1893,0.0887,0.2979,1.1006,1.088,7.445,-0.642
1090307,1715,1767,1861,0.0875,0.2990,1.1008,1.337,7.539,-0.677
1090317,1604,1817,1894,0.0860,0.3020,1.1009,1.585,7.611,-0.742
1090327,1717,1777,1856,0.0859,0.3038,1.1007,1.812,7.656,-0.776
1090337,1623,1804,1884,0.0852,0.3035,1.1001,1.991,7.660,-0.820
1090347,1694,1772,1853,0.0843,0.3035,1.0984,2.114,7.647,-0.849
1090357,1595,1796,1868,0.0834,0.3062,1.0994,2.191,7.575,-0.782
1090367,1699,1762,1847,0.0834,0.3085,1.0994,2.249,7.475,-0.681
1090377,1600,1795,1866,0.0837,0.3103,1.0984,2.330,7.381,-0.629
1090387,1734,1756,1840,0.0831,0.3124,1.0990,2.367,7.271,-0.580
1090397,1576,1796,1864,0.0838,0.3146,1.0994,2.325,7.166,-0.453
1090407,1648,1768,1860,0.0825,0.3144,1.0991,2.148,7.054,-0.384
1090417,1616,1787,1847,0.0822,0.3138,1.0999,1.850,6.942,-0.353
1090427,1688,1748,1811,0.0826,0.3127,1.0985,1.475,6.843,-0.300
1090437,1585,1789,1851,0.0838,0.3128,1.0981,1.100,6.747,-0.250
1090447,1717,1748,1815,0.0846,0.3119,1.0984,0.840,6.675,-0.243
1090457,1595,1774,1849,0.0836,0.3117,1.0991,0.718,6.654,-0.268
1090467,1698,1746,1792,0.0831,0.3121,1.0977,0.713,6.682,-0.288
1090477,1581,1783,1836,0.0834,0.3123,1.0968,0.763,6.717,-0.231
1090487,1683,1743,1792,0.0826,0.3118,1.0967,0.827,6.708,-0.251
1090497,1540,1773,1827,0.0818,0.3111,1.0971,0.930,6.605,-0.314
1090507,1761,1742,1800,0.0827,0.3116,1.0972,1.083,6.513,-0.286
1090517,1570,1768,1828,0.0812,0.3120,1.0956,1.234,6.475,-0.257
1090527,1697,1743,1787,0.0811,0.3126,1.0980,1.338,6.358,-0.242
1090537,1647,1762,1829,0.0798,0.3133,1.0977,1.485,6.305,-0.213
1090547,1691,1744,1773,0.0808,0.3135,1.0978,1.648,6.278,-0.175
1090557,1588,1748,1792,0.0808,0.3129,1.0990,1.759,6.134,-0.232
1090567,1658,1743,1781,0.0799,0.3129,1.0993,1.858,6.010,-0.296
1090577,1592,1760,1815,0.0799,0.3145,1.0967,1.990,5.966,-0.198
1090587,1654,1736,1769,0.0804,0.3159,1.0966,2.104,5.834,-0.122
1090597,1572,1756,1794,0.0796,0.3157,1.0971,2.278,5.679,-0.201
1090607,1668,1745,1763,0.0789,0.3164,1.0953,2.552,5.629,-0.188
1090617,1567,1747,1803,0.0798,0.3184,1.0960,2.812,5.573,-0.026
1090627,1681,1751,1770,0.0797,0.3189,1.0926,2.981,5.475,0.047
1090637,1534,1755,1815,0.0789,0.3209,1.0908,3.053,5.341,0.117
1090647,1667,1745,1777,0.0825,0.3250,1.0973,2.875,5.048,0.339
1090657,1556,1739,1794,0.0832,0.3251,1.1008,2.484,4.785,0.325
1090667,1647,1757,1750,0.0814,0.3243,1.0981,2.179,4.847,0.246
1090677,1550,1742,1780,0.0825,0.3264,1.0957,1.906,4.906,0.396
1090687,1640,1749,1751,0.0818,0.3261,1.0963,1.633,4.845,0.500
1090697,1540,1740,1794,0.0822,0.3248,1.0974,1.418,4.759,0.398
1090707,1702,1761,1760,0.0816,0.3243,1.0956,1.398,4.813,0.362
1090717,1531,1738,1770,0.0831,0.3244,1.0944,1.432,4.867,0.484
1090727,1613,1768,1737,0.0844,0.3239,1.0982,1.334,4.769,0.523
1090737,1512,1737,1760,0.0847,0.3225,1.0972,1.195,4.716,0.364
1090747,1618,1768,1728,0.0860,0.3240,1.0965,1.192,4.813,0.503
1090757,1514,1740,1760,0.0854,0.3228,1.0951,1.212,4.794,0.431
1090767,1809,1797,1717,0.0842,0.3230,1.0950,1.279,4.786,0.392
1090777,1553,1740,1738,0.0840,0.3245,1.0946,1.377,4.797,0.510
1090787,1624,1762,1712,0.0840,0.3254,1.0937,1.450,4.813,0.581
1090797,1513,1743,1719,0.0840,0.3270,1.0939,1.433,4.807,0.617
1090807,1643,1782,1691,0.0841,0.3288,1.0960,1.353,4.775,0.718
1090817,1504,1741,1714,0.0839,0.3305,1.0963,1.170,4.751,0.728
1090827,1650,1811,1684,0.0830,0.3306,1.0974,0.898,4.744,0.663
1090837,1508,1744,1716,0.0829,0.3310,1.0965,0.620,4.775,0.641
1090847,1606,1791,1680,0.0854,0.3315,1.0969,0.326,4.804,0.726
1090857,1494,1751,1689,0.0848,0.3294,1.0975,0.057,4.775,0.629
1090867,1606,1811,1680,0.0842,0.3279,1.0971,-0.085,4.844,0.536
1090877,1526,1763,1679,0.0848,0.3277,1.0962,-0.128,5.006,0.612
1090887,1642,1803,1676,0.0844,0.3283,1.0957,-0.135,5.146,0.672
1090897,1485,1752,1680,0.0843,0.3299,1.0961,-0.162,5.220,0.682
