049,1.0104,5.590,-6.074,-2.477
793407,1741,1897,1886,0.0045,0.5060,1.0102,5.616,-6.052,-2.419
793417,1726,1890,1903,0.0044,0.5056,1.0106,5.567,-6.094,-2.408
793427,1723,1889,1887,0.0043,0.5049,1.0106,5.531,-6.150,-2.448
793437,1717,1906,1896,0.0053,0.5055,1.0114,5.526,-6.162,-2.413
793447,1720,1887,1886,0.0058,0.5060,1.0119,5.469,-6.203,-2.402
793457,1720,1903,1898,0.0053,0.5055,1.0132,5.477,-6.278,-2.451
793467,1752,1892,1885,0.0057,0.5069,1.0115,5.493,-6.188,-2.334
793477,1718,1900,1896,0.0067,0.5069,1.0095,5.525,-6.094,-2.265
793487,1726,1892,1888,0.0056,0.5067,1.0118,5.486,-6.241,-2.415
793497,1717,1901,1901,0.0052,0.5055,1.0136,5.446,-6.425,-2.565
793507,1726,1898,1885,0.0066,0.5060,1.0147,5.494,-6.418,-2.479
793517,1716,1890,1887,0.0075,0.5060,1.0144,5.524,-6.384,-2.323
793527,1719,1895,1888,0.0075,0.5046,1.0158,5.515,-6.398,-2.354
793537,1722,1898,1901,0.0052,0.5042,1.0147,5.483,-6.305,-2.483
793547,1718,1890,1891,0.0046,0.5051,1.0125,5.453,-6.098,-2.462
793557,1719,1893,1896,0.0045,0.5058,1.0103,5.402,-6.006,-2.383
793567,1727,1888,1887,0.0042,0.5059,1.0112,5.508,-6.124,-2.457
793577,1727,1897,1906,0.0044,0.5057,1.0126,5.684,-6.289,-2.472
793587,1716,1890,1889,0.0047,0.5076,1.0126,5.818,-6.329,-2.323
793597,1723,1899,1893,0.0051,0.5081,1.0132,5.811,-6.310,-2.217
793607,1726,1897,1886,0.0048,0.5069,1.0128,5.726,-6.280,-2.306
793617,1726,1897,1896,0.0040,0.5053,1.0121,5.644,-6.294,-2.456
793627,1725,1903,1888,0.0044,0.5042,1.0111,5.590,-6.322,-2.493
793637,1725,1905,1891,0.0040,0.5043,1.0109,5.538,-6.309,-2.452
793647,1733,1891,1890,0.0048,0.5055,1.0093,5.464,-6.316,-2.414
793657,1721,1900,1892,0.0054,0.5054,1.0087,5.421,-6.394,-2.433
793667,1722,1889,1887,0.0051,0.5057,1.0098,5.421,-6.481,-2.506
793677,1723,1899,1902,0.0058,0.5049,1.0113,5.463,-6.507,-2.536
793687,1740,1891,1889,0.0052,0.5054,1.0114,5.532,-6.470,-2.521
793697,1767,1889,1893,0.0052,0.5056,1.0123,5.547,-6.421,-2.510
793707,1766,1891,1889,0.0046,0.5051,1.0112,5.547,-6.391,-2.503
793717,1722,1894,1897,0.0044,0.5055,1.0096,5.533,-6.412,-2.497
793727,1722,1889,1889,0.0044,0.5047,1.0093,5.533,-6.462,-2.476
793737,1717,1901,1888,0.0052,0.5056,1.0088,5.610,-6.483,-2.431
793747,1745,1899,1891,0.0054,0.5065,1.0098,5.732,-6.455,-2.401
793757,1724,1902,1894,0.0046,0.5067,1.0108,5.866,-6.438,-2.488
793767,1778,1898,1887,0.0044,0.5081,1.0099,5.981,-6.404,-2.501
793777,1724,1903,1894,0.0041,0.5091,1.0101,6.019,-6.326,-2.422
793787,1748,1902,1898,0.0054,0.5093,1.0108,5.953,-6.313,-2.386
793797,1731,1901,1902,0.0058,0.5085,1.0126,5.825,-6.347,-2.401
793807,1728,1892,1888,0.0059,0.5078,1.0144,5.711,-6.341,-2.417
793817,1741,1911,1899,0.0057,0.5069,1.0137,5.648,-6.223,-2.383
793827,1732,1890,1888,0.0064,0.5073,1.0118,5.615,-6.078,-2.317
793837,1724,1893,1892,0.0056,0.5060,1.0125,5.633,-6.023,-2.340
793847,1740,1893,1886,0.0057,0.5057,1.0128,5.755,-5.998,-2.392
793857,1736,1901,1899,0.0063,0.5049,1.0131,5.929,-5.901,-2.310
793867,1730,1896,1886,0.0069,0.5065,1.0137,6.023,-5.773,-2.186
793877,1727,1893,1902,0.0051,0.5075,1.0130,6.029,-5.666,-2.129
793887,1750,1897,1894,0.0040,0.5080,1.0093,6.067,-5.440,-2.121
793897,1727,1902,1892,0.0035,0.5079,1.0078,6.065,-5.321,-2.111
793907,1725,1895,1892,0.0031,0.5098,1.0102,6.007,-5.402,-2.107
793917,1726,1904,1890,0.0028,0.5097,1.0078,6.054,-5.373,-2.096
793927,1754,1893,1887,0.0037,0.5105,1.0073,6.067,-5.326,-2.059
793937,1725,1900,1899,0.0030,0.5090,1.0087,5.929,-5.391,-2.181
793947,1740,1900,1888,0.0016,0.5075,1.0088,5.802,-5.394,-2.256
793957,1743,1909,1896,0.0031,0.5087,1.0089,5.704,-5.359,-2.111
793967,1754,1906,1889,0.0039,0.5092,1.0097,5.617,-5.368,-2.059
793977,1737,1896,1901,0.0030,0.5076,1.0110,5.586,-5.373,-2.174
793987,1761,1894,1887,0.0050,0.5087,1.0124,5.571,-5.349,-2.158
793997,1726,1909,1908,0.0054,0.5087,1.0125,5.555,-5.324,-2.134
794007,1777,1897,1896,0.0048,0.5070,1.0129,5.560,-5.286,-2.193
794017,1728,1900,1896,0.0053,0.5085,1.0146,5.543,-5.196,-2.090
794027,1730,1901,1890,0.0055,0.5090,1.0125,5.509,-5.032,-1.933
794037,1727,1908,1894,0.0063,0.5089,1.0130,5.443,-4.869,-1.823
794047,1739,1894,1891,0.0063,0.5077,1.0123,5.403,-4.717,-1.799
794057,1748,1901,1896,0.0066,0.5071,1.0131,5.416,-4.484,-1.777
794067,1741,1898,1890,0.0057,0.5072,1.0144,5.422,-4.214,-1.652
794077,1728,1903,1900,0.0062,0.5065,1.0143,5.395,-3.958,-1.519
794087,1731,1892,1890,0.0059,0.5054,1.0158,5.351,-3.684,-1.432
794097,1747,1909,1906,0.0055,0.5051,1.0154,5.327,-3.406,-1.354
794107,1730,1892,1891,0.0047,0.5051,1.0150,5.325,-3.151,-1.199
794117,1735,1894,1894,0.0035,0.5049,1.0134,5.403,-2.885,-0.995
794127,1741,1892,1891,0.0029,0.5051,1.0112,5.539,-2.672,-0.809
794137,1731,1891,1898,0.0009,0.5051,1.0099,5.672,-2.571,-0.682
794147,1762,1894,1890,-0.0004,0.5054,1.0105,5.805,-2.536,-0.563
794157,1731,1898,1898,-0.0026,0.5070,1.0099,5.899,-2.485,-0.436
794167,1754,1897,1887,-0.0042,0.5085,1.0072,5.972,-2.439,-0.358
794177,1729,1901,1895,-0.0041,0.5088,1.0076,6.018,-2.472,-0.333
794187,1744,1895,1887,-0.0050,0.5110,1.0112,6.046,-2.658,-0.387
794197,1728,1901,1893,-0.0067,0.5122,1.0063,6.120,-2.635,-0.467
794207,1740,1892,1889,-0.0080,0.5133,1.0019,6.210,-2.556,-0.551
794217,1745,1901,1892,-0.0088,0.5143,1.0039,6.097,-2.829,-0.713
794227,1886,1892,1890,-0.0107,0.5142,1.0012,6.037,-3.095,-0.959
794237,1730,1899,1898,-0.0099,0.5151,0.9991,6.035,-3.330,-1.054
794247,1791,1892,1890,-0.0085,0.5144,1.0022,5.976,-3.814,-1.217
794257,1736,1914,1896,-0.0091,0.5130,1.0036,5.931,-4.316,-1.509
794267,1751,1893,1889,-0.0088,0.5120,1.0055,5.926,-4.617,-1.638
794277,1734,1910,1893,-0.0076,0.5137,1.0073,5.803,-4.833,-1.571
794287,1744,1900,1891,-0.0081,0.5133,1.0074,5.617,-5.004,-1.679
794297,1733,1900,1893,-0.0085,0.5121,1.0078,5.427,-5.192,-1.914
794307,1741,1895,1890,-0.0086,0.5113,1.0066,5.296,-5.369,-2.082
794317,1745,1921,1902,-0.0081,0.5094,1.0064,5.275,-5.482,-2.155
794327,1733,1894,1889,-0.0076,0.5096,1.0080,5.368,-5.606,-2.127
794337,1734,1902,1901,-0.0068,0.5115,1.0100,5.443,-5.698,-1.989
794347,1739,1895,1889,-0.0083,0.5103,1.0094,5.562,-5.661,-2.052
794357,1731,1900,1892,-0.0073,0.5100,1.0098,5.629,-5.688,-2.149
794367,1798,1893,1887,-0.0061,0.5092,1.0113,5.605,-5.717,-2.166
794377,1742,1910,1899,-0.0070,0.5079,1.0120,5.567,-5.625,-2.209
794387,1819,1896,1889,-0.0076,0.5075,1.0112,5.499,-5.470,-2.205
794397,1735,1901,1894,-0.0060,0.5073,1.0114,5.376,-5.398,-2.183
794407,1736,1893,1890,-0.0065,0.5073,1.0117,5.268,-5.332,-2.205
794417,1735,1902,1895,-0.0059,0.5070,1.0120,5.207,-5.231,-2.197
794427,1747,1898,1889,-0.0045,0.5068,1.0135,5.136,-5.189,-2.109
794437,1736,1896,1893,-0.0048,0.5051,1.0119,5.157,-5.075,-2.073
794447,1800,1895,1899,-0.0054,0.5053,1.0123,5.325,-4.957,-2.016
794457,1747,1902,1897,-0.0064,0.5064,1.0125,5.530,-4.845,-1.875
794467,1743,1907,1906,-0.0074,0.5085,1.0113,5.664,-4.692,-1.690
794477,1747,1905,1908,-0.0080,0.5089,1.0105,5.772,-4.492,-1.601
794487,1740,1896,1891,-0.0089,0.5087,1.0106,5.754,-4.453,-1.649
794497,1735,1904,1891,-0.0108,0.5081,1.0101,5.797,-4.413,-1.751
794507,1732,1891,1890,-0.0110,0.5093,1.0094,5.904,-4.304,-1.623
794517,1744,1912,1892,-0.0111,0.5118,1.0094,5.973,-4.288,-1.425
794527,1744,1893,1891,-0.0123,0.5129,1.0088,6.004,-4.274,-1.452
794537,1739,1899,1895,-0.0127,0.5138,1.0074,5.972,-4.268,-1.522
794547,1809,1901,1902,-0.0142,0.5136,1.0075,5.830,-4.305,-1.603
794557,1736,1898,1893,-0.0156,0.5129,1.0073,5.680,-4.367,-1.699
794567,1733,1894,1891,-0.0147,0.5134,1.0055,5.582,-4.433,-1.713
794577,1759,1902,1891,-0.0157,0.5139,1.0036,5.556,-4.548,-1.757
794587,1737,1892,1889,-0.0166,0.5137,1.0037,5.600,-4.754,-1.851
794597,1796,1902,1890,-0.0162,0.5135,1.0045,5.655,-4.956,-1.861
794607,1751,1891,1892,-0.0152,0.5141,1.0052,5.705,-5.185,-1.856
794617,1763,1899,1891,-0.0151,0.5145,1.0064,5.678,-5.404,-1.935
794627,1781,1897,1897,-0.0145,0.5146,1.0069,5.606,-5.580,-2.031
794637,1737,1904,1899,-0.0139,0.5139,1.0078,5.534,-5.758,-2.107
794647,1751,1902,1895,-0.0130,0.5124,1.0097,5.488,-5.926,-2.221
794657,1742,1903,1897,-0.0130,0.5117,1.0102,5.475,-6.056,-2.318
794667,1775,1894,1893,-0.0132,0.5113,1.0103,5.453,-6.123,-2.379
794677,1988,1893,1886,-0.0132,0.5102,1.0098,5.409,-6.145,-2.446
794687,1891,1895,1890,-0.0124,0.5105,1.0102,5.349,-6.115,-2.450
794697,1737,1895,1896,-0.0118,0.5102,1.0076,5.340,-6.080,-2.501
794707,1747,1896,1892,-0.0123,0.5108,1.0063,5.424,-6.032,-2.542
794717,1778,1907,1892,-0.0117,0.5116,1.0075,5.522,-6.051,-2.479
794727,1801,1894,1891,-0.0128,0.5103,1.0052,5.579,-6.122,-2.465
794737,1810,1897,1888,-0.0125,0.5114,1.0070,5.604,-6.263,-2.407
794747,1833,1896,1897,-0.0120,0.5117,1.0071,5.617,-6.387,-2.339
794757,1779,1906,1890,-0.0117,0.5111,1.0072,5.615,-6.464,-2.359
794767,1738,1893,1892,-0.0126,0.5103,1.0071,5.606,-6.486,-2.441
794777,1745,1895,1891,-0.0120,0.5106,1.0071,5.599,-6.565,-2.438
794787,1785,1897,1894,-0.0123,0.5104,1.0069,5.680,-6.633,-2.415
794797,1757,1893,1889,-0.0130,0.5103,1.0058,5.814,-6.672,-2.365
794807,1739,1896,1889,-0.0131,0.5106,1.0059,5.916,-6.773,-2.247
794817,1876,1895,1888,-0.0121,0.5108,1.0070,6.016,-6.913,-2.225
794827,1738,1901,1895,-0.0114,0.5104,1.0079,6.127,-7.003,-2.256
794837,1794,1905,1890,-0.0104,0.5111,1.0091,6.208,-7.006,-2.239
794847,1995,1892,1895,-0.0115,0.5108,1.0078,6.286,-6.946,-2.206
794857,1813,1900,1889,-0.0110,0.5114,1.0073,6.349,-6.879,-2.224
794867,1764,1900,1898,-0.0117,0.5118,1.0076,6.387,-6.850,-2.243
794877,1741,1908,1905,-0.0125,0.5122,1.0071,6.400,-6.821,-2.246
794887,1749,1899,1902,-0.0121,0.5128,1.0069,6.402,-6.848,-2.185
794897,1739,1891,1893,-0.0115,0.5137,1.0085,6.414,-6.872,-2.146
794907,1746,1893,1898,-0.0117,0.5140,1.0081,6.448,-6.857,-2.112
794917,1760,1892,1889,-0.0104,0.5154,1.0092,6.393,-6.858,-2.049
794927,1738,1896,1903,-0.0112,0.5143,1.0090,6.311,-6.883,-2.150
794937,1740,1901,1889,-0.0112,0.5134,1.0077,6.291,-6.836,-2.240
794947,1758,1891,1889,-0.0104,0.5128,1.0070,6.281,-6.825,-2.144
794957,2153,1905,1892,-0.0100,0.5111,1.0078,6.252,-6.957,-2.124
794967,1742,1891,1898,-0.0094,0.5107,1.0078,6.336,-7.097,-2.102
794977,1857,1911,1894,-0.0091,0.5122,1.0069,6.585,-7.132,-1.907
794987,1832,1897,1890,-0.0085,0.5136,1.0073,6.795,-7.129,-1.662
794997,1748,1904,1893,-0.0091,0.5138,1.0060,6.923,-7.139,-1.610
795007,1752,1898,1904,-0.0085,0.5143,1.0057,6.954,-7.165,-1.524
795017,1900,1910,1900,-0.0067,0.5138,1.0062,6.833,-7.223,-1.355
795027,2363,1891,1887,-0.0056,0.5115,1.0068,6.678,-7.354,-1.245
795037,1838,1903,1899,-0.0022,0.5102,1.0118,6.551,-7.614,-0.991
795047,2138,1900,1905,0.0043,0.5109,1.0192,6.481,-7.858,-0.424
795057,2081,1932,1886,0.0115,0.5113,1.0256,6.609,-7.870,0.255
795067,1924,1895,1899,0.0212,0.5168,1.0390,6.882,-7.712,1.113
795077,2527,1899,1896,0.0306,0.5251,1.0562,6.911,-7.243,2.143
795087,2069,1901,1900,0.0327,0.5377,1.0608,6.859,-6.019,3.112
795097,1738,1901,1888,0.0306,0.5611,1.0676,6.493,-4.152,4.481
795107,1745,1896,1907,0.0296,0.5830,1.0716,4.986,-2.052,5.843
795117,1925,1909,1890,0.0237,0.5993,1.0822,2.207,0.211,6.322
795127,1782,1892,1902,0.0218,0.6047,1.0991,-2.557,2.185,6.139
795137,1743,1890,1891,0.0166,0.5967,1.1024,-8.731,4.833,5.643
795147,1742,1896,1906,0.0178,0.5846,1.1129,-16.623,7.514,5.425
795157,1914,1956,1898,0.0196,0.5796,1.1210,-25.663,10.096,6.081
795167,1922,1906,1899,0.0238,0.5751,1.1118,-34.491,13.337,7.178
795177,1773,1907,1894,0.0281,0.5777,1.0967,-41.917,16.997,8.429
795187,2022,1916,1910,0.0302,0.5736,1.1009,-48.110,19.917,8.954
795197,1744,1897,1894,0.0201,0.5477,1.0984,-52.687,22.124,7.242
795207,2006,1913,1910,0.0134,0.5205,1.1027,-55.646,24.030,5.623
795217,1768,1926,1893,0.0094,0.4970,1.1145,-58.365,25.454,5.320
795227,1814,1904,1905,-0.0004,0.4741,1.1172,-61.235,27.034,5.460
795237,1739,1974,1889,-0.0046,0.4595,1.1282,-64.936,28.480,6.257
795247,2018,1919,1908,-0.0066,0.4412,1.1412,-69.376,29.872,7.133
795257,1908,1934,1896,-0.0143,0.4187,1.1475,-73.767,31.633,7.533
795267,1901,1898,1896,-0.0229,0.3992,1.1538,-77.744,33.613,8.393
795277,1867,1928,1891,-0.0304,0.3838,1.1606,-81.365,35.672,9.875
795287,1798,1913,1937,-0.0405,0.3674,1.1673,-84.642,37.683,11.168
795297,2078,1903,1888,-0.0515,0.3463,1.1730,-87.400,39.607,11.924
795307,1897,1918,1892,-0.0611,0.3251,1.1814,-89.421,41.334,12.512
795317,1748,1976,1907,-0.0651,0.3028,1.1929,-90.886,42.905,13.236
795327,1746,1905,1902,-0.0673,0.2787,1.2056,-92.112,44.560,13.927
795337,1741,1923,1905,-0.0660,0.2555,1.2216,-93.399,46.373,14.799
795347,2044,1894,1924,-0.0651,0.2341,1.2360,-94.850,48.660,15.986
795357,1874,1933,1887,-0.0690,0.2164,1.2436,-96.166,51.619,17.272
795367,2821,1894,1916,-0.0727,0.1964,1.2536,-97.432,54.821,18.624
795377,2096,1901,1888,-0.0780,0.1728,1.2597,-98.544,58.130,19.798
795387,1859,1904,1911,-0.0858,0.1468,1.2638,-99.318,61.644,20.913
795397,1801,2030,1903,-0.0940,0.1227,1.2685,-99.849,65.305,22.278
795407,1929,1895,1897,-0.1003,0.1001,1.2688,-100.344,69.080,23.948
795417,2106,1901,1891,-0.1075,0.0756,1.2630,-100.934,72.957,25.745
795427,1791,1922,1907,-0.1122,0.0514,1.2591,-101.844,76.564,27.627
795437,1845,1930,1893,-0.1178,0.0252,1.2501,-103.004,80.072,29.618
795447,1744,1897,1899,-0.1237,-0.0004,1.2426,-104.259,83.622,31.910
795457,1831,1895,1903,-0.1261,-0.0284,1.2431,-105.887,86.955,34.582
795467,1779,1901,1905,-0.1318,-0.0595,1.2347,-107.883,90.298,37.332
795477,1802,1948,1917,-0.1365,-0.0869,1.2273,-110.114,93.847,40.807
795487,1797,1891,1889,-0.1403,-0.1161,1.2198,-112.927,97.217,44.953
795497,1900,1896,1887,-0.1498,-0.1466,1.2064,-115.710,100.491,49.350
795507,2140,1918,1892,-0.1585,-0.1746,1.1876,-118.293,103.676,54.605
795517,1890,1907,1888,-0.1687,-0.1994,1.1605,-120.320,106.711,60.582
795527,1760,1921,1905,-0.1770,-0.2226,1.1272,-121.813,109.334,66.750
795537,1781,1892,1891,-0.2019,-0.2465,1.0894,-122.057,111.305,72.614
795547,1755,1896,1904,-0.2266,-0.2607,1.0442,-120.516,112.871,78.802
795557,2167,1891,1888,-0.2489,-0.2698,1.0144,-117.304,113.716,85.143
795567,1849,1898,1905,-0.2712,-0.2827,0.9975,-112.876,113.615,90.732
795577,1759,1892,1888,-0.2913,-0.2905,0.9875,-107.205,113.024,95.771
795587,1922,1904,1892,-0.3064,-0.2834,0.9752,-100.210,112.848,101.579
795597,2137,1929,1891,-0.3133,-0.2637,0.9650,-92.183,113.087,108.090
795607,2058,1895,1915,-0.3236,-0.2436,0.9467,-83.458,113.468,113.752
795617,1817,1935,1894,-0.3411,-0.2227,0.9183,-74.028,114.062,118.067
795627,1878,1896,1896,-0.3613,-0.1954,0.8886,-64.339,114.715,121.722
795637,2296,2002,1904,-0.3826,-0.1675,0.8630,-54.945,114.968,124.416
795647,1749,1904,1901,-0.4072,-0.1429,0.8353,-46.236,114.939,125.871
795657,1786,1893,1904,-0.4334,-0.1146,0.8141,-38.461,114.680,126.773
795667,1827,1899,1887,-0.4535,-0.0838,0.7993,-31.996,114.069,127.825
795677,1882,1893,1906,-0.4748,-0.0540,0.7780,-26.933,113.467,128.960
795687,1759,1899,1901,-0.4893,-0.0270,0.7578,-23.567,112.721,130.401
795697,2014,1910,1917,-0.5035,0.0053,0.7452,-22.703,111.334,132.112
795707,1773,1932,1890,-0.5155,0.0410,0.7367,-24.114,109.563,133.885
795717,2402,1960,2011,-0.5269,0.0795,0.7263,-27.429,107.756,135.717
795727,2342,1904,1896,-0.5389,0.1127,0.7083,-32.240,105.850,137.116
795737,2192,1951,1896,-0.5551,0.1330,0.6701,-38.213,103.669,137.562
795747,1829,2005,1958,-0.5738,0.1363,0.6291,-45.084,100.452,136.797
795757,2988,1906,2033,-0.5895,0.1240,0.6056,-52.688,95.447,135.325
795767,1847,1986,2013,-0.6006,0.1073,0.6088,-60.624,88.954,134.150
795777,2891,2036,1898,-0.5992,0.0913,0.6305,-68.501,82.237,134.467
795787,2435,2009,1980,-0.5949,0.0975,0.6730,-75.967,75.899,136.744
795797,2153,1895,1933,-0.5897,0.1240,0.6785,-82.200,71.953,141.135
795807,2834,1921,1967,-0.5922,0.1445,0.6245,-86.098,70.670,145.731
795817,1748,1901,1901,-0.6119,0.1420,0.5637,-88.706,68.687,147.798
795827,3233,1914,1887,-0.6494,0.1299,0.5104,-90.825,64.298,147.513
795837,2361,1911,1890,-0.6770,0.1361,0.4893,-92.249,58.157,148.318
795847,1861,1901,1939,-0.6838,0.1779,0.5196,-93.404,51.026,152.066
795857,1832,2034,1978,-0.6766,0.2264,0.5608,-94.179,44.399,156.149
795867,1821,1917,1938,-0.6714,0.2597,0.5814,-94.417,39.319,158.138
795877,1975,1988,2082,-0.6760,0.2850,0.5796,-95.075,35.303,158.317
795887,1931,1899,1957,-0.6799,0.3177,0.5782,-97.219,31.303,158.279
795897,2037,1929,1905,-0.6842,0.3666,0.5841,-100.869,26.842,158.698
795907,2043,1941,1891,-0.6895,0.4433,0.6074,-104.394,22.207,159.442
795917,2766,2137,1968,-0.6744,0.5112,0.6220,-106.668,18.349,159.708
795927,1732,2001,1897,-0.6817,0.5400,0.6348,-107.717,14.588,155.636
795937,2388,1935,1896,-0.6907,0.5488,0.6557,-108.017,10.090,148.068
795947,2844,1933,1950,-0.6900,0.5653,0.6696,-107.202,6.210,141.044
795957,1801,1891,1971,-0.6872,0.5884,0.6920,-105.498,3.621,135.321
795967,3121,2036,1889,-0.6842,0.5980,0.7205,-102.801,0.999,128.743
795977,1876,1927,1891,-0.6849,0.5963,0.7532,-99.520,-1.501,121.264
795987,4095,2011,1963,-0.6842,0.5964,0.7789,-94.863,-3.248,113.845
795997,2779,1904,1908,-0.6900,0.6036,0.7844,-88.987,-3.955,106.805
796007,2213,1896,2019,-0.6894,0.5942,0.7871,-82.488,-4.317,99.767
796017,2364,2004,1997,-0.6903,0.5693,0.7881,-76.266,-4.915,92.469
796027,2526,1950,1905,-0.6932,0.5595,0.7872,-69.210,-5.363,85.452
796037,4064,2152,2117,-0.6907,0.5315,0.7803,-58.595,-5.790,77.341
796047,2213,2013,1916,-0.6880,0.5078,0.7844,-47.025,-6.289,69.661
796057,2595,1932,1944,-0.6848,0.4945,0.7858,-34.675,-6.659,62.778
796067,2852,1928,1928,-0.6854,0.5036,0.7883,-21.387,-6.331,56.783
796077,1664,1889,1901,-0.6822,0.5188,0.8057,-9.304,-6.070,51.336
796087,2538,1961,1910,-0.6808,0.5319,0.7976,0.607,-5.035,45.962
796097,1998,1964,1946,-0.6740,0.5443,0.7944,7.555,-3.746,41.080
796107,1634,1926,1969,-0.6710,0.5384,0.7906,10.262,-3.187,36.588
796117,1882,2082,1899,-0.6713,0.5368,0.7884,10.392,-2.855,32.845
796127,1842,1923,1901,-0.6787,0.5283,0.7702,8.998,-2.631,29.674
796137,2017,1968,1901,-0.6848,0.5273,0.7588,7.833,-2.506,26.752
796147,1806,1965,1912,-0.6863,0.5196,0.7443,7.161,-2.887,23.802
796157,1746,2008,1951,-0.6863,0.5089,0.7297,7.119,-3.294,20.903
796167,2055,1998,1893,-0.6832,0.5055,0.7230,7.307,-4.177,18.210
796177,2535,1930,1902,-0.6788,0.4979,0.7204,7.826,-5.007,15.601
796187,2026,1937,1910,-0.6736,0.4980,0.7329,8.328,-5.899,13.076
796197,2181,1917,1924,-0.6725,0.5048,0.7371,8.692,-6.216,10.602
796207,2054,1961,1908,-0.6753,0.5027,0.7275,8.698,-5.817,8.102
796217,2252,1946,2024,-0.6798,0.4965,0.7081,7.744,-5.454,5.734
796227,1802,1969,1889,-0.6781,0.4796,0.6957,5.805,-5.590,3.747
796237,1839,1892,1922,-0.6738,0.4691,0.7065,2.993,-6.447,2.283
796247,3308,1990,1997,-0.6696,0.4584,0.7175,0.519,-7.086,1.241
796257,3060,2032,2020,-0.6679,0.4558,0.7297,-0.930,-7.066,0.274
796267,2307,1918,1890,-0.6662,0.4473,0.7340,-1.635,-6.545,-0.878
796277,4092,2072,1927,-0.6644,0.4354,0.7319,-1.996,-5.699,-2.015
796287,3631,2115,1892,-0.6591,0.4329,0.7463,-2.306,-5.015,-2.816
796297,2192,1923,2026,-0.6517,0.4214,0.7543,-2.900,-4.012,-3.557
796307,4095,2104,2157,-0.6493,0.3975,0.7468,-3.482,-2.520,-4.447
796317,1593,1935,2003,-0.6604,0.3533,0.6897,-3.350,-1.040,-5.823
796327,2733,2148,2293,-0.6865,0.3052,0.6208,-1.781,-1.070,-8.055
796337,1898,2030,2033,-0.7129,0.3037,0.6090,-0.039,-2.724,-8.477
796347,1896,1890,1890,-0.7130,0.3693,0.6527,1.145,-4.441,-4.584
796357,2726,2023,1963,-0.6720,0.4797,0.7441,1.407,-4.385,1.198
796367,4095,2128,2012,-0.6488,0.5661,0.8105,0.510,-3.228,3.313
796377,1437,1897,1915,-0.6278,0.6266,0.8450,-0.480,-0.587,0.266
796387,964,1953,1948,-0.6303,0.6273,0.8153,-0.745,3.342,-5.330
796397,898,1887,1885,-0.6426,0.5912,0.7596,1.126,7.288,-12.203
796407,951,1887,1888,-0.6700,0.5074,0.7043,4.404,8.850,-21.044
796417,1219,1898,1989,-0.7119,0.3909,0.6563,9.310,7.611,-31.732
796427,1100,1982,2029,-0.7367,0.2951,0.6482,15.102,4.851,-38.978
796437,1079,1895,1942,-0.7466,0.2683,0.6764,21.341,2.627,-39.301
796447,903,1904,1900,-0.7263,0.3112,0.6985,27.631,2.298,-34.892
796457,1206,2094,2729,-0.7219,0.3328,0.6834,32.948,3.360,-30.548
796467,1714,1912,1899,-0.7346,0.3301,0.6751,34.353,3.778,-28.003
796477,1431,2036,1901,-0.7529,0.3356,0.6763,31.162,2.780,-25.335
796487,1115,1924,1899,-0.7595,0.3208,0.6506,24.545,1.334,-22.101
796497,984,1891,1905,-0.7621,0.2736,0.6167,15.732,-0.769,-18.879
796507,973,1990,1916,-0.7708,0.2070,0.6039,5.913,-4.521,-16.072
796517,1312,1912,1901,-0.7848,0.1486,0.6076,-2.608,-8.547,-12.588
796527,902,1898,1906,-0.8066,0.1821,0.6233,-8.349,-11.440,-6.374
796537,1052,1905,1930,-0.7833,0.3084,0.6519,-10.237,-12.224,2.543
796547,1054,1890,1887,-0.7439,0.4079,0.6692,-10.455,-11.587,8.427
796557,1234,1894,1903,-0.7220,0.4749,0.6905,-10.718,-10.893,8.936
796567,1263,1923,1903,-0.7138,0.5066,0.6990,-11.904,-10.052,6.678
796577,1274,1911,1950,-0.7128,0.4999,0.6928,-14.420,-9.180,3.573
796587,990,1889,1931,-0.7175,0.4711,0.7018,-17.784,-9.042,0.480
796597,969,1944,1901,-0.7232,0.4321,0.7231,-20.896,-9.511,-2.301
796607,1027,1887,1898,-0.7299,0.4005,0.7320,-22.414,-9.346,-4.663
796617,969,1891,1904,-0.7324,0.3772,0.7408,-22.139,-8.766,-6.563
796627,1475,1910,1887,-0.7287,0.3501,0.7480,-21.147,-8.287,-8.096
796637,1096,1889,1939,-0.7286,0.3261,0.7381,-20.234,-7.470,-8.919
796647,1702,1915,1983,-0.7283,0.3126,0.7326,-20.216,-6.775,-8.765
796657,1532,1935,1888,-0.7254,0.3002,0.7251,-21.610,-6.689,-7.944
796667,1134,2017,2071,-0.7232,0.2772,0.6986,-23.143,-6.645,-6.781
796677,1071,1887,1932,-0.7239,0.2488,0.6908,-23.906,-7.151,-5.543
796687,1352,2013,1916,-0.7197,0.2408,0.7180,-23.564,-8.723,-4.314
796697,948,1942,1914,-0.7134,0.2575,0.7463,-21.012,-9.448,-3.150
796707,3283,1947,1916,-0.7064,0.2772,0.7552,-16.367,-8.803,-2.594
796717,919,1903,1884,-0.7097,0.2770,0.7374,-9.750,-7.620,-3.246
796727,1237,1972,1907,-0.7224,0.2465,0.6611,-1.808,-6.471,-5.184
796737,1659,1902,1883,-0.7388,0.2128,0.5861,5.591,-7.075,-7.240
796747,1024,1904,1887,-0.7460,0.2288,0.6772,11.153,-10.553,-6.338
796757,919,1887,1885,-0.7298,0.2995,0.7467,12.963,-12.961,-2.425
796767,2065,1903,1913,-0.7313,0.3881,0.7802,16.532,-11.650,1.434
796777,2017,1904,1907,-0.6945,0.4909,0.8230,16.661,-9.200,5.395
796787,1025,1978,1982,-0.6773,0.5132,0.8210,14.712,-7.078,4.691
796797,907,1948,1885,-0.6901,0.4824,0.7929,11.963,-5.625,-1.183
796807,999,1900,1895,-0.7015,0.4491,0.7749,8.510,-5.830,-7.059
796817,1176,1907,1936,-0.7091,0.4041,0.7527,5.253,-6.570,-10.999
796827,892,1889,1897,-0.7169,0.3400,0.7408,3.701,-7.398,-14.043
796837,948,1931,1908,-0.7248,0.2870,0.7430,3.434,-8.460,-16.016
796847,894,1940,2087,-0.7327,0.2715,0.7341,4.673,-8.686,-15.778
796857,892,1952,1972,-0.7322,0.2942,0.7360,6.542,-8.097,-13.030
796867,1408,1931,1891,-0.7203,0.3356,0.7610,7.514,-7.756,-9.498
796877,1913,1894,1902,-0.7178,0.3551,0.7642,7.078,-7.172,-8.134
796887,1066,1978,1922,-0.7209,0.3440,0.7369,5.839,-6.343,-7.844
796897,1076,1884,1900,-0.7270,0.2990,0.6904,3.296,-6.175,-8.096
796907,1116,1950,1934,-0.7346,0.2308,0.6551,-0.486,-8.008,-8.806
796917,1103,1893,1929,-0.7605,0.1850,0.6311,-4.994,-11.239,-8.490
796927,1232,1957,1935,-0.7855,0.2137,0.6179,-6.603,-13.431,-4.889
796937,903,1907,1884,-0.7416,0.3007,0.6582,-5.495,-15.051,1.767
796947,1112,1946,1902,-0.7280,0.3551,0.6996,-3.724,-16.863,3.716
796957,957,1896,1906,-0.7082,0.3826,0.7250,-0.662,-17.454,2.029
796967,903,1892,1881,-0.7052,0.3841,0.7390,1.239,-16.996,-0.476
796977,1038,1986,1911,-0.7085,0.3839,0.7399,1.563,-16.292,-2.272
796987,1578,1915,1902,-0.7113,0.3737,0.7389,0.520,-15.617,-3.443
796997,1017,1884,1888,-0.7092,0.3487,0.7461,-1.395,-15.581,-4.552
797007,906,1891,1884,-0.7073,0.3209,0.7509,-3.492,-15.484,-5.594
797017,1000,1889,1887,-0.7046,0.2938,0.7573,-5.248,-15.227,-6.207
797027,1669,1889,1913,-0.7039,0.2717,0.7628,-6.359,-14.741,-6.234
797037,939,1916,1886,-0.7050,0.2561,0.7631,-6.574,-13.943,-5.581
797047,990,1927,1924,-0.7065,0.2334,0.7554,-6.292,-12.975,-4.495
797057,1376,1890,1934,-0.7078,0.2214,0.7612,-5.845,-12.417,-2.974
797067,1149,1894,1883,-0.7073,0.2232,0.7576,-5.162,-11.812,-1.181
797077,1330,1924,1914,-0.7046,0.2301,0.7576,-3.961,-11.198,0.465
797087,1207,1918,1896,-0.6983,0.2441,0.7772,-2.139,-10.910,1.769
797097,1022,1902,1896,-0.6861,0.2658,0.8045,0.440,-10.286,2.620
797107,927,1886,1898,-0.6750,0.2890,0.8327,3.444,-8.857,2.808
797117,1138,1911,1889,-0.6726,0.3031,0.8493,6.866,-6.503,2.212
797127,942,1932,1884,-0.6839,0.2985,0.8162,11.185,-3.453,0.819
797137,1137,1937,1892,-0.6976,0.2904,0.7095,17.131,-0.494,-0.912
797147,1026,1886,1890,-0.7231,0.2649,0.6854,24.139,-0.033,-2.154
797157,924,1906,1883,-0.7271,0.3077,0.7579,27.370,-3.672,-2.841
797167,974,1894,1897,-0.7169,0.3836,0.7726,27.835,-4.235,-1.604
797177,1035,1892,1883,-0.6959,0.4498,0.7634,26.913,-2.796,-0.212
797187,1019,1888,1885,-0.6704,0.4805,0.7897,22.661,-2.819,-0.307
797197,1238,1886,1882,-0.6680,0.4630,0.7924,17.206,-3.123,-3.251
797207,970,1892,1898,-0.6767,0.4361,0.7827,13.160,-3.123,-7.069
797217,937,1915,1904,-0.6900,0.3989,0.7734,9.883,-3.551,-10.864
797227,1795,1889,1921,-0.7062,0.3535,0.7705,7.928,-4.580,-14.436
797237,1079,1888,1882,-0.7112,0.3221,0.7804,8.131,-5.413,-16.272
797247,1082,1891,1884,-0.7174,0.3010,0.7891,10.575,-5.590,-17.235
797257,949,1889,1888,-0.7209,0.3005,0.7990,14.630,-5.283,-17.966
797267,1097,1884,1894,-0.7250,0.3127,0.8017,19.488,-4.673,-18.591
797277,984,1890,1883,-0.7282,0.3315,0.8073,24.489,-3.957,-19.127
797287,1308,1901,1884,-0.7325,0.3510,0.8089,28.838,-3.200,-19.634
797297,1077,1915,1928,-0.7384,0.3753,0.8031,32.534,-2.278,-20.151
797307,959,1890,1884,-0.7427,0.4014,0.7939,35.578,-1.493,-20.714
797317,998,1903,1890,-0.7472,0.4189,0.7900,37.895,-1.270,-21.992
797327,951,1890,1895,-0.7535,0.4323,0.7877,40.247,-1.447,-23.952
797337,1462,1921,1886,-0.7614,0.4454,0.7849,43.371,-1.666,-26.419
797347,970,1887,1895,-0.7689,0.4583,0.7782,47.572,-1.758,-29.269
797357,965,1885,1891,-0.7761,0.4710,0.7704,52.706,-1.938,-32.312
797367,1014,1893,1895,-0.7806,0.4841,0.7662,58.369,-2.418,-35.599
797377,1013,1888,1886,-0.7824,0.4946,0.7578,64.218,-3.044,-39.378
797387,1673,1891,1901,-0.7856,0.5028,0.7454,70.259,-3.870,-43.740
797397,1132,1884,1889,-0.7886,0.5132,0.7361,76.524,-5.025,-48.280
797407,939,1909,1902,-0.7903,0.5242,0.7267,83.194,-6.408,-52.878
797417,1055,1904,1886,-0.7911,0.5345,0.7139,90.450,-7.961,-57.615
797427,942,1888,1882,-0.7915,0.5383,0.6958,98.399,-9.594,-62.715
797437,1077,1887,1880,-0.7957,0.5368,0.6758,107.059,-11.579,-68.446
797447,1098,1901,1883,-0.8015,0.5283,0.6527,116.237,-13.902,-74.448
797457,1252,1898,1886,-0.8052,0.5153,0.6300,125.891,-16.485,-80.316
797467,1101,1894,1882,-0.8100,0.5034,0.6139,135.818,-19.386,-85.697
797477,1162,1926,1888,-0.8115,0.4910,0.5995,145.935,-22.364,-90.392
797487,1060,1896,1885,-0.8124,0.4781,0.5777,155.843,-25.177,-94.464
797497,996,1901,1881,-0.8112,0.4654,0.5598,164.807,-28.350,-97.791
797507,948,1923,1883,-0.8044,0.4555,0.5453,172.256,-32.189,-100.229
797517,974,1913,1907,-0.8026,0.4519,0.5258,178.384,-36.214,-101.940
797527,975,1896,1895,-0.7997,0.4609,0.5100,183.389,-40.314,-102.593
797537,966,1933,1897,-0.7932,0.4775,0.5054,187.297,-44.691,-102.527
797547,946,1906,1912,-0.7870,0.4891,0.5010,190.252,-49.270,-102.963
797557,1128,1884,1884,-0.7813,0.4953,0.4957,192.198,-53.990,-104.000
797567,970,1885,1939,-0.7705,0.5001,0.5031,192.898,-58.878,-104.838
797577,971,1885,1902,-0.7570,0.5003,0.5194,192.191,-63.738,-105.555
797587,963,1885,1914,-0.7457,0.4905,0.5309,189.913,-68.144,-106.574
797597,984,1886,1908,-0.7369,0.4751,0.5370,186.091,-72.009,-107.544
797607,1102,1890,1949,-0.7326,0.4556,0.5400,178.688,-76.061,-107.042
797617,1008,1893,1950,-0.7293,0.4370,0.5353,170.714,-79.918,-105.708
797627,1115,1885,2062,-0.7288,0.4195,0.5346,162.189,-83.976,-103.775
797637,977,1888,1885,-0.7284,0.4028,0.5461,153.227,-88.522,-101.522
797647,1065,1885,1914,-0.7245,0.3881,0.5712,143.555,-93.282,-98.748
797657,975,1892,1936,-0.7187,0.3748,0.5895,133.085,-97.435,-95.569
797667,1023,1891,1879,-0.7148,0.3644,0.5999,121.983,-100.738,-92.114
797677,972,1888,1894,-0.7103,0.3583,0.6027,110.380,-103.473,-88.320
797687,969,1886,1918,-0.7129,0.3560,0.5875,98.792,-105.845,-84.501
797697,1049,1913,1962,-0.7170,0.3507,0.5559,87.648,-108.307,-81.043
797707,977,1915,1920,-0.7182,0.3409,0.5248,77.002,-111.626,-78.234
797717,962,1910,1962,-0.7087,0.3243,0.5125,66.902,-116.256,-76.103
797727,1089,1897,1937,-0.6892,0.2975,0.5218,57.240,-121.907,-74.552
797737,994,1887,2022,-0.6647,0.2672,0.5396,48.119,-127.681,-72.981
797747,1009,1886,1948,-0.6367,0.2460,0.5643,39.590,-132.863,-70.320
797757,1162,1912,1879,-0.6080,0.2397,0.5929,31.819,-137.142,-66.352
797767,1000,1891,1963,-0.5801,0.2417,0.6181,25.052,-140.508,-62.075
797777,1026,1887,1880,-0.5561,0.2422,0.6353,19.630,-143.151,-58.765
797787,1056,1884,1927,-0.5362,0.2407,0.6506,15.951,-145.516,-56.802
797797,1416,1893,1890,-0.5124,0.2366,0.6729,14.110,-147.893,-55.866
797807,971,1883,1948,-0.4899,0.2318,0.6895,13.876,-149.871,-55.684
797817,988,1891,1915,-0.4647,0.2248,0.7062,15.129,-151.318,-56.173
797827,1303,1923,2039,-0.4343,0.2193,0.7356,17.095,-152.635,-56.930
797837,975,1905,1897,-0.4017,0.2111,0.7710,19.128,-153.756,-58.049
797847,1035,1887,1887,-0.3711,0.2001,0.8060,21.167,-154.073,-59.396
797857,1078,1884,1923,-0.3431,0.1900,0.8358,23.275,-153.338,-60.348
797867,1037,1891,1934,-0.3171,0.1794,0.8647,25.203,-151.992,-60.709
797877,1053,1895,1924,-0.2962,0.1694,0.8967,26.774,-150.430,-60.872
797887,988,1883,1961,-0.2797,0.1609,0.9231,28.169,-148.484,-60.842
797897,1299,1967,1883,-0.2636,0.1593,0.9430,29.619,-145.835,-60.172
797907,1007,1887,1958,-0.2477,0.1653,0.9625,31.091,-142.668,-58.954
797917,980,1890,1906,-0.2319,0.1715,0.9768,32.413,-139.280,-57.865
797927,976,1886,1919,-0.2172,0.1777,0.9910,33.553,-135.878,-57.159
797937,1053,1890,1987,-0.2035,0.1851,1.0053,34.191,-132.515,-56.471
797947,1348,1920,1981,-0.1919,0.1914,1.0154,34.337,-129.074,-55.978
797957,993,1889,1908,-0.1809,0.1951,1.0290,33.718,-125.762,-55.614
797967,1241,1895,1958,-0.1691,0.1951,1.0403,32.119,-122.625,-55.256
797977,1064,1884,1892,-0.1591,0.1913,1.0462,29.726,-119.470,-54.906
797987,1011,1884,1909,-0.1507,0.1851,1.0504,26.741,-116.415,-54.302
797997,1018,1919,1928,-0.1433,0.1793,1.0538,23.407,-113.618,-53.250
798007,1156,1911,1921,-0.1371,0.1764,1.0557,19.973,-110.970,-51.760
798017,1168,1883,1908,-0.1292,0.1728,1.0614,16.524,-108.446,-49.955
798027,987,1917,1933,-0.1199,0.1706,1.0731,13.026,-106.164,-48.026
798037,1010,1915,1920,-0.1110,0.1685,1.0900,9.588,-104.005,-46.054
798047,1085,1936,1925,-0.1032,0.1676,1.1098,6.162,-101.755,-43.905
798057,1012,1880,1915,-0.0946,0.1703,1.1269,2.822,-99.130,-41.473
798067,1106,1895,1900,-0.0879,0.1763,1.1365,-0.271,-96.022,-38.897
798077,999,1938,1936,-0.0826,0.1840,1.1419,-3.140,-92.725,-36.507
798087,998,1915,1938,-0.0784,0.1862,1.1435,-5.807,-89.597,-34.760
798097,1166,1889,1911,-0.0793,0.1793,1.1381,-8.184,-86.802,-34.070
798107,996,1930,1939,-0.0838,0.1697,1.1335,-10.261,-84.503,-33.879
798117,999,1889,1902,-0.0867,0.1620,1.1326,-11.963,-82.701,-33.292
798127,1026,1894,1962,-0.0892,0.1567,1.1327,-12.988,-81.164,-32.427
798137,1086,1881,1901,-0.0917,0.1580,1.1416,-13.345,-79.965,-31.616
798147,1125,1924,1962,-0.0843,0.1569,1.1441,-13.114,-78.752,-30.851
798157,997,1881,1923,-0.0823,0.1539,1.1516,-11.311,-77.637,-30.628
798167,997,1953,1969,-0.0759,0.1571,1.1645,-8.705,-76.576,-30.096
798177,1084,1882,1898,-0.0686,0.1600,1.1716,-5.651,-75.272,-29.611
798187,1028,1930,1896,-0.0606,0.1592,1.1759,-2.603,-73.874,-29.841
798197,1006,1902,1914,-0.0518,0.1564,1.1825,0.036,-72.697,-30.560
798207,1003,1884,1976,-0.0422,0.1528,1.1873,2.377,-71.613,-31.347
798217,1045,1884,1924,-0.0337,0.1503,1.1918,4.589,-70.576,-31.906
798227,1180,1886,1992,-0.0234,0.1494,1.2011,6.736,-69.613,-32.095
798237,1043,1909,1960,-0.0112,0.1489,1.2077,8.761,-68.611,-32.135
798247,1022,1918,1931,0.0006,0.1438,1.2147,10.552,-67.569,-32.311
798257,1022,1887,1943,0.0130,0.1358,1.2233,11.980,-66.584,-32.413
798267,1016,1923,2003,0.0259,0.1269,1.2361,12.833,-65.457,-32.079
798277,1033,1884,1955,0.0376,0.1225,1.2423,13.060,-63.855,-31.095
798287,1361,1966,1987,0.0501,0.1248,1.2479,12.983,-61.753,-29.347
798297,1049,1919,1978,0.0613,0.1285,1.2552,12.626,-59.497,-27.261
798307,1090,1931,2003,0.0691,0.1322,1.2574,11.682,-57.052,-25.645
798317,1085,1893,1920,0.0733,0.1353,1.2537,10.201,-54.476,-24.416
798327,1098,1911,1991,0.0811,0.1392,1.2514,8.368,-51.992,-23.083
798337,1017,1895,1940,0.0889,0.1395,1.2515,6.332,-49.562,-21.730
798347,1090,1885,1999,0.0965,0.1374,1.2481,4.230,-46.978,-20.469
798357,1022,1889,1973,0.1018,0.1358,1.2427,2.121,-44.246,-19.149
798367,1014,1926,1973,0.1072,0.1295,1.2390,0.059,-41.626,-17.984
798377,1027,1881,1898,0.1067,0.1176,1.2349,-1.764,-39.193,-17.254
798387,1081,1932,1947,0.1034,0.1075,1.2326,-3.166,-36.839,-16.335
798397,1020,1897,1939,0.1024,0.1019,1.2293,-4.126,-34.569,-14.758
798407,1050,1905,1938,0.1009,0.1029,1.2242,-4.542,-32.381,-12.826
798417,1197,1908,1930,0.1008,0.1063,1.2166,-4.308,-30.319,-11.016
798427,1213,1920,1962,0.1006,0.1084,1.2078,-3.430,-28.486,-9.730
798437,1371,1886,1984,0.1004,0.1059,1.1997,-2.071,-26.954,-9.107
798447,1796,1956,1968,0.0971,0.1026,1.1908,-0.394,-25.657,-8.795
798457,1066,1907,1929,0.0934,0.1018,1.1813,1.449,-24.555,-8.270
798467,1026,1921,1941,0.0900,0.1060,1.1676,3.443,-23.666,-7.442
798477,1174,1887,1930,0.0849,0.1130,1.1534,5.647,-23.002,-6.582
798487,1092,1916,1936,0.0843,0.1600,1.1664,8.315,-22.514,-5.199
798497,1074,1884,1893,0.0996,0.1491,1.2127,12.639,-23.115,-6.162
798507,1186,1899,1910,0.0803,0.1041,1.1809,19.439,-23.016,-12.932
798517,1176,1892,1927,0.0987,0.1078,1.2157,28.668,-22.481,-14.028
798527,1105,1929,1896,0.1095,0.1213,1.2274,34.771,-21.416,-11.165
798537,1086,2010,1877,0.0863,0.1268,1.2048,41.886,-18.991,-11.666
798547,1098,2115,1878,0.0966,0.1542,1.2295,46.716,-17.871,-10.607
798557,1038,1977,1901,0.1087,0.1796,1.2321,49.850,-16.859,-9.019
798567,1085,1944,1945,0.1094,0.1881,1.2111,52.272,-15.060,-9.191
798577,1051,1882,1895,0.1084,0.1894,1.1977,53.223,-14.582,-10.187
798587,1089,1920,1892,0.1058,0.1897,1.1983,53.504,-14.701,-10.809
798597,1037,1877,1876,0.1103,0.1967,1.1976,53.198,-14.317,-10.517
798607,1040,1890,1877,0.1117,0.2014,1.1880,53.069,-12.804,-9.950
798617,1080,1880,1876,0.1095,0.2090,1.1717,53.107,-10.976,-9.416
798627,1061,1898,1886,0.1152,0.2202,1.1744,53.357,-9.426,-8.085
798637,1041,1882,1880,0.1191,0.2350,1.1801,52.886,-8.146,-6.235
798647,1040,1888,1877,0.1166,0.2494,1.1693,51.771,-6.329,-4.461
798657,1287,1885,1877,0.1165,0.2627,1.1646,49.441,-4.661,-2.623
798667,1211,1914,1896,0.1141,0.2817,1.1556,45.639,-3.232,-0.927
798677,1107,1880,1875,0.1112,0.3021,1.1475,40.855,-2.003,0.578
798687,1067,1879,1894,0.1037,0.3100,1.1330,35.586,-1.134,0.892
798697,1164,1913,1880,0.0942,0.3146,1.1092,30.754,-0.550,0.268
798707,1133,1913,1885,0.0907,0.3278,1.0917,26.841,-0.131,0.527
798717,1045,1881,1878,0.0895,0.3277,1.0805,23.824,-0.375,0.107
798727,1046,1888,1876,0.0771,0.3091,1.0636,22.280,-1.116,-2.559
798737,1262,1891,1879,0.0740,0.2914,1.0597,22.193,-2.119,-4.700
798747,1171,1882,1874,0.0686,0.2884,1.0573,23.123,-3.012,-5.035
798757,1044,1880,1876,0.0706,0.3025,1.0485,24.802,-3.172,-3.679
798767,1113,1905,1886,0.0773,0.3225,1.0526,26.516,-3.825,-2.271
798777,1175,1886,1883,0.0766,0.3362,1.0569,28.800,-4.583,-2.517
798787,1135,1892,1878,0.0797,0.3385,1.0671,31.173,-5.477,-4.231
798797,1166,1888,1876,0.0788,0.3351,1.0701,33.459,-6.134,-6.432
798807,1075,1959,1880,0.0827,0.3428,1.0759,35.412,-6.313,-7.093
798817,1106,1888,1880,0.0894,0.3571,1.0874,36.289,-6.497,-6.514
798827,1133,1890,1892,0.0891,0.3665,1.0900,36.179,-6.587,-6.413
798837,1098,1891,1876,0.0900,0.3789,1.0938,35.205,-6.588,-6.371
798847,1267,1887,1896,0.0946,0.3853,1.0973,33.306,-6.618,-6.271
798857,1189,1886,1892,0.0940,0.3853,1.0930,30.908,-6.643,-6.735
798867,1055,1900,1885,0.0931,0.3848,1.0928,28.327,-6.759,-7.053
798877,1057,1884,1888,0.0932,0.3835,1.0898,25.835,-6.852,-6.961
798887,1069,1896,1893,0.0919,0.3808,1.0854,23.814,-6.873,-6.852
798897,1057,1882,1876,0.0931,0.3805,1.0858,22.217,-7.004,-6.544
798907,1063,1880,1906,0.0941,0.3801,1.0851,21.063,-7.091,-6.152
798917,1071,1885,1904,0.0948,0.3803,1.0839,20.227,-7.067,-5.715
798927,1067,1895,1894,0.0950,0.3823,1.0819,19.553,-6.963,-5.245
798937,1065,1880,1877,0.0930,0.3842,1.0765,18.952,-6.795,-4.901
798947,1073,1890,1886,0.0922,0.3856,1.0722,18.259,-6.745,-4.606
798957,1077,1888,1886,0.0919,0.3864,1.0702,17.614,-6.905,-4.360
798967,1068,1883,1903,0.0895,0.3852,1.0697,17.118,-7.114,-4.272
798977,1072,1894,1905,0.0895,0.3864,1.0714,16.708,-7.372,-4.207
798987,1096,1896,1904,0.0914,0.3886,1.0740,16.312,-7.534,-3.878
798997,1068,1888,1876,0.0922,0.3908,1.0727,16.031,-7.467,-3.654
799007,1070,1885,1896,0.0943,0.3930,1.0725,15.772,-7.295,-3.456
799017,1073,1890,1888,0.0946,0.3947,1.0705,15.470,-7.184,-3.295
799027,1077,1888,1896,0.0930,0.3948,1.0676,15.183,-7.058,-3.297
799037,1072,1882,1888,0.0933,0.3950,1.0646,14.966,-6.885,-3.293
799047,1073,1888,1900,0.0946,0.3938,1.0631,14.781,-6.733,-3.253
799057,1070,1881,1876,0.0896,0.3941,1.0641,14.698,-6.500,-3.412
799067,1072,1889,1908,0.0895,0.3974,1.0703,14.776,-6.258,-3.528
799077,1160,1885,1880,0.0920,0.4001,1.0724,14.971,-5.966,-3.506
799087,1077,1883,1889,0.0902,0.4002,1.0637,15.436,-5.500,-3.697
799097,1074,1880,1882,0.0900,0.4018,1.0607,15.759,-5.318,-3.748
799107,1080,1886,1905,0.0889,0.4051,1.0623,15.848,-5.383,-3.638
799117,1076,1881,1898,0.0879,0.4093,1.0582,15.940,-5.151,-3.548
799127,1078,1894,1912,0.0873,0.4133,1.0548,16.063,-4.812,-3.473
799137,1085,1878,1879,0.0863,0.4181,1.0521,16.106,-4.650,-3.498
799147,1076,1890,1902,0.0832,0.4197,1.0481,16.147,-4.562,-3.766
799157,1077,1882,1877,0.0818,0.4227,1.0481,16.109,-4.619,-3.954
799167,1098,1908,1941,0.0824,0.4271,1.0513,15.942,-4.847,-4.053
799177,1080,1884,1875,0.0834,0.4293,1.0554,15.730,-5.142,-4.300
799187,1098,1888,1900,0.0845,0.4308,1.0565,15.449,-5.317,-4.505
799197,1086,1881,1876,0.0868,0.4328,1.0595,14.981,-5.401,-4.460
799207,1119,1894,1898,0.0862,0.4330,1.0583,14.160,-5.216,-4.532
799217,1079,1880,1876,0.0869,0.4324,1.0592,13.243,-4.987,-4.514
799227,1092,1888,1899,0.0852,0.4319,1.0569,12.358,-4.790,-4.432
799237,1086,1887,1877,0.0848,0.4321,1.0560,11.615,-4.666,-4.379
799247,1088,1893,1898,0.0851,0.4332,1.0555,10.979,-4.605,-4.237
799257,1087,1877,1878,0.0841,0.4348,1.0563,10.498,-4.524,-4.045
799267,1091,1891,1894,0.0843,0.4364,1.0569,10.070,-4.423,-3.830
799277,1089,1882,1879,0.0848,0.4378,1.0586,9.554,-4.322,-3.660
799287,1091,1887,1905,0.0844,0.4392,1.0591,8.939,-4.208,-3.482
799297,1088,1879,1885,0.0834,0.4401,1.0566,8.225,-4.010,-3.275
799307,1096,1890,1900,0.0827,0.4411,1.0515,7.519,-3.802,-3.030
799317,1091,1884,1874,0.0813,0.4398,1.0498,6.926,-3.673,-2.883
799327,1097,1896,1908,0.0792,0.4386,1.0474,6.468,-3.647,-2.892
799337,1096,1881,1880,0.0782,0.4383,1.0462,6.078,-3.701,-2.800
799347,1111,1878,1894,0.0773,0.4399,1.0454,5.765,-3.791,-2.699
799357,1098,1882,1877,0.0769,0.4388,1.0459,5.541,-3.891,-2.705
799367,1102,1892,1918,0.0778,0.4366,1.0473,5.306,-4.028,-2.800
799377,1095,1882,1881,0.0783,0.4335,1.0498,5.119,-4.203,-2.973
799387,1098,1894,1904,0.0760,0.4322,1.0492,5.007,-4.273,-3.040
799397,1107,1878,1881,0.0744,0.4336,1.0477,4.978,-4.219,-2.856
799407,1117,1902,1918,0.0735,0.4346,1.0453,4.989,-4.212,-2.704
799417,1099,1882,1877,0.0724,0.4346,1.0469,4.954,-4.421,-2.734
799427,1107,1884,1903,0.0723,0.4349,1.0493,4.896,-4.784,-2.745
799437,1098,1881,1881,0.0737,0.4349,1.0511,4.907,-5.049,-2.677
799447,1115,1901,1901,0.0744,0.4341,1.0520,4.957,-5.216,-2.619
799457,1106,1881,1884,0.0745,0.4336,1.0516,4.954,-5.344,-2.612
799467,1115,1899,1904,0.0737,0.4331,1.0499,4.969,-5.364,-2.640
799477,1102,1884,1878,0.0732,0.4314,1.0492,4.985,-5.393,-2.669
799487,1112,1895,1905,0.0732,0.4307,1.0493,4.995,-5.553,-2.719
799497,1105,1879,1876,0.0737,0.4298,1.0489,5.014,-5.724,-2.798
799507,1128,1895,1907,0.0746,0.4287,1.0470,5.071,-5.827,-2.853
799517,1104,1881,1881,0.0754,0.4278,1.0462,5.224,-5.853,-2.868
799527,1123,1914,1933,0.0760,0.4287,1.0480,5.498,-5.903,-2.830
799537,1107,1882,1879,0.0753,0.4279,1.0483,5.854,-5.884,-2.856
799547,1119,1906,1912,0.0739,0.4283,1.0469,6.206,-5.806,-2.863
799557,1109,1886,1891,0.0748,0.4298,1.0466,6.445,-5.821,-2.748
799567,1116,1881,1887,0.0749,0.4305,1.0467,6.635,-5.863,-2.707
799577,1112,1880,1881,0.0735,0.4316,1.0457,6.822,-5.851,-2.779
799587,1118,1894,1907,0.0743,0.4325,1.0462,6.987,-5.891,-2.814
799597,1112,1884,1874,0.0736,0.4319,1.0470,7.103,-5.979,-2.911
799607,1125,1894,1908,0.0733,0.4313,1.0485,7.206,-6.063,-3.057
799617,1115,1879,1882,0.0736,0.4320,1.0485,7.320,-6.072,-3.080
799627,1120,1883,1900,0.0735,0.4324,1.0490,7.434,-6.025,-3.016
799637,1112,1883,1887,0.0737,0.4334,1.0491,7.559,-5.997,-3.012
799647,1127,1894,1905,0.0740,0.4338,1.0466,7.710,-5.966,-3.084
799657,1117,1882,1880,0.0736,0.4326,1.0457,7.897,-5.940,-3.157
799667,1126,1892,1902,0.0728,0.4326,1.0464,8.067,-5.951,-3.232
799677,1122,1884,1877,0.0716,0.4328,1.0472,8.285,-5.908,-3.295
799687,1136,1884,1903,0.0721,0.4335,1.0473,8.574,-5.800,-3.295
799697,1121,1881,1884,0.0719,0.4329,1.0465,8.917,-5.691,-3.387
799707,1134,1899,1900,0.0715,0.4331,1.0459,9.276,-5.596,-3.570
799717,1126,1884,1884,0.0708,0.4341,1.0473,9.616,-5.557,-3.672
799727,1137,1882,1906,0.0702,0.4360,1.0458,10.002,-5.478,-3.684
799737,1124,1883,1884,0.0702,0.4377,1.0458,10.320,-5.450,-3.646
799747,1137,1895,1908,0.0703,0.4403,1.0464,10.547,-5.518,-3.597
799757,1124,1880,1878,0.0694,0.4430,1.0476,10.683,-5.604,-3.527
799767,1164,1889,1909,0.0693,0.4451,1.0471,10.698,-5.682,-3.446
799777,1125,1884,1884,0.0695,0.4465,1.0438,10.621,-5.737,-3.434
799787,1135,1892,1894,0.0691,0.4481,1.0428,10.474,-5.757,-3.382
799797,1126,1884,1874,0.0687,0.4488,1.0408,10.226,-5.803,-3.331
799807,1145,1897,1911,0.0682,0.4489,1.0414,9.970,-5.890,-3.363
799817,1134,1880,1882,0.0681,0.4486,1.0408,9.700,-6.012,-3.388
799827,1137,1895,1907,0.0682,0.4481,1.0406,9.456,-6.202,-3.366
799837,1133,1882,1881,0.0685,0.4481,1.0394,9.283,-6.410,-3.314
799847,1142,1888,1898,0.0697,0.4483,1.0410,9.168,-6.597,-3.234
799857,1132,1886,1881,0.0697,0.4495,1.0405,9.152,-6.751,-3.130
799867,1138,1890,1905,0.0697,0.4504,1.0403,9.219,-6.829,-2.980
799877,1133,1878,1878,0.0688,0.4517,1.0393,9.335,-6.829,-2.812
799887,1149,1890,1902,0.0685,0.4531,1.0382,9.385,-6.862,-2.741
799897,1136,1881,1878,0.0693,0.4546,1.0397,9.383,-6.936,-2.742
799907,1134,1886,1898,0.0697,0.4564,1.0405,9.298,-6.946,-2.698
799917,1136,1880,1876,0.0697,0.4569,1.0392,9.163,-6.835,-2.670
799927,1135,1893,1905,0.0709,0.4575,1.0389,9.040,-6.719,-2.715
799937,1137,1881,1877,0.0694,0.4565,1.0388,8.900,-6.593,-2.843
799947,1142,1896,1905,0.0692,0.4564,1.0389,8.808,-6.424,-2.947
799957,1140,1876,1879,0.0696,0.4571,1.0392,8.731,-6.262,-2.930
799967,1155,1884,1880,0.0689,0.4569,1.0401,8.656,-6.189,-2.968
799977,1138,1881,1879,0.0688,0.4565,1.0413,8.581,-6.142,-3.049
799987,1145,1888,1894,0.0690,0.4565,1.0436,8.498,-6.098,-3.069
