339392,2063,1913,1838,-0.0207,-0.3898,1.0616,0.057,0.164,-0.126
339402,1874,1930,1905,-0.0215,-0.3904,1.0598,-0.086,0.162,-0.097
339412,1934,1906,1868,-0.0212,-0.3915,1.0599,-0.109,0.104,-0.075
339422,1883,1915,2060,-0.0216,-0.3917,1.0601,-0.039,0.023,-0.077
339432,1899,1903,2191,-0.0214,-0.3917,1.0615,0.070,-0.058,-0.072
339442,1882,1924,2408,-0.0209,-0.3911,1.0625,0.157,-0.111,-0.082
339452,1933,1905,1845,-0.0199,-0.3904,1.0651,0.181,-0.134,-0.109
339462,1889,1910,1854,-0.0204,-0.3904,1.0657,0.154,-0.164,-0.131
339472,1906,1905,1854,-0.0210,-0.3904,1.0662,0.112,-0.201,-0.151
339482,1873,1920,1850,-0.0224,-0.3892,1.0631,0.156,-0.177,-0.139
339492,1872,1904,1819,-0.0237,-0.3884,1.0636,0.277,-0.224,-0.114
339502,1872,1903,1905,-0.0236,-0.3878,1.0628,0.413,-0.334,-0.084
339512,1870,1906,2167,-0.0229,-0.3883,1.0643,0.452,-0.475,-0.050
339522,1874,1913,1910,-0.0221,-0.3887,1.0647,0.341,-0.617,-0.007
339532,2112,1975,2133,-0.0208,-0.3889,1.0657,0.085,-0.730,0.007
339542,1882,1904,1977,-0.0204,-0.3895,1.0658,-0.276,-0.828,-0.005
339552,1872,1906,1820,-0.0199,-0.3912,1.0653,-0.643,-0.860,-0.030
339562,1884,1903,1873,-0.0194,-0.3919,1.0641,-0.909,-0.850,-0.058
339572,1874,1914,1820,-0.0198,-0.3922,1.0627,-0.966,-0.769,-0.092
339582,1892,1904,1824,-0.0196,-0.3914,1.0615,-0.788,-0.675,-0.161
339592,1872,1928,2002,-0.0193,-0.3904,1.0614,-0.454,-0.581,-0.260
339602,1882,1916,1846,-0.0194,-0.3897,1.0617,-0.135,-0.472,-0.385
339612,1873,1921,1890,-0.0192,-0.3891,1.0632,0.050,-0.333,-0.511
339622,1922,1905,1837,-0.0191,-0.3881,1.0658,0.053,-0.185,-0.640
339632,1897,1935,1905,-0.0186,-0.3891,1.0676,-0.100,-0.019,-0.756
339642,1887,1904,1826,-0.0187,-0.3899,1.0666,-0.360,0.158,-0.852
339652,1897,1905,1817,-0.0181,-0.3910,1.0649,-0.610,0.348,-0.917
339662,1873,1904,1834,-0.0186,-0.3919,1.0628,-0.748,0.528,-0.966
339672,1873,1919,1816,-0.0177,-0.3918,1.0615,-0.747,0.621,-1.002
339682,1884,1905,1962,-0.0179,-0.3930,1.0607,-0.705,0.685,-1.052
339692,1872,1905,2244,-0.0170,-0.3932,1.0620,-0.699,0.718,-1.101
339702,1881,1903,1917,-0.0161,-0.3929,1.0633,-0.775,0.740,-1.146
339712,1873,1930,1861,-0.0158,-0.3928,1.0633,-0.944,0.777,-1.192
339722,1896,1903,1869,-0.0154,-0.3919,1.0620,-1.180,0.842,-1.256
339732,1874,1919,1974,-0.0154,-0.3928,1.0599,-1.388,0.869,-1.371
339742,1893,1917,1836,-0.0168,-0.3940,1.0598,-1.498,0.925,-1.535
339752,1876,1929,1889,-0.0173,-0.3948,1.0624,-1.492,0.920,-1.731
339762,1909,1913,1823,-0.0177,-0.3951,1.0623,-1.384,0.944,-1.954
339772,1885,1914,2072,-0.0174,-0.3952,1.0635,-1.204,0.959,-2.197
339782,1928,1904,1954,-0.0183,-0.3940,1.0627,-0.916,0.891,-2.445
339792,1875,1968,2075,-0.0182,-0.3939,1.0642,-0.625,0.819,-2.689
339802,1921,1904,1859,-0.0189,-0.3937,1.0639,-0.378,0.694,-2.879
339812,1870,1907,1816,-0.0189,-0.3933,1.0645,-0.247,0.531,-3.012
339822,1918,1905,1850,-0.0205,-0.3937,1.0629,-0.229,0.402,-3.130
339832,1933,1922,1816,-0.0223,-0.3935,1.0625,-0.278,0.244,-3.240
339842,1960,1919,2087,-0.0229,-0.3952,1.0627,-0.362,0.008,-3.339
339852,1871,1910,2107,-0.0218,-0.3953,1.0618,-0.412,-0.236,-3.416
339862,1908,1907,1887,-0.0210,-0.3962,1.0643,-0.439,-0.518,-3.469
339872,1872,1919,1974,-0.0199,-0.3972,1.0644,-0.391,-0.713,-3.511
339882,1938,1908,1838,-0.0192,-0.3967,1.0630,-0.257,-0.885,-3.543
339892,1887,1909,1906,-0.0186,-0.3967,1.0634,-0.000,-0.987,-3.572
339902,1904,1906,1819,-0.0174,-0.3964,1.0625,0.358,-1.084,-3.615
339912,1873,1930,1912,-0.0164,-0.3959,1.0616,0.762,-1.190,-3.657
339922,1933,1904,1891,-0.0156,-0.3960,1.0618,1.147,-1.298,-3.687
339932,1925,1907,1854,-0.0136,-0.3956,1.0619,1.430,-1.342,-3.722
339942,1960,1905,1910,-0.0125,-0.3947,1.0611,1.563,-1.349,-3.783
339952,1886,1926,1849,-0.0118,-0.3947,1.0620,1.581,-1.328,-3.890
339962,1974,1904,2023,-0.0121,-0.3938,1.0599,1.526,-1.294,-4.034
339972,1871,1918,1831,-0.0118,-0.3934,1.0617,1.454,-1.215,-4.206
339982,1920,1904,1830,-0.0107,-0.3928,1.0628,1.388,-1.187,-4.357
339992,1871,1909,1882,-0.0102,-0.3930,1.0623,1.319,-1.050,-4.509
340002,1898,1915,2150,-0.0098,-0.3918,1.0609,1.267,-0.882,-4.665
340012,1874,1914,1832,-0.0105,-0.3902,1.0599,1.283,-0.757,-4.809
340022,1899,1904,1899,-0.0100,-0.3902,1.0611,1.272,-0.654,-4.972
340032,1871,1938,1945,-0.0094,-0.3911,1.0640,1.208,-0.633,-5.132
340042,1925,1904,1887,-0.0082,-0.3909,1.0656,1.025,-0.558,-5.219
340052,1874,1917,1820,-0.0080,-0.3899,1.0663,0.849,-0.492,-5.218
340062,1926,1904,1834,-0.0084,-0.3910,1.0648,0.721,-0.402,-5.164
340072,1898,1918,1820,-0.0077,-0.3927,1.0626,0.642,-0.353,-5.070
340082,1920,1901,1881,-0.0077,-0.3921,1.0602,0.672,-0.375,-4.929
340092,1880,1939,1926,-0.0071,-0.3916,1.0598,0.801,-0.480,-4.785
340102,1934,1906,1951,-0.0062,-0.3910,1.0611,0.947,-0.567,-4.663
340112,1884,1925,2052,-0.0062,-0.3900,1.0648,1.029,-0.636,-4.575
340122,1914,1905,1872,-0.0061,-0.3882,1.0665,1.075,-0.644,-4.484
340132,1872,1913,1817,-0.0052,-0.3878,1.0691,1.120,-0.634,-4.404
340142,1971,1912,1853,-0.0052,-0.3874,1.0671,1.219,-0.589,-4.316
340152,1871,1912,1818,-0.0047,-0.3869,1.0656,1.434,-0.575,-4.158
340162,1925,1909,2076,-0.0039,-0.3859,1.0661,1.723,-0.670,-3.928
340172,1873,1913,2158,-0.0031,-0.3835,1.0661,1.994,-0.748,-3.651
340182,1932,1907,1987,-0.0022,-0.3818,1.0678,2.138,-0.882,-3.338
340192,1873,1927,2039,-0.0010,-0.3821,1.0696,2.115,-1.033,-2.980
340202,1913,1904,1841,-0.0013,-0.3830,1.0685,1.919,-1.176,-2.590
340212,1873,1925,1857,-0.0017,-0.3841,1.0689,1.612,-1.333,-2.179
340222,1882,1905,1841,-0.0031,-0.3858,1.0689,1.305,-1.490,-1.766
340232,1874,1928,1823,-0.0030,-0.3877,1.0674,1.107,-1.633,-1.360
340242,1960,1905,1928,-0.0027,-0.3880,1.0661,1.094,-1.788,-0.952
340252,1874,1914,1869,-0.0018,-0.3880,1.0660,1.263,-1.922,-0.555
340262,1917,1918,1844,-0.0010,-0.3873,1.0673,1.575,-2.050,-0.223
340272,1875,1925,1953,0.0005,-0.3871,1.0664,1.966,-2.125,0.041
340282,1879,1907,2133,0.0013,-0.3861,1.0663,2.371,-2.133,0.260
340292,1875,1904,1818,0.0013,-0.3843,1.0661,2.727,-2.115,0.471
340302,1894,1904,1914,0.0001,-0.3824,1.0677,3.011,-2.103,0.668
340312,1904,1911,1861,-0.0013,-0.3798,1.0689,3.129,-2.082,0.852
340322,1898,1905,1880,-0.0020,-0.3777,1.0678,3.077,-2.007,1.040
340332,1875,1916,2418,-0.0026,-0.3770,1.0680,2.862,-1.964,1.254
340342,1928,1904,1822,-0.0012,-0.3772,1.0685,2.466,-1.900,1.507
340352,1877,1916,1894,-0.0007,-0.3772,1.0687,1.967,-1.801,1.788
340362,1942,1905,2136,0.0001,-0.3786,1.0693,1.397,-1.752,2.092
340372,1872,1923,1817,0.0006,-0.3810,1.0673,0.894,-1.685,2.376
340382,1910,1904,1927,0.0016,-0.3832,1.0692,0.500,-1.694,2.623
340392,1881,1908,1864,0.0026,-0.3859,1.0692,0.297,-1.671,2.816
340402,1871,1905,1834,0.0030,-0.3871,1.0692,0.319,-1.603,2.950
340412,1944,1906,1983,0.0032,-0.3858,1.0686,0.603,-1.513,3.052
340422,1873,1905,1897,0.0033,-0.3834,1.0687,1.070,-1.369,3.082
340432,1889,1904,1888,0.0030,-0.3825,1.0683,1.545,-1.200,3.017
340442,1882,1906,1907,0.0027,-0.3817,1.0703,1.944,-1.080,2.901
340452,1933,1904,2019,0.0019,-0.3806,1.0707,2.213,-0.961,2.801
340462,1888,1921,1900,0.0006,-0.3796,1.0726,2.312,-0.874,2.786
340472,1913,1905,1990,-0.0016,-0.3779,1.0722,2.284,-0.757,2.872
340482,1891,1924,1818,-0.0022,-0.3769,1.0705,2.227,-0.646,3.071
340492,1933,1906,1825,-0.0015,-0.3756,1.0690,2.246,-0.636,3.390
340502,1883,1917,2212,-0.0001,-0.3733,1.0681,2.317,-0.581,3.820
340512,1903,1906,2055,0.0014,-0.3710,1.0681,2.325,-0.541,4.285
340522,1878,1918,2030,0.0027,-0.3683,1.0684,2.212,-0.506,4.703
340532,1934,1923,2195,0.0030,-0.3653,1.0703,1.910,-0.482,4.993
340542,1880,1914,1971,0.0031,-0.3645,1.0727,1.394,-0.500,5.130
340552,1908,1908,1877,0.0026,-0.3654,1.0733,0.678,-0.459,5.131
340562,1891,1916,1838,0.0010,-0.3674,1.0758,-0.116,-0.446,5.073
340572,1980,1919,2397,0.0003,-0.3703,1.0745,-0.864,-0.392,4.979
340582,1898,1905,1924,-0.0007,-0.3730,1.0720,-1.484,-0.272,4.862
340592,1940,1914,1816,-0.0009,-0.3758,1.0672,-1.881,-0.070,4.759
340602,1908,1961,1927,0.0005,-0.3762,1.0663,-2.029,0.143,4.685
340612,1906,1916,1824,0.0017,-0.3772,1.0621,-1.996,0.531,4.636
340622,1890,1915,1867,0.0038,-0.3782,1.0616,-1.906,1.007,4.610
340632,1911,1906,1820,0.0037,-0.3781,1.0617,-1.890,1.513,4.619
340642,1891,1913,1906,0.0031,-0.3763,1.0619,-2.007,2.160,4.636
340652,1952,1910,1948,0.0029,-0.3746,1.0618,-2.266,2.810,4.611
340662,1907,1911,1834,0.0011,-0.3736,1.0598,-2.639,3.508,4.539
340672,1915,1910,1916,-0.0005,-0.3727,1.0603,-3.170,4.167,4.416
340682,1899,1922,2452,-0.0029,-0.3722,1.0603,-3.817,4.816,4.253
340692,1921,1907,1859,-0.0061,-0.3727,1.0617,-4.542,5.385,4.057
340702,1894,1911,1991,-0.0086,-0.3750,1.0649,-5.302,5.791,3.873
340712,1924,1920,2149,-0.0127,-0.3770,1.0682,-6.091,6.064,3.751
340722,1923,1910,1823,-0.0167,-0.3810,1.0710,-6.881,6.230,3.674
340732,1914,1915,1840,-0.0211,-0.3867,1.0716,-7.486,6.236,3.618
340742,1899,1910,1847,-0.0239,-0.3914,1.0722,-7.814,6.046,3.618
340752,1917,1916,1842,-0.0262,-0.3950,1.0710,-7.784,5.659,3.731
340762,1905,1919,1816,-0.0269,-0.3997,1.0686,-7.336,5.188,3.921
340772,1966,1947,1904,-0.0267,-0.4007,1.0677,-6.470,4.543,4.236
340782,1892,1906,2098,-0.0283,-0.4003,1.0661,-5.315,3.908,4.662
340792,1934,1926,2152,-0.0272,-0.3996,1.0703,-4.054,3.185,5.160
340802,1915,1910,1878,-0.0274,-0.3984,1.0701,-2.850,2.489,5.685
340812,1919,1923,1817,-0.0269,-0.3956,1.0679,-1.633,1.795,6.333
340822,1924,1907,1819,-0.0274,-0.3923,1.0660,-0.551,1.154,6.889
340832,1909,1920,1815,-0.0274,-0.3898,1.0660,0.314,0.531,7.311
340842,1907,1922,1855,-0.0260,-0.3889,1.0655,0.919,-0.025,7.612
340852,1912,1909,2209,-0.0237,-0.3867,1.0656,1.257,-0.462,7.836
340862,1912,1912,1977,-0.0221,-0.3848,1.0677,1.304,-0.844,8.000
340872,1935,1931,1883,-0.0216,-0.3842,1.0675,1.077,-1.095,8.090
340882,1918,1912,1822,-0.0219,-0.3853,1.0656,0.604,-1.169,8.112
340892,1959,1947,1971,-0.0220,-0.3869,1.0643,0.023,-1.118,8.092
340902,1928,1906,1840,-0.0230,-0.3881,1.0612,-0.477,-0.987,8.057
340912,1906,1917,1814,-0.0234,-0.3886,1.0592,-0.799,-0.864,8.000
340922,1912,1916,1842,-0.0231,-0.3895,1.0575,-0.931,-0.669,7.933
340932,1916,1928,1814,-0.0228,-0.3893,1.0591,-0.930,-0.472,7.873
340942,1906,1909,2096,-0.0218,-0.3892,1.0577,-0.865,-0.219,7.800
340952,1917,1920,1877,-0.0218,-0.3881,1.0599,-0.827,0.059,7.682
340962,1916,1913,1855,-0.0215,-0.3883,1.0617,-0.905,0.330,7.531
340972,1905,1925,2069,-0.0228,-0.3891,1.0627,-1.189,0.668,7.361
340982,1927,1914,1841,-0.0237,-0.3895,1.0621,-1.651,1.020,7.173
340992,1910,1940,1865,-0.0263,-0.3910,1.0606,-2.176,1.375,6.952
341002,1901,1913,1928,-0.0289,-0.3918,1.0598,-2.630,1.669,6.711
341012,1905,1923,1822,-0.0307,-0.3930,1.0581,-2.946,1.902,6.427
341022,1931,1909,1841,-0.0332,-0.3938,1.0579,-3.082,2.093,6.134
341032,1924,1935,1822,-0.0338,-0.3939,1.0572,-3.074,2.255,5.879
341042,1921,1911,1869,-0.0355,-0.3933,1.0583,-2.986,2.365,5.645
341052,1922,1924,2641,-0.0372,-0.3916,1.0599,-2.923,2.443,5.409
341062,1950,1910,1955,-0.0374,-0.3916,1.0621,-2.960,2.509,5.158
341072,1927,1921,1862,-0.0367,-0.3921,1.0644,-3.155,2.527,4.911
341082,1926,1911,1837,-0.0370,-0.3937,1.0653,-3.466,2.591,4.695
341092,1917,1923,1829,-0.0375,-0.3960,1.0652,-3.827,2.675,4.498
341102,1941,1904,1829,-0.0390,-0.3981,1.0637,-4.093,2.797,4.324
341112,1931,1930,1820,-0.0392,-0.4003,1.0601,-4.119,2.910,4.137
341122,1938,1908,1837,-0.0401,-0.4021,1.0558,-3.903,2.976,3.926
341132,1913,1944,1818,-0.0415,-0.4022,1.0548,-3.459,3.024,3.726
341142,1918,1903,1841,-0.0414,-0.3997,1.0554,-2.885,3.022,3.538
341152,1912,1919,2127,-0.0420,-0.3982,1.0577,-2.367,2.994,3.364
341162,1919,1912,1929,-0.0430,-0.3963,1.0594,-2.051,2.982,3.194
341172,1939,1927,1850,-0.0435,-0.3943,1.0601,-2.002,3.003,3.010
341182,1926,1918,2093,-0.0456,-0.3936,1.0598,-2.190,3.041,2.826
341192,1923,1931,1837,-0.0470,-0.3943,1.0604,-2.568,3.021,2.644
341202,1943,1907,1817,-0.0487,-0.3965,1.0608,-3.000,2.983,2.456
341212,1910,1918,2016,-0.0494,-0.3981,1.0599,-3.377,2.906,2.239
341222,1918,1911,1962,-0.0492,-0.4000,1.0593,-3.596,2.800,2.005
341232,1912,1917,1832,-0.0484,-0.4022,1.0590,-3.619,2.693,1.767
341242,1950,1908,1870,-0.0494,-0.4049,1.0586,-3.477,2.596,1.522
341252,1895,1922,1834,-0.0503,-0.4065,1.0572,-3.201,2.489,1.305
341262,1907,1923,1838,-0.0515,-0.4078,1.0571,-2.871,2.354,1.085
341272,1904,1928,1834,-0.0521,-0.4077,1.0582,-2.552,2.201,0.869
341282,1904,1904,1957,-0.0520,-0.4078,1.0573,-2.232,2.080,0.653
341292,1910,1939,1880,-0.0521,-0.4076,1.0570,-1.887,1.927,0.441
341302,1896,1912,1833,-0.0526,-0.4073,1.0571,-1.504,1.782,0.232
341312,1905,1917,2018,-0.0535,-0.4069,1.0561,-1.115,1.627,0.010
341322,1906,1905,1971,-0.0535,-0.4063,1.0562,-0.789,1.450,-0.236
341332,1913,1956,1831,-0.0532,-0.4071,1.0576,-0.578,1.233,-0.473
341342,1898,1916,1845,-0.0529,-0.4067,1.0582,-0.515,1.093,-0.699
341352,1897,1920,2130,-0.0529,-0.4071,1.0580,-0.530,0.987,-0.930
341362,1921,1910,1815,-0.0522,-0.4074,1.0567,-0.525,0.864,-1.173
341372,1896,1920,1821,-0.0519,-0.4074,1.0561,-0.456,0.741,-1.439
341382,1907,1907,1942,-0.0520,-0.4075,1.0568,-0.295,0.616,-1.738
341392,2051,1928,1907,-0.0526,-0.4083,1.0563,-0.061,0.466,-2.053
341402,1885,1909,1899,-0.0527,-0.4087,1.0563,0.216,0.339,-2.339
341412,1888,1942,1839,-0.0528,-0.4081,1.0583,0.493,0.176,-2.563
341422,1915,1903,1911,-0.0524,-0.4080,1.0603,0.731,0.060,-2.742
341432,1888,1914,1817,-0.0520,-0.4086,1.0610,0.968,-0.023,-2.896
341442,1896,1909,1851,-0.0522,-0.4080,1.0601,1.239,-0.067,-3.039
341452,1891,1931,1816,-0.0529,-0.4077,1.0596,1.574,-0.134,-3.150
341462,1895,1905,2076,-0.0524,-0.4080,1.0574,1.969,-0.215,-3.253
341472,1883,1939,1863,-0.0521,-0.4072,1.0579,2.405,-0.340,-3.341
341482,1902,1905,1855,-0.0522,-0.4049,1.0580,2.844,-0.488,-3.426
341492,1899,1904,2060,-0.0506,-0.4036,1.0589,3.232,-0.645,-3.495
341502,1919,1912,1851,-0.0502,-0.4018,1.0588,3.513,-0.786,-3.581
341512,1876,1928,1838,-0.0495,-0.3996,1.0593,3.694,-0.940,-3.672
341522,1880,1906,1905,-0.0490,-0.3981,1.0590,3.730,-1.104,-3.773
341532,1901,1935,2029,-0.0491,-0.3966,1.0595,3.655,-1.213,-3.872
341542,1878,1923,1854,-0.0480,-0.3955,1.0601,3.498,-1.353,-3.957
341552,1874,1910,1905,-0.0467,-0.3947,1.0613,3.309,-1.522,-4.033
341562,1871,1904,1910,-0.0462,-0.3944,1.0603,3.134,-1.664,-4.100
341572,1870,1907,1969,-0.0446,-0.3935,1.0604,2.984,-1.798,-4.184
341582,1887,1903,1915,-0.0432,-0.3941,1.0616,2.830,-1.867,-4.274
341592,1870,1905,1822,-0.0424,-0.3958,1.0605,2.642,-1.879,-4.396
341602,1875,1904,2117,-0.0412,-0.3967,1.0602,2.495,-1.847,-4.520
341612,1866,1924,1971,-0.0409,-0.3965,1.0619,2.417,-1.877,-4.636
341622,1885,1904,1863,-0.0404,-0.3964,1.0621,2.401,-1.852,-4.781
341632,2068,1952,1837,-0.0399,-0.3958,1.0618,2.418,-1.797,-4.954
341642,1886,1908,1841,-0.0404,-0.3941,1.0624,2.530,-1.715,-5.142
341652,1871,1907,1826,-0.0404,-0.3922,1.0611,2.704,-1.637,-5.346
341662,1884,1905,2240,-0.0397,-0.3904,1.0607,2.828,-1.546,-5.539
341672,1899,1932,2004,-0.0384,-0.3895,1.0620,2.830,-1.507,-5.738
341682,1913,1907,1829,-0.0364,-0.3889,1.0621,2.679,-1.416,-5.937
341692,1867,1929,1823,-0.0361,-0.3889,1.0638,2.396,-1.328,-6.133
341702,1909,1904,1890,-0.0354,-0.3897,1.0638,2.018,-1.216,-6.317
341712,1878,1916,2100,-0.0349,-0.3892,1.0624,1.622,-1.107,-6.486
341722,1906,1903,1874,-0.0355,-0.3890,1.0619,1.308,-1.031,-6.627
341732,1872,1917,1970,-0.0338,-0.3895,1.0624,1.142,-0.965,-6.760
341742,1920,1906,1999,-0.0318,-0.3892,1.0616,1.078,-0.909,-6.884
341752,1889,1923,1906,-0.0303,-0.3898,1.0604,1.042,-0.786,-7.005
341762,1888,1903,1823,-0.0300,-0.3894,1.0608,1.041,-0.682,-7.105
341772,1867,1927,1908,-0.0303,-0.3887,1.0608,1.038,-0.556,-7.171
341782,1901,1915,1914,-0.0303,-0.3882,1.0612,1.015,-0.434,-7.235
341792,1867,1903,1846,-0.0309,-0.3863,1.0630,0.953,-0.400,-7.270
341802,1888,1901,2052,-0.0315,-0.3852,1.0641,0.829,-0.396,-7.250
341812,1869,1917,2052,-0.0297,-0.3844,1.0656,0.622,-0.426,-7.191
341822,1874,1904,2110,-0.0291,-0.3834,1.0665,0.333,-0.414,-7.089
341832,2076,1941,1852,-0.0281,-0.3834,1.0674,-0.001,-0.387,-6.987
341842,1881,1904,1984,-0.0281,-0.3847,1.0655,-0.369,-0.335,-6.927
341852,1944,1906,1814,-0.0279,-0.3857,1.0660,-0.733,-0.329,-6.903
341862,1900,1903,1858,-0.0276,-0.3872,1.0647,-1.006,-0.321,-6.911
341872,1870,1911,1973,-0.0265,-0.3891,1.0648,-1.160,-0.351,-6.930
341882,1872,1921,1892,-0.0255,-0.3896,1.0652,-1.211,-0.419,-6.929
341892,1865,1909,1925,-0.0251,-0.3913,1.0665,-1.169,-0.481,-6.917
341902,1905,1905,1811,-0.0241,-0.3913,1.0663,-1.069,-0.525,-6.862
341912,1875,1905,1814,-0.0234,-0.3923,1.0657,-0.959,-0.527,-6.790
341922,2030,1932,1818,-0.0233,-0.3923,1.0637,-0.837,-0.525,-6.738
341932,1872,1905,1861,-0.0239,-0.3931,1.0637,-0.694,-0.529,-6.694
341942,1895,1904,1864,-0.0242,-0.3943,1.0639,-0.547,-0.568,-6.688
341952,1872,1929,1850,-0.0232,-0.3943,1.0640,-0.389,-0.620,-6.717
341962,1871,1909,2394,-0.0229,-0.3949,1.0659,-0.260,-0.714,-6.769
341972,1910,1905,1811,-0.0226,-0.3948,1.0657,-0.140,-0.792,-6.789
341982,1872,1905,1849,-0.0220,-0.3949,1.0673,-0.018,-0.920,-6.770
341992,1874,1916,1859,-0.0214,-0.3950,1.0689,0.156,-1.053,-6.737
342002,1901,1906,1839,-0.0209,-0.3954,1.0681,0.396,-1.186,-6.681
342012,1885,1904,1822,-0.0202,-0.3947,1.0681,0.697,-1.348,-6.609
342022,2045,1914,1977,-0.0198,-0.3931,1.0672,1.064,-1.507,-6.536
342032,1929,1916,1818,-0.0190,-0.3924,1.0673,1.420,-1.671,-6.495
342042,1869,1918,2139,-0.0169,-0.3922,1.0679,1.712,-1.872,-6.468
342052,1885,1913,1879,-0.0147,-0.3916,1.0679,1.887,-2.061,-6.414
342062,1897,1904,1889,-0.0139,-0.3907,1.0676,1.970,-2.153,-6.299
342072,1892,1931,2164,-0.0135,-0.3904,1.0672,1.937,-2.240,-6.148
342082,1873,1904,1836,-0.0124,-0.3896,1.0658,1.900,-2.242,-5.961
342092,1868,1903,1819,-0.0114,-0.3901,1.0650,1.882,-2.323,-5.766
342102,1906,1938,1887,-0.0102,-0.3907,1.0632,1.919,-2.334,-5.571
342112,1880,1920,1884,-0.0071,-0.3903,1.0641,2.017,-2.343,-5.360
342122,1878,1913,2014,-0.0038,-0.3904,1.0662,2.101,-2.326,-5.135
342132,1887,1945,2660,-0.0029,-0.3892,1.0654,2.122,-2.169,-4.873
342142,1890,1918,1949,-0.0034,-0.3881,1.0628,2.118,-1.929,-4.587
342152,1877,1923,1859,-0.0048,-0.3870,1.0643,2.080,-1.736,-4.335
342162,1878,1905,1814,-0.0061,-0.3858,1.0640,1.998,-1.518,-4.073
342172,1873,1910,1943,-0.0068,-0.3859,1.0644,1.890,-1.327,-3.782
342182,1904,1981,2252,-0.0072,-0.3844,1.0660,1.819,-1.226,-3.433
342192,1910,1906,1830,-0.0080,-0.3823,1.0649,1.809,-1.113,-3.044
342202,1874,1903,2017,-0.0071,-0.3821,1.0670,1.783,-1.064,-2.640
342212,1877,1918,1848,-0.0067,-0.3812,1.0681,1.705,-0.985,-2.216
342222,1870,1934,1858,-0.0075,-0.3797,1.0681,1.556,-0.928,-1.800
342232,2090,1932,1911,-0.0081,-0.3788,1.0673,1.333,-0.848,-1.395
342242,1884,1902,1856,-0.0091,-0.3788,1.0679,1.032,-0.794,-1.015
342252,1868,1905,1828,-0.0092,-0.3789,1.0690,0.735,-0.801,-0.652
342262,1890,1903,1936,-0.0083,-0.3785,1.0682,0.481,-0.828,-0.303
342272,1872,1950,2023,-0.0077,-0.3792,1.0673,0.312,-0.879,0.019
342282,1870,1904,1980,-0.0073,-0.3792,1.0672,0.217,-0.919,0.345
342292,1870,1911,1825,-0.0051,-0.3795,1.0677,0.156,-0.937,0.659
342302,1879,1905,1821,-0.0038,-0.3806,1.0682,0.083,-0.950,0.948
342312,1869,1929,1915,-0.0036,-0.3819,1.0674,-0.007,-0.900,1.238
342322,1913,1904,1814,-0.0049,-0.3828,1.0679,-0.098,-0.845,1.511
342332,1891,1927,1937,-0.0054,-0.3838,1.0660,-0.149,-0.796,1.754
342342,1872,1902,1900,-0.0057,-0.3844,1.0657,-0.155,-0.757,1.975
342352,1871,1912,1872,-0.0054,-0.3836,1.0664,-0.105,-0.715,2.182
342362,1913,1904,1905,-0.0058,-0.3841,1.0657,0.009,-0.624,2.397
342372,1873,1925,2164,-0.0059,-0.3839,1.0665,0.147,-0.537,2.644
342382,1872,1904,1884,-0.0061,-0.3839,1.0660,0.273,-0.450,2.926
342392,1871,1918,1810,-0.0073,-0.3842,1.0675,0.361,-0.332,3.222
342402,1884,1911,1818,-0.0071,-0.3841,1.0681,0.408,-0.264,3.527
342412,1872,1955,1954,-0.0071,-0.3828,1.0678,0.457,-0.237,3.931
342422,1899,1908,2000,-0.0066,-0.3818,1.0671,0.534,-0.203,4.330
342432,1893,1926,1877,-0.0064,-0.3807,1.0677,0.613,-0.214,4.708
342442,1908,1915,1951,-0.0058,-0.3793,1.0668,0.688,-0.219,5.069
342452,1874,1914,1845,-0.0062,-0.3778,1.0693,0.711,-0.221,5.426
342462,1942,1904,1843,-0.0075,-0.3769,1.0688,0.647,-0.188,5.774
342472,1895,1947,1826,-0.0096,-0.3763,1.0708,0.490,-0.193,6.108
342482,1891,1916,1883,-0.0098,-0.3757,1.0703,0.240,-0.185,6.401
342492,1880,1936,1886,-0.0104,-0.3763,1.0711,-0.092,-0.204,6.644
342502,1953,1928,1812,-0.0098,-0.3771,1.0698,-0.442,-0.234,6.899
342512,1878,1957,2088,-0.0091,-0.3784,1.0700,-0.820,-0.274,7.157
342522,1938,1905,1859,-0.0094,-0.3792,1.0688,-1.156,-0.260,7.435
342532,1899,1942,1997,-0.0100,-0.3805,1.0695,-1.408,-0.230,7.686
342542,1923,1917,2090,-0.0109,-0.3806,1.0679,-1.537,-0.181,7.913
342552,1875,1947,1834,-0.0107,-0.3824,1.0669,-1.550,-0.123,8.102
342562,2003,1909,1816,-0.0120,-0.3831,1.0664,-1.504,-0.073,8.257
342572,1994,1983,1895,-0.0119,-0.3835,1.0663,-1.453,-0.019,8.411
342582,2041,1923,1872,-0.0127,-0.3831,1.0665,-1.406,0.050,8.549
342592,1893,1977,1813,-0.0138,-0.3832,1.0657,-1.369,0.138,8.657
342602,2121,1906,1876,-0.0149,-0.3828,1.0650,-1.340,0.215,8.747
342612,1926,1988,1983,-0.0171,-0.3822,1.0638,-1.320,0.308,8.801
342622,1957,1919,1848,-0.0177,-0.3821,1.0651,-1.304,0.354,8.838
342632,1886,1954,2082,-0.0188,-0.3823,1.0661,-1.317,0.405,8.862
342642,1961,1919,1919,-0.0187,-0.3833,1.0662,-1.378,0.459,8.890
342652,1910,1957,2040,-0.0187,-0.3842,1.0653,-1.460,0.505,8.950
342662,1961,1911,1902,-0.0182,-0.3850,1.0646,-1.507,0.553,9.036
342672,1917,1952,1859,-0.0185,-0.3850,1.0639,-1.503,0.606,9.116
342682,1922,1933,2012,-0.0172,-0.3846,1.0611,-1.392,0.679,9.155
342692,1970,1945,1842,-0.0170,-0.3851,1.0643,-1.194,0.704,9.162
342702,1943,1921,2017,-0.0181,-0.3848,1.0667,-1.041,0.745,9.156
342712,1902,1950,1827,-0.0201,-0.3853,1.0679,-1.056,0.876,9.131
342722,1957,1914,1860,-0.0222,-0.3863,1.0679,-1.233,0.988,9.082
342732,1898,1964,1896,-0.0238,-0.3874,1.0676,-1.479,1.096,9.022
342742,1888,1958,1838,-0.0252,-0.3880,1.0681,-1.745,1.114,8.954
342752,1902,1957,1910,-0.0252,-0.3896,1.0665,-1.983,1.131,8.885
342762,1924,1935,1928,-0.0249,-0.3904,1.0660,-2.126,1.176,8.806
342772,1935,1932,1905,-0.0260,-0.3902,1.0663,-2.118,1.230,8.706
342782,1958,1932,1852,-0.0263,-0.3902,1.0659,-1.994,1.285,8.581
342792,1889,1990,1912,-0.0275,-0.3900,1.0668,-1.842,1.323,8.439
342802,1945,1935,1838,-0.0285,-0.3913,1.0649,-1.733,1.393,8.302
342812,1931,1969,1858,-0.0296,-0.3919,1.0654,-1.677,1.501,8.167
342822,1938,1932,1811,-0.0319,-0.3914,1.0642,-1.628,1.600,8.011
342832,1919,1934,1872,-0.0334,-0.3908,1.0638,-1.546,1.697,7.852
342842,1955,1921,2182,-0.0342,-0.3898,1.0628,-1.420,1.732,7.654
342852,1889,1959,1858,-0.0347,-0.3887,1.0629,-1.276,1.745,7.418
342862,1924,1915,2276,-0.0357,-0.3884,1.0635,-1.200,1.749,7.183
342872,1914,1963,1866,-0.0360,-0.3869,1.0642,-1.250,1.794,6.946
342882,2017,1923,1877,-0.0370,-0.3863,1.0655,-1.467,1.835,6.704
342892,1913,1995,1853,-0.0383,-0.3851,1.0639,-1.821,1.870,6.445
342902,1998,1937,1819,-0.0379,-0.3870,1.0638,-2.285,1.918,6.153
342912,1900,1958,1823,-0.0384,-0.3891,1.0628,-2.770,1.916,5.808
342922,2166,1903,1842,-0.0388,-0.3919,1.0611,-3.199,1.944,5.414
342932,1899,1957,1899,-0.0394,-0.3951,1.0599,-3.515,1.901,4.988
342942,1938,1947,1866,-0.0392,-0.3984,1.0604,-3.701,1.871,4.560
342952,1940,1974,1921,-0.0392,-0.4007,1.0589,-3.751,1.848,4.151
342962,1994,1922,1814,-0.0403,-0.4013,1.0602,-3.607,1.827,3.793
342972,1904,1971,1886,-0.0421,-0.4007,1.0593,-3.296,1.786,3.454
342982,1907,1951,2065,-0.0436,-0.3988,1.0589,-2.855,1.760,3.148
342992,1907,1970,2357,-0.0439,-0.3970,1.0596,-2.379,1.665,2.872
343002,2133,1904,2364,-0.0429,-0.3956,1.0613,-1.987,1.571,2.596
343012,1920,1950,1897,-0.0424,-0.3944,1.0633,-1.790,1.486,2.338
343022,1974,1925,1811,-0.0422,-0.3940,1.0640,-1.825,1.446,2.110
343032,1954,1938,1839,-0.0431,-0.3938,1.0640,-2.011,1.476,1.880
343042,1945,1906,1871,-0.0441,-0.3950,1.0643,-2.245,1.473,1.629
343052,1915,1952,1858,-0.0454,-0.3963,1.0629,-2.413,1.443,1.373
343062,1991,1919,2000,-0.0460,-0.3972,1.0620,-2.447,1.329,1.116
343072,1939,1948,1830,-0.0464,-0.3994,1.0619,-2.393,1.245,0.857
343082,1890,1928,1826,-0.0460,-0.3992,1.0614,-2.305,1.187,0.619
343092,1931,1940,1845,-0.0461,-0.3996,1.0593,-2.211,1.195,0.403
343102,2190,1907,1832,-0.0463,-0.3993,1.0596,-2.163,1.203,0.190
343112,1911,1957,1892,-0.0464,-0.4009,1.0581,-2.131,1.233,-0.010
343122,2023,1912,1977,-0.0464,-0.4022,1.0572,-2.108,1.222,-0.187
343132,1934,1927,1927,-0.0471,-0.4034,1.0572,-2.017,1.236,-0.336
343142,1987,1925,1872,-0.0474,-0.4028,1.0580,-1.835,1.241,-0.495
343152,1945,1944,1817,-0.0482,-0.4016,1.0581,-1.571,1.248,-0.654
343162,2010,1919,1828,-0.0489,-0.4020,1.0590,-1.239,1.211,-0.813
343172,1961,1950,1856,-0.0490,-0.4018,1.0599,-0.896,1.128,-0.935
343182,1994,1922,1859,-0.0491,-0.4004,1.0591,-0.566,1.034,-1.026
343192,1967,1949,1972,-0.0480,-0.3986,1.0607,-0.307,0.909,-1.094
343202,2041,1906,1839,-0.0470,-0.3981,1.0620,-0.128,0.819,-1.136
343212,1901,1927,2201,-0.0466,-0.3974,1.0616,-0.028,0.731,-1.164
343222,2019,1913,1900,-0.0466,-0.3969,1.0593,0.052,0.646,-1.162
343232,1964,1940,1840,-0.0464,-0.3955,1.0597,0.151,0.552,-1.148
343242,2019,1907,1835,-0.0472,-0.3956,1.0585,0.265,0.436,-1.160
343252,1966,1931,1920,-0.0485,-0.3952,1.0593,0.334,0.323,-1.190
343262,2019,1906,1919,-0.0484,-0.3959,1.0602,0.359,0.169,-1.218
343272,2049,1962,1819,-0.0481,-0.3956,1.0593,0.336,0.041,-1.245
343282,1961,1932,1873,-0.0480,-0.3965,1.0592,0.277,-0.057,-1.255
343292,1926,1943,1834,-0.0474,-0.3962,1.0600,0.218,-0.166,-1.244
343302,2119,1906,1809,-0.0467,-0.3965,1.0611,0.163,-0.245,-1.229
343312,1911,1948,1813,-0.0474,-0.3972,1.0606,0.116,-0.283,-1.191
343322,1979,1911,1867,-0.0473,-0.3979,1.0589,0.050,-0.308,-1.166
343332,1911,1942,2276,-0.0485,-0.3982,1.0591,-0.014,-0.365,-1.155
343342,1941,1947,1832,-0.0476,-0.3984,1.0588,-0.067,-0.400,-1.142
343352,1925,1922,1851,-0.0462,-0.3983,1.0600,-0.098,-0.439,-1.130
343362,1966,1904,2027,-0.0457,-0.3986,1.0607,-0.114,-0.482,-1.118
343372,1911,1938,1835,-0.0447,-0.3997,1.0616,-0.136,-0.493,-1.084
343382,1937,1910,1817,-0.0452,-0.4003,1.0607,-0.140,-0.448,-1.011
343392,1891,1928,1853,-0.0443,-0.3989,1.0608,-0.085,-0.388,-0.919
343402,1979,1921,1878,-0.0452,-0.3981,1.0579,0.049,-0.371,-0.837
343412,1909,1942,1908,-0.0457,-0.3975,1.0586,0.237,-0.374,-0.774
343422,1964,1913,1812,-0.0460,-0.3970,1.0599,0.404,-0.380,-0.727
343432,1892,1958,1981,-0.0460,-0.3964,1.0603,0.488,-0.354,-0.689
343442,1980,1905,1921,-0.0456,-0.3951,1.0602,0.486,-0.338,-0.660
343452,1902,1944,2474,-0.0446,-0.3947,1.0607,0.443,-0.343,-0.635
343462,1984,1906,1821,-0.0431,-0.3951,1.0620,0.314,-0.361,-0.593
343472,1892,1936,1834,-0.0434,-0.3953,1.0625,0.110,-0.328,-0.537
343482,1949,1916,1827,-0.0448,-0.3952,1.0622,-0.106,-0.241,-0.466
343492,1887,1953,2062,-0.0453,-0.3957,1.0603,-0.256,-0.186,-0.395
343502,1939,1924,2006,-0.0447,-0.3967,1.0588,-0.311,-0.209,-0.343
343512,1892,1950,2155,-0.0436,-0.3967,1.0596,-0.268,-0.266,-0.316
343522,1978,1910,1833,-0.0437,-0.3974,1.0606,-0.169,-0.272,-0.280
343532,1904,1938,1830,-0.0434,-0.3975,1.0592,-0.035,-0.188,-0.217
343542,1973,1913,1813,-0.0434,-0.3965,1.0598,0.094,-0.175,-0.147
343552,1875,1969,2816,-0.0432,-0.3959,1.0577,0.209,-0.182,-0.075
343562,1990,1914,1832,-0.0422,-0.3947,1.0588,0.289,-0.199,-0.019
343572,1889,1949,1874,-0.0423,-0.3944,1.0614,0.262,-0.304,0.011
343582,1983,1913,1820,-0.0424,-0.3952,1.0635,0.051,-0.303,0.036
343592,1894,1940,1836,-0.0437,-0.3963,1.0615,-0.270,-0.198,0.041
343602,1956,1912,1900,-0.0446,-0.3972,1.0590,-0.566,-0.112,0.037
343612,2153,1906,2163,-0.0454,-0.3983,1.0571,-0.707,-0.097,0.021
343622,1958,1913,1825,-0.0441,-0.3995,1.0560,-0.662,-0.144,0.001
343632,1887,1959,2144,-0.0439,-0.3984,1.0567,-0.501,-0.181,-0.007
343642,1967,1907,1862,-0.0442,-0.3992,1.0578,-0.316,-0.175,0.011
343652,1882,1967,2183,-0.0442,-0.3986,1.0582,-0.150,-0.129,0.052
343662,1985,1915,1810,-0.0439,-0.3977,1.0590,-0.061,-0.101,0.096
343672,1888,1934,1885,-0.0423,-0.3981,1.0601,-0.025,-0.122,0.130
343682,1970,1918,1815,-0.0432,-0.3979,1.0602,-0.042,-0.112,0.178
343692,1878,1938,1865,-0.0429,-0.3967,1.0574,-0.072,-0.056,0.237
343702,2018,1915,2026,-0.0445,-0.3958,1.0579,-0.076,-0.043,0.290
343712,1897,1946,1858,-0.0441,-0.3956,1.0565,-0.057,-0.049,0.320
343722,1932,1905,1865,-0.0443,-0.3948,1.0570,-0.052,-0.095,0.342
343732,1928,1931,1813,-0.0443,-0.3946,1.0574,-0.093,-0.138,0.350
343742,1957,1909,1817,-0.0450,-0.3945,1.0584,-0.198,-0.125,0.351
343752,1899,1937,2263,-0.0450,-0.3948,1.0582,-0.378,-0.109,0.344
343762,1934,1904,1898,-0.0449,-0.3955,1.0572,-0.570,-0.102,0.315
343772,1895,1941,1849,-0.0444,-0.3964,1.0607,-0.768,-0.145,0.294
343782,1974,1911,1811,-0.0440,-0.3976,1.0607,-0.923,-0.131,0.280
343792,1914,1948,1848,-0.0436,-0.3993,1.0604,-1.011,-0.066,0.291
343802,1971,1909,1815,-0.0443,-0.3989,1.0570,-1.023,0.037,0.327
343812,1925,1963,2343,-0.0438,-0.3983,1.0561,-0.921,0.076,0.378
343822,1927,1942,1858,-0.0435,-0.3972,1.0560,-0.727,0.064,0.403
343832,1896,1933,1898,-0.0433,-0.3966,1.0588,-0.539,0.043,0.396
343842,1944,1907,1816,-0.0434,-0.3966,1.0608,-0.441,-0.002,0.377
343852,1891,1934,1829,-0.0447,-0.3971,1.0613,-0.495,0.090,0.365
343862,1967,1906,1858,-0.0448,-0.3976,1.0600,-0.621,0.177,0.362
343872,1884,1963,1846,-0.0451,-0.3976,1.0568,-0.720,0.267,0.364
343882,1951,1905,1833,-0.0454,-0.3974,1.0559,-0.702,0.295,0.357
343892,1894,1940,1820,-0.0451,-0.3972,1.0557,-0.613,0.244,0.331
343902,1923,1923,1918,-0.0442,-0.3971,1.0575,-0.547,0.180,0.311
343912,1904,1933,1838,-0.0444,-0.3969,1.0584,-0.553,0.203,0.320
343922,1952,1905,1967,-0.0453,-0.3972,1.0600,-0.632,0.242,0.360
343932,1904,1924,1844,-0.0448,-0.3974,1.0613,-0.731,0.234,0.393
343942,1958,1907,1811,-0.0445,-0.3972,1.0611,-0.857,0.206,0.420
343952,2029,1935,2195,-0.0437,-0.3975,1.0610,-0.955,0.174,0.432
343962,1961,1919,1984,-0.0437,-0.3983,1.0608,-1.047,0.158,0.437
343972,1898,1944,2108,-0.0433,-0.3982,1.0606,-1.123,0.138,0.432
343982,1950,1904,1818,-0.0430,-0.3985,1.0622,-1.214,0.117,0.417
343992,1893,1928,1838,-0.0437,-0.3998,1.0604,-1.309,0.185,0.374
344002,1967,1923,1972,-0.0439,-0.4022,1.0603,-1.294,0.260,0.351
344012,1890,1932,1842,-0.0443,-0.4025,1.0610,-1.186,0.259,0.345
344022,1961,1904,1809,-0.0445,-0.4017,1.0592,-1.009,0.285,0.324
344032,1894,1942,1829,-0.0451,-0.4015,1.0589,-0.773,0.302,0.292
344042,1985,1908,2331,-0.0454,-0.4011,1.0574,-0.486,0.314,0.256
344052,1919,1936,1990,-0.0453,-0.3991,1.0582,-0.220,0.305,0.219
344062,1962,1903,2020,-0.0444,-0.3985,1.0608,-0.070,0.228,0.182
344072,1891,1946,1864,-0.0449,-0.3979,1.0607,-0.085,0.247,0.157
344082,1955,1903,1824,-0.0457,-0.3980,1.0591,-0.217,0.286,0.162
344092,1895,1928,1817,-0.0465,-0.3988,1.0591,-0.400,0.304,0.181
344102,1956,1906,1816,-0.0468,-0.3999,1.0574,-0.580,0.328,0.201
344112,2017,1904,1839,-0.0465,-0.4008,1.0584,-0.700,0.308,0.204
344122,1910,1910,1840,-0.0463,-0.4017,1.0575,-0.714,0.252,0.198
344132,1905,1930,1863,-0.0453,-0.4020,1.0571,-0.629,0.202,0.189
344142,1926,1906,1813,-0.0451,-0.4014,1.0569,-0.494,0.153,0.171
344152,1888,1939,2116,-0.0448,-0.4014,1.0573,-0.359,0.129,0.164
344162,1934,1904,2433,-0.0449,-0.4011,1.0557,-0.265,0.149,0.165
344172,1936,1940,1885,-0.0447,-0.4006,1.0575,-0.234,0.185,0.176
344182,1951,1906,1834,-0.0452,-0.4008,1.0586,-0.253,0.188,0.188
344192,1902,1918,1825,-0.0465,-0.4004,1.0582,-0.336,0.264,0.222
344202,1982,1904,1845,-0.0466,-0.4005,1.0578,-0.428,0.256,0.249
344212,1890,1929,1824,-0.0467,-0.4002,1.0554,-0.479,0.239,0.264
344222,1955,1912,1825,-0.0469,-0.3991,1.0568,-0.469,0.208,0.260
344232,1888,1921,1835,-0.0465,-0.3998,1.0568,-0.445,0.109,0.255
344242,1939,1904,1810,-0.0459,-0.3996,1.0572,-0.451,0.101,0.245
344252,1890,1912,2403,-0.0460,-0.3998,1.0581,-0.477,0.065,0.236
344262,1905,1930,2061,-0.0466,-0.3989,1.0564,-0.521,0.064,0.219
344272,1883,1922,2055,-0.0465,-0.3985,1.0610,-0.604,-0.029,0.197
344282,2090,1904,1824,-0.0453,-0.3999,1.0624,-0.789,-0.073,0.183
344292,1886,1928,1843,-0.0462,-0.4011,1.0615,-1.018,0.017,0.204
344302,1948,1905,1812,-0.0475,-0.4021,1.0595,-1.154,0.095,0.228
344312,1899,1936,1820,-0.0476,-0.4024,1.0571,-1.118,0.128,0.225
344322,1882,1921,1851,-0.0466,-0.4024,1.0576,-0.922,0.059,0.201
344332,1917,1903,1846,-0.0464,-0.4023,1.0578,-0.596,0.003,0.167
344342,1952,1902,1841,-0.0457,-0.4022,1.0612,-0.348,-0.061,0.166
344352,1877,1926,1962,-0.0462,-0.4013,1.0638,-0.239,-0.064,0.195
344362,1926,1912,1812,-0.0468,-0.4006,1.0624,-0.265,0.024,0.225
344372,1929,1925,1857,-0.0476,-0.4004,1.0601,-0.344,0.061,0.244
344382,1939,1910,2090,-0.0481,-0.3994,1.0584,-0.393,0.055,0.276
344392,1899,1912,2073,-0.0474,-0.3986,1.0586,-0.391,-0.012,0.295
344402,1913,1913,1890,-0.0463,-0.3987,1.0597,-0.390,-0.062,0.316
344412,1875,1956,1849,-0.0451,-0.3988,1.0630,-0.456,-0.133,0.349
344422,1888,1965,1817,-0.0449,-0.4002,1.0608,-0.640,-0.042,0.384
344432,1873,1958,1813,-0.0461,-0.4012,1.0576,-0.826,0.081,0.378
344442,1910,1903,1897,-0.0474,-0.4032,1.0552,-0.937,0.110,0.333
344452,1894,1922,1900,-0.0474,-0.4046,1.0558,-0.967,0.080,0.249
344462,1944,1905,1834,-0.0466,-0.4049,1.0558,-0.915,0.050,0.150
344472,1909,1937,2194,-0.0465,-0.4048,1.0561,-0.780,0.063,0.073
344482,1969,1908,2269,-0.0466,-0.4034,1.0555,-0.562,0.065,0.028
344492,1870,1955,1897,-0.0461,-0.4023,1.0568,-0.348,0.073,-0.010
344502,1932,1904,1842,-0.0457,-0.4020,1.0591,-0.257,0.064,-0.016
344512,1876,1942,1895,-0.0457,-0.4016,1.0604,-0.330,0.025,0.023
344522,1920,1904,1813,-0.0467,-0.4014,1.0599,-0.553,0.056,0.076
344532,1872,1930,1866,-0.0477,-0.4017,1.0599,-0.820,0.077,0.122
344542,1951,1905,2138,-0.0491,-0.4029,1.0570,-1.008,0.062,0.143
344552,1893,1916,1990,-0.0488,-0.4047,1.0574,-1.077,-0.009,0.139
344562,1968,1904,1975,-0.0474,-0.4053,1.0561,-0.989,-0.060,0.111
344572,1892,1920,1878,-0.0468,-0.4058,1.0573,-0.802,-0.100,0.103
344582,1926,1907,1870,-0.0469,-0.4051,1.0558,-0.551,-0.081,0.113
344592,1897,1931,1822,-0.0461,-0.4053,1.0570,-0.288,-0.083,0.107
344602,1965,1904,1985,-0.0456,-0.4045,1.0583,-0.089,-0.075,0.105
344612,1923,1913,1867,-0.0462,-0.4035,1.0582,0.036,-0.037,0.119
344622,1967,1904,1808,-0.0461,-0.4022,1.0585,0.087,-0.043,0.141
344632,1913,1933,1831,-0.0454,-0.4002,1.0579,0.021,-0.040,0.149
344642,1979,1904,1861,-0.0457,-0.3996,1.0580,-0.144,-0.004,0.110
344652,1923,1913,2172,-0.0459,-0.4003,1.0592,-0.375,0.010,0.082
344662,1959,1910,1818,-0.0462,-0.4017,1.0571,-0.585,0.034,0.049
344672,1911,1904,2178,-0.0466,-0.4018,1.0580,-0.741,0.017,0.034
344682,1919,1909,1840,-0.0462,-0.4020,1.0589,-0.867,-0.007,0.044
344692,1918,1917,1896,-0.0467,-0.4022,1.0593,-0.980,-0.001,0.077
344702,1989,1905,1817,-0.0475,-0.4024,1.0590,-1.064,0.041,0.122
344712,1914,1906,1838,-0.0484,-0.4039,1.0581,-1.102,0.073,0.153
344722,1947,1904,1809,-0.0489,-0.4044,1.0565,-1.068,0.092,0.160
344732,1893,1915,2056,-0.0490,-0.4045,1.0551,-0.921,0.085,0.172
344742,1961,1904,1911,-0.0484,-0.4038,1.0537,-0.708,0.055,0.167
344752,1876,1932,1955,-0.0476,-0.4030,1.0552,-0.443,0.024,0.161
344762,1985,1924,2194,-0.0469,-0.4025,1.0562,-0.239,-0.015,0.159
344772,1916,1918,1869,-0.0466,-0.4021,1.0574,-0.177,-0.041,0.176
344782,1934,1903,1883,-0.0470,-0.4017,1.0578,-0.244,-0.011,0.219
344792,1886,1925,1926,-0.0474,-0.4021,1.0575,-0.405,0.036,0.262
344802,1928,1902,1815,-0.0475,-0.4026,1.0561,-0.607,0.083,0.283
344812,1879,1909,1862,-0.0484,-0.4025,1.0540,-0.788,0.076,0.284
344822,1927,1904,1827,-0.0481,-0.4037,1.0557,-0.889,0.047,0.265
344832,1874,1924,1917,-0.0477,-0.4049,1.0565,-0.943,0.025,0.240
344842,1899,1903,2144,-0.0472,-0.4054,1.0558,-0.924,0.054,0.215
344852,1881,1914,1812,-0.0470,-0.4059,1.0564,-0.870,0.052,0.188
344862,1891,1903,1846,-0.0468,-0.4069,1.0556,-0.805,0.061,0.158
344872,1873,1920,1815,-0.0469,-0.4067,1.0554,-0.737,0.055,0.142
344882,1924,1902,1915,-0.0473,-0.4062,1.0541,-0.665,0.048,0.161
344892,1887,1904,2149,-0.0473,-0.4049,1.0539,-0.583,0.060,0.184
344902,1937,1903,2429,-0.0476,-0.4046,1.0533,-0.523,0.038,0.185
344912,1875,1911,1828,-0.0473,-0.4045,1.0545,-0.483,0.026,0.163
344922,1926,1944,2042,-0.0474,-0.4047,1.0555,-0.505,-0.002,0.150
344932,1874,1907,1820,-0.0477,-0.4047,1.0568,-0.556,-0.012,0.149
344942,1928,1902,1846,-0.0480,-0.4056,1.0586,-0.650,-0.042,0.151
344952,1882,1904,1813,-0.0480,-0.4057,1.0582,-0.740,-0.034,0.158
344962,1904,1901,1811,-0.0477,-0.4070,1.0581,-0.761,-0.025,0.195
344972,1870,1909,1841,-0.0475,-0.4077,1.0564,-0.684,-0.047,0.217
344982,1932,1904,2015,-0.0473,-0.4071,1.0552,-0.502,-0.065,0.224
344992,1875,1909,1841,-0.0471,-0.4065,1.0540,-0.239,-0.112,0.245
345002,1907,1906,1955,-0.0472,-0.4055,1.0534,0.031,-0.131,0.252
345012,1963,1911,1977,-0.0466,-0.4044,1.0539,0.229,-0.179,0.238
345022,1935,1904,1814,-0.0468,-0.4035,1.0563,0.308,-0.218,0.221
345032,1869,1906,1835,-0.0471,-0.4030,1.0587,0.232,-0.288,0.221
345042,1923,1902,1810,-0.0468,-0.4030,1.0569,0.013,-0.290,0.259
345052,1868,1908,1924,-0.0472,-0.4029,1.0564,-0.239,-0.263,0.296
345062,1922,1901,1836,-0.0473,-0.4035,1.0553,-0.400,-0.251,0.327
345072,1865,1930,1888,-0.0461,-0.4048,1.0556,-0.465,-0.288,0.324
345082,1929,1905,1819,-0.0459,-0.4064,1.0549,-0.484,-0.294,0.306
345092,1877,1926,1864,-0.0465,-0.4072,1.0549,-0.414,-0.267,0.286
345102,1924,1903,2062,-0.0474,-0.4061,1.0541,-0.289,-0.250,0.270
345112,1866,1923,1854,-0.0476,-0.4051,1.0538,-0.161,-0.260,0.250
345122,1917,1905,1814,-0.0468,-0.4053,1.0576,-0.043,-0.310,0.220
345132,1864,1923,1837,-0.0456,-0.4053,1.0589,-0.007,-0.356,0.211
345142,1903,1921,1826,-0.0460,-0.4051,1.0581,-0.011,-0.344,0.239
345152,1874,1929,2145,-0.0466,-0.4050,1.0566,-0.026,-0.330,0.276
345162,1879,1923,1812,-0.0465,-0.4048,1.0553,-0.011,-0.370,0.302
345172,1948,1918,2007,-0.0459,-0.4048,1.0553,0.034,-0.433,0.296
345182,1906,1913,1811,-0.0461,-0.4045,1.0563,0.033,-0.458,0.275
345192,1875,1927,2019,-0.0465,-0.4037,1.0560,0.021,-0.407,0.272
345202,1879,1956,1943,-0.0460,-0.4036,1.0559,-0.025,-0.417,0.271
345212,1874,1992,1894,-0.0467,-0.4035,1.0545,-0.092,-0.408,0.269
345222,1872,1904,1878,-0.0463,-0.4040,1.0568,-0.180,-0.436,0.248
345232,1865,1949,1863,-0.0460,-0.4038,1.0581,-0.286,-0.478,0.238
345242,1939,1905,1813,-0.0460,-0.4050,1.0587,-0.401,-0.454,0.244
345252,1878,1934,1841,-0.0464,-0.4052,1.0573,-0.507,-0.361,0.270
345262,1898,1926,1976,-0.0470,-0.4057,1.0552,-0.524,-0.250,0.311
345272,1886,1926,1818,-0.0465,-0.4061,1.0524,-0.411,-0.183,0.342
345282,1931,1910,1891,-0.0458,-0.4060,1.0536,-0.205,-0.184,0.356
345292,1867,1945,2059,-0.0452,-0.4053,1.0554,-0.032,-0.199,0.371
345302,1935,1913,1848,-0.0456,-0.4044,1.0558,0.052,-0.152,0.390
345312,1871,1977,1810,-0.0460,-0.4047,1.0554,-0.006,-0.097,0.379
345322,1920,1926,2224,-0.0459,-0.4051,1.0549,-0.152,-0.050,0.340
345332,1874,1962,1931,-0.0466,-0.4061,1.0549,-0.301,-0.042,0.280
345342,1924,1916,1830,-0.0465,-0.4066,1.0563,-0.371,-0.058,0.219
345352,1884,1930,1826,-0.0467,-0.4073,1.0573,-0.378,-0.118,0.172
345362,1885,1924,1813,-0.0472,-0.4073,1.0564,-0.285,-0.135,0.162
345372,1888,1949,1977,-0.0478,-0.4070,1.0567,-0.146,-0.179,0.172
345382,1927,1906,1836,-0.0478,-0.4064,1.0543,0.089,-0.254,0.184
345392,1885,1967,2082,-0.0476,-0.4053,1.0543,0.344,-0.366,0.194
345402,1950,1909,1820,-0.0471,-0.4045,1.0545,0.575,-0.510,0.213
345412,1896,1943,1917,-0.0470,-0.4040,1.0545,0.705,-0.597,0.256
345422,1945,1915,1852,-0.0468,-0.4038,1.0558,0.729,-0.658,0.301
345432,1883,1956,1847,-0.0465,-0.4046,1.0548,0.721,-0.693,0.309
345442,1947,1907,1811,-0.0465,-0.4047,1.0546,0.708,-0.752,0.243
345452,1888,1951,1924,-0.0460,-0.4055,1.0543,0.702,-0.846,0.109
345462,1929,1925,1911,-0.0455,-0.4056,1.0537,0.723,-0.916,-0.057
345472,1877,1943,1927,-0.0450,-0.4057,1.0548,0.752,-0.986,-0.229
345482,1956,1888,1830,-0.0444,-0.4054,1.0561,0.782,-1.008,-0.410
345492,1913,1945,1846,-0.0450,-0.4053,1.0567,0.824,-1.015,-0.577
345502,1960,1920,2119,-0.0451,-0.4058,1.0566,0.881,-1.012,-0.729
345512,1893,1970,1848,-0.0443,-0.4050,1.0581,0.964,-1.007,-0.867
345522,1960,1908,1820,-0.0452,-0.4049,1.0570,1.068,-0.983,-0.969
345532,1891,1941,1827,-0.0452,-0.4051,1.0561,1.198,-0.940,-1.039
345542,1939,1917,1810,-0.0452,-0.4047,1.0549,1.342,-0.953,-1.105
345552,1902,1939,1812,-0.0453,-0.4043,1.0566,1.508,-0.986,-1.136
345562,1972,1904,1876,-0.0453,-0.4032,1.0569,1.683,-1.060,-1.142
345572,1898,1941,2022,-0.0454,-0.4024,1.0575,1.859,-1.159,-1.123
345582,1920,1939,1891,-0.0443,-0.4013,1.0585,2.013,-1.292,-1.059
345592,1889,1945,1961,-0.0440,-0.3998,1.0592,2.098,-1.444,-0.952
345602,1951,1925,1830,-0.0439,-0.3995,1.0604,2.083,-1.600,-0.799
345612,1890,1942,1868,-0.0441,-0.3989,1.0607,2.029,-1.733,-0.618
345622,1953,1912,1841,-0.0439,-0.3985,1.0597,1.988,-1.901,-0.328
345632,2052,1934,1892,-0.0426,-0.3975,1.0602,1.982,-2.093,-0.035
345642,2147,1911,1847,-0.0412,-0.3963,1.0581,2.054,-2.243,0.242
345652,1907,1930,1843,-0.0396,-0.3949,1.0594,2.189,-2.399,0.493
345662,1930,1956,2317,-0.0386,-0.3939,1.0596,2.319,-2.491,0.700
345672,1911,1962,1927,-0.0376,-0.3942,1.0593,2.370,-2.515,0.873
345682,1919,1953,1830,-0.0371,-0.3942,1.0602,2.264,-2.486,1.010
345692,1889,1956,1986,-0.0365,-0.3942,1.0590,2.006,-2.353,1.118
345702,1946,1915,1958,-0.0367,-0.3945,1.0591,1.641,-2.204,1.173
345712,1873,1950,1817,-0.0365,-0.3943,1.0586,1.225,-2.042,1.198
345722,1927,1929,1842,-0.0366,-0.3949,1.0570,0.818,-1.826,1.178
345732,1997,1915,1832,-0.0365,-0.3955,1.0556,0.483,-1.618,1.114
345742,1992,1908,1921,-0.0360,-0.3968,1.0550,0.254,-1.458,1.039
345752,1966,1926,1911,-0.0356,-0.3967,1.0559,0.152,-1.292,0.976
345762,2041,1905,1811,-0.0363,-0.3961,1.0579,0.147,-1.211,0.924
345772,1882,1996,1830,-0.0372,-0.3957,1.0587,0.180,-1.074,0.904
345782,1959,1919,2068,-0.0376,-0.3949,1.0625,0.209,-1.034,0.913
345792,1941,1947,1829,-0.0371,-0.3947,1.0635,0.228,-0.994,0.958
345802,1968,1920,2100,-0.0375,-0.3949,1.0655,0.232,-0.975,1.035
345812,1914,1947,1842,-0.0379,-0.3936,1.0632,0.206,-0.953,1.139
345822,1975,1913,1815,-0.0384,-0.3931,1.0623,0.174,-0.970,1.197
345832,1904,1944,1985,-0.0384,-0.3927,1.0612,0.164,-1.044,1.241
345842,1978,1912,1952,-0.0384,-0.3920,1.0615,0.145,-1.142,1.269
345852,1922,1930,1908,-0.0379,-0.3920,1.0614,0.065,-1.260,1.273
345862,1927,1947,2388,-0.0372,-0.3920,1.0616,-0.062,-1.364,1.252
345872,1904,1946,1945,-0.0370,-0.3923,1.0614,-0.283,-1.410,1.190
345882,1970,1906,1813,-0.0362,-0.3924,1.0606,-0.583,-1.369,1.104
345892,1940,1920,1843,-0.0365,-0.3933,1.0603,-0.925,-1.347,1.021
345902,2051,1995,1828,-0.0375,-0.3943,1.0569,-1.228,-1.271,0.923
345912,1914,1957,1817,-0.0393,-0.3960,1.0540,-1.430,-1.224,0.809
345922,1961,1912,1858,-0.0397,-0.3969,1.0573,-1.486,-1.221,0.671
345932,1907,1933,1851,-0.0385,-0.3982,1.0590,-1.504,-1.255,0.517
345942,1975,1905,2172,-0.0361,-0.4016,1.0590,-1.598,-1.247,0.392
345952,1917,1928,1876,-0.0364,-0.4030,1.0591,-1.703,-1.216,0.338
345962,1951,1910,1834,-0.0363,-0.4047,1.0609,-1.714,-1.194,0.271
345972,1912,1931,1997,-0.0350,-0.4053,1.0583,-1.526,-1.107,0.168
345982,1945,1904,1865,-0.0346,-0.4051,1.0585,-1.112,-1.056,0.076
345992,1915,1937,1867,-0.0335,-0.4040,1.0601,-0.455,-1.104,0.026
346002,1955,1913,1817,-0.0341,-0.4015,1.0605,0.327,-1.089,-0.007
346012,1907,1935,1991,-0.0339,-0.3997,1.0616,1.095,-1.077,-0.062
346022,1938,1915,1841,-0.0331,-0.3986,1.0627,1.711,-1.154,-0.096
346032,1901,1919,2081,-0.0322,-0.3970,1.0644,2.023,-1.263,-0.074
346042,1958,1904,1896,-0.0331,-0.3967,1.0636,2.018,-1.360,-0.005
346052,1958,1915,1974,-0.0339,-0.3955,1.0640,1.811,-1.474,0.034
346062,2014,1909,1822,-0.0338,-0.3952,1.0636,1.556,-1.617,0.061
346072,1893,1939,1981,-0.0336,-0.3968,1.0628,1.364,-1.731,0.068
346082,1915,1922,1962,-0.0324,-0.3965,1.0632,1.284,-1.873,0.088
346092,1926,1917,2268,-0.0301,-0.3989,1.0625,1.364,-1.938,0.078
346102,1941,1908,1895,-0.0288,-0.3985,1.0611,1.576,-1.925,0.052
346112,1913,1919,1976,-0.0273,-0.3978,1.0625,1.932,-1.874,0.029
346122,1957,1909,1829,-0.0271,-0.3965,1.0635,2.257,-1.823,-0.044
346132,1917,1907,1813,-0.0276,-0.3955,1.0621,2.564,-1.607,-0.159
346142,1969,1915,1998,-0.0276,-0.3935,1.0620,2.809,-1.443,-0.294
346152,1901,1916,1855,-0.0274,-0.3917,1.0607,3.012,-1.264,-0.415
346162,1954,1908,2273,-0.0266,-0.3893,1.0628,3.009,-1.133,-0.540
346172,1911,1905,1890,-0.0263,-0.3892,1.0620,2.745,-0.941,-0.698
346182,1936,1905,1864,-0.0256,-0.3864,1.0620,2.303,-0.722,-0.837
346192,2099,1920,2199,-0.0262,-0.3858,1.0612,1.733,-0.472,-0.983
346202,1959,1906,1981,-0.0266,-0.3860,1.0632,1.122,-0.236,-1.115
346212,1889,1913,1854,-0.0279,-0.3868,1.0648,0.514,-0.054,-1.196
346222,1973,1904,1849,-0.0284,-0.3869,1.0624,-0.020,0.195,-1.195
346232,1893,1919,1859,-0.0278,-0.3875,1.0635,-0.519,0.427,-1.151
346242,1929,1905,1979,-0.0274,-0.3887,1.0632,-0.897,0.655,-1.078
346252,1999,1917,1916,-0.0277,-0.3897,1.0633,-1.162,0.865,-0.997
346262,2020,1923,1945,-0.0285,-0.3908,1.0623,-1.303,1.054,-0.912
346272,1923,1904,1854,-0.0284,-0.3905,1.0640,-1.311,1.152,-0.805
346282,1916,1904,1837,-0.0291,-0.3897,1.0643,-1.236,1.200,-0.676
346292,1890,1916,1844,-0.0296,-0.3892,1.0633,-1.169,1.281,-0.550
346302,1882,1907,1823,-0.0305,-0.3891,1.0624,-1.136,1.381,-0.417
346312,1883,1905,1811,-0.0301,-0.3880,1.0627,-1.131,1.464,-0.283
346322,1928,1905,1866,-0.0299,-0.3870,1.0619,-1.188,1.497,-0.170
346332,1887,1918,1931,-0.0310,-0.3868,1.0621,-1.357,1.491,-0.097
346342,1896,1918,2542,-0.0316,-0.3862,1.0641,-1.594,1.437,-0.030
346352,1878,1905,1846,-0.0314,-0.3873,1.0657,-1.939,1.422,0.017
346362,1903,1912,1924,-0.0311,-0.3899,1.0665,-2.377,1.419,0.050
346372,1882,1916,1809,-0.0320,-0.3916,1.0646,-2.846,1.496,0.107
346382,1905,1909,1893,-0.0329,-0.3950,1.0612,-3.239,1.570,0.162
346392,1893,1905,1828,-0.0337,-0.3975,1.0600,-3.448,1.572,0.189
346402,1911,1905,1994,-0.0345,-0.3978,1.0613,-3.416,1.524,0.179
346412,1889,1910,1832,-0.0351,-0.3988,1.0609,-3.167,1.450,0.100
346422,1935,1931,1966,-0.0353,-0.3981,1.0620,-2.740,1.348,0.007
346432,2045,1919,2353,-0.0355,-0.3979,1.0596,-2.257,1.281,-0.068
346442,1883,1915,1911,-0.0345,-0.3968,1.0611,-1.784,1.176,-0.112
346452,1879,1912,1841,-0.0343,-0.3955,1.0634,-1.427,1.015,-0.140
346462,1901,1906,1814,-0.0353,-0.3942,1.0627,-1.267,0.939,-0.158
346472,1887,1908,1864,-0.0361,-0.3951,1.0620,-1.275,0.835,-0.166
346482,1913,1905,1829,-0.0368,-0.3958,1.0609,-1.386,0.750,-0.176
346492,1896,1907,1953,-0.0371,-0.3970,1.0630,-1.578,0.571,-0.176
346502,1920,1908,1821,-0.0369,-0.3992,1.0614,-1.745,0.468,-0.171
346512,1886,1905,1827,-0.0365,-0.4004,1.0595,-1.821,0.396,-0.169
346522,1957,1952,2099,-0.0361,-0.4010,1.0582,-1.731,0.310,-0.157
346532,1955,1908,1858,-0.0363,-0.3997,1.0580,-1.509,0.222,-0.135
346542,1906,1916,1849,-0.0348,-0.3999,1.0588,-1.261,0.113,-0.123
346552,1886,1910,2291,-0.0347,-0.3976,1.0603,-1.066,0.048,-0.085
346562,1897,1912,1875,-0.0348,-0.3966,1.0612,-0.974,0.025,-0.045
346572,1927,1908,1944,-0.0355,-0.3965,1.0616,-0.978,0.031,0.005
346582,1903,1915,1825,-0.0347,-0.3963,1.0610,-1.102,-0.013,0.054
346592,1943,1905,1920,-0.0339,-0.3979,1.0608,-1.285,-0.007,0.088
346602,1922,1925,2096,-0.0347,-0.3999,1.0587,-1.433,0.013,0.111
346612,1911,1904,1852,-0.0346,-0.4016,1.0562,-1.472,0.061,0.138
346622,1915,1910,1814,-0.0341,-0.4024,1.0567,-1.417,0.076,0.161
346632,1906,1907,1833,-0.0326,-0.4032,1.0584,-1.335,0.107,0.156
346642,1907,1929,1869,-0.0321,-0.4025,1.0593,-1.272,0.187,0.160
346652,1915,1913,1977,-0.0319,-0.4015,1.0593,-1.204,0.293,0.174
346662,1940,1919,1827,-0.0322,-0.4012,1.0575,-1.175,0.420,0.191
346672,1915,1903,1815,-0.0320,-0.4012,1.0575,-1.188,0.562,0.177
346682,1904,1918,1839,-0.0317,-0.4021,1.0569,-1.227,0.704,0.161
346692,1920,1907,2032,-0.0326,-0.4020,1.0577,-1.263,0.835,0.173
346702,1917,1929,1812,-0.0329,-0.4018,1.0594,-1.275,0.923,0.201
346712,1903,1909,1837,-0.0339,-0.4011,1.0581,-1.273,1.032,0.205
346722,1920,1952,2010,-0.0346,-0.4009,1.0570,-1.246,1.089,0.208
346732,1914,1912,1894,-0.0353,-0.4009,1.0594,-1.197,1.064,0.220
346742,1919,1947,1819,-0.0354,-0.4005,1.0606,-1.168,1.082,0.219
346752,1929,1905,1825,-0.0358,-0.4015,1.0597,-1.190,1.046,0.208
346762,1983,1932,1871,-0.0365,-0.4012,1.0596,-1.230,1.031,0.194
346772,1897,1910,2350,-0.0369,-0.4010,1.0584,-1.253,1.003,0.169
346782,1916,1928,2011,-0.0369,-0.4021,1.0595,-1.226,0.917,0.137
346792,1941,1913,1981,-0.0367,-0.4029,1.0600,-1.142,0.820,0.106
346802,1926,1928,1978,-0.0372,-0.4043,1.0589,-1.013,0.742,0.091
346812,1909,1907,1905,-0.0374,-0.4044,1.0596,-0.806,0.655,0.125
346822,1922,1919,1859,-0.0385,-0.4039,1.0592,-0.551,0.515,0.193
346832,1917,1906,1868,-0.0390,-0.4028,1.0596,-0.269,0.371,0.284
346842,1937,1932,2078,-0.0387,-0.4019,1.0587,-0.035,0.238,0.374
346852,1932,1904,2176,-0.0379,-0.4019,1.0584,0.110,0.107,0.444
346862,1940,1952,1815,-0.0374,-0.4010,1.0584,0.123,-0.026,0.505
346872,1924,1907,1823,-0.0369,-0.4009,1.0583,0.015,-0.118,0.520
346882,1907,1918,1820,-0.0361,-0.4013,1.0599,-0.147,-0.182,0.510
346892,1897,1910,2012,-0.0353,-0.4016,1.0598,-0.303,-0.178,0.503
346902,1921,1929,1828,-0.0347,-0.4023,1.0594,-0.387,-0.140,0.489
346912,1937,1910,1913,-0.0352,-0.4024,1.0569,-0.375,-0.089,0.495
346922,1899,1943,1889,-0.0351,-0.4025,1.0550,-0.278,0.001,0.480
346932,1894,1910,1812,-0.0349,-0.4017,1.0549,-0.147,0.064,0.468
346942,1924,1946,2060,-0.0352,-0.4012,1.0544,-0.057,0.139,0.463
346952,1931,1909,1895,-0.0354,-0.4004,1.0546,-0.073,0.249,0.439
346962,1926,1931,1815,-0.0360,-0.4003,1.0578,-0.204,0.329,0.427
346972,1936,1905,2002,-0.0362,-0.4002,1.0589,-0.463,0.397,0.392
346982,1942,1933,2167,-0.0359,-0.4020,1.0604,-0.792,0.483,0.327
346992,1912,1909,1997,-0.0371,-0.4035,1.0603,-1.112,0.554,0.245
347002,1923,1914,1813,-0.0379,-0.4054,1.0596,-1.292,0.612,0.162
347012,1960,1915,1835,-0.0389,-0.4065,1.0583,-1.310,0.624,0.113
347022,1901,1934,2220,-0.0395,-0.4064,1.0585,-1.128,0.604,0.101
347032,1925,1907,1910,-0.0390,-0.4057,1.0585,-0.810,0.534,0.111
347042,1920,1929,1878,-0.0393,-0.4034,1.0598,-0.461,0.441,0.124
347052,1941,1906,1919,-0.0396,-0.4027,1.0601,-0.187,0.338,0.137
347062,1899,1949,1990,-0.0391,-0.4020,1.0598,-0.062,0.256,0.166
347072,1933,1905,1893,-0.0390,-0.4015,1.0592,-0.076,0.206,0.208
347082,1916,1927,1818,-0.0400,-0.4008,1.0597,-0.174,0.124,0.243
347092,1959,1904,1818,-0.0400,-0.4008,1.0585,-0.291,0.046,0.267
347102,1929,1917,1983,-0.0390,-0.4028,1.0585,-0.400,-0.036,0.296
347112,1943,1932,1993,-0.0393,-0.4041,1.0568,-0.473,-0.092,0.327
347122,1921,1920,1863,-0.0383,-0.4036,1.0572,-0.501,-0.136,0.367
347132,1929,1905,1835,-0.0384,-0.4033,1.0582,-0.490,-0.176,0.400
347142,1916,1929,1874,-0.0389,-0.4041,1.0569,-0.527,-0.111,0.426
347152,1960,1910,1857,-0.0405,-0.4043,1.0558,-0.544,-0.084,0.453
347162,1910,1923,2032,-0.0393,-0.4039,1.0560,-0.553,-0.079,0.465
347172,1929,1907,1843,-0.0388,-0.4044,1.0576,-0.605,-0.105,0.428
347182,1915,1939,1810,-0.0388,-0.4051,1.0578,-0.708,-0.053,0.352
347192,1923,1905,2434,-0.0393,-0.4060,1.0565,-0.797,0.063,0.277
347202,1904,1920,1874,-0.0392,-0.4057,1.0557,-0.770,0.132,0.211
347212,1947,1906,1869,-0.0391,-0.4048,1.0561,-0.657,0.141,0.146
347222,1933,1912,2533,-0.0374,-0.4052,1.0571,-0.490,0.087,0.064
347232,1910,1905,1862,-0.0377,-0.4049,1.0557,-0.299,0.125,0.013
347242,1932,1927,1817,-0.0382,-0.4045,1.0571,-0.127,0.128,-0.017
347252,2103,1906,1843,-0.0383,-0.4039,1.0561,-0.090,0.161,-0.033
347262,1908,1915,1889,-0.0384,-0.4034,1.0567,-0.109,0.155,-0.041
347272,1928,1907,1894,-0.0390,-0.4033,1.0564,-0.144,0.135,-0.028
347282,1910,1922,1820,-0.0390,-0.4030,1.0554,-0.186,0.102,-0.022
347292,1916,1905,1835,-0.0390,-0.4035,1.0551,-0.243,0.050,-0.036
347302,1974,1905,1838,-0.0392,-0.4047,1.0549,-0.306,0.039,-0.032
347312,1908,1919,1933,-0.0392,-0.4056,1.0558,-0.339,0.012,-0.001
347322,1888,1933,1849,-0.0391,-0.4051,1.0572,-0.300,0.007,0.051
347332,1912,1905,1959,-0.0397,-0.4049,1.0577,-0.215,0.012,0.111
347342,1930,1947,1845,-0.0397,-0.4058,1.0573,-0.050,0.010,0.154
347352,1914,1909,1817,-0.0398,-0.4050,1.0572,0.133,-0.024,0.187
347362,1904,1933,1836,-0.0397,-0.4040,1.0586,0.288,-0.055,0.217
347372,1914,1906,1837,-0.0392,-0.4032,1.0581,0.369,-0.068,0.242
347382,1896,1920,1815,-0.0398,-0.4027,1.0581,0.352,-0.019,0.282
347392,1932,1903,1829,-0.0400,-0.4029,1.0571,0.283,-0.006,0.320
347402,1892,1919,1867,-0.0393,-0.4027,1.0580,0.201,-0.018,0.348
347412,1924,1906,2249,-0.0398,-0.4026,1.0562,0.072,-0.014,0.377
347422,1926,1938,1938,-0.0389,-0.4033,1.0563,-0.033,0.023,0.397
347432,1930,1910,1963,-0.0393,-0.4037,1.0574,-0.067,0.062,0.424
347442,1916,1940,1810,-0.0392,-0.4040,1.0568,-0.046,0.091,0.463
347452,1925,1907,1918,-0.0389,-0.4035,1.0584,-0.028,0.076,0.514
347462,1909,1930,2001,-0.0397,-0.4033,1.0585,0.007,0.068,0.571
347472,1904,1904,1867,-0.0398,-0.4037,1.0607,0.030,0.036,0.614
