3875,1.0538,-0.681,-0.984,0.382
2534267,1818,1841,1719,0.1787,0.3859,1.0552,-0.696,-1.063,0.385
2534277,1845,1879,1783,0.1797,0.3838,1.0560,-0.715,-1.105,0.390
2534287,1803,1861,1813,0.1805,0.3835,1.0557,-0.700,-1.068,0.396
2534297,1848,1866,1727,0.1802,0.3840,1.0562,-0.641,-1.085,0.390
2534307,1801,1828,1712,0.1801,0.3855,1.0553,-0.473,-0.997,0.362
2534317,2022,1899,1759,0.1800,0.3867,1.0547,-0.323,-1.002,0.294
2534327,1813,1837,1735,0.1811,0.3877,1.0537,-0.190,-0.976,0.201
2534337,1820,1867,1705,0.1808,0.3873,1.0558,-0.136,-0.974,0.120
2534347,1808,1822,1800,0.1819,0.3874,1.0524,-0.192,-0.952,0.048
2534357,1818,1893,1767,0.1806,0.3857,1.0561,-0.252,-0.900,-0.049
2534367,1832,1846,1719,0.1808,0.3828,1.0566,-0.372,-1.096,-0.178
2534377,1913,1883,1867,0.1795,0.3814,1.0513,-0.433,-0.843,-0.254
2534387,1806,1856,1720,0.1792,0.3827,1.0547,-0.445,-0.918,-0.274
2534397,1828,1855,1812,0.1791,0.3827,1.0492,-0.334,-0.836,-0.321
2534407,1837,1851,1771,0.1790,0.3835,1.0505,-0.146,-0.769,-0.393
2534417,1823,1886,1753,0.1787,0.3853,1.0504,0.081,-0.700,-0.470
2534427,1813,1829,1703,0.1790,0.3874,1.0505,0.292,-0.577,-0.544
2534437,1842,1871,1723,0.1799,0.3887,1.0501,0.423,-0.510,-0.607
2534447,1806,1842,1735,0.1799,0.3897,1.0516,0.486,-0.428,-0.647
2534457,1847,1881,1742,0.1799,0.3901,1.0541,0.472,-0.371,-0.672
2534467,1806,1833,1777,0.1794,0.3892,1.0523,0.409,-0.249,-0.692
2534477,1822,1892,1782,0.1788,0.3890,1.0526,0.314,-0.232,-0.679
2534487,1808,1825,1725,0.1782,0.3885,1.0537,0.237,-0.191,-0.650
2534497,1857,1879,1766,0.1785,0.3885,1.0531,0.201,-0.136,-0.629
2534507,1804,1834,1905,0.1781,0.3884,1.0547,0.207,-0.097,-0.598
2534517,1874,1870,1754,0.1774,0.3882,1.0552,0.246,-0.076,-0.582
2534527,1805,1828,1708,0.1765,0.3876,1.0534,0.269,-0.028,-0.574
2534537,1822,1862,1707,0.1758,0.3874,1.0522,0.289,-0.011,-0.554
2534547,1837,1832,1733,0.1770,0.3876,1.0545,0.318,-0.059,-0.525
2534557,1827,1868,1719,0.1767,0.3873,1.0538,0.365,-0.091,-0.515
2534567,1805,1833,1705,0.1771,0.3875,1.0528,0.366,-0.081,-0.505
2534577,1835,1897,1729,0.1770,0.3886,1.0534,0.339,-0.150,-0.508
2534587,1856,1838,1706,0.1769,0.3883,1.0516,0.351,-0.086,-0.524
2534597,1881,1888,1727,0.1764,0.3891,1.0537,0.352,-0.132,-0.529
2534607,1892,1847,1734,0.1757,0.3885,1.0536,0.319,-0.174,-0.531
2534617,1857,1872,1828,0.1757,0.3878,1.0538,0.247,-0.198,-0.557
2534627,1834,1847,1821,0.1781,0.3896,1.0540,0.155,-0.222,-0.580
2534637,1863,1874,1730,0.1770,0.3879,1.0572,0.107,-0.324,-0.631
2534647,1804,1830,1770,0.1770,0.3864,1.0562,0.053,-0.442,-0.711
2534657,1830,1877,1733,0.1783,0.3877,1.0526,0.017,-0.382,-0.723
2534667,1806,1831,1727,0.1773,0.3874,1.0574,-0.077,-0.497,-0.710
2534677,1848,1875,1755,0.1767,0.3883,1.0526,-0.144,-0.439,-0.684
2534687,1806,1837,1933,0.1758,0.3886,1.0547,-0.125,-0.379,-0.654
2534697,1872,1891,1716,0.1756,0.3882,1.0502,-0.125,-0.362,-0.638
2534707,1810,1826,1737,0.1749,0.3891,1.0514,0.006,-0.311,-0.592
2534717,1881,1893,1794,0.1751,0.3900,1.0539,0.111,-0.378,-0.559
2534727,1823,1863,1768,0.1765,0.3899,1.0529,0.158,-0.299,-0.554
2534737,1837,1860,1727,0.1764,0.3908,1.0547,0.234,-0.249,-0.520
2534747,1823,1840,1734,0.1761,0.3902,1.0533,0.228,-0.179,-0.496
2534757,1855,1880,1747,0.1752,0.3900,1.0536,0.203,-0.080,-0.482
2534767,1830,1822,1710,0.1749,0.3909,1.0538,0.198,-0.013,-0.471
2534777,1868,1874,1735,0.1752,0.3896,1.0528,0.184,0.039,-0.481
2534787,1808,1817,1798,0.1755,0.3895,1.0535,0.190,0.062,-0.489
2534797,1841,1907,1712,0.1747,0.3900,1.0549,0.193,0.105,-0.492
2534807,1825,1837,1719,0.1747,0.3898,1.0558,0.185,0.141,-0.508
2534817,1819,1873,1719,0.1749,0.3894,1.0559,0.164,0.164,-0.543
2534827,1813,1840,1747,0.1750,0.3884,1.0564,0.141,0.170,-0.592
2534837,1822,1863,1717,0.1742,0.3872,1.0555,0.137,0.240,-0.623
2534847,1807,1819,1710,0.1745,0.3862,1.0560,0.180,0.248,-0.641
2534857,1815,1879,1711,0.1745,0.3861,1.0553,0.264,0.212,-0.633
2534867,1799,1823,1734,0.1741,0.3865,1.0565,0.360,0.183,-0.603
2534877,1852,1866,1722,0.1740,0.3878,1.0552,0.452,0.151,-0.542
2534887,1842,1841,1841,0.1732,0.3893,1.0547,0.465,0.076,-0.460
2534897,1821,1846,1728,0.1730,0.3917,1.0549,0.437,-0.008,-0.414
2534907,1806,1837,1732,0.1727,0.3900,1.0566,0.188,-0.082,-0.376
2534917,1863,1872,1773,0.1734,0.3887,1.0538,-0.096,-0.117,-0.336
2534927,1807,1822,1719,0.1749,0.3881,1.0540,-0.238,-0.186,-0.336
2534937,1895,1870,1795,0.1765,0.3877,1.0528,-0.126,-0.214,-0.388
2534947,1822,1833,1712,0.1766,0.3898,1.0494,0.207,-0.139,-0.460
2534957,1826,1879,1796,0.1773,0.3926,1.0515,0.635,-0.138,-0.561
2534967,1811,1847,1800,0.1777,0.3957,1.0495,1.026,-0.040,-0.667
2534977,1844,1881,1766,0.1774,0.3993,1.0499,1.255,0.047,-0.741
2534987,1811,1839,1711,0.1759,0.4007,1.0529,1.236,0.067,-0.806
2534997,1840,1902,1878,0.1749,0.3984,1.0557,0.904,0.098,-0.890
2535007,1806,1840,1712,0.1727,0.3926,1.0561,0.333,0.214,-0.919
2535017,1852,1880,1716,0.1701,0.3887,1.0593,-0.280,0.242,-0.851
2535027,1852,1841,1712,0.1692,0.3842,1.0622,-0.812,0.189,-0.741
2535037,1890,1868,1713,0.1689,0.3808,1.0570,-1.032,0.315,-0.609
2535047,1809,1838,1746,0.1694,0.3804,1.0580,-0.901,0.262,-0.483
2535057,1901,1877,1731,0.1708,0.3816,1.0561,-0.449,0.202,-0.419
2535067,1810,1841,1759,0.1720,0.3861,1.0533,0.231,0.222,-0.383
2535077,1843,1869,1713,0.1718,0.3928,1.0521,0.940,0.242,-0.369
2535087,1810,1828,1741,0.1722,0.3983,1.0523,1.438,0.262,-0.365
2535097,1852,1872,1711,0.1726,0.4038,1.0497,1.573,0.341,-0.380
2535107,1827,1848,1809,0.1734,0.4058,1.0565,1.314,0.195,-0.458
2535117,1840,1872,1731,0.1719,0.4030,1.0550,0.726,0.200,-0.570
2535127,1809,1852,1724,0.1713,0.3969,1.0581,-0.021,0.237,-0.671
2535137,1811,1869,1717,0.1699,0.3888,1.0592,-0.769,0.231,-0.702
2535147,1807,1851,1721,0.1683,0.3824,1.0576,-1.364,0.384,-0.632
2535157,1815,1893,1713,0.1693,0.3786,1.0576,-1.643,0.416,-0.480
2535167,1808,1860,1741,0.1693,0.3757,1.0579,-1.532,0.407,-0.332
2535177,1928,1891,1729,0.1703,0.3768,1.0569,-1.023,0.424,-0.196
2535187,1807,1843,1731,0.1698,0.3821,1.0556,-0.291,0.434,-0.038
2535197,1825,1884,1713,0.1696,0.3899,1.0546,0.446,0.441,0.106
2535207,1847,1830,1737,0.1694,0.3974,1.0533,0.914,0.433,0.194
2535217,1815,1870,1714,0.1697,0.4039,1.0533,0.964,0.366,0.213
2535227,1829,1844,1753,0.1702,0.4058,1.0537,0.604,0.346,0.181
2535237,1868,1877,1712,0.1698,0.4046,1.0569,-0.110,0.288,0.123
2535247,1807,1829,1745,0.1679,0.4004,1.0571,-1.011,0.287,0.065
2535257,1872,1864,1714,0.1662,0.3951,1.0579,-1.837,0.308,0.050
2535267,1809,1838,1742,0.1650,0.3899,1.0583,-2.443,0.258,0.077
2535277,1827,1862,1713,0.1643,0.3861,1.0584,-2.796,0.173,0.150
2535287,1888,1822,1749,0.1647,0.3833,1.0598,-2.867,0.073,0.255
2535297,1826,1862,1719,0.1658,0.3840,1.0603,-2.734,0.010,0.355
2535307,1835,1824,1746,0.1671,0.3862,1.0605,-2.504,0.013,0.411
2535317,1918,1866,1717,0.1677,0.3896,1.0616,-2.239,0.013,0.386
2535327,1816,1830,1749,0.1682,0.3921,1.0574,-2.029,0.179,0.259
2535337,1831,1874,1719,0.1684,0.3935,1.0583,-1.963,0.356,0.045
2535347,1807,1841,1740,0.1696,0.3933,1.0583,-2.110,0.505,-0.256
2535357,1867,1890,1722,0.1710,0.3915,1.0565,-2.417,0.779,-0.622
2535367,1809,1836,1730,0.1728,0.3893,1.0564,-2.776,1.069,-1.014
2535377,1871,1895,1714,0.1730,0.3876,1.0539,-3.040,1.499,-1.413
2535387,1809,1844,1747,0.1734,0.3837,1.0524,-3.115,2.038,-1.825
2535397,1874,1882,1717,0.1725,0.3791,1.0504,-2.968,2.631,-2.223
2535407,1807,1836,1754,0.1731,0.3784,1.0512,-2.572,3.268,-2.535
2535417,1869,1877,1721,0.1737,0.3764,1.0497,-1.968,3.901,-2.753
2535427,1808,1859,1750,0.1733,0.3795,1.0508,-1.099,4.588,-2.832
2535437,1878,1868,1761,0.1719,0.3837,1.0598,-0.263,5.132,-2.901
2535447,1831,1830,1764,0.1701,0.3863,1.0605,0.355,5.944,-3.089
2535457,1828,1871,1727,0.1679,0.3850,1.0645,0.546,6.663,-3.347
2535467,1809,1834,1788,0.1642,0.3838,1.0643,0.407,7.342,-3.504
2535477,1853,1854,1771,0.1600,0.3835,1.0656,0.112,7.988,-3.475
2535487,1806,1825,1803,0.1568,0.3824,1.0700,-0.181,8.439,-3.270
2535497,1821,1873,1760,0.1522,0.3798,1.0677,-0.388,8.956,-2.904
2535507,1807,1851,1779,0.1490,0.3788,1.0691,-0.589,9.341,-2.352
2535517,1896,1869,1757,0.1463,0.3791,1.0732,-0.811,9.557,-1.636
2535527,1845,1822,1813,0.1425,0.3821,1.0728,-1.062,9.851,-0.761
2535537,1809,1883,1767,0.1378,0.3882,1.0672,-1.446,10.248,0.171
2535547,1808,1822,1807,0.1336,0.3906,1.0642,-1.928,10.429,0.958
2535557,1840,1872,1742,0.1334,0.3920,1.0677,-2.356,10.148,1.556
2535567,1811,1881,1795,0.1319,0.3880,1.0640,-2.765,9.886,2.043
2535577,1854,1870,1752,0.1285,0.3835,1.0630,-3.150,9.640,2.504
2535587,1828,1836,1810,0.1280,0.3802,1.0631,-3.480,9.064,3.011
2535597,1857,1872,1751,0.1227,0.3768,1.0652,-3.731,8.472,3.552
2535607,1809,1821,1802,0.1191,0.3778,1.0624,-3.833,7.796,4.241
2535617,1805,1841,1784,0.1163,0.3780,1.0595,-3.751,7.277,4.999
2535627,1807,1833,1776,0.1143,0.3834,1.0613,-3.718,6.595,5.755
2535637,1839,1842,1784,0.1113,0.3891,1.0617,-3.945,5.972,6.355
2535647,1835,1816,1820,0.1134,0.3911,1.0574,-4.324,5.215,6.647
2535657,1903,1887,1776,0.1165,0.3890,1.0601,-4.760,4.246,6.629
2535667,1810,1815,1833,0.1215,0.3858,1.0637,-5.140,3.162,6.454
2535677,1864,1854,1797,0.1246,0.3812,1.0669,-5.242,2.375,6.227
2535687,1809,1815,1840,0.1266,0.3780,1.0711,-5.134,1.751,5.992
2535697,1882,1870,1772,0.1288,0.3752,1.0714,-4.741,1.343,5.754
2535707,1812,1829,1812,0.1313,0.3716,1.0730,-4.082,1.035,5.475
2535717,1808,1848,1786,0.1335,0.3666,1.0751,-3.314,0.824,5.140
2535727,1819,1825,1825,0.1357,0.3616,1.0740,-2.472,0.721,4.820
2535737,1831,1856,1789,0.1378,0.3579,1.0736,-1.529,0.643,4.548
2535747,1813,1825,1840,0.1383,0.3555,1.0712,-0.472,0.599,4.296
2535757,1861,1859,1779,0.1395,0.3540,1.0683,0.520,0.609,4.027
2535767,1908,1821,1825,0.1399,0.3545,1.0651,1.484,0.587,3.805
2535777,1842,1850,1793,0.1404,0.3563,1.0629,2.365,0.502,3.592
2535787,1826,1846,1835,0.1398,0.3585,1.0588,3.112,0.503,3.331
2535797,1889,1873,1792,0.1407,0.3607,1.0592,3.700,0.431,2.982
2535807,1859,1821,1832,0.1410,0.3614,1.0551,4.136,0.443,2.578
2535817,1936,1823,1807,0.1414,0.3622,1.0571,4.418,0.365,2.159
2535827,1812,1833,1840,0.1425,0.3630,1.0576,4.521,0.273,1.772
2535837,1836,1836,1801,0.1450,0.3649,1.0586,4.424,0.170,1.436
2535847,1824,1818,1846,0.1470,0.3662,1.0602,4.044,0.022,1.129
2535857,1842,1877,1798,0.1473,0.3683,1.0573,3.420,-0.028,0.822
2535867,1860,1817,1850,0.1459,0.3706,1.0587,2.687,-0.115,0.523
2535877,1852,1819,1826,0.1435,0.3718,1.0568,1.979,-0.166,0.256
2535887,1822,1830,1814,0.1424,0.3726,1.0607,1.321,-0.329,0.025
2535897,1830,1817,1840,0.1425,0.3735,1.0674,0.704,-0.600,-0.144
2535907,2067,1842,1884,0.1433,0.3737,1.0724,0.063,-0.626,-0.249
2535917,1915,1834,1857,0.1432,0.3716,1.0777,-0.595,-0.569,-0.287
2535927,2092,1823,1872,0.1423,0.3692,1.0783,-1.211,-0.305,-0.263
2535937,1816,1840,1843,0.1402,0.3667,1.0791,-1.718,-0.030,-0.192
2535947,2146,1816,1883,0.1385,0.3652,1.0835,-2.068,0.146,-0.093
2535957,1871,1839,1850,0.1375,0.3664,1.0861,-2.188,0.365,-0.014
2535967,1826,1816,1881,0.1371,0.3710,1.0911,-2.096,0.669,0.038
2535977,1995,1838,1841,0.1367,0.3787,1.0996,-1.826,1.127,0.027
2535987,2108,1819,1846,0.1368,0.3842,1.1100,-1.655,1.653,-0.088
2535997,1843,1856,1878,0.1350,0.3881,1.1189,-1.638,2.505,-0.291
2536007,1808,1818,1882,0.1354,0.3910,1.1291,-1.893,3.534,-0.471
2536017,2026,1841,1859,0.1378,0.3936,1.1381,-2.474,4.703,-0.626
2536027,1811,1816,1905,0.1469,0.3979,1.1564,-3.411,5.950,-0.756
2536037,1856,1856,1885,0.1570,0.3947,1.1747,-4.657,7.223,-0.753
2536047,1896,1872,1879,0.1578,0.3852,1.1680,-6.606,9.375,-0.587
2536057,2048,1874,1852,0.1532,0.3871,1.1751,-9.278,11.474,-0.242
2536067,1926,1824,1845,0.1466,0.3871,1.1738,-11.941,13.375,0.024
2536077,1857,1823,1857,0.1414,0.3817,1.1716,-13.827,15.712,0.120
2536087,1873,1848,1816,0.1376,0.3717,1.1760,-14.987,17.725,0.216
2536097,1859,1822,1809,0.1335,0.3638,1.1753,-15.455,20.001,0.397
2536107,1836,1861,1820,0.1298,0.3602,1.1811,-15.311,22.146,0.644
2536117,1819,1830,1763,0.1264,0.3593,1.1863,-14.572,24.382,0.862
2536127,1895,1853,1782,0.1239,0.3599,1.1987,-13.423,26.697,0.995
2536137,1879,1857,1729,0.1224,0.3627,1.2124,-12.176,29.100,1.080
2536147,1812,1850,1746,0.1229,0.3659,1.2259,-11.189,31.827,1.161
2536157,1850,1819,1726,0.1229,0.3706,1.2361,-10.868,34.696,1.213
2536167,1966,1820,1775,0.1205,0.3733,1.2410,-11.283,37.913,1.243
2536177,1840,1961,1737,0.1160,0.3767,1.2473,-12.491,41.073,1.370
2536187,1937,1867,1738,0.1088,0.3765,1.2482,-14.400,44.338,1.598
2536197,1808,1830,1719,0.1008,0.3739,1.2521,-16.970,47.558,1.929
2536207,1845,1869,1756,0.0944,0.3690,1.2532,-20.160,50.757,2.421
2536217,1825,1824,1733,0.0907,0.3649,1.2570,-23.944,53.782,3.124
2536227,2195,1908,1804,0.0880,0.3566,1.2597,-28.275,56.843,4.011
2536237,2082,1831,1726,0.0838,0.3480,1.2696,-33.206,59.836,5.112
2536247,1871,2016,1743,0.0811,0.3360,1.2786,-38.791,62.984,6.430
2536257,2112,1822,1745,0.0763,0.3196,1.2769,-44.898,66.531,7.932
2536267,1879,1895,1734,0.0698,0.3008,1.2718,-51.183,70.183,9.647
2536277,2330,1867,1723,0.0612,0.2810,1.2659,-57.212,73.881,11.559
2536287,1946,1963,1723,0.0506,0.2602,1.2572,-62.501,77.676,13.595
2536297,2095,1996,1745,0.0403,0.2379,1.2475,-66.756,81.374,15.679
2536307,1868,1933,1722,0.0297,0.2171,1.2387,-69.816,84.968,17.772
2536317,1815,1881,1748,0.0183,0.2000,1.2379,-71.750,88.255,19.842
2536327,2116,1983,1791,0.0083,0.1806,1.2337,-72.838,91.578,21.716
2536337,1917,2007,1774,-0.0014,0.1601,1.2356,-73.259,94.851,23.388
2536347,2053,2149,1816,-0.0088,0.1389,1.2380,-73.166,98.161,25.003
2536357,2050,2043,1800,-0.0166,0.1156,1.2400,-72.954,101.473,26.648
2536367,1972,2153,1749,-0.0289,0.0913,1.2316,-72.972,105.614,29.189
2536377,2003,1974,1831,-0.0421,0.0729,1.2189,-73.009,109.569,32.039
2536387,1806,1980,1948,-0.0583,0.0606,1.2056,-73.110,113.174,35.123
2536397,1875,1966,1740,-0.0746,0.0473,1.1945,-73.238,116.578,38.323
2536407,1890,1973,1833,-0.0883,0.0346,1.1949,-73.726,119.586,41.618
2536417,1809,1929,1844,-0.0962,0.0179,1.1894,-74.963,122.630,44.934
2536427,1853,2063,1850,-0.1028,-0.0032,1.1770,-77.278,125.645,48.341
2536437,1936,1981,1955,-0.1142,-0.0230,1.1576,-80.327,128.532,52.187
2536447,1828,1916,1784,-0.1335,-0.0406,1.1329,-83.676,131.052,56.702
2536457,2075,1835,1833,-0.1563,-0.0512,1.1095,-86.812,132.970,61.849
2536467,2050,1859,1783,-0.1808,-0.0575,1.0843,-89.631,134.415,67.381
2536477,1815,1921,1784,-0.2062,-0.0601,1.0528,-92.153,135.430,73.021
2536487,2040,1904,1758,-0.2320,-0.0582,1.0260,-94.425,135.855,78.542
2536497,2209,1969,1756,-0.2553,-0.0546,0.9988,-96.579,135.670,83.832
2536507,2006,2012,1824,-0.2771,-0.0507,0.9666,-98.728,135.122,88.819
2536517,2187,1831,1766,-0.2993,-0.0455,0.9403,-100.808,133.991,93.588
2536527,2064,1905,1807,-0.3231,-0.0393,0.9163,-102.694,132.493,98.198
2536537,2089,1828,1750,-0.3474,-0.0310,0.8970,-104.388,130.555,102.588
2536547,2174,1852,1725,-0.3718,-0.0234,0.8768,-105.739,128.228,106.620
2536557,2218,1922,1739,-0.3999,-0.0154,0.8440,-106.334,125.879,110.251
2536567,2025,1959,1735,-0.4254,-0.0070,0.8170,-105.905,123.119,113.526
2536577,1852,1866,1784,-0.4477,0.0013,0.7970,-104.396,119.691,116.502
2536587,1836,1847,1733,-0.4741,0.0097,0.7682,-101.645,116.424,119.082
2536597,2258,1829,1753,-0.4964,0.0222,0.7447,-97.955,113.115,121.020
2536607,1815,1859,1769,-0.5118,0.0344,0.7370,-93.526,109.262,122.188
2536617,1859,1860,1839,-0.5231,0.0543,0.7368,-88.404,105.167,122.669
2536627,1837,1837,1781,-0.5319,0.0755,0.7359,-82.861,101.473,122.518
2536637,2382,1999,1935,-0.5414,0.1020,0.7256,-77.322,98.378,121.798
2536647,1805,1818,1757,-0.5551,0.1200,0.7089,-72.157,95.814,120.386
2536657,2113,1859,2082,-0.5691,0.1333,0.6964,-67.551,93.058,118.489
2536667,2019,1812,1747,-0.5866,0.1446,0.6778,-63.524,90.163,116.437
2536677,1909,1818,1781,-0.6056,0.1525,0.6631,-59.893,87.021,114.520
2536687,2311,1935,1805,-0.6212,0.1645,0.6676,-56.821,83.086,112.901
2536697,1848,1855,1790,-0.6300,0.1789,0.6705,-54.833,78.978,111.413
2536707,1960,1880,1782,-0.6368,0.1972,0.6656,-53.933,75.111,109.912
2536717,1961,1856,1759,-0.6422,0.2175,0.6659,-53.827,71.320,108.302
2536727,1873,1970,1793,-0.6488,0.2383,0.6741,-54.407,67.443,106.476
2536737,3582,1816,1824,-0.6599,0.2591,0.6734,-55.265,64.101,104.393
2536747,2025,1977,1758,-0.6733,0.2774,0.6749,-56.503,61.008,102.081
2536757,2269,1843,1830,-0.6898,0.2954,0.6752,-58.104,57.803,99.600
2536767,1800,1891,1725,-0.7054,0.3122,0.6756,-59.968,54.664,96.828
2536777,2263,1822,1730,-0.7163,0.3202,0.6813,-62.429,51.361,93.594
2536787,2567,1900,1766,-0.7286,0.3193,0.6787,-65.361,48.300,90.009
2536797,1800,1932,1737,-0.7379,0.3138,0.6783,-68.547,45.443,86.436
2536807,3023,1934,1731,-0.7441,0.3015,0.6764,-72.005,42.580,83.097
2536817,2497,1879,1746,-0.7504,0.2881,0.6717,-75.751,39.847,80.135
2536827,2308,1857,1854,-0.7605,0.2831,0.6621,-79.840,36.917,77.737
2536837,2381,2032,1821,-0.7743,0.2785,0.6538,-83.699,33.644,75.818
2536847,2002,2137,1867,-0.7833,0.2736,0.6621,-86.981,29.937,74.097
2536857,1884,1830,1888,-0.7848,0.2636,0.6945,-89.609,26.043,72.446
2536867,1989,1853,1726,-0.7824,0.2534,0.7183,-91.422,23.188,70.825
2536877,2015,1822,1761,-0.7682,0.2444,0.7559,-92.397,21.160,69.214
2536887,1805,1868,1725,-0.7573,0.2374,0.7649,-92.875,20.255,67.412
2536897,2580,1810,1793,-0.7592,0.2307,0.7332,-92.445,21.199,65.327
2536907,1971,1813,1767,-0.7624,0.2280,0.7174,-91.378,21.463,63.087
2536917,1877,1969,1856,-0.7671,0.2197,0.6932,-89.418,21.209,60.637
2536927,2005,1832,1836,-0.7702,0.2131,0.6807,-86.159,20.585,58.082
2536937,2176,1839,1820,-0.7691,0.2047,0.6723,-81.832,19.236,55.612
2536947,2197,1871,1739,-0.7778,0.1925,0.6372,-76.396,18.304,53.245
2536957,2838,1870,1834,-0.7838,0.1784,0.6326,-70.301,16.407,51.153
2536967,2781,1836,1738,-0.7848,0.1723,0.6504,-64.113,13.464,49.388
2536977,1841,1869,1834,-0.7844,0.2008,0.6596,-57.487,11.376,47.964
2536987,2021,1813,1739,-0.7852,0.2729,0.6786,-50.735,9.801,46.414
2536997,1957,1832,1769,-0.7774,0.3466,0.6916,-44.920,8.491,43.760
2537007,1781,1838,1757,-0.7589,0.3834,0.6893,-40.450,7.704,39.336
2537017,1773,1885,1821,-0.7440,0.3774,0.6995,-36.860,6.742,33.540
2537027,2658,1826,1764,-0.7437,0.3403,0.7023,-33.005,6.332,27.218
2537037,1781,1816,1807,-0.7566,0.2915,0.6936,-28.144,6.789,21.109
2537047,2123,1826,1758,-0.7715,0.2480,0.6837,-22.449,7.089,15.818
2537057,1794,1812,1786,-0.7816,0.2112,0.6772,-16.341,6.806,11.624
2537067,2081,1850,1799,-0.7864,0.1842,0.6747,-10.692,5.996,8.539
2537077,1823,1826,1805,-0.7907,0.1705,0.6669,-5.939,5.170,6.443
2537087,2080,1941,1778,-0.7920,0.1589,0.6637,-2.484,4.143,5.171
2537097,1787,1818,1843,-0.7930,0.1483,0.6659,-0.644,2.875,4.533
2537107,1766,1821,1788,-0.7917,0.1365,0.6697,-0.141,1.731,4.422
2537117,2321,1872,1862,-0.7896,0.1293,0.6793,-0.680,0.613,4.739
2537127,1875,1819,1830,-0.7900,0.1261,0.6869,-1.735,-0.224,5.360
2537137,1950,1812,1792,-0.7917,0.1283,0.6914,-2.870,-0.606,6.180
2537147,1825,1891,1764,-0.7950,0.1290,0.6980,-4.042,-0.797,7.072
2537157,1883,1816,1808,-0.7966,0.1304,0.7015,-5.251,-0.936,8.027
2537167,2117,1844,1802,-0.7985,0.1364,0.7023,-6.429,-0.885,8.986
2537177,1926,1866,1832,-0.7981,0.1446,0.7022,-7.449,-0.864,9.821
2537187,1981,1823,1790,-0.7967,0.1518,0.7014,-8.057,-0.838,10.389
2537197,2191,1843,1871,-0.7966,0.1651,0.6962,-8.107,-0.755,10.667
2537207,1853,1889,1757,-0.7949,0.1811,0.6973,-7.549,-0.877,10.565
2537217,1910,1814,1777,-0.7940,0.1977,0.6996,-6.396,-1.157,9.980
2537227,2370,1816,1787,-0.7934,0.2128,0.6960,-4.340,-1.251,8.882
2537237,1786,1818,1862,-0.7914,0.2172,0.6964,-1.591,-1.424,7.365
2537247,2146,1819,1808,-0.7905,0.2233,0.6950,1.450,-1.716,5.592
2537257,1777,1842,1842,-0.7894,0.2312,0.6908,4.585,-1.957,3.666
2537267,2276,1812,1788,-0.7871,0.2335,0.6957,7.414,-2.542,1.620
2537277,2113,1839,1803,-0.7850,0.2328,0.6983,9.828,-3.134,-0.459
2537287,2233,1811,1817,-0.7854,0.2315,0.7010,11.836,-3.485,-2.463
2537297,1976,1834,1845,-0.7868,0.2277,0.7053,13.405,-3.803,-4.291
2537307,1766,1869,1790,-0.7878,0.2181,0.7085,14.305,-4.014,-5.885
2537317,1923,1815,1803,-0.7889,0.2093,0.7115,14.368,-4.209,-7.114
2537327,3002,1821,1794,-0.7891,0.2028,0.7117,13.653,-4.359,-8.002
2537337,1960,1816,1841,-0.7892,0.1947,0.7126,12.404,-4.519,-8.664
2537347,1913,1830,1795,-0.7881,0.1856,0.7130,10.826,-4.705,-9.183
2537357,2036,1825,1861,-0.7875,0.1787,0.7130,9.260,-4.751,-9.536
2537367,1763,1825,1820,-0.7877,0.1746,0.7183,7.851,-4.813,-9.704
2537377,1791,1814,1817,-0.7889,0.1746,0.7171,6.766,-4.659,-9.803
2537387,1828,1819,1808,-0.7924,0.1755,0.7112,6.091,-4.258,-9.924
2537397,2206,1826,1909,-0.7941,0.1754,0.7127,5.694,-4.117,-10.092
2537407,2124,1814,1823,-0.7948,0.1749,0.7116,5.485,-4.017,-10.292
2537417,2129,1828,1900,-0.7933,0.1759,0.7082,5.342,-3.851,-10.524
2537427,2470,1833,1797,-0.7929,0.1789,0.7047,5.189,-3.761,-10.787
2537437,2729,1886,1930,-0.7931,0.1803,0.7017,4.929,-3.731,-11.144
2537447,2406,1842,1730,-0.7930,0.1773,0.7004,4.490,-3.808,-11.549
2537457,2019,1824,1785,-0.7954,0.1740,0.6958,3.814,-3.831,-11.905
2537467,2848,1818,1869,-0.7993,0.1719,0.6882,3.019,-3.844,-12.195
2537477,2669,1833,1832,-0.8017,0.1685,0.6869,2.251,-4.116,-12.487
2537487,1842,1969,1741,-0.8045,0.1686,0.6875,1.598,-4.489,-12.846
2537497,1761,1813,1876,-0.8060,0.1738,0.6864,1.214,-4.745,-13.193
2537507,2051,1842,1760,-0.8051,0.1794,0.6960,0.904,-5.087,-13.593
2537517,1796,1814,1904,-0.8032,0.1868,0.7057,0.475,-5.266,-14.126
2537527,1830,1815,1868,-0.8017,0.1889,0.7070,0.009,-5.048,-14.785
2537537,1969,1828,1861,-0.8039,0.1831,0.7048,-0.441,-4.694,-15.505
2537547,1851,1981,1736,-0.8086,0.1627,0.7027,-1.015,-4.468,-16.141
2537557,1858,1823,2070,-0.8122,0.1342,0.6994,-1.904,-4.471,-16.377
2537567,1791,1817,1949,-0.8151,0.1133,0.7084,-3.078,-4.740,-15.766
2537577,1748,1877,2239,-0.8176,0.1115,0.7185,-4.499,-5.135,-14.170
2537587,2031,1842,1906,-0.8225,0.1163,0.7007,-6.030,-4.892,-12.115
2537597,2037,1850,1788,-0.8215,0.1260,0.7090,-8.497,-5.350,-10.089
2537607,1898,1818,1936,-0.8180,0.1326,0.7268,-12.319,-6.568,-8.343
2537617,2231,1822,1861,-0.8149,0.1183,0.7232,-16.512,-6.988,-7.026
2537627,1780,1921,1888,-0.8083,0.0772,0.7167,-20.966,-7.654,-5.961
2537637,1742,1814,1735,-0.7911,-0.0034,0.7311,-25.771,-8.920,-4.624
2537647,1801,1827,1778,-0.8096,-0.0250,0.6800,-30.135,-8.575,-1.900
2537657,1754,1824,1873,-0.8108,0.0243,0.7086,-30.874,-8.287,1.764
2537667,1870,1884,1743,-0.7968,0.0765,0.7461,-30.517,-9.834,4.188
2537677,2220,1832,2001,-0.7909,0.1345,0.7122,-27.397,-7.663,4.459
2537687,1741,1850,1787,-0.7705,0.1748,0.7451,-24.371,-7.043,3.306
2537697,1752,1896,1946,-0.7613,0.1732,0.7389,-21.861,-6.173,1.173
2537707,1761,1841,1852,-0.7594,0.1428,0.7273,-19.779,-4.167,-1.293
2537717,1770,1826,1858,-0.7610,0.0985,0.7449,-18.446,-3.675,-3.288
2537727,1856,1842,1901,-0.7731,0.0479,0.7266,-17.011,-2.423,-4.580
2537737,1749,1817,1914,-0.7811,0.0144,0.7170,-15.747,-1.477,-4.806
2537747,1815,1820,1904,-0.7841,-0.0044,0.7145,-15.108,-1.665,-3.911
2537757,1826,1852,1734,-0.7829,-0.0104,0.7108,-15.130,-2.020,-2.246
2537767,1788,1818,1770,-0.7778,-0.0065,0.7202,-16.029,-2.669,-0.086
2537777,1754,1843,1880,-0.7743,0.0015,0.7210,-17.320,-3.145,2.204
2537787,2176,1827,1923,-0.7724,0.0129,0.7218,-18.464,-3.264,4.302
2537797,2744,1824,1915,-0.7704,0.0276,0.7342,-19.224,-3.604,6.058
2537807,1930,1823,1780,-0.7692,0.0507,0.7395,-18.505,-3.291,6.909
2537817,2459,1872,1897,-0.7682,0.0651,0.7384,-17.178,-2.844,7.002
2537827,4095,2035,2000,-0.7680,0.0724,0.7431,-15.216,-2.434,6.476
2537837,1765,1905,1999,-0.7605,0.0753,0.7657,-12.601,-2.172,5.530
2537847,1515,1828,1796,-0.7499,0.0733,0.7880,-9.457,-1.401,4.242
2537857,1950,1819,1738,-0.7504,0.0632,0.7988,-6.031,0.362,2.687
2537867,1442,1861,1764,-0.7583,0.0570,0.7937,-2.360,2.627,1.056
2537877,1938,1864,1788,-0.7718,0.0362,0.7285,1.353,4.986,-0.577
2537887,4095,1906,1769,-0.7945,0.0346,0.6416,5.800,6.585,-1.635
2537897,1787,1853,1934,-0.8225,0.0581,0.7036,10.897,4.911,-1.403
2537907,2084,1866,1859,-0.8132,0.1339,0.7747,13.462,1.971,-0.538
2537917,1322,1819,1824,-0.7899,0.2072,0.7997,13.887,2.525,-0.631
2537927,2720,1971,1763,-0.7509,0.2759,0.8816,11.388,2.346,-2.173
2537937,2066,1857,1765,-0.7391,0.2971,0.8563,7.439,4.960,-5.814
2537947,1258,1892,1767,-0.7523,0.2750,0.7855,4.816,9.843,-10.712
2537957,1669,1912,1745,-0.7714,0.2234,0.7525,3.661,11.982,-15.559
2537967,1882,1842,1812,-0.7909,0.1391,0.7023,4.379,13.068,-19.829
2537977,1349,1820,1836,-0.8040,0.0432,0.6693,6.748,12.974,-22.638
2537987,1868,1831,1817,-0.8099,-0.0186,0.6589,10.033,11.270,-23.338
2537997,1273,1843,1788,-0.8100,-0.0406,0.6538,13.317,9.064,-22.261
2538007,1222,1865,1952,-0.8024,-0.0359,0.6591,15.899,6.639,-20.104
2538017,1246,1850,1869,-0.7935,-0.0272,0.6735,17.069,4.361,-17.413
2538027,1220,1849,1918,-0.7892,-0.0235,0.6824,15.942,2.531,-14.289
2538037,1255,1841,2100,-0.8016,-0.0074,0.6723,12.545,1.423,-10.595
2538047,1247,1845,1856,-0.8083,0.0165,0.6679,7.395,0.168,-6.667
2538057,1943,1875,1747,-0.8079,0.0312,0.6841,1.395,-1.982,-3.264
2538067,1226,1818,1762,-0.8147,0.0227,0.6805,-4.048,-3.610,-0.625
2538077,1672,1832,1859,-0.8276,0.0016,0.6666,-7.933,-4.802,1.640
2538087,1808,1991,1897,-0.8321,-0.0270,0.6721,-10.875,-6.826,3.950
2538097,1585,1818,1868,-0.8265,-0.0717,0.6851,-13.064,-8.971,6.516
2538107,1812,1841,1799,-0.8191,-0.0773,0.7077,-13.922,-10.571,9.732
2538117,1526,1827,1768,-0.8330,-0.0078,0.6867,-12.655,-10.964,13.034
2538127,1383,1822,1814,-0.8305,0.0914,0.7031,-8.511,-10.774,14.651
2538137,1262,1823,1866,-0.8098,0.1676,0.7457,-4.379,-12.339,13.927
2538147,1263,1847,1741,-0.7912,0.2172,0.7347,-0.345,-11.559,11.268
2538157,2029,1950,1939,-0.7718,0.2312,0.7689,1.502,-11.235,7.837
2538167,1353,1820,1874,-0.7720,0.2120,0.7554,2.182,-10.119,4.441
2538177,1746,1826,1851,-0.7774,0.1826,0.7572,2.319,-8.539,1.429
2538187,1296,1873,1830,-0.7780,0.1412,0.7640,1.563,-8.261,-1.083
2538197,1470,1826,1802,-0.7793,0.0978,0.7439,0.385,-7.396,-3.015
2538207,1303,1823,1785,-0.7739,0.0674,0.7556,-1.311,-7.585,-3.969
2538217,1535,1829,1833,-0.7672,0.0432,0.7570,-3.680,-7.881,-4.061
2538227,1393,1829,1888,-0.7639,0.0145,0.7439,-6.438,-7.466,-3.362
2538237,1868,1845,1829,-0.7639,-0.0025,0.7461,-9.312,-7.434,-1.881
2538247,1617,1859,1935,-0.7656,-0.0097,0.7441,-12.282,-7.470,-0.009
2538257,2635,1931,2018,-0.7635,-0.0069,0.7474,-14.817,-7.389,1.880
2538267,1764,1914,1797,-0.7593,-0.0007,0.7496,-16.624,-7.280,3.573
2538277,1324,1914,1762,-0.7556,-0.0029,0.7451,-17.709,-6.821,4.960
2538287,1854,1821,1760,-0.7484,0.0024,0.7657,-18.006,-6.580,6.241
2538297,1862,1853,1753,-0.7387,0.0040,0.7826,-17.411,-5.923,7.289
2538307,2099,1829,1792,-0.7378,0.0069,0.7834,-15.541,-4.089,8.007
2538317,1765,1854,1819,-0.7450,-0.0144,0.7611,-12.512,-2.020,8.329
2538327,2279,1837,1892,-0.7648,-0.0382,0.7025,-8.216,-0.110,8.437
2538337,2106,1825,1820,-0.7870,-0.0081,0.6605,-2.282,0.404,8.879
2538347,1279,1852,1786,-0.7870,0.0766,0.7848,4.254,-1.695,9.360
2538357,1783,1829,1765,-0.7618,0.1851,0.8549,7.742,-2.567,8.637
2538367,1232,1851,1749,-0.7342,0.2627,0.8633,8.481,0.776,5.993
2538377,1265,1821,1843,-0.7156,0.2858,0.8826,5.039,2.818,1.569
2538387,1498,1848,1742,-0.7162,0.2704,0.8326,0.989,6.427,-3.728
2538397,1255,1942,1864,-0.7328,0.2180,0.7921,-1.023,9.727,-8.749
2538407,1233,1918,2129,-0.7518,0.1415,0.7587,-0.928,11.596,-13.151
2538417,1329,1967,1811,-0.7710,0.0522,0.7008,1.593,12.868,-16.376
2538427,1242,1903,1871,-0.7837,-0.0292,0.6572,6.000,12.597,-17.637
2538437,1465,1828,1741,-0.7954,-0.0585,0.6527,10.479,10.297,-16.723
2538447,1370,1820,1758,-0.8023,-0.0418,0.6640,13.736,7.388,-14.403
2538457,1367,1828,1769,-0.8010,-0.0462,0.6675,14.903,4.776,-11.883
2538467,1589,1820,1786,-0.7974,-0.0761,0.6811,13.085,1.763,-8.952
2538477,1285,1822,1852,-0.7967,-0.1067,0.6887,8.583,-1.105,-4.932
2538487,1376,1825,1788,-0.8287,-0.0443,0.6561,3.085,-3.025,0.036
2538497,1273,1820,1791,-0.8160,0.0296,0.6844,-0.464,-4.884,3.759
2538507,1259,1821,1791,-0.7978,0.1077,0.7456,-2.732,-8.146,5.225
2538517,1262,1838,1776,-0.7879,0.1660,0.7324,-2.542,-7.060,4.206
2538527,1243,1830,1799,-0.7694,0.1841,0.7806,-2.529,-7.099,1.534
2538537,1243,1856,1841,-0.7705,0.1731,0.7677,-1.725,-5.555,-1.790
2538547,1434,1822,1795,-0.7742,0.1478,0.7752,-0.259,-3.375,-4.954
2538557,1373,1820,1797,-0.7794,0.1171,0.7743,1.095,-1.809,-7.699
2538567,1283,1823,1742,-0.7818,0.0827,0.7603,2.261,0.248,-9.964
2538577,1292,1852,1882,-0.7808,0.0516,0.7573,2.555,1.252,-11.407
2538587,1296,1833,1797,-0.7802,0.0246,0.7399,2.174,2.092,-11.895
2538597,2564,1833,1815,-0.7775,0.0062,0.7360,1.163,2.392,-11.443
2538607,1458,1840,1758,-0.7731,-0.0053,0.7408,-0.264,2.189,-10.313
2538617,1271,1864,1805,-0.7687,-0.0106,0.7433,-1.490,2.333,-8.843
2538627,1273,1852,1767,-0.7669,-0.0182,0.7369,-2.260,2.753,-7.287
2538637,1257,1823,1818,-0.7705,-0.0317,0.7129,-2.105,3.303,-5.740
2538647,1312,1850,1769,-0.7763,-0.0516,0.6884,-0.827,3.295,-4.029
2538657,1488,1828,1777,-0.7826,-0.0664,0.6709,1.802,2.647,-1.959
2538667,1336,1860,1770,-0.7961,-0.0536,0.6756,5.456,1.431,0.498
2538677,1388,1829,1829,-0.8076,-0.0070,0.6916,9.527,0.503,2.696
2538687,1268,1888,1743,-0.8020,0.0444,0.7036,12.569,-0.299,4.100
2538697,1271,1824,1799,-0.7937,0.0858,0.7163,13.958,-1.138,4.909
2538707,1367,1852,1764,-0.7850,0.1080,0.7303,13.227,-2.026,5.100
2538717,1334,1820,1794,-0.7796,0.1171,0.7416,11.359,-2.631,4.640
2538727,1890,1830,1780,-0.7816,0.1205,0.7517,9.965,-2.791,3.779
2538737,1360,1822,1820,-0.7875,0.1186,0.7578,9.452,-2.578,2.508
2538747,1254,1843,1758,-0.7907,0.1129,0.7613,9.623,-2.225,0.904
2538757,1282,1822,1798,-0.7881,0.1038,0.7702,10.292,-2.106,-0.776
2538767,1927,1870,1757,-0.7854,0.0981,0.7702,11.654,-1.816,-2.383
2538777,1277,1828,1807,-0.7827,0.0956,0.7726,13.635,-1.418,-3.917
2538787,1208,1831,1754,-0.7825,0.0918,0.7763,16.272,-1.082,-5.381
2538797,1211,1826,1798,-0.7849,0.0927,0.7830,19.385,-0.609,-6.655
2538807,1265,1854,1766,-0.7854,0.0982,0.7924,22.464,-0.161,-7.684
2538817,1230,1825,1806,-0.7858,0.1026,0.7995,25.307,0.468,-8.635
2538827,1208,1841,1781,-0.7874,0.1083,0.8079,27.793,1.235,-9.511
2538837,1226,1825,1807,-0.7898,0.1124,0.8158,29.734,2.017,-10.325
2538847,1209,1838,1767,-0.7928,0.1175,0.8225,31.185,2.894,-11.082
2538857,1220,1828,1847,-0.7977,0.1282,0.8272,32.411,3.844,-11.778
2538867,1214,1829,1782,-0.8031,0.1399,0.8285,33.583,4.905,-12.527
2538877,1229,1822,1803,-0.8083,0.1499,0.8281,34.785,5.958,-13.403
2538887,1215,1834,1769,-0.8139,0.1570,0.8271,35.980,6.906,-14.440
2538897,1501,1826,1804,-0.8204,0.1646,0.8240,37.255,7.780,-15.588
2538907,1335,1830,1769,-0.8269,0.1723,0.8212,38.705,8.531,-16.902
2538917,1226,1835,1820,-0.8338,0.1813,0.8164,40.510,9.169,-18.456
2538927,1253,1837,1754,-0.8405,0.1895,0.8099,42.896,9.724,-20.303
2538937,1327,1825,1816,-0.8458,0.1959,0.7980,45.981,10.201,-22.477
2538947,1263,1823,1784,-0.8506,0.2039,0.7865,49.874,10.509,-24.949
2538957,1297,1825,1821,-0.8567,0.2114,0.7698,54.798,10.751,-27.742
2538967,1216,1847,1765,-0.8626,0.2157,0.7495,60.754,10.930,-30.899
2538977,1285,1824,1792,-0.8670,0.2196,0.7302,67.463,10.740,-34.385
2538987,1263,1831,1898,-0.8698,0.2192,0.7096,74.757,10.229,-38.156
2538997,1252,1838,1822,-0.8699,0.2156,0.6915,82.385,9.291,-42.109
2539007,1253,1883,1800,-0.8671,0.2214,0.6835,90.072,7.851,-45.914
2539017,1245,1839,1818,-0.8648,0.2329,0.6743,97.593,6.276,-49.588
2539027,1221,1869,1809,-0.8593,0.2442,0.6711,104.544,4.487,-53.466
2539037,1221,1826,1801,-0.8534,0.2523,0.6634,110.730,2.597,-57.535
2539047,1369,1910,1773,-0.8490,0.2580,0.6523,115.977,0.558,-61.660
2539057,1222,1829,1815,-0.8466,0.2596,0.6373,120.285,-1.878,-65.658
2539067,1222,1856,1806,-0.8448,0.2520,0.6123,123.790,-4.711,-69.407
2539077,1244,1849,1844,-0.8420,0.2424,0.5900,126.451,-8.294,-72.677
2539087,1225,1857,1814,-0.8390,0.2234,0.5667,128.286,-12.547,-75.403
2539097,1244,1830,1816,-0.8323,0.2029,0.5444,129.611,-17.396,-77.413
2539107,1225,1883,1794,-0.8241,0.1894,0.5195,130.914,-22.535,-78.659
2539117,1228,1839,1782,-0.8119,0.1792,0.5026,132.506,-28.006,-79.206
2539127,1291,1858,1834,-0.8001,0.1698,0.4891,134.624,-33.574,-79.138
2539137,1246,1829,1848,-0.7865,0.1678,0.4781,137.333,-38.961,-78.514
2539147,1235,1854,1746,-0.7774,0.1667,0.4742,140.527,-44.206,-77.548
2539157,1283,1827,1862,-0.7633,0.1747,0.4701,144.357,-49.400,-76.324
2539167,1233,1848,1807,-0.7564,0.1847,0.4671,148.823,-54.415,-75.159
2539177,1418,1839,1848,-0.7489,0.1989,0.4684,153.870,-59.484,-74.323
2539187,1395,1849,1834,-0.7406,0.2139,0.4633,159.413,-64.540,-73.927
2539197,1231,1834,1855,-0.7325,0.2279,0.4632,165.285,-69.741,-73.948
2539207,1231,1869,1808,-0.7231,0.2393,0.4664,171.004,-75.330,-74.362
2539217,1300,1826,1866,-0.7102,0.2507,0.4597,176.258,-80.941,-75.047
2539227,1324,1888,1776,-0.6931,0.2550,0.4623,180.760,-86.922,-75.842
2539237,1267,1829,1814,-0.6722,0.2567,0.4701,184.098,-93.303,-76.504
2539247,1240,1856,1842,-0.6480,0.2576,0.4768,185.447,-100.615,-75.733
2539257,1248,1832,1867,-0.6245,0.2638,0.4883,185.229,-107.890,-73.944
2539267,1241,1875,1808,-0.6013,0.2741,0.5070,183.098,-115.026,-71.305
2539277,1275,1831,1853,-0.5774,0.2870,0.5310,178.760,-122.083,-68.002
2539287,1246,1907,1751,-0.5493,0.3026,0.5628,172.133,-128.968,-64.292
2539297,1297,1883,1821,-0.5201,0.3219,0.6001,163.118,-135.459,-60.397
2539307,1292,1921,2068,-0.4929,0.3411,0.6368,151.744,-141.298,-56.499
2539317,1737,1936,1761,-0.4664,0.3579,0.6644,138.289,-146.418,-52.803
2539327,1247,1864,1758,-0.4433,0.3695,0.6880,123.171,-150.882,-49.465
2539337,1305,1989,1785,-0.4205,0.3771,0.7127,106.713,-154.910,-46.542
2539347,1249,1941,1799,-0.4019,0.3791,0.7224,89.475,-158.246,-44.012
2539357,1248,1920,1804,-0.3834,0.3770,0.7256,72.200,-161.033,-41.897
2539367,1303,1925,1796,-0.3626,0.3678,0.7346,55.442,-163.858,-40.144
2539377,1280,1905,1766,-0.3356,0.3475,0.7521,39.687,-166.639,-38.631
2539387,1307,1983,1749,-0.3045,0.3249,0.7879,24.943,-169.359,-37.081
2539397,1332,1982,1749,-0.2701,0.3008,0.8376,11.207,-171.659,-35.352
2539407,1291,1989,1749,-0.2337,0.2860,0.9017,-1.507,-172.906,-33.479
2539417,1551,2042,1754,-0.2051,0.2781,0.9396,-13.013,-172.014,-31.846
2539427,1264,2025,1749,-0.1793,0.2680,0.9718,-22.826,-169.311,-30.834
2539437,1302,1925,1835,-0.1548,0.2510,1.0053,-30.506,-166.101,-30.530
2539447,1809,1976,1750,-0.1338,0.2264,1.0189,-35.894,-162.045,-30.888
2539457,1436,2128,1839,-0.1138,0.2023,1.0403,-38.898,-157.873,-31.647
2539467,1350,2137,1771,-0.0933,0.1804,1.0595,-39.867,-153.772,-32.579
2539477,1281,2125,1829,-0.0739,0.1626,1.0786,-38.965,-149.366,-33.549
2539487,1249,2173,1769,-0.0539,0.1498,1.1021,-36.612,-144.970,-34.451
2539497,1291,2181,1896,-0.0400,0.1391,1.1221,-33.286,-140.179,-35.300
2539507,1275,2182,1791,-0.0270,0.1261,1.1450,-29.369,-135.208,-36.062
2539517,1273,2169,1877,-0.0171,0.1115,1.1653,-25.171,-130.140,-36.604
2539527,1472,2174,1907,-0.0092,0.0989,1.1854,-20.946,-125.153,-36.750
2539537,1255,2191,1992,-0.0055,0.0909,1.2002,-16.824,-120.282,-36.403
2539547,1260,2201,1935,-0.0043,0.0883,1.2117,-12.875,-115.573,-35.584
2539557,1343,2208,1949,-0.0007,0.0915,1.2266,-9.130,-111.200,-34.394
2539567,1257,2351,1937,-0.0049,0.0959,1.2288,-5.834,-106.836,-32.998
2539577,1268,2341,1983,-0.0062,0.1025,1.2336,-3.026,-102.572,-31.476
2539587,1258,2344,1932,-0.0034,0.1026,1.2385,-0.927,-98.924,-29.868
2539597,1353,2269,2024,-0.0018,0.1108,1.2364,1.524,-95.273,-28.032
2539607,1262,2320,1968,0.0028,0.1191,1.2460,3.948,-91.905,-26.180
2539617,1644,2307,2247,0.0101,0.1235,1.2555,6.365,-88.742,-24.502
2539627,1300,2292,1963,0.0226,0.1232,1.2706,8.586,-85.497,-22.888
2539637,1254,2190,2100,0.0352,0.1268,1.2854,10.645,-82.090,-21.073
2539647,1383,2232,1974,0.0466,0.1346,1.2965,12.330,-78.464,-19.069
2539657,1273,2103,1913,0.0539,0.1442,1.2987,13.836,-74.499,-17.046
2539667,1289,2166,1803,0.0595,0.1546,1.2985,15.329,-70.527,-15.120
2539677,1265,2031,1833,0.0632,0.1649,1.2926,16.933,-66.580,-13.377
2539687,1459,2039,1749,0.0663,0.1747,1.2882,18.474,-62.909,-11.851
2539697,1528,1931,1858,0.0680,0.1837,1.2841,19.929,-59.450,-10.489
2539707,1255,1980,1778,0.0697,0.1926,1.2831,21.245,-56.195,-9.170
2539717,1261,1889,1802,0.0725,0.2001,1.2807,22.250,-53.055,-7.854
2539727,1497,2072,1747,0.0758,0.2071,1.2770,22.790,-50.008,-6.553
2539737,1266,1917,1789,0.0810,0.2117,1.2758,22.967,-47.131,-5.312
2539747,1294,1938,1784,0.0865,0.2185,1.2744,22.913,-44.404,-4.107
2539757,1289,1871,1768,0.0917,0.2249,1.2705,22.777,-41.728,-2.964
2539767,1270,1991,1755,0.0952,0.2308,1.2627,22.630,-39.097,-1.988
2539777,1275,1899,1748,0.0959,0.2367,1.2496,22.592,-36.460,-1.188
2539787,1264,1851,1845,0.1000,0.2411,1.2399,22.752,-33.954,-0.527
2539797,1295,1834,1766,0.1058,0.2450,1.2372,22.969,-31.793,0.131
2539807,1293,1921,1748,0.1106,0.2488,1.2347,23.017,-29.724,0.808
2539817,1377,1820,1763,0.1139,0.2570,1.2310,22.897,-27.637,1.500
2539827,1290,1865,1851,0.1163,0.2651,1.2217,22.697,-25.515,2.087
2539837,1273,1852,1748,0.1183,0.2703,1.2142,22.437,-23.590,2.446
2539847,1285,1819,1746,0.1213,0.2716,1.2057,22.174,-21.876,2.636
2539857,1265,1813,1741,0.1245,0.2742,1.1970,22.001,-20.218,2.784
2539867,1273,1896,1749,0.1272,0.2756,1.1852,21.971,-18.600,2.921
2539877,1392,1832,1745,0.1308,0.2775,1.1775,22.139,-17.069,3.059
2539887,1304,1881,1792,0.1335,0.2808,1.1687,22.427,-15.728,3.265
2539897,1291,1816,1876,0.1351,0.2835,1.1592,22.840,-14.479,3.571
2539907,1358,1851,1777,0.1376,0.2882,1.1556,23.198,-13.574,3.930
2539917,1353,1865,1747,0.1413,0.2953,1.1497,23.371,-12.733,4.331
2539927,1279,1816,1781,0.1459,0.3038,1.1477,23.386,-11.985,4.714
2539937,1302,1829,1745,0.1494,0.3127,1.1421,23.119,-11.105,4.991
2539947,1439,1847,1822,0.1535,0.3186,1.1406,22.484,-10.210,5.108
2539957,1272,1865,1747,0.1562,0.3224,1.1352,21.604,-9.254,5.126
2539967,1391,1862,1761,0.1580,0.3240,1.1253,20.686,-8.165,5.116
2539977,1360,1832,1746,0.1585,0.3251,1.1138,19.874,-7.177,5.082
2539987,1285,1820,1752,0.1574,0.3260,1.1006,19.372,-6.315,5.030
2539997,1431,1827,1746,0.1580,0.3282,1.0916,19.349,-5.644,4.961
2540007,1374,1923,1791,0.1585,0.3323,1.0887,19.718,-5.240,4.954
2540017,1299,1833,1759,0.1582,0.3389,1.0855,20.160,-4.817,5.080
2540027,1298,1872,1750,0.1578,0.3482,1.0862,20.370,-4.487,5.284
2540037,1364,1812,1755,0.1568,0.3579,1.0864,20.077,-4.177,5.409
2540047,1287,1852,1795,0.1550,0.3667,1.0854,19.302,-3.826,5.368
2540057,1277,1819,1789,0.1557,0.3727,1.0856,18.213,-3.595,5.085
2540067,1317,1812,1924,0.1577,0.3744,1.0835,17.025,-3.337,4.630
2540077,1324,1859,1887,0.1588,0.3753,1.0807,15.860,-3.093,4.102
2540087,1284,1822,1752,0.1607,0.3736,1.0805,14.822,-2.862,3.549
2540097,1282,1813,1761,0.1628,0.3716,1.0782,13.982,-2.561,3.020
2540107,1437,1853,1774,0.1650,0.3697,1.0774,13.327,-2.233,2.567
2540117,1293,1821,1825,0.1657,0.3681,1.0744,12.842,-1.903,2.235
2540127,1347,1827,1755,0.1652,0.3688,1.0742,12.380,-1.641,2.038
2540137,1303,1818,1768,0.1639,0.3699,1.0724,11.853,-1.413,1.960
2540147,1343,1830,1754,0.1607,0.3725,1.0692,11.217,-1.249,1.953
2540157,1392,1811,1759,0.1579,0.3753,1.0645,10.494,-1.212,1.864
2540167,1453,1836,1750,0.1559,0.3746,1.0593,9.773,-1.337,1.647
2540177,1341,1817,1778,0.1551,0.3742,1.0574,9.077,-1.628,1.366
2540187,1308,1827,1757,0.1556,0.3765,1.0517,8.393,-1.949,1.169
2540197,1318,1817,1777,0.1564,0.3799,1.0532,7.719,-2.335,1.065
2540207,1422,1833,1760,0.1600,0.3847,1.0626,6.812,-2.910,0.986
2540217,1447,1813,1827,0.1650,0.3874,1.0726,5.290,-3.193,0.900
2540227,1365,1822,1857,0.1692,0.3913,1.0942,3.066,-3.490,0.973
2540237,1287,1839,1791,0.1742,0.3981,1.1077,0.197,-3.455,1.150
2540247,1284,1815,1755,0.1780,0.4012,1.1137,-3.069,-2.990,1.239
2540257,1325,1832,2038,0.1802,0.3961,1.1149,-6.230,-2.281,1.114
2540267,1364,1814,1811,0.1790,0.3835,1.1096,-8.945,-1.405,0.867
2540277,1517,1837,1820,0.1766,0.3694,1.1017,-10.958,-0.531,0.678
2540287,1383,1819,1789,0.1721,0.3555,1.0959,-12.135,0.093,0.666
2540297,1293,1862,1771,0.1675,0.3428,1.0851,-12.613,0.533,0.865
2540307,1382,1834,1755,0.1635,0.3321,1.0754,-12.482,0.714,1.252
2540317,1291,1850,1855,0.1612,0.3256,1.0684,-11.832,0.581,1.814
2540327,1330,1828,1790,0.1592,0.3201,1.0632,-10.873,0.287,2.462
2540337,1303,1859,1934,0.1606,0.3139,1.0674,-9.699,-0.219,3.111
2540347,1438,1827,1991,0.1625,0.3100,1.0714,-8.389,-0.691,3.777
2540357,1311,1861,1900,0.1633,0.3097,1.0777,-7.065,-1.056,4.510
2540367,1432,1817,1844,0.1629,0.3126,1.0842,-5.785,-1.311,5.284
2540377,1300,1844,1761,0.1662,0.3127,1.0803,-4.609,-1.322,6.059
2540387,1341,1842,1790,0.1640,0.3156,1.0815,-3.052,-1.236,6.847
2540397,1297,1899,1781,0.1613,0.3186,1.0813,-1.422,-1.252,7.520
2540407,1528,1830,1783,0.1586,0.3236,1.0783,0.316,-1.134,7.999
2540417,1312,1876,1754,0.1547,0.3296,1.0793,2.159,-1.206,8.364
2540427,1372,1835,1763,0.1512,0.3349,1.0743,3.876,-1.326,8.598
2540437,1305,1914,1820,0.1498,0.3396,1.0758,5.483,-1.637,8.745
2540447,1318,1871,1765,0.1489,0.3428,1.0696,6.916,-2.064,8.932
2540457,1297,1932,1807,0.1477,0.3484,1.0705,8.219,-2.534,9.283
2540467,1336,1869,1757,0.1466,0.3580,1.0737,9.260,-3.218,9.731
2540477,1315,1902,1756,0.1477,0.3698,1.0710,10.083,-3.662,10.084
2540487,1312,1906,1858,0.1493,0.3821,1.0746,10.690,-4.216,10.195
2540497,1374,1958,1819,0.1517,0.3878,1.0721,11.017,-4.725,9.923
2540507,1304,1864,1799,0.1561,0.3882,1.0687,10.921,-5.036,9.330
2540517,1500,1985,1766,0.1591,0.3863,1.0687,10.567,-5.363,8.679
2540527,1350,1894,1755,0.1608,0.3863,1.0644,9.914,-5.461,8.078
2540537,1299,1978,1855,0.1607,0.3875,1.0635,8.990,-5.588,7.524
2540547,1331,1892,1832,0.1598,0.3876,1.0593,7.895,-5.731,6.955
2540557,1300,1975,1759,0.1596,0.3858,1.0553,6.689,-5.796,6.355
2540567,1326,1900,1875,0.1606,0.3828,1.0555,5.451,-5.937,5.759
2540577,1443,1948,1780,0.1606,0.3815,1.0582,4.186,-6.004,5.233
2540587,1361,1917,1942,0.1606,0.3811,1.0621,2.823,-5.960,4.775
2540597,1367,1954,1762,0.1616,0.3803,1.0694,1.370,-5.951,4.313
2540607,1318,1922,1808,0.1634,0.3799,1.0765,-0.138,-5.913,3.901
2540617,1340,1957,1761,0.1656,0.3800,1.0834,-1.610,-5.693,3.600
2540627,1325,1870,1757,0.1694,0.3807,1.0884,-2.981,-5.304,3.402
2540637,1315,1971,1775,0.1715,0.3799,1.0869,-4.286,-4.705,3.253
2540647,1307,1921,1787,0.1737,0.3763,1.0827,-5.382,-4.089,3.060
2540657,1312,1979,1760,0.1751,0.3669,1.0776,-5.840,-3.446,2.796
2540667,1436,1900,1800,0.1758,0.3607,1.0715,-6.005,-2.869,2.598
2540677,1310,1998,1784,0.1755,0.3578,1.0662,-5.907,-2.415,2.517
2540687,1311,1950,1753,0.1752,0.3575,1.0645,-5.618,-2.152,2.523
2540697,1323,1958,1792,0.1756,0.3578,1.0626,-5.256,-2.022,2.574
2540707,1328,1931,1962,0.1757,0.3601,1.0623,-4.932,-1.997,2.615
2540717,1367,2045,1930,0.1780,0.3631,1.0660,-4.786,-2.070,2.640
2540727,1351,1924,1785,0.1811,0.3659,1.0700,-4.927,-2.135,2.654
2540737,1353,1953,1758,0.1825,0.3680,1.0718,-5.392,-2.028,2.642
2540747,1347,1914,1757,0.1834,0.3678,1.0713,-6.055,-1.882,2.550
2540757,1312,1898,1759,0.1834,0.3630,1.0699,-6.774,-1.700,2.333
2540767,1320,1927,1802,0.1833,0.3550,1.0722,-7.443,-1.613,2.068
2540777,1313,2003,1788,0.1833,0.3477,1.0742,-7.990,-1.585,1.901
2540787,1317,1955,1885,0.1836,0.3441,1.0748,-8.320,-1.511,1.881
2540797,1315,1980,1764,0.1844,0.3411,1.0742,-8.353,-1.396,1.925
2540807,1358,1953,1896,0.1842,0.3374,1.0753,-8.072,-1.307,1.970
2540817,1357,2081,1773,0.1835,0.3344,1.0749,-7.573,-1.215,1.967
2540827,1318,1960,1914,0.1833,0.3333,1.0728,-6.969,-1.110,1.894
2540837,1353,2086,1760,0.1831,0.3321,1.0714,-6.338,-1.111,1.756
2540847,1318,1989,1880,0.1829,0.3313,1.0706,-5.735,-1.163,1.530
2540857,1344,2050,1766,0.1825,0.3307,1.0724,-5.149,-1.256,1.305
2540867,1321,1965,1834,0.1818,0.3321,1.0746,-4.577,-1.356,1.137
2540877,1374,2092,1756,0.1814,0.3334,1.0743,-3.960,-1.382,0.975
2540887,1327,2039,1800,0.1821,0.3334,1.0751,-3.323,-1.497,0.790
2540897,1351,2083,1760,0.1826,0.3325,1.0735,-2.702,-1.576,0.609
2540907,1445,1997,1759,0.1836,0.3320,1.0726,-2.138,-1.668,0.437
2540917,1352,2072,1769,0.1845,0.3321,1.0731,-1.624,-1.770,0.270
2540927,1323,2031,1771,0.1855,0.3321,1.0709,-1.105,-1.816,0.068
2540937,1340,2123,1792,0.1862,0.3316,1.0722,-0.546,-1.915,-0.183
2540947,1328,2052,1797,0.1871,0.3319,1.0695,0.041,-1.986,-0.498
2540957,1381,2097,1772,0.1875,0.3332,1.0681,0.641,-2.104,-0.855
2540967,1330,2060,1756,0.1853,0.3332,1.0674,1.319,-2.295,-1.240
2540977,1338,2097,1829,0.1833,0.3340,1.0679,1.948,-2.456,-1.647
2540987,1412,2114,1817,0.1857,0.3330,1.0633,2.512,-2.746,-2.032
2540997,1433,2137,1835,0.1851,0.3349,1.0680,3.331,-2.973,-2.362
2541007,1326,2099,1757,0.1851,0.3355,1.0729,3.943,-3.334,-2.699
2541017,1354,2165,1795,0.1858,0.3362,1.0689,4.285,-3.324,-3.077
2541027,1568,2074,1867,0.1899,0.3384,1.0734,4.459,-3.554,-3.391
2541037,1327,2143,1784,0.1923,0.3380,1.0732,4.437,-3.587,-3.608
2541047,1332,2092,1852,0.1938,0.3374,1.0771,4.251,-3.610,-3.729
2541057,1331,2111,1787,0.1922,0.3384,1.0737,3.982,-3.545,-3.730
2541067,1328,2098,1877,0.1886,0.3427,1.0730,3.759,-3.404,-3.656
2541077,1415,2149,1786,0.1851,0.3465,1.0722,3.608,-3.423,-3.595
2541087,1330,2126,1778,0.1824,0.3474,1.0695,3.571,-3.379,-3.585
2541097,1355,2139,1760,0.1813,0.3472,1.0683,3.618,-3.527,-3.587
2541107,1334,2097,1858,0.1810,0.3476,1.0706,3.686,-3.699,-3.583
2541117,1351,2141,1771,0.1817,0.3473,1.0721,3.710,-3.915,-3.528
2541127,1345,2112,1821,0.1848,0.3467,1.0710,3.742,-4.108,-3.415
2541137,1380,2142,1835,0.1862,0.3464,1.0734,3.891,-4.346,-3.236
2541147,1358,2072,1760,0.1855,0.3449,1.0739,4.127,-4.578,-3.056
2541157,1332,2114,1761,0.1865,0.3439,1.0731,4.377,-4.702,-2.885