810972,1897,1910,1901,0.9845,-0.0210,0.3923,-0.065,-0.234,0.302
810982,1885,1899,1942,0.9839,-0.0215,0.3921,-0.051,-0.229,0.339
810992,1889,1919,1908,0.9832,-0.0215,0.3925,-0.043,-0.212,0.378
811002,1890,1895,1935,0.9826,-0.0207,0.3921,-0.058,-0.186,0.414
811012,1901,1925,1907,0.9828,-0.0196,0.3915,-0.093,-0.176,0.447
811022,1904,1896,1940,0.9840,-0.0200,0.3915,-0.145,-0.204,0.455
811032,1894,1923,1902,0.9850,-0.0205,0.3918,-0.206,-0.267,0.460
811042,1891,1898,1932,0.9860,-0.0205,0.3929,-0.276,-0.350,0.446
811052,1907,1922,1904,0.9869,-0.0208,0.3949,-0.329,-0.423,0.410
811062,1902,1896,1943,0.9880,-0.0215,0.3960,-0.337,-0.467,0.354
811072,1897,1919,1908,0.9877,-0.0221,0.3950,-0.303,-0.477,0.309
811082,1886,1899,1941,0.9876,-0.0210,0.3949,-0.259,-0.476,0.279
811092,1893,1926,1905,0.9867,-0.0205,0.3950,-0.245,-0.452,0.263
811102,1890,1895,1941,0.9864,-0.0199,0.3948,-0.260,-0.388,0.242
811112,1894,1928,1905,0.9863,-0.0202,0.3956,-0.270,-0.312,0.231
811122,1887,1902,1943,0.9857,-0.0204,0.3942,-0.268,-0.215,0.224
811132,1886,1921,1908,0.9842,-0.0205,0.3939,-0.241,-0.102,0.220
811142,1897,1899,1938,0.9836,-0.0206,0.3932,-0.184,-0.012,0.210
811152,1900,1930,1907,0.9832,-0.0197,0.3935,-0.121,0.050,0.183
811162,1905,1900,1946,0.9830,-0.0201,0.3936,-0.065,0.077,0.120
811172,1890,1927,1911,0.9830,-0.0205,0.3929,-0.036,0.093,0.052
811182,1896,1900,1937,0.9827,-0.0208,0.3921,-0.031,0.104,-0.009
811192,1885,1921,1908,0.9833,-0.0218,0.3912,-0.077,0.088,-0.064
811202,1885,1900,1949,0.9832,-0.0223,0.3906,-0.166,0.065,-0.101
811212,1885,1927,1910,0.9834,-0.0222,0.3913,-0.287,0.011,-0.109
811222,1896,1899,1940,0.9842,-0.0231,0.3914,-0.438,-0.058,-0.082
811232,1896,1928,1915,0.9843,-0.0241,0.3910,-0.618,-0.121,-0.037
811242,1884,1898,1947,0.9847,-0.0242,0.3902,-0.805,-0.157,0.021
811252,1891,1926,1909,0.9846,-0.0244,0.3907,-1.017,-0.179,0.091
811262,1887,1901,1945,0.9842,-0.0235,0.3911,-1.239,-0.214,0.180
811272,1894,1928,1911,0.9849,-0.0235,0.3926,-1.454,-0.255,0.257
811282,1901,1905,1946,0.9849,-0.0233,0.3938,-1.671,-0.292,0.334
811292,1887,1922,1920,0.9852,-0.0235,0.3941,-1.893,-0.322,0.404
811302,1885,1899,1950,0.9845,-0.0232,0.3933,-2.096,-0.358,0.476
811312,1895,1928,1916,0.9851,-0.0225,0.3933,-2.258,-0.396,0.536
811322,1886,1903,1945,0.9853,-0.0225,0.3942,-2.384,-0.432,0.589
811332,1902,1934,1915,0.9851,-0.0225,0.3947,-2.465,-0.460,0.617
811342,1893,1902,1950,0.9852,-0.0230,0.3942,-2.495,-0.467,0.626
811352,1882,1925,1913,0.9854,-0.0232,0.3950,-2.482,-0.461,0.630
811362,1888,1902,1949,0.9850,-0.0232,0.3947,-2.458,-0.453,0.639
811372,1926,1929,1911,0.9843,-0.0232,0.3946,-2.396,-0.444,0.654
811382,1882,1906,1952,0.9835,-0.0228,0.3953,-2.303,-0.450,0.665
811392,1889,1933,1921,0.9839,-0.0227,0.3950,-2.184,-0.425,0.688
811402,1885,1909,1953,0.9831,-0.0231,0.3959,-2.038,-0.390,0.685
811412,1895,1936,1917,0.9837,-0.0224,0.3968,-1.873,-0.356,0.671
811422,1893,1900,1958,0.9847,-0.0218,0.3971,-1.655,-0.328,0.653
811432,1883,1924,1916,0.9851,-0.0221,0.3976,-1.427,-0.300,0.612
811442,1887,1907,1943,0.9854,-0.0223,0.3967,-1.205,-0.277,0.557
811452,1889,1930,1917,0.9853,-0.0225,0.3960,-0.987,-0.245,0.508
811462,1883,1908,1961,0.9853,-0.0226,0.3959,-0.781,-0.202,0.463
811472,1900,1930,1915,0.9858,-0.0230,0.3959,-0.578,-0.164,0.418
811482,1891,1907,1957,0.9852,-0.0227,0.3947,-0.394,-0.131,0.365
811492,1887,1932,1915,0.9848,-0.0231,0.3948,-0.220,-0.107,0.322
811502,1881,1903,1957,0.9849,-0.0231,0.3946,-0.060,-0.093,0.282
811512,1908,1933,1912,0.9849,-0.0230,0.3946,0.073,-0.094,0.250
811522,1888,1903,1955,0.9848,-0.0228,0.3945,0.191,-0.085,0.221
811532,1897,1929,1918,0.9853,-0.0228,0.3937,0.262,-0.088,0.177
811542,1898,1903,1957,0.9854,-0.0231,0.3939,0.295,-0.082,0.146
811552,1893,1943,1920,0.9849,-0.0230,0.3938,0.299,-0.077,0.128
811562,1890,1910,1959,0.9850,-0.0231,0.3950,0.273,-0.098,0.111
811572,1893,1944,1917,0.9850,-0.0227,0.3939,0.202,-0.106,0.100
811582,1881,1907,1961,0.9844,-0.0233,0.3935,0.114,-0.115,0.096
811592,1941,1936,1922,0.9844,-0.0237,0.3933,-0.001,-0.134,0.106
811602,1890,1909,1959,0.9848,-0.0243,0.3949,-0.114,-0.142,0.115
811612,1900,1937,1916,0.9842,-0.0246,0.3942,-0.237,-0.151,0.136
811622,1912,1911,1964,0.9844,-0.0250,0.3940,-0.363,-0.157,0.164
811632,1923,1938,1922,0.9842,-0.0235,0.3931,-0.482,-0.174,0.198
811642,1926,1918,1962,0.9845,-0.0237,0.3921,-0.609,-0.203,0.240
811652,1887,1940,1922,0.9855,-0.0236,0.3929,-0.738,-0.241,0.276
811662,1896,1911,1960,0.9861,-0.0234,0.3916,-0.870,-0.277,0.314
811672,1880,1953,1917,0.9860,-0.0237,0.3921,-1.004,-0.303,0.335
811682,1892,1910,1965,0.9865,-0.0237,0.3930,-1.115,-0.320,0.338
811692,1879,1940,1926,0.9859,-0.0242,0.3939,-1.195,-0.323,0.351
811702,1899,1915,1963,0.9859,-0.0245,0.3938,-1.242,-0.316,0.382
811712,1900,1940,1918,0.9860,-0.0240,0.3940,-1.258,-0.326,0.409
811722,1886,1904,1953,0.9859,-0.0239,0.3931,-1.259,-0.326,0.430
811732,1914,1935,1926,0.9851,-0.0236,0.3935,-1.252,-0.333,0.441
811742,1893,1918,1962,0.9848,-0.0233,0.3935,-1.225,-0.318,0.431
811752,1888,1946,1921,0.9845,-0.0228,0.3931,-1.159,-0.294,0.412
811762,1902,1909,1955,0.9843,-0.0224,0.3923,-1.078,-0.268,0.392
811772,1884,1943,1928,0.9846,-0.0221,0.3934,-0.982,-0.236,0.353
811782,1897,1910,1965,0.9853,-0.0227,0.3933,-0.859,-0.212,0.315
811792,1893,1928,1926,0.9850,-0.0229,0.3929,-0.731,-0.163,0.273
811802,1887,1919,1961,0.9849,-0.0234,0.3929,-0.582,-0.121,0.215
811812,1887,1947,1927,0.9842,-0.0228,0.3934,-0.448,-0.080,0.166
811822,1896,1911,1966,0.9833,-0.0225,0.3929,-0.331,-0.047,0.130
811832,1895,1941,1924,0.9842,-0.0231,0.3924,-0.215,-0.037,0.107
811842,1905,1918,1964,0.9851,-0.0227,0.3928,-0.112,-0.052,0.119
811852,1894,1947,1927,0.9851,-0.0237,0.3916,-0.082,-0.067,0.127
811862,1986,1913,1968,0.9852,-0.0238,0.3923,-0.051,-0.120,0.105
811872,1888,1949,1929,0.9861,-0.0240,0.3924,-0.049,-0.194,0.055
811882,1901,1911,1966,0.9863,-0.0239,0.3924,0.014,-0.245,0.004
811892,1893,1953,1922,0.9869,-0.0241,0.3928,0.122,-0.287,-0.055
811902,1899,1919,1960,0.9863,-0.0242,0.3942,0.265,-0.293,-0.099
811912,1886,1948,1928,0.9863,-0.0237,0.3946,0.416,-0.257,-0.137
811922,1908,1911,1966,0.9865,-0.0243,0.3957,0.546,-0.211,-0.180
811932,1884,1947,1929,0.9857,-0.0243,0.3956,0.670,-0.143,-0.208
811942,1924,1917,1969,0.9853,-0.0236,0.3971,0.795,-0.088,-0.206
811952,1885,1942,1921,0.9853,-0.0230,0.3967,0.932,-0.041,-0.188
811962,1898,1912,1977,0.9847,-0.0229,0.3964,1.108,0.001,-0.199
811972,1894,1952,1934,0.9845,-0.0233,0.3972,1.318,0.049,-0.225
811982,1923,1920,1968,0.9837,-0.0225,0.3955,1.532,0.084,-0.253
811992,1885,1949,1930,0.9841,-0.0222,0.3953,1.716,0.135,-0.291
812002,1905,1919,1968,0.9842,-0.0219,0.3929,1.873,0.203,-0.325
812012,1886,1949,1926,0.9836,-0.0220,0.3928,1.990,0.263,-0.344
812022,1898,1917,1971,0.9842,-0.0229,0.3918,2.068,0.303,-0.332
812032,1890,1943,1924,0.9839,-0.0233,0.3922,2.096,0.311,-0.314
812042,1908,1919,1972,0.9849,-0.0232,0.3925,2.070,0.291,-0.274
812052,1888,1951,1929,0.9843,-0.0232,0.3915,1.973,0.254,-0.224
812062,1914,1913,1972,0.9839,-0.0232,0.3922,1.850,0.227,-0.170
812072,1886,1945,1940,0.9841,-0.0233,0.3917,1.698,0.185,-0.144
812082,1898,1923,1966,0.9838,-0.0231,0.3911,1.538,0.119,-0.106
812092,1885,1944,1933,0.9844,-0.0232,0.3918,1.378,0.041,-0.050
812102,1918,1919,1973,0.9848,-0.0227,0.3929,1.210,-0.025,0.021
812112,1884,1953,1940,0.9846,-0.0222,0.3926,1.045,-0.070,0.072
812122,1913,1921,1973,0.9849,-0.0215,0.3927,0.840,-0.104,0.079
812132,1884,1956,1925,0.9842,-0.0219,0.3928,0.673,-0.141,0.075
812142,1905,1915,1971,0.9839,-0.0214,0.3934,0.552,-0.175,0.065
812152,1888,1960,1933,0.9837,-0.0213,0.3929,0.432,-0.208,0.036
812162,1901,1921,1964,0.9836,-0.0212,0.3937,0.323,-0.238,0.024
812172,1892,1954,1931,0.9832,-0.0210,0.3938,0.235,-0.271,-0.000
812182,1961,1921,1968,0.9835,-0.0214,0.3935,0.174,-0.293,0.007
812192,1883,1951,1931,0.9836,-0.0217,0.3928,0.120,-0.293,0.021
812202,1906,1920,1973,0.9833,-0.0221,0.3941,0.087,-0.269,0.032
812212,1887,1955,1933,0.9833,-0.0215,0.3956,0.078,-0.264,0.048
812222,1925,1926,1981,0.9835,-0.0206,0.3952,0.085,-0.255,0.069
812232,1880,1955,1934,0.9833,-0.0207,0.3955,0.110,-0.249,0.084
812242,1919,1918,1970,0.9826,-0.0206,0.3948,0.142,-0.260,0.089
812252,1884,1965,1932,0.9829,-0.0208,0.3949,0.184,-0.273,0.085
812262,1938,1922,1973,0.9831,-0.0205,0.3950,0.229,-0.269,0.089
812272,1886,1956,1935,0.9841,-0.0205,0.3946,0.273,-0.259,0.115
812282,1922,1923,1981,0.9848,-0.0208,0.3944,0.332,-0.245,0.134
812292,1882,1962,1933,0.9841,-0.0212,0.3951,0.398,-0.218,0.146
812302,1923,1915,1973,0.9843,-0.0210,0.3949,0.475,-0.194,0.146
812312,1884,1957,1935,0.9838,-0.0206,0.3946,0.541,-0.173,0.167
812322,1915,1929,1967,0.9843,-0.0204,0.3950,0.602,-0.156,0.187
812332,1886,1956,1935,0.9846,-0.0203,0.3951,0.646,-0.137,0.214
812342,1913,1926,1981,0.9846,-0.0191,0.3944,0.686,-0.118,0.240
812352,1879,1955,1937,0.9840,-0.0190,0.3934,0.702,-0.114,0.254
812362,1918,1932,1971,0.9832,-0.0192,0.3922,0.708,-0.097,0.260
812372,1881,1960,1937,0.9829,-0.0197,0.3919,0.688,-0.076,0.248
812382,1939,1929,1976,0.9836,-0.0198,0.3922,0.644,-0.060,0.222
812392,1882,1964,1934,0.9839,-0.0193,0.3915,0.579,-0.057,0.219
812402,1902,1926,1972,0.9832,-0.0188,0.3907,0.498,-0.069,0.233
812412,1883,1964,1935,0.9839,-0.0193,0.3909,0.395,-0.101,0.246
812422,1918,1923,1977,0.9844,-0.0194,0.3916,0.285,-0.123,0.262
812432,1890,1960,1932,0.9850,-0.0201,0.3926,0.180,-0.151,0.277
812442,1904,1925,1979,0.9840,-0.0198,0.3936,0.061,-0.154,0.272
812452,1884,1963,1939,0.9840,-0.0196,0.3947,-0.056,-0.151,0.269
812462,1918,1932,1974,0.9842,-0.0196,0.3944,-0.169,-0.166,0.266
812472,1884,1959,1934,0.9840,-0.0199,0.3919,-0.297,-0.175,0.258
812482,1911,1923,1976,0.9845,-0.0202,0.3923,-0.422,-0.214,0.256
812492,1883,1959,1937,0.9849,-0.0210,0.3923,-0.533,-0.253,0.270
812502,1908,1929,1978,0.9851,-0.0211,0.3930,-0.642,-0.285,0.286
812512,1894,1967,1931,0.9853,-0.0213,0.3928,-0.762,-0.313,0.301
812522,1907,1926,1975,0.9857,-0.0223,0.3931,-0.876,-0.323,0.308
812532,1882,1964,1933,0.9851,-0.0225,0.3954,-0.968,-0.342,0.324
812542,1910,1933,1978,0.9842,-0.0218,0.3946,-1.038,-0.353,0.340
812552,1883,1967,1934,0.9846,-0.0214,0.3951,-1.084,-0.355,0.367
812562,1921,1926,1974,0.9847,-0.0212,0.3948,-1.108,-0.349,0.380
812572,1889,1968,1937,0.9846,-0.0204,0.3945,-1.128,-0.355,0.387
812582,1920,1920,1972,0.9847,-0.0205,0.3930,-1.126,-0.348,0.373
812592,1885,1962,1926,0.9845,-0.0206,0.3930,-1.107,-0.339,0.357
812602,1923,1924,1964,0.9845,-0.0209,0.3928,-1.085,-0.318,0.334
812612,1885,1954,1925,0.9839,-0.0204,0.3933,-1.056,-0.291,0.316
812622,1926,1918,1968,0.9842,-0.0205,0.3935,-1.019,-0.284,0.303
812632,1881,1953,1930,0.9848,-0.0211,0.3935,-0.961,-0.274,0.276
812642,1917,1916,1972,0.9849,-0.0214,0.3938,-0.899,-0.252,0.251
812652,1884,1951,1925,0.9839,-0.0210,0.3932,-0.844,-0.226,0.228
812662,1915,1918,1964,0.9836,-0.0210,0.3929,-0.793,-0.183,0.216
812672,1885,1956,1925,0.9828,-0.0206,0.3931,-0.762,-0.154,0.217
812682,1912,1917,1959,0.9824,-0.0208,0.3918,-0.758,-0.140,0.235
812692,1887,1953,1925,0.9826,-0.0211,0.3911,-0.795,-0.154,0.256
812702,1948,1921,1962,0.9837,-0.0207,0.3907,-0.861,-0.202,0.286
812712,1888,1956,1935,0.9847,-0.0213,0.3901,-0.950,-0.265,0.304
812722,1909,1919,1965,0.9861,-0.0222,0.3909,-1.054,-0.338,0.296
812732,1885,1952,1925,0.9864,-0.0223,0.3911,-1.126,-0.398,0.269
812742,1916,1923,1973,0.9863,-0.0228,0.3919,-1.173,-0.444,0.255
812752,1885,1954,1928,0.9863,-0.0230,0.3934,-1.194,-0.483,0.256
812762,1922,1925,1967,0.9866,-0.0230,0.3947,-1.202,-0.511,0.270
812772,1897,1946,1929,0.9864,-0.0232,0.3942,-1.217,-0.503,0.300
812782,1912,1926,1956,0.9868,-0.0221,0.3945,-1.246,-0.458,0.345
812792,1890,1959,1926,0.9864,-0.0222,0.3945,-1.270,-0.389,0.371
812802,1901,1921,1973,0.9857,-0.0216,0.3949,-1.244,-0.308,0.382
812812,1903,1960,1927,0.9856,-0.0208,0.3954,-1.170,-0.231,0.373
812822,1926,1923,1970,0.9856,-0.0205,0.3958,-1.042,-0.164,0.359
812832,1883,1955,1928,0.9855,-0.0211,0.3960,-0.883,-0.107,0.326
812842,1930,1927,1975,0.9853,-0.0206,0.3955,-0.710,-0.057,0.274
812852,1885,1957,1932,0.9846,-0.0208,0.3958,-0.567,-0.015,0.224
812862,1934,1913,1966,0.9842,-0.0207,0.3955,-0.445,0.022,0.176
812872,1886,1956,1927,0.9844,-0.0211,0.3943,-0.337,0.049,0.145
812882,1915,1930,1969,0.9841,-0.0213,0.3939,-0.256,0.059,0.122
812892,1915,1963,1928,0.9850,-0.0217,0.3949,-0.215,0.065,0.127
812902,1922,1924,1969,0.9852,-0.0223,0.3948,-0.201,0.044,0.132
812912,1883,1948,1930,0.9849,-0.0229,0.3948,-0.215,0.036,0.128
812922,1915,1928,1967,0.9849,-0.0227,0.3940,-0.253,0.012,0.138
812932,1899,1947,1928,0.9848,-0.0227,0.3933,-0.309,-0.038,0.154
812942,1922,1920,1968,0.9843,-0.0227,0.3943,-0.371,-0.105,0.172
812952,1892,1957,1923,0.9845,-0.0222,0.3943,-0.455,-0.162,0.190
812962,1901,1926,1968,0.9840,-0.0220,0.3945,-0.551,-0.201,0.204
812972,1883,1967,1932,0.9838,-0.0217,0.3945,-0.678,-0.256,0.212
812982,1902,1925,1956,0.9846,-0.0230,0.3947,-0.788,-0.324,0.220
812992,1886,1950,1929,0.9852,-0.0227,0.3937,-0.889,-0.397,0.238
813002,1906,1921,1961,0.9863,-0.0211,0.3934,-0.979,-0.456,0.276
813012,1891,1955,1929,0.9858,-0.0212,0.3937,-1.109,-0.465,0.305
813022,1912,1919,1966,0.9849,-0.0221,0.3949,-1.195,-0.459,0.312
813032,1902,1954,1924,0.9852,-0.0220,0.3943,-1.271,-0.452,0.305
813042,1930,1923,1966,0.9855,-0.0229,0.3940,-1.310,-0.427,0.296
813052,1882,1955,1921,0.9858,-0.0225,0.3951,-1.316,-0.381,0.276
813062,1927,1931,1964,0.9854,-0.0219,0.3949,-1.290,-0.320,0.253
813072,1886,1954,1924,0.9854,-0.0218,0.3928,-1.245,-0.280,0.242
813082,1926,1928,1967,0.9852,-0.0217,0.3934,-1.199,-0.261,0.233
813092,1913,1955,1920,0.9851,-0.0215,0.3929,-1.158,-0.256,0.241
813102,1951,1921,1970,0.9854,-0.0214,0.3935,-1.109,-0.259,0.259
813112,1882,1948,1924,0.9850,-0.0215,0.3940,-1.068,-0.236,0.263
813122,1930,1919,1957,0.9843,-0.0217,0.3937,-1.018,-0.193,0.247
813132,1886,1955,1921,0.9846,-0.0220,0.3939,-0.960,-0.163,0.231
813142,1941,1916,1963,0.9842,-0.0221,0.3936,-0.886,-0.162,0.214
813152,1884,1954,1928,0.9847,-0.0232,0.3943,-0.800,-0.172,0.199
813162,1932,1923,1957,0.9855,-0.0241,0.3940,-0.733,-0.178,0.180
813172,1881,1948,1920,0.9857,-0.0232,0.3943,-0.683,-0.180,0.172
813182,1917,1920,1963,0.9849,-0.0226,0.3934,-0.640,-0.178,0.159
813192,1912,1970,1915,0.9861,-0.0222,0.3929,-0.601,-0.192,0.159
813202,1915,1919,1954,0.9862,-0.0226,0.3917,-0.567,-0.217,0.180
813212,1888,1952,1923,0.9861,-0.0226,0.3927,-0.552,-0.230,0.208
813222,1925,1918,1953,0.9862,-0.0223,0.3926,-0.532,-0.231,0.228
813232,1881,1954,1926,0.9856,-0.0225,0.3915,-0.512,-0.210,0.226
813242,1941,1919,1952,0.9851,-0.0234,0.3918,-0.495,-0.189,0.216
813252,1889,1950,1918,0.9851,-0.0230,0.3914,-0.482,-0.189,0.190
813262,1914,1921,1956,0.9852,-0.0236,0.3908,-0.481,-0.180,0.165
813272,1884,1945,1923,0.9850,-0.0229,0.3911,-0.488,-0.182,0.140
813282,1921,1923,1955,0.9853,-0.0226,0.3909,-0.495,-0.186,0.130
813292,1881,1948,1918,0.9857,-0.0228,0.3904,-0.491,-0.182,0.113
813302,1924,1926,1962,0.9850,-0.0230,0.3907,-0.465,-0.191,0.094
813312,1882,1955,1918,0.9846,-0.0236,0.3906,-0.420,-0.206,0.075
813322,1904,1924,1955,0.9850,-0.0229,0.3910,-0.365,-0.247,0.067
813332,1883,1950,1919,0.9846,-0.0235,0.3909,-0.279,-0.287,0.066
813342,1911,1916,1950,0.9847,-0.0233,0.3918,-0.170,-0.331,0.070
813352,1889,1950,1922,0.9846,-0.0236,0.3912,-0.079,-0.347,0.065
813362,1927,1920,1952,0.9840,-0.0233,0.3919,-0.012,-0.343,0.049
813372,1880,1950,1918,0.9842,-0.0231,0.3922,-0.011,-0.333,0.021
813382,1922,1919,1947,0.9841,-0.0233,0.3930,-0.040,-0.344,-0.010
813392,1883,1955,1918,0.9841,-0.0232,0.3934,-0.046,-0.359,-0.023
813402,1934,1918,1953,0.9842,-0.0227,0.3936,-0.047,-0.380,-0.020
813412,1891,1955,1916,0.9844,-0.0229,0.3942,-0.041,-0.404,-0.025
813422,1905,1918,1953,0.9854,-0.0234,0.3956,-0.004,-0.421,-0.032
813432,1884,1942,1919,0.9856,-0.0235,0.3961,0.048,-0.419,-0.026
813442,1925,1919,1958,0.9855,-0.0236,0.3968,0.131,-0.391,-0.012
813452,1886,1948,1916,0.9855,-0.0230,0.3959,0.235,-0.349,0.021
813462,1916,1916,1952,0.9847,-0.0229,0.3963,0.380,-0.325,0.060
813472,1885,1945,1918,0.9850,-0.0227,0.3963,0.530,-0.303,0.098
813482,1910,1919,1952,0.9853,-0.0226,0.3971,0.677,-0.268,0.132
813492,1887,1940,1916,0.9863,-0.0232,0.3967,0.812,-0.229,0.159
813502,1924,1917,1946,0.9862,-0.0236,0.3966,0.953,-0.165,0.177
813512,1885,1942,1922,0.9856,-0.0234,0.3968,1.101,-0.081,0.198
813522,1898,1911,1959,0.9855,-0.0232,0.3959,1.241,0.003,0.232
813532,1886,1948,1912,0.9850,-0.0239,0.3942,1.355,0.065,0.274
813542,1904,1918,1953,0.9845,-0.0243,0.3919,1.442,0.105,0.332
813552,1883,1941,1912,0.9841,-0.0245,0.3907,1.498,0.141,0.401
813562,1946,1906,1953,0.9849,-0.0237,0.3887,1.508,0.156,0.471
813572,1883,1948,1917,0.9850,-0.0226,0.3883,1.475,0.129,0.509
813582,1920,1917,1952,0.9861,-0.0228,0.3883,1.387,0.041,0.525
813592,1888,1937,1911,0.9862,-0.0221,0.3880,1.252,-0.067,0.504
813602,1937,1911,1944,0.9870,-0.0222,0.3879,1.084,-0.182,0.452
813612,1890,1937,1912,0.9877,-0.0222,0.3879,0.940,-0.276,0.375
813622,1908,1910,1959,0.9881,-0.0224,0.3893,0.806,-0.338,0.311
813632,1882,1940,1912,0.9874,-0.0223,0.3904,0.703,-0.352,0.264
813642,1904,1910,1950,0.9864,-0.0227,0.3917,0.601,-0.343,0.216
813652,1883,1932,1916,0.9860,-0.0215,0.3933,0.534,-0.309,0.188
813662,1902,1909,1942,0.9855,-0.0212,0.3929,0.530,-0.260,0.171
813672,1889,1940,1914,0.9857,-0.0205,0.3929,0.566,-0.214,0.146
813682,1949,1910,1936,0.9849,-0.0204,0.3946,0.643,-0.180,0.114
813692,1887,1946,1910,0.9842,-0.0199,0.3949,0.732,-0.150,0.067
813702,1926,1909,1941,0.9838,-0.0200,0.3937,0.848,-0.093,0.007
813712,1883,1941,1910,0.9831,-0.0204,0.3945,0.977,-0.024,-0.070
813722,1908,1909,1946,0.9825,-0.0209,0.3937,1.057,0.013,-0.142
813732,1884,1939,1906,0.9833,-0.0210,0.3920,1.131,0.043,-0.173
813742,1914,1909,1948,0.9838,-0.0210,0.3917,1.185,0.058,-0.172
813752,1883,1942,1910,0.9849,-0.0217,0.3913,1.202,0.047,-0.155
813762,1899,1906,1942,0.9860,-0.0218,0.3906,1.190,0.020,-0.133
813772,1896,1941,1906,0.9864,-0.0221,0.3909,1.156,0.015,-0.106
813782,1893,1910,1950,0.9859,-0.0222,0.3922,1.100,0.023,-0.082
813792,1886,1932,1908,0.9858,-0.0221,0.3911,1.034,0.032,-0.050
813802,1909,1908,1941,0.9857,-0.0218,0.3907,0.965,0.031,-0.002
813812,1883,1940,1910,0.9851,-0.0210,0.3907,0.902,0.013,0.053
813822,1910,1904,1932,0.9841,-0.0208,0.3900,0.818,-0.005,0.113
813832,1890,1939,1911,0.9835,-0.0206,0.3904,0.706,-0.028,0.154
813842,1916,1904,1942,0.9837,-0.0206,0.3917,0.589,-0.046,0.177
813852,1884,1933,1906,0.9841,-0.0212,0.3920,0.495,-0.061,0.187
813862,1899,1910,1944,0.9848,-0.0208,0.3909,0.429,-0.062,0.179
813872,1888,1934,1909,0.9845,-0.0209,0.3913,0.373,-0.067,0.160
813882,1918,1908,1937,0.9841,-0.0211,0.3907,0.293,-0.087,0.138
813892,1885,1933,1915,0.9843,-0.0208,0.3912,0.224,-0.114,0.129
813902,1912,1903,1941,0.9843,-0.0214,0.3921,0.168,-0.122,0.132
813912,1881,1930,1906,0.9845,-0.0209,0.3919,0.138,-0.107,0.142
813922,1940,1905,1943,0.9844,-0.0204,0.3920,0.119,-0.096,0.156
813932,1883,1934,1905,0.9855,-0.0200,0.3916,0.121,-0.091,0.171
813942,1910,1907,1935,0.9851,-0.0190,0.3919,0.130,-0.093,0.172
813952,1883,1936,1910,0.9853,-0.0193,0.3926,0.157,-0.089,0.169
813962,1945,1907,1941,0.9847,-0.0189,0.3926,0.181,-0.083,0.174
813972,1884,1934,1909,0.9853,-0.0190,0.3940,0.210,-0.075,0.180
813982,1912,1906,1937,0.9852,-0.0201,0.3945,0.255,-0.096,0.187
813992,1885,1938,1904,0.9854,-0.0208,0.3943,0.318,-0.104,0.209
814002,1901,1907,1936,0.9850,-0.0210,0.3949,0.392,-0.115,0.230
814012,1883,1932,1903,0.9854,-0.0212,0.3938,0.466,-0.107,0.240
814022,1901,1903,1944,0.9853,-0.0209,0.3940,0.548,-0.076,0.247
814032,1885,1934,1902,0.9856,-0.0204,0.3932,0.618,-0.063,0.248
814042,1902,1907,1945,0.9859,-0.0202,0.3932,0.682,-0.090,0.244
814052,1884,1925,1904,0.9854,-0.0195,0.3931,0.722,-0.126,0.259
814062,1935,1905,1938,0.9858,-0.0198,0.3939,0.746,-0.143,0.293
814072,1883,1931,1910,0.9857,-0.0197,0.3932,0.763,-0.136,0.326
814082,1896,1900,1938,0.9855,-0.0197,0.3936,0.785,-0.120,0.338
814092,1881,1933,1906,0.9854,-0.0196,0.3938,0.799,-0.084,0.321
814102,1917,1910,1934,0.9853,-0.0203,0.3932,0.779,-0.062,0.278
814112,1879,1923,1909,0.9852,-0.0204,0.3923,0.736,-0.037,0.241
814122,1900,1904,1939,0.9851,-0.0200,0.3907,0.683,-0.006,0.214
814132,1910,1942,1902,0.9853,-0.0193,0.3908,0.613,-0.001,0.192
814142,1907,1901,1930,0.9850,-0.0200,0.3902,0.545,-0.001,0.188
814152,1886,1928,1911,0.9844,-0.0196,0.3904,0.450,-0.029,0.191
814162,1910,1900,1934,0.9839,-0.0196,0.3913,0.334,-0.073,0.180
814172,1887,1934,1910,0.9842,-0.0200,0.3922,0.190,-0.104,0.170
814182,1908,1904,1940,0.9839,-0.0195,0.3931,0.017,-0.110,0.148
814192,1884,1931,1904,0.9841,-0.0197,0.3916,-0.200,-0.091,0.129
814202,1887,1901,1930,0.9843,-0.0195,0.3919,-0.318,-0.051,0.116
814212,1882,1934,1903,0.9841,-0.0197,0.3928,-0.446,-0.075,0.118
814222,1903,1900,1935,0.9836,-0.0202,0.3926,-0.550,-0.100,0.127
814232,1883,1929,1901,0.9838,-0.0202,0.3940,-0.636,-0.145,0.149
814242,1918,1903,1926,0.9843,-0.0209,0.3928,-0.700,-0.161,0.175
814252,1884,1930,1904,0.9844,-0.0209,0.3920,-0.741,-0.139,0.198
814262,1902,1904,1925,0.9840,-0.0205,0.3925,-0.778,-0.160,0.229
814272,1878,1925,1900,0.9841,-0.0207,0.3918,-0.797,-0.181,0.271
814282,1895,1898,1931,0.9842,-0.0205,0.3919,-0.812,-0.208,0.309
814292,1890,1927,1900,0.9841,-0.0201,0.3923,-0.832,-0.211,0.332
814302,1938,1902,1927,0.9829,-0.0192,0.3920,-0.848,-0.208,0.335
814312,1882,1925,1902,0.9832,-0.0189,0.3925,-0.885,-0.202,0.306
814322,1901,1902,1917,0.9834,-0.0181,0.3913,-0.937,-0.206,0.267
814332,1884,1927,1901,0.9831,-0.0175,0.3921,-0.996,-0.216,0.225
814342,1894,1897,1928,0.9834,-0.0186,0.3928,-1.057,-0.197,0.199
814352,1888,1924,1902,0.9828,-0.0189,0.3918,-1.109,-0.171,0.164
814362,1892,1896,1921,0.9818,-0.0199,0.3906,-1.146,-0.141,0.145
814372,1880,1923,1903,0.9819,-0.0201,0.3900,-1.189,-0.120,0.153
814382,1907,1898,1924,0.9815,-0.0205,0.3903,-1.249,-0.124,0.185
814392,1892,1919,1898,0.9817,-0.0207,0.3905,-1.339,-0.145,0.221
814402,1892,1899,1925,0.9820,-0.0208,0.3904,-1.466,-0.195,0.261
814412,1884,1926,1901,0.9835,-0.0208,0.3892,-1.597,-0.255,0.311
814422,1896,1900,1925,0.9846,-0.0211,0.3911,-1.715,-0.327,0.348
814432,1886,1925,1901,0.9847,-0.0215,0.3920,-1.803,-0.394,0.351
814442,1933,1899,1918,0.9852,-0.0214,0.3937,-1.843,-0.434,0.335
814452,1903,1922,1897,0.9856,-0.0213,0.3940,-1.838,-0.473,0.313
814462,1907,1896,1925,0.9859,-0.0211,0.3934,-1.801,-0.476,0.312
814472,1889,1917,1901,0.9857,-0.0206,0.3940,-1.744,-0.451,0.321
814482,1901,1901,1918,0.9859,-0.0203,0.3948,-1.679,-0.418,0.341
814492,1882,1922,1899,0.9861,-0.0202,0.3955,-1.601,-0.357,0.358
814502,1919,1898,1922,0.9858,-0.0200,0.3966,-1.493,-0.294,0.379
814512,1895,1918,1899,0.9845,-0.0205,0.3960,-1.354,-0.223,0.377
814522,1902,1901,1922,0.9841,-0.0196,0.3951,-1.175,-0.135,0.355
814532,1888,1921,1899,0.9835,-0.0189,0.3952,-0.971,-0.069,0.308
814542,1897,1895,1925,0.9835,-0.0194,0.3954,-0.775,-0.018,0.259
814552,1885,1921,1900,0.9828,-0.0198,0.3957,-0.580,0.027,0.218
814562,1885,1895,1922,0.9823,-0.0201,0.3950,-0.431,0.065,0.174
814572,1889,1913,1897,0.9825,-0.0203,0.3933,-0.310,0.086,0.153
814582,1931,1897,1908,0.9824,-0.0208,0.3925,-0.229,0.078,0.139
814592,1889,1918,1900,0.9828,-0.0214,0.3920,-0.194,0.074,0.149
814602,1900,1895,1918,0.9834,-0.0216,0.3914,-0.196,0.038,0.167
814612,1882,1911,1900,0.9843,-0.0213,0.3916,-0.230,0.006,0.185
814622,1907,1895,1915,0.9834,-0.0218,0.3911,-0.327,0.004,0.195
814632,1888,1921,1898,0.9831,-0.0223,0.3920,-0.418,0.005,0.208
814642,1890,1897,1914,0.9842,-0.0232,0.3915,-0.558,-0.058,0.238
814652,1885,1916,1898,0.9852,-0.0229,0.3913,-0.671,-0.119,0.267
814662,1911,1898,1920,0.9855,-0.0230,0.3931,-0.802,-0.193,0.290
814672,1886,1911,1896,0.9848,-0.0237,0.3922,-0.938,-0.229,0.307
814682,1899,1894,1911,0.9845,-0.0234,0.3924,-1.065,-0.243,0.331
814692,1885,1911,1897,0.9856,-0.0235,0.3920,-1.213,-0.295,0.345
814702,1894,1893,1918,0.9855,-0.0232,0.3933,-1.362,-0.361,0.343
814712,1894,1919,1896,0.9855,-0.0232,0.3934,-1.507,-0.417,0.345
814722,1895,1896,1918,0.9857,-0.0226,0.3947,-1.629,-0.450,0.351
814732,1893,1908,1898,0.9854,-0.0230,0.3937,-1.734,-0.442,0.357
814742,1892,1896,1922,0.9848,-0.0225,0.3944,-1.808,-0.424,0.374
814752,1909,1914,1897,0.9846,-0.0224,0.3951,-1.851,-0.424,0.407
814762,1889,1894,1907,0.9847,-0.0224,0.3951,-1.869,-0.424,0.433
814772,1905,1919,1897,0.9849,-0.0223,0.3951,-1.861,-0.399,0.456
814782,1902,1894,1915,0.9849,-0.0221,0.3951,-1.821,-0.343,0.469
814792,1891,1916,1898,0.9851,-0.0219,0.3951,-1.752,-0.283,0.466
814802,1896,1898,1913,0.9844,-0.0220,0.3959,-1.661,-0.240,0.456
814812,1886,1909,1897,0.9843,-0.0216,0.3959,-1.553,-0.220,0.447
814822,1899,1891,1915,0.9846,-0.0212,0.3949,-1.449,-0.232,0.447
814832,1887,1906,1897,0.9842,-0.0218,0.3955,-1.355,-0.257,0.442
814842,1885,1894,1915,0.9840,-0.0227,0.3953,-1.274,-0.248,0.436
814852,1889,1909,1897,0.9848,-0.0232,0.3955,-1.189,-0.232,0.423
814862,1892,1895,1913,0.9853,-0.0235,0.3957,-1.104,-0.215,0.401
814872,1889,1909,1896,0.9853,-0.0235,0.3962,-1.006,-0.193,0.388
814882,1900,1894,1914,0.9853,-0.0231,0.3960,-0.906,-0.183,0.387
814892,1892,1908,1894,0.9848,-0.0231,0.3953,-0.799,-0.181,0.390
814902,1899,1893,1918,0.9850,-0.0230,0.3945,-0.688,-0.184,0.404
814912,1888,1907,1897,0.9849,-0.0236,0.3949,-0.614,-0.190,0.408
814922,1902,1894,1910,0.9850,-0.0231,0.3934,-0.553,-0.196,0.406
814932,1940,1913,1895,0.9842,-0.0234,0.3943,-0.518,-0.208,0.400
814942,1904,1894,1910,0.9847,-0.0229,0.3944,-0.497,-0.207,0.388
814952,1883,1904,1898,0.9845,-0.0228,0.3941,-0.500,-0.199,0.384
814962,1888,1898,1909,0.9849,-0.0231,0.3936,-0.489,-0.191,0.385
814972,1891,1905,1899,0.9847,-0.0227,0.3929,-0.465,-0.180,0.384
814982,1894,1895,1912,0.9850,-0.0224,0.3916,-0.443,-0.172,0.382
814992,1886,1903,1898,0.9843,-0.0224,0.3913,-0.437,-0.174,0.379
815002,1895,1892,1909,0.9834,-0.0227,0.3912,-0.444,-0.183,0.363
815012,1894,1903,1897,0.9839,-0.0221,0.3916,-0.462,-0.196,0.363
815022,1893,1896,1913,0.9834,-0.0224,0.3918,-0.497,-0.233,0.350
815032,1897,1902,1896,0.9839,-0.0223,0.3913,-0.542,-0.268,0.347
815042,1885,1894,1911,0.9844,-0.0227,0.3921,-0.603,-0.285,0.357
815052,1895,1911,1899,0.9857,-0.0233,0.3914,-0.653,-0.282,0.367
815062,1898,1892,1905,0.9861,-0.0235,0.3907,-0.694,-0.271,0.376
815072,1890,1908,1897,0.9865,-0.0243,0.3908,-0.717,-0.261,0.378
815082,1896,1891,1905,0.9863,-0.0239,0.3899,-0.712,-0.245,0.383
815092,1885,1901,1898,0.9863,-0.0233,0.3900,-0.691,-0.217,0.380
815102,1894,1895,1911,0.9868,-0.0227,0.3897,-0.651,-0.202,0.377
815112,1884,1904,1898,0.9859,-0.0226,0.3893,-0.616,-0.204,0.378
815122,1892,1893,1912,0.9855,-0.0228,0.3906,-0.583,-0.209,0.383
815132,1887,1905,1900,0.9857,-0.0234,0.3928,-0.534,-0.220,0.371
815142,1890,1894,1905,0.9859,-0.0235,0.3920,-0.462,-0.212,0.347
815152,1891,1906,1897,0.9864,-0.0221,0.3922,-0.376,-0.174,0.310
815162,1884,1896,1910,0.9863,-0.0225,0.3928,-0.286,-0.152,0.267
815172,1895,1909,1896,0.9860,-0.0221,0.3936,-0.190,-0.135,0.232
815182,1920,1894,1912,0.9860,-0.0224,0.3926,-0.084,-0.105,0.192
815192,1883,1902,1896,0.9850,-0.0226,0.3923,0.015,-0.059,0.166
815202,1900,1897,1911,0.9848,-0.0230,0.3914,0.091,-0.028,0.139
815212,1882,1905,1898,0.9837,-0.0227,0.3917,0.152,-0.001,0.126
815222,1904,1894,1908,0.9836,-0.0233,0.3923,0.211,0.027,0.134
815232,1886,1904,1898,0.9842,-0.0230,0.3918,0.247,0.031,0.153
815242,1882,1894,1904,0.9849,-0.0231,0.3917,0.274,0.006,0.184
815252,1898,1904,1899,0.9852,-0.0231,0.3906,0.278,-0.061,0.211
815262,1887,1895,1907,0.9867,-0.0237,0.3913,0.277,-0.134,0.208
815272,1906,1905,1898,0.9875,-0.0238,0.3927,0.268,-0.201,0.185
815282,1908,1895,1907,0.9876,-0.0238,0.3933,0.286,-0.269,0.162
815292,1889,1905,1897,0.9877,-0.0238,0.3933,0.349,-0.328,0.140
815302,1884,1893,1909,0.9882,-0.0231,0.3945,0.436,-0.359,0.133
815312,1903,1905,1898,0.9879,-0.0226,0.3958,0.530,-0.342,0.139
815322,1896,1895,1907,0.9884,-0.0223,0.3953,0.629,-0.293,0.132
815332,1882,1903,1898,0.9878,-0.0225,0.3952,0.730,-0.207,0.118
815342,1894,1894,1905,0.9872,-0.0228,0.3968,0.852,-0.116,0.094
815352,1887,1904,1899,0.9864,-0.0228,0.3960,0.999,-0.024,0.077
815362,1900,1897,1909,0.9862,-0.0221,0.3966,1.173,0.053,0.069
815372,1884,1900,1899,0.9858,-0.0215,0.3957,1.361,0.115,0.048
815382,1886,1895,1911,0.9847,-0.0213,0.3950,1.535,0.172,-0.002
815392,1915,1906,1899,0.9836,-0.0204,0.3936,1.683,0.235,-0.046
815402,1909,1898,1905,0.9828,-0.0198,0.3912,1.811,0.294,-0.110
815412,1883,1901,1897,0.9825,-0.0202,0.3906,1.916,0.320,-0.164
815422,1886,1893,1905,0.9825,-0.0205,0.3909,1.964,0.313,-0.202
815432,1882,1904,1900,0.9830,-0.0206,0.3882,1.960,0.289,-0.213
815442,1893,1894,1905,0.9834,-0.0213,0.3872,1.900,0.254,-0.203
815452,1886,1901,1900,0.9833,-0.0209,0.3879,1.791,0.187,-0.188
815462,1886,1894,1907,0.9838,-0.0211,0.3885,1.640,0.113,-0.181
815472,1904,1904,1900,0.9844,-0.0214,0.3885,1.472,0.030,-0.169
815482,1908,1893,1904,0.9840,-0.0218,0.3887,1.307,-0.050,-0.146
815492,1886,1904,1896,0.9840,-0.0225,0.3898,1.133,-0.131,-0.108
815502,1902,1891,1903,0.9844,-0.0227,0.3906,0.946,-0.201,-0.067
815512,1917,1905,1900,0.9851,-0.0221,0.3903,0.778,-0.250,-0.030
815522,1889,1898,1903,0.9849,-0.0224,0.3897,0.592,-0.287,0.002
815532,1895,1899,1897,0.9852,-0.0223,0.3910,0.412,-0.310,0.030
815542,1884,1894,1908,0.9851,-0.0227,0.3904,0.265,-0.342,0.056
815552,1886,1904,1898,0.9855,-0.0222,0.3912,0.155,-0.368,0.098
815562,1889,1893,1904,0.9862,-0.0221,0.3927,0.069,-0.384,0.138
815572,1899,1907,1899,0.9860,-0.0217,0.3932,0.002,-0.382,0.159
815582,1898,1891,1907,0.9854,-0.0215,0.3934,-0.047,-0.371,0.167
815592,1894,1903,1901,0.9856,-0.0219,0.3939,-0.080,-0.357,0.172
815602,1891,1896,1904,0.9864,-0.0221,0.3948,-0.078,-0.329,0.186
815612,1890,1903,1898,0.9867,-0.0218,0.3938,-0.039,-0.283,0.208
815622,1890,1899,1909,0.9865,-0.0219,0.3948,0.019,-0.221,0.217
815632,1887,1903,1899,0.9862,-0.0212,0.3941,0.102,-0.158,0.230
815642,1905,1897,1905,0.9858,-0.0207,0.3951,0.198,-0.116,0.227
815652,1894,1902,1901,0.9857,-0.0207,0.3955,0.291,-0.089,0.218
815662,1889,1894,1906,0.9846,-0.0203,0.3944,0.377,-0.062,0.216
815672,1897,1904,1901,0.9852,-0.0202,0.3931,0.474,-0.050,0.215
815682,1895,1894,1907,0.9854,-0.0200,0.3937,0.572,-0.043,0.207
815692,1885,1902,1898,0.9846,-0.0202,0.3939,0.699,-0.043,0.193
815702,1886,1893,1903,0.9849,-0.0201,0.3937,0.816,-0.042,0.171
815712,1896,1902,1901,0.9855,-0.0198,0.3929,0.932,-0.031,0.149
815722,1884,1895,1905,0.9846,-0.0205,0.3929,1.023,-0.026,0.141
815732,1885,1902,1901,0.9845,-0.0202,0.3938,1.086,-0.037,0.138
815742,1894,1898,1903,0.9846,-0.0195,0.3932,1.119,-0.078,0.131
815752,1891,1901,1900,0.9854,-0.0192,0.3918,1.125,-0.113,0.117
815762,1902,1896,1905,0.9862,-0.0202,0.3912,1.107,-0.135,0.107
815772,1884,1898,1900,0.9864,-0.0205,0.3924,1.065,-0.132,0.087
815782,1911,1895,1906,0.9865,-0.0207,0.3930,0.983,-0.096,0.066
815792,1891,1906,1901,0.9863,-0.0212,0.3925,0.903,-0.057,0.041
815802,1897,1897,1903,0.9860,-0.0220,0.3925,0.855,-0.039,0.036
815812,1888,1898,1901,0.9851,-0.0220,0.3933,0.810,-0.040,0.045
815822,1914,1893,1904,0.9855,-0.0221,0.3936,0.773,-0.048,0.084
815832,1886,1892,1899,0.9855,-0.0225,0.3931,0.696,-0.075,0.132
815842,1890,1898,1904,0.9851,-0.0217,0.3937,0.583,-0.084,0.176
815852,1900,1898,1901,0.9852,-0.0216,0.3933,0.457,-0.079,0.199
815862,1902,1900,1905,0.9850,-0.0207,0.3929,0.335,-0.072,0.208
815872,1899,1903,1900,0.9849,-0.0204,0.3929,0.240,-0.075,0.241
815882,1906,1897,1901,0.9839,-0.0206,0.3938,0.200,-0.090,0.280
815892,1889,1899,1902,0.9838,-0.0199,0.3941,0.196,-0.104,0.323
815902,1893,1894,1900,0.9841,-0.0196,0.3936,0.192,-0.104,0.342
815912,1891,1904,1897,0.9850,-0.0200,0.3929,0.192,-0.113,0.347
815922,1892,1899,1903,0.9856,-0.0202,0.3935,0.189,-0.135,0.354
815932,1885,1899,1899,0.9858,-0.0199,0.3948,0.192,-0.141,0.376
815942,1901,1901,1907,0.9851,-0.0193,0.3943,0.195,-0.135,0.403
815952,1887,1902,1899,0.9857,-0.0191,0.3947,0.211,-0.124,0.423
815962,1898,1896,1903,0.9854,-0.0193,0.3960,0.238,-0.101,0.435
815972,1887,1899,1901,0.9847,-0.0185,0.3955,0.231,-0.065,0.430
815982,1923,1899,1899,0.9849,-0.0180,0.3956,0.304,-0.019,0.433
815992,1899,1904,1903,0.9845,-0.0179,0.3958,0.407,0.002,0.433
816002,1900,1895,1907,0.9839,-0.0182,0.3962,0.521,0.009,0.432
816012,1899,1900,1898,0.9843,-0.0176,0.3961,0.592,0.026,0.419
816022,1894,1897,1904,0.9844,-0.0176,0.3955,0.650,0.064,0.385
816032,1894,1901,1899,0.9840,-0.0180,0.3938,0.695,0.113,0.345
816042,1884,1894,1905,0.9837,-0.0188,0.3934,0.754,0.146,0.309
816052,1887,1899,1899,0.9835,-0.0184,0.3935,0.803,0.164,0.290
816062,1898,1897,1901,0.9837,-0.0177,0.3939,0.828,0.185,0.270
816072,1899,1899,1902,0.9835,-0.0184,0.3930,0.813,0.246,0.231
816082,1903,1897,1902,0.9829,-0.0195,0.3924,0.781,0.275,0.205
816092,1888,1900,1898,0.9817,-0.0191,0.3914,0.670,0.308,0.210
816102,1902,1897,1902,0.9823,-0.0194,0.3911,0.551,0.291,0.230
816112,1888,1902,1901,0.9834,-0.0206,0.3909,0.367,0.197,0.267
816122,1892,1899,1902,0.9854,-0.0204,0.3908,0.200,0.100,0.309
816132,1889,1900,1903,0.9861,-0.0213,0.3914,0.016,-0.024,0.322
816142,1892,1903,1903,0.9866,-0.0201,0.3926,-0.124,-0.115,0.307
816152,1894,1903,1902,0.9864,-0.0203,0.3925,-0.229,-0.175,0.273
816162,1932,1896,1901,0.9865,-0.0199,0.3926,-0.311,-0.218,0.243
816172,1890,1904,1897,0.9865,-0.0191,0.3936,-0.385,-0.227,0.231
816182,1925,1898,1901,0.9862,-0.0187,0.3934,-0.447,-0.207,0.226
816192,1892,1899,1901,0.9854,-0.0182,0.3948,-0.526,-0.165,0.213
816202,1898,1894,1904,0.9851,-0.0180,0.3939,-0.582,-0.092,0.181
816212,1886,1899,1901,0.9850,-0.0167,0.3952,-0.594,-0.020,0.157
816222,1889,1900,1904,0.9846,-0.0166,0.3956,-0.569,0.046,0.119
816232,1913,1902,1903,0.9835,-0.0154,0.3966,-0.515,0.087,0.075
816242,1897,1898,1903,0.9834,-0.0153,0.3962,-0.433,0.111,0.024
816252,1899,1901,1901,0.9827,-0.0163,0.3961,-0.331,0.114,-0.033
816262,1890,1896,1901,0.9815,-0.0174,0.3960,-0.252,0.092,-0.085
816272,1886,1898,1903,0.9817,-0.0178,0.3950,-0.194,0.071,-0.121
816282,1898,1899,1903,0.9821,-0.0188,0.3938,-0.147,0.049,-0.141
816292,1890,1898,1903,0.9829,-0.0195,0.3926,-0.132,0.037,-0.142
816302,1884,1898,1904,0.9836,-0.0204,0.3920,-0.146,0.010,-0.130
816312,1903,1902,1902,0.9845,-0.0208,0.3941,-0.190,-0.030,-0.109
816322,1963,1897,1902,0.9844,-0.0214,0.3948,-0.258,-0.057,-0.063
816332,1897,1895,1904,0.9840,-0.0216,0.3948,-0.337,-0.095,-0.008
816342,1906,1898,1901,0.9844,-0.0213,0.3939,-0.421,-0.131,0.055
816352,1894,1900,1904,0.9851,-0.0216,0.3941,-0.521,-0.168,0.128
816362,1885,1897,1902,0.9848,-0.0209,0.3947,-0.600,-0.209,0.208
816372,1890,1897,1899,0.9848,-0.0204,0.3944,-0.685,-0.233,0.279
816382,1886,1898,1897,0.9842,-0.0199,0.3951,-0.789,-0.250,0.333
816392,1889,1899,1905,0.9852,-0.0198,0.3955,-0.876,-0.247,0.355
816402,1891,1903,1902,0.9860,-0.0199,0.3957,-0.958,-0.241,0.353
816412,1885,1899,1903,0.9855,-0.0204,0.3969,-1.005,-0.223,0.351
816422,1908,1899,1900,0.9842,-0.0201,0.3949,-1.036,-0.221,0.339
816432,1897,1900,1905,0.9848,-0.0190,0.3950,-1.056,-0.210,0.326
816442,1888,1896,1902,0.9848,-0.0193,0.3950,-1.069,-0.213,0.312
816452,1882,1900,1902,0.9850,-0.0188,0.3964,-1.088,-0.213,0.288
816462,1889,1902,1901,0.9851,-0.0185,0.3964,-1.121,-0.210,0.259
816472,1885,1900,1902,0.9849,-0.0189,0.3969,-1.134,-0.199,0.214
816482,1899,1901,1898,0.9842,-0.0192,0.3963,-1.129,-0.159,0.154
816492,1894,1899,1901,0.9837,-0.0194,0.3962,-1.103,-0.136,0.086
816502,1889,1903,1901,0.9834,-0.0190,0.3945,-1.051,-0.116,0.034
816512,1895,1896,1905,0.9835,-0.0180,0.3959,-0.992,-0.129,0.015
816522,1894,1900,1902,0.9833,-0.0177,0.3950,-0.942,-0.161,0.001
816532,1884,1899,1903,0.9836,-0.0175,0.3952,-0.886,-0.177,-0.008
816542,1887,1896,1900,0.9826,-0.0172,0.3963,-0.827,-0.175,-0.020
816552,1892,1902,1902,0.9821,-0.0177,0.3959,-0.747,-0.162,-0.047
816562,1894,1899,1902,0.9831,-0.0179,0.3966,-0.670,-0.168,-0.076
816572,1889,1898,1904,0.9837,-0.0183,0.3943,-0.598,-0.195,-0.099
816582,1901,1898,1902,0.9842,-0.0191,0.3955,-0.521,-0.232,-0.104
816592,1908,1896,1903,0.9849,-0.0187,0.3950,-0.467,-0.272,-0.091
816602,1900,1902,1897,0.9847,-0.0191,0.3944,-0.433,-0.286,-0.059
816612,1892,1897,1903,0.9845,-0.0188,0.3944,-0.433,-0.308,-0.027
816622,1897,1899,1901,0.9844,-0.0188,0.3938,-0.457,-0.324,0.013
816632,1884,1895,1905,0.9838,-0.0191,0.3931,-0.502,-0.341,0.062
816642,1896,1897,1900,0.9841,-0.0190,0.3938,-0.564,-0.339,0.117
816652,1910,1900,1904,0.9852,-0.0193,0.3940,-0.633,-0.308,0.170
816662,1895,1899,1902,0.9846,-0.0190,0.3938,-0.699,-0.282,0.202
816672,1885,1899,1904,0.9849,-0.0204,0.3950,-0.783,-0.258,0.222
816682,1905,1903,1900,0.9848,-0.0202,0.3948,-0.856,-0.250,0.245
816692,1896,1901,1904,0.9848,-0.0206,0.3940,-0.951,-0.235,0.271
816702,1892,1900,1904,0.9843,-0.0206,0.3929,-1.059,-0.230,0.314
816712,1891,1897,1907,0.9846,-0.0206,0.3933,-1.173,-0.246,0.352
816722,1903,1899,1899,0.9848,-0.0204,0.3944,-1.287,-0.244,0.376
816732,1881,1896,1910,0.9856,-0.0209,0.3943,-1.375,-0.239,0.399
816742,1887,1901,1902,0.9861,-0.0214,0.3937,-1.469,-0.232,0.418
816752,1887,1894,1904,0.9856,-0.0211,0.3935,-1.522,-0.202,0.428
816762,1896,1903,1897,0.9858,-0.0210,0.3936,-1.554,-0.201,0.441
816772,1917,1897,1906,0.9854,-0.0207,0.3934,-1.570,-0.203,0.438
816782,1889,1896,1898,0.9849,-0.0201,0.3931,-1.597,-0.226,0.422
816792,1896,1896,1908,0.9849,-0.0197,0.3929,-1.619,-0.255,0.413
816802,1888,1899,1900,0.9855,-0.0200,0.3933,-1.645,-0.285,0.413
816812,1918,1896,1905,0.9852,-0.0199,0.3939,-1.656,-0.314,0.409
816822,1893,1905,1900,0.9856,-0.0201,0.3936,-1.649,-0.321,0.405
816832,1881,1894,1908,0.9849,-0.0205,0.3947,-1.626,-0.331,0.385
816842,1898,1902,1899,0.9853,-0.0205,0.3951,-1.570,-0.310,0.362
816852,1885,1895,1906,0.9855,-0.0204,0.3947,-1.498,-0.298,0.332
816862,1894,1901,1900,0.9857,-0.0196,0.3954,-1.393,-0.296,0.288
816872,1893,1897,1903,0.9858,-0.0197,0.3961,-1.261,-0.276,0.241
816882,1885,1899,1899,0.9853,-0.0183,0.3969,-1.106,-0.242,0.204
816892,1886,1895,1903,0.9840,-0.0177,0.3979,-0.942,-0.189,0.155
816902,1900,1906,1899,0.9838,-0.0179,0.3981,-0.751,-0.134,0.106
816912,1894,1892,1909,0.9834,-0.0192,0.3967,-0.565,-0.082,0.059
816922,1903,1903,1899,0.9829,-0.0188,0.3955,-0.359,-0.022,0.029
816932,1892,1899,1907,0.9832,-0.0195,0.3950,-0.178,0.019,-0.000
816942,1902,1903,1900,0.9835,-0.0191,0.3956,-0.007,0.029,-0.023
816952,1887,1899,1906,0.9841,-0.0197,0.3945,0.147,-0.016,-0.034
816962,1899,1901,1896,0.9859,-0.0201,0.3950,0.266,-0.073,-0.052
816972,1890,1895,1907,0.9870,-0.0207,0.3953,0.374,-0.124,-0.076
816982,1897,1904,1900,0.9879,-0.0214,0.3957,0.505,-0.169,-0.119
816992,1885,1895,1906,0.9882,-0.0209,0.3960,0.645,-0.203,-0.172
817002,1907,1902,1900,0.9883,-0.0210,0.3968,0.784,-0.208,-0.215
817012,1888,1897,1918,0.9879,-0.0204,0.3966,0.912,-0.178,-0.243
817022,1892,1902,1900,0.9881,-0.0200,0.3970,1.012,-0.131,-0.266
817032,1896,1898,1904,0.9880,-0.0207,0.3989,1.080,-0.067,-0.266
817042,1899,1902,1898,0.9868,-0.0207,0.3992,1.146,0.017,-0.253
817052,1892,1896,1910,0.9874,-0.0198,0.3985,1.210,0.123,-0.239
817062,1894,1903,1897,0.9870,-0.0196,0.3966,1.265,0.228,-0.225
817072,1891,1896,1907,0.9860,-0.0192,0.3971,1.320,0.321,-0.236
817082,1896,1904,1897,0.9857,-0.0185,0.3953,1.354,0.393,-0.276
817092,1894,1900,1910,0.9852,-0.0182,0.3940,1.361,0.455,-0.339
817102,1894,1907,1895,0.9847,-0.0184,0.3941,1.361,0.494,-0.413
817112,1886,1893,1907,0.9837,-0.0189,0.3933,1.351,0.510,-0.460
817122,1885,1903,1897,0.9831,-0.0176,0.3912,1.305,0.520,-0.470
817132,1898,1895,1910,0.9831,-0.0169,0.3909,1.213,0.494,-0.457
817142,1898,1905,1899,0.9831,-0.0171,0.3897,1.060,0.440,-0.451
817152,1892,1894,1908,0.9834,-0.0168,0.3900,0.843,0.328,-0.434
817162,1898,1901,1897,0.9836,-0.0167,0.3904,0.587,0.210,-0.419
817172,1904,1893,1907,0.9846,-0.0181,0.3901,0.333,0.118,-0.404
817182,1897,1903,1900,0.9848,-0.0186,0.3893,0.115,0.018,-0.377
817192,1891,1892,1906,0.9843,-0.0189,0.3916,-0.034,-0.063,-0.344
817202,1895,1902,1899,0.9843,-0.0185,0.3929,-0.130,-0.114,-0.295
817212,1885,1894,1914,0.9843,-0.0195,0.3936,-0.182,-0.149,-0.238
817222,1890,1905,1897,0.9837,-0.0192,0.3949,-0.227,-0.187,-0.169
817232,1886,1896,1908,0.9832,-0.0191,0.3959,-0.265,-0.217,-0.105
817242,1897,1902,1899,0.9840,-0.0195,0.3971,-0.284,-0.223,-0.058
817252,1891,1896,1913,0.9832,-0.0191,0.3972,-0.298,-0.227,-0.033
817262,1928,1905,1897,0.9831,-0.0190,0.3981,-0.291,-0.230,-0.037
817272,1885,1896,1910,0.9835,-0.0193,0.3997,-0.242,-0.232,-0.054
817282,1911,1903,1899,0.9834,-0.0193,0.4003,-0.158,-0.219,-0.065
817292,1884,1897,1912,0.9840,-0.0194,0.4002,-0.028,-0.202,-0.044
817302,1904,1906,1897,0.9839,-0.0194,0.3994,0.127,-0.189,-0.009
817312,1900,1899,1906,0.9834,-0.0203,0.3999,0.281,-0.158,0.043
817322,1911,1905,1897,0.9841,-0.0205,0.4007,0.447,-0.120,0.097
817332,1907,1895,1922,0.9844,-0.0202,0.4009,0.624,-0.065,0.160
817342,1906,1902,1898,0.9849,-0.0199,0.4019,0.804,-0.006,0.207
817352,1883,1896,1911,0.9852,-0.0198,0.4021,0.970,0.045,0.242
817362,1894,1905,1900,0.9857,-0.0196,0.4028,1.148,0.090,0.264
817372,1917,1892,1911,0.9859,-0.0192,0.4029,1.321,0.098,0.290
817382,1897,1905,1900,0.9864,-0.0184,0.4027,1.422,0.112,0.310
817392,1889,1895,1914,0.9862,-0.0180,0.4016,1.453,0.199,0.355
817402,1921,1904,1898,0.9843,-0.0161,0.4008,1.448,0.286,0.458
817412,1881,1896,1914,0.9843,-0.0142,0.4003,1.416,0.356,0.556
817422,1891,1902,1897,0.9838,-0.0145,0.3985,1.297,0.435,0.615
817432,1886,1896,1918,0.9848,-0.0153,0.3989,1.382,0.513,0.625
817442,1915,1909,1898,0.9847,-0.0162,0.3995,1.529,0.527,0.608
817452,1887,1894,1907,0.9850,-0.0167,0.4008,1.797,0.596,0.580
817462,1884,1905,1898,0.9853,-0.0173,0.4024,2.121,0.708,0.484
817472,1892,1898,1914,0.9847,-0.0177,0.4007,2.548,0.906,0.324
817482,1895,1904,1897,0.9844,-0.0165,0.4003,3.058,1.174,0.096
817492,1889,1896,1915,0.9838,-0.0135,0.3986,3.510,1.349,-0.152
817502,1905,1902,1898,0.9822,-0.0103,0.3947,3.931,1.443,-0.362
817512,1895,1893,1920,0.9822,-0.0072,0.3946,4.215,1.399,-0.511
817522,1905,1906,1899,0.9827,-0.0060,0.3922,4.292,1.255,-0.618
817532,1897,1896,1912,0.9830,-0.0058,0.3920,4.205,1.101,-0.664
817542,1907,1913,1898,0.9837,-0.0075,0.3948,3.979,0.910,-0.684
817552,1885,1895,1919,0.9838,-0.0098,0.3949,3.735,0.803,-0.723
817562,1887,1905,1897,0.9847,-0.0128,0.3948,3.586,0.736,-0.769
817572,1893,1896,1915,0.9851,-0.0130,0.3962,3.482,0.725,-0.849
817582,1891,1909,1899,0.9838,-0.0127,0.3943,3.391,0.772,-0.937
817592,1894,1899,1915,0.9825,-0.0120,0.3925,3.305,0.737,-0.974
817602,1895,1910,1899,0.9823,-0.0103,0.3893,3.101,0.571,-0.973
817612,1898,1895,1917,0.9815,-0.0103,0.3889,2.746,0.323,-0.936
817622,1883,1904,1897,0.9817,-0.0113,0.3888,2.251,0.022,-0.871
817632,1894,1896,1915,0.9829,-0.0118,0.3890,1.685,-0.250,-0.779
817642,1889,1905,1898,0.9836,-0.0127,0.3920,1.065,-0.493,-0.672
817652,1891,1895,1918,0.9839,-0.0148,0.3936,0.462,-0.676,-0.544
817662,1890,1910,1897,0.9850,-0.0161,0.3950,-0.048,-0.761,-0.403
817672,1887,1896,1917,0.9841,-0.0174,0.3967,-0.533,-0.785,-0.234
817682,1901,1913,1898,0.9834,-0.0176,0.3963,-0.934,-0.722,-0.042
817692,1905,1895,1917,0.9833,-0.0164,0.3973,-1.322,-0.681,0.125
817702,1896,1910,1898,0.9828,-0.0162,0.3983,-1.689,-0.618,0.268
817712,1887,1896,1922,0.9828,-0.0158,0.3984,-2.067,-0.546,0.371
817722,1887,1909,1896,0.9824,-0.0144,0.3977,-2.422,-0.468,0.462
817732,1899,1894,1918,0.9815,-0.0135,0.3957,-2.702,-0.389,0.551
817742,1896,1913,1899,0.9821,-0.0134,0.3973,-2.933,-0.340,0.620
817752,1885,1896,1920,0.9818,-0.0129,0.3973,-3.119,-0.305,0.682
817762,1903,1916,1898,0.9823,-0.0131,0.3983,-3.244,-0.285,0.741
817772,1896,1896,1921,0.9818,-0.0131,0.3988,-3.321,-0.238,0.796
817782,1892,1906,1898,0.9822,-0.0123,0.3989,-3.357,-0.219,0.836
817792,1884,1894,1916,0.9822,-0.0115,0.3981,-3.358,-0.198,0.869
817802,1896,1906,1897,0.9830,-0.0114,0.3964,-3.305,-0.208,0.878
817812,1884,1894,1918,0.9842,-0.0123,0.3981,-3.260,-0.264,0.880
817822,1897,1912,1900,0.9854,-0.0115,0.3972,-3.167,-0.289,0.893
817832,1886,1894,1916,0.9863,-0.0113,0.3983,-3.041,-0.377,0.872
817842,1886,1908,1903,0.9864,-0.0119,0.3993,-2.859,-0.435,0.772
817852,1892,1893,1918,0.9868,-0.0130,0.3999,-2.609,-0.501,0.648
817862,1887,1911,1900,0.9857,-0.0125,0.3996,-2.313,-0.574,0.531
817872,1887,1894,1918,0.9850,-0.0119,0.3993,-1.935,-0.625,0.444
817882,1895,1908,1901,0.9847,-0.0102,0.4000,-1.595,-0.709,0.380
817892,1895,1895,1921,0.9840,-0.0098,0.4000,-1.319,-0.732,0.310
817902,1919,1911,1900,0.9845,-0.0104,0.4029,-1.085,-0.727,0.249
817912,1884,1896,1917,0.9839,-0.0116,0.4038,-0.917,-0.674,0.202
817922,1894,1914,1899,0.9836,-0.0119,0.4041,-0.710,-0.518,0.153
817932,1892,1894,1920,0.9828,-0.0130,0.4038,-0.503,-0.403,0.052
817942,1895,1912,1899,0.9824,-0.0134,0.4027,-0.253,-0.279,-0.049
817952,1890,1895,1919,0.9815,-0.0138,0.4029,-0.005,-0.183,-0.117
817962,1888,1906,1897,0.9812,-0.0142,0.4022,0.220,-0.114,-0.162
817972,1894,1895,1922,0.9811,-0.0145,0.4002,0.380,-0.074,-0.180
817982,1895,1906,1898,0.9809,-0.0145,0.4005,0.453,-0.051,-0.141
817992,1901,1897,1918,0.9814,-0.0152,0.4004,0.493,-0.025,-0.072
818002,1889,1910,1899,0.9819,-0.0169,0.4002,0.464,-0.009,0.011
818012,1884,1903,1917,0.9828,-0.0173,0.3997,0.412,0.010,0.107
818022,1896,1927,1897,0.9828,-0.0177,0.3990,0.312,0.028,0.203
818032,1908,1893,1916,0.9835,-0.0188,0.3969,0.172,0.038,0.301
818042,1890,1909,1898,0.9845,-0.0185,0.3966,-0.034,-0.013,0.406
818052,1892,1895,1921,0.9853,-0.0191,0.3957,-0.298,-0.076,0.509
818062,1885,1904,1900,0.9858,-0.0200,0.3956,-0.578,-0.133,0.612
818072,1898,1896,1925,0.9856,-0.0201,0.3945,-0.881,-0.164,0.706
818082,1897,1910,1899,0.9851,-0.0190,0.3932,-1.170,-0.185,0.791
818092,1893,1896,1917,0.9851,-0.0171,0.3940,-1.458,-0.289,0.880
818102,1892,1908,1901,0.9856,-0.0163,0.3954,-1.702,-0.422,0.967
818112,1896,1895,1922,0.9856,-0.0165,0.3956,-1.882,-0.554,1.043
818122,1885,1916,1898,0.9856,-0.0170,0.3966,-2.003,-0.624,1.103
818132,1890,1895,1920,0.9851,-0.0159,0.3964,-2.045,-0.621,1.118
818142,1887,1917,1899,0.9846,-0.0149,0.3966,-2.034,-0.573,1.085
818152,1893,1896,1921,0.9845,-0.0153,0.3975,-1.982,-0.545,1.031
818162,1885,1909,1900,0.9838,-0.0153,0.3973,-1.946,-0.515,0.965
818172,1902,1897,1925,0.9839,-0.0153,0.3968,-1.898,-0.465,0.926
818182,1887,1913,1901,0.9839,-0.0151,0.3967,-1.804,-0.443,0.908
818192,1887,1897,1918,0.9839,-0.0162,0.3943,-1.614,-0.432,0.886
818202,1895,1915,1900,0.9840,-0.0164,0.3959,-1.236,-0.457,0.845
818212,1893,1899,1924,0.9832,-0.0167,0.3973,-0.907,-0.566,0.787
818222,1898,1916,1897,0.9839,-0.0158,0.3976,-0.699,-0.619,0.705
818232,1888,1897,1921,0.9843,-0.0158,0.3977,-0.630,-0.623,0.609
818242,1887,1909,1900,0.9852,-0.0157,0.3971,-0.564,-0.614,0.512
818252,1888,1895,1923,0.9862,-0.0166,0.3968,-0.543,-0.587,0.422
818262,1891,1913,1903,0.9864,-0.0177,0.3960,-0.547,-0.626,0.345
818272,1900,1896,1918,0.9869,-0.0176,0.3960,-0.490,-0.679,0.297
818282,1897,1914,1897,0.9875,-0.0173,0.3974,-0.405,-0.786,0.259
818292,1887,1895,1926,0.9885,-0.0171,0.3977,-0.408,-0.830,0.215
818302,1900,1916,1897,0.9878,-0.0174,0.4000,-0.497,-0.853,0.163
818312,1890,1895,1914,0.9876,-0.0177,0.4003,-0.624,-0.833,0.112
818322,1895,1912,1899,0.9870,-0.0177,0.4008,-0.655,-0.797,0.094
818332,1894,1897,1924,0.9872,-0.0180,0.4003,-0.598,-0.793,0.081
818342,1887,1919,1901,0.9867,-0.0190,0.3996,-0.488,-0.748,0.065
818352,1887,1898,1929,0.9866,-0.0194,0.4023,-0.263,-0.714,0.040
818362,1890,1911,1897,0.9855,-0.0193,0.4016,-0.078,-0.647,0.009
818372,1885,1899,1922,0.9844,-0.0185,0.4028,0.114,-0.539,-0.005
818382,1890,1917,1896,0.9836,-0.0177,0.4036,0.198,-0.460,-0.033
818392,1895,1897,1925,0.9830,-0.0172,0.4032,0.237,-0.366,-0.018
818402,1895,1912,1901,0.9829,-0.0175,0.4034,0.264,-0.323,0.045
818412,1902,1896,1912,0.9834,-0.0177,0.4043,0.328,-0.297,0.119
818422,1903,1913,1898,0.9841,-0.0173,0.4042,0.422,-0.251,0.176
818432,1894,1898,1922,0.9846,-0.0177,0.4037,0.520,-0.196,0.200
818442,1903,1917,1899,0.9844,-0.0177,0.4032,0.640,-0.117,0.209
818452,1895,1896,1925,0.9842,-0.0186,0.4032,0.799,-0.039,0.228
818462,1885,1916,1899,0.9847,-0.0183,0.4019,0.954,-0.010,0.268
818472,1892,1896,1923,0.9841,-0.0186,0.4008,1.122,-0.014,0.336
818482,1893,1919,1900,0.9835,-0.0184,0.4007,1.271,-0.052,0.439
818492,1900,1898,1929,0.9838,-0.0182,0.4002,1.399,-0.096,0.542
818502,1912,1915,1901,0.9843,-0.0171,0.3981,1.499,-0.119,0.632
818512,1889,1899,1927,0.9847,-0.0170,0.3978,1.567,-0.154,0.701
818522,1896,1913,1902,0.9841,-0.0160,0.3962,1.602,-0.183,0.739
818532,1898,1899,1921,0.9831,-0.0158,0.3961,1.617,-0.217,0.750
818542,1898,1918,1901,0.9838,-0.0160,0.3954,1.617,-0.271,0.756
818552,1892,1898,1931,0.9838,-0.0162,0.3935,1.615,-0.304,0.753
818562,1897,1919,1899,0.9838,-0.0167,0.3930,1.595,-0.322,0.744
818572,1895,1899,1925,0.9839,-0.0155,0.3931,1.551,-0.341,0.734
818582,1894,1914,1900,0.9841,-0.0152,0.3909,1.486,-0.365,0.718
818592,1901,1899,1927,0.9845,-0.0153,0.3909,1.371,-0.388,0.694
818602,1906,1920,1902,0.9843,-0.0159,0.3907,1.235,-0.393,0.674
818612,1903,1898,1929,0.9834,-0.0155,0.3906,1.067,-0.410,0.654
818622,1899,1926,1898,0.9831,-0.0148,0.3903,0.881,-0.431,0.625
818632,1889,1897,1929,0.9824,-0.0136,0.3909,0.667,-0.487,0.590
818642,1913,1910,1898,0.9830,-0.0145,0.3913,0.434,-0.540,0.548
818652,1884,1897,1929,0.9833,-0.0157,0.3912,0.206,-0.564,0.488
818662,1884,1914,1903,0.9843,-0.0153,0.3903,-0.049,-0.559,0.405
818672,1912,1900,1928,0.9851,-0.0154,0.3898,-0.299,-0.510,0.306
818682,1917,1918,1902,0.9870,-0.0158,0.3912,-0.555,-0.504,0.209
818692,1888,1899,1927,0.9880,-0.0165,0.3916,-0.798,-0.511,0.116
818702,1906,1915,1899,0.9885,-0.0182,0.3920,-1.012,-0.492,0.022
818712,1899,1900,1931,0.9885,-0.0196,0.3924,-1.208,-0.447,-0.060
818722,1888,1916,1902,0.9882,-0.0195,0.3933,-1.351,-0.363,-0.123
818732,1901,1897,1920,0.9871,-0.0192,0.3937,-1.469,-0.275,-0.150
818742,1897,1917,1899,0.9854,-0.0187,0.3936,-1.571,-0.184,-0.157
818752,1889,1893,1925,0.9846,-0.0181,0.3937,-1.657,-0.094,-0.132
818762,1889,1924,1903,0.9834,-0.0188,0.3943,-1.755,-0.015,-0.110
818772,1897,1901,1932,0.9818,-0.0188,0.3949,-1.811,0.054,-0.065
818782,1885,1929,1901,0.9809,-0.0186,0.3956,-1.825,0.094,-0.014
818792,1899,1897,1935,0.9806,-0.0187,0.3957,-1.796,0.115,0.019
818802,1894,1924,1903,0.9801,-0.0181,0.3970,-1.744,0.103,0.035
818812,1907,1899,1927,0.9804,-0.0177,0.3972,-1.685,0.092,0.045
818822,1894,1922,1903,0.9805,-0.0176,0.3974,-1.606,0.058,0.082
818832,1890,1899,1927,0.9814,-0.0186,0.3978,-1.524,0.028,0.131
818842,1892,1918,1901,0.9822,-0.0191,0.3978,-1.455,0.026,0.207
818852,1892,1895,1933,0.9826,-0.0202,0.3955,-1.387,0.046,0.320
818862,1892,1922,1902,0.9840,-0.0209,0.3981,-1.377,0.002,0.459
818872,1889,1900,1927,0.9848,-0.0210,0.3986,-1.385,-0.047,0.628
818882,1886,1913,1900,0.9854,-0.0208,0.3979,-1.370,-0.088,0.797
818892,1882,1896,1926,0.9858,-0.0210,0.3978,-1.336,-0.146,0.941
818902,1886,1917,1903,0.9853,-0.0205,0.3981,-1.263,-0.188,1.060
818912,1891,1896,1931,0.9850,-0.0197,0.3978,-1.174,-0.228,1.141
818922,1897,1916,1901,0.9845,-0.0189,0.3977,-1.071,-0.267,1.189
818932,1898,1898,1934,0.9847,-0.0183,0.3976,-0.954,-0.297,1.228
818942,1889,1924,1901,0.9850,-0.0172,0.3978,-0.848,-0.315,1.255
818952,1917,1895,1929,0.9846,-0.0175,0.3982,-0.744,-0.321,1.262
818962,1884,1923,1902,0.9852,-0.0172,0.3970,-0.636,-0.322,1.233
818972,1888,1898,1925,0.9856,-0.0163,0.3964,-0.523,-0.335,1.171
818982,1900,1923,1903,0.9855,-0.0163,0.3962,-0.388,-0.348,1.075
818992,1884,1901,1927,0.9857,-0.0167,0.3972,-0.235,-0.352,0.964
819002,1891,1927,1903,0.9848,-0.0178,0.3972,-0.092,-0.351,0.838
819012,1885,1897,1932,0.9850,-0.0173,0.3957,0.023,-0.325,0.716
819022,1903,1921,1905,0.9846,-0.0181,0.3927,0.110,-0.330,0.598
819032,1883,1899,1935,0.9841,-0.0188,0.3925,0.162,-0.376,0.505
819042,1886,1914,1902,0.9836,-0.0186,0.3917,0.189,-0.436,0.450
819052,1911,1897,1935,0.9834,-0.0195,0.3921,0.192,-0.509,0.403
819062,1883,1924,1903,0.9831,-0.0196,0.3935,0.171,-0.581,0.363
819072,1907,1902,1933,0.9836,-0.0196,0.3946,0.129,-0.646,0.335
819082,1879,1922,1901,0.9837,-0.0201,0.3948,0.087,-0.701,0.295
819092,1896,1901,1934,0.9839,-0.0213,0.3950,0.025,-0.742,0.245
819102,1887,1914,1903,0.9847,-0.0221,0.3964,-0.043,-0.732,0.204
819112,1896,1900,1930,0.9848,-0.0223,0.3969,-0.104,-0.701,0.175
819122,1885,1923,1903,0.9855,-0.0230,0.3967,-0.137,-0.648,0.174
819132,1900,1898,1930,0.9852,-0.0226,0.3977,-0.168,-0.596,0.209
819142,1887,1921,1905,0.9853,-0.0228,0.3965,-0.208,-0.540,0.251
819152,1893,1904,1939,0.9856,-0.0228,0.3964,-0.270,-0.496,0.279
819162,1885,1924,1903,0.9860,-0.0227,0.3962,-0.346,-0.445,0.307
819172,1892,1902,1933,0.9866,-0.0228,0.3952,-0.465,-0.392,0.343
819182,1898,1931,1906,0.9869,-0.0228,0.3933,-0.603,-0.353,0.369
819192,1884,1899,1925,0.9869,-0.0231,0.3926,-0.740,-0.303,0.376
819202,1889,1920,1903,0.9864,-0.0228,0.3914,-0.899,-0.259,0.385
819212,1918,1901,1935,0.9856,-0.0224,0.3923,-1.083,-0.230,0.384
819222,1903,1925,1903,0.9857,-0.0216,0.3923,-1.304,-0.222,0.367
819232,1888,1903,1925,0.9855,-0.0221,0.3926,-1.537,-0.226,0.350
819242,1895,1921,1902,0.9857,-0.0222,0.3930,-1.779,-0.249,0.338
819252,1885,1898,1934,0.9862,-0.0215,0.3935,-2.029,-0.284,0.328
819262,1895,1932,1903,0.9865,-0.0211,0.3929,-2.278,-0.289,0.313
819272,1885,1903,1930,0.9863,-0.