3545282,1877,1903,2167,-0.0753,-0.0327,1.1387,0.904,0.046,0.318
3545292,1875,1913,2101,-0.0754,-0.0346,1.1376,0.418,0.041,0.351
3545302,1956,1935,1847,-0.0775,-0.0355,1.1355,0.245,0.064,0.454
3545312,1873,1904,1823,-0.0789,-0.0355,1.1328,0.351,0.109,0.599
3545322,1878,1967,1852,-0.0788,-0.0343,1.1336,0.619,0.083,0.779
3545332,1874,1909,1782,-0.0786,-0.0340,1.1363,0.960,0.004,0.958
3545342,1876,1901,1884,-0.0795,-0.0324,1.1376,1.333,0.009,1.092
3545352,1878,1904,1971,-0.0811,-0.0317,1.1386,1.642,0.098,1.210
3545362,1883,1905,1962,-0.0839,-0.0318,1.1379,1.810,0.187,1.325
3545372,1873,1932,1844,-0.0854,-0.0319,1.1372,1.799,0.188,1.430
3545382,1900,1905,1768,-0.0853,-0.0323,1.1383,1.616,0.086,1.489
3545392,1875,1917,1862,-0.0847,-0.0325,1.1396,1.316,-0.045,1.513
3545402,1888,1905,1752,-0.0841,-0.0324,1.1419,0.902,-0.209,1.553
3545412,1878,1923,1764,-0.0832,-0.0306,1.1426,0.393,-0.362,1.597
3545422,1874,1907,1800,-0.0823,-0.0296,1.1429,-0.166,-0.455,1.597
3545432,1872,1918,1780,-0.0821,-0.0297,1.1437,-0.707,-0.547,1.527
3545442,1887,1910,1843,-0.0825,-0.0313,1.1439,-1.192,-0.660,1.401
3545452,1873,1908,1918,-0.0826,-0.0322,1.1453,-1.559,-0.775,1.219
3545462,1883,1907,2040,-0.0814,-0.0355,1.1449,-1.841,-0.860,1.002
3545472,1874,1929,1759,-0.0777,-0.0387,1.1415,-1.974,-0.903,0.834
3545482,1888,1903,1944,-0.0753,-0.0418,1.1388,-1.985,-0.889,0.698
3545492,1873,1938,1789,-0.0713,-0.0431,1.1343,-1.805,-0.853,0.649
3545502,1889,1903,2074,-0.0697,-0.0425,1.1338,-1.398,-0.810,0.676
3545512,1875,1914,1852,-0.0703,-0.0412,1.1342,-0.795,-0.773,0.741
3545522,1886,1901,1767,-0.0724,-0.0386,1.1367,-0.134,-0.783,0.803
3545532,1874,1910,1785,-0.0760,-0.0356,1.1401,0.455,-0.831,0.827
3545542,1893,1905,1768,-0.0788,-0.0324,1.1423,0.900,-0.895,0.783
3545552,1875,1905,1751,-0.0795,-0.0309,1.1452,1.155,-0.963,0.676
3545562,1886,1899,1887,-0.0793,-0.0307,1.1483,1.078,-1.059,0.502
3545572,1876,1909,1886,-0.0790,-0.0324,1.1485,0.629,-1.139,0.271
3545582,1872,1903,1964,-0.0797,-0.0339,1.1460,-0.156,-1.207,0.022
3545592,1882,1943,2013,-0.0809,-0.0356,1.1493,-1.151,-1.387,-0.190
3545602,1882,1903,2067,-0.0825,-0.0351,1.1514,-2.165,-1.573,-0.319
3545612,1917,1905,1917,-0.0834,-0.0338,1.1548,-3.202,-1.685,-0.346
3545622,1901,1903,1967,-0.0821,-0.0319,1.1612,-4.386,-1.850,-0.312
3545632,1872,1917,1808,-0.0784,-0.0314,1.1673,-5.672,-1.895,-0.285
3545642,1959,1902,2078,-0.0741,-0.0333,1.1709,-6.901,-1.696,-0.264
3545652,1933,1949,1815,-0.0711,-0.0351,1.1721,-7.861,-1.289,-0.238
3545662,1915,1923,1803,-0.0727,-0.0372,1.1712,-8.355,-0.718,-0.167
3545672,1872,1913,1870,-0.0753,-0.0389,1.1708,-8.418,-0.118,-0.139
3545682,1975,1927,1779,-0.0786,-0.0418,1.1715,-8.089,0.405,-0.135
3545692,1889,1922,2040,-0.0799,-0.0451,1.1723,-7.430,0.915,-0.166
3545702,1931,1903,1897,-0.0800,-0.0504,1.1703,-6.692,1.444,-0.214
3545712,2108,1971,1837,-0.0805,-0.0548,1.1695,-5.895,1.949,-0.145
3545722,2059,1935,1839,-0.0795,-0.0566,1.1733,-5.217,2.321,0.092
3545732,1980,1913,1815,-0.0792,-0.0562,1.1705,-4.532,2.823,0.409
3545742,2053,1903,2172,-0.0786,-0.0536,1.1710,-3.792,3.338,0.754
3545752,2112,1912,1841,-0.0790,-0.0498,1.1763,-3.267,3.663,1.109
3545762,1886,1906,2064,-0.0795,-0.0472,1.1787,-3.127,4.164,1.323
3545772,2030,1919,1807,-0.0802,-0.0461,1.1797,-3.312,4.832,1.370
3545782,1875,1902,1793,-0.0787,-0.0484,1.1764,-3.725,5.605,1.271
3545792,1962,1932,1761,-0.0781,-0.0510,1.1735,-4.280,6.295,1.165
3545802,1904,1972,1955,-0.0770,-0.0531,1.1738,-5.000,6.744,1.177
3545812,1906,1904,1822,-0.0736,-0.0613,1.1777,-5.838,7.205,1.177
3545822,1902,1908,1772,-0.0671,-0.0695,1.1792,-6.916,7.703,1.132
3545832,1989,1926,1863,-0.0650,-0.0743,1.1757,-7.708,8.498,1.130
3545842,1875,1906,1968,-0.0670,-0.0742,1.1785,-8.031,9.268,1.264
3545852,1874,1933,2018,-0.0693,-0.0798,1.1790,-7.817,10.142,1.338
3545862,1878,1901,1761,-0.0721,-0.0845,1.1761,-7.153,11.163,1.277
3545872,1887,1921,1973,-0.0757,-0.0865,1.1688,-6.014,12.112,1.284
3545882,1874,1904,1787,-0.0774,-0.0885,1.1631,-4.359,12.864,1.314
3545892,1896,1903,2055,-0.0761,-0.0952,1.1663,-2.217,13.210,1.577
3545902,1970,2032,1891,-0.0752,-0.0956,1.1853,-0.238,13.110,2.488
3545912,1942,1938,1898,-0.0801,-0.0883,1.1975,0.917,13.446,3.881
3545922,1886,1926,2271,-0.0866,-0.0716,1.2049,1.094,14.238,5.342
3545932,1957,1919,1933,-0.0944,-0.0557,1.2093,0.399,15.085,6.482
3545942,1885,1904,2128,-0.1032,-0.0425,1.2058,-0.741,16.077,7.044
3545952,1875,1909,2115,-0.1131,-0.0360,1.2014,-2.090,16.943,6.987
3545962,1871,1906,2039,-0.1220,-0.0340,1.2013,-3.290,17.557,6.438
3545972,1874,1934,1903,-0.1296,-0.0357,1.2014,-4.080,18.158,5.593
3545982,2129,1923,2064,-0.1357,-0.0385,1.1977,-4.368,18.798,4.755
3545992,1910,1918,2744,-0.1425,-0.0406,1.1972,-4.355,19.419,4.038
3546002,1877,1907,2066,-0.1563,-0.0401,1.1954,-4.064,20.089,3.449
3546012,1874,1910,2407,-0.1722,-0.0387,1.1940,-3.518,20.580,2.966
3546022,1885,1918,2499,-0.1842,-0.0394,1.1924,-2.897,20.856,2.447
3546032,1872,1920,2048,-0.1919,-0.0428,1.1916,-2.567,20.908,1.811
3546042,1875,1903,2023,-0.1965,-0.0449,1.1870,-2.298,20.962,1.231
3546052,1872,1927,2153,-0.2002,-0.0449,1.1839,-1.949,21.136,0.752
3546062,1934,1921,2050,-0.2046,-0.0477,1.1834,-1.700,21.297,0.214
3546072,1871,1927,2385,-0.2077,-0.0520,1.1812,-1.394,21.651,-0.365
3546082,1875,1903,2402,-0.2098,-0.0558,1.1800,-1.121,22.158,-0.936
3546092,1875,1903,2451,-0.2105,-0.0601,1.1784,-1.075,22.687,-1.530
3546102,1872,1917,2448,-0.2093,-0.0664,1.1753,-1.259,23.386,-2.090
3546112,2086,1927,2336,-0.2078,-0.0751,1.1724,-1.634,24.268,-2.490
3546122,2030,1903,2319,-0.2059,-0.0857,1.1693,-2.268,25.219,-2.688
3546132,1899,1922,2654,-0.2056,-0.0966,1.1636,-3.118,26.301,-2.592
3546142,1872,1903,2310,-0.2046,-0.1052,1.1590,-4.197,27.259,-2.151
3546152,1928,1938,2552,-0.2040,-0.1143,1.1544,-5.454,28.224,-1.462
3546162,1872,1905,2372,-0.2034,-0.1233,1.1508,-6.922,29.239,-0.577
3546172,1936,1935,2495,-0.2020,-0.1313,1.1505,-8.563,30.220,0.499
3546182,1870,1904,2207,-0.2011,-0.1402,1.1519,-10.228,31.297,1.751
3546192,1951,1916,2599,-0.2016,-0.1462,1.1509,-11.779,32.613,3.189
3546202,1881,1904,2571,-0.2054,-0.1516,1.1509,-13.246,34.037,4.775
3546212,1873,1903,2981,-0.2089,-0.1569,1.1458,-14.612,35.519,6.447
3546222,1872,1904,2436,-0.2133,-0.1616,1.1407,-15.648,37.017,8.208
3546232,1894,1908,2612,-0.2179,-0.1666,1.1384,-16.432,38.352,10.072
3546242,2009,1920,2780,-0.2211,-0.1720,1.1351,-16.959,39.771,11.903
3546252,1900,1903,2635,-0.2247,-0.1758,1.1314,-17.152,41.162,13.785
3546262,1946,1939,2499,-0.2253,-0.1795,1.1329,-17.120,42.487,15.713
3546272,1871,1956,2829,-0.2249,-0.1860,1.1306,-17.120,43.939,17.670
3546282,1874,1904,2826,-0.2243,-0.1903,1.1303,-17.125,45.559,19.738
3546292,1895,1953,2468,-0.2265,-0.1941,1.1289,-17.169,47.273,21.970
3546302,1907,1905,2926,-0.2302,-0.1960,1.1265,-17.189,49.065,24.357
3546312,1893,1907,2675,-0.2361,-0.1975,1.1241,-17.210,50.869,26.832
3546322,1885,2056,2910,-0.2419,-0.1979,1.1215,-17.156,52.646,29.341
3546332,1872,1946,2669,-0.2480,-0.1996,1.1181,-17.091,54.372,31.878
3546342,1904,2046,2709,-0.2534,-0.2012,1.1122,-17.065,56.087,34.360
3546352,1899,2002,2581,-0.2593,-0.2027,1.1033,-16.831,57.905,36.801
3546362,1887,1907,2770,-0.2638,-0.2038,1.0965,-16.228,59.604,39.237
3546372,1873,1954,2563,-0.2686,-0.2083,1.0939,-15.150,61.245,41.561
3546382,1889,1908,2787,-0.2724,-0.2117,1.0932,-13.717,62.869,43.804
3546392,1880,1964,2786,-0.2777,-0.2083,1.0909,-11.971,64.593,46.065
3546402,1903,1916,2679,-0.2839,-0.2020,1.0870,-9.957,66.440,48.340
3546412,1914,1914,2598,-0.2908,-0.1952,1.0834,-7.874,68.366,50.501
3546422,1902,1903,2531,-0.3004,-0.1885,1.0798,-5.870,70.326,52.592
3546432,1886,2027,2535,-0.3123,-0.1796,1.0727,-4.359,72.603,54.887
3546442,1873,1925,2664,-0.3256,-0.1690,1.0658,-3.502,74.704,57.063
3546452,1946,1986,2778,-0.3379,-0.1569,1.0605,-3.286,76.603,59.254
3546462,1944,1906,2639,-0.3535,-0.1426,1.0521,-3.838,78.328,61.431
3546472,1872,1927,2185,-0.3710,-0.1254,1.0406,-4.920,80.043,63.565
3546482,1879,1904,2350,-0.3908,-0.1107,1.0258,-6.516,81.561,65.438
3546492,1893,1998,2147,-0.4123,-0.0952,1.0131,-8.375,82.707,67.195
3546502,1872,1904,2336,-0.4363,-0.0815,0.9983,-10.175,83.688,68.766
3546512,1938,1972,2310,-0.4565,-0.0683,0.9830,-11.781,84.346,70.099
3546522,1872,1957,2253,-0.4735,-0.0548,0.9658,-13.077,84.811,71.218
3546532,1888,1927,2441,-0.4879,-0.0400,0.9540,-14.034,85.063,72.162
3546542,1894,1909,2230,-0.5010,-0.0246,0.9428,-14.882,85.188,72.853
3546552,2003,1909,2217,-0.5129,-0.0093,0.9286,-15.521,85.491,73.305
3546562,2124,1913,2092,-0.5284,0.0043,0.9148,-16.159,85.881,73.438
3546572,1892,1913,2086,-0.5441,0.0145,0.9016,-17.055,86.154,73.319
3546582,2150,1900,1977,-0.5627,0.0271,0.8815,-18.165,86.410,73.067
3546592,1876,1903,1903,-0.5799,0.0359,0.8646,-19.483,86.406,72.692
3546602,1889,1928,1946,-0.5965,0.0388,0.8499,-21.228,85.977,72.160
3546612,1873,1904,1971,-0.6084,0.0383,0.8331,-23.296,85.225,71.721
3546622,2124,1951,1932,-0.6191,0.0373,0.8149,-25.715,84.091,71.611
3546632,1927,1908,2139,-0.6280,0.0365,0.7921,-28.216,82.663,71.918
3546642,1936,1903,1908,-0.6387,0.0392,0.7684,-30.533,80.971,72.603
3546652,1984,1966,1946,-0.6462,0.0462,0.7462,-32.391,78.820,73.519
3546662,1872,1903,1941,-0.6530,0.0556,0.7213,-33.774,76.307,74.424
3546672,1945,1903,2137,-0.6612,0.0671,0.6975,-34.564,73.595,75.207
3546682,2164,1926,2348,-0.6690,0.0798,0.6826,-34.610,70.661,75.732
3546692,2297,1904,2583,-0.6771,0.0895,0.6762,-34.155,67.498,75.802
3546702,2180,1909,2606,-0.6826,0.0962,0.6688,-33.246,64.411,75.411
3546712,2144,1916,2371,-0.6877,0.0990,0.6640,-31.959,61.543,74.704
3546722,2117,1947,2538,-0.6920,0.1003,0.6645,-30.395,58.801,73.909
3546732,2308,1904,2441,-0.6980,0.1011,0.6613,-28.604,56.398,73.170
3546742,2300,2024,2590,-0.7046,0.1043,0.6550,-26.422,54.348,72.673
3546752,1880,1950,2632,-0.7105,0.1108,0.6527,-23.948,52.312,72.404
3546762,1909,1987,2457,-0.7154,0.1191,0.6502,-21.156,50.382,72.274
3546772,1925,1955,2064,-0.7202,0.1321,0.6449,-18.044,48.755,72.146
3546782,2132,1927,2261,-0.7254,0.1477,0.6413,-14.662,47.354,71.901
3546792,1887,1952,2373,-0.7309,0.1650,0.6364,-11.064,46.166,71.385
3546802,1866,1940,2452,-0.7362,0.1793,0.6322,-7.303,45.201,70.491
3546812,1883,1903,2131,-0.7400,0.1930,0.6312,-3.485,44.294,69.289
3546822,1910,1896,2356,-0.7437,0.2070,0.6322,0.280,43.512,67.878
3546832,1882,2163,2305,-0.7477,0.2225,0.6312,3.890,43.049,66.312
3546842,2142,1931,2412,-0.7518,0.2401,0.6328,7.208,42.780,64.685
3546852,1906,1900,2430,-0.7570,0.2576,0.6294,9.977,42.681,63.021
3546862,2129,1921,2334,-0.7619,0.2760,0.6178,12.044,42.838,61.327
3546872,2007,1932,2468,-0.7678,0.2960,0.6104,13.236,42.797,59.671
3546882,1867,1903,2726,-0.7739,0.3154,0.6071,13.346,42.419,57.983
3546892,1871,1935,2038,-0.7803,0.3360,0.5983,12.588,42.035,56.247
3546902,1963,1903,2360,-0.7850,0.3546,0.5943,10.996,41.431,54.334
3546912,1885,1928,2213,-0.7871,0.3695,0.5935,8.691,40.541,52.204
3546922,1918,1904,1925,-0.7903,0.3805,0.5865,6.032,39.741,49.866
3546932,2126,1945,2030,-0.7931,0.3909,0.5820,3.125,38.788,47.400
3546942,1901,1921,2255,-0.7947,0.3990,0.5745,-0.036,37.680,44.737
3546952,1884,1969,2386,-0.8003,0.4020,0.5657,-3.335,36.579,41.884
3546962,1888,1937,1770,-0.8049,0.4061,0.5600,-6.703,35.192,39.127
3546972,2001,1931,2195,-0.8098,0.4047,0.5589,-10.183,33.491,36.475
3546982,1950,2000,2148,-0.8132,0.3978,0.5508,-13.535,31.906,33.929
3546992,2256,1969,2386,-0.8170,0.3910,0.5438,-16.471,30.329,31.615
3547002,2024,1940,1939,-0.8204,0.3847,0.5347,-18.798,28.529,29.563
3547012,2238,1937,2099,-0.8245,0.3793,0.5203,-20.167,26.814,27.582
3547022,1949,1901,2064,-0.8275,0.3733,0.5138,-20.544,24.930,25.546
3547032,2684,1920,2086,-0.8290,0.3701,0.5155,-20.025,22.777,23.471
3547042,2509,1931,2479,-0.8314,0.3694,0.5146,-18.485,20.883,21.376
3547052,1890,1948,2239,-0.8324,0.3684,0.5162,-16.265,19.256,19.171
3547062,2278,1901,2010,-0.8340,0.3689,0.5150,-13.668,17.776,16.919
3547072,1872,1928,1955,-0.8397,0.3708,0.5018,-10.683,16.610,14.623
3547082,1993,1916,2191,-0.8486,0.3735,0.4894,-7.235,15.406,12.298
3547092,1915,1912,2025,-0.8546,0.3744,0.4827,-3.502,13.730,9.823
3547102,1997,1916,2033,-0.8573,0.3738,0.4844,0.705,11.758,7.276
3547112,1867,1966,2154,-0.8566,0.3693,0.4962,5.099,9.648,4.750
3547122,1882,1912,2075,-0.8546,0.3660,0.5082,9.480,7.843,2.555
3547132,1928,1906,2173,-0.8545,0.3637,0.5147,13.435,6.638,0.777
3547142,1965,1926,1931,-0.8528,0.3659,0.5334,16.557,5.659,-0.329
3547152,1992,1993,2134,-0.8531,0.3776,0.5515,18.388,4.750,-0.705
3547162,1952,1954,2026,-0.8595,0.3905,0.5467,19.118,4.805,-0.858
3547172,1882,1928,1849,-0.8677,0.4062,0.5337,18.766,5.053,-1.199
3547182,1890,1908,2347,-0.8612,0.4062,0.5306,17.318,4.597,-2.266
3547192,2095,1918,2579,-0.8422,0.3963,0.5649,14.305,2.417,-3.674
3547202,1942,1920,2153,-0.8316,0.3835,0.5825,10.337,0.714,-4.747
3547212,1867,1912,1776,-0.8266,0.3566,0.5764,6.032,0.771,-5.690
3547222,2046,1901,1971,-0.8275,0.3337,0.5719,1.137,0.967,-6.602
3547232,2260,1916,2050,-0.8345,0.3140,0.5652,-2.686,1.091,-6.865
3547242,2208,1914,2123,-0.8400,0.3019,0.5538,-5.866,0.961,-6.799
3547252,2711,1908,1926,-0.8457,0.2901,0.5408,-8.325,0.514,-6.713
3547262,1940,1918,1981,-0.8473,0.2804,0.5339,-10.172,-0.483,-6.733
3547272,3479,2103,1800,-0.8490,0.2719,0.5312,-11.233,-1.707,-6.823
3547282,4095,2145,2120,-0.8502,0.2588,0.5316,-11.539,-2.829,-7.122
3547292,1970,1910,1953,-0.8514,0.2488,0.5380,-10.633,-3.783,-7.492
3547302,1982,1900,1813,-0.8519,0.2473,0.5463,-8.112,-4.598,-7.795
3547312,2102,1929,2143,-0.8475,0.2314,0.5355,-4.119,-4.517,-8.773
3547322,2237,2014,1896,-0.8330,0.2051,0.5710,0.761,-4.570,-10.520
3547332,1874,1908,1969,-0.7959,0.2203,0.7134,6.038,-6.444,-10.905
3547342,1920,2074,1745,-0.7900,0.2707,0.7792,11.044,-5.015,-9.728
3547352,2149,1944,1792,-0.7990,0.3265,0.7141,17.054,3.286,-8.811
3547362,2284,1898,1995,-0.8222,0.3433,0.6686,20.744,10.644,-9.486
3547372,1855,2002,1742,-0.8544,0.3516,0.6383,22.207,15.026,-10.303
3547382,2307,1947,2644,-0.8940,0.3400,0.5566,22.592,19.514,-10.787
3547392,1890,1947,1847,-0.9204,0.3311,0.5049,22.551,21.770,-10.856
3547402,2643,1994,1876,-0.9232,0.3190,0.5248,23.018,20.169,-10.440
3547412,1918,1949,1770,-0.9130,0.3207,0.5763,24.295,17.488,-10.084
3547422,2277,1941,1867,-0.8597,0.2959,0.6760,26.233,15.279,-9.847
3547432,2137,1933,1860,-0.8357,0.2718,0.6716,24.155,15.164,-9.808
3547442,2147,1954,1850,-0.8488,0.2809,0.4763,24.493,22.017,-8.709
3547452,2095,2144,1844,-0.9052,0.2871,0.3655,25.227,27.013,-7.969
3547462,3149,1961,1904,-0.9189,0.3190,0.4354,23.697,21.368,-7.048
3547472,2140,1926,2141,-0.9231,0.3271,0.4584,21.379,15.253,-7.336
3547482,2288,2101,2301,-0.9141,0.3296,0.4396,19.926,12.403,-8.686
3547492,3456,1934,1824,-0.9068,0.3225,0.4516,19.317,9.468,-10.547
3547502,1940,1918,1826,-0.9059,0.3119,0.4442,20.449,7.563,-12.402
3547512,2171,1939,1835,-0.9102,0.3056,0.4160,22.006,6.709,-14.208
3547522,2464,1929,1764,-0.9119,0.3090,0.4249,23.549,4.828,-15.587
3547532,1798,1916,1895,-0.9031,0.3182,0.4916,24.876,1.696,-16.545
3547542,1831,1917,1862,-0.8835,0.3319,0.5871,25.591,-1.232,-16.949
3547552,2187,1901,1825,-0.8848,0.3612,0.6083,24.763,-1.118,-17.013
3547562,2555,2053,2261,-0.9055,0.3816,0.5439,24.305,3.296,-17.297
3547572,1939,1909,1913,-0.9477,0.3857,0.5041,21.853,6.602,-17.857
3547582,2258,2123,1842,-0.9778,0.3811,0.4365,18.936,8.656,-17.540
3547592,2011,1902,2118,-0.9912,0.3510,0.3989,15.740,9.250,-17.364
3547602,2330,2065,2333,-0.9528,0.3205,0.5205,11.587,4.448,-16.726
3547612,1928,1925,1771,-0.8859,0.2547,0.6749,6.955,-0.393,-15.986
3547622,2357,1955,1899,-0.8575,0.2238,0.6230,2.143,2.255,-14.291
3547632,3046,1910,1867,-0.8991,0.2570,0.4299,1.934,10.097,-10.907
3547642,2538,1995,2051,-0.9518,0.2344,0.2965,4.772,15.898,-10.496
3547652,3549,1989,1950,-0.9367,0.1611,0.3670,5.640,10.473,-12.330
3547662,4095,1899,2074,-0.9168,0.0931,0.4558,5.329,2.673,-13.670
3547672,1980,1982,1819,-0.9184,0.1012,0.4357,8.069,1.342,-12.010
3547682,2984,1919,2149,-0.9303,0.1270,0.3940,14.185,3.553,-9.415
3547692,2299,1948,1783,-0.9198,0.1484,0.4286,21.080,3.328,-7.696
3547702,1913,1903,2130,-0.9176,0.1752,0.4445,28.578,3.307,-6.670
3547712,2522,2093,2015,-0.9295,0.2259,0.4374,36.763,5.319,-5.651
3547722,1675,1909,1808,-0.9356,0.2760,0.4695,43.304,6.153,-4.975
3547732,1918,1953,1813,-0.9323,0.3048,0.4869,47.967,7.035,-5.407
3547742,2106,1909,2244,-0.9233,0.3143,0.5134,50.383,8.447,-6.401
3547752,2141,2176,1812,-0.9202,0.3282,0.5528,49.353,9.196,-6.696
3547762,1938,2252,1865,-0.9441,0.3419,0.5277,46.121,12.154,-6.320
3547772,1984,1978,3110,-0.9694,0.3536,0.4447,42.153,17.111,-5.570
3547782,2097,1991,1865,-0.9742,0.3637,0.4359,37.405,18.927,-4.773
3547792,1690,2018,2061,-0.9493,0.3501,0.5078,30.704,16.478,-4.392
3547802,1807,1939,1778,-0.9080,0.2956,0.5608,23.028,15.872,-4.849
3547812,2186,1910,1933,-0.8888,0.2665,0.5711,13.784,16.500,-3.913
3547822,2050,1902,1850,-0.8969,0.2753,0.4573,6.232,20.099,-1.379
3547832,2253,1900,2091,-0.9414,0.2549,0.3348,1.326,24.423,-0.268
3547842,2019,1924,1784,-0.9376,0.1819,0.3438,-3.826,18.845,-1.018
3547852,1844,1968,1910,-0.9303,0.1385,0.3360,-5.878,15.399,-0.505
3547862,1962,2069,2028,-0.9289,0.1321,0.3432,-5.070,12.888,1.463
3547872,2238,2062,1910,-0.9258,0.1520,0.3501,-1.387,11.393,3.840
3547882,1747,1900,2121,-0.9238,0.1772,0.3520,3.922,10.831,5.596
3547892,1882,2012,1821,-0.9299,0.2027,0.3527,9.898,10.941,6.620
3547902,2232,1910,2295,-0.9357,0.2237,0.3579,15.138,11.032,7.206
3547912,1863,1990,2477,-0.9317,0.2494,0.3667,18.492,10.896,7.665
3547922,1829,1939,1787,-0.9158,0.2678,0.4048,19.443,10.319,8.024
3547932,1768,1901,1861,-0.9037,0.2951,0.4719,17.247,8.843,8.794
3547942,1829,2076,2074,-0.9213,0.3147,0.4325,14.085,11.091,9.559
3547952,2307,2225,2428,-0.9678,0.3318,0.3560,10.799,15.866,9.950
3547962,2615,2054,2405,-0.9938,0.3494,0.3188,6.859,17.297,10.823
3547972,2260,1906,2333,-0.9986,0.3435,0.2790,3.141,16.833,11.348
3547982,1688,1946,1804,-0.9621,0.3074,0.3501,-2.119,13.030,11.233
3547992,2179,1943,1978,-0.8794,0.2480,0.4969,-9.334,7.345,10.972
3548002,1682,1982,1901,-0.8392,0.1989,0.5004,-18.032,6.258,11.667
3548012,1837,2037,2269,-0.8581,0.2177,0.3222,-23.773,12.283,14.558
3548022,2793,2029,1913,-0.9121,0.1929,0.1983,-25.686,17.765,16.255
3548032,2052,1897,1828,-0.9077,0.1590,0.2674,-29.248,12.225,16.789
3548042,2767,1957,1772,-0.8923,0.1306,0.3048,-31.812,5.209,17.736
3548052,1985,1976,1778,-0.8844,0.1352,0.2575,-30.828,3.602,19.589
3548062,3509,1897,1982,-0.8795,0.1571,0.2650,-27.744,1.899,21.733
3548072,2632,2005,1879,-0.8687,0.1910,0.2948,-22.889,-0.701,23.237
3548082,2018,1969,2220,-0.8655,0.2237,0.2905,-16.815,-1.490,23.697
3548092,2027,2009,2112,-0.8563,0.2547,0.3114,-11.124,-2.152,23.459
3548102,1663,2065,1780,-0.8359,0.2793,0.3752,-6.797,-4.000,23.105
3548112,1989,1921,2132,-0.8308,0.3122,0.4300,-4.354,-5.312,23.065
3548122,2324,1898,2457,-0.8488,0.3373,0.3927,-2.748,-3.103,23.014
3548132,1807,2075,2379,-0.8977,0.3641,0.3170,-2.416,0.820,22.808
3548142,2108,2302,1832,-0.9255,0.3912,0.2724,-3.001,1.938,23.318
3548152,1849,1924,2968,-0.9280,0.3942,0.2722,-5.056,-0.168,23.536
3548162,1873,2010,1899,-0.8919,0.3799,0.3599,-9.022,-5.177,23.483
3548172,1771,1964,2020,-0.8153,0.3482,0.4961,-14.153,-9.648,23.005
3548182,1842,1899,2075,-0.7734,0.2920,0.5189,-20.318,-10.450,22.596
3548192,1767,1972,1950,-0.7804,0.3026,0.3942,-25.360,-6.502,23.982
3548202,1913,1914,1962,-0.8366,0.2870,0.2464,-26.083,-0.607,24.684
3548212,2926,2014,1964,-0.8416,0.2505,0.2868,-28.969,-3.996,23.843
3548222,1869,2309,1913,-0.8318,0.2145,0.3490,-32.380,-11.482,23.788
3548232,1858,1900,2057,-0.8223,0.2166,0.3279,-33.072,-14.135,25.077
3548242,2046,1960,2060,-0.8168,0.2370,0.3348,-32.123,-15.569,26.932
3548252,1844,1936,2136,-0.8065,0.2736,0.3703,-29.460,-17.574,28.326
3548262,3822,1935,2425,-0.8056,0.3006,0.3743,-25.223,-17.880,28.480
3548272,1787,1962,1911,-0.8046,0.3303,0.3898,-20.707,-17.720,27.736
3548282,1974,1904,1982,-0.7925,0.3449,0.4223,-16.626,-18.049,26.620
3548292,2149,1970,1817,-0.7780,0.3539,0.4748,-13.829,-18.463,25.628
3548302,1798,2047,1995,-0.7787,0.3861,0.5134,-12.947,-18.488,25.541
3548312,1783,2229,2470,-0.8018,0.4108,0.4513,-12.546,-14.951,25.497
3548322,2034,2027,2359,-0.8455,0.4261,0.3847,-13.520,-11.223,25.180
3548332,1789,1912,2704,-0.8733,0.4417,0.3679,-15.995,-11.184,25.450
3548342,1739,2075,2783,-0.8828,0.4302,0.3410,-19.422,-12.579,25.687
3548352,1698,1911,1946,-0.8629,0.4117,0.3676,-23.802,-15.892,26.126
3548362,1687,1894,1892,-0.8175,0.3963,0.4689,-28.409,-20.650,26.788
3548372,2086,2023,1848,-0.7430,0.3575,0.5886,-33.182,-24.619,27.231
3548382,2257,1933,1752,-0.7216,0.3324,0.5471,-40.176,-23.768,27.708
3548392,2231,2123,1851,-0.7480,0.3364,0.3760,-41.346,-16.868,29.576
3548402,1715,1896,2033,-0.7856,0.3119,0.3577,-43.409,-15.758,30.391
3548412,2698,1987,1842,-0.7740,0.3072,0.4411,-47.192,-22.874,31.329
3548422,2001,1933,1895,-0.7604,0.2942,0.4413,-49.671,-26.830,31.725
3548432,1855,2187,1939,-0.7482,0.3034,0.4461,-50.309,-28.313,32.354
3548442,1663,2002,1914,-0.7426,0.3290,0.4813,-49.342,-30.070,32.988
3548452,2245,1928,1838,-0.7395,0.3599,0.4793,-45.619,-30.001,33.070
3548462,1747,1973,1793,-0.7389,0.3806,0.4871,-41.066,-29.488,31.874
3548472,1969,1901,1876,-0.7248,0.3983,0.5453,-36.234,-30.333,30.199
3548482,1621,1894,2221,-0.7078,0.4123,0.6187,-31.916,-31.233,28.640
3548492,1660,2232,1799,-0.7058,0.4410,0.6618,-28.719,-30.475,27.669
3548502,1652,2026,1743,-0.7251,0.4834,0.6320,-26.500,-26.874,26.754
3548512,1619,2102,1770,-0.7543,0.5071,0.5576,-25.666,-22.308,25.182
3548522,1711,2566,4095,-0.7875,0.5105,0.5019,-26.588,-19.781,23.432
3548532,1756,1995,1986,-0.8062,0.5029,0.4935,-29.310,-20.693,22.604
3548542,1722,2077,2513,-0.8034,0.4775,0.5026,-33.520,-23.417,22.730
3548552,1651,1951,1758,-0.7731,0.4508,0.5408,-38.539,-26.642,23.569
3548562,1628,1918,1956,-0.7276,0.4293,0.6382,-44.001,-30.881,24.419
3548572,1969,1896,1978,-0.6532,0.3795,0.7624,-48.849,-34.444,24.814
3548582,1901,1938,1857,-0.6172,0.3309,0.7196,-55.002,-33.610,25.148
3548592,1740,2126,1949,-0.6315,0.3302,0.5261,-56.308,-26.842,27.133
3548602,1671,1984,1770,-0.6812,0.3233,0.4342,-57.648,-24.452,29.330
3548612,1946,1901,1826,-0.6818,0.3182,0.4935,-60.964,-31.323,31.163
3548622,2319,2015,1752,-0.6610,0.2940,0.5451,-64.391,-39.059,32.090
3548632,1634,1952,1758,-0.6293,0.2842,0.5840,-65.646,-44.073,32.699
3548642,1790,1897,1801,-0.6172,0.2968,0.6158,-63.581,-46.705,33.375
3548652,1698,2065,1830,-0.6128,0.3345,0.6246,-57.084,-47.101,34.119
3548662,1642,1902,1748,-0.6105,0.3710,0.6347,-49.322,-47.109,33.590
3548672,1760,1921,1989,-0.5988,0.3979,0.6726,-41.785,-48.103,31.621
3548682,1673,1896,1758,-0.5755,0.4135,0.7438,-35.092,-49.573,28.998
3548692,1742,1934,1739,-0.5511,0.4241,0.8340,-30.234,-50.550,26.665
3548702,1603,2010,1799,-0.5365,0.4451,0.8837,-27.804,-49.562,25.270
3548712,1663,1898,1743,-0.5462,0.4797,0.8611,-26.556,-44.785,24.351
3548722,1805,1922,2264,-0.5782,0.5091,0.7946,-27.049,-39.121,23.011
3548732,1616,2093,3323,-0.6177,0.5028,0.7140,-28.508,-35.083,20.965
3548742,1749,2307,1731,-0.6542,0.4668,0.6842,-31.152,-34.564,18.939
3548752,1994,2075,2853,-0.6682,0.4330,0.7000,-34.552,-37.434,18.366
3548762,1641,1942,2256,-0.6594,0.4009,0.7240,-37.651,-40.906,18.943
3548772,1999,1905,1977,-0.6312,0.3908,0.7716,-39.618,-44.477,20.116
3548782,1604,1920,2055,-0.5610,0.3855,0.9076,-40.111,-48.002,21.034
3548792,1682,1911,2004,-0.4599,0.3742,0.9912,-43.231,-51.684,21.408
3548802,1775,1889,1736,-0.4464,0.3856,0.8527,-47.140,-47.142,21.834
3548812,2004,1958,2029,-0.4858,0.4086,0.7403,-47.482,-39.976,23.231
3548822,1737,1947,2251,-0.5231,0.4261,0.8058,-53.761,-43.165,23.208
3548832,2330,1914,2019,-0.5552,0.4237,0.7830,-57.844,-45.937,21.566
3548842,2649,1964,2229,-0.5496,0.3796,0.7848,-59.296,-47.316,17.574
3548852,1864,2015,2039,-0.5276,0.3241,0.8466,-59.162,-51.394,13.652
3548862,2110,1962,2000,-0.5233,0.2988,0.8459,-54.797,-51.943,11.247
3548872,1858,1964,1815,-0.5157,0.3135,0.8525,-47.781,-50.974,10.652
3548882,1635,1906,1983,-0.4985,0.3520,0.9185,-41.225,-51.887,10.414
3548892,1665,2020,1964,-0.4809,0.3991,0.9961,-35.627,-52.287,9.825
3548902,1699,2132,2110,-0.4599,0.4349,1.0678,-32.138,-50.935,8.541
3548912,1664,2358,1695,-0.4614,0.4548,1.0654,-31.593,-47.184,6.389
3548922,1643,2094,2232,-0.4832,0.4497,1.0062,-31.813,-40.964,3.486
3548932,2220,2270,2802,-0.5191,0.4299,0.9775,-33.545,-36.957,0.530
3548942,1941,1904,1652,-0.5476,0.3976,0.9290,-34.068,-33.883,-1.397
3548952,1922,1893,2024,-0.5486,0.3346,0.9146,-33.794,-32.612,-2.621
3548962,1653,1893,2341,-0.5223,0.2839,0.9921,-34.371,-35.170,-2.640
3548972,1630,1892,1811,-0.4456,0.2634,1.1601,-35.692,-38.423,-0.795
3548982,1739,1949,1940,-0.3895,0.3123,1.2256,-40.581,-39.442,3.007
3548992,1671,1892,1833,-0.3900,0.3652,1.0947,-42.553,-30.341,5.869
3549002,2394,1994,1765,-0.4196,0.3689,0.9954,-45.035,-22.661,6.232
3549012,2429,1970,1788,-0.4412,0.3392,0.9691,-48.596,-21.498,4.068
3549022,2372,1910,1901,-0.4648,0.2687,0.9375,-50.935,-21.271,0.735
3549032,2639,1975,1875,-0.4681,0.1985,0.9489,-52.105,-22.657,-1.836
3549042,1660,1889,1784,-0.4652,0.1560,0.9805,-50.686,-24.340,-2.531
3549052,1748,1892,1954,-0.4529,0.1724,1.0142,-45.805,-24.636,-1.380
3549062,1871,1890,1893,-0.4403,0.2235,1.0478,-39.149,-23.478,0.133
3549072,1953,1891,1944,-0.4150,0.2906,1.0965,-32.729,-21.628,0.669
3549082,1612,1890,1852,-0.3890,0.3476,1.1519,-28.769,-19.307,-0.408
3549092,1645,1903,1948,-0.3593,0.3735,1.2084,-28.012,-15.891,-2.788
3549102,1740,1911,1998,-0.3435,0.3652,1.2390,-30.794,-11.223,-5.998
3549112,1649,2012,1824,-0.3519,0.3367,1.2273,-34.971,-4.799,-9.428
3549122,1710,1989,1806,-0.3760,0.2979,1.1977,-39.308,1.544,-12.782
3549132,1629,1896,1858,-0.4178,0.2592,1.1129,-42.092,7.222,-15.602
3549142,1685,1894,2210,-0.4697,0.2095,1.0149,-41.705,11.924,-17.655
3549152,1833,1907,4095,-0.5016,0.1688,1.0058,-39.852,12.242,-18.265
3549162,1649,1912,2053,-0.5301,0.1395,0.9953,-36.465,10.636,-17.589
3549172,1655,1908,1960,-0.5356,0.1301,0.9874,-30.587,9.776,-16.008
3549182,1619,1889,2144,-0.5240,0.1251,1.0467,-24.914,7.514,-14.404
3549192,1654,1898,1802,-0.4912,0.1283,1.1749,-20.546,5.986,-13.275
3549202,1602,1891,2256,-0.3896,0.1385,1.2951,-19.370,5.366,-12.337
3549212,1626,1894,1911,-0.3749,0.1523,1.2430,-19.039,10.850,-11.547
3549222,1640,1927,2221,-0.4011,0.1580,1.1734,-15.430,19.859,-10.118
3549232,1997,1940,1716,-0.4466,0.1105,1.1205,-15.810,24.025,-11.265
3549242,2091,1889,1689,-0.4876,0.0630,1.0724,-8.605,26.172,-13.172
3549252,2004,1913,2065,-0.5125,0.0565,1.0416,0.747,25.943,-13.764
3549262,1681,1923,1867,-0.5390,0.0732,0.9756,12.365,27.528,-14.023
3549272,2267,1977,2161,-0.5529,0.1098,0.9517,23.967,27.649,-14.224
3549282,1736,1984,1697,-0.5636,0.1521,0.9434,34.398,26.765,-15.136
3549292,1618,1933,1695,-0.5649,0.2044,0.9545,43.479,25.829,-16.514
3549302,1651,1949,2204,-0.5583,0.2596,0.9937,50.165,24.694,-18.009
3549312,1625,2278,1594,-0.5615,0.3031,1.0026,54.179,24.838,-19.640
3549322,1682,1909,1962,-0.5793,0.3311,0.9841,55.885,26.576,-21.475
3549332,1683,1975,1938,-0.6056,0.3477,0.9765,54.644,27.586,-23.256
3549342,1686,1982,2606,-0.6326,0.3665,0.9697,51.230,27.844,-24.748
3549352,1869,1895,2389,-0.6563,0.3768,0.9270,47.770,28.531,-25.958
3549362,1627,1891,1939,-0.6641,0.3716,0.9169,44.989,28.116,-27.343
3549372,1806,1892,1977,-0.6519,0.3547,0.9423,42.124,26.096,-28.881
3549382,1931,1898,2104,-0.5937,0.3427,1.0472,38.406,23.880,-30.249
3549392,2379,1951,1847,-0.5541,0.3126,1.0975,30.826,23.353,-30.643
3549402,1671,1889,1767,-0.5617,0.3339,1.0102,25.244,30.290,-29.600
3549412,2858,1955,1956,-0.5806,0.3169,0.9558,17.719,34.935,-29.560
3549422,2011,2038,2000,-0.5961,0.2733,0.8869,9.503,35.832,-32.111
3549432,1738,1895,1836,-0.6239,0.2004,0.7991,5.450,36.466,-35.818
3549442,3225,1989,2263,-0.6478,0.1428,0.7812,4.897,33.825,-39.198
3549452,1634,1899,1682,-0.6809,0.0921,0.7495,10.078,31.307,-41.136
3549462,1759,1902,2170,-0.6951,0.0779,0.7595,19.748,29.208,-41.527
3549472,1589,1888,1642,-0.6796,0.1136,0.8576,30.783,25.501,-39.944
3549482,1599,2094,1919,-0.6636,0.1819,0.9267,40.404,23.653,-37.898
3549492,1794,2021,1950,-0.6676,0.2505,0.9217,48.076,25.905,-36.500
3549502,1697,1909,2277,-0.6929,0.2780,0.9079,51.914,29.001,-37.030
3549512,1956,1975,1941,-0.7286,0.2975,0.9102,52.568,30.659,-38.516
3549522,1605,1906,1712,-0.7578,0.2982,0.8590,53.508,33.260,-40.092
3549532,1597,1923,1768,-0.7672,0.2739,0.8164,55.435,35.562,-42.194
3549542,1883,1906,1755,-0.7459,0.2385,0.8335,57.838,35.036,-43.782
3549552,1966,1914,2151,-0.6880,0.1978,0.9272,59.887,33.637,-44.602
3549562,2130,1933,2234,-0.6832,0.1785,0.9752,58.718,34.013,-43.507
3549572,2045,1886,1918,-0.7203,0.2007,0.8758,59.774,41.912,-40.936
3549582,2161,1982,1926,-0.7704,0.1703,0.7945,58.564,48.505,-40.526
3549592,1669,1902,2127,-0.7953,0.1624,0.7542,56.764,49.748,-41.241
3549602,3139,2032,1916,-0.8262,0.1468,0.6766,58.083,50.798,-42.286
3549612,1859,1935,1822,-0.8344,0.1326,0.6535,61.540,49.814,-43.634
3549622,1607,1890,1854,-0.8397,0.1183,0.6484,67.853,47.852,-44.458
3549632,1604,1900,2092,-0.8353,0.1200,0.6631,77.148,47.143,-44.276
3549642,1760,2014,2032,-0.8173,0.1582,0.7711,86.090,45.500,-42.759
3549652,1630,1978,2293,-0.8110,0.2045,0.8375,92.602,45.917,-40.614
3549662,1777,2361,1989,-0.8237,0.2269,0.7856,97.252,51.883,-39.115
3549672,1594,1979,1739,-0.8521,0.2503,0.7469,98.852,57.691,-37.623
3549682,1748,1932,1685,-0.8900,0.2788,0.6863,97.633,61.717,-35.673
3549692,1708,1917,2214,-0.9237,0.3056,0.5944,96.583,66.187,-33.656
3549702,2519,1916,1754,-0.9273,0.3110,0.5439,95.413,67.884,-32.712
3549712,1966,1886,1872,-0.8859,0.2834,0.6058,94.139,65.824,-33.068
3549722,1685,1900,1819,-0.8426,0.2497,0.6641,91.574,63.015,-32.767
3549732,1937,1962,1892,-0.8380,0.2512,0.6093,90.255,64.452,-30.430
3549742,3603,1956,1684,-0.8739,0.2391,0.4864,90.100,69.168,-28.064
3549752,4095,2067,1668,-0.9005,0.2074,0.4132,88.017,69.716,-27.414
3549762,2750,1902,1909,-0.9105,0.1609,0.3683,85.806,66.138,-27.210
3549772,1594,2021,1655,-0.9109,0.1194,0.3325,84.819,62.084,-26.357
3549782,1282,1888,1839,-0.9040,0.0889,0.3464,84.394,57.358,-24.175
3549792,1260,1911,1718,-0.8773,0.0687,0.3751,84.899,53.563,-20.843
3549802,1170,1908,1741,-0.8606,0.1111,0.4173,85.885,51.548,-16.124
3549812,1537,1913,1712,-0.8647,0.2327,0.4575,86.473,50.606,-10.006
3549822,1243,2103,1650,-0.8824,0.3640,0.4647,85.756,50.111,-4.322
3549832,1513,1884,2364,-0.8969,0.4275,0.4878,82.380,48.280,-1.939
3549842,1202,2083,1662,-0.9128,0.4476,0.5191,74.805,44.832,-3.093
3549852,1210,2031,1685,-0.9190,0.4451,0.4680,64.594,43.667,-5.617
3549862,1236,1895,1925,-0.9084,0.4331,0.4203,52.351,43.334,-7.844
3549872,1279,1939,1702,-0.8757,0.4095,0.4167,38.826,41.479,-8.834
3549882,1553,1882,1659,-0.8385,0.3415,0.3267,25.093,40.280,-8.521
3549892,1831,1905,1763,-0.8358,0.2990,0.3239,12.169,34.978,-5.928
3549902,1238,1887,1706,-0.8385,0.2535,0.2407,3.263,29.879,-3.067
3549912,1544,1987,1860,-0.8628,0.1807,0.1313,-1.803,26.893,-2.367
3549922,1414,1909,1692,-0.8623,0.1115,0.1485,-3.378,19.720,-2.345
3549932,1387,1907,1843,-0.8614,0.0686,0.1838,-1.397,11.451,-1.277
3549942,1368,1888,1766,-0.8550,0.0873,0.1963,3.597,5.570,1.620
3549952,1373,1939,1907,-0.8486,0.1296,0.2153,9.042,0.720,4.938
3549962,1362,1886,1682,-0.8343,0.1862,0.2328,14.939,-3.048,7.690
3549972,1653,1971,1733,-0.8244,0.2519,0.2430,20.961,-5.638,9.646
3549982,1196,1890,1718,-0.8223,0.3247,0.2661,25.932,-8.101,10.577
3549992,1301,1933,1691,-0.8250,0.3819,0.2999,28.981,-10.608,9.885
3550002,1749,1894,2059,-0.8248,0.4174,0.3353,30.975,-12.895,7.818
3550012,1194,1903,1754,-0.8224,0.4334,0.3527,33.191,-14.203,4.954
3550022,1214,1901,1698,-0.8191,0.4419,0.3654,35.941,-15.350,1.850
3550032,1283,1913,1774,-0.8205,0.4471,0.3688,39.049,-16.600,-1.407
3550042,1236,1888,1675,-0.8258,0.4524,0.3593,42.808,-17.416,-4.754
3550052,1211,1926,1670,-0.8300,0.4537,0.3540,46.625,-18.554,-8.381
3550062,1676,1900,1662,-0.8298,0.4505,0.3553,50.226,-20.150,-12.297
3550072,1458,1928,1689,-0.8277,0.4387,0.3486,53.293,-21.537,-16.267
3550082,1233,1895,1652,-0.8239,0.4222,0.3475,55.261,-23.037,-19.796
3550092,1317,1930,1920,-0.8185,0.4033,0.3498,55.699,-24.907,-22.299
3550102,1350,1916,1670,-0.8161,0.3958,0.3475,54.803,-26.877,-23.576
3550112,1236,1932,1702,-0.8157,0.3967,0.3468,52.630,-29.152,-23.992
3550122,1482,1904,1642,-0.8157,0.4066,0.3497,49.602,-31.857,-24.019
3550132,1197,1920,1704,-0.8154,0.4202,0.3481,45.979,-34.815,-24.170
3550142,1207,1954,1707,-0.8106,0.4313,0.3469,41.895,-38.025,-24.836
3550152,1323,1940,1669,-0.8029,0.4350,0.3487,37.325,-41.554,-26.082
3550162,1565,1926,1815,-0.7948,0.4315,0.3543,32.231,-45.319,-27.697
3550172,1407,1920,1665,-0.7859,0.4237,0.3657,26.638,-49.139,-29.334
3550182,1206,1921,1829,-0.7803,0.4118,0.3779,20.578,-52.818,-30.760
3550192,1448,1961,1799,-0.7753,0.3998,0.3882,14.206,-56.323,-31.847
3550202,1216,1925,1676,-0.7718,0.3886,0.3994,7.673,-59.787,-32.610
3550212,1511,1897,1687,-0.7699,0.3790,0.4097,1.270,-63.215,-33.155
3550222,1278,1927,1974,-0.7668,0.3706,0.4240,-4.668,-66.616,-33.567
3550232,1326,1933,1707,-0.7629,0.3618,0.4455,-10.115,-70.059,-34.050
3550242,1346,1907,2075,-0.7576,0.3526,0.4640,-15.231,-73.290,-34.696
3550252,1254,1897,1802,-0.7531,0.3408,0.4696,-19.943,-75.869,-35.579
3550262,1220,1886,2013,-0.7497,0.3259,0.4782,-24.217,-78.215,-36.675
3550272,1249,1890,2211,-0.7489,0.3092,0.4917,-28.024,-80.763,-37.788
3550282,1294,1904,2167,-0.7466,0.2897,0.5002,-31.192,-83.163,-38.778
3550292,1429,1925,1969,-0.7429,0.2686,0.5166,-33.837,-85.626,-39.620
3550302,1210,1902,1839,-0.7381,0.2505,0.5388,-35.629,-88.255,-40.029
3550312,1239,1895,1837,-0.7335,0.2383,0.5623,-36.579,-90.732,-40.071
3550322,1215,1898,2347,-0.7284,0.2329,0.5842,-36.825,-92.958,-40.000
3550332,1287,1887,1800,-0.7200,0.2307,0.6012,-36.628,-94.760,-40.219
3550342,1252,1897,2130,-0.7144,0.2289,0.6117,-36.026,-96.072,-40.804
3550352,1213,1907,2366,-0.7075,0.2266,0.6201,-35.088,-97.114,-41.858
3550362,1213,1909,1932,-0.7047,0.2185,0.6239,-33.741,-98.001,-43.235
3550372,1298,1929,1737,-0.7007,0.2052,0.6259,-31.840,-98.862,-44.826
3550382,1248,1912,1950,-0.6978,0.1875,0.6306,-29.301,-99.972,-46.365
3550392,1459,1907,2022,-0.6902,0.1707,0.6359,-26.129,-101.365,-47.716
3550402,1282,1887,2323,-0.6821,0.1574,0.6468,-22.297,-103.066,-48.759
3550412,1291,1929,1673,-0.6709,0.1510,0.6653,-18.226,-105.097,-49.412
3550422,1263,1888,1685,-0.6577,0.1515,0.6934,-14.238,-107.322,-49.700
3550432,1344,1899,1713,-0.6436,0.1564,0.7223,-10.945,-109.443,-49.873
3550442,1246,1949,1835,-0.6284,0.1637,0.7453,-8.437,-111.046,-50.091
3550452,1825,1886,1786,-0.6127,0.1683,0.7589,-6.786,-112.058,-50.436
3550462,1216,1919,1743,-0.5976,0.1672,0.7693,-5.876,-112.917,-50.904
3550472,1237,1898,1809,-0.5814,0.1586,0.7849,-5.774,-114.107,-51.411
3550482,1217,1896,2042,-0.5634,0.1484,0.8021,-6.256,-115.463,-51.890
3550492,1226,1885,1692,-0.5456,0.1336,0.8250,-7.099,-116.909,-52.324
3550502,1387,1947,1674,-0.5229,0.1156,0.8554,-8.475,-118.527,-52.698
3550512,1658,1930,2381,-0.4993,0.0972,0.8899,-10.301,-119.941,-52.915
3550522,1221,1909,1643,-0.4750,0.0776,0.9249,-12.672,-120.829,-52.874
3550532,1249,1888,1921,-0.4514,0.0602,0.9660,-15.701,-121.205,-52.504
3550542,1232,1891,1727,-0.4317,0.0420,1.0026,-19.355,-120.843,-51.852
3550552,1221,1890,1728,-0.4156,0.0239,1.0301,-23.218,-119.320,-51.067
3550562,1241,1890,1735,-0.4015,0.0027,1.0504,-27.104,-117.030,-50.261
3550572,1226,1882,1767,-0.3909,-0.0186,1.0627,-30.522,-114.384,-49.350
3550582,1317,1887,1854,-0.3804,-0.0377,1.0678,-33.037,-111.567,-48.362
3550592,1245,1885,1745,-0.3707,-0.0571,1.0721,-34.587,-108.832,-47.390
3550602,1687,1885,1807,-0.3572,-0.0685,1.0799,-35.114,-106.375,-46.363
3550612,1291,1887,1867,-0.3453,-0.0749,1.0896,-34.573,-103.986,-45.340
3550622,1426,1892,2129,-0.3338,-0.0803,1.0970,-32.912,-101.417,-44.566
3550632,1222,1885,1818,-0.3205,-0.0835,1.1012,-28.956,-98.181,-44.201
3550642,1524,1886,1820,-0.3068,-0.0881,1.1115,-24.790,-95.174,-44.044
3550652,1409,1914,2183,-0.2920,-0.0936,1.1250,-20.510,-92.424,-44.021
3550662,1381,1902,2129,-0.2764,-0.0986,1.1415,-16.007,-89.709,-43.979
3550672,1254,1904,1716,-0.2620,-0.1058,1.1536,-11.668,-86.869,-43.908
3550682,1235,1887,1831,-0.2504,-0.1083,1.1621,-7.901,-83.947,-43.625
3550692,1230,1888,1806,-0.2408,-0.1053,1.1728,-4.832,-81.133,-43.040
3550702,1233,1896,1629,-0.2305,-0.0913,1.1776,-2.539,-78.428,-42.303
3550712,1360,1890,1737,-0.2173,-0.0914,1.1843,-0.373,-75.784,-41.810
3550722,1256,1889,1708,-0.2052,-0.0990,1.1910,1.439,-73.233,-41.421
3550732,1247,1893,1815,-0.1945,-0.1007,1.2003,2.675,-70.768,-40.775
3550742,1311,1896,2259,-0.1841,-0.0969,1.2106,3.248,-68.384,-39.850
3550752,1244,1991,2028,-0.1721,-0.0937,1.2199,3.286,-65.943,-38.881
3550762,1235,2122,1697,-0.1586,-0.0937,1.2307,2.961,-63.440,-37.991
3550772,1319,1909,1781,-0.1452,-0.0980,1.2391,2.279,-60.792,-37.090
3550782,1287,1893,1928,-0.1339,-0.1037,1.2472,1.289,-57.913,-36.061
3550792,1290,1885,1974,-0.1247,-0.1094,1.2521,-0.028,-54.800,-34.869
3550802,1294,1886,1758,-0.1168,-0.1140,1.2523,-1.517,-51.544,-33.532
3550812,1346,1934,1678,-0.1089,-0.1194,1.2520,-3.058,-48.220,-32.217
3550822,1330,1886,1825,-0.1007,-0.1281,1.2493,-4.392,-44.896,-30.961
3550832,1341,1886,1868,-0.0927,-0.1388,1.2451,-5.464,-41.595,-29.730
3550842,1299,1885,1887,-0.0854,-0.1480,1.2418,-6.272,-38.473,-28.344
3550852,1239,1888,1693,-0.0823,-0.1571,1.2400,-6.857,-35.579,-26.796
3550862,1409,1895,2008,-0.0821,-0.1647,1.2420,-7.286,-32.986,-25.095
3550872,1255,1884,2347,-0.0868,-0.1697,1.2458,-7.589,-30.668,-23.289
3550882,1343,1889,1712,-0.0959,-0.1750,1.2469,-7.812,-28.494,-21.479
3550892,1236,1888,1596,-0.1097,-0.1774,1.2453,-7.997,-26.520,-19.771
3550902,1510,1905,1783,-0.1293,-0.1802,1.2456,-7.876,-24.920,-18.187
3550912,1267,1906,1638,-0.1448,-0.1882,1.2604,-7.427,-23.846,-16.604
3550922,1270,1889,2195,-0.1574,-0.1865,1.2799,-7.476,-23.260,-14.660
3550932,1239,1884,1751,-0.1616,-0.1826,1.2903,-8.224,-22.258,-12.640
3550942,1241,1885,1806,-0.1526,-0.1865,1.2993,-9.782,-21.127,-10.957
3550952,1294,1888,1875,-0.1348,-0.1940,1.3065,-11.900,-19.828,-9.652
3550962,1255,1885,2075,-0.1128,-0.2002,1.3084,-14.013,-17.899,-8.420
3550972,1264,1886,1980,-0.0922,-0.2114,1.3017,-15.664,-15.252,-7.063
3550982,1244,1886,1853,-0.0795,-0.2235,1.2910,-16.550,-12.079,-5.608
3550992,1269,1886,1616,-0.0717,-0.2266,1.2664,-16.495,-8.605,-3.978
3551002,1278,1886,1812,-0.0704,-0.2221,1.2356,-15.373,-5.264,-2.397
3551012,1444,1891,1747,-0.0727,-0.2098,1.2068,-13.207,-2.620,-1.114
3551022,1254,1896,2064,-0.0759,-0.1973,1.1754,-9.616,-0.379,-0.242
3551032,1250,1898,1794,-0.0801,-0.1867,1.1451,-4.934,1.429,0.142
3551042,1268,1883,1714,-0.0848,-0.1732,1.1254,0.099,2.554,0.367
3551052,1406,1907,1926,-0.0888,-0.1559,1.1117,4.763,3.179,0.574
3551062,1251,1884,1853,-0.0930,-0.1378,1.1050,8.719,3.502,0.841
3551072,1254,1901,2025,-0.0966,-0.1196,1.1091,11.299,3.355,1.110
3551082,1279,1896,2114,-0.1009,-0.1054,1.1192,12.424,3.007,1.329
3551092,1259,1886,1608,-0.1034,-0.0942,1.1323,12.037,2.551,1.425
3551102,1265,1894,2228,-0.1060,-0.0828,1.1354,10.329,2.265,1.377
3551112,1262,1888,1727,-0.1092,-0.0754,1.1339,7.727,2.165,1.147
3551122,1281,1892,2081,-0.1127,-0.0754,1.1349,4.385,1.775,0.663
3551132,1261,1886,1705,-0.1178,-0.0824,1.1322,0.848,1.464,0.061
3551142,1248,1887,1813,-0.1214,-0.0911,1.1262,-2.349,1.308,-0.337
3551152,1295,1898,1848,-0.1252,-0.0993,1.1210,-5.091,1.120,-0.480
3551162,1276,1890,2059,-0.1262,-0.1035,1.1127,-7.213,0.948,-0.380
3551172,1266,1885,1916,-0.1260,-0.1070,1.1084,-8.754,0.661,-0.201
3551182,1265,1887,1876,-0.1244,-0.1126,1.1035,-9.710,0.297,-0.102
3551192,1278,1891,1919,-0.1226,-0.1203,1.1006,-10.070,0.024,-0.187
3551202,1306,1888,1716,-0.1196,-0.1297,1.1035,-9.908,-0.361,-0.369
3551212,1261,1885,1941,-0.1195,-0.1392,1.1093,-9.365,-0.710,-0.615
3551222,1273,1910,1737,-0.1194,-0.1485,1.1138,-8.307,-0.803,-0.827
3551232,1260,1886,1834,-0.1186,-0.1561,1.1221,-6.925,-0.876,-1.005
3551242,1264,1912,1602,-0.1154,-0.1640,1.1318,-5.296,-0.904,-1.167
3551252,1286,1901,1967,-0.1132,-0.1665,1.1352,-3.423,-0.596,-1.258
3551262,1298,1896,1677,-0.1137,-0.1672,1.1390,-1.363,-0.164,-1.262
3551272,1329,1900,1691,-0.1148,-0.1675,1.1405,0.843,0.298,-1.278
3551282,1340,1939,1854,-0.1163,-0.1674,1.1361,3.326,0.900,-1.232
3551292,1582,1919,1656,-0.1170,-0.1638,1.1337,5.885,1.366,-1.072
3551302,1267,1889,1952,-0.1178,-0.1571,1.1315,8.362,1.694,-0.787
3551312,1262,1891,1655,-0.1190,-0.1473,1.1261,10.757,2.050,-0.443
3551322,1292,1907,1615,-0.1191,-0.1352,1.1230,12.793,2.184,-0.149
3551332,1283,1886,1716,-0.1196,-0.1242,1.1199,14.393,2.169,0.003
3551342,1299,1914,1688,-0.1205,-0.1157,1.1185,15.422,2.011,0.032
3551352,1269,1892,1676,-0.1209,-0.1077,1.1207,15.826,1.716,0.004
3551362,1266,1893,1919,-0.1197,-0.1014,1.1258,15.598,1.346,-0.018
3551372,1271,1885,1684,-0.1192,-0.0941,1.1321,14.736,0.951,-0.015
3551382,1288,1892,1618,-0.1189,-0.0906,1.1373,13.438,0.625,-0.024
3551392,1277,1891,1906,-0.1183,-0.0896,1.1415,11.836,0.395,-0.109
3551402,1293,1901,1616,-0.1180,-0.0898,1.1442,10.107,0.211,-0.193
3551412,1295,1926,1791,-0.1181,-0.0896,1.1449,8.446,0.086,-0.229
3551422,1314,1888,1608,-0.1181,-0.0904,1.1410,7.021,0.074,-0.236
3551432,1311,1885,1707,-0.1163,-0.0923,1.1400,5.748,-0.103,-0.242
3551442,1352,1888,1585,-0.1157,-0.0937,1.1392,4.721,-0.302,-0.254
3551452,1278,1901,1728,-0.1152,-0.0944,1.1375,3.970,-0.376,-0.268
3551462,1282,1920,1606,-0.1160,-0.0962,1.1364,3.424,-0.461,-0.324
3551472,1285,1895,1960,-0.1171,-0.0980,1.1356,2.973,-0.571,-0.410
3551482,1284,1890,1599,-0.1174,-0.0989,1.1356,2.653,-0.637,-0.468
3551492,1342,1882,1604,-0.1175,-0.0992,1.1352,2.440,-0.681,-0.512
3551502,1286,1895,1799,-0.1184,-0.0982,1.1317,2.353,-0.665,-0.574
3551512,1304,1927,1632,-0.1197,-0.0981,1.1294,2.324,-0.659,-0.644
3551522,1291,1892,1993,-0.1192,-0.0962,1.1266,2.372,-0.717,-0.655
3551532,1279,1884,1894,-0.1197,-0.0938,1.1272,2.397,-0.801,-0.642
3551542,1383,1889,1730,-0.1203,-0.0907,1.1294,2.276,-0.949,-0.640
3551552,1294,1894,1900,-0.1214,-0.0897,1.1287,2.038,-1.019,-0.667
3551562,1478,1967,1614,-0.1220,-0.0897,1.1329,1.583,-1.184,-0.718
3551572,1295,1892,1720,-0.1218,-0.0915,1.1364,0.920,-1.407,-0.803
3551582,1280,1892,1717,-0.1216,-0.0928,1.1352,0.278,-1.446,-0.883
3551592,1281,1919,1637,-0.1221,-0.0926,1.1350,-0.330,-1.552,-0.884
3551602,1289,1889,1861,-0.1218,-0.0921,1.1354,-0.840,-1.664,-0.849
3551612,1288,1896,1627,-0.1212,-0.0921,1.1340,-1.266,-1.696,-0.804
3551622,1293,1885,1619,-0.1202,-0.0928,1.1335,-1.689,-1.792,-0.755
3551632,1319,1905,1662,-0.1184,-0.0944,1.1345,-2.172,-1.962,-0.756
3551642,1305,1893,1689,-0.1164,-0.0959,1.1359,-2.714,-2.104,-0.750
3551652,1291,1894,1942,-0.1150,-0.0974,1.1352,-3.302,-2.162,-0.707
3551662,1307,1896,1648,-0.1149,-0.1005,1.1315,-3.875,-2.105,-0.645
3551672,1289,1897,1686,-0.1148,-0.1044,1.1284,-4.387,-2.053,-0.610
3551682,1293,1887,2106,-0.1151,-0.1089,1.1285,-4.769,-2.067,-0.550
3551692,1288,1889,1678,-0.1156,-0.1130,1.1279,-4.941,-2.073,-0.484
3551702,1308,1917,1593,-0.1161,-0.1153,1.1246,-4.838,-2.007,-0.424
3551712,1292,1890,2037,-0.1163,-0.1169,1.1236,-4.512,-1.915,-0.365
3551722,1463,1928,1665,-0.1160,-0.1178,1.1236,-3.994,-1.775,-0.299
3551732,1308,1902,1635,-0.1162,-0.1189,1.1255,-3.410,-1.636,-0.263
3551742,1303,1886,1672,-0.1163,-0.1199,1.1270,-2.757,-1.465,-0.285
3551752,1295,1893,1958,-0.1164,-0.1200,1.1293,-2.073,-1.304,-0.346
3551762,1293,1932,2155,-0.1162,-0.1197,1.1293,-1.388,-1.097,-0.437
3551772,1297,1890,1848,-0.1164,-0.1197,1.1260,-0.715,-0.822,-0.518
3551782,1371,1911,1669,-0.1159,-0.1195,1.1223,-0.088,-0.604,-0.541
3551792,1315,1905,1620,-0.1153,-0.1174,1.1231,0.391,-0.523,-0.487
3551802,1300,1884,1943,-0.1148,-0.1148,1.1260,0.760,-0.563,-0.421
3551812,1324,1892,1729,-0.1145,-0.1117,1.1278,1.077,-0.594,-0.406
3551822,1296,1892,2138,-0.1140,-0.1090,1.1300,1.310,-0.597,-0.396
3551832,1331,1902,2230,-0.1135,-0.1065,1.1321,1.312,-0.653,-0.355
3551842,1310,1884,1900,-0.1134,-0.1042,1.1319,1.119,-0.638,-0.279
3551852,1324,1907,1745,-0.1138,-0.1032,1.1325,0.748,-0.613,-0.225
3551862,1305,1893,1651,-0.1143,-0.1036,1.1323,0.310,-0.580,-0.256
3551872,1296,1924,1927,-0.1147,-0.1058,1.1318,-0.039,-0.598,-0.311
3551882,1302,1894,1777,-0.1147,-0.1078,1.1335,-0.333,-0.700,-0.372
3551892,1300,1891,2001,-0.1148,-0.1109,1.1334,-0.535,-0.761,-0.395
3551902,1301,1885,1738,-0.1142,-0.1121,1.1317,-0.657,-0.794,-0.385
3551912,1378,1902,1653,-0.1131,-0.1125,1.1304,-0.698,-0.849,-0.375
3551922,1309,1885,1787,-0.1135,-0.1119,1.1291,-0.562,-0.818,-0.383
3551932,1307,1885,2275,-0.1135,-0.1119,1.1276,-0.284,-0.796,-0.430
3551942,1298,1902,1766,-0.1129,-0.1126,1.1289,0.052,-0.835,-0.517
3551952,1304,1881,1780,-0.1136,-0.1120,1.1283,0.451,-0.769,-0.560
3551962,1302,1885,1708,-0.1138,-0.1100,1.1281,0.736,-0.651,-0.533
3551972,1335,1896,1799,-0.1143,-0.1079,1.1301,0.833,-0.596,-0.461
3551982,1305,1885,1651,-0.1149,-0.1044,1.1335,0.630,-0.544,-0.333
3551992,1305,1889,1613,-0.1134,-0.0991,1.1385,-0.021,-0.464,-0.142
3552002,1358,1911,1874,-0.1128,-0.0925,1.1430,-1.272,-0.368,0.056
3552012,1308,1899,1938,-0.1128,-0.0883,1.1438,-3.124,-0.195,0.172
3552022,1336,1885,1659,-0.1129,-0.0863,1.1419,-6.536,0.038,0.281
3552032,1378,1910,1894,-0.1132,-0.0885,1.1401,-10.175,0.157,0.320
3552042,1317,1902,1657,-0.1147,-0.0937,1.1365,-13.807,0.193,0.301
3552052,1308,1891,1683,-0.1156,-0.1006,1.1311,-17.093,0.213,0.267
3552062,1339,1885,1715,-0.1161,-0.1077,1.1285,-19.927,0.111,0.207
3552072,1335,1888,1855,-0.1155,-0.1190,1.1272,-22.085,-0.075,0.118
3552082,1324,1893,1911,-0.1150,-0.1312,1.1275,-23.543,-0.256,-0.005
3552092,1323,1904,1646,-0.1165,-0.1425,1.1278,-24.274,-0.353,0.036
3552102,1336,1887,2043,-0.1176,-0.1517,1.1254,-24.222,-0.212,0.222
3552112,1314,1903,1699,-0.1183,-0.1595,1.1247,-23.571,-0.092,0.462
3552122,1336,1888,1723,-0.1172,-0.1652,1.1247,-22.399,-0.104,0.740
3552132,1323,1889,1631,-0.1171,-0.1688,1.1211,-20.812,-0.048,1.004
3552142,1314,1884,1717,-0.1169,-0.1723,1.1173,-18.971,0.028,1.200
3552152,1312,1887,1614,-0.1178,-0.1744,1.1156,-16.963,0.109,1.366
3552162,1335,1924,1749,-0.1178,-0.1757,1.1153,-15.008,0.127,1.510
3552172,1318,1909,1885,-0.1176,-0.1746,1.1147,-13.266,0.088,1.604
3552182,1338,1898,2006,-0.1173,-0.1738,1.1140,-11.698,0.115,1.635
3552192,1351,1886,1769,-0.1170,-0.1743,1.1144,-10.403,0.104,1.594
3552202,1326,1882,1724,-0.1166,-0.1749,1.1142,-9.400,0.023,1.487
3552212,1328,1895,1664,-0.1170,-0.1767,1.1128,-8.607,-0.020,1.381
3552222,1420,1889,1778,-0.1183,-0.1780,1.1126,-7.935,-0.065,1.327
3552232,1321,1929,1667,-0.1186,-0.1781,1.1113,-7.326,-0.169,1.329
3552242,1318,1884,1611,-0.1187,-0.1775,1.1098,-6.670,-0.283,1.343
3552252,1343,1918,1806,-0.1174,-0.1781,1.1118,-6.002,-0.437,1.287
3552262,1358,1902,1649,-0.1165,-0.1792,1.1153,-5.278,-0.594,1.151
3552272,1344,1890,1670,-0.1156,-0.1803,1.1159,-4.491,-0.667,0.967
3552282,1357,1883,1636,-0.1154,-0.1827,1.1177,-3.701,-0.679,0.800
3552292,1403,1889,1699,-0.1153,-0.1848,1.1167,-2.964,-0.604,0.661
3552302,1463,1898,1736,-0.1156,-0.1846,1.1145,-2.171,-0.489,0.584
3552312,1316,1880,1624,-0.1150,-0.1847,1.1155,-1.433,-0.515,0.537
3552322,1327,1886,1626,-0.1158,-0.1856,1.1182,-0.785,-0.609,0.460
3552332,1325,1906,1862,-0.1152,-0.1849,1.1193,-0.189,-0.658,0.395
3552342,1369,1901,2322,-0.1163,-0.1829,1.1189,0.349,-0.667,0.339
3552352,1364,1894,1613,-0.1175,-0.1821,1.1158,0.846,-0.617,0.274
3552362,1369,1891,1680,-0.1173,-0.1824,1.1161,1.203,-0.671,0.206
3552372,1325,1890,1681,-0.1165,-0.1807,1.1182,1.505,-0.764,0.180
3552382,1327,1885,1776,-0.1169,-0.1783,1.1196,1.763,-0.840,0.160
3552392,1327,1893,1730,-0.1165,-0.1768,1.1208,1.938,-0.930,0.120
3552402,1371,1896,1693,-0.1171,-0.1751,1.1205,2.073,-0.930,0.093
3552412,1328,1890,1715,-0.1179,-0.1738,1.1206,2.124,-0.869,0.084
3552422,1390,1883,1898,-0.1180,-0.1735,1.1235,1.977,-0.952,0.062
3552432,1345,1892,1719,-0.1174,-0.1746,1.1221,1.823,-0.995,0.009
3552442,1336,1884,1639,-0.1165,-0.1762,1.1203,1.771,-0.957,-0.061
3552452,1330,1889,1747,-0.1159,-0.1768,1.1210,1.774,-1.036,-0.106
3552462,1328,1886,1638,-0.1150,-0.1772,1.1204,1.870,-1.087,-0.107
3552472,1369,1900,1633,-0.1154,-0.1759,1.1172,2.052,-1.095,-0.082
3552482,1351,1886,1730,-0.1160,-0.1746,1.1155,2.260,-1.113,-0.035
3552492,1347,1907,1657,-0.1154,-0.1730,1.1170,2.499,-1.125,0.000
3552502,1354,1898,1723,-0.1155,-0.1732,1.1184,2.716,-1.158,0.005
3552512,1354,1880,1631,-0.1162,-0.1723,1.1212,2.882,-1.199,0.029
3552522,1338,1887,1735,-0.1172,-0.1705,1.1216,2.970,-1.184,0.085
3552532,1334,1887,1650,-0.1172,-0.1674,1.1220,2.936,-1.208,0.144
3552542,1342,1887,1666,-0.1165,-0.1667,1.1224,2.769,-1.236,0.167
3552552,1350,1890,1896,-0.1154,-0.1660,1.1247,2.510,-1.233,0.160
3552562,1434,1918,1617,-0.1146,-0.1655,1.1251,2.202,-1.183,0.141
3552572,1336,1887,1804,-0.1151,-0.1653,1.1236,1.893,-1.116,0.117
3552582,1367,1902,1661,-0.1151,-0.1667,1.1235,1.623,-1.059,0.050
3552592,1340,1905,1994,-0.1153,-0.1687,1.1208,1.432,-0.986,-0.010
3552602,1337,1885,1674,-0.1150,-0.1695,1.1207,1.323,-0.928,-0.018
3552612,1342,1894,1629,-0.1147,-0.1702,1.1207,1.309,-0.924,0.029
3552622,1364,1916,1811,-0.1152,-0.1704,1.1214,1.401,-0.916,0.068
3552632,1337,1905,1726,-0.1145,-0.1702,1.1221,1.576,-0.937,0.110
3552642,1353,1897,1922,-0.1145,-0.1694,1.1224,1.716,-0.950,0.139
3552652,1362,1894,1856,-0.1150,-0.1687,1.1214,1.847,-0.941,0.190
3552662,1394,1924,1839,-0.1153,-0.1688,1.1213,1.930,-0.930,0.189
3552672,1340,1920,1800,-0.1153,-0.1690,1.1198,1.987,-0.932,0.176
3552682,1344,1882,1717,-0.1153,-0.1681,1.1207,1.996,-0.962,0.192
3552692,1354,1911,1641,-0.1147,-0.1672,1.1235,1.958,-0.997,0.267
3552702,1397,1880,1686,-0.1150,-0.1656,1.1242,1.851,-0.988,0.321
3552712,1351,1881,1738,-0.1147,-0.1655,1.1257,1.661,-0.957,0.326
3552722,1345,1895,1719,-0.1159,-0.1658,1.1274,1.380,-0.904,0.301
3552732,1384,1897,1693,-0.1163,-0.1665,1.1275,1.091,-0.789,0.281
3552742,1340,1886,1663,-0.1171,-0.1665,1.1258,0.813,-0.674,0.273
3552752,1344,1898,2116,-0.1166,-0.1667,1.1235,0.563,-0.557,0.268
3552762,1398,1899,1817,-0.1166,-0.1671,1.1221,0.370,-0.426,0.253
3552772,1346,1912,1669,-0.1164,-0.1679,1.1202,0.246,-0.372,0.214
3552782,1344,1884,1645,-0.1165,-0.1694,1.1170,0.216,-0.382,0.135
3552792,1349,1913,1955,-0.1143,-0.1708,1.1168,0.275,-0.485,0.066
3552802,1386,1899,1682,-0.1133,-0.1713,1.1166,0.417,-0.649,0.042
3552812,1348,1904,1698,-0.1127,-0.1707,1.1178,0.670,-0.741,0.061
3552822,1389,1882,2006,-0.1124,-0.1695,1.1188,0.974,-0.757,0.073
3552832,1359,1900,2088,-0.1136,-0.1686,1.1201,1.295,-0.728,0.064
3552842,1388,1903,2153,-0.1133,-0.1678,1.1205,1.603,-0.674,0.049
3552852,1396,1893,1640,-0.1135,-0.1673,1.1197,1.852,-0.644,0.006
3552862,1353,1890,1660,-0.1136,-0.1667,1.1185,2.037,-0.639,-0.030
3552872,1348,1885,1687,-0.1136,-0.1663,1.1202,2.149,-0.657,-0.060
3552882,1396,1899,2049,-0.1136,-0.1669,1.1209,2.157,-0.762,-0.096
3552892,1348,1887,1807,-0.1143,-0.1656,1.1245,2.045,-0.880,-0.107
3552902,1439,1893,1917,-0.1138,-0.1638,1.1292,1.815,-0.963,-0.071
3552912,1355,1891,1639,-0.1135,-0.1620,1.1330,1.412,-0.981,-0.037
3552922,1352,1885,1741,-0.1130,-0.1599,1.1342,0.904,-0.858,-0.006
3552932,1372,1906,1614,-0.1118,-0.1594,1.1351,0.282,-0.706,0.014
3552942,1374,1883,1935,-0.1105,-0.1599,1.1344,-0.402,-0.530,0.017
3552952,1372,1884,1790,-0.1100,-0.1611,1.1342,-1.054,-0.311,0.034
3552962,1361,1885,1763,-0.1109,-0.1623,1.1316,-1.561,-0.053,0.044
3552972,1364,1903,1703,-0.1122,-0.1632,1.1284,-1.959,0.181,0.044
3552982,1375,1881,1698,-0.1136,-0.1647,1.1235,-2.233,0.372,0.040
3552992,1356,1877,1814,-0.1154,-0.1662,1.1207,-2.353,0.463,0.024
3553002,1375,1897,2116,-0.1165,-0.1686,1.1168,-2.332,0.447,0.021
3553012,1359,1933,2103,-0.1168,-0.1697,1.1155,-2.144,0.379,0.046
3553022,1440,1884,1673,-0.1167,-0.1700,1.1148,-1.839,0.221,0.094
3553032,1365,1892,1757,-0.1161,-0.1699,1.1162,-1.459,0.079,0.143
3553042,1414,1887,1789,-0.1163,-0.1697,1.1175,-1.109,-0.068,0.208
3553052,1370,1897,1639,-0.1159,-0.1686,1.1206,-0.803,-0.196,0.266
3553062,1391,1886,1621,-0.1159,-0.1676,1.1228,-0.559,-0.259,0.296
3553072,1361,1885,1632,-0.1152,-0.1674,1.1257,-0.483,-0.317,0.294
3553082,1415,1896,2136,-0.1156,-0.1668,1.1257,-0.484,-0.258,0.315
3553092,1393,1897,1834,-0.1153,-0.1668,1.1255,-0.525,-0.154,0.369
3553102,1383,1887,1740,-0.1156,-0.1674,1.1223,-0.597,-0.079,0.399
3553112,1360,1886,1624,-0.1150,-0.1671,1.1180,-0.673,-0.001,0.456
3553122,1363,1882,1722,-0.1144,-0.1670,1.1164,-0.778,0.010,0.535
3553132,1367,1906,1620,-0.1139,-0.1672,1.1173,-0.911,-0.004,0.609
3553142,1394,1891,1626,-0.1133,-0.1684,1.1174,-1.020,0.078,0.655
3553152,1375,1954,1788,-0.1128,-0.1680,1.1194,-1.207,0.165,0.693
3553162,1385,1882,1827,-0.1123,-0.1682,1.1221,-1.524,0.245,0.689
3553172,1376,1902,1832,-0.1124,-0.1697,1.1251,-1.933,0.413,0.685
3553182,1381,1882,1700,-0.1128,-0.1709,1.1302,-2.518,0.578,0.718