0.1327,1.1118,0.470,-1.135,-0.063
10763172,1176,1824,1828,0.2513,-0.1325,1.1104,0.532,-1.169,-0.042
10763182,1122,1939,1939,0.2520,-0.1328,1.1117,0.454,-1.211,-0.021
10763192,1136,1869,2085,0.2515,-0.1329,1.1118,0.277,-1.298,-0.000
10763202,1109,1954,1831,0.2510,-0.1337,1.1120,0.070,-1.328,0.018
10763212,1178,1856,1854,0.2497,-0.1332,1.1122,-0.091,-1.386,0.013
10763222,1108,1962,1905,0.2487,-0.1335,1.1124,-0.124,-1.464,-0.034
10763232,1168,1854,1942,0.2491,-0.1342,1.1119,-0.100,-1.561,-0.143
10763242,1118,1902,1849,0.2511,-0.1358,1.1122,-0.018,-1.691,-0.295
10763252,1133,1886,1954,0.2518,-0.1365,1.1128,0.102,-1.806,-0.427
10763262,1113,1936,1934,0.2520,-0.1372,1.1104,0.290,-1.812,-0.497
10763272,1139,1871,1856,0.2518,-0.1357,1.1097,0.574,-1.813,-0.485
10763282,1194,1900,1841,0.2517,-0.1342,1.1085,0.863,-1.790,-0.435
10763292,1201,1835,1823,0.2519,-0.1331,1.1093,1.099,-1.739,-0.372
10763302,1114,1921,1863,0.2529,-0.1314,1.1122,1.167,-1.725,-0.332
10763312,1159,1864,1843,0.2523,-0.1306,1.1113,1.049,-1.630,-0.311
10763322,1141,1907,1867,0.2529,-0.1287,1.1099,0.817,-1.511,-0.287
10763332,1176,1838,1822,0.2529,-0.1272,1.1119,0.600,-1.456,-0.303
10763342,1144,1902,1883,0.2527,-0.1281,1.1118,0.349,-1.418,-0.369
10763352,1144,1887,1846,0.2521,-0.1287,1.1103,0.091,-1.262,-0.388
10763362,1139,1909,1923,0.2520,-0.1287,1.1118,-0.186,-1.217,-0.283
10763372,1184,1841,1991,0.2530,-0.1286,1.1108,-0.502,-1.181,-0.146
10763382,1123,1901,1873,0.2528,-0.1298,1.1106,-0.784,-1.113,-0.060
10763392,1145,1879,1902,0.2530,-0.1314,1.1084,-0.918,-0.985,-0.022
10763402,1181,1848,1853,0.2527,-0.1339,1.1075,-0.892,-0.865,0.010
10763412,1140,1858,1856,0.2534,-0.1336,1.1079,-0.783,-0.790,0.075
10763422,1136,1891,1940,0.2528,-0.1330,1.1088,-0.655,-0.714,0.159
10763432,1172,1852,1841,0.2524,-0.1328,1.1102,-0.544,-0.645,0.230
10763442,1137,1914,1866,0.2518,-0.1316,1.1112,-0.456,-0.588,0.285
10763452,1172,1847,1823,0.2516,-0.1309,1.1103,-0.413,-0.549,0.336
10763462,1127,1925,1913,0.2525,-0.1315,1.1115,-0.418,-0.562,0.394
10763472,1150,1859,1837,0.2526,-0.1323,1.1117,-0.477,-0.524,0.419
10763482,1175,1843,1876,0.2529,-0.1333,1.1116,-0.562,-0.465,0.428
10763492,1156,1839,1824,0.2525,-0.1339,1.1110,-0.666,-0.387,0.446
10763502,1166,1875,1827,0.2531,-0.1344,1.1085,-0.720,-0.262,0.482
10763512,1173,1851,1862,0.2523,-0.1338,1.1090,-0.651,-0.158,0.546
10763522,1219,1857,1850,0.2513,-0.1326,1.1097,-0.499,-0.082,0.625
10763532,1153,1857,1834,0.2510,-0.1316,1.1103,-0.381,-0.013,0.698
10763542,1138,1874,1822,0.2515,-0.1313,1.1111,-0.379,0.016,0.743
10763552,1220,1831,1834,0.2522,-0.1312,1.1101,-0.556,-0.031,0.755
10763562,1157,1855,1894,0.2522,-0.1315,1.1101,-0.862,-0.107,0.769
10763572,1159,1873,1896,0.2523,-0.1319,1.1103,-1.170,-0.148,0.794
10763582,1151,1859,1871,0.2527,-0.1338,1.1103,-1.422,-0.101,0.843
10763592,1168,1853,1831,0.2516,-0.1357,1.1116,-1.608,-0.012,0.906
10763602,1150,1876,1878,0.2519,-0.1383,1.1098,-1.796,0.122,0.954
10763612,1178,1861,1873,0.2506,-0.1413,1.1105,-2.017,0.243,0.952
10763622,1152,1880,1849,0.2499,-0.1431,1.1122,-2.270,0.261,0.878
10763632,1186,1859,1846,0.2490,-0.1458,1.1115,-2.447,0.304,0.748
10763642,1167,1850,1824,0.2495,-0.1475,1.1126,-2.489,0.302,0.588
10763652,1194,1867,1912,0.2506,-0.1478,1.1115,-2.308,0.251,0.443
10763662,1155,1880,1827,0.2523,-0.1476,1.1130,-1.942,0.186,0.333
10763672,1206,1842,1826,0.2526,-0.1482,1.1134,-1.508,0.207,0.257
10763682,1155,1871,1862,0.2517,-0.1476,1.1110,-1.105,0.397,0.273
10763692,1168,1871,1929,0.2499,-0.1421,1.1092,-0.744,0.428,0.485
10763702,1196,1846,1886,0.2475,-0.1344,1.1085,-0.450,0.446,0.805
10763712,1175,1856,1834,0.2447,-0.1274,1.1111,-0.252,0.379,1.087
10763722,1140,1885,1882,0.2422,-0.1236,1.1093,-0.195,0.412,1.266
10763732,1150,1880,1891,0.2404,-0.1217,1.1111,-0.361,0.403,1.360
10763742,1155,1878,1843,0.2409,-0.1222,1.1123,-0.770,0.288,1.389
10763752,1188,1875,1887,0.2421,-0.1250,1.1131,-1.376,0.164,1.404
10763762,1173,1871,1882,0.2419,-0.1294,1.1123,-2.033,0.073,1.425
10763772,1195,1834,1847,0.2422,-0.1335,1.1109,-2.576,0.035,1.472
10763782,1209,1851,1939,0.2423,-0.1364,1.1111,-2.879,-0.050,1.512
10763792,1168,1856,1841,0.2428,-0.1397,1.1117,-2.984,-0.138,1.498
10763802,1189,1881,1965,0.2432,-0.1439,1.1116,-2.968,-0.255,1.400
10763812,1190,1860,1881,0.2435,-0.1474,1.1107,-2.839,-0.396,1.218
10763822,1161,1875,1920,0.2439,-0.1503,1.1101,-2.568,-0.510,0.969
10763832,1209,1826,1849,0.2443,-0.1502,1.1107,-2.171,-0.651,0.750
10763842,1149,1883,1927,0.2435,-0.1497,1.1095,-1.663,-0.711,0.586
10763852,1203,1864,1882,0.2435,-0.1482,1.1100,-1.149,-0.816,0.447
10763862,1154,1868,1932,0.2430,-0.1479,1.1101,-0.725,-0.896,0.297
10763872,1193,1850,1912,0.2432,-0.1476,1.1109,-0.481,-0.956,0.118
10763882,1168,1863,1897,0.2436,-0.1462,1.1104,-0.386,-1.036,-0.055
10763892,1182,1863,1974,0.2453,-0.1436,1.1099,-0.341,-1.097,-0.206
10763902,1154,1872,1868,0.2449,-0.1426,1.1123,-0.321,-1.163,-0.383
10763912,1184,1845,1896,0.2451,-0.1425,1.1118,-0.331,-1.095,-0.545
10763922,1281,1904,1923,0.2455,-0.1429,1.1123,-0.394,-1.007,-0.591
10763932,1156,1864,1912,0.2448,-0.1422,1.1118,-0.461,-0.993,-0.504
10763942,1166,1880,1910,0.2458,-0.1404,1.1114,-0.555,-0.977,-0.348
10763952,1200,1857,2000,0.2449,-0.1406,1.1116,-0.585,-0.937,-0.184
10763962,1180,1858,1896,0.2446,-0.1411,1.1099,-0.551,-0.877,-0.051
10763972,1185,1879,1954,0.2451,-0.1424,1.1091,-0.503,-0.851,0.040
10763982,1195,1870,1918,0.2456,-0.1439,1.1100,-0.498,-0.897,0.093
10763992,1303,1851,1871,0.2462,-0.1432,1.1092,-0.532,-0.917,0.116
10764002,1166,1892,1957,0.2458,-0.1427,1.1113,-0.583,-0.924,0.108
10764012,1206,1852,1883,0.2448,-0.1426,1.1130,-0.676,-0.873,0.062
10764022,1240,1864,1908,0.2441,-0.1439,1.1117,-0.836,-0.779,0.002
10764032,1222,1837,1914,0.2419,-0.1437,1.1114,-1.018,-0.672,-0.036
10764042,1232,1875,1904,0.2414,-0.1439,1.1114,-1.210,-0.541,-0.086
10764052,1229,1847,1880,0.2416,-0.1447,1.1119,-1.363,-0.427,-0.169
10764062,1183,1878,1931,0.2421,-0.1449,1.1111,-1.445,-0.290,-0.265
10764072,1217,1849,1949,0.2423,-0.1450,1.1113,-1.456,-0.128,-0.359
10764082,1170,1912,2070,0.2416,-0.1444,1.1123,-1.414,0.017,-0.421
10764092,1474,1831,1930,0.2418,-0.1447,1.1152,-1.325,0.093,-0.459
10764102,1183,1955,2036,0.2421,-0.1444,1.1144,-1.207,0.158,-0.465
10764112,1212,1862,1974,0.2426,-0.1447,1.1147,-1.020,0.194,-0.444
10764122,1187,1882,1920,0.2421,-0.1458,1.1139,-0.696,0.162,-0.274
10764132,1269,1845,1919,0.2422,-0.1452,1.1118,-0.449,0.102,-0.051
10764142,1304,1882,1921,0.2425,-0.1448,1.1112,-0.268,0.017,0.203
10764152,1229,1865,1895,0.2433,-0.1441,1.1115,-0.162,-0.053,0.469
10764162,1202,1917,1972,0.2425,-0.1447,1.1107,-0.090,-0.071,0.716
10764172,1185,1892,1902,0.2416,-0.1440,1.1110,-0.052,-0.064,0.953
10764182,1176,1881,1940,0.2405,-0.1448,1.1117,-0.094,-0.074,1.147
10764192,1249,1860,1826,0.2402,-0.1457,1.1117,-0.212,-0.062,1.290
10764202,1204,1895,1900,0.2396,-0.1466,1.1107,-0.300,-0.017,1.386
10764212,1244,1898,1908,0.2389,-0.1472,1.1110,-0.324,0.018,1.463
10764222,1189,1889,1856,0.2384,-0.1479,1.1098,-0.228,0.048,1.523
10764232,1265,1878,1932,0.2389,-0.1476,1.1100,-0.034,0.053,1.582
10764242,1217,1904,1970,0.2398,-0.1470,1.1104,0.218,0.094,1.635
10764252,1257,1859,1904,0.2406,-0.1457,1.1104,0.484,0.174,1.711
10764262,1198,1903,1923,0.2416,-0.1440,1.1114,0.706,0.297,1.818
10764272,1209,1854,1881,0.2411,-0.1432,1.1120,0.837,0.436,1.949
10764282,1185,1916,1976,0.2403,-0.1416,1.1116,0.840,0.578,2.096
10764292,1222,1871,1911,0.2396,-0.1411,1.1130,0.714,0.683,2.259
10764302,1298,1882,1928,0.2400,-0.1409,1.1120,0.488,0.748,2.425
10764312,1231,1867,1909,0.2394,-0.1416,1.1119,0.191,0.796,2.591
10764322,1196,1882,1932,0.2389,-0.1426,1.1121,-0.141,0.830,2.770
10764332,1188,1871,1900,0.2375,-0.1431,1.1122,-0.461,0.867,2.954
10764342,1195,1904,1943,0.2371,-0.1436,1.1110,-0.719,0.908,3.145
10764352,1245,1878,1906,0.2363,-0.1437,1.1112,-0.940,0.947,3.319
10764362,1190,1896,1928,0.2364,-0.1448,1.1107,-1.103,0.978,3.473
10764372,1275,1873,1911,0.2365,-0.1448,1.1106,-1.250,1.021,3.597
10764382,1189,1898,1938,0.2357,-0.1450,1.1117,-1.419,1.064,3.716
10764392,1246,1847,1873,0.2343,-0.1448,1.1133,-1.582,1.084,3.817
10764402,1193,1901,1938,0.2338,-0.1453,1.1128,-1.773,1.068,3.887
10764412,1226,1887,1893,0.2323,-0.1471,1.1130,-1.935,0.978,3.929
10764422,1324,1911,1923,0.2310,-0.1487,1.1114,-2.068,0.830,3.936
10764432,1205,1880,1900,0.2295,-0.1493,1.1108,-2.217,0.622,3.926
10764442,1192,1870,1908,0.2288,-0.1507,1.1105,-2.360,0.324,3.870
10764452,1280,1866,1906,0.2293,-0.1518,1.1110,-2.474,-0.062,3.768
10764462,1210,1898,1917,0.2290,-0.1562,1.1093,-2.503,-0.456,3.650
10764472,1199,1879,1906,0.2311,-0.1609,1.1138,-2.408,-1.016,3.565
10764482,1194,1925,1968,0.2333,-0.1658,1.1137,-2.222,-1.536,3.585
10764492,1256,1873,1892,0.2346,-0.1685,1.1138,-1.871,-1.989,3.735
10764502,1253,1902,1922,0.2354,-0.1704,1.1163,-1.310,-2.465,4.007
10764512,1321,1862,1893,0.2347,-0.1689,1.1128,-0.461,-2.763,4.366
10764522,1215,1906,1937,0.2331,-0.1655,1.1136,0.567,-3.033,4.709
10764532,1199,1868,1885,0.2322,-0.1597,1.1129,1.654,-3.294,4.952
10764542,1198,1900,1913,0.2318,-0.1546,1.1121,2.633,-3.505,5.062
10764552,1276,1882,1885,0.2319,-0.1499,1.1123,3.406,-3.711,5.076
10764562,1207,1921,1923,0.2322,-0.1457,1.1133,3.840,-3.876,5.015
10764572,1331,1853,1882,0.2320,-0.1411,1.1152,3.873,-3.968,4.904
10764582,1199,1879,1919,0.2319,-0.1373,1.1153,3.536,-4.004,4.773
10764592,1236,1889,1929,0.2305,-0.1350,1.1141,2.923,-3.983,4.597
10764602,1413,1863,1912,0.2307,-0.1357,1.1147,2.167,-3.974,4.382
10764612,1235,1885,1890,0.2318,-0.1373,1.1154,1.308,-3.933,4.140
10764622,1232,1896,1929,0.2324,-0.1401,1.1139,0.470,-3.876,3.885
10764632,1214,1883,1887,0.2326,-0.1429,1.1140,-0.321,-3.801,3.616
10764642,1205,1889,1919,0.2329,-0.1446,1.1152,-0.982,-3.747,3.348
10764652,1288,1871,1878,0.2330,-0.1478,1.1141,-1.475,-3.661,3.060
10764662,1261,1900,1920,0.2334,-0.1504,1.1138,-1.784,-3.605,2.782
10764672,1265,1868,1883,0.2344,-0.1525,1.1143,-1.901,-3.606,2.550
10764682,1214,1905,1915,0.2352,-0.1527,1.1133,-1.912,-3.600,2.363
10764692,1443,1860,1887,0.2353,-0.1521,1.1140,-1.856,-3.643,2.231
10764702,1270,1899,1909,0.2358,-0.1520,1.1137,-1.766,-3.728,2.141
10764712,1207,1864,1871,0.2357,-0.1508,1.1142,-1.664,-3.844,2.102
10764722,1252,1896,1892,0.2360,-0.1483,1.1124,-1.604,-4.000,2.100
10764732,1230,1863,1869,0.2363,-0.1464,1.1125,-1.645,-4.242,2.109
10764742,1374,1875,1880,0.2364,-0.1445,1.1100,-1.816,-4.497,2.113
10764752,1259,1844,1862,0.2372,-0.1445,1.1098,-2.093,-4.807,2.119
10764762,1359,1835,1890,0.2383,-0.1453,1.1085,-2.440,-5.115,2.102
10764772,1358,2074,1884,0.2396,-0.1466,1.1086,-2.744,-5.408,2.081
10764782,1364,1913,1910,0.2412,-0.1479,1.1087,-2.965,-5.689,2.050
10764792,1243,1881,1859,0.2412,-0.1495,1.1080,-3.063,-5.888,2.008
10764802,1237,1902,1905,0.2438,-0.1509,1.1091,-2.972,-6.028,1.985
10764812,1321,1858,1876,0.2455,-0.1538,1.1126,-2.764,-6.127,1.982
10764822,1290,1874,1899,0.2480,-0.1573,1.1125,-2.575,-6.135,2.031
10764832,1245,1863,1865,0.2495,-0.1598,1.1117,-2.470,-6.028,2.101
10764842,1217,1894,1902,0.2506,-0.1617,1.1131,-2.426,-5.918,2.174
10764852,1288,1830,1850,0.2502,-0.1628,1.1116,-2.392,-5.740,2.232
10764862,1255,1947,1910,0.2499,-0.1632,1.1108,-2.375,-5.557,2.273
10764872,1257,1950,1873,0.2489,-0.1629,1.1110,-2.409,-5.390,2.261
10764882,1307,1885,1883,0.2488,-0.1640,1.1103,-2.487,-5.235,2.165
10764892,1349,1853,1851,0.2490,-0.1647,1.1117,-2.613,-5.116,2.026
10764902,1296,1874,1933,0.2499,-0.1655,1.1099,-2.801,-4.996,1.884
10764912,1247,1953,1888,0.2497,-0.1663,1.1120,-3.015,-4.903,1.750
10764922,1323,1918,1924,0.2502,-0.1656,1.1088,-3.245,-4.748,1.597
10764932,1321,1825,1853,0.2528,-0.1681,1.1146,-3.458,-4.751,1.367
10764942,1219,1947,1910,0.2568,-0.1696,1.1219,-3.643,-4.941,1.222
10764952,1220,2030,1880,0.2581,-0.1701,1.1219,-3.721,-4.621,1.243
10764962,1230,1827,1875,0.2583,-0.1693,1.1309,-3.677,-4.459,1.433
10764972,1354,1892,1878,0.2577,-0.1670,1.1351,-3.713,-4.141,1.731
10764982,1240,1899,1877,0.2561,-0.1641,1.1422,-3.942,-3.706,2.099
10764992,1384,1835,1842,0.2543,-0.1624,1.1432,-4.432,-3.244,2.516
10765002,1400,1878,1862,0.2531,-0.1608,1.1397,-5.169,-2.714,3.010
10765012,1229,1866,1852,0.2532,-0.1608,1.1391,-6.208,-2.409,3.557
10765022,1537,1874,1933,0.2543,-0.1620,1.1336,-7.453,-2.101,4.118
10765032,1237,1847,1869,0.2521,-0.1667,1.1307,-8.892,-1.793,4.650
10765042,1649,1922,1878,0.2486,-0.1700,1.1260,-10.310,-1.436,5.181
10765052,1424,2041,1890,0.2460,-0.1725,1.1137,-11.206,-0.858,5.821
10765062,1522,1842,1899,0.2468,-0.1746,1.1068,-11.347,-0.478,6.458
10765072,1435,1935,1859,0.2482,-0.1759,1.0992,-10.897,-0.223,6.941
10765082,1712,1917,1883,0.2503,-0.1778,1.0934,-10.110,0.000,7.176
10765092,1673,1963,1848,0.2528,-0.1791,1.0909,-9.222,0.106,7.189
10765102,1343,1940,1922,0.2545,-0.1797,1.0918,-8.450,0.093,7.173
10765112,1261,2040,1850,0.2554,-0.1851,1.0954,-7.922,0.125,7.353
10765122,1271,1910,1908,0.2590,-0.1889,1.1005,-7.981,0.270,7.913
10765132,1356,1821,1849,0.2634,-0.1901,1.1147,-8.694,0.584,8.790
10765142,1235,1842,1889,0.2686,-0.1969,1.1246,-10.299,1.239,9.741
10765152,1672,1869,1833,0.2738,-0.2068,1.1359,-12.582,2.350,10.751
10765162,1273,1835,1893,0.2783,-0.2208,1.1457,-15.347,3.708,11.964
10765172,1598,1832,1843,0.2805,-0.2345,1.1543,-18.508,5.161,13.423
10765182,1283,1894,1873,0.2811,-0.2422,1.1612,-21.892,6.465,15.140
10765192,1247,1972,1872,0.2891,-0.2446,1.1654,-25.502,7.515,17.043
10765202,1282,1834,1892,0.2832,-0.2652,1.1863,-30.073,7.853,18.913
10765212,1275,1888,1831,0.2804,-0.2800,1.1854,-34.883,8.205,20.907
10765222,1405,1924,1860,0.2747,-0.2966,1.1900,-40.191,8.850,22.940
10765232,1260,1928,1864,0.2654,-0.3120,1.1957,-45.067,9.219,25.042
10765242,1234,1932,1880,0.2534,-0.3327,1.1956,-48.659,10.263,27.340
10765252,1369,2015,1865,0.2473,-0.3449,1.1988,-50.821,11.475,30.048
10765262,1282,1839,1874,0.2450,-0.3558,1.1980,-51.630,12.884,32.939
10765272,1483,1827,1831,0.2446,-0.3627,1.1949,-51.643,14.317,35.692
10765282,1276,1826,1881,0.2441,-0.3697,1.1913,-51.204,15.747,37.912
10765292,1363,1872,1850,0.2424,-0.3804,1.1865,-50.174,17.091,39.421
10765302,1308,1859,1930,0.2419,-0.3968,1.1832,-48.323,18.361,40.306
10765312,1252,1827,1845,0.2409,-0.4153,1.1814,-45.298,19.584,40.851
10765322,1260,1919,1884,0.2404,-0.4366,1.1768,-41.033,20.927,41.324
10765332,1378,1873,1848,0.2388,-0.4492,1.1723,-35.854,22.346,42.036
10765342,1553,1820,1852,0.2369,-0.4575,1.1716,-29.997,23.858,43.047
10765352,1372,1885,1836,0.2335,-0.4608,1.1693,-23.920,25.447,44.290
10765362,1427,1866,1866,0.2278,-0.4585,1.1694,-18.306,27.117,45.699
10765372,1290,1938,1839,0.2205,-0.4546,1.1652,-13.528,28.781,47.190
10765382,1338,1840,1853,0.2139,-0.4485,1.1647,-9.526,30.373,48.715
10765392,1350,1850,1841,0.2057,-0.4429,1.1593,-6.348,31.899,50.233
10765402,1437,1961,1849,0.1986,-0.4384,1.1549,-3.897,33.388,51.744
10765412,1263,1984,1836,0.1910,-0.4369,1.1549,-2.089,34.704,53.287
10765422,1307,1838,1834,0.1856,-0.4370,1.1535,-1.132,36.003,54.919
10765432,1882,1846,1839,0.1825,-0.4332,1.1485,-0.903,37.207,56.714
10765442,1342,1908,1864,0.1763,-0.4294,1.1397,-1.149,38.505,58.712
10765452,1791,1970,1863,0.1707,-0.4295,1.1291,-1.558,39.776,60.884
10765462,1614,1833,1846,0.1648,-0.4306,1.1152,-2.041,40.986,63.185
10765472,1294,1825,1828,0.1577,-0.4274,1.1028,-2.658,42.062,65.644
10765482,1409,1823,1841,0.1510,-0.4205,1.0913,-3.347,42.908,68.176
10765492,1330,1902,1829,0.1469,-0.4178,1.0811,-4.115,43.564,70.688
10765502,1461,1827,1845,0.1431,-0.4202,1.0749,-5.074,44.128,73.168
10765512,1383,1843,1837,0.1385,-0.4243,1.0770,-6.298,44.504,75.683
10765522,1256,1835,1839,0.1330,-0.4292,1.0738,-7.922,45.001,78.314
10765532,1294,1959,1828,0.1253,-0.4287,1.0711,-9.753,45.613,81.119
10765542,1344,1840,1836,0.1168,-0.4273,1.0677,-11.576,46.146,83.947
10765552,1326,1834,1837,0.1027,-0.4234,1.0610,-12.945,46.775,86.654
10765562,1264,1828,1841,0.0863,-0.4173,1.0524,-13.830,47.343,89.086
10765572,1438,1861,1829,0.0683,-0.4091,1.0476,-14.305,47.759,91.037
10765582,1429,1839,1831,0.0508,-0.4026,1.0414,-14.344,48.044,92.452
10765592,1776,1875,1835,0.0314,-0.3959,1.0412,-13.862,48.309,93.458
10765602,1344,1834,1835,0.0141,-0.3955,1.0437,-13.046,48.455,94.131
10765612,1291,1866,1833,-0.0049,-0.3912,1.0426,-12.190,48.688,94.575
10765622,1275,1910,1849,-0.0234,-0.3904,1.0456,-11.324,48.982,94.834
10765632,1287,1830,1827,-0.0418,-0.3898,1.0449,-10.515,49.258,95.002
10765642,1448,1952,1849,-0.0612,-0.3901,1.0382,-9.544,49.736,95.189
10765652,1440,1884,1830,-0.0804,-0.3833,1.0356,-8.271,50.066,95.438
10765662,1444,1844,1827,-0.1005,-0.3762,1.0269,-6.636,50.423,95.703
10765672,1289,1889,1843,-0.1214,-0.3663,1.0221,-4.796,50.664,95.920
10765682,1306,1896,1832,-0.1420,-0.3549,1.0167,-3.022,50.658,96.049
10765692,1356,1823,1832,-0.1620,-0.3424,1.0127,-1.446,50.564,96.076
10765702,1330,1825,1834,-0.1812,-0.3338,1.0115,-0.344,50.221,95.997
10765712,1287,1823,1840,-0.2000,-0.3295,1.0120,0.219,49.823,95.783
10765722,1602,1842,1831,-0.2186,-0.3269,1.0141,0.182,49.250,95.511
10765732,1335,1866,1824,-0.2373,-0.3244,1.0162,-0.287,48.719,95.291
10765742,1559,1863,1834,-0.2524,-0.3243,1.0220,-1.081,48.119,95.288
10765752,1319,1822,1834,-0.2668,-0.3201,1.0169,-2.122,47.673,95.615
10765762,1361,1831,1825,-0.2798,-0.3143,1.0124,-3.222,47.313,96.225
10765772,1344,1840,1839,-0.2946,-0.3090,1.0101,-4.297,46.793,96.929
10765782,1265,1858,1829,-0.3120,-0.3021,1.0002,-5.466,46.342,97.563
10765792,1261,1828,1839,-0.3293,-0.2897,0.9917,-6.387,45.791,97.916
10765802,1426,1829,1831,-0.3431,-0.2801,0.9885,-6.962,45.134,97.938
10765812,1348,1894,1827,-0.3531,-0.2709,0.9853,-7.187,44.433,97.706
10765822,1497,1852,1854,-0.3649,-0.2613,0.9805,-7.070,43.935,97.342
10765832,1359,1822,1836,-0.3743,-0.2548,0.9772,-6.723,43.394,96.944
10765842,1599,1861,1827,-0.3844,-0.2469,0.9712,-6.154,43.015,96.572
10765852,1323,1882,1833,-0.3971,-0.2399,0.9648,-5.401,42.640,96.234
10765862,1295,1835,1827,-0.4095,-0.2303,0.9532,-4.456,42.318,95.856
10765872,1319,1867,1824,-0.4215,-0.2185,0.9430,-3.217,41.918,95.384
10765882,1330,1832,1826,-0.4327,-0.2080,0.9316,-1.616,41.442,94.743
10765892,1535,1914,1837,-0.4413,-0.1984,0.9253,0.166,40.847,93.912
10765902,1267,1836,1826,-0.4495,-0.1877,0.9178,2.035,40.276,92.952
10765912,1338,1835,1841,-0.4575,-0.1768,0.9099,3.958,39.782,91.924
10765922,1296,1833,1828,-0.4647,-0.1663,0.8995,6.013,39.272,90.866
10765932,1268,1842,1846,-0.4699,-0.1587,0.8875,8.195,38.778,89.792
10765942,1559,1845,1830,-0.4738,-0.1516,0.8707,10.522,38.272,88.743
10765952,1392,1911,1855,-0.4785,-0.1428,0.8531,13.055,37.725,87.737
10765962,1666,1852,1831,-0.4838,-0.1303,0.8346,15.892,37.177,86.765
10765972,1425,1837,1839,-0.4878,-0.1203,0.8181,18.919,36.586,85.714
10765982,1273,1824,1829,-0.4912,-0.1067,0.8028,21.823,35.918,84.605
10765992,1319,1855,1842,-0.4941,-0.0935,0.7902,24.359,35.189,83.482
10766002,1284,1822,1826,-0.4966,-0.0790,0.7835,26.297,34.151,82.322
10766012,1622,1907,1851,-0.5005,-0.0623,0.7786,27.658,33.013,81.152
10766022,1519,1897,1828,-0.5053,-0.0470,0.7777,28.448,31.829,79.972
10766032,1373,1848,1828,-0.5077,-0.0356,0.7756,28.634,30.517,78.970
10766042,1358,1823,1826,-0.5113,-0.0257,0.7644,28.252,29.369,78.316
10766052,1422,1829,1842,-0.5195,-0.0138,0.7576,27.297,28.056,78.108
10766062,1281,1824,1831,-0.5250,-0.0048,0.7519,25.872,26.405,78.213
10766072,1326,1873,1832,-0.5325,0.0089,0.7452,24.190,24.670,78.520
10766082,1352,1854,1833,-0.5398,0.0236,0.7449,22.335,22.609,78.914
10766092,1401,1913,1848,-0.5464,0.0440,0.7464,20.551,20.375,79.197
10766102,1289,1973,1864,-0.5524,0.0683,0.7502,18.936,18.186,79.199
10766112,1291,1826,1843,-0.5582,0.0943,0.7586,17.645,16.058,78.799
10766122,1692,1848,1833,-0.5643,0.1205,0.7671,16.552,14.202,77.885
10766132,1397,1834,1855,-0.5718,0.1432,0.7759,15.862,12.721,76.526
10766142,1584,1822,1828,-0.5803,0.1638,0.7877,15.544,11.506,74.787
10766152,1299,1835,1838,-0.5887,0.1808,0.7963,15.489,10.529,72.757
10766162,1292,1838,1828,-0.5963,0.1991,0.8076,15.658,9.742,70.550
10766172,1355,1820,1834,-0.6029,0.2175,0.8200,15.790,9.023,68.237
10766182,1332,2008,1863,-0.6101,0.2379,0.8317,15.763,8.465,65.820
10766192,1806,1874,1843,-0.6164,0.2542,0.8380,15.495,8.183,63.275
10766202,1820,1828,1839,-0.6235,0.2721,0.8441,15.006,7.979,60.615
10766212,1677,1825,1846,-0.6318,0.2892,0.8469,14.442,7.808,57.788
10766222,1686,1822,1827,-0.6403,0.3002,0.8421,13.788,7.729,54.711
10766232,1324,1834,1843,-0.6481,0.3122,0.8378,13.256,7.486,51.461
10766242,1365,1837,1851,-0.6558,0.3247,0.8328,13.067,7.038,48.204
10766252,1350,1824,1827,-0.6604,0.3420,0.8484,13.254,6.237,44.916
10766262,1456,1819,1829,-0.6646,0.3561,0.8789,13.297,5.244,41.377
10766272,1390,1878,1828,-0.6639,0.3595,0.9069,12.510,4.771,37.566
10766282,1449,1941,1838,-0.6621,0.3575,0.9297,10.287,4.617,33.744
10766292,1617,1841,1863,-0.6635,0.3543,0.9400,6.722,4.642,30.200
10766302,1413,1881,1832,-0.6675,0.3456,0.9374,2.243,4.627,27.022
10766312,1393,1841,1828,-0.6725,0.3305,0.9271,-2.396,4.356,24.242
10766322,1526,1822,1855,-0.6767,0.3092,0.9176,-6.540,3.774,21.795
10766332,1595,1883,1844,-0.6800,0.2944,0.9162,-9.720,2.941,19.707
10766342,1495,1833,1861,-0.6822,0.2902,0.9193,-11.708,2.180,17.926
10766352,1320,1860,1839,-0.6834,0.2926,0.9223,-12.819,1.703,16.174
10766362,1439,1915,1837,-0.6816,0.2930,0.9254,-13.221,1.555,14.263
10766372,1963,1978,1866,-0.6772,0.2842,0.9349,-13.328,1.460,12.177
10766382,1516,1847,1861,-0.6777,0.2729,0.9364,-13.424,1.590,10.216
10766392,1903,1866,1989,-0.6811,0.2631,0.9347,-13.439,1.869,8.507
10766402,1343,1917,2213,-0.6830,0.2485,0.9270,-13.243,2.151,6.844
10766412,1551,1929,2045,-0.6789,0.2300,0.9274,-12.508,2.152,5.107
10766422,1523,1912,2006,-0.6738,0.2134,0.9321,-11.129,2.024,3.455
10766432,1832,1850,1837,-0.6646,0.1993,0.9299,-8.965,2.356,2.108
10766442,2362,1937,2251,-0.6623,0.1909,0.9364,-6.248,2.729,1.242
10766452,1788,1835,2486,-0.6676,0.2012,0.9240,-3.515,2.943,0.800
10766462,1595,1833,1993,-0.6736,0.2125,0.8898,-0.819,3.527,0.168
10766472,2989,2025,2017,-0.6751,0.2145,0.8741,2.141,3.195,-1.024
10766482,1490,1863,2007,-0.6743,0.2028,0.8558,5.525,2.686,-2.586
10766492,2077,1838,1944,-0.6727,0.1884,0.8466,8.955,2.134,-4.050
10766502,1306,2083,2176,-0.6708,0.1788,0.8403,12.273,1.523,-5.101
10766512,1573,1871,1846,-0.6697,0.1788,0.8544,15.357,0.868,-5.774
10766522,1590,1974,2002,-0.6671,0.1938,0.8748,17.781,0.027,-6.084
10766532,1489,2204,1831,-0.6654,0.2175,0.8838,19.213,-0.442,-6.134
10766542,2219,2131,1854,-0.6649,0.2359,0.8795,19.482,-0.693,-6.219
10766552,2073,1949,1946,-0.6664,0.2408,0.8665,18.659,-0.918,-6.610
10766562,1460,2034,1962,-0.6650,0.2334,0.8556,17.014,-1.312,-7.254
10766572,1850,1881,2046,-0.6621,0.2149,0.8481,15.119,-1.739,-7.967
10766582,1501,1823,2421,-0.6563,0.1979,0.8529,13.358,-2.165,-8.549
10766592,3636,2197,2119,-0.6531,0.1922,0.8629,11.979,-2.310,-8.925
10766602,1347,1824,1831,-0.6493,0.1971,0.8758,10.914,-2.091,-9.221
10766612,1297,2041,1840,-0.6472,0.2046,0.8797,9.795,-1.475,-9.543
10766622,1391,2006,2112,-0.6457,0.2060,0.8740,8.473,-0.549,-9.908
10766632,2686,2163,1908,-0.6459,0.2048,0.8729,6.862,0.045,-10.173
10766642,2467,2165,2176,-0.6486,0.2044,0.8664,5.122,0.380,-10.130
10766652,1381,1995,2246,-0.6500,0.1990,0.8573,3.464,0.532,-9.960
10766662,1832,1866,1874,-0.6474,0.1902,0.8432,2.111,0.612,-9.993
10766672,1466,1883,1959,-0.6416,0.1756,0.8397,1.196,0.571,-10.423
10766682,1933,1893,1910,-0.6342,0.1633,0.8429,0.662,0.325,-11.048
10766692,2532,2028,2058,-0.6307,0.1641,0.8427,0.639,0.338,-11.469
10766702,1477,1892,1837,-0.6327,0.1769,0.8413,0.970,0.382,-11.597
10766712,2304,2093,1936,-0.6395,0.1939,0.8411,1.435,0.267,-11.670
10766722,4055,1821,1989,-0.6482,0.2054,0.8408,1.602,-0.136,-12.037
10766732,1296,1854,1876,-0.6557,0.2118,0.8277,1.157,-0.890,-12.800
10766742,2021,1834,2113,-0.6593,0.2156,0.8010,0.562,-1.699,-13.946
10766752,1979,1982,1940,-0.6564,0.1979,0.7741,0.629,-2.605,-15.552
10766762,1819,1820,2267,-0.6478,0.1659,0.7715,1.286,-4.108,-17.307
10766772,1970,1996,2282,-0.6341,0.1357,0.7932,2.399,-6.151,-18.646
10766782,1544,1825,2112,-0.6260,0.1235,0.8045,3.807,-7.684,-19.239
10766792,2027,2108,1949,-0.6220,0.1276,0.8159,5.112,-8.959,-19.099
10766802,1769,2263,2015,-0.6257,0.1362,0.8235,6.210,-10.191,-18.509
10766812,3139,2063,1962,-0.6309,0.1382,0.8228,6.526,-11.473,-17.759
10766822,1218,1857,2347,-0.6346,0.1293,0.8041,6.090,-12.361,-17.017
10766832,1784,1858,2109,-0.6330,0.1138,0.7982,5.357,-13.260,-16.287
10766842,1392,1902,1923,-0.6266,0.1146,0.8241,4.451,-14.900,-15.292
10766852,2009,2281,2497,-0.6210,0.1223,0.8461,3.945,-15.869,-14.318
10766862,1723,1993,1933,-0.6153,0.1380,0.8794,3.410,-16.370,-13.535
10766872,1608,2132,1856,-0.6158,0.1577,0.8993,2.682,-16.256,-12.755
10766882,1347,1877,1940,-0.6208,0.1733,0.9089,1.316,-15.764,-11.959
10766892,1958,1908,1863,-0.6270,0.1718,0.9023,-1.117,-15.141,-11.308
10766902,1170,2444,2049,-0.6277,0.1537,0.9016,-4.438,-14.674,-10.851
10766912,3055,1995,2190,-0.6259,0.1430,0.9046,-7.959,-14.707,-10.272
10766922,1731,2504,1986,-0.6238,0.1352,0.9052,-10.438,-14.189,-9.576
10766932,1502,1834,1926,-0.6196,0.1326,0.9263,-11.496,-13.618,-9.079
10766942,892,1849,2019,-0.6153,0.1320,0.9413,-11.482,-12.549,-8.767
10766952,3820,2042,1839,-0.6138,0.1364,0.9505,-11.282,-11.037,-8.498
10766962,1224,1838,1919,-0.6161,0.1352,0.9534,-11.318,-9.512,-8.104
10766972,749,2245,2024,-0.6200,0.1320,0.9447,-12.035,-8.078,-7.552
10766982,1197,1856,2278,-0.6224,0.1172,0.9234,-13.062,-6.636,-6.973
10766992,1332,1959,1871,-0.6213,0.0946,0.9251,-13.608,-5.696,-6.570
10767002,2121,2181,2500,-0.6194,0.0824,0.9245,-13.417,-5.155,-6.200
10767012,1800,1931,1817,-0.6189,0.0792,0.9170,-12.039,-4.020,-5.830
10767022,1507,1839,1818,-0.6187,0.0794,0.9253,-9.614,-3.162,-5.501
10767032,1774,1834,2158,-0.6212,0.0841,0.9300,-7.043,-2.169,-5.165
10767042,1391,1989,2787,-0.6232,0.0918,0.9322,-5.136,-1.264,-4.716
10767052,1118,1945,1830,-0.6240,0.0937,0.9255,-4.071,-0.455,-4.201
10767062,1099,1886,2255,-0.6231,0.0869,0.9204,-3.745,0.200,-3.755
10767072,1822,1980,2608,-0.6196,0.0779,0.9240,-3.662,0.530,-3.412
10767082,1673,2065,2028,-0.6167,0.0717,0.9189,-3.324,0.914,-3.157
10767092,1764,2261,1822,-0.6137,0.0640,0.9032,-2.170,1.755,-3.066
10767102,850,1963,1837,-0.6083,0.0472,0.9074,0.124,2.398,-3.150
10767112,1991,1942,1921,-0.6018,0.0276,0.9234,3.245,2.632,-3.091
10767122,1814,2260,1832,-0.5972,0.0027,0.9333,6.451,2.961,-2.667
10767132,1203,1839,1866,-0.5790,-0.0217,0.9320,8.832,3.218,-1.848
10767142,1007,1955,1815,-0.5646,-0.0500,0.9424,9.929,3.149,-0.685
10767152,3685,2217,1992,-0.5594,-0.0255,0.9596,9.408,2.477,1.239
10767162,1192,2003,1844,-0.5444,0.0006,0.9793,9.538,3.041,4.406
10767172,843,1964,1823,-0.5457,0.0419,1.0614,8.634,2.832,8.823
10767182,911,1969,2036,-0.5644,0.1002,1.0628,6.237,5.266,14.061
10767192,820,1859,1909,-0.6004,0.1927,1.0180,1.712,9.594,18.844
10767202,1551,1829,1846,-0.6457,0.2851,0.8867,-1.790,14.965,21.634
10767212,1024,1825,1824,-0.6824,0.3405,0.7617,-1.846,19.125,21.552
10767222,751,1836,1884,-0.7084,0.3539,0.6989,0.275,18.765,19.157
10767232,1122,2048,1928,-0.7204,0.3173,0.6621,1.937,14.822,14.914
10767242,1361,2050,1944,-0.7112,0.2597,0.6670,0.147,7.823,9.082
10767252,2178,2078,1881,-0.6826,0.1976,0.7436,-4.826,-1.563,2.641
10767262,873,1861,1814,-0.6455,0.1517,0.8519,-10.509,-10.061,-2.812
10767272,708,1850,1837,-0.6205,0.1382,0.8810,-14.509,-13.308,-6.057
10767282,1740,1836,1818,-0.6030,0.1434,0.9128,-16.452,-13.701,-7.200
10767292,788,1834,1821,-0.5948,0.1381,0.9247,-17.703,-12.986,-7.461
10767302,1468,1825,1841,-0.5972,0.1175,0.9203,-19.537,-11.043,-7.297
10767312,1464,1981,1835,-0.6025,0.1070,0.9084,-22.374,-9.214,-6.282
10767322,963,1838,1859,-0.6137,0.0956,0.8806,-25.304,-7.583,-4.967
10767332,1360,1951,1881,-0.6247,0.0842,0.8642,-27.114,-6.585,-4.298
10767342,1421,1898,1897,-0.6259,0.0623,0.8679,-27.022,-6.671,-4.650
10767352,794,1870,1849,-0.6233,0.0445,0.8747,-24.221,-6.744,-5.473
10767362,1114,1829,1837,-0.6200,0.0395,0.8933,-19.011,-6.398,-6.140
10767372,1596,1940,1831,-0.6181,0.0466,0.9254,-12.597,-5.847,-6.608
10767382,716,1814,1819,-0.6173,0.0648,0.9414,-6.036,-4.291,-6.928
10767392,1343,2144,1936,-0.6184,0.0834,0.9369,0.100,-1.991,-7.063
10767402,1005,1856,1926,-0.6236,0.0896,0.9224,5.391,0.453,-7.095
10767412,1011,1877,1848,-0.6325,0.0911,0.9038,9.160,2.355,-6.951
10767422,815,1878,1889,-0.6429,0.0916,0.8862,11.750,3.540,-6.679
10767432,1605,1885,1828,-0.6415,0.0960,0.8995,13.640,2.968,-6.333
10767442,2178,2125,1852,-0.6360,0.1039,0.9449,14.831,1.946,-6.069
10767452,1247,1937,1835,-0.6326,0.1176,0.9657,15.114,1.940,-5.852
10767462,2169,1973,1835,-0.6306,0.1353,0.9675,14.210,3.144,-5.560
10767472,2256,1853,1834,-0.6374,0.1391,0.9396,12.163,4.651,-5.339
10767482,1175,1909,1829,-0.6481,0.1274,0.8979,9.438,6.190,-5.241
10767492,1355,2055,1870,-0.6548,0.1143,0.8870,5.976,5.899,-4.887
10767502,781,1871,1861,-0.6570,0.1060,0.8791,2.801,4.556,-4.180
10767512,1183,2003,1880,-0.6580,0.0999,0.8683,0.530,3.392,-3.475
10767522,770,1814,1855,-0.6567,0.0945,0.8728,-0.865,1.957,-2.957
10767532,1430,1851,1862,-0.6537,0.0967,0.8772,-1.528,0.723,-2.635
10767542,1631,1823,1832,-0.6500,0.1029,0.8910,-1.747,-0.271,-2.465
10767552,1397,1837,1897,-0.6462,0.1082,0.9040,-2.009,-1.091,-2.335
10767562,1153,1875,1827,-0.6441,0.1056,0.8892,-2.369,-0.967,-2.308
10767572,938,1985,1870,-0.6417,0.0987,0.8783,-2.977,-0.831,-2.283
10767582,1082,1876,1834,-0.6387,0.0933,0.8772,-3.639,-1.268,-2.065
10767592,1012,1897,1875,-0.6350,0.0866,0.8751,-3.843,-1.626,-1.751
10767602,853,1819,1823,-0.6307,0.0816,0.8828,-3.544,-1.964,-1.471
10767612,1052,1821,1916,-0.6282,0.0797,0.8891,-2.862,-2.147,-1.218
10767622,1673,1886,1834,-0.6299,0.0802,0.8852,-1.887,-1.776,-1.005
10767632,1304,1858,1857,-0.6302,0.0818,0.8882,-1.037,-1.540,-0.776
10767642,2005,1999,2015,-0.6300,0.0838,0.8927,-0.539,-1.509,-0.493
10767652,1148,1872,1895,-0.6294,0.0834,0.8904,-0.239,-1.277,-0.168
10767662,1093,2160,1836,-0.6275,0.0863,0.8947,-0.171,-1.171,0.264
10767672,1375,2167,2008,-0.6276,0.0895,0.8918,-0.085,-0.880,0.698
10767682,747,1827,1861,-0.6277,0.0902,0.8869,0.105,-0.432,0.945
10767692,1275,1835,1842,-0.6291,0.0905,0.8847,0.403,-0.162,1.002
10767702,909,1849,1820,-0.6314,0.0908,0.8822,0.979,0.074,0.949
10767712,863,1850,1877,-0.6316,0.0937,0.8904,1.487,-0.020,0.891
10767722,1264,2025,1959,-0.6308,0.0992,0.9014,1.754,-0.205,0.821
10767732,1408,1813,1821,-0.6298,0.1052,0.9039,1.796,0.005,0.683
10767742,1062,1951,1951,-0.6302,0.1078,0.9127,1.519,0.339,0.516
10767752,1192,1824,1876,-0.6296,0.1074,0.9221,0.758,0.667,0.348
10767762,859,1879,1820,-0.6307,0.1060,0.9110,-0.256,1.360,0.176
10767772,1177,2077,2011,-0.6339,0.1011,0.8948,-1.112,2.169,-0.022
10767782,1148,1815,1838,-0.6384,0.0939,0.8854,-1.699,2.488,-0.228
10767792,881,1816,1942,-0.6424,0.0878,0.8767,-1.823,2.457,-0.387
10767802,871,1861,1849,-0.6437,0.0852,0.8777,-1.601,1.967,-0.408
10767812,1330,1916,1829,-0.6429,0.0874,0.8840,-1.255,1.216,-0.329
10767822,909,2082,1842,-0.6419,0.0928,0.8871,-0.933,0.648,-0.271
10767832,1159,1826,1953,-0.6413,0.0962,0.8952,-0.802,0.105,-0.263
10767842,919,2100,1866,-0.6426,0.0992,0.8950,-0.844,-0.209,-0.289
10767852,1046,1824,1893,-0.6438,0.0980,0.8869,-1.059,-0.263,-0.369
10767862,1216,2027,1867,-0.6441,0.0941,0.8824,-1.446,-0.550,-0.455
10767872,913,1908,1862,-0.6445,0.0917,0.8811,-1.741,-1.034,-0.508
10767882,1368,1879,1888,-0.6438,0.0897,0.8823,-1.764,-1.600,-0.486
10767892,853,1840,1871,-0.6426,0.0919,0.8891,-1.548,-2.196,-0.411
10767902,878,2056,1827,-0.6414,0.0956,0.8935,-1.250,-2.598,-0.326
10767912,805,1862,1859,-0.6421,0.0981,0.8964,-1.042,-2.794,-0.316
10767922,1612,1861,1848,-0.6415,0.0990,0.8985,-1.077,-2.902,-0.375
10767932,1096,1866,1919,-0.6404,0.0987,0.8964,-1.322,-2.878,-0.463
10767942,816,2035,1866,-0.6400,0.0959,0.8945,-1.656,-2.806,-0.531
10767952,1480,1897,1851,-0.6393,0.0939,0.8943,-1.947,-2.792,-0.573
10767962,979,1922,1836,-0.6382,0.0935,0.8920,-2.047,-2.713,-0.617
10767972,885,1817,1875,-0.6389,0.0946,0.8893,-1.873,-2.573,-0.655
10767982,916,1965,1840,-0.6388,0.0953,0.8913,-1.475,-2.507,-0.709
10767992,1226,1970,1896,-0.6370,0.0964,0.8960,-1.106,-2.529,-0.744
10768002,742,1993,1919,-0.6368,0.0983,0.8981,-0.812,-2.360,-0.742
10768012,1257,2070,1972,-0.6362,0.0991,0.8991,-0.672,-2.034,-0.734
10768022,1274,1971,1869,-0.6361,0.0999,0.9027,-0.736,-1.720,-0.746
10768032,1315,1940,1942,-0.6365,0.0986,0.9016,-0.958,-1.353,-0.818
10768042,839,1919,1892,-0.6376,0.0955,0.8917,-1.118,-0.813,-0.911
10768052,746,1941,1935,-0.6400,0.0944,0.8835,-1.153,-0.425,-1.007
10768062,974,1842,1827,-0.6417,0.0967,0.8817,-1.054,-0.386,-1.086
10768072,1182,1840,1918,-0.6428,0.0998,0.8806,-0.814,-0.485,-1.193
10768082,797,1898,1823,-0.6438,0.1041,0.8786,-0.429,-0.580,-1.374
10768092,2035,1990,1872,-0.6447,0.1075,0.8792,-0.046,-0.761,-1.652
10768102,887,1903,1845,-0.6453,0.1092,0.8815,0.248,-1.006,-1.998
10768112,970,1921,1909,-0.6459,0.1120,0.8810,0.454,-1.166,-2.368
10768122,791,1845,1824,-0.6459,0.1136,0.8811,0.531,-1.343,-2.719
10768132,852,1860,1895,-0.6464,0.1152,0.8764,0.491,-1.521,-3.080
10768142,1093,1856,1822,-0.6472,0.1154,0.8742,0.359,-1.757,-3.495
10768152,1607,1910,1878,-0.6468,0.1167,0.8758,0.120,-2.201,-3.968
10768162,778,1995,1870,-0.6471,0.1192,0.8747,-0.172,-2.673,-4.515
10768172,872,1811,1840,-0.6476,0.1196,0.8713,-0.407,-3.057,-5.130
10768182,927,1860,1900,-0.6472,0.1187,0.8720,-0.630,-3.564,-5.795
10768192,788,1921,1902,-0.6462,0.1184,0.8747,-0.908,-4.211,-6.464
10768202,799,1914,1843,-0.6448,0.1184,0.8787,-1.202,-4.784,-7.131
10768212,864,1837,1871,-0.6430,0.1172,0.8815,-1.524,-5.250,-7.800
10768222,1039,1977,1843,-0.6418,0.1161,0.8861,-1.890,-5.621,-8.464
10768232,1300,1814,1876,-0.6396,0.1131,0.8919,-2.285,-5.940,-9.147
10768242,818,1914,1824,-0.6382,0.1118,0.9018,-2.685,-6.170,-9.757
10768252,752,1836,1888,-0.6374,0.1110,0.9043,-3.140,-6.174,-10.328
10768262,801,1817,1820,-0.6395,0.1091,0.8992,-3.696,-5.951,-10.968
10768272,777,1823,1885,-0.6402,0.1051,0.8977,-4.230,-5.789,-11.670
10768282,880,1945,1843,-0.6393,0.0997,0.9010,-4.820,-5.890,-12.352
10768292,1216,1886,1880,-0.6385,0.0974,0.9019,-5.318,-5.979,-12.935
10768302,1003,1972,1861,-0.6375,0.0952,0.9001,-5.591,-5.992,-13.418
10768312,768,1920,1908,-0.6364,0.0918,0.8998,-5.747,-6.042,-13.925
10768322,1073,1817,1823,-0.6351,0.0858,0.8970,-5.799,-6.044,-14.462
10768332,786,1844,1896,-0.6336,0.0782,0.8998,-5.788,-6.181,-14.956
10768342,798,1919,1861,-0.6326,0.0713,0.9042,-5.697,-6.421,-15.345
10768352,816,1853,1909,-0.6315,0.0677,0.9069,-5.419,-6.506,-15.670
10768362,765,1948,1851,-0.6308,0.0666,0.9088,-5.000,-6.523,-16.002
10768372,1349,1928,1901,-0.6303,0.0663,0.9132,-4.492,-6.565,-16.365
10768382,901,1848,1863,-0.6308,0.0653,0.9169,-4.016,-6.569,-16.710
10768392,787,1992,1856,-0.6317,0.0683,0.9185,-3.635,-6.427,-16.992
10768402,1236,1821,1848,-0.6339,0.0715,0.9124,-3.362,-6.164,-17.319
10768412,791,1867,1896,-0.6360,0.0737,0.9044,-3.145,-5.981,-17.846
10768422,771,1906,1890,-0.6370,0.0738,0.8961,-2.815,-5.968,-18.582
10768432,937,1885,1881,-0.6361,0.0726,0.8894,-2.315,-6.114,-19.428
10768442,835,1862,1853,-0.6351,0.0717,0.8875,-1.706,-6.419,-20.325
10768452,770,1869,1900,-0.6343,0.0749,0.8883,-1.077,-6.872,-21.201
10768462,782,1842,1863,-0.6342,0.0801,0.8903,-0.536,-7.357,-22.193
10768472,912,1855,1901,-0.6340,0.0857,0.8934,-0.057,-7.771,-23.314
10768482,849,1819,1851,-0.6342,0.0919,0.8973,0.382,-8.050,-24.612
10768492,1058,1946,1886,-0.6325,0.0937,0.9020,0.822,-8.277,-26.050
10768502,802,1871,1895,-0.6334,0.0999,0.9028,1.251,-8.389,-27.530
10768512,802,1898,1912,-0.6347,0.1036,0.9002,1.676,-8.271,-29.149
10768522,796,1824,1871,-0.6350,0.1080,0.8953,2.096,-8.154,-30.921
10768532,805,1862,1909,-0.6346,0.1103,0.8919,2.424,-8.178,-32.842
10768542,1128,1826,1864,-0.6345,0.1122,0.8932,2.565,-8.412,-34.832
10768552,791,1966,1939,-0.6344,0.1144,0.8930,2.482,-8.734,-36.878
10768562,925,1815,1851,-0.6327,0.1141,0.8942,2.133,-9.092,-39.063
10768572,786,1903,1908,-0.6317,0.1136,0.8970,1.444,-9.533,-41.388
10768582,1182,1815,1856,-0.6293,0.1095,0.8931,0.465,-9.963,-43.826
10768592,791,1878,1904,-0.6267,0.1031,0.8907,-0.785,-10.495,-46.336
10768602,799,1819,1873,-0.6241,0.0957,0.8876,-2.196,-11.095,-48.899
10768612,806,1941,1938,-0.6202,0.0853,0.8849,-3.628,-11.788,-51.475
10768622,806,1937,1869,-0.6159,0.0746,0.8857,-4.952,-12.636,-53.934
10768632,798,1867,1922,-0.6115,0.0645,0.8853,-6.237,-13.498,-56.164
10768642,793,1896,1892,-0.6070,0.0560,0.8861,-7.529,-14.308,-58.166
10768652,811,1840,1909,-0.6033,0.0481,0.8844,-8.940,-15.144,-60.069
10768662,817,1865,1884,-0.6006,0.0395,0.8823,-10.427,-15.950,-61.912
10768672,904,1850,1888,-0.5985,0.0287,0.8770,-11.869,-16.729,-63.832
10768682,812,1833,1881,-0.5960,0.0157,0.8751,-13.156,-17.648,-65.871
10768692,796,1905,1924,-0.5923,-0.0007,0.8713,-14.157,-18.669,-68.085
10768702,970,1858,1873,-0.5867,-0.0211,0.8694,-14.859,-19.796,-70.390
10768712,814,1852,1934,-0.5812,-0.0402,0.8684,-15.232,-20.991,-72.598
10768722,982,1951,1898,-0.5742,-0.0614,0.8687,-15.227,-22.190,-74.579
10768732,809,1890,1951,-0.5671,-0.0780,0.8703,-14.895,-23.418,-76.214
10768742,903,1849,1872,-0.5586,-0.0929,0.8724,-14.271,-24.521,-77.533
10768752,817,1830,1911,-0.5519,-0.1084,0.8747,-13.283,-25.491,-78.591
10768762,958,1925,1915,-0.5444,-0.1207,0.8765,-11.849,-26.297,-79.464
10768772,1318,1818,1880,-0.5378,-0.1329,0.8758,-10.132,-27.006,-80.280
10768782,974,1880,1899,-0.5294,-0.1452,0.8796,-8.265,-27.798,-81.057
10768792,855,1892,1934,-0.5198,-0.1581,0.8834,-6.386,-28.539,-81.794
10768802,902,1861,1892,-0.5090,-0.1685,0.8931,-4.592,-29.330,-82.394
10768812,857,1901,1940,-0.4980,-0.1771,0.9011,-3.045,-30.062,-82.840
10768822,887,1847,1875,-0.4887,-0.1830,0.9105,-1.799,-30.721,-83.172
10768832,814,1943,1940,-0.4787,-0.1882,0.9178,-0.791,-31.298,-83.453
10768842,815,1925,1894,-0.4686,-0.1925,0.9244,-0.007,-31.843,-83.807
10768852,1001,1844,1923,-0.4563,-0.1988,0.9281,0.564,-32.407,-84.256
10768862,826,1921,1893,-0.4447,-0.2042,0.9309,1.026,-32.923,-84.802
10768872,832,1901,1936,-0.4296,-0.2126,0.9334,1.254,-33.546,-85.431
10768882,814,1869,1883,-0.4148,-0.2214,0.9305,1.087,-34.163,-86.082
10768892,921,1859,1864,-0.4020,-0.2296,0.9239,0.620,-34.825,-86.634
10768902,816,1855,1885,-0.3907,-0.2335,0.9201,0.020,-35.742,-87.053
10768912,816,1894,1932,-0.3810,-0.2362,0.9155,-0.488,-36.903,-87.347
10768922,866,1886,1898,-0.3739,-0.2342,0.9092,-0.849,-38.230,-87.606
10768932,824,1924,1943,-0.3643,-0.2328,0.9055,-1.031,-39.771,-88.014
10768942,847,1860,1889,-0.3517,-0.2343,0.9056,-1.119,-41.458,-88.643
10768952,819,1913,1929,-0.3366,-0.2373,0.9066,-1.287,-43.148,-89.463
10768962,960,1870,1892,-0.3199,-0.2425,0.9072,-1.711,-44.789,-90.390
10768972,837,1881,1924,-0.3006,-0.2520,0.9126,-2.394,-46.420,-91.384
10768982,833,1860,1914,-0.2796,-0.2666,0.9182,-3.302,-48.029,-92.267
10768992,863,1868,1927,-0.2586,-0.2822,0.9254,-4.273,-49.582,-92.861
10769002,946,1884,1875,-0.2409,-0.2943,0.9328,-5.207,-51.054,-93.097
10769012,1142,1886,1907,-0.2222,-0.3076,0.9303,-6.111,-52.322,-93.065
10769022,1154,1813,1898,-0.2056,-0.3159,0.9355,-6.848,-53.573,-92.873
10769032,1124,1880,1943,-0.1896,-0.3262,0.9410,-7.517,-54.906,-92.543
10769042,864,1902,1886,-0.1722,-0.3394,0.9486,-8.325,-56.054,-92.140
10769052,882,1888,1907,-0.1552,-0.3506,0.9517,-9.491,-57.070,-91.642
10769062,920,1845,1855,-0.1389,-0.3605,0.9563,-10.902,-57.904,-91.049
10769072,906,1882,1921,-0.1228,-0.3696,0.9648,-12.412,-58.741,-90.404
10769082,839,1909,1896,-0.1040,-0.3794,0.9741,-13.895,-59.432,-89.722
10769092,881,1816,1900,-0.0860,-0.3904,0.9823,-15.254,-59.858,-89.022
10769102,1113,1814,1843,-0.0670,-0.4033,0.9917,-16.367,-60.010,-88.303
10769112,875,1899,1899,-0.0439,-0.4242,0.9982,-17.372,-59.655,-87.335
10769122,969,1819,1871,-0.0209,-0.4466,1.0111,-18.002,-59.148,-86.221
10769132,1183,1987,1923,-0.0025,-0.4654,1.0182,-18.106,-58.397,-84.875
10769142,954,1828,1888,0.0156,-0.4834,1.0303,-17.761,-57.476,-83.365
10769152,845,1946,1901,0.0327,-0.4983,1.0377,-16.931,-56.277,-81.660
10769162,843,1817,1861,0.0473,-0.5059,1.0450,-15.640,-54.810,-79.710
10769172,1088,1919,1969,0.0601,-0.5074,1.0537,-13.934,-53.260,-77.548
10769182,970,1850,1888,0.0697,-0.5063,1.0586,-11.953,-51.527,-75.316
10769192,846,1937,1922,0.0787,-0.5051,1.0647,-9.940,-49.874,-73.164
10769202,1299,1866,1883,0.0970,-0.4766,1.0564,-7.989,-48.158,-71.136
10769212,855,1957,1942,0.1062,-0.4782,1.0716,-5.850,-46.558,-69.355
10769222,892,1835,1877,0.1174,-0.4926,1.0721,-3.108,-45.017,-67.914
10769232,878,1908,1914,0.1260,-0.5031,1.0751,-0.518,-43.216,-66.246
10769242,848,1862,1883,0.1332,-0.5095,1.0851,1.947,-41.788,-64.325
10769252,850,1890,1977,0.1392,-0.5080,1.0927,4.230,-40.120,-62.228
10769262,868,1818,1892,0.1448,-0.5040,1.1010,6.432,-38.460,-60.105
10769272,848,1918,1928,0.1491,-0.4999,1.1043,8.457,-36.743,-58.105
10769282,1156,1814,1869,0.1533,-0.4963,1.1075,10.180,-35.240,-56.209
10769292,1045,1907,1917,0.1558,-0.4892,1.1098,11.679,-33.926,-54.312
10769302,869,1855,1873,0.1588,-0.4827,1.1099,12.843,-32.658,-52.464
10769312,979,1901,1914,0.1634,-0.4781,1.1127,13.618,-31.552,-50.791
10769322,1269,1827,1880,0.1690,-0.4762,1.1133,13.990,-30.510,-49.256
10769332,961,1963,1938,0.1733,-0.4700,1.1158,14.043,-29.536,-47.673
10769342,885,1849,1910,0.1763,-0.4662,1.1162,13.908,-28.494,-46.080
10769352,891,1953,1935,0.1811,-0.4609,1.1166,13.752,-27.515,-44.522
10769362,1235,1866,1844,0.1872,-0.4598,1.1170,13.757,-26.575,-43.099
10769372,1064,1854,1911,0.1918,-0.4565,1.1121,13.889,-25.641,-41.720
10769382,894,1835,1868,0.1965,-0.4573,1.1092,13.832,-24.711,-40.448
10769392,942,1899,1900,0.2007,-0.4564,1.1077,13.685,-23.990,-39.195
10769402,925,1819,1871,0.2027,-0.4518,1.1054,13.636,-23.126,-37.880
10769412,866,1978,1903,0.2055,-0.4471,1.1073,13.615,-22.485,-36.545
10769422,1233,1854,1851,0.2066,-0.4455,1.1015,13.623,-21.682,-35.267
10769432,899,1916,1923,0.2093,-0.4443,1.1009,13.485,-21.003,-34.027
10769442,944,1819,1868,0.2108,-0.4427,1.0968,13.433,-20.405,-32.773
10769452,1047,1895,1918,0.2135,-0.4412,1.0943,13.418,-19.763,-31.432
10769462,934,1878,1858,0.2173,-0.4386,1.0939,13.401,-19.227,-30.033
10769472,985,1935,1912,0.2205,-0.4380,1.0919,13.277,-18.661,-28.586
10769482,869,1829,1856,0.2233,-0.4351,1.0891,13.119,-18.018,-27.092
10769492,885,1972,1954,0.2255,-0.4310,1.0889,13.049,-17.399,-25.597
10769502,955,1850,1856,0.2273,-0.4259,1.0839,13.124,-16.725,-24.122
10769512,978,1918,1901,0.2289,-0.4197,1.0803,13.339,-16.108,-22.718
10769522,1000,1830,1853,0.2285,-0.4138,1.0764,13.683,-15.595,-21.403
10769532,881,1888,1895,0.2287,-0.4088,1.0724,14.047,-15.108,-20.191
10769542,907,1829,1852,0.2310,-0.4062,1.0697,14.285,-14.681,-19.049
10769552,897,2048,1907,0.2296,-0.3965,1.0673,14.261,-14.384,-17.862
10769562,925,1817,1858,0.2296,-0.3896,1.0648,14.031,-14.159,-16.766
10769572,890,1925,1909,0.2310,-0.3822,1.0601,13.521,-13.950,-15.889
10769582,947,1848,1869,0.2324,-0.3729,1.0596,12.787,-13.910,-15.121
10769592,905,1917,1907,0.2347,-0.3664,1.0574,11.900,-13.955,-14.490
10769602,1088,1832,1860,0.2364,-0.3634,1.0531,10.846,-14.002,-13.997
10769612,925,1850,1887,0.2380,-0.3611,1.0522,9.593,-14.186,-13.550
10769622,964,1817,1854,0.2400,-0.3585,1.0498,8.195,-14.345,-13.069
10769632,894,1902,1891,0.2424,-0.3543,1.0474,6.731,-14.532,-12.550
10769642,934,1829,1844,0.2476,-0.3589,1.0388,5.293,-14.694,-11.996
10769652,902,1896,1905,0.2777,-0.3190,1.0363,3.969,-14.985,-11.300
10769662,947,1840,1839,0.2802,-0.3559,1.1114,1.950,-15.597,-11.236
10769672,896,1897,1820,0.2893,-0.3964,1.0991,-0.553,-14.079,-11.364
10769682,930,1839,1843,0.2994,-0.4098,1.0914,1.218,-11.027,-9.980
10769692,956,1911,1908,0.3054,-0.4079,1.1250,4.693,-10.406,-7.970
10769702,911,1835,1867,0.3029,-0.4113,1.1267,8.062,-8.413,-6.288
10769712,920,1925,1944,0.3015,-0.3994,1.1290,11.692,-6.710,-4.732
10769722,950,1839,1865,0.2920,-0.3821,1.1323,15.357,-5.052,-3.384
10769732,936,1907,1938,0.2833,-0.3654,1.1286,18.632,-3.583,-2.297
10769742,929,1837,1899,0.2757,-0.3457,1.1107,21.210,-2.044,-1.390
10769752,933,1891,1993,0.2671,-0.3228,1.0988,22.506,-1.244,-0.737
10769762,996,1831,1906,0.2617,-0.3047,1.0855,22.878,-1.015,-0.434
10769772,900,1917,1856,0.2586,-0.2932,1.0791,22.395,-1.236,-0.550
10769782,950,1840,1821,0.2571,-0.2878,1.0655,21.297,-1.579,-0.906
10769792,927,1876,1925,0.2562,-0.2837,1.0579,19.841,-2.258,-1.282
10769802,959,1828,1842,0.2567,-0.2834,1.0510,18.277,-3.232,-1.679
10769812,904,1902,2043,0.2587,-0.2848,1.0488,17.091,-4.275,-2.119
10769822,993,1837,1842,0.2597,-0.2863,1.0462,16.515,-5.302,-2.619
10769832,907,1914,1897,0.2597,-0.2878,1.0401,16.584,-5.980,-3.200
10769842,959,1841,2013,0.2597,-0.2877,1.0347,17.488,-6.451,-3.782
10769852,917,1888,1858,0.2579,-0.2864,1.0293,19.377,-6.731,-4.361
10769862,972,1821,1838,0.2575,-0.2838,1.0203,22.261,-6.896,-4.984
10769872,948,1903,1946,0.2570,-0.2787,1.0124,25.911,-7.066,-5.776
10769882,954,1832,1833,0.2564,-0.2737,1.0082,30.128,-7.306,-6.896
10769892,905,1930,1843,0.2556,-0.2713,1.0151,34.601,-7.673,-8.355
10769902,973,1813,1854,0.2608,-0.2731,1.0321,38.972,-8.050,-10.009
10769912,924,1863,1935,0.2744,-0.2745,1.0779,42.971,-8.607,-11.523
10769922,965,1818,1838,0.2872,-0.2755,1.1283,46.145,-8.583,-12.461
10769932,925,1883,1902,0.2981,-0.2680,1.1714,48.051,-7.403,-12.595
10769942,966,1826,2135,0.3056,-0.2563,1.2070,48.489,-5.370,-12.084
10769952,918,1892,1871,0.3056,-0.2469,1.2172,47.514,-2.727,-11.246
10769962,957,1830,1872,0.2982,-0.2354,1.2052,45.335,-0.006,-10.204
10769972,927,1889,1839,0.2868,-0.2257,1.1866,42.093,1.808,-9.156
10769982,970,1822,1823,0.2762,-0.2154,1.1656,38.287,2.606,-8.288
10769992,917,1900,1889,0.2690,-0.1988,1.1532,34.393,2.354,-7.716
10770002,968,1837,1816,0.2659,-0.1867,1.1480,30.617,1.517,-7.541
10770012,928,1914,2100,0.2676,-0.1745,1.1449,27.544,0.570,-7.559
10770022,967,1843,1824,0.2697,-0.1649,1.1392,25.249,-0.157,-7.605
10770032,928,1882,1884,0.2711,-0.1589,1.1349,23.628,-0.800,-7.558
10770042,983,1834,1861,0.2727,-0.1526,1.1301,22.303,-1.299,-7.380
10770052,936,1872,1888,0.2747,-0.1451,1.1235,20.995,-1.844,-7.104
10770062,979,1838,1840,0.2746,-0.1407,1.1263,19.497,-2.452,-6.865
10770072,938,1898,1890,0.2735,-0.1360,1.1227,17.631,-2.785,-6.649
10770082,973,1842,1868,0.2734,-0.1332,1.1186,15.596,-2.861,-6.405
10770092,923,1912,1896,0.2744,-0.1308,1.1125,13.535,-2.918,-6.095
10770102,978,1836,1884,0.2758,-0.1288,1.1063,11.541,-2.830,-5.740
10770112,924,1906,2049,0.2786,-0.1265,1.1032,9.592,-2.746,-5.395
10770122,972,1836,1900,0.2794,-0.1265,1.1028,7.694,-2.595,-5.159
10770132,944,1883,1872,0.2792,-0.1285,1.1003,5.915,-2.292,-5.016
10770142,981,1827,1896,0.2801,-0.1303,1.0982,4.418,-1.878,-4.890
10770152,947,1878,1903,0.2801,-0.1332,1.1004,3.131,-1.596,-4.779
10770162,994,1837,1822,0.2807,-0.1371,1.1024,1.993,-1.306,-4.695
10770172,945,1890,1828,0.2823,-0.1400,1.1020,0.977,-1.023,-4.564
10770182,982,1827,1822,0.2830,-0.1414,1.1003,0.094,-0.732,-4.337
10770192,938,1887,1874,0.2836,-0.1415,1.1000,-0.637,-0.484,-4.086
10770202,988,1838,1919,0.2831,-0.1418,1.0992,-1.179,-0.283,-3.881
10770212,957,1879,1820,0.2820,-0.1414,1.0988,-1.530,-0.106,-3.738
10770222,986,1836,1835,0.2818,-0.1417,1.0996,-1.745,0.027,-3.603
10770232,963,1887,1900,0.2814,-0.1415,1.1013,-1.942,0.187,-3.432
10770242,1016,1826,1824,0.2820,-0.1410,1.1030,-2.191,0.259,-3.194
10770252,944,1893,1913,0.2828,-0.1411,1.1026,-2.520,0.296,-2.948
10770262,1003,1839,1837,0.2814,-0.1417,1.1027,-2.942,0.329,-2.684
10770272,955,1894,1821,0.2812,-0.1405,1.1043,-3.382,0.338,-2.412
10770282,995,1826,1832,0.2803,-0.1411,1.1037,-3.823,0.341,-2.176
10770292,947,1875,1922,0.2803,-0.1437,1.1053,-4.230,0.359,-1.991
10770302,1011,1825,1822,0.2808,-0.1476,1.1049,-4.605,0.369,-1.823
10770312,945,1886,1950,0.2804,-0.1520,1.1029,-4.929,0.364,-1.669
10770322,1003,1826,1848,0.2792,-0.1535,1.1011,-5.118,0.305,-1.545
10770332,948,1893,1878,0.2788,-0.1554,1.1010,-5.112,0.263,-1.468
10770342,1005,1827,1839,0.2781,-0.1559,1.1012,-4.864,0.208,-1.431
10770352,952,1883,1828,0.2787,-0.1563,1.1020,-4.419,0.116,-1.418
10770362,1012,1834,1823,0.2786,-0.1577,1.1032,-3.920,0.026,-1.430
10770372,970,1884,1886,0.2792,-0.1575,1.1013,-3.454,0.012,-1.433
10770382,985,1838,1834,0.2791,-0.1561,1.0989,-3.016,0.050,-1.403
10770392,964,1877,1871,0.2790,-0.1544,1.0983,-2.675,0.008,-1.376
10770402,1003,1840,1834,0.2787,-0.1521,1.0988,-2.517,-0.014,-1.369
10770412,959,1874,1923,0.2779,-0.1514,1.0988,-2.525,-0.032,-1.389
10770422,1010,1832,1826,0.2771,-0.1521,1.0995,-2.680,-0.039,-1.444
10770432,973,1862,1963,0.2770,-0.1531,1.0989,-2.945,-0.060,-1.506
10770442,1009,1836,2133,0.2779,-0.1554,1.0985,-3.205,-0.119,-1.585
10770452,961,1887,1903,0.2777,-0.1569,1.1003,-3.446,-0.269,-1.644
10770462,1018,1833,1847,0.2789,-0.1597,1.1003,-3.632,-0.315,-1.658
10770472,962,1883,1993,0.2787,-0.1631,1.1017,-3.693,-0.299,-1.608
10770482,1034,1824,1825,0.2792,-0.1640,1.1019,-3.561,-0.311,-1.498
10770492,986,1871,1854,0.2795,-0.1650,1.1003,-3.233,-0.321,-1.362
10770502,1028,1831,1886,0.2788,-0.1656,1.1003,-2.782,-0.347,-1.248
10770512,960,1893,1901,0.2780,-0.1642,1.0995,-2.222,-0.375,-1.147
10770522,1020,1835,1907,0.2771,-0.1622,1.1009,-1.668,-0.446,-1.070
10770532,975,1871,2000,0.2766,-0.1603,1.1018,-1.237,-0.495,-1.013
10770542,1025,1836,1854,0.2757,-0.1593,1.1022,-1.015,-0.542,-0.960
10770552,973,1893,1892,0.2755,-0.1589,1.1003,-1.010,-0.612,-0.912
10770562,1038,1832,1857,0.2751,-0.1593,1.1003,-1.153,-0.694,-0.874
10770572,964,1895,1933,0.2754,-0.1596,1.0996,-1.377,-0.758,-0.819
10770582,1018,1837,1890,0.2754,-0.1592,1.0988,-1.571,-0.764,-0.757
10770592,983,1872,1872,0.2752,-0.1595,1.0995,-1.631,-0.719,-0.691
10770602,1051,1824,1821,0.2747,-0.1601,1.0989,-1.597,-0.644,-0.642
10770612,976,1884,1829,0.2746,-0.1603,1.0978,-1.512,-0.576,-0.612
10770622,1050,1823,1942,0.2740,-0.1609,1.0987,-1.482,-0.535,-0.615
10770632,972,1889,1867,0.2742,-0.1608,1.0985,-1.501,-0.533,-0.637
10770642,1042,1825,1851,0.2756,-0.1612,1.0975,-1.539,-0.513,-0.662
10770652,992,1867,1897,0.2758,-0.1628,1.0978,-1.560,-0.492,-0.663
10770662,1038,1837,1849,0.2757,-0.1631,1.0977,-1.562,-0.456,-0.626
10770672,997,1873,1997,0.2753,-0.1639,1.0981,-1.514,-0.404,-0.582
10770682,1024,1836,1873,0.2752,-0.1649,1.0977,-1.418,-0.343,-0.542
10770692,976,1874,1883,0.2762,-0.1651,1.0980,-1.259,-0.268,-0.478
10770702,1041,1840,1876,0.2749,-0.1635,1.0983,-1.063,-0.258,-0.417
10770712,980,1873,1923,0.2750,-0.1635,1.0990,-0.832,-0.259,-0.393
10770722,1036,1840,1833,0.2744,-0.1635,1.1004,-0.569,-0.273,-0.403
10770732,990,1871,1872,0.2736,-0.1639,1.1016,-0.268,-0.312,-0.416
10770742,1039,1836,1826,0.2731,-0.1630,1.1012,0.011,-0.373,-0.438
10770752,984,1872,1856,0.2728,-0.1618,1.1024,0.208,-0.445,-0.485
10770762,1036,1831,1899,0.2731,-0.1609,1.1020,0.320,-0.509,-0.551
10770772,1006,1874,1889,0.2729,-0.1616,1.1026,0.339,-0.558,-0.646
10770782,1021,1844,1895,0.2725,-0.1614,1.1027,0.286,-0.597,-0.750
10770792,987,1873,1837,0.2728,-0.1611,1.1015,0.210,-0.619,-0.850
10770802,1040,1836,1833,0.2733,-0.1604,1.1007,0.156,-0.631,-0.938
10770812,996,1872,1857,0.2736,-0.1597,1.1000,0.213,-0.556,-1.012
10770822,1045,1834,1862,0.2745,-0.1588,1.0996,0.274,-0.470,-1.048
10770832,995,1871,1847,0.2759,-0.1589,1.1017,0.252,-0.411,-1.032
10770842,1059,1833,1898,0.2759,-0.1596,1.1003,0.042,-0.290,-0.928
10770852,1013,1866,1843,0.2753,-0.1587,1.0984,-0.340,-0.078,-0.727
10770862,1053,1834,1828,0.2744,-0.1567,1.0969,-0.837,0.122,-0.479
10770872,1001,1869,1857,0.2741,-0.1546,1.0984,-1.373,0.289,-0.255
10770882,1042,1840,1823,0.2730,-0.1533,1.1016,-1.952,0.363,-0.093
10770892,990,1914,1933,0.2723,-0.1533,1.1012,-2.506,0.518,0.046
10770902,1061,1837,1818,0.2722,-0.1541,1.1011,-3.030,0.632,0.196
10770912,1004,1885,1861,0.2720,-0.1543,1.1016,-3.583,0.695,0.340
10770922,1057,1837,1829,0.2714,-0.1556,1.1014,-4.190,0.732,0.477
10770932,1012,1859,1835,0.2714,-0.1573,1.1004,-4.793,0.731,0.595
10770942,1038,1837,1822,0.2715,-0.1609,1.1014,-5.345,0.715,0.703
10770952,1015,1849,1857,0.2712,-0.1641,1.1015,-5.863,0.647,0.813
10770962,1030,1839,1839,0.2699,-0.1678,1.0997,-6.348,0.593,0.912
10770972,1000,1878,1854,0.2691,-0.1697,1.1008,-6.653,0.440,0.993
10770982,1069,1821,1834,0.2697,-0.1720,1.1009,-6.763,0.244,1.013
10770992,1008,1873,1919,0.2694,-0.1751,1.1001,-6.705,0.072,0.988
10771002,1089,1819,1823,0.2688,-0.1783,1.0986,-6.519,-0.082,0.944
10771012,1011,1853,1838,0.2691,-0.1810,1.1003,-6.202,-0.273,0.910
10771022,1058,1836,1956,0.2693,-0.1830,1.1000,-5.781,-0.450,0.859
10771032,1010,1859,1832,0.2685,-0.1843,1.1014,-5.267,-0.676,0.779
10771042,1068,1827,1841,0.2694,-0.1852,1.1002,-4.661,-0.916,0.704
10771052,1010,1843,1837,0.2704,-0.1855,1.1000,-3.937,-1.092,0.623
10771062,1058,1835,1821,0.2710,-0.1861,1.1011,-3.172,-1.321,0.553
10771072,1028,1868,1886,0.2712,-0.1856,1.0994,-2.457,-1.450,0.479
10771082,1075,1823,1821,0.2709,-0.1842,1.0986,-1.861,-1.557,0.434
10771092,1008,1883,1856,0.2711,-0.1823,1.0982,-1.398,-1.637,0.388
10771102,1072,1821,1823,0.2711,-0.1809,1.0981,-1.119,-1.708,0.314
10771112,1041,1840,1885,0.2711,-0.1806,1.0985,-0.962,-1.760,0.233
10771122,1067,1828,1825,0.2712,-0.1805,1.0978,-0.932,-1.801,0.157
10771132,1016,1839,1859,0.2718,-0.1816,1.0975,-0.966,-1.811,0.098
10771142,1072,1828,1823,0.2718,-0.1818,1.0977,-1.001,-1.792,0.042
10771152,1012,1852,1855,0.2720,-0.1823,1.0968,-0.991,-1.746,-0.008
