10788062,1332,1839,1743,0.2781,-0.1262,1.1056,-0.264,-1.050,0.053
10788072,1329,1902,1749,0.2776,-0.1261,1.1047,-0.279,-1.056,0.034
10788082,1329,1862,1980,0.2773,-0.1267,1.1044,-0.297,-1.081,-0.006
10788092,1433,1818,1853,0.2776,-0.1276,1.1042,-0.316,-1.060,-0.061
10788102,1384,1897,1755,0.2782,-0.1288,1.1068,-0.316,-1.077,-0.127
10788112,1373,1815,1747,0.2777,-0.1288,1.1037,-0.260,-0.989,-0.144
10788122,1393,1829,1867,0.2771,-0.1283,1.1052,-0.180,-0.895,-0.135
10788132,1420,1823,1815,0.2769,-0.1279,1.1061,-0.092,-0.917,-0.163
10788142,1358,1900,1842,0.2764,-0.1270,1.1067,-0.007,-0.922,-0.186
10788152,1343,1834,1851,0.2758,-0.1257,1.1080,0.047,-0.956,-0.200
10788162,1334,1831,1795,0.2761,-0.1246,1.1072,0.087,-0.941,-0.218
10788172,1334,1893,1775,0.2760,-0.1242,1.1066,0.090,-0.948,-0.223
10788182,1342,1875,1808,0.2762,-0.1245,1.1047,0.087,-0.952,-0.197
10788192,1360,1873,1848,0.2775,-0.1234,1.1054,0.054,-1.024,-0.159
10788202,1377,1914,2152,0.2771,-0.1236,1.1041,-0.013,-1.066,-0.140
10788212,1360,1837,1759,0.2770,-0.1244,1.1035,-0.107,-1.035,-0.139
10788222,1339,1832,2110,0.2774,-0.1247,1.1037,-0.208,-1.034,-0.151
10788232,1342,1865,1817,0.2782,-0.1256,1.1027,-0.294,-0.984,-0.182
10788242,1353,1865,1883,0.2785,-0.1263,1.1024,-0.335,-0.942,-0.207
10788252,1379,1840,1745,0.2778,-0.1258,1.1021,-0.292,-0.903,-0.208
10788262,1363,1855,1746,0.2772,-0.1244,1.1027,-0.188,-0.888,-0.189
10788272,1340,1843,1771,0.2779,-0.1237,1.1034,-0.099,-0.868,-0.168
10788282,1340,1854,1925,0.2772,-0.1228,1.1052,-0.062,-0.840,-0.150
10788292,1345,1841,1797,0.2787,-0.1228,1.1052,-0.076,-0.847,-0.137
10788302,1354,1879,2608,0.2792,-0.1220,1.1057,-0.127,-0.838,-0.119
10788312,1345,1812,1785,0.2784,-0.1218,1.1042,-0.171,-0.786,-0.087
10788322,1343,1876,1808,0.2792,-0.1219,1.1052,-0.197,-0.770,-0.058
10788332,1365,1826,1749,0.2789,-0.1223,1.1034,-0.264,-0.703,-0.043
10788342,1344,1884,1925,0.2785,-0.1229,1.1035,-0.355,-0.640,-0.022
10788352,1368,1816,1786,0.2778,-0.1240,1.1027,-0.463,-0.584,-0.022
10788362,1347,1862,1873,0.2785,-0.1257,1.1040,-0.564,-0.504,-0.015
10788372,1359,1833,1773,0.2786,-0.1252,1.1042,-0.702,-0.438,0.037
10788382,1415,1834,1769,0.2781,-0.1240,1.1045,-0.723,-0.408,0.136
10788392,1395,1819,2024,0.2777,-0.1239,1.1038,-0.699,-0.343,0.215
10788402,1345,1878,1827,0.2774,-0.1247,1.1032,-0.647,-0.298,0.253
10788412,1358,1838,1761,0.2772,-0.1262,1.1043,-0.633,-0.296,0.303
10788422,1346,1844,1773,0.2769,-0.1262,1.1045,-0.680,-0.271,0.345
10788432,1346,1885,1768,0.2759,-0.1262,1.1034,-0.767,-0.235,0.366
10788442,1363,1898,1847,0.2753,-0.1266,1.1051,-0.862,-0.200,0.363
10788452,1357,1879,2062,0.2751,-0.1277,1.1047,-0.921,-0.169,0.325
10788462,1360,1890,1915,0.2755,-0.1298,1.1063,-0.907,-0.131,0.276
10788472,1378,1840,1823,0.2754,-0.1303,1.1060,-0.822,-0.037,0.268
10788482,1351,1869,1872,0.2748,-0.1299,1.1073,-0.645,0.070,0.287
10788492,1361,1844,1760,0.2748,-0.1312,1.1076,-0.472,0.125,0.290
10788502,1350,1897,1859,0.2748,-0.1315,1.1056,-0.339,0.235,0.306
10788512,1370,1850,1804,0.2742,-0.1311,1.1050,-0.157,0.283,0.344
10788522,1350,1864,1818,0.2751,-0.1304,1.1041,0.074,0.282,0.385
10788532,1355,1871,1765,0.2748,-0.1291,1.1026,0.310,0.284,0.435
10788542,1387,1863,1769,0.2740,-0.1271,1.1040,0.502,0.273,0.501
10788552,1352,1874,2013,0.2741,-0.1261,1.1050,0.594,0.309,0.539
10788562,1374,1839,1799,0.2731,-0.1255,1.1052,0.590,0.384,0.545
10788572,1352,1840,1812,0.2722,-0.1238,1.1058,0.589,0.387,0.562
10788582,1359,1881,1792,0.2711,-0.1227,1.1055,0.558,0.368,0.607
10788592,1365,1837,1833,0.2701,-0.1224,1.1068,0.496,0.278,0.638
10788602,1363,1869,1966,0.2703,-0.1223,1.1064,0.384,0.162,0.634
10788612,1357,1860,1932,0.2702,-0.1235,1.1063,0.227,-0.003,0.602
10788622,1381,1925,1745,0.2699,-0.1239,1.1065,0.060,-0.135,0.575
10788632,1358,1854,2125,0.2707,-0.1249,1.1065,-0.081,-0.252,0.518
10788642,1391,1878,2019,0.2709,-0.1254,1.1054,-0.210,-0.340,0.454
10788652,1358,1875,1775,0.2723,-0.1264,1.1070,-0.302,-0.484,0.383
10788662,1362,1861,1833,0.2718,-0.1268,1.1061,-0.334,-0.512,0.334
10788672,1389,1846,1977,0.2721,-0.1282,1.1069,-0.306,-0.586,0.313
10788682,1360,1840,2024,0.2710,-0.1286,1.1063,-0.267,-0.681,0.308
10788692,1362,1839,1748,0.2702,-0.1288,1.1058,-0.185,-0.682,0.296
10788702,1361,1897,2429,0.2708,-0.1274,1.1081,-0.101,-0.797,0.281
10788712,1374,1880,1755,0.2710,-0.1265,1.1069,-0.040,-0.819,0.241
10788722,1359,1884,2036,0.2711,-0.1262,1.1085,-0.012,-0.828,0.169
10788732,1364,1867,1756,0.2715,-0.1253,1.1082,-0.033,-0.823,0.066
10788742,1369,1830,2397,0.2715,-0.1246,1.1084,-0.073,-0.777,-0.046
10788752,1380,1846,1824,0.2718,-0.1249,1.1096,-0.097,-0.783,-0.150
10788762,1377,1874,1852,0.2713,-0.1249,1.1073,-0.107,-0.765,-0.230
10788772,1382,1837,1758,0.2700,-0.1246,1.1055,-0.140,-0.759,-0.288
10788782,1361,1851,2153,0.2697,-0.1239,1.1048,-0.168,-0.770,-0.332
10788792,1363,1870,1782,0.2698,-0.1236,1.1058,-0.220,-0.813,-0.379
10788802,1375,1857,2034,0.2704,-0.1240,1.1050,-0.293,-0.847,-0.428
10788812,1387,1815,2006,0.2703,-0.1242,1.1043,-0.392,-0.836,-0.486
10788822,1386,1888,1944,0.2709,-0.1250,1.1055,-0.485,-0.827,-0.546
10788832,1361,1881,1818,0.2703,-0.1271,1.1055,-0.574,-0.794,-0.594
10788842,1471,1844,1773,0.2697,-0.1267,1.1052,-0.618,-0.739,-0.607
10788852,1383,1870,2077,0.2691,-0.1288,1.1057,-0.634,-0.709,-0.609
10788862,1377,1870,1897,0.2693,-0.1295,1.1057,-0.588,-0.694,-0.609
10788872,1403,1824,1785,0.2695,-0.1300,1.1056,-0.497,-0.716,-0.602
10788882,1371,1871,2032,0.2703,-0.1307,1.1055,-0.386,-0.756,-0.593
10788892,1420,1826,2070,0.2694,-0.1302,1.1059,-0.276,-0.783,-0.566
10788902,1398,1902,1864,0.2693,-0.1285,1.1060,-0.180,-0.815,-0.532
10788912,1502,1820,3042,0.2687,-0.1275,1.1047,-0.154,-0.791,-0.527
10788922,1372,1880,1860,0.2698,-0.1273,1.1060,-0.162,-0.773,-0.545
10788932,1412,1852,1755,0.2700,-0.1262,1.1079,-0.150,-0.811,-0.576
10788942,1366,1855,1846,0.2703,-0.1249,1.1087,-0.142,-0.803,-0.612
10788952,1430,1830,1851,0.2701,-0.1233,1.1090,-0.084,-0.779,-0.658
10788962,1371,1902,2032,0.2697,-0.1226,1.1087,0.042,-0.835,-0.700
10788972,1487,1822,1794,0.2694,-0.1232,1.1065,0.099,-0.869,-0.705
10788982,1377,1908,1913,0.2697,-0.1226,1.1077,0.084,-0.935,-0.659
10788992,1390,1873,1760,0.2696,-0.1231,1.1050,0.001,-0.981,-0.581
10789002,1373,1848,1791,0.2699,-0.1234,1.1046,-0.116,-1.009,-0.500
10789012,1406,1839,2032,0.2686,-0.1238,1.1036,-0.247,-1.064,-0.418
10789022,1513,1833,1922,0.2692,-0.1251,1.1036,-0.336,-1.071,-0.339
10789032,1412,1821,1762,0.2693,-0.1268,1.1052,-0.421,-1.157,-0.270
10789042,1394,1909,1929,0.2702,-0.1274,1.1043,-0.472,-1.159,-0.207
10789052,1470,1816,1744,0.2703,-0.1281,1.1063,-0.451,-1.214,-0.136
10789062,1387,1871,1747,0.2697,-0.1277,1.1050,-0.360,-1.248,-0.060
10789072,1389,1857,1970,0.2694,-0.1272,1.1048,-0.223,-1.217,0.008
10789082,1494,1869,1898,0.2692,-0.1264,1.1056,-0.069,-1.257,0.059
10789092,1695,1934,1850,0.2693,-0.1259,1.1056,0.045,-1.261,0.079
10789102,1383,1839,2160,0.2695,-0.1240,1.1067,0.124,-1.271,0.085
10789112,1616,1851,1774,0.2699,-0.1229,1.1076,0.127,-1.276,0.084
10789122,1375,1855,1858,0.2700,-0.1224,1.1082,0.051,-1.277,0.069
10789132,1538,1861,2452,0.2700,-0.1237,1.1073,-0.081,-1.249,0.054
10789142,1425,1934,1945,0.2699,-0.1244,1.1068,-0.227,-1.276,0.040
10789152,1487,1824,1748,0.2702,-0.1257,1.1055,-0.347,-1.318,0.032
10789162,1398,1874,1921,0.2704,-0.1272,1.1044,-0.425,-1.337,0.009
10789172,1594,1835,1945,0.2701,-0.1271,1.1026,-0.420,-1.365,-0.008
10789182,1406,1846,1874,0.2702,-0.1278,1.1031,-0.334,-1.415,0.003
10789192,1450,1820,1838,0.2705,-0.1278,1.1048,-0.220,-1.422,0.013
10789202,1380,1880,1977,0.2701,-0.1281,1.1049,-0.154,-1.377,-0.025
10789212,1428,1831,1775,0.2701,-0.1278,1.1071,-0.148,-1.356,-0.098
10789222,1419,1902,1774,0.2703,-0.1286,1.1081,-0.176,-1.327,-0.205
10789232,1418,1862,1758,0.2701,-0.1286,1.1069,-0.154,-1.298,-0.280
10789242,1390,1860,1844,0.2703,-0.1274,1.1082,-0.024,-1.332,-0.290
10789252,1431,1829,1759,0.2699,-0.1253,1.1069,0.120,-1.356,-0.255
10789262,1384,1865,2065,0.2699,-0.1238,1.1073,0.187,-1.379,-0.227
10789272,1392,1856,1780,0.2699,-0.1230,1.1092,0.138,-1.419,-0.206
10789282,1415,1872,1749,0.2698,-0.1232,1.1087,-0.032,-1.411,-0.220
10789292,1567,1877,1847,0.2692,-0.1238,1.1077,-0.246,-1.380,-0.257
10789302,1383,1848,2160,0.2692,-0.1244,1.1055,-0.446,-1.365,-0.268
10789312,1462,1885,1750,0.2700,-0.1254,1.1061,-0.590,-1.371,-0.265
10789322,1413,1868,2097,0.2707,-0.1264,1.1056,-0.656,-1.363,-0.235
10789332,1405,1901,1763,0.2716,-0.1266,1.1060,-0.629,-1.342,-0.185
10789342,1386,1925,1955,0.2707,-0.1268,1.1061,-0.522,-1.269,-0.140
10789352,1394,1847,1755,0.2711,-0.1263,1.1062,-0.380,-1.217,-0.098
10789362,1391,1885,1766,0.2708,-0.1263,1.1067,-0.255,-1.195,-0.054
10789372,1424,1861,2018,0.2705,-0.1258,1.1064,-0.149,-1.126,-0.011
10789382,1409,1864,1833,0.2705,-0.1249,1.1054,-0.094,-1.073,0.002
10789392,1487,1893,1785,0.2709,-0.1252,1.1063,-0.100,-1.046,-0.020
10789402,1389,1857,1744,0.2703,-0.1252,1.1064,-0.171,-1.004,-0.044
10789412,1441,1881,1752,0.2704,-0.1245,1.1065,-0.220,-0.974,-0.065
10789422,1440,1912,1886,0.2694,-0.1252,1.1068,-0.259,-0.973,-0.084
10789432,1393,1842,1970,0.2700,-0.1266,1.1070,-0.272,-0.993,-0.083
10789442,1392,1841,1745,0.2706,-0.1266,1.1054,-0.275,-0.997,-0.065
10789452,1406,1852,1746,0.2704,-0.1262,1.1057,-0.222,-1.034,-0.024
10789462,1393,1889,2041,0.2701,-0.1252,1.1052,-0.111,-1.097,0.017
10789472,1410,1833,1899,0.2708,-0.1248,1.1054,-0.027,-1.112,0.069
10789482,1396,1897,1747,0.2707,-0.1239,1.1064,-0.018,-1.065,0.127
10789492,1430,1893,1969,0.2697,-0.1242,1.1066,-0.053,-1.028,0.169
10789502,1406,1883,1862,0.2697,-0.1248,1.1053,-0.164,-0.989,0.184
10789512,1416,1852,1751,0.2705,-0.1257,1.1071,-0.309,-0.952,0.177
10789522,1422,1894,1763,0.2705,-0.1271,1.1051,-0.428,-0.910,0.150
10789532,1512,1843,2904,0.2696,-0.1285,1.1042,-0.451,-0.898,0.141
10789542,1541,1864,1876,0.2696,-0.1287,1.1062,-0.322,-1.007,0.169
10789552,1607,1822,1875,0.2692,-0.1286,1.1056,-0.061,-1.103,0.238
10789562,1423,1921,1744,0.2683,-0.1278,1.1080,0.295,-1.282,0.332
10789572,1663,1863,1746,0.2682,-0.1261,1.1104,0.701,-1.527,0.467
10789582,1422,1900,1842,0.2675,-0.1258,1.1134,1.156,-1.806,0.580
10789592,1397,1910,1924,0.2671,-0.1284,1.1132,1.631,-2.148,0.640
10789602,1619,1829,1860,0.2681,-0.1304,1.1142,2.046,-2.543,0.680
10789612,1452,1854,1956,0.2703,-0.1321,1.1130,2.526,-2.972,0.751
10789622,1398,1844,1755,0.2715,-0.1321,1.1109,3.141,-3.344,0.874
10789632,1425,1876,1912,0.2721,-0.1304,1.1118,3.927,-3.661,1.040
10789642,1428,1944,1815,0.2715,-0.1284,1.1106,4.746,-3.899,1.186
10789652,1465,1866,1770,0.2712,-0.1278,1.1107,5.510,-4.107,1.262
10789662,1422,1905,1763,0.2722,-0.1266,1.1088,6.182,-4.225,1.280
10789672,1460,1842,1760,0.2735,-0.1248,1.1098,6.734,-4.291,1.274
10789682,1525,1928,1745,0.2740,-0.1219,1.1074,7.150,-4.401,1.274
10789692,1433,1857,1839,0.2752,-0.1176,1.1045,7.466,-4.399,1.288
10789702,1443,1896,1966,0.2764,-0.1149,1.1068,7.622,-4.449,1.273
10789712,1410,1964,1861,0.2784,-0.1133,1.1034,7.780,-4.307,1.229
10789722,1424,1912,1827,0.2794,-0.1129,1.1027,8.005,-4.195,1.190
10789732,1447,1864,1864,0.2792,-0.1121,1.1015,8.238,-4.018,1.197
10789742,1419,1850,1856,0.2792,-0.1088,1.1070,8.324,-3.910,1.219
10789752,1419,1854,1751,0.2791,-0.1053,1.1091,8.211,-3.859,1.181
10789762,1649,1885,1821,0.2788,-0.1022,1.1104,7.871,-3.777,1.064
10789772,1454,1861,1809,0.2789,-0.1014,1.1118,7.365,-3.822,0.860
10789782,1442,1921,1810,0.2793,-0.1033,1.1092,6.862,-3.883,0.617
10789792,1431,1866,1761,0.2812,-0.1060,1.1066,6.587,-3.995,0.464
10789802,1430,1922,1813,0.2827,-0.1060,1.1045,6.519,-4.263,0.463
10789812,1419,1870,1769,0.2833,-0.1055,1.1056,6.563,-4.652,0.503
10789822,1413,1883,1811,0.2849,-0.1048,1.1121,6.590,-5.195,0.416
10789832,1461,1821,1779,0.2848,-0.1064,1.1175,6.529,-5.754,0.051
10789842,1474,1890,1796,0.2823,-0.1077,1.1245,6.351,-6.398,-0.598
10789852,1425,1880,1759,0.2802,-0.1104,1.1281,6.219,-7.048,-1.503
10789862,1411,1922,1835,0.2790,-0.1160,1.1284,6.295,-7.702,-2.614
10789872,1538,1844,1781,0.2794,-0.1224,1.1271,6.684,-8.376,-3.778
10789882,1559,2060,1927,0.2804,-0.1277,1.1258,7.440,-9.069,-4.786
10789892,1410,1880,1779,0.2817,-0.1308,1.1214,8.690,-9.641,-5.476
10789902,1474,1945,1841,0.2844,-0.1312,1.1207,10.527,-10.207,-5.802
10789912,1478,1878,1861,0.2882,-0.1309,1.1201,12.839,-10.652,-5.811
10789922,1509,1950,1826,0.2929,-0.1254,1.1240,15.466,-11.013,-5.483
10789932,1429,1878,1777,0.2983,-0.1165,1.1291,18.305,-11.129,-4.835
10789942,1429,1925,1826,0.3033,-0.1064,1.1350,21.169,-10.980,-3.943
10789952,1589,2010,1812,0.3066,-0.0922,1.1374,23.778,-10.608,-2.841
10789962,1569,1991,1806,0.3089,-0.0795,1.1419,25.892,-10.065,-1.641
10789972,1542,1879,1770,0.3115,-0.0681,1.1474,27.487,-9.531,-0.363
10789982,1946,1889,1812,0.3164,-0.0619,1.1543,28.539,-8.865,0.951
10789992,1635,1874,1792,0.3183,-0.0513,1.1581,29.076,-7.953,2.374
10790002,1857,1825,1804,0.3205,-0.0431,1.1633,29.248,-6.954,3.825
10790012,2769,1913,1759,0.3238,-0.0375,1.1611,29.181,-5.681,5.247
10790022,1554,1929,1823,0.3253,-0.0330,1.1552,28.775,-4.062,6.639
10790032,1741,1968,1799,0.3267,-0.0308,1.1468,28.086,-2.417,7.948
10790042,1537,1940,1831,0.3251,-0.0245,1.1364,27.328,-0.614,9.148
10790052,1471,1901,1780,0.3232,-0.0225,1.1306,26.681,1.021,10.121
10790062,1519,1873,1818,0.3232,-0.0185,1.1242,26.039,2.570,10.898
10790072,1877,1984,1809,0.3232,-0.0143,1.1270,25.209,4.072,11.600
10790082,1876,1927,1828,0.3234,-0.0081,1.1311,23.900,5.545,12.290
10790092,2068,1819,1762,0.3219,-0.0014,1.1344,21.841,7.244,12.984
10790102,1665,1947,1818,0.3210,0.0029,1.1417,18.961,8.849,13.717
10790112,1566,2030,1809,0.3211,0.0055,1.1481,15.359,10.533,14.592
10790122,1621,1964,1805,0.3249,0.0063,1.1578,11.019,12.158,15.690
10790132,1450,1922,1800,0.3308,-0.0065,1.1796,5.685,13.500,17.192
10790142,1551,2007,1852,0.3274,0.0102,1.1942,-0.543,14.791,19.724
10790152,1419,1934,1806,0.3184,0.0260,1.2064,-7.815,16.288,22.375
10790162,1590,1960,1827,0.3142,0.0281,1.2127,-16.173,17.654,24.088
10790172,1708,1889,1774,0.3159,0.0138,1.2147,-25.010,18.980,24.922
10790182,1545,1863,1825,0.3196,-0.0032,1.2182,-33.845,20.033,25.719
10790192,1447,1893,1795,0.3208,-0.0202,1.2214,-42.130,21.197,26.972
10790202,1428,1861,1803,0.3208,-0.0388,1.2247,-49.718,22.443,28.605
10790212,1626,1885,1780,0.3168,-0.0590,1.2272,-56.565,23.856,30.381
10790222,1578,1893,1839,0.3141,-0.0822,1.2261,-62.495,25.473,32.098
10790232,1485,1877,1817,0.3092,-0.1067,1.2250,-67.218,27.174,33.735
10790242,1534,1940,1861,0.3044,-0.1338,1.2259,-70.664,28.847,35.296
10790252,1657,1822,1830,0.3011,-0.1603,1.2273,-72.866,30.508,36.856
10790262,1482,2027,1872,0.2981,-0.1842,1.2255,-73.903,32.213,38.532
10790272,1432,1897,1823,0.2941,-0.2039,1.2277,-73.846,33.838,40.415
10790282,1553,2052,1859,0.2894,-0.2174,1.2263,-72.930,35.427,42.565
10790292,1558,1907,1804,0.2834,-0.2307,1.2228,-71.439,37.146,44.855
10790302,1508,1939,1847,0.2762,-0.2432,1.2191,-69.950,38.708,47.211
10790312,1480,1859,1810,0.2661,-0.2532,1.2129,-68.859,40.234,49.584
10790322,1470,2033,1885,0.2569,-0.2640,1.2082,-68.204,41.609,51.823
10790332,1610,1905,1790,0.2468,-0.2768,1.2006,-67.802,42.909,53.793
10790342,1461,1902,1859,0.2382,-0.2914,1.1918,-67.463,44.143,55.446
10790352,1424,1972,1845,0.2309,-0.3085,1.1827,-66.852,45.304,56.893
10790362,1484,1925,1862,0.2238,-0.3268,1.1741,-65.748,46.445,58.304
10790372,1450,1934,1840,0.2181,-0.3448,1.1659,-64.216,47.534,59.820
10790382,1908,1951,1866,0.2103,-0.3631,1.1542,-62.204,48.707,61.491
10790392,1502,1926,1802,0.2017,-0.3797,1.1467,-59.859,49.723,63.329
10790402,1533,2054,1883,0.1919,-0.3947,1.1380,-57.222,50.675,65.327
10790412,1452,1958,1757,0.1811,-0.4072,1.1295,-54.403,51.570,67.421
10790422,2087,1821,1780,0.1698,-0.4166,1.1232,-51.422,52.368,69.533
10790432,2399,1862,1786,0.1588,-0.4250,1.1161,-48.282,53.153,71.560
10790442,1960,1932,1870,0.1493,-0.4332,1.1043,-44.880,53.970,73.510
10790452,1433,1916,1865,0.1394,-0.4426,1.0941,-41.083,54.953,75.361
10790462,1525,2015,1907,0.1340,-0.4563,1.0877,-36.933,55.920,77.067
10790472,1428,2071,1856,0.1271,-0.4716,1.0737,-32.356,57.199,78.681
10790482,1443,1992,1872,0.1181,-0.4842,1.0676,-27.108,58.503,80.365
10790492,1469,2032,1867,0.1065,-0.4915,1.0594,-21.179,59.912,82.126
10790502,1587,2007,1851,0.0904,-0.4872,1.0533,-14.522,61.289,83.943
10790512,1688,1855,1783,0.0735,-0.4780,1.0469,-7.248,62.572,85.745
10790522,1487,1901,1859,0.0562,-0.4651,1.0452,0.276,63.667,87.427
10790532,1640,1955,1834,0.0388,-0.4525,1.0403,7.538,64.639,88.914
10790542,1446,1895,1822,0.0250,-0.4408,1.0390,14.036,65.513,90.290
10790552,1714,1834,1838,0.0098,-0.4250,1.0358,19.077,66.237,91.637
10790562,1547,1937,1883,-0.0070,-0.4059,1.0312,22.793,66.838,92.946
10790572,1522,1859,1821,-0.0254,-0.3866,1.0285,25.411,67.196,94.122
10790582,1474,1911,1858,-0.0453,-0.3705,1.0275,27.052,67.375,95.068
10790592,1430,1894,1804,-0.0670,-0.3527,1.0263,27.558,67.453,95.870
10790602,1555,1936,1877,-0.0878,-0.3338,1.0213,27.045,67.383,96.542
10790612,1432,1876,1800,-0.1103,-0.3162,1.0191,25.946,67.090,97.096
10790622,1471,1892,1834,-0.1308,-0.3030,1.0167,24.445,66.636,97.565
10790632,1482,1842,1819,-0.1484,-0.2907,1.0101,22.545,66.066,98.045
10790642,1448,2015,1840,-0.1645,-0.2769,0.9982,20.287,65.272,98.674
10790652,1946,1990,1820,-0.1767,-0.2606,0.9870,17.864,64.023,99.509
10790662,1711,1888,1844,-0.1896,-0.2446,0.9751,15.283,62.276,100.443
10790672,1931,1864,1824,-0.2026,-0.2275,0.9679,12.126,59.996,101.346
10790682,1502,2030,1887,-0.2165,-0.2066,0.9637,7.897,57.218,102.093
10790692,1506,1820,1819,-0.2298,-0.1879,0.9655,2.374,53.969,102.519
10790702,1438,1903,1863,-0.2423,-0.1756,0.9738,-4.384,50.429,102.597
10790712,1862,1945,1826,-0.2524,-0.1684,0.9777,-12.264,46.941,102.429
10790722,1454,2023,1872,-0.2618,-0.1726,0.9891,-20.976,43.587,102.276
10790732,1434,2038,1826,-0.2752,-0.1658,0.9925,-30.023,40.603,102.618
10790742,1565,1911,1869,-0.2847,-0.1796,0.9938,-38.694,38.238,103.528
10790752,1461,1824,1826,-0.2966,-0.1952,0.9922,-47.499,36.183,104.888
10790762,1438,1952,1844,-0.3086,-0.2142,0.9833,-55.915,34.365,106.764
10790772,1616,1901,1860,-0.3209,-0.2269,0.9715,-63.447,32.658,109.057
10790782,1501,1964,1860,-0.3333,-0.2377,0.9614,-69.546,30.853,111.682
10790792,1497,1853,1825,-0.3419,-0.2447,0.9551,-73.851,28.920,114.321
10790802,1565,1899,1833,-0.3526,-0.2432,0.9511,-76.413,27.022,116.663
10790812,1619,1863,1848,-0.3637,-0.2376,0.9517,-77.293,25.267,118.463
10790822,1583,2068,1906,-0.3741,-0.2305,0.9517,-76.469,23.951,119.551
10790832,1749,2011,1864,-0.3864,-0.2254,0.9523,-73.878,23.151,119.903
10790842,1635,1968,1872,-0.4020,-0.2177,0.9474,-69.595,22.773,119.582
10790852,1769,1894,1835,-0.4186,-0.2090,0.9422,-63.528,22.839,118.626
10790862,1564,1949,1894,-0.4321,-0.2029,0.9332,-55.796,23.132,117.058
10790872,1438,1912,1832,-0.4429,-0.1933,0.9273,-46.813,23.598,114.998
10790882,1452,1911,1831,-0.4532,-0.1819,0.9198,-36.659,24.483,112.584
10790892,1880,1831,1823,-0.4623,-0.1650,0.9174,-25.602,25.612,109.944
10790902,1452,1884,1835,-0.4729,-0.1421,0.9151,-14.046,26.994,107.106
10790912,1567,1865,1822,-0.4846,-0.1143,0.9103,-2.369,28.695,104.047
10790922,1455,2008,1875,-0.4970,-0.0844,0.9056,9.164,30.489,100.683
10790932,1663,1824,1799,-0.5105,-0.0549,0.9003,20.340,32.347,96.928
10790942,1462,1820,1811,-0.5228,-0.0292,0.8935,30.938,34.135,92.808
10790952,1879,1835,1798,-0.5352,-0.0058,0.8830,40.771,35.867,88.470
10790962,1472,1933,1822,-0.5473,0.0157,0.8684,49.665,37.396,84.069
10790972,1460,1821,1805,-0.5589,0.0320,0.8536,57.522,38.634,79.684
10790982,1516,1911,1835,-0.5680,0.0443,0.8397,63.952,39.396,75.485
10790992,1508,1851,1799,-0.5765,0.0560,0.8246,69.129,39.775,71.669
10791002,1597,1925,1875,-0.5841,0.0704,0.8112,73.151,39.709,68.321
10791012,1443,1947,1817,-0.5926,0.0856,0.8028,76.146,39.212,65.374
10791022,1592,1839,1841,-0.5988,0.1007,0.8026,78.070,38.300,62.733
10791032,1454,1860,1817,-0.6037,0.1183,0.8004,78.871,37.207,60.399
10791042,1479,2048,1874,-0.6082,0.1356,0.8005,78.655,36.048,58.386
10791052,1844,1856,1775,-0.6127,0.1576,0.8033,77.218,34.628,56.672
10791062,1541,2009,1855,-0.6195,0.1796,0.8035,74.651,33.230,55.032
10791072,1465,1867,1793,-0.6247,0.1975,0.8017,71.150,31.818,53.369
10791082,1625,1898,1817,-0.6314,0.2104,0.7950,66.962,30.316,51.732
10791092,1523,1888,1813,-0.6378,0.2223,0.7849,62.289,28.639,50.192
10791102,1621,1936,1808,-0.6459,0.2335,0.7764,57.219,26.700,48.692
10791112,1511,1900,1807,-0.6521,0.2453,0.7664,52.081,24.647,47.123
10791122,1492,1838,1761,-0.6559,0.2573,0.7633,46.933,22.421,45.345
10791132,1478,1857,1833,-0.6578,0.2652,0.7633,41.877,20.219,43.302
10791142,1785,1969,1991,-0.6601,0.2777,0.7643,37.124,18.167,41.041
10791152,1641,1840,1800,-0.6621,0.2897,0.7704,32.798,16.207,38.546
10791162,1746,1964,2011,-0.6635,0.2949,0.7777,28.798,14.572,35.739
10791172,1560,2025,1884,-0.6673,0.2934,0.7880,24.433,13.058,32.422
10791182,1452,1846,1931,-0.6670,0.2880,0.7916,20.460,12.039,29.389
10791192,1908,1926,1805,-0.6656,0.2807,0.7958,16.764,11.140,26.705
10791202,1508,1888,1821,-0.6678,0.2807,0.8017,13.467,10.223,24.526
10791212,2129,2094,1823,-0.6733,0.2870,0.8051,10.646,9.536,22.677
10791222,1954,1916,1782,-0.6789,0.2961,0.7977,8.484,9.125,20.837
10791232,1452,1964,1827,-0.6845,0.3032,0.7822,7.205,8.873,18.743
10791242,2358,1885,1770,-0.6883,0.3026,0.7735,6.710,8.391,16.344
10791252,2038,1828,1868,-0.6910,0.2948,0.7795,6.725,7.530,13.768
10791262,1774,2182,1982,-0.6911,0.2875,0.7920,6.907,6.572,11.294
10791272,1511,2128,1760,-0.6889,0.2861,0.8025,7.072,5.898,9.117
10791282,2245,2073,1841,-0.6881,0.2870,0.8097,7.038,5.501,7.224
10791292,1463,2061,2025,-0.6892,0.2890,0.8132,6.545,5.181,5.452
10791302,1679,2036,1879,-0.6911,0.2858,0.8122,5.862,4.976,3.771
10791312,1951,2609,2061,-0.6914,0.2743,0.8164,5.114,4.596,2.208
10791322,1947,2034,1766,-0.6905,0.2615,0.8182,4.191,3.955,1.000
10791332,1585,2126,1912,-0.6885,0.2577,0.8136,3.126,3.423,0.293
10791342,1978,2196,1957,-0.6870,0.2561,0.8130,2.337,2.836,-0.095
10791352,1733,1825,1833,-0.6856,0.2541,0.8149,1.819,2.302,-0.495
10791362,1651,1867,1776,-0.6827,0.2509,0.8187,1.614,1.961,-1.040
10791372,1461,1954,1811,-0.6815,0.2436,0.8269,1.543,1.748,-1.797
10791382,1470,1858,2708,-0.6839,0.2363,0.8273,1.360,1.725,-2.642
10791392,1605,2030,1836,-0.6860,0.2239,0.8301,1.298,1.865,-3.471
10791402,1751,1910,1831,-0.6876,0.2064,0.8325,1.036,1.820,-4.194
10791412,2154,1823,1765,-0.6892,0.1961,0.8249,0.604,1.727,-4.521
10791422,1977,1949,1777,-0.6918,0.1925,0.8138,0.315,1.364,-4.364
10791432,1743,2096,1763,-0.6948,0.1938,0.7996,0.301,0.774,-3.928
10791442,1463,2197,1850,-0.6977,0.1956,0.7876,0.624,-0.003,-3.495
10791452,1478,2009,2145,-0.6984,0.1936,0.7861,1.185,-0.964,-3.329
10791462,1514,1890,1775,-0.6970,0.1926,0.7905,1.803,-1.942,-3.351
10791472,1759,1926,1918,-0.6949,0.1925,0.7977,2.421,-2.788,-3.405
10791482,1692,2005,2096,-0.6922,0.1977,0.8067,2.755,-3.532,-3.409
10791492,1523,2026,1821,-0.6923,0.2069,0.8146,2.675,-4.146,-3.366
10791502,1535,1954,1903,-0.6943,0.2129,0.8236,2.252,-4.748,-3.354
10791512,1921,1901,1774,-0.6951,0.2174,0.8232,1.453,-5.209,-3.376
10791522,2236,2127,1796,-0.6953,0.2200,0.8218,0.554,-5.652,-3.428
10791532,1601,1824,1834,-0.6938,0.2226,0.8222,-0.350,-6.091,-3.524
10791542,1866,1868,1840,-0.6908,0.2198,0.8284,-1.198,-6.432,-3.694
10791552,1691,1825,1961,-0.6900,0.2195,0.8361,-2.278,-6.697,-3.917
10791562,1763,1989,1981,-0.6917,0.2226,0.8431,-3.538,-6.887,-4.188
10791572,1489,2283,1857,-0.6932,0.2257,0.8477,-4.845,-7.033,-4.655
10791582,2390,1820,2088,-0.6938,0.2237,0.8505,-5.980,-7.230,-5.334
10791592,2285,1837,2020,-0.6925,0.2171,0.8500,-6.959,-7.390,-6.031
10791602,2313,1929,1876,-0.6908,0.2135,0.8480,-7.809,-7.488,-6.518
10791612,1503,2250,1840,-0.6877,0.2108,0.8481,-8.333,-7.512,-6.884
10791622,1542,1970,2320,-0.6826,0.2092,0.8564,-8.399,-7.475,-7.324
10791632,1503,1923,1972,-0.6778,0.2117,0.8599,-8.069,-7.274,-7.881
10791642,2237,1819,1883,-0.6729,0.2121,0.8672,-7.369,-7.076,-8.583
10791652,1617,1832,1770,-0.6703,0.2047,0.8754,-6.397,-6.965,-9.399
10791662,2293,2287,1830,-0.6722,0.1964,0.8698,-5.216,-6.833,-10.263
10791672,2276,1824,2302,-0.6774,0.1938,0.8509,-3.717,-6.834,-11.164
10791682,1560,1838,2166,-0.6794,0.1859,0.8328,-1.229,-7.007,-12.235
10791692,1534,1929,2106,-0.6708,0.1610,0.8295,2.595,-7.193,-13.402
10791702,2475,1907,2657,-0.6603,0.1423,0.8449,7.391,-7.282,-14.221
10791712,1530,2015,1807,-0.6528,0.1344,0.8560,12.451,-7.021,-14.480
10791722,1595,2237,1764,-0.6476,0.1300,0.8612,17.027,-6.300,-14.503
10791732,2422,1861,1824,-0.6431,0.1241,0.8629,20.577,-5.626,-14.450
10791742,2394,2126,2053,-0.6434,0.1153,0.8591,23.440,-4.793,-14.256
10791752,2455,2007,1812,-0.6469,0.1109,0.8543,25.713,-3.998,-13.617
10791762,1825,1905,2119,-0.6498,0.1127,0.8512,27.875,-3.193,-12.474
10791772,1501,1847,1770,-0.6490,0.1238,0.8568,29.866,-2.371,-11.072
10791782,1746,2049,2313,-0.6486,0.1466,0.8650,31.271,-1.492,-9.728
10791792,2454,1878,2034,-0.6523,0.1719,0.8680,31.991,-0.373,-8.776
10791802,2290,2134,1797,-0.6587,0.1895,0.8677,31.840,0.633,-8.304
10791812,2593,1902,1807,-0.6658,0.1960,0.8654,30.749,1.532,-8.076
10791822,3019,2338,1959,-0.6728,0.2026,0.8609,28.644,2.232,-7.718
10791832,1484,1817,1796,-0.6769,0.2096,0.8570,25.861,2.731,-7.159
10791842,2071,2139,1796,-0.6779,0.2104,0.8507,22.888,3.249,-6.610
10791852,1498,1986,2089,-0.6757,0.2103,0.8514,19.902,3.612,-6.141
10791862,1433,1837,1905,-0.6753,0.2168,0.8493,16.966,3.905,-5.717
10791872,1455,1861,2202,-0.6762,0.2258,0.8535,14.027,3.865,-5.307
10791882,1842,1874,2202,-0.6803,0.2252,0.8512,10.885,3.645,-5.003
10791892,1543,1987,1927,-0.6862,0.2206,0.8387,7.443,3.285,-4.692
10791902,2297,1823,1772,-0.6901,0.2124,0.8257,3.710,2.529,-4.230
10791912,1481,1978,1869,-0.6917,0.1962,0.8155,0.208,1.619,-3.566
10791922,1531,1970,2202,-0.6912,0.1866,0.8121,-2.712,0.583,-2.656
10791932,1482,1891,1971,-0.6899,0.1787,0.8192,-4.670,-0.541,-1.725
10791942,1556,1825,2062,-0.6858,0.1796,0.8198,-5.793,-1.442,-0.932
10791952,1856,1814,2081,-0.6834,0.1754,0.8248,-5.986,-1.973,-0.376
10791962,1705,1918,1824,-0.6853,0.1809,0.8334,-6.038,-2.857,0.189
10791972,1945,1828,1760,-0.6910,0.1840,0.8245,-5.958,-3.442,0.823
10791982,1943,1848,1808,-0.6913,0.1855,0.8257,-6.072,-4.279,1.402
10791992,1640,1844,1760,-0.6883,0.1878,0.8258,-6.269,-5.429,1.961
10792002,1722,1989,1789,-0.6867,0.1916,0.8255,-6.158,-6.341,2.461
10792012,1947,1847,1771,-0.6834,0.1973,0.8281,-5.883,-7.428,2.886
10792022,2249,1871,1867,-0.6798,0.1987,0.8236,-5.250,-8.098,3.083
10792032,2124,2057,2230,-0.6756,0.2003,0.8268,-4.670,-8.760,3.109
10792042,3196,2320,1826,-0.6725,0.2009,0.8281,-4.056,-9.168,3.015
10792052,2161,2422,2195,-0.6693,0.2028,0.8367,-3.408,-9.316,2.782
10792062,1565,1836,1842,-0.6653,0.2075,0.8400,-2.613,-9.150,2.456
10792072,1604,2168,3909,-0.6579,0.2047,0.8543,-1.363,-8.626,2.041
10792082,1748,2053,2062,-0.6501,0.1977,0.8716,0.219,-7.769,1.595
10792092,1693,1979,1881,-0.6452,0.1899,0.8783,2.132,-6.198,1.215
10792102,1641,1920,2167,-0.6398,0.1763,0.8832,4.563,-4.520,1.005
10792112,1698,1874,2176,-0.6355,0.1489,0.8684,7.515,-2.860,1.047
10792122,1799,2075,1951,-0.6319,0.1253,0.8549,10.141,-2.292,1.456
10792132,2057,2353,1778,-0.6348,0.1179,0.8539,11.925,-3.235,1.963
10792142,2064,2094,1827,-0.6375,0.1274,0.8997,13.725,-5.244,2.441
10792152,1508,2108,1865,-0.6442,0.1474,0.9349,15.042,-6.479,2.745
10792162,4095,2019,1766,-0.6612,0.1886,0.9659,15.306,-6.717,2.755
10792172,2645,2127,1816,-0.6854,0.2612,1.0026,14.599,-6.486,2.140
10792182,1675,2142,1785,-0.6995,0.3021,0.9866,13.159,-4.011,1.066
10792192,1405,1812,1847,-0.7066,0.3272,0.9125,13.572,1.135,0.804
10792202,1381,2142,1863,-0.7129,0.3444,0.8410,16.007,6.150,1.977
10792212,1287,1856,1883,-0.7255,0.3678,0.7713,19.318,9.213,3.797
10792222,2130,1817,1771,-0.7340,0.3946,0.6924,23.157,10.591,4.684
10792232,1428,1959,1801,-0.7242,0.4111,0.6799,27.176,8.063,3.429
10792242,1272,1850,1906,-0.6946,0.4229,0.7809,29.896,1.084,-0.608
10792252,1499,1841,1781,-0.6469,0.4078,0.9003,30.287,-5.887,-7.178
10792262,1508,1870,1785,-0.6032,0.3643,0.8942,28.107,-6.034,-15.074
10792272,3106,1921,1762,-0.5730,0.3147,0.8748,24.301,-3.509,-22.167
10792282,1630,1817,1766,-0.5795,0.2700,0.8456,19.376,-1.115,-26.740
10792292,1239,1819,1861,-0.6079,0.2313,0.7898,14.604,1.594,-28.435
10792302,1620,1909,1896,-0.6361,0.1999,0.7446,10.515,3.075,-27.787
10792312,1097,1990,1894,-0.6538,0.1760,0.7020,7.400,2.508,-25.783
10792322,1489,1819,1822,-0.6568,0.1628,0.6809,5.314,-0.141,-23.109
10792332,1887,1904,1792,-0.6485,0.1716,0.7537,3.128,-5.806,-20.082
10792342,2346,1819,1982,-0.6254,0.2019,0.8876,-0.608,-12.314,-17.557
10792352,1328,1836,1824,-0.6065,0.2171,0.8887,-5.582,-13.106,-16.509
10792362,1342,1942,1775,-0.6018,0.2154,0.8657,-10.443,-10.083,-16.537
10792372,1176,1838,1806,-0.6139,0.2022,0.8632,-15.015,-7.724,-16.576
10792382,1271,1939,1780,-0.6317,0.1832,0.8393,-19.231,-5.542,-16.148
10792392,1288,1861,1846,-0.6478,0.1613,0.8121,-22.555,-3.680,-15.002
10792402,1141,1862,2097,-0.6548,0.1476,0.8152,-24.870,-3.513,-13.212
10792412,1275,1992,1811,-0.6565,0.1511,0.8376,-26.141,-4.468,-11.318
10792422,1347,1825,1833,-0.6524,0.1562,0.8734,-26.576,-5.238,-10.038
10792432,1822,2054,1761,-0.6477,0.1527,0.8952,-26.396,-4.882,-9.589
10792442,1537,2412,1766,-0.6531,0.1437,0.8827,-25.267,-2.877,-9.598
10792452,1480,2110,2228,-0.6641,0.1336,0.8582,-23.359,-0.537,-9.498
10792462,1333,1919,1833,-0.6774,0.1240,0.8316,-20.969,0.983,-9.009
10792472,1247,1864,1854,-0.6894,0.1180,0.7956,-17.991,1.776,-8.035
10792482,1380,1934,1967,-0.6954,0.1063,0.7792,-14.513,1.420,-6.806
10792492,1516,1918,1775,-0.6897,0.0957,0.8186,-11.235,-0.928,-5.570
10792502,1905,1847,1859,-0.6823,0.0887,0.8863,-8.662,-3.740,-4.594
10792512,1275,1816,1850,-0.6714,0.0843,0.8996,-6.257,-4.128,-4.005
10792522,1278,1824,1810,-0.6667,0.0841,0.8896,-3.463,-2.607,-3.477
10792532,1500,1956,1765,-0.6734,0.0826,0.8701,-0.131,-0.787,-2.682
10792542,1625,1860,1879,-0.6851,0.0793,0.8544,3.126,0.592,-1.537
10792552,1192,1870,1796,-0.6924,0.0766,0.8474,6.186,1.163,0.070
10792562,2493,1856,1763,-0.6951,0.0848,0.8481,9.281,1.277,2.021
10792572,1524,1832,1855,-0.6939,0.1076,0.8586,12.287,1.022,3.824
10792582,1178,1824,1809,-0.6900,0.1356,0.8673,15.421,1.105,4.865
10792592,1651,1875,1871,-0.6890,0.1586,0.8774,18.677,1.726,5.028
10792602,1161,1972,1817,-0.6884,0.1759,0.8817,21.632,2.665,4.696
10792612,2542,2070,1836,-0.6910,0.1897,0.8727,23.746,4.009,4.288
10792622,1293,1885,1863,-0.6938,0.2021,0.8630,24.677,5.189,4.069
10792632,1257,1819,1844,-0.6926,0.2162,0.8600,24.274,5.677,3.998
10792642,1452,1962,1802,-0.6902,0.2315,0.8545,23.046,5.916,3.873
10792652,1214,1918,1846,-0.6869,0.2437,0.8550,21.450,6.081,3.447
10792662,1310,2005,1773,-0.6831,0.2539,0.8587,19.689,6.105,2.693
10792672,1785,1991,1908,-0.6802,0.2564,0.8530,17.818,6.388,1.681
10792682,1155,2029,1788,-0.6797,0.2557,0.8460,15.661,6.780,0.623
10792692,1444,2000,1810,-0.6802,0.2536,0.8370,13.159,6.976,-0.277
10792702,1724,2010,1829,-0.6814,0.2531,0.8254,10.378,6.914,-0.942
10792712,1347,1814,1787,-0.6828,0.2506,0.8100,7.726,6.680,-1.467
10792722,1333,1815,1957,-0.6813,0.2412,0.8009,5.458,6.213,-2.024
10792732,1730,2078,1897,-0.6774,0.2320,0.8014,3.613,5.380,-2.598
10792742,1632,1936,1886,-0.6742,0.2242,0.8060,2.162,4.498,-3.133
10792752,1140,1919,1783,-0.6718,0.2183,0.8034,1.063,3.953,-3.650
10792762,1595,2107,1961,-0.6709,0.2148,0.8021,0.294,3.597,-4.143
10792772,1911,1816,1880,-0.6696,0.2129,0.8061,-0.217,3.180,-4.539
10792782,1788,1911,1822,-0.6693,0.2089,0.8059,-0.585,2.885,-4.814
10792792,1620,1824,1776,-0.6693,0.2046,0.8028,-0.861,2.773,-5.024
10792802,1663,1918,1805,-0.6685,0.2015,0.8000,-0.961,2.617,-5.193
10792812,1428,1812,1839,-0.6674,0.1993,0.7981,-0.771,2.488,-5.376
10792822,2209,1899,1768,-0.6665,0.1973,0.8008,-0.311,2.375,-5.588
10792832,1422,1810,1838,-0.6655,0.1951,0.8073,0.297,2.284,-5.795
10792842,1504,1899,1775,-0.6661,0.1996,0.8128,0.796,2.617,-6.003
10792852,1717,1815,1786,-0.6681,0.2035,0.8203,0.993,3.012,-6.210
10792862,1495,1893,1828,-0.6715,0.2052,0.8228,0.941,3.634,-6.411
10792872,1151,2051,1765,-0.6766,0.2056,0.8215,0.718,4.476,-6.617
10792882,1333,1824,1808,-0.6811,0.2060,0.8176,0.429,5.247,-6.839
10792892,1159,1867,1801,-0.6867,0.2076,0.8127,0.242,5.905,-7.011
10792902,1228,1871,1892,-0.6930,0.2086,0.8100,0.124,6.448,-7.183
10792912,1371,1882,1826,-0.6987,0.2061,0.8073,-0.071,6.737,-7.444
10792922,2086,1863,1779,-0.7041,0.2055,0.8047,-0.329,6.830,-7.726
10792932,1590,1823,1807,-0.7098,0.2049,0.8012,-0.490,6.858,-7.995
10792942,1325,1851,1797,-0.7141,0.2012,0.7980,-0.593,6.736,-8.258
10792952,1298,1854,1804,-0.7173,0.1958,0.7967,-0.689,6.467,-8.465
10792962,1120,1905,1829,-0.7187,0.1902,0.7963,-0.857,6.095,-8.557
10792972,1147,1836,1785,-0.7198,0.1837,0.7923,-1.123,5.779,-8.548
10792982,2197,2218,1807,-0.7203,0.1776,0.7882,-1.462,5.426,-8.464
10792992,2330,1899,1836,-0.7229,0.1749,0.7906,-1.845,4.842,-8.263
10793002,1187,1875,1766,-0.7271,0.1763,0.7874,-2.085,4.244,-7.934
10793012,1152,1819,1768,-0.7308,0.1765,0.7762,-2.126,3.795,-7.579
10793022,1368,1877,1912,-0.7328,0.1690,0.7744,-2.167,3.075,-7.224
10793032,1281,1814,1789,-0.7312,0.1630,0.7857,-2.477,1.842,-6.780
10793042,1277,1992,1857,-0.7290,0.1581,0.7879,-2.837,0.868,-6.269
10793052,1159,1933,1813,-0.7258,0.1554,0.7901,-3.238,0.202,-5.774
10793062,1185,1905,1794,-0.7244,0.1531,0.7939,-3.608,-0.395,-5.282
10793072,1308,1884,1770,-0.7244,0.1506,0.7965,-3.899,-0.800,-4.744
10793082,1228,1931,1837,-0.7234,0.1502,0.8036,-4.128,-1.184,-4.095
10793092,1227,1889,1773,-0.7220,0.1509,0.8065,-4.344,-1.361,-3.340
10793102,1455,1977,1817,-0.7215,0.1535,0.8029,-4.537,-1.201,-2.628
10793112,2345,2106,1808,-0.7200,0.1559,0.8010,-4.731,-1.083,-2.050
10793122,1572,2011,1903,-0.7186,0.1570,0.8004,-4.880,-1.015,-1.640
10793132,1296,1916,1925,-0.7196,0.1567,0.7980,-4.928,-0.897,-1.352
10793142,1203,1815,1772,-0.7195,0.1583,0.8019,-4.868,-0.876,-1.075
10793152,1112,1911,1805,-0.7182,0.1581,0.8069,-4.816,-1.001,-0.773
10793162,2240,1817,1816,-0.7163,0.1551,0.8066,-4.827,-0.947,-0.512
10793172,2112,1814,1769,-0.7147,0.1520,0.8028,-4.826,-0.731,-0.303
10793182,1218,1878,1814,-0.7140,0.1506,0.8025,-4.666,-0.623,-0.135
10793192,1193,1897,1768,-0.7141,0.1495,0.8003,-4.236,-0.521,0.041
10793202,1281,1967,1824,-0.7148,0.1505,0.7981,-3.542,-0.401,0.256
10793212,1477,1861,1803,-0.7150,0.1531,0.8001,-2.729,-0.412,0.486
10793222,1267,1855,1807,-0.7146,0.1581,0.7991,-1.915,-0.439,0.660
10793232,1246,1868,1768,-0.7152,0.1624,0.7976,-1.174,-0.433,0.760
10793242,1557,1814,1840,-0.7156,0.1665,0.7977,-0.580,-0.519,0.798
10793252,1263,1864,1962,-0.7154,0.1696,0.7975,-0.188,-0.648,0.771
10793262,1145,1881,1773,-0.7154,0.1718,0.7997,-0.076,-0.829,0.667
10793272,1184,1819,1770,-0.7151,0.1752,0.8039,-0.269,-1.094,0.526
10793282,1212,1864,1770,-0.7136,0.1780,0.8068,-0.624,-1.317,0.375
10793292,1923,1943,1773,-0.7119,0.1778,0.8084,-1.185,-1.487,0.257
10793302,1451,1987,1816,-0.7117,0.1761,0.8101,-1.853,-1.568,0.175
10793312,1247,1864,1797,-0.7108,0.1756,0.8127,-2.522,-1.603,0.104
10793322,1347,1911,1865,-0.7106,0.1751,0.8129,-3.118,-1.563,0.005
10793332,1125,1833,1789,-0.7099,0.1742,0.8106,-3.565,-1.447,-0.138
10793342,1153,1880,1781,-0.7098,0.1728,0.8116,-3.825,-1.388,-0.304
10793352,1125,1925,1784,-0.7084,0.1700,0.8154,-3.959,-1.449,-0.480
10793362,1872,1956,1832,-0.7064,0.1682,0.8146,-4.000,-1.371,-0.670
10793372,1833,1814,1775,-0.7058,0.1666,0.8103,-3.932,-1.104,-0.852
10793382,1237,1832,1796,-0.7060,0.1642,0.8090,-3.799,-0.904,-1.010
10793392,1254,1812,1785,-0.7063,0.1613,0.8066,-3.643,-0.796,-1.116
10793402,1572,1822,1857,-0.7064,0.1593,0.8058,-3.468,-0.713,-1.175
10793412,1118,1817,1772,-0.7076,0.1603,0.8053,-3.319,-0.692,-1.194
10793422,1640,1938,1850,-0.7081,0.1616,0.8097,-3.156,-0.771,-1.149
10793432,1466,1836,1774,-0.7084,0.1641,0.8143,-3.101,-0.884,-1.098
10793442,1138,1907,1842,-0.7091,0.1665,0.8162,-3.124,-0.839,-1.080
10793452,2391,1841,1796,-0.7096,0.1702,0.8183,-3.178,-0.715,-1.103
10793462,1208,1872,1785,-0.7106,0.1713,0.8160,-3.168,-0.477,-1.226
10793472,1320,1871,1776,-0.7121,0.1700,0.8150,-3.106,-0.223,-1.441
10793482,1126,1811,1805,-0.7120,0.1684,0.8145,-2.988,-0.051,-1.694
10793492,1139,1823,1775,-0.7117,0.1653,0.8144,-2.792,0.105,-1.969
10793502,1343,1839,1810,-0.7110,0.1625,0.8150,-2.634,0.184,-2.211
10793512,1137,1870,1816,-0.7111,0.1599,0.8148,-2.585,0.193,-2.375
10793522,1652,1992,1790,-0.7118,0.1561,0.8160,-2.612,0.172,-2.474
10793532,1667,1825,1803,-0.7114,0.1522,0.8180,-2.756,0.043,-2.490
10793542,1335,1907,1807,-0.7106,0.1489,0.8194,-3.007,-0.122,-2.412
10793552,1141,1861,1797,-0.7099,0.1468,0.8185,-3.292,-0.259,-2.224
10793562,1548,1813,1818,-0.7097,0.1456,0.8162,-3.516,-0.422,-1.983
10793572,1448,1856,1783,-0.7090,0.1446,0.8176,-3.618,-0.679,-1.748
10793582,1200,1858,1800,-0.7092,0.1438,0.8184,-3.587,-1.001,-1.551
10793592,1194,1845,1827,-0.7096,0.1415,0.8189,-3.408,-1.301,-1.398
10793602,1214,1815,1813,-0.7097,0.1400,0.8207,-3.133,-1.607,-1.259
10793612,1451,1811,1807,-0.7091,0.1390,0.8254,-2.727,-1.916,-1.096
10793622,1308,1822,1790,-0.7078,0.1402,0.8295,-2.223,-2.161,-0.890
10793632,1247,1857,1796,-0.7067,0.1433,0.8345,-1.614,-2.309,-0.703
10793642,1325,1896,1802,-0.7068,0.1466,0.8360,-0.944,-2.280,-0.556
10793652,1210,1815,1776,-0.7066,0.1506,0.8354,-0.251,-2.080,-0.499
10793662,1242,1834,1804,-0.7078,0.1557,0.8365,0.452,-1.807,-0.597
10793672,1270,1814,1778,-0.7096,0.1611,0.8368,1.184,-1.476,-0.870
10793682,1142,1811,1780,-0.7118,0.1653,0.8376,1.974,-1.140,-1.307
10793692,1213,1836,1795,-0.7130,0.1695,0.8357,2.748,-0.729,-1.896
10793702,1216,1904,1831,-0.7150,0.1722,0.8330,3.450,-0.233,-2.585
10793712,1144,1952,1802,-0.7153,0.1744,0.8310,3.961,0.255,-3.358
10793722,1263,1925,1804,-0.7166,0.1764,0.8268,4.259,0.771,-4.152
10793732,1222,1850,1779,-0.7186,0.1794,0.8214,4.399,1.277,-4.931
10793742,1445,1814,1810,-0.7211,0.1808,0.8164,4.328,1.659,-5.713
10793752,1153,1837,1779,-0.7234,0.1804,0.8120,4.031,1.920,-6.517
10793762,1159,1892,1827,-0.7253,0.1795,0.8062,3.475,2.095,-7.313
10793772,1257,1815,1774,-0.7261,0.1779,0.7996,2.655,2.154,-8.065
10793782,1141,1839,1804,-0.7275,0.1759,0.7915,1.588,2.106,-8.739
10793792,1161,1837,1781,-0.7286,0.1743,0.7834,0.378,1.940,-9.332
10793802,1290,1818,1787,-0.7307,0.1732,0.7771,-0.932,1.601,-9.840
10793812,1158,1890,1834,-0.7330,0.1733,0.7708,-2.268,1.135,-10.295
10793822,1337,1852,1823,-0.7344,0.1754,0.7672,-3.570,0.514,-10.746
10793832,1134,1841,1824,-0.7367,0.1793,0.7644,-4.814,-0.205,-11.224
10793842,1169,1887,1810,-0.7394,0.1840,0.7621,-6.035,-0.980,-11.805
10793852,1196,1818,1791,-0.7433,0.1912,0.7623,-7.224,-1.808,-12.522
10793862,1459,1814,1792,-0.7459,0.1990,0.7615,-8.349,-2.649,-13.460
10793872,1148,1842,1795,-0.7476,0.2047,0.7591,-9.332,-3.392,-14.684
10793882,1316,1818,1797,-0.7487,0.2071,0.7550,-10.072,-4.060,-16.212
10793892,1184,1818,1776,-0.7501,0.2074,0.7470,-10.474,-4.704,-17.968
10793902,1147,1880,1873,-0.7528,0.2060,0.7367,-10.476,-5.326,-19.889
10793912,1163,1824,1790,-0.7554,0.2041,0.7292,-10.041,-6.126,-21.891
10793922,1188,1837,1804,-0.7575,0.2029,0.7279,-9.178,-7.227,-23.950
10793932,1302,1825,1801,-0.7588,0.2020,0.7310,-7.969,-8.522,-26.097
10793942,1139,1835,1845,-0.7568,0.2022,0.7349,-6.550,-9.803,-28.404
10793952,1204,1835,1803,-0.7543,0.2036,0.7388,-4.998,-10.931,-30.885
10793962,1144,1866,1842,-0.7513,0.2054,0.7406,-3.300,-11.874,-33.513
10793972,1239,1830,1807,-0.7488,0.2049,0.7366,-1.467,-12.581,-36.294
10793982,1147,1867,1863,-0.7449,0.2002,0.7339,0.414,-13.303,-39.225
10793992,1216,1818,1790,-0.7413,0.1957,0.7293,2.169,-14.177,-42.229
10794002,1147,1872,1840,-0.7372,0.1876,0.7210,3.687,-15.229,-45.212
10794012,1318,1838,1784,-0.7336,0.1769,0.7149,4.718,-16.605,-48.180
10794022,1168,1850,1858,-0.7305,0.1657,0.7060,5.288,-18.331,-51.082
10794032,1167,1818,1812,-0.7271,0.1518,0.6969,5.459,-20.362,-53.847
10794042,1155,1899,1862,-0.7244,0.1353,0.6937,5.350,-22.891,-56.400
10794052,1168,1830,1812,-0.7207,0.1211,0.6931,5.040,-25.847,-58.659
10794062,1249,1883,1859,-0.7145,0.1065,0.6989,4.687,-29.155,-60.640
10794072,1202,1841,1805,-0.7048,0.0917,0.7112,4.282,-32.668,-62.375
10794082,1150,1899,1858,-0.6931,0.0769,0.7241,3.772,-35.968,-63.831
10794092,1176,1847,1839,-0.6816,0.0661,0.7372,3.243,-38.865,-64.908
10794102,1154,1952,1866,-0.6724,0.0601,0.7454,2.810,-41.235,-65.699
10794112,1197,1821,1830,-0.6658,0.0567,0.7500,2.680,-43.141,-66.385
10794122,1185,1830,1881,-0.6579,0.0531,0.7544,3.122,-44.840,-67.206
10794132,1161,1874,1835,-0.6510,0.0495,0.7589,4.329,-46.450,-68.268
10794142,1193,1881,1867,-0.6439,0.0457,0.7589,6.366,-47.877,-69.641
10794152,1257,1864,1816,-0.6345,0.0415,0.7626,9.094,-49.289,-71.383
10794162,1174,1892,1909,-0.6230,0.0344,0.7683,12.167,-50.889,-73.436
10794172,1230,1873,1827,-0.6086,0.0218,0.7774,15.271,-52.639,-75.657
10794182,1161,1884,1885,-0.5929,0.0121,0.7851,18.297,-54.355,-77.753
10794192,1207,1837,1836,-0.5764,-0.0006,0.7944,21.099,-56.021,-79.601
10794202,1208,1907,1872,-0.5594,-0.0143,0.8070,23.445,-57.732,-81.050
10794212,1163,1896,1850,-0.5482,-0.0236,0.8122,25.378,-59.236,-81.981
10794222,1223,1886,1864,-0.5395,-0.0274,0.8152,26.949,-60.655,-82.493
10794232,1160,1862,1831,-0.5322,-0.0281,0.8179,28.278,-62.275,-82.788
10794242,1179,1996,1892,-0.5241,-0.0262,0.8168,29.373,-64.076,-83.060
10794252,1168,1913,1835,-0.5126,-0.0242,0.8198,30.125,-66.204,-83.439
10794262,1183,1900,1890,-0.4985,-0.0239,0.8272,30.270,-68.554,-83.986
10794272,1263,1844,1840,-0.4816,-0.0231,0.8376,29.692,-71.131,-84.604
10794282,1222,1875,1878,-0.4632,-0.0236,0.8526,28.266,-73.755,-85.224
10794292,1185,1847,1852,-0.4451,-0.0256,0.8601,26.111,-76.182,-85.799
10794302,1362,1848,1903,-0.4289,-0.0288,0.8671,23.275,-78.440,-86.308
10794312,1367,1842,1859,-0.4137,-0.0351,0.8739,19.941,-80.776,-86.771
10794322,1180,1866,1893,-0.3971,-0.0440,0.8783,16.276,-83.098,-87.177
10794332,1178,1917,1859,-0.3783,-0.0532,0.8837,12.419,-85.626,-87.492
10794342,1170,1885,1884,-0.3595,-0.0596,0.8926,8.556,-88.302,-87.682
10794352,1310,1868,1869,-0.3386,-0.0648,0.9051,4.671,-91.111,-87.771
10794362,1254,1928,1937,-0.3162,-0.0714,0.9130,0.724,-93.736,-87.881
10794372,1343,1890,1856,-0.2915,-0.0829,0.9249,-3.403,-96.297,-88.052
10794382,1380,1900,1909,-0.2657,-0.0984,0.9409,-7.741,-98.825,-88.197
10794392,1172,1876,1874,-0.2395,-0.1164,0.9652,-12.340,-101.233,-88.191
10794402,1191,1893,1889,-0.2118,-0.1341,0.9931,-17.249,-103.405,-87.942
10794412,1187,1902,1862,-0.1853,-0.1496,1.0157,-22.522,-104.923,-87.459
10794422,1343,1905,1882,-0.1587,-0.1625,1.0397,-28.194,-105.811,-86.879
10794432,1321,1817,1808,-0.1319,-0.1788,1.0557,-34.012,-105.872,-86.404
10794442,1207,1935,1896,-0.1058,-0.1967,1.0660,-39.531,-105.152,-86.157
10794452,1180,1860,1856,-0.0810,-0.2178,1.0809,-44.348,-104.019,-86.121
10794462,1370,1974,1896,-0.0602,-0.2358,1.0928,-48.088,-102.222,-86.306
10794472,1283,1840,1843,-0.0350,-0.2633,1.0995,-50.708,-99.809,-86.756
10794482,1180,1889,1885,-0.0084,-0.2914,1.1092,-51.922,-96.942,-87.309
10794492,1539,1854,1822,0.0180,-0.3240,1.1140,-50.224,-92.704,-87.421
10794502,1193,1889,1883,0.0429,-0.3592,1.1158,-47.154,-88.517,-87.215
10794512,1285,1874,1862,0.0634,-0.3877,1.1152,-42.687,-84.351,-86.605
10794522,1269,1915,1860,0.0821,-0.4112,1.1187,-36.824,-80.465,-85.594
10794532,1262,1908,1867,0.0984,-0.4282,1.1203,-29.852,-76.736,-84.321
10794542,1668,1970,1897,0.1139,-0.4409,1.1239,-22.133,-73.175,-82.900
10794552,1185,1889,1854,0.1272,-0.4490,1.1274,-14.075,-69.904,-81.323
10794562,1305,1886,1865,0.1387,-0.4538,1.1323,-5.990,-66.882,-79.527
10794572,1563,1893,1895,0.1484,-0.4535,1.1411,1.908,-64.152,-77.489
10794582,1271,1946,1883,0.1533,-0.4514,1.1468,9.274,-61.579,-75.244
10794592,1581,1869,1829,0.1587,-0.4449,1.1589,16.050,-59.210,-72.780
10794602,1189,1988,1926,0.1637,-0.4343,1.1681,21.902,-57.115,-70.090
10794612,1221,1884,1844,0.1683,-0.4212,1.1771,26.726,-55.055,-67.228
10794622,1190,1904,1912,0.1719,-0.4102,1.1845,30.522,-53.115,-64.291
10794632,1191,1872,1840,0.1770,-0.3995,1.1871,33.406,-51.145,-61.263
10794642,1505,1964,1922,0.1829,-0.3944,1.1844,35.529,-49.163,-58.184
10794652,1302,1873,1887,0.1971,-0.3820,1.1901,36.813,-47.442,-54.972
10794662,1192,1893,1865,0.2036,-0.3670,1.1887,37.729,-45.919,-51.617
10794672,1349,1927,1871,0.2099,-0.3627,1.1903,38.583,-44.590,-48.712
10794682,1201,1878,1859,0.2131,-0.3562,1.1935,39.162,-43.224,-45.997
10794692,1237,1919,1866,0.2162,-0.3416,1.1972,39.495,-42.113,-43.239
10794702,1399,1983,1900,0.2199,-0.3322,1.2006,39.460,-40.942,-40.629
10794712,1410,1901,1861,0.2268,-0.3273,1.2026,39.028,-39.677,-38.174
10794722,1193,1974,1874,0.2303,-0.3188,1.2003,38.119,-38.306,-35.766
10794732,1196,1945,1836,0.2309,-0.3133,1.1953,37.136,-36.727,-33.349
10794742,1260,1926,1879,0.2333,-0.3074,1.1942,36.212,-35.222,-30.943
10794752,1571,1854,1832,0.2336,-0.2952,1.1905,35.448,-33.692,-28.529
10794762,1246,1935,1886,0.2335,-0.2843,1.1909,34.892,-32.214,-26.276
10794772,1195,1899,1835,0.2342,-0.2741,1.1924,34.380,-30.807,-24.333
10794782,1195,1938,1880,0.2325,-0.2650,1.1938,33.727,-29.310,-22.587
10794792,1262,1901,1821,0.2306,-0.2507,1.1965,32.825,-27.837,-21.021
10794802,1228,1919,1870,0.2276,-0.2389,1.1892,31.578,-26.327,-19.716
10794812,1486,1860,1799,0.2280,-0.2303,1.1859,30.367,-24.959,-18.576
10794822,1427,1897,1851,0.2276,-0.2198,1.1813,29.261,-23.843,-17.425
10794832,1201,1898,1810,0.2271,-0.2121,1.1796,28.222,-22.859,-16.333
10794842,1199,1904,1868,0.2286,-0.2054,1.1794,27.058,-22.231,-15.346
10794852,1333,1929,1840,0.2311,-0.1985,1.1763,25.647,-21.653,-14.385
10794862,1208,1906,1821,0.2351,-0.1949,1.1741,23.986,-21.240,-13.403
10794872,1204,1891,1812,0.2386,-0.1932,1.1658,22.154,-20.776,-12.385
10794882,1338,1923,1848,0.2417,-0.1912,1.1640,20.376,-20.335,-11.288
10794892,1228,1920,1826,0.2436,-0.1866,1.1575,18.716,-19.819,-10.126
10794902,1329,1996,1848,0.2436,-0.1785,1.1519,17.346,-19.178,-8.976
10794912,1417,1858,1809,0.2437,-0.1692,1.1511,16.314,-18.603,-7.962
10794922,1271,1953,1841,0.2419,-0.1602,1.1455,15.614,-17.876,-7.211
10794932,1205,1891,1785,0.2416,-0.1535,1.1460,15.062,-17.204,-6.731
10794942,1211,1973,1818,0.2429,-0.1494,1.1389,14.569,-16.500,-6.429
10794952,1478,1895,1795,0.2458,-0.1464,1.1358,14.133,-15.807,-6.183
10794962,1288,1921,1813,0.2475,-0.1431,1.1311,13.670,-15.244,-5.933
10794972,1452,1859,1836,0.2482,-0.1394,1.1223,13.307,-14.676,-5.667
10794982,1243,1951,1894,0.2496,-0.1344,1.1154,13.135,-14.230,-5.446
10794992,1300,1851,1802,0.2496,-0.1292,1.1068,13.251,-13.872,-5.368
10795002,1503,1920,1842,0.2503,-0.1231,1.0988,13.653,-13.679,-5.448
10795012,1212,1858,1910,0.2505,-0.1169,1.0865,14.291,-13.573,-5.688
10795022,1253,1887,2112,0.2516,-0.1177,1.0773,15.158,-13.611,-6.047
10795032,1422,1851,2102,0.2562,-0.1180,1.0707,16.109,-13.902,-6.344
10795042,1284,1890,1894,0.2599,-0.1177,1.0691,17.030,-14.217,-6.407
10795052,1274,1865,1916,0.2652,-0.1214,1.0701,18.014,-14.604,-6.243
10795062,1374,1877,1894,0.2725,-0.1282,1.0784,18.840,-14.730,-5.860
10795072,2061,1813,1791,0.2835,-0.1229,1.1095,19.414,-15.158,-5.093
10795082,1287,1914,1867,0.2984,-0.0945,1.1538,19.395,-15.758,-3.848
10795092,1205,1895,1869,0.3137,-0.0532,1.2026,18.399,-15.758,-2.303
10795102,1210,1865,2025,0.3331,-0.0055,1.2627,16.406,-15.136,-1.062
10795112,1269,1900,2240,0.3487,0.0167,1.2596,13.069,-12.470,-0.928
10795122,1213,1899,1897,0.3612,0.0043,1.2612,8.508,-9.200,-1.849
10795132,1279,1860,1793,0.3611,-0.0245,1.2411,2.667,-6.529,-3.160
10795142,1216,1890,1989,0.3498,-0.0550,1.1984,-3.528,-3.998,-4.168
10795152,1242,1855,2065,0.3317,-0.0686,1.1626,-8.953,-3.088,-4.760
10795162,1218,1943,2039,0.3176,-0.0777,1.1328,-12.348,-3.310,-5.390
10795172,1583,1849,1833,0.3126,-0.0883,1.1280,-12.926,-4.767,-6.286
10795182,1221,1899,1933,0.3145,-0.0999,1.1251,-10.946,-6.268,-7.259
10795192,1367,1893,1798,0.3166,-0.1093,1.1286,-7.571,-7.508,-8.004
10795202,1258,1868,1912,0.3171,-0.1161,1.1308,-3.783,-8.252,-8.403
10795212,1383,1831,1792,0.3170,-0.1215,1.1333,-0.300,-8.604,-8.558
10795222,1291,1893,1931,0.3130,-0.1224,1.1299,2.544,-8.604,-8.584
10795232,1535,1815,1802,0.3084,-0.1208,1.1216,5.123,-8.376,-8.678
10795242,1227,1872,2030,0.3041,-0.1204,1.1127,7.855,-8.088,-9.009
10795252,1330,1872,1791,0.3008,-0.1210,1.1093,11.094,-7.824,-9.543
10795262,1233,1938,1909,0.2964,-0.1196,1.1079,14.786,-7.567,-10.074
10795272,1445,1895,1935,0.2932,-0.1156,1.1076,18.524,-7.223,-10.365
10795282,1513,1901,2069,0.2902,-0.1056,1.1083,21.733,-6.744,-10.348
10795292,1411,1837,1845,0.2884,-0.0893,1.1122,24.062,-6.317,-10.076
10795302,1225,1902,1794,0.2878,-0.0687,1.1114,25.356,-5.853,-9.703
10795312,1240,1911,1853,0.2878,-0.0506,1.1128,25.751,-5.415,-9.370
10795322,1257,1902,1809,0.2890,-0.0355,1.1132,25.356,-5.052,-9.162
10795332,1754,1848,1794,0.2911,-0.0226,1.1119,24.222,-4.713,-9.104
10795342,1251,1882,1827,0.2939,-0.0148,1.1129,22.456,-4.460,-9.164
10795352,1530,1862,2116,0.2944,-0.0071,1.1119,20.210,-4.186,-9.241
10795362,1242,1869,1878,0.2963,-0.0027,1.1126,17.517,-4.023,-9.344
10795372,1304,1860,1798,0.2997,-0.0019,1.1108,14.541,-3.954,-9.411
10795382,1283,1870,2048,0.3036,-0.0029,1.1107,11.447,-3.923,-9.332
10795392,1232,1861,1842,0.3070,-0.0018,1.1088,8.449,-3.868,-9.073
10795402,1244,1884,2129,0.3097,-0.0010,1.1051,5.587,-3.752,-8.730
10795412,1298,1865,1953,0.3108,-0.0013,1.0999,3.001,-3.583,-8.349
10795422,1420,1868,2017,0.3118,-0.0017,1.0989,0.794,-3.470,-7.983
10795432,1289,1851,1936,0.3113,-0.0020,1.0953,-1.140,-3.380,-7.683
10795442,1273,1914,1813,0.3120,-0.0052,1.0935,-2.844,-3.348,-7.461
10795452,1306,1920,2280,0.3128,-0.0087,1.0965,-4.480,-3.510,-7.269
10795462,1326,1814,1929,0.3141,-0.0141,1.0983,-6.057,-3.672,-7.060
10795472,1288,1827,1865,0.3154,-0.0199,1.1017,-7.605,-3.790,-6.793
10795482,2634,2035,1949,0.3156,-0.0259,1.1052,-9.115,-3.832,-6.445
10795492,1545,1843,1910,0.3155,-0.0319,1.1087,-10.531,-3.734,-6.012
10795502,1260,1843,1853,0.3160,-0.0368,1.1079,-11.769,-3.539,-5.514
10795512,1768,1868,1863,0.3155,-0.0406,1.1046,-12.724,-3.205,-4.990
10795522,1847,1820,1939,0.3157,-0.0442,1.1021,-13.265,-2.901,-4.409
10795532,2139,1881,1787,0.3159,-0.0492,1.0970,-13.357,-2.555,-3.802
10795542,1294,1921,1796,0.3162,-0.0518,1.0967,-13.106,-2.232,-3.203
10795552,1692,1966,1957,0.3167,-0.0521,1.0970,-12.603,-1.989,-2.642
10795562,1678,1816,1830,0.3167,-0.0517,1.0969,-11.947,-1.729,-2.159
10795572,1539,2000,2193,0.3171,-0.0506,1.0998,-11.264,-1.482,-1.785
10795582,1257,1900,2047,0.3168,-0.0520,1.1049,-10.807,-1.312,-1.607
10795592,1269,1846,1776,0.3166,-0.0543,1.1050,-10.730,-1.053,-1.600
10795602,1363,1973,1813,0.3155,-0.0560,1.1079,-10.967,-0.813,-1.651
10795612,1708,1828,1817,0.3138,-0.0571,1.1093,-11.444,-0.714,-1.715
10795622,1495,1851,2321,0.3128,-0.0572,1.1084,-11.991,-0.537,-1.781
10795632,1353,1813,2129,0.3110,-0.0599,1.1091,-12.552,-0.436,-1.878
10795642,1440,1876,2160,0.3097,-0.0652,1.1080,-13.096,-0.353,-2.014
10795652,1685,1851,1929,0.3099,-0.0699,1.1090,-13.613,-0.410,-2.149
10795662,1345,1854,1848,0.3104,-0.0744,1.1110,-14.110,-0.563,-2.258
10795672,1251,1826,1910,0.3112,-0.0791,1.1105,-14.401,-0.613,-2.339
10795682,1259,1819,1904,0.3124,-0.0841,1.1113,-14.406,-0.670,-2.467
10795692,1545,1832,2014,0.3123,-0.0876,1.1065,-13.997,-0.597,-2.624
10795702,1810,1818,1853,0.3119,-0.0896,1.1053,-13.194,-0.587,-2.817
10795712,1318,1815,1795,0.3106,-0.0911,1.1043,-12.014,-0.642,-2.989
10795722,1249,1824,1892,0.3103,-0.0925,1.1032,-10.602,-0.702,-3.081
10795732,1240,1822,1882,0.3100,-0.0925,1.1015,-9.145,-0.792,-3.071
10795742,1259,1854,1863,0.3117,-0.0930,1.1013,-7.851,-0.867,-3.031
10795752,1263,1815,1781,0.3133,-0.0920,1.0986,-6.726,-0.882,-2.994
10795762,1457,1843,1817,0.3136,-0.0910,1.0980,-5.658,-0.910,-2.922
10795772,1425,1818,1870,0.3146,-0.0910,1.0990,-4.673,-1.019,-2.837
10795782,1415,1816,1995,0.3152,-0.0920,1.1002,-3.891,-1.033,-2.752
10795792,1501,1890,1858,0.3150,-0.0920,1.1037,-3.342,-1.075,-2.646
10795802,1250,1834,1779,0.3153,-0.0910,1.1021,-3.013,-1.027,-2.527
10795812,1394,1851,1815,0.3157,-0.0882,1.0987,-2.758,-0.883,-2.365
10795822,1695,1816,1913,0.3152,-0.0857,1.0974,-2.485,-0.791,-2.158
10795832,1452,1820,2136,0.3133,-0.0840,1.0957,-2.240,-0.722,-1.977
10795842,1331,1881,2027,0.3127,-0.0824,1.0951,-2.065,-0.665,-1.824
10795852,1818,1842,1861,0.3112,-0.0813,1.0979,-1.979,-0.698,-1.653
10795862,1510,1862,1833,0.3101,-0.0798,1.1001,-2.013,-0.718,-1.477
10795872,1621,1830,1832,0.3101,-0.0803,1.1029,-2.231,-0.772,-1.287
10795882,1339,1831,2094,0.3113,-0.0818,1.1044,-2.711,-0.817,-1.109
10795892,2132,1891,1787,0.3137,-0.0836,1.1027,-3.357,-0.805,-0.966
10795902,1787,1899,1836,0.3151,-0.0866,1.1025,-4.031,-0.741,-0.839
10795912,1469,1827,2173,0.3147,-0.0895,1.0990,-4.566,-0.624,-0.692
10795922,1434,1818,1832,0.3148,-0.0916,1.0969,-4.838,-0.479,-0.507
10795932,1290,1816,1808,0.3158,-0.0933,1.0967,-4.807,-0.343,-0.271
10795942,1474,1848,2000,0.3162,-0.0932,1.0972,-4.509,-0.146,0.003
10795952,1451,1813,1776,0.3152,-0.0935,1.0989,-4.067,0.036,0.280
10795962,1337,1833,1821,0.3132,-0.0927,1.0968,-3.577,0.295,0.551
10795972,1349,1815,1786,0.3118,-0.0903,1.0968,-3.137,0.449,0.807
10795982,1562,1816,1933,0.3101,-0.0885,1.0972,-2.880,0.451,1.005
10795992,1435,1818,1790,0.3093,-0.0883,1.0972,-2.837,0.424,1.126
10796002,1517,1813,1888,0.3090,-0.0878,1.0989,-3.019,0.288,1.227
10796012,1915,1921,1834,0.3084,-0.0877,1.0990,-3.428,0.156,1.312
10796022,1381,1816,1857,0.3084,-0.0895,1.1009,-4.022,0.014,1.352
10796032,1286,1827,1810,0.3084,-0.0915,1.1032,-4.719,-0.152,1.367
10796042,1308,1861,1966,0.3084,-0.0951,1.1022,-5.442,-0.249,1.353
10796052,1260,1820,1969,0.3078,-0.0976,1.0997,-6.082,-0.292,1.285
10796062,1299,1845,2027,0.3080,-0.1008,1.0985,-6.515,-0.323,1.128
10796072,1601,1854,1964,0.3081,-0.1040,1.0982,-6.608,-0.344,0.939
10796082,1272,1844,1927,0.3088,-0.1065,1.0986,-6.387,-0.377,0.757
10796092,1395,1832,2372,0.3091,-0.1092,1.0980,-5.953,-0.382,0.624
10796102,1301,1827,1799,0.3091,-0.1101,1.0977,-5.432,-0.403,0.527
10796112,1261,1813,1929,0.3094,-0.1104,1.0978,-4.860,-0.415,0.447
10796122,1401,1820,1913,0.3093,-0.1114,1.0967,-4.249,-0.402,0.396
10796132,1455,1819,1776,0.3092,-0.1120,1.0968,-3.565,-0.416,0.366
10796142,1337,1813,1789,0.3093,-0.1118,1.0967,-2.950,-0.462,0.332
10796152,1588,1813,1884,0.3092,-0.1105,1.0958,-2.381,-0.464,0.283
10796162,1358,1857,1890,0.3093,-0.1101,1.0974,-1.899,-0.529,0.205
10796172,1259,1826,1874,0.3094,-0.1089,1.0967,-1.517,-0.528,0.135
10796182,1347,1812,1900,0.3084,-0.1078,1.0976,-1.294,-0.581,0.100
10796192,1825,1840,1821,0.3086,-0.1073,1.0978,-1.236,-0.583,0.074
10796202,1300,1820,1778,0.3075,-0.1072,1.0974,-1.262,-0.575,0.074
10796212,1368,1834,1837,0.3066,-0.1072,1.0972,-1.325,-0.606,0.069
10796222,1261,1814,1806,0.3063,-0.1076,1.0986,-1.400,-0.666,0.035
10796232,1441,1828,1965,0.3064,-0.1077,1.0980,-1.473,-0.700,-0.016
10796242,1293,1814,1786,0.3070,-0.1079,1.0968,-1.517,-0.703,-0.050
10796252,1433,1861,1920,0.3080,-0.1083,1.0997,-1.521,-0.758,-0.053
10796262,1295,1821,1792,0.3068,-0.1085,1.1029,-1.547,-0.781,-0.053
10796272,1265,1833,1795,0.3070,-0.1105,1.1017,-1.614,-0.727,-0.058
10796282,1498,1817,1879,0.3064,-0.1114,1.0995,-1.715,-0.735,-0.071
10796292,1794,1873,1909,0.3062,-0.1105,1.0977,-1.782,-0.762,-0.118
10796302,1289,1815,1894,0.3063,-0.1106,1.0988,-1.747,-0.856,-0.174
10796312,1270,1827,1954,0.3060,-0.1128,1.1010,-1.622,-0.915,-0.188
10796322,1283,1811,1808,0.3068,-0.1127,1.1015,-1.550,-0.999,-0.176
10796332,1347,1841,1831,0.3078,-0.1126,1.1001,-1.577,-1.044,-0.184
10796342,1291,1818,1784,0.3080,-0.1126,1.0981,-1.583,-1.099,-0.231
10796352,1391,1816,1777,0.3087,-0.1131,1.0962,-1.449,-1.128,-0.272
10796362,1809,1880,2342,0.3087,-0.1129,1.0969,-1.164,-1.151,-0.275
10796372,1276,1845,1907,0.3084,-0.1124,1.0959,-0.813,-1.093,-0.246
10796382,1416,1815,1814,0.3088,-0.1130,1.0977,-0.507,-1.069,-0.206
10796392,1270,1849,1837,0.3078,-0.1124,1.0973,-0.384,-1.043,-0.179
10796402,1385,1834,2025,0.3076,-0.1121,1.0966,-0.421,-0.985,-0.216
10796412,1300,1857,1933,0.3077,-0.1122,1.0957,-0.533,-0.955,-0.301
10796422,1528,1871,1780,0.3075,-0.1126,1.0945,-0.582,-0.883,-0.381
10796432,1295,1920,1867,0.3076,-0.1121,1.0953,-0.561,-0.866,-0.417
10796442,1327,1831,2321,0.3072,-0.1118,1.0951,-0.515,-0.801,-0.413
10796452,1386,1834,1899,0.3072,-0.1101,1.0987,-0.524,-0.793,-0.361
10796462,1273,1833,1802,0.3067,-0.1097,1.0978,-0.643,-0.787,-0.331
10796472,1275,1841,1809,0.3068,-0.1098,1.0976,-0.820,-0.756,-0.361
10796482,1459,1877,2067,0.3069,-0.1103,1.0982,-0.988,-0.754,-0.394
10796492,1510,1812,1785,0.3065,-0.1104,1.1001,-1.107,-0.781,-0.415
10796502,2174,1843,1858,0.3060,-0.1097,1.1012,-1.177,-0.826,-0.420
10796512,1542,1834,1851,0.3059,-0.1087,1.1002,-1.226,-0.840,-0.454
10796522,1303,1847,1858,0.3052,-0.1067,1.1007,-1.241,-0.860,-0.487
10796532,1284,1861,1860,0.3050,-0.1079,1.0997,-1.282,-0.907,-0.522
10796542,1365,1838,1789,0.3056,-0.1103,1.0991,-1.364,-0.947,-0.541
10796552,1314,1863,2034,0.3063,-0.1123,1.0991,-1.537,-1.047,-0.543
10796562,1568,1838,1778,0.3074,-0.1115,1.0988,-1.669,-1.097,-0.561
10796572,1376,1845,1884,0.3075,-0.1134,1.0965,-1.675,-1.046,-0.580
10796582,1514,1814,1971,0.3075,-0.1148,1.0970,-1.458,-1.034,-0.559
10796592,1292,1832,1845,0.3070,-0.1136,1.0978,-1.182,-1.078,-0.499
10796602,1288,1858,1960,0.3078,-0.1148,1.0986,-0.971,-1.129,-0.480
10796612,1292,1885,1885,0.3080,-0.1151,1.0973,-0.845,-1.134,-0.479
10796622,1544,1863,1806,0.3085,-0.1140,1.0968,-0.748,-1.132,-0.426
10796632,2036,1915,1874,0.3082,-0.1133,1.0973,-0.645,-1.141,-0.330
10796642,1285,1838,1810,0.3078,-0.1126,1.0970,-0.567,-1.172,-0.267
10796652,1364,1848,1885,0.3077,-0.1128,1.0960,-0.483,-1.173,-0.226
10796662,1302,1843,1813,0.3077,-0.1138,1.0965,-0.454,-1.202,-0.182
10796672,1283,1837,2095,0.3082,-0.1142,1.0956,-0.505,-1.192,-0.147
10796682,1299,1879,1777,0.3085,-0.1146,1.0946,-0.633,-1.162,-0.106
10796692,1348,1866,1943,0.3082,-0.1143,1.0950,-0.750,-1.157,-0.059
10796702,1368,1871,1802,0.3078,-0.1140,1.0952,-0.815,-1.177,-0.004
10796712,1412,1848,1819,0.3079,-0.1138,1.0957,-0.861,-1.198,0.046
10796722,1283,1834,1933,0.3074,-0.1139,1.0949,-0.920,-1.185,0.073
10796732,1305,1814,1931,0.3072,-0.1138,1.0953,-1.010,-1.210,0.083
10796742,1344,1861,1979,0.3074,-0.1137,1.0955,-1.107,-1.250,0.085
10796752,1378,1821,1915,0.3077,-0.1147,1.0943,-1.170,-1.223,0.091
10796762,1339,1827,1954,0.3076,-0.1156,1.0955,-1.158,-1.202,0.092
10796772,1515,1964,1898,0.3075,-0.1167,1.0977,-1.145,-1.234,0.107
10796782,1494,1823,1778,0.3084,-0.1168,1.0984,-1.118,-1.222,0.142
10796792,1325,1836,1785,0.3076,-0.1164,1.0982,-1.054,-1.183,0.207
10796802,1309,1826,1778,0.3073,-0.1156,1.0967,-0.911,-1.168,0.297
10796812,1413,1835,1792,0.3065,-0.1149,1.0986,-0.733,-1.176,0.381
10796822,1507,1876,1820,0.3077,-0.1151,1.0982,-0.587,-1.139,0.448
10796832,1450,1855,1865,0.3085,-0.1162,1.0973,-0.463,-1.091,0.495
10796842,1300,1832,1863,0.3084,-0.1167,1.0976,-0.365,-1.069,0.539
10796852,1672,1945,1863,0.3093,-0.1174,1.0974,-0.300,-1.047,0.569
10796862,1447,1848,1841,0.3093,-0.1176,1.0977,-0.262,-1.008,0.609
10796872,1310,1864,1814,0.3092,-0.1168,1.0971,-0.277,-0.979,0.649
10796882,1359,1843,1778,0.3082,-0.1159,1.0997,-0.346,-0.952,0.669
10796892,1682,1924,2015,0.3076,-0.1157,1.1006,-0.485,-0.906,0.630
10796902,1389,1877,2061,0.3071,-0.1166,1.1002,-0.697,-0.865,0.547
10796912,1295,1866,1983,0.3072,-0.1175,1.1004,-0.940,-0.863,0.440
10796922,1300,1908,1805,0.3074,-0.1189,1.0981,-1.162,-0.822,0.337
10796932,1319,1906,1913,0.3080,-0.1196,1.0981,-1.280,-0.821,0.267
10796942,1504,1836,1776,0.3081,-0.1196,1.0981,-1.302,-0.835,0.219
10796952,1296,1855,1804,0.3091,-0.1196,1.0980,-1.262,-0.832,0.174
10796962,1521,1857,1917,0.3086,-0.1198,1.0967,-1.150,-0.809,0.127
10796972,1650,2006,1829,0.3083,-0.1204,1.0961,-0.994,-0.766,0.063
10796982,1325,1815,1830,0.3083,-0.1199,1.0962,-0.788,-0.716,0.019
10796992,1354,1909,1831,0.3081,-0.1190,1.0954,-0.614,-0.694,-0.005
10797002,1856,1828,2158,0.3076,-0.1179,1.0954,-0.468,-0.615,-0.024
10797012,1403,1863,1858,0.3072,-0.1172,1.0943,-0.424,-0.578,-0.059
10797022,1346,1860,1776,0.3068,-0.1176,1.0963,-0.448,-0.552,-0.113
10797032,1371,1847,1836,0.3067,-0.1185,1.0952,-0.501,-0.512,-0.163
10797042,1772,1833,1986,0.3063,-0.1188,1.0957,-0.559,-0.500,-0.189
10797052,1361,1859,1828,0.3060,-0.1187,1.0959,-0.599,-0.528,-0.198
10797062,1324,1849,1813,0.3049,-0.1187,1.0954,-0.642,-0.527,-0.214
10797072,1434,1965,1888,0.3051,-0.1183,1.0961,-0.651,-0.589,-0.226
10797082,1434,1898,1920,0.3057,-0.1183,1.0957,-0.606,-0.627,-0.256
10797092,1328,1877,2130,0.3057,-0.1202,1.0958,-0.520,-0.658,-0.287
10797102,1363,1820,1777,0.3050,-0.1202,1.0958,-0.379,-0.722,-0.272
10797112,1393,1835,1860,0.3046,-0.1197,1.0971,-0.252,-0.768,-0.242
10797122,1553,1838,1776,0.3040,-0.1191,1.0981,-0.141,-0.840,-0.226
10797132,1313,1872,1807,0.3045,-0.1191,1.0974,-0.057,-0.891,-0.223
10797142,1309,1895,1811,0.3046,-0.1185,1.0980,0.059,-0.917,-0.243
10797152,1654,1878,1962,0.3051,-0.1179,1.1002,0.175,-0.944,-0.265
10797162,1357,1838,1778,0.3050,-0.1167,1.0988,0.235,-0.939,-0.288
10797172,1323,1871,1898,0.3060,-0.1171,1.0994,0.247,-0.951,-0.285
10797182,1361,1829,1851,0.3057,-0.1158,1.0995,0.246,-0.944,-0.268
10797192,1457,1957,1870,0.3059,-0.1154,1.1007,0.250,-0.925,-0.236
10797202,1398,1872,1875,0.3054,-0.1150,1.0988,0.213,-0.902,-0.184
10797212,2083,2099,1953,0.3053,-0.1151,1.0994,0.104,-0.895,-0.161
10797222,1345,1836,1784,0.3056,-0.1157,1.1003,-0.072,-0.940,-0.178
10797232,1550,1905,1946,0.3056,-0.1166,1.0993,-0.250,-0.941,-0.186
10797242,1426,1841,1793,0.3057,-0.1175,1.1001,-0.418,-0.981,-0.207
10797252,1304,1875,1800,0.3065,-0.1180,1.0986,-0.520,-0.983,-0.237
10797262,1456,1913,1805,0.3070,-0.1186,1.0984,-0.511,-0.974,-0.243
10797272,1314,1925,1841,0.3070,-0.1192,1.0990,-0.434,-0.946,-0.218
10797282,1444,1845,1836,0.3063,-0.1189,1.0991,-0.328,-0.859,-0.165
10797292,1327,1903,1968,0.3054,-0.1179,1.0982,-0.240,-0.781,-0.130
10797302,1328,1852,1958,0.3049,-0.1174,1.0976,-0.158,-0.715,-0.127
10797312,1449,1877,1893,0.3052,-0.1176,1.0970,-0.104,-0.709,-0.145
10797322,1360,1841,2381,0.3049,-0.1177,1.0973,-0.084,-0.698,-0.151
10797332,1452,2107,1965,0.3044,-0.1174,1.0986,-0.127,-0.718,-0.144
10797342,1329,1916,1779,0.3052,-0.1169,1.0993,-0.218,-0.759,-0.110
10797352,1311,1906,1801,0.3054,-0.1157,1.0988,-0.333,-0.790,-0.073
10797362,1312,1863,1826,0.3051,-0.1157,1.0979,-0.449,-0.812,-0.051
10797372,1379,1856,1878,0.3049,-0.1178,1.0984,-0.570,-0.859,-0.051
10797382,1672,1890,1975,0.3041,-0.1199,1.0987,-0.726,-0.878,-0.065
10797392,1330,1949,1934,0.3041,-0.1200,1.0986,-0.894,-0.919,-0.078
10797402,1631,1848,1790,0.3044,-0.1193,1.0999,-0.991,-0.944,-0.102
10797412,1338,1938,2041,0.3043,-0.1201,1.0994,-0.983,-0.935,-0.129
10797422,1311,1880,1780,0.3042,-0.1204,1.0984,-0.892,-0.903,-0.151
10797432,1657,1853,1830,0.3044,-0.1206,1.0989,-0.745,-0.884,-0.154
10797442,1317,1923,1777,0.3047,-0.1202,1.0973,-0.568,-0.836,-0.113
10797452,1399,1960,1946,0.3040,-0.1188,1.0967,-0.380,-0.794,-0.063
10797462,1319,1903,1792,0.3039,-0.1182,1.0973,-0.222,-0.806,-0.012
10797472,1427,1957,1896,0.3040,-0.1186,1.0985,-0.198,-0.836,0.012
10797482,1427,1876,1848,0.3033,-0.1192,1.0970,-0.263,-0.815,0.003
10797492,1362,1868,1824,0.3028,-0.1191,1.0987,-0.379,-0.908,-0.010
10797502,1496,1895,1828,0.3027,-0.1193,1.0984,-0.486,-0.957,-0.012
10797512,1338,1899,1844,0.3034,-0.1181,1.0975,-0.595,-0.982,-0.030
10797522,1604,1853,1787,0.3022,-0.1185,1.0964,-0.718,-0.982,-0.056
10797532,1398,1988,1788,0.3022,-0.1183,1.0963,-0.855,-0.964,-0.097
10797542,1593,1892,1888,0.3012,-0.1182,1.0969,-0.956,-0.926,-0.123
10797552,1463,1884,1859,0.3020,-0.1185,1.0981,-1.056,-0.916,-0.179
10797562,1355,1911,2080,0.3016,-0.1187,1.0979,-1.172,-0.899,-0.241
10797572,1418,1879,1973,0.3011,-0.1183,1.0991,-1.320,-0.917,-0.340
10797582,1602,1879,1777,0.3015,-0.1184,1.1007,-1.498,-0.997,-0.496
10797592,1540,1897,1821,0.3022,-0.1199,1.0999,-1.665,-1.069,-0.702
10797602,1400,1896,1826,0.3016,-0.1215,1.0992,-1.798,-1.157,-0.921
10797612,1327,1999,1954,0.3026,-0.1233,1.1003,-1.868,-1.226,-1.146
10797622,1324,1906,1822,0.3040,-0.1247,1.1000,-1.836,-1.303,-1.364
10797632,1524,1931,1781,0.3047,-0.1260,1.0983,-1.660,-1.301,-1.535
10797642,1324,1890,1799,0.3056,-0.1263,1.0972,-1.281,-1.263,-1.634
10797652,1461,1952,1966,0.3059,-0.1257,1.0985,-0.748,-1.241,-1.668
10797662,1650,1902,1833,0.3064,-0.1244,1.0974,-0.129,-1.162,-1.658
10797672,1336,1895,2002,0.3063,-0.1237,1.0972,0.484,-1.094,-1.626
10797682,1342,1831,1807,0.3067,-0.1226,1.0950,1.026,-1.010,-1.594
10797692,1443,1906,1933,0.3073,-0.1218,1.0943,1.483,-0.910,-1.527
10797702,1331,1880,1785,0.3072,-0.1205,1.0962,1.796,-0.845,-1.431
10797712,1328,1968,1778,0.3063,-0.1192,1.0957,1.952,-0.780,-1.325
10797722,1974,1840,1786,0.3049,-0.1161,1.0963,1.981,-0.727,-1.211
10797732,1630,1906,1888,0.3050,-0.1143,1.0974,1.819,-0.745,-1.082
10797742,1352,1908,1847,0.3048,-0.1148,1.0964,1.464,-0.714,-0.972
10797752,1329,1937,1853,0.3047,-0.1150,1.0970,0.957,-0.656,-0.872
10797762,1525,1840,1957,0.3046,-0.1153,1.0957,0.359,-0.604,-0.767
10797772,1350,1899,1850,0.3044,-0.1162,1.0956,-0.224,-0.545,-0.668
10797782,1403,1896,1806,0.3041,-0.1173,1.0959,-0.712,-0.526,-0.579
10797792,1350,1927,1900,0.3034,-0.1180,1.0959,-1.117,-0.538,-0.503
10797802,1349,1913,1779,0.3032,-0.1181,1.0963,-1.439,-0.554,-0.453
10797812,1389,1970,1808,0.3038,-0.1196,1.0965,-1.676,-0.565,-0.422
10797822,1346,1877,1778,0.3042,-0.1213,1.0962,-1.807,-0.564,-0.397
10797832,1581,1834,1875,0.3039,-0.1217,1.0965,-1.833,-0.553,-0.350
10797842,1331,1910,1846,0.3040,-0.1221,1.0956,-1.751,-0.558,-0.303
10797852,1359,1965,1867,0.3029,-0.1216,1.0949,-1.592,-0.530,-0.274
10797862,1364,1959,1785,0.3033,-0.1222,1.0945,-1.293,-0.512,-0.274
10797872,1391,1960,1971,0.3034,-0.1226,1.0963,-0.977,-0.490,-0.256
10797882,1359,1917,1789,0.3031,-0.1211,1.0970,-0.645,-0.471,-0.219
10797892,1374,1911,1841,0.3024,-0.1201,1.0986,-0.318,-0.430,-0.138
10797902,1386,1854,1789,0.3027,-0.1186,1.0994,-0.086,-0.427,-0.042
10797912,1403,1945,1870,0.3023,-0.1193,1.0982,0.061,-0.422,0.032
10797922,1360,1930,1838,0.3012,-0.1204,1.0983,0.092,-0.443,0.072
10797932,1350,1940,1873,0.3009,-0.1206,1.0975,0.090,-0.450,0.100
10797942,1384,1901,1904,0.3010,-0.1206,1.0973,0.100,-0.479,0.106
10797952,1392,1977,1787,0.3012,-0.1200,1.0981,0.130,-0.518,0.097
10797962,1378,1924,1824,0.3016,-