.1434,1.1230,-0.555,-1.029,0.692
9536082,1667,1911,1853,0.1831,-0.1426,1.1223,-0.576,-1.058,0.648
9536092,1689,1919,1880,0.1844,-0.1429,1.1220,-0.507,-1.058,0.547
9536102,1648,1872,1842,0.1849,-0.1426,1.1228,-0.408,-1.064,0.444
9536112,1645,1933,1875,0.1849,-0.1436,1.1229,-0.387,-1.033,0.357
9536122,1691,1857,1917,0.1838,-0.1454,1.1220,-0.420,-0.963,0.281
9536132,1659,1893,1916,0.1823,-0.1469,1.1211,-0.469,-0.915,0.241
9536142,1716,1898,1862,0.1818,-0.1471,1.1205,-0.494,-0.925,0.239
9536152,1629,1884,1868,0.1817,-0.1456,1.1208,-0.480,-0.906,0.228
9536162,1837,1861,1859,0.1817,-0.1445,1.1220,-0.412,-0.848,0.194
9536172,1780,1942,1861,0.1831,-0.1449,1.1235,-0.287,-0.796,0.140
9536182,1652,1869,1863,0.1837,-0.1445,1.1234,-0.122,-0.720,0.124
9536192,1674,1920,1955,0.1828,-0.1424,1.1243,0.054,-0.669,0.135
9536202,1755,1888,1863,0.1820,-0.1419,1.1239,0.192,-0.615,0.181
9536212,1676,1877,1847,0.1820,-0.1409,1.1250,0.207,-0.640,0.244
9536222,1696,1872,1856,0.1815,-0.1409,1.1248,0.087,-0.704,0.317
9536232,1762,1914,1900,0.1818,-0.1408,1.1244,-0.145,-0.789,0.370
9536242,1683,1923,1842,0.1823,-0.1411,1.1246,-0.434,-0.853,0.375
9536252,1709,1909,1847,0.1823,-0.1414,1.1251,-0.710,-0.905,0.360
9536262,1673,1860,1854,0.1823,-0.1424,1.1240,-0.898,-0.890,0.326
9536272,1662,1889,1855,0.1820,-0.1435,1.1229,-0.945,-0.825,0.290
9536282,1643,1873,1851,0.1824,-0.1449,1.1248,-0.865,-0.760,0.262
9536292,1647,1901,1850,0.1814,-0.1455,1.1236,-0.688,-0.688,0.291
9536302,1817,1866,1843,0.1810,-0.1447,1.1243,-0.466,-0.628,0.370
9536312,1755,1903,1864,0.1807,-0.1438,1.1244,-0.317,-0.620,0.456
9536322,1654,1870,1863,0.1799,-0.1432,1.1254,-0.301,-0.596,0.507
9536332,1635,1871,1879,0.1803,-0.1425,1.1250,-0.430,-0.602,0.503
9536342,1656,1898,1878,0.1809,-0.1416,1.1246,-0.673,-0.598,0.473
9536352,1689,1878,1872,0.1808,-0.1418,1.1241,-0.943,-0.565,0.447
9536362,1673,1865,1856,0.1814,-0.1423,1.1227,-1.171,-0.527,0.419
9536372,1646,1884,2027,0.1814,-0.1433,1.1236,-1.352,-0.511,0.402
9536382,1818,1873,1869,0.1809,-0.1444,1.1236,-1.501,-0.491,0.389
9536392,1732,1870,1919,0.1811,-0.1463,1.1236,-1.598,-0.472,0.400
9536402,1638,1911,1858,0.1806,-0.1479,1.1236,-1.667,-0.468,0.411
9536412,1641,1913,1884,0.1809,-0.1491,1.1231,-1.672,-0.470,0.439
9536422,1661,1859,1841,0.1809,-0.1488,1.1225,-1.566,-0.495,0.476
9536432,1637,1941,1898,0.1807,-0.1482,1.1229,-1.371,-0.519,0.511
9536442,1635,1869,1874,0.1801,-0.1473,1.1226,-1.132,-0.511,0.538
9536452,1648,1865,1851,0.1792,-0.1470,1.1241,-0.913,-0.508,0.573
9536462,1751,1877,1844,0.1785,-0.1466,1.1238,-0.769,-0.500,0.618
9536472,1634,1873,1867,0.1783,-0.1457,1.1244,-0.764,-0.487,0.663
9536482,1700,1862,1873,0.1787,-0.1444,1.1259,-0.932,-0.540,0.694
9536492,1714,1908,1852,0.1791,-0.1445,1.1254,-1.200,-0.575,0.678
9536502,1668,1902,1856,0.1792,-0.1455,1.1239,-1.465,-0.541,0.613
9536512,1637,1906,1967,0.1792,-0.1462,1.1218,-1.716,-0.507,0.548
9536522,1646,1872,1892,0.1787,-0.1465,1.1228,-1.918,-0.478,0.491
9536532,1679,1915,1940,0.1792,-0.1484,1.1240,-2.030,-0.440,0.422
9536542,1844,1906,1847,0.1787,-0.1493,1.1221,-2.011,-0.355,0.383
9536552,1645,1904,1897,0.1784,-0.1502,1.1231,-1.916,-0.320,0.355
9536562,1640,1861,1844,0.1780,-0.1511,1.1248,-1.836,-0.324,0.322
9536572,1810,1904,1856,0.1786,-0.1517,1.1239,-1.776,-0.305,0.296
9536582,1672,1876,1862,0.1778,-0.1524,1.1237,-1.718,-0.280,0.275
9536592,1698,1945,1877,0.1781,-0.1530,1.1228,-1.664,-0.253,0.251
9536602,1638,1876,1859,0.1781,-0.1522,1.1221,-1.612,-0.221,0.223
9536612,1649,1892,1882,0.1783,-0.1522,1.1218,-1.538,-0.174,0.200
9536622,1799,1859,1908,0.1788,-0.1523,1.1218,-1.439,-0.129,0.172
9536632,1651,1903,1855,0.1788,-0.1530,1.1213,-1.313,-0.066,0.138
9536642,1650,1888,1873,0.1783,-0.1531,1.1219,-1.203,-0.011,0.122
9536652,1641,1883,1848,0.1779,-0.1532,1.1227,-1.158,0.014,0.119
9536662,1639,1891,1882,0.1779,-0.1527,1.1224,-1.170,0.056,0.135
9536672,1657,1889,1897,0.1776,-0.1530,1.1233,-1.225,0.067,0.159
9536682,1646,1892,1942,0.1775,-0.1542,1.1228,-1.231,0.084,0.200
9536692,1668,1924,1864,0.1778,-0.1535,1.1240,-1.181,0.117,0.279
9536702,1677,1885,1869,0.1781,-0.1546,1.1244,-1.112,0.155,0.344
9536712,1775,1920,1873,0.1782,-0.1556,1.1233,-0.985,0.294,0.400
9536722,1693,1871,1845,0.1786,-0.1549,1.1237,-0.749,0.407,0.497
9536732,1665,1896,1855,0.1781,-0.1552,1.1231,-0.557,0.507,0.610
9536742,1677,1889,1846,0.1770,-0.1545,1.1233,-0.420,0.658,0.725
9536752,1662,1895,1892,0.1758,-0.1540,1.1235,-0.287,0.756,0.833
9536762,1673,1889,1878,0.1746,-0.1540,1.1226,-0.167,0.851,0.938
9536772,1712,1907,1902,0.1740,-0.1537,1.1245,-0.076,0.843,1.041
9536782,1642,1888,1851,0.1727,-0.1528,1.1249,-0.028,0.826,1.130
9536792,1645,1877,1864,0.1724,-0.1520,1.1241,-0.026,0.823,1.205
9536802,1666,1866,1844,0.1724,-0.1515,1.1240,-0.072,0.758,1.280
9536812,1646,1877,1865,0.1726,-0.1503,1.1238,-0.191,0.657,1.357
9536822,1644,1865,1844,0.1727,-0.1498,1.1243,-0.335,0.624,1.409
9536832,1813,1888,1931,0.1727,-0.1509,1.1245,-0.467,0.625,1.448
9536842,1658,1861,1857,0.1725,-0.1529,1.1242,-0.572,0.642,1.514
9536852,1682,1876,1866,0.1729,-0.1537,1.1239,-0.618,0.653,1.613
9536862,1713,1858,1896,0.1724,-0.1556,1.1228,-0.567,0.696,1.727
9536872,1665,1880,1845,0.1721,-0.1556,1.1235,-0.427,0.749,1.898
9536882,1657,1876,1868,0.1722,-0.1546,1.1224,-0.212,0.808,2.097
9536892,1656,1899,1860,0.1718,-0.1534,1.1208,-0.018,0.865,2.279
9536902,1679,1865,1854,0.1707,-0.1516,1.1227,0.063,0.921,2.412
9536912,1656,1906,1851,0.1693,-0.1513,1.1239,0.018,0.983,2.487
9536922,1675,1878,1846,0.1693,-0.1515,1.1233,-0.156,1.028,2.490
9536932,1700,1892,1873,0.1685,-0.1529,1.1251,-0.423,1.031,2.438
9536942,1649,1880,1850,0.1679,-0.1536,1.1257,-0.735,0.988,2.372
9536952,1685,1903,1855,0.1671,-0.1535,1.1240,-1.022,1.023,2.298
9536962,1728,1858,1844,0.1675,-0.1541,1.1241,-1.249,1.072,2.227
9536972,1652,1883,1856,0.1683,-0.1555,1.1241,-1.415,1.107,2.154
9536982,1696,1868,1866,0.1684,-0.1570,1.1239,-1.566,1.192,2.075
9536992,1668,1899,1846,0.1682,-0.1593,1.1218,-1.626,1.342,2.011
9537002,1666,1872,1856,0.1683,-0.1608,1.1215,-1.563,1.477,1.998
9537012,1664,1904,1870,0.1675,-0.1623,1.1223,-1.368,1.568,2.023
9537022,1659,1896,1847,0.1688,-0.1644,1.1208,-1.072,1.689,2.082
9537032,1713,1902,1887,0.1649,-0.1668,1.1280,-0.819,1.647,2.246
9537042,1713,1858,1847,0.1618,-0.1583,1.1260,-0.460,1.657,2.638
9537052,1763,1921,1854,0.1591,-0.1563,1.1296,-0.259,1.722,2.823
9537062,1669,1871,1845,0.1596,-0.1552,1.1290,-0.217,1.647,2.773
9537072,1648,1888,1865,0.1593,-0.1540,1.1285,-0.248,1.715,2.729
9537082,1707,1885,1868,0.1596,-0.1534,1.1286,-0.388,1.668,2.710
9537092,1648,1887,1858,0.1580,-0.1543,1.1258,-0.609,1.732,2.694
9537102,1661,1873,1845,0.1579,-0.1549,1.1277,-0.924,1.636,2.656
9537112,1726,1934,1874,0.1575,-0.1553,1.1259,-1.239,1.479,2.636
9537122,1680,1881,1853,0.1569,-0.1566,1.1257,-1.514,1.343,2.628
9537132,1684,1901,1887,0.1584,-0.1559,1.1275,-1.737,1.120,2.642
9537142,1647,1872,1855,0.1581,-0.1546,1.1287,-1.960,1.007,2.687
9537152,1678,1893,1888,0.1579,-0.1528,1.1285,-2.247,0.972,2.733
9537162,1693,1865,1869,0.1583,-0.1518,1.1285,-2.648,1.012,2.774
9537172,1661,1901,1864,0.1582,-0.1536,1.1288,-3.238,1.062,2.781
9537182,1648,1883,1846,0.1582,-0.1586,1.1279,-4.005,1.163,2.793
9537192,1649,1891,1863,0.1587,-0.1634,1.1268,-4.661,1.267,2.889
9537202,1654,1868,1846,0.1598,-0.1679,1.1266,-5.059,1.296,3.122
9537212,1660,1902,1857,0.1619,-0.1745,1.1274,-5.149,1.334,3.472
9537222,1671,1891,1854,0.1616,-0.1802,1.1246,-4.958,1.452,4.032
9537232,1652,1928,1903,0.1608,-0.1767,1.1283,-4.303,1.510,4.876
9537242,1680,1878,1846,0.1572,-0.1710,1.1301,-3.661,1.709,5.768
9537252,1650,1872,1872,0.1533,-0.1640,1.1349,-3.224,1.861,6.505
9537262,1689,1866,1847,0.1510,-0.1595,1.1345,-3.261,2.115,6.985
9537272,1662,1889,1858,0.1510,-0.1586,1.1343,-4.239,2.293,7.231
9537282,1690,1869,1847,0.1488,-0.1593,1.1357,-5.475,2.483,7.452
9537292,1716,1886,1858,0.1460,-0.1599,1.1374,-6.714,2.569,7.665
9537302,1652,1930,1858,0.1451,-0.1597,1.1363,-7.840,2.726,7.856
9537312,1698,1916,1875,0.1441,-0.1584,1.1369,-8.736,2.905,7.986
9537322,1706,1864,1845,0.1441,-0.1601,1.1380,-9.556,3.135,7.998
9537332,1670,1895,1871,0.1442,-0.1618,1.1352,-10.473,3.595,7.910
9537342,1975,1861,1847,0.1444,-0.1637,1.1341,-11.628,4.161,7.738
9537352,1654,1935,1878,0.1421,-0.1654,1.1302,-12.999,4.799,7.494
9537362,1706,1885,1848,0.1399,-0.1712,1.1209,-14.523,5.541,7.138
9537372,1692,1934,1866,0.1392,-0.1794,1.1145,-15.942,6.099,6.745
9537382,1682,1860,1848,0.1390,-0.1870,1.1088,-16.986,6.510,6.399
9537392,1650,1927,1854,0.1381,-0.1956,1.1056,-17.458,6.833,6.116
9537402,1898,1859,1849,0.1375,-0.2049,1.1054,-17.329,7.061,5.896
9537412,1781,1862,1870,0.1366,-0.2133,1.1076,-16.702,7.267,5.789
9537422,1680,1910,1852,0.1360,-0.2193,1.1136,-15.826,7.422,5.829
9537432,1721,1897,1866,0.1358,-0.2224,1.1162,-14.906,7.704,6.038
9537442,1665,1861,1847,0.1346,-0.2251,1.1188,-14.055,8.092,6.367
9537452,1681,1904,1866,0.1335,-0.2295,1.1250,-13.414,8.430,6.808
9537462,1816,1872,1847,0.1300,-0.2282,1.1250,-13.051,8.786,7.431
9537472,1717,1919,1889,0.1289,-0.2288,1.1319,-13.164,9.108,8.076
9537482,1669,1871,1846,0.1283,-0.2286,1.1377,-13.770,9.350,8.716
9537492,2023,1888,1887,0.1281,-0.2331,1.1385,-14.896,9.862,9.352
9537502,1720,1886,1851,0.1264,-0.2393,1.1434,-16.398,10.391,10.008
9537512,1760,1912,1866,0.1259,-0.2572,1.1434,-18.115,11.011,10.770
9537522,1654,1881,1847,0.1252,-0.2613,1.1459,-20.009,11.603,12.083
9537532,1657,1938,1861,0.1258,-0.2544,1.1546,-21.743,11.968,13.967
9537542,1749,1856,1847,0.1235,-0.2571,1.1623,-23.615,12.529,15.740
9537552,1668,1909,1865,0.1165,-0.2646,1.1623,-25.978,13.676,17.242
9537562,1714,1865,1862,0.1064,-0.2665,1.1659,-28.904,14.824,18.725
9537572,1746,1907,1874,0.1018,-0.2731,1.1639,-32.528,15.807,20.131
9537582,1717,1862,1851,0.0986,-0.2780,1.1522,-36.129,17.051,21.601
9537592,2018,1862,1866,0.0927,-0.2850,1.1598,-39.843,17.771,23.102
9537602,1933,1870,1853,0.1016,-0.3042,1.1486,-43.652,18.637,24.572
9537612,1810,1883,1905,0.1043,-0.3099,1.1656,-47.661,19.412,26.361
9537622,1949,1871,1848,0.0993,-0.3091,1.1671,-52.510,20.159,28.674
9537632,1809,1900,1868,0.0846,-0.3119,1.1497,-58.540,21.835,30.898
9537642,2009,1869,1850,0.0761,-0.3166,1.1488,-65.448,22.450,32.315
9537652,2129,1881,1871,0.0740,-0.3453,1.1323,-72.032,23.081,32.640
9537662,1685,1892,1861,0.0712,-0.3730,1.1276,-77.167,23.574,32.504
9537672,1685,1921,1868,0.0611,-0.4175,1.1303,-80.126,23.875,32.451
9537682,2180,1977,1859,0.0565,-0.4584,1.1125,-80.961,24.680,32.938
9537692,1779,1863,1861,0.0548,-0.4731,1.1163,-80.724,25.067,34.732
9537702,1703,1906,1855,0.0538,-0.4851,1.1100,-80.114,25.385,37.007
9537712,1704,1920,1898,0.0523,-0.4981,1.1112,-79.262,26.057,39.297
9537722,1710,1868,1861,0.0446,-0.5105,1.0925,-78.054,27.140,41.483
9537732,1700,1888,1853,0.0367,-0.5264,1.0853,-76.055,28.417,43.265
9537742,1667,1915,1852,0.0280,-0.5439,1.0754,-73.325,29.288,44.543
9537752,1777,1860,1870,0.0219,-0.5573,1.0635,-69.661,30.336,45.572
9537762,1745,1895,1871,0.0188,-0.5706,1.0608,-65.326,30.904,46.630
9537772,1693,1868,1881,0.0165,-0.5847,1.0523,-60.608,31.623,47.985
9537782,1945,1860,1850,0.0138,-0.5948,1.0554,-56.238,32.153,49.797
9537792,1804,1862,1860,0.0069,-0.6005,1.0462,-52.765,32.790,52.045
9537802,1685,1883,1850,-0.0055,-0.5926,1.0373,-50.425,33.388,54.586
9537812,1807,1889,1851,-0.0209,-0.5742,1.0334,-48.968,33.631,56.989
9537822,1977,1990,1873,-0.0302,-0.5736,1.0345,-48.907,33.564,58.697
9537832,1761,1910,1855,-0.0356,-0.5814,1.0396,-50.404,33.198,59.974
9537842,1845,1857,1850,-0.0408,-0.5920,1.0316,-53.631,33.247,61.364
9537852,1769,2009,1868,-0.0460,-0.6010,1.0227,-58.348,33.371,63.239
9537862,1670,1901,1851,-0.0512,-0.6120,1.0078,-64.048,33.491,65.740
9537872,1745,1880,1875,-0.0652,-0.6114,0.9829,-69.868,33.761,68.799
9537882,1781,1904,1851,-0.0723,-0.6248,0.9679,-75.537,33.541,71.930
9537892,1680,2000,1893,-0.0793,-0.6406,0.9473,-81.207,32.718,74.823
9537902,1817,1898,1848,-0.0873,-0.6599,0.9217,-86.461,31.903,77.710
9537912,1873,1915,1853,-0.0900,-0.6913,0.9047,-91.679,30.390,80.642
9537922,1815,1862,1855,-0.0891,-0.7268,0.8791,-96.440,28.548,84.049
9537932,1669,1969,1861,-0.0912,-0.7601,0.8607,-100.991,26.275,88.323
9537942,1668,1965,1855,-0.0910,-0.7765,0.8382,-104.812,23.497,93.685
9537952,1791,1915,1869,-0.0973,-0.7942,0.8213,-107.972,20.687,99.577
9537962,1720,1858,1849,-0.1082,-0.8031,0.8031,-110.366,17.866,105.831
9537972,1845,1919,1859,-0.1197,-0.8071,0.7941,-111.849,15.058,112.280
9537982,1793,1917,1853,-0.1401,-0.8040,0.7828,-112.561,12.502,118.726
9537992,1691,1973,1856,-0.1636,-0.7984,0.7716,-112.715,10.399,124.781
9538002,1811,1867,1865,-0.1936,-0.7880,0.7566,-111.984,8.672,130.252
9538012,1660,1911,1897,-0.2214,-0.7723,0.7417,-110.247,7.092,134.948
9538022,1924,1893,1862,-0.2510,-0.7538,0.7287,-107.333,5.412,138.721
9538032,1678,1933,1896,-0.2716,-0.7392,0.7149,-103.183,3.652,141.607
9538042,1944,1861,1864,-0.2871,-0.7293,0.7073,-98.332,1.821,143.638
9538052,1695,2119,1889,-0.3010,-0.7244,0.7019,-93.168,-0.066,145.181
9538062,1763,1946,1853,-0.3156,-0.7172,0.6989,-88.090,-1.721,146.632
9538072,1896,1889,1872,-0.3315,-0.7027,0.6956,-83.049,-3.042,148.282
9538082,1715,1983,1865,-0.3496,-0.6843,0.6921,-78.204,-4.047,149.898
9538092,1669,1904,1934,-0.3715,-0.6650,0.6907,-73.486,-4.747,151.228
9538102,1671,1907,1851,-0.3950,-0.6461,0.6864,-69.169,-5.335,152.163
9538112,1676,1929,1934,-0.4156,-0.6238,0.6794,-65.481,-6.000,152.784
9538122,1869,1915,1853,-0.4345,-0.6025,0.6747,-62.689,-6.935,153.106
9538132,1714,1917,1865,-0.4529,-0.5768,0.6769,-60.839,-8.247,153.152
9538142,1665,1863,1857,-0.4682,-0.5609,0.6727,-59.587,-9.556,152.829
9538152,2004,2103,1882,-0.4863,-0.5403,0.6702,-58.922,-10.860,152.228
9538162,1783,1874,1851,-0.5033,-0.5281,0.6643,-58.334,-12.089,151.422
9538172,1808,1934,1923,-0.5237,-0.5127,0.6592,-58.025,-13.271,150.321
9538182,2068,1979,1868,-0.5452,-0.5083,0.6462,-57.572,-14.631,149.050
9538192,1729,1924,1902,-0.5626,-0.4983,0.6363,-56.948,-16.338,147.726
9538202,1867,1910,1873,-0.5793,-0.4863,0.6278,-56.013,-18.554,146.396
9538212,1736,1891,1885,-0.5916,-0.4718,0.6185,-54.600,-21.053,144.885
9538222,1778,1895,1878,-0.6019,-0.4568,0.6117,-52.438,-23.763,143.079
9538232,1964,1932,1894,-0.6101,-0.4396,0.6110,-49.342,-26.537,140.927
9538242,1722,1861,1865,-0.6154,-0.4256,0.6097,-45.409,-29.073,138.465
9538252,2101,1861,1869,-0.6202,-0.4077,0.6101,-40.914,-31.337,135.827
9538262,1702,2098,1875,-0.6258,-0.3992,0.6144,-36.171,-33.355,132.973
9538272,1841,2001,1864,-0.6268,-0.3817,0.6289,-31.649,-35.467,130.176
9538282,1808,1871,1860,-0.6312,-0.3709,0.6311,-27.192,-36.974,127.411
9538292,1701,1907,1898,-0.6334,-0.3583,0.6399,-23.192,-38.262,124.748
9538302,1705,1908,1878,-0.6366,-0.3438,0.6502,-19.787,-39.595,122.419
9538312,1926,1871,1914,-0.6424,-0.3248,0.6460,-16.680,-40.392,120.281
9538322,1788,1871,1907,-0.6494,-0.3012,0.6534,-14.061,-41.430,118.211
9538332,1706,1885,1872,-0.6573,-0.2760,0.6642,-11.633,-42.709,115.986
9538342,1965,1903,1854,-0.6639,-0.2488,0.6741,-9.337,-43.754,113.457
9538352,1853,1877,1852,-0.6666,-0.2339,0.6863,-7.264,-44.608,110.552
9538362,1765,1876,1869,-0.6675,-0.2197,0.7043,-5.727,-45.296,107.649
9538372,1894,1878,1856,-0.6684,-0.2097,0.7103,-4.542,-45.227,105.016
9538382,1793,1863,1905,-0.6745,-0.1984,0.7114,-3.963,-44.609,102.623
9538392,1739,1861,1893,-0.6796,-0.1869,0.7112,-3.876,-43.995,100.502
9538402,1730,1898,1884,-0.6878,-0.1711,0.7109,-4.158,-43.481,98.468
9538412,1774,1874,1879,-0.6954,-0.1568,0.7094,-4.581,-43.342,96.505
9538422,1665,1868,1871,-0.6973,-0.1413,0.7248,-5.522,-44.200,94.485
9538432,2011,1993,1985,-0.6939,-0.1277,0.7567,-7.221,-45.990,92.446
9538442,1724,2115,1952,-0.6852,-0.1132,0.7942,-9.648,-47.634,90.457
9538452,1742,1886,1876,-0.6738,-0.0973,0.8336,-12.902,-48.498,88.595
9538462,1980,1899,1897,-0.6676,-0.0795,0.8593,-16.686,-48.102,86.903
9538472,1708,1859,1871,-0.6681,-0.0606,0.8575,-20.337,-46.194,85.242
9538482,1888,1865,1851,-0.6741,-0.0490,0.8459,-23.629,-43.829,83.406
9538492,1866,1929,1890,-0.6840,-0.0407,0.8318,-26.226,-41.779,81.263
9538502,2078,1917,1855,-0.7000,-0.0362,0.8138,-27.734,-39.945,78.689
9538512,1958,1862,1873,-0.7081,-0.0327,0.8123,-28.354,-39.110,75.852
9538522,1672,1860,1863,-0.7107,-0.0317,0.8225,-28.408,-39.019,72.924
9538532,1668,1870,1867,-0.7064,-0.0358,0.8389,-28.313,-39.010,70.025
9538542,1736,1876,1851,-0.6959,-0.0376,0.8602,-28.485,-38.890,67.401
9538552,1712,1952,1862,-0.6849,-0.0385,0.8717,-28.961,-38.099,65.109
9538562,1677,1864,1868,-0.6798,-0.0352,0.8747,-29.560,-36.549,63.041
9538572,1917,1926,1859,-0.6802,-0.0284,0.8750,-30.470,-34.874,60.887
9538582,1736,1866,1866,-0.6803,-0.0269,0.8699,-31.157,-33.099,58.332
9538592,2093,1908,1926,-0.6837,-0.0346,0.8577,-31.403,-31.309,55.411
9538602,1864,1971,1932,-0.6889,-0.0410,0.8463,-31.130,-29.774,52.576
9538612,1834,1907,1940,-0.6930,-0.0518,0.8361,-30.529,-28.664,49.965
9538622,2382,1921,1852,-0.6978,-0.0603,0.8213,-29.693,-27.766,47.677
9538632,2003,1934,1858,-0.7054,-0.0668,0.8072,-28.550,-27.099,45.703
9538642,1807,1884,1873,-0.7087,-0.0678,0.7996,-27.084,-27.383,44.021
9538652,2021,1976,1899,-0.7082,-0.0712,0.7953,-25.222,-28.063,42.333
9538662,1787,1879,1878,-0.7030,-0.0676,0.8156,-23.529,-29.311,40.663
9538672,1663,1871,1902,-0.6938,-0.0618,0.8405,-22.107,-30.809,39.088
9538682,1853,1860,1863,-0.6812,-0.0590,0.8458,-20.803,-31.288,37.482
9538692,1933,1865,1858,-0.6721,-0.0526,0.8556,-19.985,-31.239,35.949
9538702,1688,1914,1860,-0.6673,-0.0494,0.8598,-19.620,-30.888,34.440
9538712,1850,1870,1890,-0.6627,-0.0515,0.8556,-19.440,-30.235,32.745
9538722,1672,1881,1905,-0.6586,-0.0527,0.8592,-19.226,-29.785,30.999
9538732,1682,1864,1912,-0.6571,-0.0503,0.8674,-18.816,-29.600,29.286
9538742,1725,1865,1976,-0.6559,-0.0456,0.8732,-18.063,-29.339,27.469
9538752,1726,1927,1899,-0.6511,-0.0499,0.8801,-16.918,-28.914,25.462
9538762,1887,1873,1903,-0.6426,-0.0597,0.8959,-15.960,-28.497,23.487
9538772,1955,1947,1889,-0.6351,-0.0632,0.9199,-15.373,-27.904,21.961
9538782,1773,1878,1858,-0.6276,-0.0633,0.9410,-15.169,-26.565,20.813
9538792,2097,1964,1887,-0.6220,-0.0606,0.9525,-15.153,-24.470,19.856
9538802,3315,1935,1855,-0.6206,-0.0542,0.9570,-15.215,-21.938,18.873
9538812,3910,2156,2092,-0.6208,-0.0592,0.9439,-15.140,-19.084,17.535
9538822,3259,1963,1855,-0.6213,-0.0763,0.9331,-14.809,-16.503,15.836
9538832,2094,1875,1853,-0.6210,-0.0854,0.9413,-14.324,-14.837,14.244
9538842,1781,1869,1852,-0.6238,-0.0941,0.9316,-12.988,-13.060,12.815
9538852,2519,2028,1892,-0.6342,-0.1099,0.9035,-10.288,-10.950,11.367
9538862,2280,1958,1883,-0.6474,-0.1255,0.8638,-6.095,-9.297,10.055
9538872,2210,1864,1882,-0.6554,-0.1116,0.8583,1.372,-9.489,8.911
9538882,2004,1947,1871,-0.6578,-0.0822,0.8704,9.065,-9.950,7.782
9538892,2619,1866,1912,-0.6451,-0.0454,0.9301,15.893,-10.400,6.678
9538902,1697,1872,1870,-0.6276,-0.0058,0.9620,19.666,-9.670,5.695
9538912,1856,1926,1876,-0.6132,0.0194,0.9897,19.470,-7.618,4.747
9538922,2108,1886,1883,-0.6020,0.0397,1.0138,15.457,-5.588,3.771
9538932,2059,1856,1888,-0.6016,0.0429,1.0019,8.955,-2.533,2.387
9538942,1836,1895,1876,-0.6095,0.0384,0.9909,2.365,0.286,0.424
9538952,1711,1869,1872,-0.6210,0.0281,0.9705,-2.501,2.820,-1.864
9538962,1635,1870,1864,-0.6305,0.0107,0.9437,-4.927,5.140,-4.369
9538972,1662,1866,1935,-0.6384,-0.0100,0.9155,-5.011,6.910,-6.895
9538982,1725,1868,1964,-0.6473,-0.0321,0.8777,-3.014,8.259,-9.244
9538992,1744,1871,1921,-0.6601,-0.0540,0.8304,0.469,9.086,-11.302
9539002,2140,1913,1915,-0.6730,-0.0814,0.7847,4.958,8.892,-13.016
9539012,2168,1911,1963,-0.6770,-0.1162,0.7789,9.587,7.152,-14.126
9539022,1702,1874,1870,-0.6760,-0.1288,0.8161,12.744,3.973,-13.988
9539032,1649,1870,1890,-0.6758,-0.1160,0.8429,14.072,1.350,-12.518
9539042,1722,1901,1964,-0.6712,-0.1054,0.8705,13.336,-0.430,-10.563
9539052,1907,1892,2046,-0.6610,-0.1148,0.8897,9.879,-2.177,-8.572
9539062,1674,1863,1948,-0.6648,-0.1410,0.8498,5.002,-2.062,-6.504
9539072,1798,1890,1902,-0.6805,-0.1674,0.8117,-0.592,-1.866,-4.087
9539082,1821,1906,1853,-0.7013,-0.1445,0.8075,-5.772,-3.323,-1.080
9539092,1641,1881,1858,-0.7106,-0.0977,0.8184,-8.688,-5.288,1.447
9539102,1806,1859,1860,-0.6972,-0.0562,0.8641,-8.977,-7.717,2.726
9539112,1745,1861,1860,-0.6777,-0.0333,0.9052,-8.150,-9.311,2.691
9539122,1874,1872,1858,-0.6605,-0.0244,0.9387,-7.548,-9.326,1.806
9539132,1763,1867,2048,-0.6538,-0.0191,0.9467,-7.430,-7.766,0.802
9539142,1654,1860,1945,-0.6543,-0.0241,0.9344,-7.162,-5.061,-0.328
9539152,1746,1863,1896,-0.6566,-0.0440,0.9159,-6.533,-2.485,-1.798
9539162,1635,1860,1856,-0.6570,-0.0810,0.8916,-5.125,-0.380,-3.362
9539172,1762,1863,1867,-0.6577,-0.1176,0.8724,-3.296,0.971,-4.465
9539182,1709,1872,1860,-0.6585,-0.1369,0.8599,-1.248,1.376,-4.548
9539192,1672,1892,1860,-0.6604,-0.1407,0.8493,0.631,1.329,-3.791
9539202,1652,1908,1854,-0.6634,-0.1322,0.8386,1.962,0.891,-2.547
9539212,1678,1863,1880,-0.6649,-0.1262,0.8335,2.600,0.150,-1.242
9539222,2352,1864,1857,-0.6620,-0.1237,0.8427,2.180,-0.994,0.006
9539232,3635,2020,1881,-0.6577,-0.1163,0.8592,0.801,-2.254,1.283
9539242,1936,1867,1855,-0.6538,-0.1020,0.8713,-1.085,-3.067,2.451
9539252,2154,1903,1929,-0.6460,-0.0943,0.8836,-3.232,-3.435,3.214
9539262,2000,2007,1868,-0.6380,-0.0960,0.8995,-5.499,-3.590,3.447
9539272,1880,1965,1884,-0.6313,-0.0995,0.9112,-7.481,-3.389,3.356
9539282,2503,1908,1875,-0.6310,-0.1081,0.9025,-8.540,-2.476,3.074
9539292,2003,1919,1914,-0.6424,-0.1258,0.8739,-8.295,-1.191,2.620
9539302,2006,1860,1854,-0.6623,-0.1486,0.8240,-6.134,-0.073,2.082
9539312,1894,1904,1899,-0.6821,-0.1687,0.7777,-1.600,0.037,1.568
9539322,1849,1884,1861,-0.6925,-0.1587,0.7621,5.191,-1.480,1.317
9539332,1659,1901,1930,-0.6893,-0.1166,0.8149,13.433,-4.133,1.396
9539342,2088,1871,1853,-0.6671,-0.0684,0.8821,20.430,-6.457,1.397
9539352,1679,1863,1879,-0.6485,-0.0352,0.9165,23.920,-6.262,1.180
9539362,1905,1870,1865,-0.6353,-0.0079,0.9607,22.928,-5.682,1.233
9539372,1773,1954,1894,-0.6334,0.0046,0.9545,17.731,-3.928,1.367
9539382,1775,1884,1856,-0.6375,-0.0033,0.9414,10.199,-2.274,1.028
9539392,1963,1883,1876,-0.6475,-0.0204,0.9261,2.847,-1.464,0.524
9539402,1849,1862,1856,-0.6561,-0.0452,0.8997,-2.410,-0.772,-0.019
9539412,1636,1890,1874,-0.6579,-0.0661,0.8925,-5.480,-0.698,-0.423
9539422,1786,1876,1866,-0.6568,-0.0696,0.8949,-6.571,-1.006,-0.459
9539432,1642,1861,1867,-0.6541,-0.0632,0.8885,-6.207,-0.828,-0.459
9539442,1695,1863,1863,-0.6509,-0.0591,0.8864,-5.177,-0.542,-0.716
9539452,1631,1905,1859,-0.6498,-0.0631,0.8834,-4.083,-0.360,-1.237
9539462,1644,1874,1893,-0.6517,-0.0721,0.8730,-2.952,-0.022,-1.794
9539472,1986,1862,1917,-0.6553,-0.0804,0.8682,-1.949,0.059,-2.124
9539482,2007,1868,1904,-0.6581,-0.0892,0.8661,-1.268,-0.245,-2.084
9539492,1691,1903,1862,-0.6643,-0.0921,0.8641,-0.968,-0.683,-1.672
9539502,1739,1862,1861,-0.6687,-0.0962,0.8635,-1.065,-1.330,-1.063
9539512,1750,1870,1872,-0.6720,-0.0990,0.8613,-1.747,-2.050,-0.371
9539522,1637,1862,1855,-0.6756,-0.0957,0.8534,-2.763,-2.716,0.517
9539532,1628,1866,1890,-0.6761,-0.0971,0.8493,-4.031,-3.472,1.502
9539542,1630,1960,1871,-0.6715,-0.1009,0.8544,-5.914,-4.632,2.504
9539552,1725,1860,1863,-0.6653,-0.0983,0.8600,-8.050,-5.821,3.583
9539562,1827,1882,1882,-0.6591,-0.0949,0.8629,-10.085,-6.800,4.629
9539572,1836,1900,1875,-0.6505,-0.0972,0.8731,-11.974,-7.800,5.399
9539582,1642,1871,1867,-0.6408,-0.1037,0.8855,-13.486,-8.601,5.986
9539592,1752,1901,1873,-0.6339,-0.1091,0.8901,-14.622,-8.867,6.549
9539602,1639,1862,1863,-0.6340,-0.1121,0.8851,-14.915,-8.330,7.059
9539612,1830,1872,1869,-0.6332,-0.1013,0.8959,-14.511,-7.787,7.449
9539622,1700,1863,1855,-0.6286,-0.0838,0.9134,-13.349,-7.336,7.552
9539632,1849,1863,1962,-0.6221,-0.0675,0.9242,-11.521,-6.354,7.235
9539642,2197,1903,1860,-0.6147,-0.0535,0.9382,-9.854,-5.199,6.498
9539652,2820,1984,2025,-0.6089,-0.0435,0.9482,-8.498,-3.791,5.313
9539662,2463,1891,1866,-0.6019,-0.0383,0.9548,-7.261,-1.979,3.702
9539672,1718,1985,1869,-0.5946,-0.0429,0.9624,-6.216,-0.088,1.730
9539682,1683,1899,1857,-0.5916,-0.0565,0.9592,-5.117,2.117,-0.404
9539692,2236,1873,1876,-0.6003,-0.0747,0.9276,-3.641,4.735,-2.513
9539702,1625,1903,1873,-0.6220,-0.0926,0.8709,-1.092,7.141,-4.463
9539712,1627,1924,1923,-0.6472,-0.1173,0.8055,3.155,8.510,-6.285
9539722,1859,2061,1862,-0.6687,-0.1429,0.7589,8.749,7.955,-7.779
9539732,1642,1894,1893,-0.6798,-0.1495,0.7520,14.884,5.410,-8.538
9539742,1752,1944,1855,-0.6804,-0.1212,0.7955,20.288,1.793,-8.281
9539752,1806,1945,1905,-0.6667,-0.0834,0.8568,23.409,-1.512,-7.443
9539762,1708,1886,1867,-0.6501,-0.0549,0.8821,23.230,-2.635,-6.649
9539772,1678,1923,1899,-0.6340,-0.0414,0.9174,18.835,-3.187,-5.977
9539782,1721,1868,1856,-0.6248,-0.0402,0.9242,11.032,-3.146,-5.351
9539792,1706,1862,1877,-0.6250,-0.0462,0.9260,1.692,-2.799,-4.965
9539802,1816,1913,1856,-0.6278,-0.0590,0.9323,-6.731,-2.858,-4.738
9539812,1772,1892,1876,-0.6299,-0.0803,0.9435,-12.894,-2.709,-4.760
9539822,1985,1898,1881,-0.6319,-0.0965,0.9503,-16.157,-2.017,-4.773
9539832,1766,1882,1880,-0.6328,-0.1043,0.9517,-16.558,-0.601,-4.756
9539842,1919,1873,1875,-0.6304,-0.1058,0.9639,-14.801,1.002,-4.960
9539852,1767,1870,1883,-0.6279,-0.1038,0.9698,-11.480,2.920,-5.552
9539862,1669,1888,1859,-0.6280,-0.0952,0.9731,-7.024,5.286,-6.525
9539872,1794,1900,1902,-0.6285,-0.0819,0.9834,-1.841,7.554,-7.919
9539882,1733,1903,1862,-0.6328,-0.0639,0.9847,3.737,10.129,-9.775
9539892,2135,1880,1876,-0.6369,-0.0456,0.9842,9.254,12.722,-12.090
9539902,1726,1875,1859,-0.6408,-0.0293,0.9802,14.342,15.135,-14.846
9539912,1770,1902,1872,-0.6446,-0.0152,0.9742,18.937,17.332,-17.950
9539922,1688,1863,1856,-0.6479,-0.0048,0.9682,22.914,19.214,-21.334
9539932,1880,1992,1889,-0.6514,0.0032,0.9593,26.175,20.784,-24.913
9539942,1822,1869,1856,-0.6536,0.0097,0.9475,28.812,22.081,-28.618
9539952,1713,1876,1863,-0.6551,0.0158,0.9405,30.819,22.975,-32.432
9539962,1758,1918,1860,-0.6560,0.0193,0.9377,32.308,23.465,-36.335
9539972,1733,1875,1869,-0.6580,0.0223,0.9353,33.297,23.711,-40.315
9539982,1763,1860,1856,-0.6592,0.0213,0.9334,34.089,23.814,-44.356
9539992,1921,1989,1869,-0.6605,0.0173,0.9335,34.894,23.821,-48.491
9540002,2135,1865,1863,-0.6624,0.0099,0.9342,36.044,23.860,-52.586
9540012,1624,1859,1888,-0.6659,0.0005,0.9312,37.529,24.006,-56.575
9540022,1635,1889,1861,-0.6687,-0.0115,0.9266,39.526,24.243,-60.403
9540032,1875,1863,1873,-0.6736,-0.0211,0.9216,41.984,24.496,-64.057
9540042,1635,1875,1857,-0.6779,-0.0311,0.9148,44.973,24.872,-67.565
9540052,1789,1868,1870,-0.6815,-0.0377,0.9079,48.245,25.330,-71.006
9540062,1862,1879,1859,-0.6819,-0.0433,0.9025,51.804,25.582,-74.432
9540072,1838,1923,1875,-0.6790,-0.0451,0.8984,55.606,25.619,-77.882
9540082,2278,1869,1865,-0.6757,-0.0470,0.8931,59.759,25.593,-81.400
9540092,1870,1870,1878,-0.6765,-0.0414,0.9020,64.326,25.312,-84.863
9540102,2338,1874,1860,-0.6790,-0.0295,0.9045,69.032,25.076,-88.422
9540112,1822,1924,1870,-0.6809,-0.0286,0.8866,74.631,25.643,-92.448
9540122,1664,1868,1867,-0.6863,-0.0258,0.8935,80.877,25.803,-96.795
9540132,1619,1879,1884,-0.6877,-0.0278,0.9037,87.539,25.509,-101.388
9540142,1624,1936,1858,-0.6893,-0.0326,0.8937,94.682,25.974,-106.244
9540152,1749,1889,1893,-0.6869,-0.0458,0.8906,102.072,26.404,-111.143
9540162,1685,2033,1881,-0.6833,-0.0624,0.8909,109.179,26.348,-115.803
9540172,1743,2032,1886,-0.6804,-0.0754,0.8814,115.729,26.309,-119.760
9540182,1713,1986,1873,-0.6806,-0.0865,0.8715,121.321,25.947,-122.977
9540192,1651,1977,1893,-0.6793,-0.0941,0.8675,125.800,24.894,-125.440
9540202,1872,1930,1870,-0.6807,-0.0932,0.8540,129.222,23.548,-127.193
9540212,1619,1922,1897,-0.6835,-0.0891,0.8321,131.858,22.084,-128.442
9540222,1645,1961,1887,-0.6904,-0.0781,0.8168,133.545,19.842,-129.323
9540232,1663,1938,1908,-0.6920,-0.0724,0.8000,134.362,16.906,-130.093
9540242,1734,1974,1901,-0.6897,-0.0698,0.7809,134.228,13.321,-130.821
9540252,1750,1985,1927,-0.6839,-0.0664,0.7736,133.040,8.883,-131.336
9540262,1768,1927,1889,-0.6783,-0.0585,0.7769,130.862,3.710,-131.527
9540272,2076,1889,1915,-0.6688,-0.0537,0.7854,127.701,-1.688,-131.628
9540282,1735,1874,1903,-0.6571,-0.0479,0.7964,123.717,-6.926,-131.740
9540292,2207,2003,1892,-0.6417,-0.0503,0.8009,119.172,-11.529,-132.001
9540302,1681,1871,1870,-0.6270,-0.0470,0.8025,114.288,-15.644,-132.201
9540312,1622,1866,1941,-0.6170,-0.0500,0.8011,109.572,-19.280,-132.367
9540322,1642,1886,1898,-0.6077,-0.0527,0.7875,105.212,-22.572,-132.552
9540332,1852,1913,1930,-0.5966,-0.0600,0.7693,101.400,-25.857,-132.858
9540342,1630,1955,1870,-0.5824,-0.0735,0.7720,97.705,-29.851,-133.280
9540352,1763,1872,1886,-0.5664,-0.0838,0.7809,93.982,-34.215,-133.546
9540362,1634,1874,1874,-0.5464,-0.0916,0.7840,90.475,-38.013,-133.503
9540372,1821,1902,1917,-0.5258,-0.0975,0.7936,87.166,-41.376,-133.182
9540382,1642,1896,1886,-0.5080,-0.0995,0.8058,84.200,-44.371,-132.525
9540392,1716,1875,1906,-0.4922,-0.1017,0.8086,81.961,-46.609,-131.701
9540402,1777,1936,1887,-0.4769,-0.1049,0.8179,80.304,-48.838,-130.751
9540412,1655,1910,1954,-0.4665,-0.1066,0.8257,79.058,-51.241,-129.786
9540422,1881,1917,1895,-0.4524,-0.1097,0.8375,77.919,-53.916,-128.952
9540432,1642,1863,1882,-0.4352,-0.1152,0.8510,76.484,-56.827,-128.498
9540442,1663,1869,1858,-0.4131,-0.1268,0.8594,74.513,-59.640,-128.398
9540452,1668,1861,1899,-0.3834,-0.1453,0.8708,71.091,-62.771,-128.357
9540462,1649,1867,1857,-0.3569,-0.1638,0.8781,67.686,-65.410,-128.061
9540472,1886,1882,1891,-0.3318,-0.1828,0.8909,64.447,-67.821,-127.420
9540482,2044,1860,1868,-0.3106,-0.1998,0.9014,61.411,-69.998,-126.298
9540492,1656,1883,1890,-0.2888,-0.2218,0.9115,58.453,-71.966,-124.661
9540502,1707,1876,1872,-0.2715,-0.2273,0.9288,55.392,-73.843,-122.307
9540512,1792,1934,1925,-0.2572,-0.2306,0.9469,52.310,-75.232,-119.460
9540522,1638,1868,1859,-0.2394,-0.2408,0.9674,48.942,-76.360,-116.391
9540532,1654,1896,1891,-0.2225,-0.2427,0.9745,45.187,-76.933,-113.171
9540542,1845,1882,1871,-0.2063,-0.2433,0.9838,41.703,-77.166,-110.054
9540552,1774,1870,1888,-0.1927,-0.2452,0.9918,38.624,-77.106,-107.249
9540562,1847,1862,1860,-0.1779,-0.2486,1.0018,35.963,-77.017,-104.827
9540572,1654,1916,1877,-0.1604,-0.2560,1.0089,33.672,-76.862,-102.811
9540582,1657,1900,1863,-0.1444,-0.2629,1.0184,31.865,-76.526,-101.061
9540592,1691,1941,1905,-0.1274,-0.2704,1.0240,30.612,-75.976,-99.333
9540602,1661,1861,1900,-0.1126,-0.2747,1.0283,29.868,-75.187,-97.450
9540612,1652,1895,1890,-0.1002,-0.2754,1.0316,29.544,-74.263,-95.445
9540622,1659,1883,1901,-0.0893,-0.2730,1.0370,29.610,-73.309,-93.364
9540632,2011,1949,1877,-0.0795,-0.2639,1.0481,29.855,-72.528,-91.274
9540642,1639,1869,1876,-0.0689,-0.2528,1.0617,30.189,-71.733,-89.367
9540652,1680,1883,1888,-0.0571,-0.2454,1.0747,30.231,-70.890,-87.819
9540662,2179,1870,1871,-0.0447,-0.2409,1.0805,29.897,-69.849,-86.556
9540672,1658,1964,1922,-0.0331,-0.2410,1.0877,29.166,-68.871,-85.443
9540682,1813,1926,1875,-0.0211,-0.2438,1.0939,28.120,-67.913,-84.301
9540692,1633,1900,1913,-0.0087,-0.2454,1.1060,26.804,-67.106,-82.994
9540702,1793,1896,1874,0.0039,-0.2486,1.1175,25.384,-66.257,-81.471
9540712,1685,1924,1873,0.0172,-0.2505,1.1300,23.924,-65.335,-79.711
9540722,1650,1887,1863,0.0302,-0.2504,1.1444,22.382,-64.258,-77.681
9540732,1912,1975,1877,0.0429,-0.2518,1.1539,20.518,-62.982,-75.373
9540742,1986,1862,1861,0.0576,-0.2509,1.1620,18.215,-61.580,-72.784
9540752,1692,1900,1904,0.0682,-0.2501,1.1713,15.527,-60.163,-69.991
9540762,1751,1869,1872,0.0778,-0.2454,1.1817,12.509,-58.789,-67.098
9540772,1648,1915,1866,0.0847,-0.2405,1.1860,9.234,-57.191,-64.286
9540782,1652,1865,1863,0.0905,-0.2399,1.1953,5.677,-55.635,-61.745
9540792,1644,1954,1879,0.0958,-0.2453,1.1966,1.935,-53.766,-59.472
9540802,1642,1869,1866,0.1035,-0.2535,1.1994,-1.763,-51.843,-57.333
9540812,1663,1895,1861,0.1101,-0.2639,1.1969,-5.046,-49.840,-55.136
9540822,1726,1869,1861,0.1184,-0.2791,1.1996,-7.703,-47.887,-52.753
9540832,1714,1895,1865,0.1233,-0.2841,1.2032,-9.679,-46.147,-50.011
9540842,1667,1865,1860,0.1235,-0.2753,1.2036,-10.859,-44.423,-47.102
9540852,1655,1896,1864,0.1300,-0.2708,1.2092,-11.275,-42.851,-44.306
9540862,1677,1894,1866,0.1348,-0.2747,1.2034,-11.303,-40.985,-42.056
9540872,1767,1879,1867,0.1391,-0.2789,1.2063,-10.425,-39.295,-40.058
9540882,1696,1863,1880,0.1401,-0.2753,1.2050,-9.309,-37.530,-38.192
9540892,1676,1903,1897,0.1411,-0.2718,1.2040,-8.322,-35.749,-36.640
9540902,1719,1875,1860,0.1435,-0.2719,1.2047,-7.216,-34.034,-35.444
9540912,1650,1870,1859,0.1461,-0.2708,1.2017,-5.688,-32.168,-34.327
9540922,1690,1864,1863,0.1471,-0.2675,1.1993,-3.824,-30.392,-33.184
9540932,1640,1880,1862,0.1466,-0.2640,1.1938,-2.071,-28.707,-32.066
9540942,1661,1887,1870,0.1479,-0.2607,1.1888,-0.535,-27.197,-30.983
9540952,1671,1891,1859,0.1479,-0.2560,1.1846,0.756,-25.947,-29.942
9540962,1702,1884,1864,0.1492,-0.2515,1.1834,1.752,-24.849,-28.993
9540972,1682,1897,1865,0.1502,-0.2465,1.1822,2.381,-23.885,-28.172
9540982,1847,1865,1866,0.1523,-0.2428,1.1747,2.863,-22.829,-27.460
9540992,1741,1946,1860,0.1555,-0.2414,1.1704,3.299,-21.913,-26.835
9541002,1646,1869,1861,0.1577,-0.2383,1.1650,3.810,-21.094,-26.225
9541012,1808,1877,1863,0.1599,-0.2353,1.1604,4.279,-20.336,-25.624
9541022,1670,1879,1863,0.1620,-0.2321,1.1538,4.725,-19.648,-25.026
9541032,1691,1927,1862,0.1651,-0.2300,1.1483,5.179,-19.054,-24.442
9541042,1675,1869,1879,0.1669,-0.2289,1.1424,5.569,-18.580,-23.826
9541052,1642,1906,1866,0.1694,-0.2254,1.1360,5.854,-18.247,-23.105
9541062,1652,1863,1914,0.1710,-0.2217,1.1316,5.942,-17.960,-22.314
9541072,1643,1885,1861,0.1743,-0.2186,1.1280,5.707,-17.763,-21.522
9541082,1711,1892,1869,0.1780,-0.2148,1.1230,5.219,-17.529,-20.707
9541092,2077,1901,1867,0.1810,-0.2112,1.1199,4.542,-17.304,-19.922
9541102,1725,1862,1867,0.1841,-0.2081,1.1142,3.758,-17.046,-19.208
9541112,1733,1916,1884,0.1859,-0.2071,1.1077,2.939,-16.769,-18.620
9541122,1636,1889,1859,0.1865,-0.2063,1.1005,2.230,-16.615,-18.122
9541132,2053,1873,1862,0.1873,-0.2085,1.0940,1.670,-16.566,-17.696
9541142,1677,1872,1870,0.1891,-0.2098,1.0897,1.352,-16.639,-17.308
9541152,1770,1876,1901,0.1899,-0.2130,1.0891,1.296,-16.781,-16.884
9541162,1731,1879,1924,0.1943,-0.2142,1.0855,1.585,-16.847,-16.338
9541172,1662,1879,1867,0.2043,-0.2184,1.1054,1.923,-17.079,-15.599
9541182,1646,1874,1870,0.2126,-0.2079,1.1254,1.836,-17.376,-14.244
9541192,1762,1878,1861,0.2199,-0.1892,1.1362,1.115,-16.701,-12.522
9541202,1654,1863,1864,0.2282,-0.1820,1.1614,-0.566,-16.066,-10.947
9541212,1672,1919,2029,0.2357,-0.1761,1.1726,-3.110,-14.732,-9.742
9541222,1639,1882,1890,0.2426,-0.1733,1.1982,-6.402,-13.332,-8.864
9541232,1639,1908,1866,0.2492,-0.1802,1.2150,-10.006,-11.738,-8.252
9541242,1655,1876,1881,0.2535,-0.1972,1.2179,-13.748,-9.581,-7.768
9541252,1891,1922,1863,0.2534,-0.2157,1.2137,-16.896,-7.644,-7.135
9541262,1642,1872,1865,0.2503,-0.2317,1.1971,-18.796,-5.735,-6.235
9541272,1650,1891,1864,0.2448,-0.2405,1.1799,-19.017,-4.242,-5.165
9541282,1639,1865,1863,0.2384,-0.2394,1.1558,-17.395,-3.016,-4.153
9541292,1639,1913,1958,0.2334,-0.2354,1.1392,-14.208,-2.246,-3.461
9541302,1642,1871,1897,0.2301,-0.2322,1.1256,-10.045,-1.923,-3.233
9541312,1649,1886,1919,0.2273,-0.2284,1.1180,-5.534,-1.671,-3.329
9541322,1655,1872,1972,0.2242,-0.2251,1.1121,-1.344,-1.512,-3.530
9541332,1641,1931,2040,0.2216,-0.2219,1.1030,2.176,-1.275,-3.732
9541342,1677,1871,1902,0.2202,-0.2185,1.0980,4.923,-1.158,-3.882
9541352,1748,1901,1945,0.2203,-0.2150,1.0923,7.017,-1.041,-3.993
9541362,1652,1873,1909,0.2198,-0.2121,1.0885,8.560,-0.922,-4.092
9541372,1646,1890,1902,0.2194,-0.2054,1.0929,9.707,-0.954,-4.214
9541382,1641,1863,1867,0.2200,-0.1988,1.0993,10.505,-1.047,-4.362
9541392,1678,1899,1861,0.2209,-0.1948,1.1101,10.900,-1.124,-4.551
9541402,1712,1864,1896,0.2236,-0.1905,1.1229,10.805,-1.221,-4.705
9541412,1643,1910,1874,0.2248,-0.1853,1.1300,10.240,-1.089,-4.716
9541422,1648,1861,2070,0.2247,-0.1793,1.1330,9.287,-0.703,-4.595
9541432,1645,1890,1890,0.2233,-0.1750,1.1289,8.225,-0.205,-4.375
9541442,1678,1865,1907,0.2215,-0.1711,1.1259,7.199,0.211,-4.097
9541452,1646,1891,1899,0.2197,-0.1689,1.1253,6.261,0.474,-3.807
9541462,1648,1887,1870,0.2178,-0.1684,1.1208,5.373,0.737,-3.544
9541472,1668,1882,1939,0.2161,-0.1686,1.1200,4.447,0.876,-3.329
9541482,1678,1868,1883,0.2156,-0.1686,1.1207,3.423,0.919,-3.154
9541492,1697,1918,1870,0.2156,-0.1668,1.1232,2.257,0.919,-2.989
9541502,1668,1862,1920,0.2160,-0.1669,1.1239,1.017,0.919,-2.857
9541512,1646,1910,1873,0.2162,-0.1697,1.1225,-0.167,0.960,-2.783
9541522,1709,1863,1871,0.2161,-0.1729,1.1181,-1.203,1.043,-2.767
9541532,1683,1918,1868,0.2167,-0.1770,1.1142,-2.069,1.131,-2.795
9541542,1687,1864,1913,0.2151,-0.1812,1.1131,-2.634,1.073,-2.838
9541552,1713,1911,1866,0.2136,-0.1839,1.1114,-2.922,0.939,-2.844
9541562,1677,1862,1875,0.2126,-0.1860,1.1116,-2.883,0.846,-2.834
9541572,1646,1874,1868,0.2110,-0.1857,1.1145,-2.613,0.644,-2.815
9541582,1678,1867,1868,0.2102,-0.1872,1.1152,-2.172,0.514,-2.843
9541592,1647,1882,1869,0.2106,-0.1882,1.1190,-1.622,0.402,-2.958
9541602,1664,1867,1866,0.2109,-0.1901,1.1201,-0.952,0.347,-3.127
9541612,1649,1899,1923,0.2095,-0.1904,1.1188,-0.183,0.388,-3.296
9541622,1648,1876,1888,0.2082,-0.1896,1.1180,0.715,0.450,-3.397
9541632,1652,1907,2047,0.2067,-0.1872,1.1164,1.732,0.490,-3.479
9541642,1678,1872,1889,0.2052,-0.1849,1.1142,2.737,0.501,-3.620
9541652,1680,1899,1859,0.2048,-0.1814,1.1145,3.615,0.393,-3.786
9541662,1774,1902,1861,0.2054,-0.1798,1.1147,4.284,0.245,-3.975
9541672,1711,1973,1891,0.2059,-0.1776,1.1136,4.681,0.111,-4.161
9541682,1653,1863,1870,0.2066,-0.1752,1.1139,4.822,-0.050,-4.296
9541692,1649,1888,1870,0.2071,-0.1732,1.1156,4.741,-0.198,-4.387
9541702,1659,1864,1888,0.2087,-0.1708,1.1166,4.476,-0.358,-4.444
9541712,1660,1909,1868,0.2115,-0.1704,1.1176,4.112,-0.457,-4.474
9541722,1678,1869,1872,0.2139,-0.1706,1.1166,3.771,-0.525,-4.486
9541732,1654,1918,1895,0.2158,-0.1683,1.1130,3.552,-0.527,-4.455
9541742,1672,1863,1927,0.2167,-0.1675,1.1115,3.493,-0.574,-4.405
9541752,1672,1920,1888,0.2165,-0.1668,1.1092,3.522,-0.536,-4.309
9541762,1773,1895,1875,0.2142,-0.1643,1.1141,3.684,-0.574,-4.106
9541772,1648,1911,1898,0.2117,-0.1624,1.1168,3.806,-0.655,-3.905
9541782,1672,1867,1975,0.2084,-0.1612,1.1192,3.844,-0.664,-3.718
9541792,1652,1905,1999,0.2062,-0.1587,1.1196,3.739,-0.740,-3.500
9541802,1703,1870,1966,0.2065,-0.1558,1.1193,3.468,-0.833,-3.235
9541812,1652,1905,1982,0.2082,-0.1546,1.1216,3.085,-0.947,-2.948
9541822,1666,1871,1882,0.2093,-0.1530,1.1208,2.622,-1.044,-2.650
9541832,1660,1898,1868,0.2105,-0.1536,1.1183,2.138,-1.096,-2.381
9541842,1723,1865,1871,0.2112,-0.1540,1.1158,1.650,-1.130,-2.168
9541852,1652,1903,1895,0.2118,-0.1559,1.1164,1.127,-1.161,-2.015
9541862,1690,1867,2120,0.2126,-0.1577,1.1154,0.554,-1.220,-1.926
9541872,1656,1941,1997,0.2135,-0.1596,1.1160,0.025,-1.284,-1.869
9541882,1664,1867,1872,0.2138,-0.1620,1.1167,-0.364,-1.398,-1.848
9541892,1653,1895,2142,0.2132,-0.1634,1.1152,-0.567,-1.445,-1.822
9541902,1689,1867,1887,0.2132,-0.1650,1.1160,-0.581,-1.476,-1.809
9541912,1658,1932,1907,0.2134,-0.1662,1.1171,-0.432,-1.507,-1.772
9541922,1694,1874,1895,0.2134,-0.1674,1.1154,-0.137,-1.495,-1.746
9541932,1652,1885,1927,0.2134,-0.1671,1.1122,0.241,-1.443,-1.733
9541942,1728,1880,2136,0.2138,-0.1665,1.1121,0.664,-1.420,-1.760
9541952,1661,1920,1870,0.2147,-0.1652,1.1118,1.082,-1.442,-1.808
9541962,1696,1869,1976,0.2158,-0.1635,1.1132,1.442,-1.452,-1.863
9541972,1653,1904,1881,0.2157,-0.1618,1.1149,1.656,-1.441,-1.924
9541982,1673,1865,1889,0.2154,-0.1601,1.1128,1.729,-1.306,-1.971
9541992,1668,1883,1875,0.2163,-0.1588,1.1139,1.699,-1.249,-2.020
9542002,1682,1869,2066,0.2164,-0.1581,1.1118,1.601,-1.188,-2.089
9542012,1662,1946,1869,0.2175,-0.1577,1.1099,1.495,-1.103,-2.154
9542022,1654,1894,1930,0.2189,-0.1583,1.1115,1.429,-1.115,-2.160
9542032,1655,1909,1929,0.2177,-0.1569,1.1111,1.347,-0.959,-2.080
9542042,1682,1866,1887,0.2177,-0.1560,1.1118,1.189,-0.813,-2.060
9542052,1672,1871,1865,0.2182,-0.1568,1.1120,0.990,-0.708,-2.045
9542062,1714,1885,2021,0.2177,-0.1567,1.1093,0.776,-0.560,-1.967
9542072,1711,1932,1877,0.2158,-0.1556,1.1097,0.655,-0.504,-1.830
9542082,1664,1867,1876,0.2155,-0.1542,1.1108,0.630,-0.456,-1.682
9542092,1662,1910,1874,0.2148,-0.1523,1.1132,0.571,-0.457,-1.523
9542102,1702,1877,1950,0.2151,-0.1510,1.1130,0.390,-0.425,-1.405
9542112,1658,1872,1871,0.2145,-0.1520,1.1121,0.067,-0.369,-1.339
9542122,1686,1863,1866,0.2152,-0.1534,1.1134,-0.338,-0.343,-1.306
9542132,1661,1914,1897,0.2132,-0.1544,1.1120,-0.721,-0.282,-1.254
9542142,1663,1895,1862,0.2124,-0.1548,1.1130,-1.031,-0.289,-1.170
9542152,1668,1922,2033,0.2124,-0.1556,1.1137,-1.277,-0.329,-1.049
9542162,1690,1863,1967,0.2123,-0.1561,1.1140,-1.479,-0.348,-0.914
9542172,1661,1905,1865,0.2123,-0.1564,1.1155,-1.634,-0.365,-0.801
9542182,1664,1866,1863,0.2126,-0.1580,1.1149,-1.728,-0.339,-0.730
9542192,1660,1903,1867,0.2127,-0.1591,1.1147,-1.780,-0.306,-0.700
9542202,1680,1869,1904,0.2126,-0.1599,1.1147,-1.779,-0.264,-0.694
9542212,1659,1894,1909,0.2125,-0.1603,1.1143,-1.714,-0.211,-0.687
9542222,1684,1863,1861,0.2127,-0.1606,1.1143,-1.611,-0.179,-0.644
9542232,1662,1866,2166,0.2129,-0.1605,1.1147,-1.496,-0.181,-0.614
9542242,1672,1867,1885,0.2136,-0.1603,1.1165,-1.414,-0.191,-0.632
9542252,1665,1904,1889,0.2130,-0.1608,1.1165,-1.385,-0.137,-0.690
9542262,1688,1864,1876,0.2134,-0.1606,1.1168,-1.436,-0.111,-0.780
9542272,1662,1906,1898,0.2129,-0.1603,1.1158,-1.532,-0.052,-0.885
9542282,1662,1872,1886,0.2120,-0.1606,1.1160,-1.570,-0.024,-0.974
9542292,1668,1889,1907,0.2109,-0.1599,1.1153,-1.503,0.006,-1.005
9542302,1692,1866,1869,0.2110,-0.1601,1.1145,-1.363,0.002,-0.981
9542312,1660,1917,1873,0.2115,-0.1603,1.1165,-1.218,-0.053,-0.901
9542322,1710,1869,1948,0.2118,-0.1599,1.1143,-1.112,-0.062,-0.754
9542332,1717,1995,1973,0.2122,-0.1585,1.1154,-1.060,-0.095,-0.567
9542342,1677,1863,1891,0.2129,-0.1583,1.1162,-1.099,-0.169,-0.421
9542352,1668,1921,1866,0.2120,-0.1588,1.1175,-1.196,-0.185,-0.336
9542362,1726,1893,1986,0.2122,-0.1582,1.1146,-1.345,-0.210,-0.304
9542372,1667,1913,1878,0.2110,-0.1576,1.1153,-1.599,-0.290,-0.341
9542382,1697,1865,1903,0.2107,-0.1586,1.1165,-1.999,-0.385,-0.477
9542392,1686,1918,1862,0.2116,-0.1623,1.1130,-2.392,-0.360,-0.685
9542402,1672,1868,1868,0.2121,-0.1652,1.1146,-2.621,-0.376,-0.861
9542412,1664,1887,1866,0.2116,-0.1663,1.1150,-2.689,-0.392,-1.002
9542422,1719,1876,1876,0.2113,-0.1674,1.1122,-2.596,-0.302,-1.148
9542432,1665,1909,1859,0.2110,-0.1676,1.1115,-2.335,-0.196,-1.287
9542442,1730,1870,1907,0.2113,-0.1672,1.1128,-1.928,-0.132,-1.409
9542452,1675,1897,1901,0.2119,-0.1674,1.1132,-1.473,-0.018,-1.505
9542462,1705,1885,1872,0.2109,-0.1667,1.1114,-1.037,0.122,-1.558
9542472,1663,1883,1937,0.2097,-0.1650,1.1118,-0.670,0.174,-1.561
9542482,1709,1870,1899,0.2088,-0.1640,1.1126,-0.405,0.215,-1.508
9542492,1674,1895,1932,0.2075,-0.1616,1.1138,-0.241,0.259,-1.396
9542502,1722,1869,2054,0.2075,-0.1601,1.1144,-0.232,0.269,-1.230
9542512,1671,1901,1910,0.2067,-0.1587,1.1147,-0.368,0.248,-1.052
9542522,1698,1873,1866,0.2070,-0.1579,1.1170,-0.597,0.165,-0.876
9542532,1664,1917,1918,0.2071,-0.1577,1.1161,-0.906,0.100,-0.699
9542542,1689,1864,1878,0.2067,-0.1578,1.1145,-1.263,0.075,-0.526
9542552,1666,1894,1899,0.2068,-0.1589,1.1144,-1.652,-0.009,-0.344
9542562,1760,1869,1888,0.2071,-0.1598,1.1138,-2.038,-0.103,-0.173
9542572,1667,1898,1918,0.2067,-0.1615,1.1131,-2.408,-0.164,-0.025
9542582,1666,1903,1891,0.2071,-0.1626,1.1150,-2.752,-0.273,0.061
9542592,1682,1917,1892,0.2065,-0.1647,1.1138,-3.036,-0.349,0.061
9542602,1770,1891,1863,0.2068,-0.1663,1.1148,-3.212,-0.390,-0.003
9542612,1671,1900,1861,0.2070,-0.1682,1.1163,-3.252,-0.417,-0.097
9542622,1729,1876,1941,0.2065,-0.1707,1.1147,-3.148,-0.361,-0.199
9542632,1682,1933,1870,0.2049,-0.1723,1.1134,-2.895,-0.325,-0.269
9542642,1679,1863,1875,0.2057,-0.1734,1.1141,-2.518,-0.308,-0.308
9542652,1670,1886,1876,0.2065,-0.1734,1.1150,-2.116,-0.365,-0.343
9542662,1695,1871,2158,0.2081,-0.1728,1.1146,-1.785,-0.406,-0.401
9542672,1672,1900,1878,0.2079,-0.1719,1.1127,-1.504,-0.375,-0.504
9542682,1698,1874,2064,0.2076,-0.1721,1.1117,-1.214,-0.330,-0.658
9542692,1667,1901,1876,0.2074,-0.1728,1.1114,-0.926,-0.296,-0.797
9542702,1716,1868,1859,0.2067,-0.1727,1.1116,-0.661,-0.262,-0.882
9542712,1670,1885,1962,0.2057,-0.1706,1.1132,-0.534,-0.269,-0.977
9542722,1694,1863,1861,0.2053,-0.1697,1.1117,-0.538,-0.262,-1.116
9542732,1678,1912,1902,0.2054,-0.1692,1.1123,-0.617,-0.284,-1.261
9542742,1695,1865,1916,0.2057,-0.1693,1.1142,-0.722,-0.375,-1.378
9542752,1675,1891,1869,0.2059,-0.1702,1.1138,-0.818,-0.414,-1.493
9542762,1723,1882,1867,0.2063,-0.1702,1.1144,-0.844,-0.476,-1.585
9542772,1704,1898,1865,0.2059,-0.1703,1.1138,-0.797,-0.554,-1.653
9542782,1728,1865,1975,0.2053,-0.1694,1.1131,-0.693,-0.620,-1.664
9542792,1867,1881,1861,0.2054,-0.1701,1.1139,-0.584,-0.747,-1.638
9542802,1698,1865,1876,0.2061,-0.1705,1.1141,-0.472,-0.843,-1.581
9542812,1675,1890,1864,0.2061,-0.1696,1.1122,-0.325,-0.905,-1.483
9542822,1693,1869,1861,0.2064,-0.1686,1.1108,-0.149,-0.942,-1.359
9542832,1669,1883,2001,0.2060,-0.1679,1.1117,0.011,-0.991,-1.231
9542842,1708,1875,1957,0.2057,-0.1663,1.1136,0.106,-1.040,-1.067
9542852,1696,1930,1876,0.2059,-0.1656,1.1130,0.130,-1.028,-0.872
9542862,1693,1868,1945,0.2080,-0.1660,1.1138,0.027,-1.069,-0.682
9542872,1674,1873,1893,0.2071,-0.1676,1.1169,-0.288,-1.102,-0.468
9542882,1680,1866,1873,0.2058,-0.1636,1.1167,-0.631,-1.082,-0.168
9542892,1669,1892,1866,0.2048,-0.1644,1.1141,-0.995,-0.941,-0.028
9542902,1697,1864,1885,0.2050,-0.1673,1.1142,-1.180,-0.916,0.021
9542912,1674,1872,1869,0.2047,-0.1668,1.1126,-1.174,-0.880,0.154
9542922,1701,1869,1861,0.2050,-0.1664,1.1138,-1.112,-0.907,0.343
9542932,1681,1879,1868,0.2050,-0.1672,1.1149,-1.116,-0.946,0.493
9542942,1738,1868,1880,0.2050,-0.1676,1.1130,-1.214,-0.891,0.588
9542952,1673,1880,1988,0.2054,-0.1676,1.1150,-1.391,-0.934,0.620
9542962,1700,1872,1860,0.2056,-0.1684,1.1139,-1.620,-0.940,0.604
9542972,1672,1899,1864,0.2048,-0.1703,1.1116,-1.826,-0.886,0.552
9542982,1685,1869,1911,0.2052,-0.1723,1.1124,-1.984,-0.907,0.471
9542992,1674,1904,1887,0.2053,-0.1739,1.1131,-2.058,-0.921,0.406
9543002,1682,1869,1897,0.2051,-0.1748,1.1131,-2.000,-0.901,0.347
9543012,1674,1887,1884,0.2059,-0.1755,1.1141,-1.848,-0.871,0.295
9543022,1692,1868,1928,0.2067,-0.1759,1.1136,-1.629,-0.810,0.236
9543032,1683,1871,1904,0.2071,-0.1765,1.1136,-1.386,-0.737,0.190
9543042,1720,1868,1860,0.2067,-0.1755,1.1122,-1.145,-0.602,0.143
9543052,1674,1896,1909,0.2058,-0.1751,1.1134,-0.938,-0.487,0.076
9543062,1711,1867,1931,0.2051,-0.1746,1.1128,-0.798,-0.375,0.006
9543072,1677,1900,1998,0.2046,-0.1739,1.1136,-0.723,-0.288,-0.059
9543082,1703,1864,1873,0.2045,-0.1738,1.1133,-0.736,-0.182,-0.104
9543092,1678,1902,1910,0.2048,-0.1730,1.1128,-0.840,-0.063,-0.166
9543102,1706,1866,2069,0.2052,-0.1725,1.1126,-1.016,0.048,-0.230
9543112,1681,1871,1861,0.2051,-0.1725,1.1110,-1.208,0.171,-0.297
9543122,1685,1865,1887,0.2058,-0.1730,1.1114,-1.399,0.251,-0.372
9543132,1677,1898,1865,0.2057,-0.1736,1.1133,-1.544,0.325,-0.444
9543142,1716,1868,1860,0.2055,-0.1743,1.1141,-1.663,0.396,-0.500
9543152,1677,1893,2071,0.2050,-0.1730,1.1153,-1.794,0.432,-0.555
9543162,1696,1871,1859,0.2047,-0.1735,1.1161,-2.021,0.431,-0.665
9543172,1723,1909,2066,0.2040,-0.1752,1.1144,-2.226,0.468,-0.801
9543182,1697,1877,1895,0.2042,-0.1771,1.1131,-2.324,0.478,-0.882
9543192,1678,1902,1918,0.2035,-0.1778,1.1142,-2.301,0.406,-0.907
9543202,1697,1868,1993,0.2033,-0.1783,1.1140,-2.194,0.342,-0.933
9543212,1696,1866,1881,0.2027,-0.1789,1.1134,-2.040,0.321,-0.957
9543222,1704,1866,1916,0.2028,-0.1783,1.1146,-1.855,0.213,-0.960
9543232,1680,1904,1860,0.2021,-0.1787,1.1158,-1.644,0.086,-0.939
9543242,1700,1864,1861,0.2014,-0.1785,1.1145,-1.383,0.025,-0.872
9543252,1678,1910,1874,0.2002,-0.1782,1.1154,-1.092,-0.064,-0.761
9543262,1730,1867,1887,0.1992,-0.1770,1.1143,-0.837,-0.199,-0.637
9543272,1679,1878,1877,0.1995,-0