
6339732,1523,1871,1904,0.2860,-0.1308,1.1075,-2.935,-0.013,-0.716
6339742,1466,1899,1934,0.2856,-0.1284,1.1089,-1.407,-0.242,-0.846
6339752,1521,1871,1858,0.2850,-0.1250,1.1084,-0.073,-0.463,-1.002
6339762,1466,1874,2237,0.2844,-0.1223,1.1072,0.987,-0.678,-1.115
6339772,1523,1872,1880,0.2829,-0.1200,1.1060,1.697,-0.909,-1.179
6339782,1504,1869,1884,0.2829,-0.1186,1.1057,2.101,-1.134,-1.177
6339792,1527,1887,1880,0.2822,-0.1165,1.1075,2.179,-1.412,-1.123
6339802,1476,1871,1856,0.2822,-0.1148,1.1058,2.031,-1.696,-1.048
6339812,1514,1873,1853,0.2823,-0.1145,1.1058,1.740,-1.944,-0.996
6339822,1470,1897,1903,0.2828,-0.1146,1.1066,1.399,-2.205,-0.937
6339832,1527,1879,1849,0.2827,-0.1154,1.1042,1.174,-2.358,-0.832
6339842,1496,1885,1852,0.2830,-0.1141,1.1033,1.100,-2.470,-0.689
6339852,1524,1867,1854,0.2825,-0.1146,1.1021,1.084,-2.557,-0.549
6339862,1475,1876,1893,0.2822,-0.1146,1.1027,1.173,-2.612,-0.423
6339872,1518,1873,1853,0.2812,-0.1141,1.1042,1.278,-2.643,-0.259
6339882,1483,1870,1927,0.2807,-0.1136,1.1028,1.425,-2.575,-0.012
6339892,1530,1875,1859,0.2810,-0.1120,1.1048,1.552,-2.458,0.295
6339902,1481,1871,1898,0.2821,-0.1106,1.1043,1.615,-2.329,0.649
6339912,1524,1874,1934,0.2834,-0.1089,1.1023,1.661,-2.097,1.036
6339922,1476,1879,2029,0.2853,-0.1083,1.1015,1.674,-1.814,1.444
6339932,1530,1875,1876,0.2878,-0.1077,1.0988,1.699,-1.460,1.845
6339942,1481,1871,1912,0.2904,-0.1064,1.0977,1.666,-1.015,2.195
6339952,1524,1878,1915,0.2932,-0.1043,1.0953,1.501,-0.549,2.466
6339962,1480,1871,1910,0.2949,-0.1034,1.0924,1.202,-0.016,2.645
6339972,1515,1872,1876,0.2976,-0.1015,1.0917,0.721,0.485,2.723
6339982,1472,1879,1935,0.2986,-0.1005,1.0916,-0.001,0.909,2.710
6339992,1540,1874,1880,0.2995,-0.1005,1.0918,-0.928,1.313,2.598
6340002,1476,1871,1886,0.2986,-0.1017,1.0924,-2.171,1.606,2.424
6340012,1524,1876,1944,0.2972,-0.1039,1.0955,-3.656,1.809,2.241
6340022,1480,1873,1928,0.2952,-0.1069,1.0962,-5.259,1.953,2.079
6340032,1516,1870,1876,0.2923,-0.1099,1.0989,-6.858,2.001,1.925
6340042,1485,1874,1897,0.2891,-0.1155,1.1002,-8.182,1.966,1.714
6340052,1612,1874,1904,0.2863,-0.1208,1.1014,-9.094,1.885,1.518
6340062,1487,1873,1898,0.2845,-0.1261,1.1043,-9.616,1.724,1.317
6340072,1502,1870,1895,0.2828,-0.1314,1.1080,-9.718,1.514,1.089
6340082,1485,1871,1907,0.2815,-0.1363,1.1077,-9.401,1.311,0.860
6340092,1522,1877,1863,0.2814,-0.1412,1.1094,-8.737,1.084,0.644
6340102,1477,1872,1883,0.2804,-0.1436,1.1092,-7.737,0.856,0.469
6340112,1501,1887,1868,0.2799,-0.1441,1.1102,-6.434,0.657,0.317
6340122,1485,1882,1903,0.2795,-0.1432,1.1103,-4.994,0.436,0.156
6340132,1508,1874,1871,0.2790,-0.1401,1.1088,-3.486,0.273,-0.031
6340142,1526,1871,1905,0.2787,-0.1373,1.1067,-2.078,0.135,-0.197
6340152,1535,1877,1879,0.2771,-0.1348,1.1064,-0.880,-0.038,-0.321
6340162,1489,1871,1909,0.2768,-0.1325,1.1066,0.042,-0.238,-0.423
6340172,1535,1876,1876,0.2761,-0.1315,1.1065,0.645,-0.428,-0.499
6340182,1493,1870,1902,0.2757,-0.1304,1.1063,0.964,-0.621,-0.512
6340192,1525,1873,1882,0.2743,-0.1284,1.1062,0.989,-0.912,-0.436
6340202,1480,1873,1904,0.2736,-0.1255,1.1059,0.832,-1.163,-0.280
6340212,1549,1884,1870,0.2732,-0.1227,1.1058,0.550,-1.380,-0.053
6340222,1488,1872,1898,0.2731,-0.1206,1.1048,0.253,-1.523,0.208
6340232,1509,1884,1870,0.2737,-0.1197,1.1050,-0.045,-1.620,0.496
6340242,1483,1876,1891,0.2745,-0.1185,1.1047,-0.362,-1.668,0.815
6340252,1531,1879,1866,0.2747,-0.1176,1.1023,-0.712,-1.624,1.132
6340262,1490,1875,1903,0.2759,-0.1163,1.1013,-1.103,-1.609,1.421
6340272,1512,1879,1859,0.2777,-0.1159,1.0989,-1.541,-1.540,1.656
6340282,1486,1875,1877,0.2784,-0.1143,1.0984,-1.951,-1.412,1.881
6340292,1520,1873,1872,0.2803,-0.1130,1.0986,-2.493,-1.297,2.068
6340302,1493,1875,1921,0.2808,-0.1127,1.0953,-3.141,-1.086,2.189
6340312,1509,1885,1889,0.2812,-0.1139,1.0939,-3.934,-0.832,2.250
6340322,1509,1875,1898,0.2816,-0.1154,1.0941,-4.917,-0.636,2.269
6340332,1517,1872,1880,0.2816,-0.1176,1.0937,-6.023,-0.441,2.256
6340342,1484,1879,1901,0.2830,-0.1212,1.0951,-7.242,-0.250,2.226
6340352,1535,1868,1878,0.2843,-0.1264,1.0950,-8.533,-0.067,2.213
6340362,1490,1879,1909,0.2854,-0.1320,1.0960,-9.786,0.103,2.232
6340372,1563,1872,1887,0.2860,-0.1384,1.0977,-10.993,0.199,2.274
6340382,1493,1874,1908,0.2865,-0.1435,1.0977,-12.022,0.306,2.318
6340392,1655,1884,1872,0.2866,-0.1490,1.0975,-12.843,0.406,2.326
6340402,1507,1872,1905,0.2864,-0.1526,1.0992,-13.371,0.420,2.276
6340412,1498,1877,1879,0.2851,-0.1565,1.0991,-13.649,0.420,2.122
6340422,1495,1873,1902,0.2838,-0.1608,1.0985,-13.590,0.466,1.890
6340432,1510,1877,1869,0.2823,-0.1651,1.1002,-13.334,0.459,1.573
6340442,1490,1880,1899,0.2814,-0.1681,1.1001,-12.858,0.383,1.228
6340452,1535,1878,1872,0.2801,-0.1714,1.0988,-12.239,0.320,0.892
6340462,1533,1877,1905,0.2787,-0.1761,1.0984,-11.538,0.203,0.589
6340472,1510,1877,1872,0.2772,-0.1805,1.0998,-10.685,0.046,0.353
6340482,1507,1872,1903,0.2745,-0.1819,1.1011,-9.730,-0.192,0.157
6340492,1519,1878,1875,0.2742,-0.1836,1.1018,-8.710,-0.428,-0.060
6340502,1493,1875,1904,0.2745,-0.1850,1.1023,-7.608,-0.707,-0.291
6340512,1629,1884,1879,0.2742,-0.1854,1.1031,-6.429,-0.983,-0.489
6340522,1490,1873,1902,0.2743,-0.1848,1.1030,-5.144,-1.211,-0.685
6340532,1539,1874,1880,0.2732,-0.1847,1.1016,-3.748,-1.396,-0.897
6340542,1503,1879,1904,0.2726,-0.1844,1.1015,-2.382,-1.571,-1.132
6340552,1552,1882,1883,0.2727,-0.1833,1.1013,-1.064,-1.746,-1.385
6340562,1516,1876,1896,0.2721,-0.1815,1.1011,0.104,-1.936,-1.624
6340572,1547,1874,1877,0.2723,-0.1800,1.1002,1.101,-2.055,-1.830
6340582,1564,1886,1903,0.2725,-0.1780,1.0992,1.869,-2.152,-2.005
6340592,1547,1876,1878,0.2726,-0.1754,1.0994,2.316,-2.278,-2.140
6340602,1503,1878,1894,0.2730,-0.1733,1.0992,2.451,-2.340,-2.246
6340612,1539,1881,1877,0.2725,-0.1721,1.0980,2.282,-2.392,-2.305
6340622,1507,1870,1890,0.2728,-0.1708,1.0977,1.845,-2.475,-2.334
6340632,1546,1877,1883,0.2729,-0.1691,1.0976,1.234,-2.534,-2.310
6340642,1502,1874,1902,0.2737,-0.1673,1.0971,0.504,-2.562,-2.262
6340652,1559,1882,1877,0.2748,-0.1659,1.0954,-0.336,-2.565,-2.206
6340662,1503,1874,1900,0.2758,-0.1648,1.0935,-1.166,-2.548,-2.158
6340672,1577,1885,1879,0.2778,-0.1645,1.0928,-1.932,-2.476,-2.115
6340682,1505,1874,1899,0.2784,-0.1642,1.0915,-2.549,-2.368,-2.089
6340692,1529,1881,1875,0.2806,-0.1642,1.0913,-3.100,-2.268,-2.058
6340702,1638,1877,1890,0.2821,-0.1643,1.0917,-3.538,-2.171,-2.028
6340712,1553,1874,1870,0.2836,-0.1650,1.0918,-3.937,-2.019,-2.010
6340722,1504,1873,1886,0.2846,-0.1657,1.0914,-4.313,-1.867,-1.982
6340732,1527,1873,1878,0.2854,-0.1668,1.0901,-4.645,-1.667,-1.932
6340742,1516,1872,1896,0.2863,-0.1692,1.0896,-4.958,-1.478,-1.857
6340752,1617,1887,1873,0.2878,-0.1716,1.0900,-5.291,-1.362,-1.761
6340762,1541,1880,1898,0.2898,-0.1736,1.0933,-5.655,-1.260,-1.612
6340772,1518,1884,1874,0.2906,-0.1754,1.0956,-6.030,-1.135,-1.413
6340782,1505,1873,1914,0.2907,-0.1778,1.0976,-6.441,-1.009,-1.168
6340792,1555,1880,1876,0.2914,-0.1797,1.1012,-6.793,-0.912,-0.904
6340802,1507,1885,1908,0.2908,-0.1806,1.1029,-7.026,-0.783,-0.627
6340812,1539,1883,1894,0.2898,-0.1817,1.1058,-7.115,-0.661,-0.375
6340822,1520,1873,1870,0.2888,-0.1824,1.1118,-7.112,-0.612,-0.152
6340832,1506,1885,1863,0.2888,-0.1832,1.1167,-7.029,-0.563,0.040
6340842,1522,1875,1902,0.2896,-0.1847,1.1242,-7.082,-0.431,0.199
6340852,1565,1894,1867,0.2888,-0.1849,1.1340,-7.227,-0.207,0.367
6340862,1568,1910,1903,0.2882,-0.1842,1.1411,-7.431,0.189,0.562
6340872,1657,1900,1877,0.2875,-0.1877,1.1474,-7.887,0.643,0.778
6340882,1666,1903,1909,0.2859,-0.1937,1.1556,-8.422,1.116,1.065
6340892,1826,1873,1907,0.2841,-0.2004,1.1565,-9.034,1.799,1.447
6340902,1744,1874,1884,0.2816,-0.2053,1.1601,-9.598,2.519,1.923
6340912,1568,1922,1860,0.2773,-0.2075,1.1625,-10.039,3.126,2.460
6340922,1614,1957,1959,0.2725,-0.2083,1.1650,-9.925,3.802,2.996
6340932,1521,1883,1851,0.2679,-0.2103,1.1631,-9.536,4.410,3.432
6340942,2366,1898,2100,0.2628,-0.2091,1.1620,-8.584,5.044,3.738
6340952,1678,1993,1862,0.2574,-0.2014,1.1583,-7.138,5.584,3.905
6340962,1645,1923,1889,0.2569,-0.1955,1.1461,-4.710,6.358,3.892
6340972,1543,1879,1868,0.2605,-0.1914,1.1463,-1.387,7.146,3.796
6340982,1535,1890,1900,0.2663,-0.1931,1.1420,2.643,8.481,3.603
6340992,1588,1885,1888,0.2768,-0.2042,1.1453,7.048,10.500,3.220
6341002,1937,1921,1960,0.2873,-0.2224,1.1520,10.943,12.719,2.849
6341012,1673,1883,1856,0.2880,-0.2137,1.1580,15.299,15.368,2.745
6341022,1534,1888,1943,0.2873,-0.1987,1.1676,19.870,17.871,2.442
6341032,1791,1871,1896,0.2889,-0.1879,1.1973,23.845,19.822,1.668
6341042,1515,1919,1919,0.2859,-0.1804,1.2213,26.616,21.792,0.982
6341052,1527,1929,1864,0.2815,-0.1791,1.2361,27.938,24.059,0.778
6341062,1648,1956,1898,0.2739,-0.1755,1.2470,27.136,26.244,1.108
6341072,1509,2118,1896,0.2631,-0.1742,1.2551,24.549,28.234,1.973
6341082,1605,1938,1885,0.2549,-0.1692,1.2555,20.558,29.989,3.163
6341092,1772,1881,1915,0.2525,-0.1645,1.2551,15.236,31.323,4.390
6341102,1562,1911,1884,0.2510,-0.1628,1.2607,8.300,32.273,5.666
6341112,1514,1874,1913,0.2466,-0.1710,1.2641,0.848,33.151,7.377
6341122,1596,1903,1926,0.2443,-0.1814,1.2664,-6.398,34.323,9.751
6341132,1842,1935,1924,0.2444,-0.1960,1.2638,-13.037,35.628,12.665
6341142,1534,1957,1966,0.2445,-0.2121,1.2581,-18.980,37.186,15.710
6341152,1549,1913,1895,0.2446,-0.2297,1.2517,-24.012,38.804,18.544
6341162,1664,1930,1984,0.2421,-0.2430,1.2537,-27.796,40.335,21.041
6341172,1590,1929,1900,0.2383,-0.2576,1.2473,-29.983,42.044,23.190
6341182,1580,1871,1917,0.2316,-0.2710,1.2397,-30.514,43.901,25.154
6341192,1680,1909,1904,0.2265,-0.2803,1.2387,-29.944,45.615,27.182
6341202,1526,1877,1968,0.2239,-0.2888,1.2325,-28.736,47.463,29.435
6341212,1876,1880,1926,0.2210,-0.2980,1.2371,-27.509,49.389,31.899
6341222,1596,1882,1941,0.2162,-0.3069,1.2409,-26.875,51.385,34.608
6341232,1513,1927,1938,0.2099,-0.3163,1.2365,-26.435,53.805,37.514
6341242,1516,1932,1972,0.2040,-0.3283,1.2352,-26.416,56.249,40.513
6341252,1608,1878,1918,0.1955,-0.3395,1.2327,-26.747,58.612,43.609
6341262,1595,1926,1937,0.1858,-0.3478,1.2307,-27.337,60.859,46.794
6341272,1514,1875,1909,0.1766,-0.3582,1.2258,-28.075,62.966,50.061
6341282,1854,1873,1910,0.1655,-0.3667,1.2191,-28.826,64.978,53.443
6341292,1515,1932,1896,0.1526,-0.3747,1.2119,-29.806,66.714,56.956
6341302,1608,1915,1938,0.1394,-0.3792,1.1979,-31.169,68.248,60.633
6341312,1573,1957,1848,0.1269,-0.3811,1.1864,-32.948,69.419,64.467
6341322,1580,1873,1923,0.1139,-0.3895,1.1847,-35.761,70.189,68.345
6341332,1589,1878,1864,0.1021,-0.4023,1.1787,-39.513,71.000,72.265
6341342,1533,2002,1919,0.0950,-0.4212,1.1728,-43.881,71.967,76.299
6341352,1572,1874,1867,0.0812,-0.4349,1.1645,-48.491,73.102,80.564
6341362,1624,1887,1879,0.0620,-0.4418,1.1435,-52.488,74.510,84.975
6341372,1611,1872,1874,0.0415,-0.4503,1.1252,-55.217,75.691,89.244
6341382,1585,1906,1888,0.0204,-0.4581,1.1087,-56.254,76.434,93.238
6341392,1519,1871,1870,0.0004,-0.4683,1.0883,-55.387,77.106,96.894
6341402,1647,1884,1983,-0.0187,-0.4736,1.0764,-53.034,77.405,100.338
6341412,1718,1928,1853,-0.0374,-0.4716,1.0631,-49.351,77.607,103.773
6341422,1660,1871,1861,-0.0538,-0.4649,1.0501,-44.840,77.852,107.053
6341432,1747,1900,1847,-0.0707,-0.4571,1.0403,-40.449,77.765,109.977
6341442,1659,1982,1908,-0.0895,-0.4407,1.0303,-36.685,77.450,112.650
6341452,1593,1871,1873,-0.1085,-0.4192,1.0237,-33.903,76.923,115.169
6341462,1527,1893,1907,-0.1238,-0.4077,1.0183,-32.349,76.366,117.228
6341472,1519,1875,1874,-0.1373,-0.3947,1.0094,-31.826,75.756,119.012
6341482,1534,1901,1892,-0.1499,-0.3832,1.0002,-32.045,75.059,120.701
6341492,1647,1875,1856,-0.1623,-0.3722,0.9916,-32.914,74.118,122.005
6341502,1649,1901,1905,-0.1834,-0.3634,0.9788,-34.383,72.865,122.769
6341512,1528,1970,1859,-0.2056,-0.3437,0.9749,-36.233,71.696,124.340
6341522,1804,1884,1918,-0.2238,-0.3230,0.9606,-37.951,70.843,126.688
6341532,1525,1871,1872,-0.2427,-0.2999,0.9475,-39.511,69.635,128.545
6341542,1716,1984,1895,-0.2653,-0.2815,0.9412,-40.922,67.821,129.517
6341552,1699,1872,1883,-0.2916,-0.2623,0.9313,-41.992,65.990,130.081
6341562,1561,1876,1905,-0.3119,-0.2434,0.9171,-42.843,64.461,130.853
6341572,1668,1940,1908,-0.3260,-0.2290,0.9053,-43.813,62.873,131.536
6341582,1729,1877,1873,-0.3404,-0.2208,0.8918,-44.874,61.055,131.506
6341592,1607,1920,1915,-0.3576,-0.2120,0.8800,-45.683,59.098,131.123
6341602,1528,1923,1918,-0.3727,-0.1970,0.8713,-46.237,57.219,131.388
6341612,1601,1944,1894,-0.3940,-0.1711,0.8686,-45.838,55.148,131.962
6341622,1595,1898,1874,-0.4112,-0.1474,0.8662,-45.547,52.974,131.739
6341632,1627,1912,1892,-0.4261,-0.1272,0.8608,-45.302,50.943,130.833
6341642,1635,2014,1925,-0.4364,-0.1139,0.8521,-44.931,49.207,129.451
6341652,1584,1883,1895,-0.4467,-0.1068,0.8444,-44.488,47.581,127.544
6341662,1646,1963,1917,-0.4580,-0.1068,0.8344,-43.905,46.160,125.104
6341672,1845,1906,1910,-0.4758,-0.1044,0.8267,-42.722,45.151,122.666
6341682,1709,1918,1924,-0.4909,-0.0934,0.8217,-40.984,44.486,120.855
6341692,2172,1879,1863,-0.5035,-0.0785,0.8167,-38.347,44.325,119.521
6341702,1560,1887,1919,-0.5176,-0.0626,0.8064,-35.168,44.392,117.749
6341712,1533,1893,1968,-0.5344,-0.0423,0.8030,-31.931,44.180,115.328
6341722,1771,1911,1893,-0.5515,-0.0212,0.7981,-28.559,43.989,112.546
6341732,1982,1888,1857,-0.5666,-0.0041,0.7939,-25.362,43.945,109.344
6341742,1526,1886,1902,-0.5791,0.0028,0.7892,-22.426,43.797,105.399
6341752,1711,1892,1919,-0.5944,-0.0039,0.7812,-19.713,43.483,100.548
6341762,1815,1877,1995,-0.6135,-0.0115,0.7733,-16.959,43.091,95.573
6341772,1531,2024,1907,-0.6263,-0.0149,0.7606,-14.299,42.983,91.727
6341782,1606,1938,1994,-0.6344,-0.0157,0.7520,-11.301,42.908,88.629
6341792,1594,1878,1881,-0.6438,-0.0156,0.7418,-8.067,42.511,85.680
6341802,1669,1880,1985,-0.6549,-0.0066,0.7361,-4.651,41.814,83.155
6341812,1563,1880,1851,-0.6661,0.0074,0.7295,-1.085,41.166,81.269
6341822,1538,1897,1894,-0.6822,0.0230,0.7189,2.719,40.871,79.652
6341832,2528,1994,1921,-0.7017,0.0410,0.7084,6.219,40.462,77.938
6341842,1706,1966,1871,-0.7215,0.0611,0.6989,9.170,39.907,76.028
6341852,2299,1872,1890,-0.7352,0.0803,0.6872,11.526,39.358,73.707
6341862,1666,1880,1893,-0.7412,0.0922,0.6843,13.461,38.602,70.503
6341872,1799,1985,1876,-0.7443,0.0969,0.6953,14.829,37.083,66.068
6341882,1671,1906,1957,-0.7498,0.0949,0.7067,16.093,35.490,60.915
6341892,2294,1904,2051,-0.7540,0.0909,0.7024,17.297,34.600,56.425
6341902,2017,1974,1871,-0.7565,0.0870,0.6895,17.438,33.659,53.007
6341912,2085,1906,1877,-0.7625,0.0746,0.6638,16.698,32.435,50.053
6341922,1857,1995,1917,-0.7881,0.0633,0.6189,15.993,31.560,47.637
6341932,2364,2040,1959,-0.8271,0.0716,0.5623,16.059,31.180,46.899
6341942,1925,1989,1925,-0.8552,0.0900,0.5107,17.256,30.436,47.284
6341952,2459,1883,1905,-0.8645,0.0901,0.4868,19.873,27.172,45.743
6341962,1974,1990,1875,-0.8541,0.0732,0.5209,23.414,20.312,41.567
6341972,3083,2041,1912,-0.8524,0.0762,0.6083,27.257,12.314,37.550
6341982,2267,2047,1892,-0.8463,0.1138,0.6813,30.570,7.235,37.153
6341992,1647,1925,1927,-0.8359,0.1504,0.6711,33.011,7.563,39.808
6342002,1787,1868,1872,-0.8396,0.1885,0.6225,33.797,9.921,42.182
6342012,1884,2110,2210,-0.8357,0.2351,0.6134,31.973,9.803,43.399
6342022,1949,2052,1910,-0.8372,0.2618,0.6353,27.101,7.183,41.803
6342032,1757,2109,1992,-0.8429,0.2539,0.6419,22.493,4.202,36.198
6342042,1653,1909,2213,-0.8489,0.2390,0.6520,18.561,1.834,29.966
6342052,1606,1897,1854,-0.8496,0.2354,0.6545,15.348,0.460,25.813
6342062,2029,1915,1862,-0.8566,0.2388,0.6309,13.195,0.521,23.490
6342072,2319,2148,1927,-0.8631,0.2441,0.5969,10.838,0.582,22.180
6342082,2256,1918,1943,-0.8739,0.2509,0.5667,7.590,-0.740,20.886
6342092,2279,2161,1856,-0.8847,0.2569,0.5358,3.901,-2.963,19.454
6342102,1893,1942,1955,-0.8940,0.2610,0.5042,0.497,-5.409,17.937
6342112,2569,1943,1988,-0.9011,0.2644,0.4784,-2.376,-8.231,16.209
6342122,2042,1890,2098,-0.9116,0.2673,0.4506,-4.512,-11.555,14.118
6342132,1846,2024,1858,-0.9338,0.2725,0.4160,-5.554,-15.163,11.986
6342142,2292,1879,1858,-0.9664,0.2926,0.3815,-5.569,-19.350,10.568
6342152,1658,1893,1868,-0.9928,0.3258,0.3487,-4.929,-24.501,10.114
6342162,2083,2042,1857,-1.0066,0.3581,0.3233,-3.848,-31.266,9.361
6342172,1618,1905,2159,-0.9985,0.3690,0.3212,-3.546,-40.267,6.858
6342182,2020,1903,1975,-0.9673,0.3428,0.3605,-4.929,-51.784,1.519
6342192,1739,1891,2039,-0.9255,0.2850,0.4394,-9.596,-64.833,-5.970
6342202,1932,1936,1852,-0.8712,0.2125,0.5237,-17.708,-76.987,-12.617
6342212,1558,1952,1983,-0.8142,0.1253,0.5963,-27.891,-86.241,-16.185
6342222,2403,1971,1906,-0.7594,0.0523,0.6691,-40.467,-93.386,-16.186
6342232,2272,2117,1861,-0.7072,-0.0142,0.7339,-55.353,-99.198,-13.532
6342242,1677,1884,1852,-0.6649,-0.0830,0.7744,-70.760,-102.931,-9.904
6342252,1688,2136,1935,-0.6258,-0.1431,0.8123,-85.659,-105.239,-5.163
6342262,2051,1900,1862,-0.5924,-0.1762,0.8715,-99.635,-106.927,1.184
6342272,2135,2099,1882,-0.5545,-0.1975,0.9377,-110.866,-107.084,8.664
6342282,1887,1888,1909,-0.5216,-0.2200,0.9847,-118.818,-104.658,16.022
6342292,2201,1876,1870,-0.4930,-0.2067,1.0243,-122.538,-100.216,23.418
6342302,2162,2036,1863,-0.4544,-0.1742,1.0535,-122.791,-93.743,31.574
6342312,1630,1976,1857,-0.4217,-0.1478,1.0650,-119.432,-86.099,37.452
6342322,1833,1978,1905,-0.4019,-0.1297,1.0738,-113.012,-78.533,39.149
6342332,2875,1899,1870,-0.3831,-0.1144,1.0862,-104.361,-71.616,38.156
6342342,1971,1920,1952,-0.3655,-0.1057,1.0992,-93.911,-64.945,35.383
6342352,1601,1935,2015,-0.3499,-0.1012,1.1162,-81.988,-58.454,31.689
6342362,1884,1993,1850,-0.3376,-0.0902,1.1344,-69.232,-51.998,27.939
6342372,1745,1939,1855,-0.3236,-0.0800,1.1458,-56.669,-45.470,24.599
6342382,1650,1868,1853,-0.3049,-0.0724,1.1544,-45.467,-39.105,21.749
6342392,3058,1906,1900,-0.2900,-0.0656,1.1571,-35.909,-33.119,18.954
6342402,2555,2005,1924,-0.2779,-0.0567,1.1580,-28.019,-27.461,16.291
6342412,1620,1901,1872,-0.2645,-0.0472,1.1575,-21.912,-22.103,14.141
6342422,1618,1868,1929,-0.2559,-0.0413,1.1506,-17.169,-17.073,11.983
6342432,1542,1869,1873,-0.2520,-0.0368,1.1425,-13.994,-12.662,9.469
6342442,1720,1877,1918,-0.2531,-0.0355,1.1367,-12.460,-9.045,6.839
6342452,1523,1885,1868,-0.2558,-0.0378,1.1279,-11.927,-5.755,4.246
6342462,1613,1971,1878,-0.2631,-0.0436,1.1175,-11.997,-2.674,1.726
6342472,1908,1997,1880,-0.2737,-0.0523,1.1161,-12.716,-0.091,-0.981
6342482,2091,1892,1883,-0.2858,-0.0656,1.1146,-13.716,2.048,-4.154
6342492,1845,1872,1871,-0.3069,-0.0777,1.1177,-14.668,3.927,-7.478
6342502,1572,1940,1922,-0.3289,-0.0816,1.1210,-15.521,5.964,-9.884
6342512,1585,1918,1853,-0.3450,-0.0889,1.1200,-15.854,8.681,-11.092
6342522,1584,1873,1912,-0.3624,-0.0932,1.1273,-15.934,11.402,-11.975
6342532,1664,1889,1874,-0.3783,-0.0983,1.1319,-15.803,13.985,-12.780
6342542,1541,1906,1929,-0.3951,-0.1052,1.1285,-15.020,17.080,-13.463
6342552,1520,1870,1878,-0.4091,-0.1170,1.1298,-14.241,20.325,-14.162
6342562,1918,1894,1922,-0.4253,-0.1336,1.1301,-13.771,23.258,-15.389
6342572,1581,1877,1875,-0.4429,-0.1502,1.1222,-13.081,26.335,-16.752
6342582,1671,1864,1934,-0.4645,-0.1490,1.1148,-11.779,29.845,-17.277
6342592,1874,1919,1853,-0.4752,-0.1460,1.0984,-9.665,33.920,-16.974
6342602,1648,1879,1898,-0.4889,-0.1466,1.0782,-7.186,37.970,-17.416
6342612,1804,1875,1883,-0.5005,-0.1530,1.0576,-4.511,41.330,-19.110
6342622,1703,1906,1941,-0.5068,-0.1716,1.0358,-1.950,44.265,-21.169
6342632,1534,1869,1879,-0.5167,-0.1906,1.0171,0.703,46.994,-23.049
6342642,1566,1932,1902,-0.5331,-0.2001,1.0043,3.629,49.602,-24.122
6342652,1604,1962,1856,-0.5543,-0.2026,0.9868,6.935,52.616,-24.131
6342662,1595,1878,1892,-0.5787,-0.2059,0.9622,10.845,55.825,-24.068
6342672,1815,1917,1855,-0.6069,-0.2096,0.9385,14.996,58.622,-24.217
6342682,1709,1908,1898,-0.6337,-0.2100,0.9162,19.388,61.000,-24.248
6342692,1778,1875,1853,-0.6561,-0.2122,0.8886,24.133,63.237,-23.963
6342702,1552,1912,1940,-0.6734,-0.2173,0.8644,28.901,65.154,-23.410
6342712,1673,1892,1873,-0.6916,-0.2219,0.8436,33.375,66.615,-22.670
6342722,1627,1902,1919,-0.7108,-0.2234,0.8228,37.443,67.833,-21.544
6342732,1825,1947,1875,-0.7319,-0.2229,0.7979,41.132,69.003,-19.841
6342742,2096,1891,1869,-0.7534,-0.2175,0.7711,44.380,69.818,-17.589
6342752,1559,1934,1904,-0.7794,-0.2088,0.7454,47.383,70.059,-15.102
6342762,1629,2018,1867,-0.8032,-0.2027,0.7182,49.945,69.744,-12.652
6342772,2615,2032,2024,-0.8223,-0.2037,0.6889,52.073,68.808,-10.236
6342782,1512,2046,1926,-0.8400,-0.2056,0.6603,53.661,67.264,-7.527
6342792,2707,2113,1866,-0.8548,-0.2029,0.6260,54.702,65.166,-4.221
6342802,2167,2011,2034,-0.8666,-0.1917,0.5833,55.766,63.029,-0.180
6342812,2204,2122,2102,-0.8830,-0.1735,0.5295,57.708,61.216,4.010
6342822,2766,1898,1976,-0.9017,-0.1574,0.4721,60.871,59.340,7.144
6342832,2209,2028,1952,-0.9154,-0.1520,0.4207,64.889,56.091,8.645
6342842,3388,2091,1949,-0.9244,-0.1564,0.3896,69.431,50.792,9.350
6342852,2058,1883,1979,-0.9401,-0.1573,0.3730,73.810,44.158,10.904
6342862,2373,2037,1957,-0.9650,-0.1371,0.3524,77.328,37.372,14.861
6342872,1878,2057,2395,-0.9906,-0.0894,0.3277,79.193,30.894,21.455
6342882,1880,2051,1982,-1.0078,-0.0215,0.2945,79.977,24.563,28.885
6342892,2176,2113,2005,-1.0128,0.0509,0.2718,79.779,17.182,35.192
6342902,1715,1948,1906,-1.0007,0.1168,0.2853,78.216,7.239,38.677
6342912,1831,2129,2120,-0.9881,0.1624,0.3213,75.687,-4.320,38.145
6342922,1632,1862,1980,-0.9805,0.1899,0.3481,72.408,-15.069,35.255
6342932,2485,1906,2007,-0.9672,0.2191,0.3842,67.497,-24.542,33.123
6342942,1594,1886,2229,-0.9487,0.2628,0.4408,59.860,-33.157,33.051
6342952,1875,1974,1880,-0.9302,0.3169,0.5017,49.516,-40.488,33.786
6342962,1718,1969,1885,-0.9042,0.3468,0.5234,36.986,-45.447,33.259
6342972,2330,2179,1947,-0.8844,0.3366,0.5142,23.411,-49.203,29.165
6342982,1919,2136,2262,-0.8702,0.3067,0.5212,8.925,-54.578,22.229
6342992,2579,1915,1939,-0.8537,0.2628,0.5383,-5.282,-60.884,15.474
6343002,1777,1913,1951,-0.8295,0.2029,0.5397,-18.139,-66.372,10.420
6343012,2960,1970,1880,-0.7913,0.1335,0.5577,-30.248,-72.090,7.331
6343022,1855,1980,1869,-0.7394,0.0594,0.6028,-42.593,-78.908,5.864
6343032,1771,1975,1914,-0.6865,-0.0236,0.6699,-54.869,-85.975,5.592
6343042,1713,1866,1908,-0.6427,-0.0850,0.7443,-66.903,-92.037,7.640
6343052,1910,2398,1858,-0.6102,-0.1071,0.8157,-77.533,-95.231,13.477
6343062,1896,1947,1880,-0.5688,-0.1045,0.8787,-85.579,-95.126,22.165
6343072,1718,1871,1854,-0.5347,-0.0944,0.9309,-92.052,-93.302,30.374
6343082,1570,1876,1852,-0.5072,-0.0668,0.9865,-96.928,-90.980,37.103
6343092,1522,1918,1865,-0.4782,-0.0294,1.0477,-100.738,-87.813,43.392
6343102,1709,1865,1856,-0.4592,0.0011,1.0928,-102.420,-83.355,47.468
6343112,1509,1875,1892,-0.4376,0.0208,1.1276,-101.905,-78.224,48.266
6343122,1586,1872,1847,-0.4113,0.0309,1.1666,-99.734,-73.058,46.770
6343132,1926,1957,1851,-0.3879,0.0394,1.2004,-96.241,-67.452,43.569
6343142,1593,1860,1892,-0.3697,0.0443,1.2246,-91.146,-61.039,39.285
6343152,1530,1865,1857,-0.3554,0.0515,1.2339,-84.695,-54.034,34.532
6343162,1642,1981,1884,-0.3414,0.0580,1.2290,-77.407,-46.755,29.913
6343172,1551,1866,1855,-0.3284,0.0623,1.2160,-69.488,-39.581,25.416
6343182,1524,1864,1878,-0.3255,0.0683,1.1919,-60.706,-32.950,20.247
6343192,1603,1871,1852,-0.3213,0.0786,1.1708,-49.144,-26.663,13.269
6343202,1507,1860,1891,-0.3227,0.0887,1.1542,-37.847,-21.397,5.721
6343212,1586,1863,1856,-0.3245,0.0992,1.1422,-27.437,-17.012,-2.280
6343222,1518,1865,1857,-0.3295,0.1071,1.1328,-18.088,-13.394,-10.725
6343232,1504,1874,1852,-0.3379,0.1085,1.1219,-9.770,-10.273,-19.453
6343242,1515,1889,1915,-0.3489,0.1049,1.1050,-2.339,-7.574,-28.098
6343252,1501,1871,1863,-0.3617,0.0968,1.0796,4.334,-5.253,-36.291
6343262,1806,1867,1905,-0.3714,0.0863,1.0556,10.128,-3.563,-43.692
6343272,1631,1951,1851,-0.3833,0.0759,1.0388,14.870,-2.855,-50.561
6343282,1507,1898,1916,-0.3941,0.0643,1.0223,18.793,-2.815,-57.049
6343292,1733,1863,1852,-0.4016,0.0534,1.0016,22.043,-3.021,-62.710
6343302,1511,1875,1896,-0.4049,0.0469,0.9817,24.798,-3.375,-67.337
6343312,1565,1861,1861,-0.4035,0.0406,0.9616,27.209,-4.025,-71.235
6343322,1510,1884,1892,-0.4054,0.0371,0.9502,29.321,-5.157,-74.974
6343332,1504,1863,1861,-0.4088,0.0367,0.9445,31.070,-6.627,-78.486
6343342,1527,1878,1881,-0.4134,0.0403,0.9428,32.365,-8.069,-81.569
6343352,1506,1861,1874,-0.4174,0.0449,0.9425,33.215,-9.435,-84.576
6343362,1508,1904,1906,-0.4206,0.0460,0.9395,33.680,-10.827,-87.891
6343372,1535,1866,1861,-0.4209,0.0440,0.9345,33.839,-12.218,-91.469
6343382,1562,1903,1901,-0.4154,0.0406,0.9294,33.744,-13.619,-94.976
6343392,1541,1864,1863,-0.4054,0.0358,0.9222,33.573,-14.936,-98.282
6343402,1526,1930,1898,-0.3927,0.0326,0.9131,33.511,-16.105,-101.293
6343412,1522,1887,1858,-0.3784,0.0308,0.9069,33.569,-17.342,-104.176
6343422,1506,1873,1902,-0.3697,0.0291,0.8986,33.870,-18.678,-107.400
6343432,1585,1925,1859,-0.3670,0.0291,0.8877,34.464,-20.047,-110.908
6343442,1615,1888,1883,-0.3654,0.0329,0.8806,35.032,-21.629,-114.276
6343452,1688,1864,1853,-0.3647,0.0361,0.8728,35.510,-23.373,-117.659
6343462,1643,1863,1906,-0.3645,0.0380,0.8647,35.997,-25.339,-121.280
6343472,1625,1877,1857,-0.3638,0.0385,0.8632,36.237,-27.767,-125.018
6343482,1514,1979,1902,-0.3624,0.0368,0.8675,36.042,-30.601,-128.878
6343492,1597,1862,1864,-0.3623,0.0333,0.8744,35.244,-33.584,-132.915
6343502,1540,1862,1913,-0.3600,0.0279,0.8840,33.628,-36.643,-137.004
6343512,1627,1877,1853,-0.3578,0.0201,0.8923,31.143,-39.529,-141.108
6343522,1568,1878,1884,-0.3521,0.0090,0.8962,28.112,-42.223,-145.157
6343532,1772,1861,1882,-0.3432,-0.0028,0.9020,24.429,-44.987,-148.892
6343542,1570,1875,1920,-0.3333,-0.0161,0.9062,20.404,-47.910,-152.431
6343552,1514,1909,1865,-0.3238,-0.0305,0.9047,16.387,-50.831,-155.710
6343562,1534,1869,1906,-0.3108,-0.0449,0.9089,12.394,-53.965,-158.603
6343572,1589,1879,1880,-0.2920,-0.0614,0.9215,8.221,-57.543,-161.270
6343582,1520,1891,1933,-0.2719,-0.0836,0.9358,3.780,-61.244,-164.186
6343592,1548,1867,1861,-0.2469,-0.1118,0.9510,-0.885,-64.711,-167.200
6343602,1581,1865,1879,-0.2169,-0.1465,0.9659,-5.978,-67.793,-169.753
6343612,1693,1876,1857,-0.1838,-0.1826,0.9752,-11.064,-70.426,-171.634
6343622,1558,1917,1876,-0.1396,-0.2282,0.9872,-16.012,-72.618,-172.622
6343632,1519,1912,1857,-0.1025,-0.2771,0.9937,-20.871,-74.800,-173.288
6343642,1521,1869,1883,-0.0602,-0.3330,0.9961,-25.281,-76.737,-173.281
6343652,1515,1878,1850,-0.0258,-0.3858,1.0098,-29.436,-78.795,-172.087
6343662,1657,1865,1876,0.0066,-0.4192,1.0202,-32.965,-80.100,-169.172
6343672,1519,2069,1850,0.0386,-0.4439,1.0248,-35.427,-80.388,-165.242
6343682,1524,1876,1892,0.0669,-0.4582,1.0386,-37.141,-80.482,-161.172
6343692,1518,2616,1866,0.0864,-0.4679,1.0406,-37.547,-79.764,-157.481
6343702,1865,1963,1888,0.1119,-0.4802,1.0403,-36.664,-78.466,-154.235
6343712,1588,1917,1856,0.1392,-0.5083,1.0451,-35.094,-77.152,-151.579
6343722,1766,1869,1917,0.1669,-0.5466,1.0514,-32.596,-75.714,-148.956
6343732,1611,1943,1851,0.1916,-0.5797,1.0590,-29.220,-74.067,-145.663
6343742,1832,1868,1899,0.2134,-0.6043,1.0712,-25.276,-72.218,-141.599
6343752,1531,1892,1861,0.2301,-0.6159,1.0792,-20.786,-70.223,-137.131
6343762,1845,1863,1933,0.2453,-0.6164,1.0852,-15.529,-68.033,-132.650
6343772,1535,1878,1885,0.2602,-0.6164,1.0949,-9.868,-65.849,-128.439
6343782,1664,1941,1892,0.2726,-0.6161,1.1051,-4.184,-63.489,-124.441
6343792,2027,1920,1897,0.2817,-0.6126,1.1128,1.474,-60.824,-120.449
6343802,1699,1862,1901,0.2870,-0.6047,1.1194,6.717,-58.051,-116.439
6343812,1527,1863,1923,0.2926,-0.5956,1.1217,11.743,-55.273,-112.464
6343822,1520,1870,1895,0.2977,-0.5884,1.1256,16.477,-52.619,-108.597
6343832,2256,2039,1853,0.3035,-0.5793,1.1319,20.816,-50.209,-104.754
6343842,1763,1953,2008,0.3051,-0.5662,1.1422,24.361,-47.964,-100.701
6343852,1633,1946,1859,0.3117,-0.5439,1.1444,26.992,-45.499,-96.089
6343862,1525,1872,1892,0.3146,-0.5248,1.1503,28.868,-43.226,-91.535
6343872,1542,1934,1872,0.3155,-0.5089,1.1538,29.471,-41.452,-87.868
6343882,1827,1900,1917,0.3116,-0.4854,1.1556,29.657,-39.835,-84.270
6343892,1624,1864,1871,0.3122,-0.4772,1.1568,29.314,-38.305,-80.566
6343902,1725,1929,1905,0.3116,-0.4607,1.1540,28.504,-36.732,-76.820
6343912,1712,1884,1891,0.3047,-0.4545,1.1489,26.912,-35.121,-72.557
6343922,1730,1886,1911,0.3121,-0.4391,1.1523,24.100,-33.149,-66.791
6343932,1555,1864,1879,0.3110,-0.4262,1.1483,21.823,-31.453,-61.813
6343942,1778,1920,1918,0.3141,-0.4152,1.1509,19.113,-30.441,-58.972
6343952,1782,1875,1894,0.3176,-0.4075,1.1531,16.039,-29.989,-56.695
6343962,1716,1907,1899,0.3154,-0.3853,1.1485,12.887,-29.250,-54.469
6343972,1641,1922,1863,0.3202,-0.3899,1.1466,10.283,-28.510,-52.244
6343982,1595,1871,1912,0.3218,-0.3913,1.1443,8.499,-27.684,-49.995
6343992,1693,1899,1864,0.3231,-0.3899,1.1346,8.011,-26.499,-47.662
6344002,1565,1892,1904,0.3318,-0.3856,1.1286,8.083,-25.303,-45.443
6344012,1922,1926,1854,0.3362,-0.3919,1.1279,8.146,-24.257,-43.427
6344022,1524,1993,1898,0.3366,-0.3819,1.1262,8.970,-23.228,-41.247
6344032,2335,2090,1849,0.3339,-0.3698,1.1120,10.174,-21.808,-39.138
6344042,2067,1864,1929,0.3335,-0.3568,1.1063,11.456,-20.728,-37.379
6344052,2121,1968,1856,0.3336,-0.3442,1.0935,13.034,-19.581,-35.957
6344062,1582,1863,1893,0.3356,-0.3340,1.0819,14.989,-18.255,-34.601
6344072,1864,1864,1855,0.3398,-0.3225,1.0859,16.810,-17.312,-33.051
6344082,1611,1882,1944,0.3436,-0.3144,1.0869,18.557,-16.168,-31.217
6344092,1539,1873,1867,0.3480,-0.3077,1.0914,19.908,-14.914,-29.102
6344102,1604,1893,1857,0.3494,-0.2982,1.1017,20.168,-13.932,-26.808
6344112,1789,1869,1859,0.3518,-0.2905,1.1031,19.482,-12.993,-24.517
6344122,1659,1917,1868,0.3555,-0.2863,1.0979,17.928,-12.131,-22.415
6344132,1670,1862,1849,0.3604,-0.2815,1.0879,15.915,-11.460,-20.581
6344142,1550,1879,1871,0.3654,-0.2765,1.0780,13.867,-11.065,-18.994
6344152,1711,1889,1867,0.3692,-0.2747,1.0661,12.137,-10.673,-17.599
6344162,1528,1877,1877,0.3740,-0.2733,1.0639,11.010,-10.318,-16.119
6344172,1665,1907,1853,0.3777,-0.2695,1.0674,10.348,-10.022,-14.440
6344182,1924,1917,1874,0.3813,-0.2633,1.0659,10.163,-9.559,-12.804
6344192,1557,1888,1852,0.3851,-0.2581,1.0653,10.441,-9.125,-11.358
6344202,1542,1885,1886,0.3972,-0.2435,1.0525,10.841,-8.799,-10.089
6344212,1528,1866,1853,0.3947,-0.2499,1.0790,11.098,-8.023,-7.790
6344222,1533,1884,1870,0.4040,-0.2509,1.0782,11.178,-8.096,-6.393
6344232,1901,1870,1871,0.4132,-0.2516,1.0710,15.409,-7.261,-5.517
6344242,1527,1868,1899,0.4248,-0.2466,1.1135,18.618,-7.697,-4.727
6344252,1647,1873,1858,0.4326,-0.2363,1.1311,22.019,-7.278,-4.079
6344262,1637,1865,1859,0.4409,-0.2107,1.1620,24.370,-6.161,-2.985
6344272,1547,1865,1863,0.4438,-0.1946,1.1842,24.861,-4.986,-1.852
6344282,1673,1941,1888,0.4367,-0.1828,1.1791,24.602,-2.944,-1.264
6344292,1535,1866,1878,0.4277,-0.1729,1.1764,23.405,-1.497,-0.713
6344302,1533,1875,1905,0.4161,-0.1605,1.1577,21.850,-0.443,-0.103
6344312,1619,1908,1854,0.4181,-0.1460,1.1318,20.525,0.123,0.562
6344322,1540,1872,1882,0.4162,-0.1376,1.1242,19.293,-0.011,1.455
6344332,1853,1866,1853,0.4164,-0.1396,1.1181,18.287,-0.836,2.147
6344342,1564,1878,1875,0.4114,-0.1473,1.0978,18.391,-0.869,1.910
6344352,1551,1880,1852,0.4120,-0.1415,1.0917,18.626,-1.233,1.769
6344362,1575,1886,1889,0.4125,-0.1334,1.0778,18.867,-1.649,1.916
6344372,1568,1870,1854,0.4181,-0.1353,1.0670,19.439,-1.880,2.232
6344382,1532,1902,1913,0.4158,-0.1358,1.0622,19.951,-2.104,2.714
6344392,1567,1866,1864,0.4134,-0.1376,1.0520,20.264,-2.194,3.162
6344402,1535,1872,1878,0.4121,-0.1368,1.0521,20.194,-2.642,3.418
6344412,1532,1868,1859,0.4101,-0.1365,1.0492,19.753,-3.136,3.420
6344422,1563,1887,1870,0.4059,-0.1365,1.0472,19.615,-3.299,3.261
6344432,1591,1862,1869,0.4026,-0.1348,1.0481,19.763,-3.421,3.015
6344442,1535,1874,1894,0.3988,-0.1345,1.0519,20.379,-3.444,2.710
6344452,1534,1872,1872,0.3937,-0.1289,1.0598,21.254,-3.332,2.403
6344462,1595,1879,1872,0.3897,-0.1205,1.0607,22.180,-2.994,2.049
6344472,1591,1866,1855,0.3873,-0.1119,1.0640,22.911,-2.539,1.563
6344482,1531,1880,1885,0.3851,-0.1066,1.0725,23.053,-2.285,1.020
6344492,1582,1871,1860,0.3837,-0.1010,1.0768,22.848,-1.931,0.539
6344502,1552,1915,1872,0.3834,-0.0968,1.0769,22.360,-1.494,0.134
6344512,1551,1878,1854,0.3823,-0.0946,1.0793,21.546,-1.111,-0.195
6344522,1583,1901,1884,0.3795,-0.0898,1.0771,20.538,-0.728,-0.442
6344532,1677,1881,1868,0.3797,-0.0860,1.0734,19.364,-0.365,-0.695
6344542,1572,1880,1883,0.3793,-0.0811,1.0714,18.043,-0.121,-0.955
6344552,1600,1890,1854,0.3806,-0.0747,1.0723,16.617,-0.012,-1.176
6344562,1535,1909,1902,0.3813,-0.0696,1.0740,15.023,-0.090,-1.391
6344572,1535,1864,1852,0.3848,-0.0700,1.0801,13.082,-0.365,-1.708
6344582,1535,1894,1898,0.3858,-0.0737,1.0795,11.356,-0.455,-2.014
6344592,1613,1880,1856,0.3859,-0.0791,1.0820,9.906,-0.481,-2.220
6344602,1535,1897,1894,0.3877,-0.0836,1.0859,8.510,-0.676,-2.245
6344612,1658,1867,1856,0.3873,-0.0849,1.0821,7.690,-0.649,-2.104
6344622,1535,1890,1897,0.3871,-0.0841,1.0824,7.289,-0.599,-1.870
6344632,1654,1872,1859,0.3853,-0.0808,1.0826,7.186,-0.561,-1.581
6344642,1545,1893,1957,0.3851,-0.0773,1.0811,7.292,-0.482,-1.311
6344652,1597,1878,1871,0.3818,-0.0726,1.0809,7.353,-0.477,-1.061
6344662,1535,1882,1908,0.3836,-0.0717,1.0774,7.312,-0.401,-0.829
6344672,1693,1898,1850,0.3841,-0.0677,1.0760,7.365,-0.230,-0.546
6344682,1573,1881,1913,0.3838,-0.0649,1.0727,7.356,-0.083,-0.166
6344692,1603,1886,1878,0.3846,-0.0611,1.0679,7.328,0.145,0.230
6344702,1535,1893,1914,0.3845,-0.0594,1.0690,7.025,0.264,0.531
6344712,1603,1887,1882,0.3845,-0.0597,1.0723,6.371,0.239,0.625
6344722,1560,1878,1875,0.3839,-0.0654,1.0730,5.513,0.297,0.532
6344732,1668,1867,1880,0.3839,-0.0682,1.0768,4.620,0.331,0.419
6344742,1535,1881,1898,0.3845,-0.0697,1.0765,4.079,0.403,0.361
6344752,1603,1896,1861,0.3847,-0.0700,1.0770,3.864,0.581,0.332
6344762,1585,1880,1941,0.3844,-0.0685,1.0738,3.857,0.868,0.336
6344772,1627,1870,1878,0.3831,-0.0641,1.0749,3.808,1.133,0.250
6344782,1539,1913,1951,0.3826,-0.0616,1.0765,3.573,1.322,0.119
6344792,1608,1879,1870,0.3821,-0.0613,1.0765,3.247,1.597,-0.014
6344802,1535,1921,1928,0.3806,-0.0627,1.0774,2.838,1.793,-0.138
6344812,1557,1863,1966,0.3793,-0.0649,1.0773,2.464,1.914,-0.216
6344822,1535,1912,1932,0.3788,-0.0660,1.0776,2.192,2.000,-0.269
6344832,1582,1877,1868,0.3776,-0.0662,1.0805,2.038,1.990,-0.340
6344842,1535,1891,1895,0.3773,-0.0669,1.0828,2.041,1.996,-0.460
6344852,1595,1874,1886,0.3763,-0.0682,1.0821,2.191,2.075,-0.556
6344862,1535,1915,1915,0.3756,-0.0676,1.0792,2.459,2.158,-0.613
6344872,1591,1874,1887,0.3735,-0.0661,1.0792,2.720,2.177,-0.643
6344882,1535,1887,1888,0.3724,-0.0636,1.0817,2.910,2.041,-0.693
6344892,1592,1891,1877,0.3706,-0.0608,1.0861,3.092,1.878,-0.768
6344902,1544,1907,1901,0.3689,-0.0586,1.0891,3.201,1.662,-0.837
6344912,1617,1886,1863,0.3675,-0.0574,1.0910,3.243,1.408,-0.824
6344922,1539,1936,1931,0.3660,-0.0553,1.0900,3.223,1.105,-0.717
6344932,1592,1891,1855,0.3657,-0.0518,1.0899,3.057,0.685,-0.572
6344942,1580,1919,1947,0.3657,-0.0481,1.0879,2.775,0.202,-0.441
6344952,1578,1878,1882,0.3671,-0.0446,1.0866,2.337,-0.322,-0.354
6344962,1677,1911,1878,0.3675,-0.0437,1.0857,1.801,-0.828,-0.290
6344972,1631,1872,1935,0.3685,-0.0447,1.0834,1.166,-1.189,-0.207
6344982,1549,1945,1896,0.3700,-0.0456,1.0813,0.570,-1.441,-0.079
6344992,1616,1873,1894,0.3710,-0.0483,1.0820,0.028,-1.639,0.055
6345002,1544,1898,1918,0.3732,-0.0515,1.0803,-0.285,-1.630,0.166
6345012,1614,1882,1853,0.3758,-0.0547,1.0781,-0.322,-1.438,0.267
6345022,1575,1914,1968,0.3769,-0.0564,1.0757,-0.196,-1.203,0.386
6345032,1636,1862,1906,0.3780,-0.0557,1.0750,0.034,-0.889,0.509
6345042,1592,1949,1953,0.3785,-0.0544,1.0760,0.240,-0.524,0.596
6345052,1613,1886,1888,0.3777,-0.0542,1.0762,0.503,-0.034,0.654
6345062,1569,1881,1880,0.3777,-0.0535,1.0763,0.762,0.457,0.763
6345072,1652,1867,1888,0.3772,-0.0522,1.0747,0.974,0.897,0.904
6345082,1557,1887,1895,0.3761,-0.0515,1.0725,1.149,1.338,1.016
6345092,1605,1862,1913,0.3751,-0.0510,1.0735,1.198,1.717,1.123
6345102,1554,1863,1870,0.3731,-0.0510,1.0744,1.231,2.079,1.257
6345112,1606,1872,1896,0.3715,-0.0499,1.0775,1.213,2.372,1.418
6345122,1560,1886,1919,0.3706,-0.0485,1.0817,1.142,2.611,1.557
6345132,1600,1870,1871,0.3684,-0.0489,1.0826,1.116,2.845,1.684
6345142,1556,1897,1865,0.3667,-0.0494,1.0835,1.042,2.976,1.825
6345152,1576,1868,1883,0.3650,-0.0494,1.0816,0.941,3.100,1.942
6345162,1715,1886,1866,0.3646,-0.0499,1.0812,0.780,3.183,1.986
6345172,1578,1867,1886,0.3638,-0.0499,1.0841,0.501,3.182,1.960
6345182,1555,1883,1870,0.3628,-0.0515,1.0825,0.277,3.274,1.869
6345192,1649,1907,1890,0.3624,-0.0540,1.0827,0.095,3.411,1.774
6345202,1563,1881,1879,0.3624,-0.0556,1.0850,-0.021,3.453,1.696
6345212,1627,1881,1881,0.3609,-0.0590,1.0860,-0.034,3.486,1.605
6345222,1554,1872,1888,0.3595,-0.0592,1.0854,0.100,3.586,1.532
6345232,1619,1834,1853,0.3590,-0.0583,1.0855,0.341,3.622,1.541
6345242,1559,1864,1895,0.3586,-0.0561,1.0860,0.564,3.575,1.625
6345252,1621,1862,1888,0.3578,-0.0534,1.0862,0.827,3.512,1.705
6345262,1566,1880,1961,0.3559,-0.0528,1.0880,0.916,3.375,1.682
6345272,1652,1872,1883,0.3542,-0.0538,1.0894,0.815,3.129,1.531
6345282,1561,1891,1910,0.3538,-0.0530,1.0900,0.654,2.855,1.396
6345292,1625,1872,1873,0.3532,-0.0533,1.0904,0.484,2.547,1.296
6345302,1561,1905,1902,0.3520,-0.0534,1.0914,0.358,2.211,1.229
6345312,1611,1869,1904,0.3516,-0.0540,1.0903,0.290,1.902,1.175
6345322,1559,1871,1872,0.3515,-0.0544,1.0914,0.227,1.565,1.102
6345332,1597,1874,1867,0.3525,-0.0552,1.0899,0.189,1.306,1.025
6345342,1570,1866,1910,0.3520,-0.0552,1.0872,0.223,1.135,0.996
6345352,1600,1871,1889,0.3529,-0.0556,1.0873,0.239,0.951,0.990
6345362,1589,1867,1904,0.3532,-0.0553,1.0902,0.259,0.780,0.973
6345372,1605,1869,1890,0.3533,-0.0549,1.0889,0.320,0.713,0.958
6345382,1585,1886,1900,0.3527,-0.0544,1.0881,0.359,0.670,0.951
6345392,1600,1873,1866,0.3524,-0.0544,1.0866,0.369,0.680,0.958
6345402,1584,1879,1868,0.3518,-0.0533,1.0872,0.375,0.732,0.991
6345412,1582,1866,1909,0.3517,-0.0530,1.0871,0.364,0.801,1.008
6345422,1570,1888,1901,0.3516,-0.0536,1.0869,0.354,0.884,0.977
6345432,1593,1837,1925,0.3512,-0.0533,1.0881,0.336,0.961,0.960
6345442,1562,1905,1908,0.3502,-0.0521,1.0886,0.326,1.050,0.991
6345452,1611,1871,1862,0.3504,-0.0522,1.0882,0.338,1.174,1.080
6345462,1600,1890,1931,0.3496,-0.0521,1.0881,0.316,1.353,1.301
6345472,1595,1882,1855,0.3485,-0.0520,1.0875,0.218,1.657,1.802
6345482,1575,1892,1920,0.3514,-0.0475,1.0879,0.096,2.002,2.440
6345492,1568,1877,1866,0.3511,-0.0476,1.0875,-0.108,2.131,2.433
6345502,1585,1864,1869,0.3504,-0.0485,1.0887,-0.374,2.084,2.157
6345512,1579,1861,1890,0.3493,-0.0502,1.0890,-0.603,2.057,1.877
6345522,1576,1891,1912,0.3479,-0.0525,1.0902,-0.791,2.055,1.628
6345532,1588,1869,1881,0.3513,-0.0556,1.0916,-0.908,2.021,1.435
6345542,1570,1867,1907,0.3490,-0.0573,1.0907,-0.869,2.056,1.303
6345552,1592,1872,1870,0.3469,-0.0571,1.0949,-0.711,1.995,1.251
6345562,1569,1907,1911,0.3460,-0.0558,1.0939,-0.657,2.021,1.236
6345572,1605,1871,1874,0.3461,-0.0567,1.0924,-0.409,2.099,1.235
6345582,1575,1864,1885,0.3462,-0.0587,1.0935,-0.357,2.181,1.182
6345592,1618,1863,1864,0.3460,-0.0590,1.0929,-0.261,2.289,1.119
6345602,1581,1940,1890,0.3458,-0.0593,1.0920,-0.188,2.430,1.051
6345612,1602,1870,1878,0.3456,-0.0611,1.0925,-0.058,2.584,0.963
6345622,1569,1882,1888,0.3451,-0.0627,1.0928,0.134,2.703,0.886
6345632,1581,1877,1861,0.3513,-0.0667,1.0918,0.376,2.789,0.844
6345642,1571,1883,1873,0.3457,-0.0635,1.0920,0.732,2.862,0.922
6345652,1601,1869,1869,0.3426,-0.0598,1.0978,0.953,2.795,1.084
6345662,1573,1895,1924,0.3398,-0.0578,1.0993,0.925,2.769,1.177
6345672,1624,1870,1874,0.3403,-0.0565,1.0943,1.078,2.763,1.298
6345682,1581,1944,1883,0.3383,-0.0570,1.0954,1.128,2.731,1.408
6345692,1602,1871,1876,0.3363,-0.0561,1.0972,1.086,2.582,1.511
6345702,1575,1876,1856,0.3352,-0.0540,1.0969,1.024,2.434,1.599
6345712,1624,1870,1874,0.3333,-0.0522,1.0965,0.950,2.255,1.637
6345722,1572,1891,1875,0.3304,-0.0506,1.0972,0.858,2.056,1.638
6345732,1599,1873,1867,0.3275,-0.0484,1.0984,0.703,1.772,1.635
6345742,1575,1866,1884,0.3259,-0.0483,1.0975,0.510,1.475,1.600
6345752,1614,1861,1878,0.3248,-0.0485,1.0991,0.253,1.136,1.523
6345762,1582,1895,1898,0.3243,-0.0489,1.1002,-0.037,0.735,1.424
6345772,1584,1868,1880,0.3244,-0.0502,1.1002,-0.244,0.353,1.312
6345782,1576,1882,1891,0.3248,-0.0518,1.0979,-0.316,0.014,1.176
6345792,1598,1877,1877,0.3265,-0.0518,1.0965,-0.304,-0.325,1.051
6345802,1573,1878,1928,0.3278,-0.0503,1.0953,-0.288,-0.596,0.957
6345812,1617,1863,1888,0.3294,-0.0494,1.0938,-0.329,-0.791,0.889
6345822,1583,1891,1879,0.3317,-0.0489,1.0931,-0.503,-0.921,0.843
6345832,1587,1868,1876,0.3336,-0.0489,1.0925,-0.790,-0.964,0.816
6345842,1578,1871,1897,0.3353,-0.0500,1.0913,-1.106,-0.844,0.790
6345852,1613,1868,1895,0.3364,-0.0524,1.0918,-1.404,-0.618,0.762
6345862,1588,1874,1864,0.3371,-0.0557,1.0926,-1.672,-0.328,0.724
6345872,1604,1872,1878,0.3370,-0.0572,1.0915,-1.865,0.061,0.665
6345882,1577,1880,1913,0.3371,-0.0601,1.0912,-1.951,0.479,0.593
6345892,1604,1872,1858,0.3374,-0.0619,1.0927,-1.920,0.908,0.490
6345902,1580,1877,1909,0.3366,-0.0642,1.0917,-1.685,1.395,0.376
6345912,1591,1879,1874,0.3350,-0.0644,1.0918,-1.304,1.851,0.266
6345922,1581,1884,1880,0.3325,-0.0640,1.0939,-0.899,2.165,0.146
6345932,1616,1873,1894,0.3305,-0.0627,1.0959,-0.447,2.435,0.019
6345942,1583,1901,1904,0.3281,-0.0606,1.0961,-0.030,2.626,-0.093
6345952,1606,1869,1897,0.3266,-0.0587,1.0969,0.218,2.718,-0.201
6345962,1581,1877,1856,0.3254,-0.0573,1.0969,0.362,2.680,-0.283
6345972,1601,1870,1872,0.3253,-0.0560,1.0979,0.270,2.497,-0.346
6345982,1581,1867,1885,0.3237,-0.0557,1.0979,0.100,2.235,-0.382
6345992,1599,1867,1862,0.3238,-0.0553,1.0972,-0.184,1.897,-0.383
6346002,1583,1876,1879,0.3240,-0.0547,1.0948,-0.421,1.639,-0.354
6346012,1604,1867,1891,0.3246,-0.0547,1.0958,-0.609,1.389,-0.315
