.0463,1.1445,-0.204,-0.879,0.554
1333057,1826,1972,1861,0.0143,-0.0462,1.1450,-0.277,-0.892,0.550
1333067,1963,1906,1816,0.0155,-0.0471,1.1449,-0.350,-0.891,0.540
1333077,1834,1976,1816,0.0152,-0.0480,1.1441,-0.438,-0.888,0.530
1333087,1899,1978,1835,0.0151,-0.0480,1.1443,-0.526,-0.881,0.515
1333097,1881,1809,1986,0.0140,-0.0466,1.1434,-0.591,-0.884,0.506
1333107,1890,1782,1843,0.0156,-0.0481,1.1400,-0.682,-0.914,0.493
1333117,1831,1911,1818,0.0142,-0.0483,1.1404,-0.693,-1.026,0.475
1333127,1870,1885,1812,0.0121,-0.0483,1.1416,-0.486,-0.976,0.432
1333137,1845,1963,1838,0.0139,-0.0516,1.1430,-0.371,-1.073,0.338
1333147,1881,1899,1816,0.0178,-0.0553,1.1450,-0.423,-1.221,0.248
1333157,1847,1908,1919,0.0162,-0.0522,1.1423,-0.227,-1.146,0.328
1333167,1895,1911,1852,0.0141,-0.0488,1.1441,0.044,-1.078,0.374
1333177,1834,1954,1826,0.0163,-0.0508,1.1423,0.189,-1.175,0.262
1333187,1908,1903,1852,0.0194,-0.0502,1.1467,0.245,-1.264,0.125
1333197,1869,1973,1824,0.0197,-0.0481,1.1478,0.300,-1.240,0.057
1333207,1893,2071,1827,0.0190,-0.0474,1.1475,0.412,-1.101,0.061
1333217,1826,2151,1818,0.0175,-0.0472,1.1470,0.402,-1.053,0.139
1333227,1914,2042,1821,0.0166,-0.0449,1.1465,0.292,-0.945,0.227
1333237,1903,2064,2128,0.0175,-0.0445,1.1466,0.058,-0.927,0.215
1333247,1912,2072,1813,0.0189,-0.0447,1.1473,-0.250,-0.933,0.194
1333257,1851,2100,1924,0.0180,-0.0443,1.1477,-0.489,-0.899,0.245
1333267,1914,2050,1819,0.0165,-0.0441,1.1472,-0.734,-0.793,0.342
1333277,1855,2064,1870,0.0159,-0.0457,1.1462,-1.078,-0.754,0.390
1333287,1949,2029,1841,0.0160,-0.0482,1.1449,-1.446,-0.760,0.417
1333297,1830,2061,1811,0.0159,-0.0495,1.1441,-1.666,-0.734,0.477
1333307,1904,2005,1812,0.0149,-0.0511,1.1423,-1.684,-0.695,0.540
1333317,1856,2013,1831,0.0146,-0.0523,1.1432,-1.516,-0.688,0.578
1333327,1936,1951,1810,0.0146,-0.0540,1.1448,-1.263,-0.707,0.603
1333337,1838,1947,1883,0.0134,-0.0540,1.1436,-1.048,-0.709,0.618
1333347,1913,1947,1967,0.0130,-0.0541,1.1429,-0.875,-0.722,0.621
1333357,1842,1993,1820,0.0136,-0.0544,1.1424,-0.718,-0.789,0.649
1333367,1939,1915,2082,0.0155,-0.0547,1.1436,-0.529,-0.880,0.711
1333377,1871,1973,1820,0.0158,-0.0532,1.1438,-0.268,-0.981,0.789
1333387,1937,1932,1842,0.0156,-0.0525,1.1452,0.065,-1.015,0.818
1333397,1864,1972,1836,0.0154,-0.0517,1.1453,0.435,-0.997,0.804
1333407,1916,1970,1824,0.0151,-0.0500,1.1454,0.811,-0.990,0.786
1333417,1870,2003,1843,0.0145,-0.0470,1.1460,1.125,-1.026,0.766
1333427,1930,1951,1826,0.0147,-0.0440,1.1447,1.354,-1.065,0.714
1333437,2023,1966,1822,0.0158,-0.0407,1.1453,1.488,-1.120,0.607
1333447,1919,1949,1854,0.0159,-0.0385,1.1461,1.519,-1.164,0.455
1333457,1888,2002,1979,0.0160,-0.0374,1.1479,1.461,-1.205,0.287
1333467,1908,1975,1889,0.0158,-0.0375,1.1482,1.296,-1.238,0.130
1333477,1862,1998,1825,0.0164,-0.0371,1.1478,1.015,-1.236,0.005
1333487,1913,2039,1846,0.0165,-0.0367,1.1482,0.662,-1.232,-0.096
1333497,1873,1990,1813,0.0164,-0.0377,1.1470,0.244,-1.240,-0.204
1333507,1915,1944,1989,0.0170,-0.0391,1.1469,-0.134,-1.225,-0.331
1333517,1829,1988,1838,0.0179,-0.0406,1.1470,-0.442,-1.225,-0.468
1333527,1999,1976,1810,0.0193,-0.0417,1.1478,-0.674,-1.216,-0.584
1333537,1842,2047,1848,0.0201,-0.0425,1.1472,-0.864,-1.200,-0.699
1333547,1906,1972,1837,0.0223,-0.0434,1.1468,-0.998,-1.197,-0.824
1333557,1856,2019,1813,0.0216,-0.0442,1.1484,-1.060,-1.174,-0.969
1333567,1946,1951,1886,0.0210,-0.0453,1.1480,-1.096,-1.114,-1.128
1333577,1853,1957,1817,0.0221,-0.0454,1.1450,-0.987,-0.932,-1.268
1333587,2120,1984,1854,0.0218,-0.0439,1.1454,-0.715,-0.913,-1.386
1333597,1854,2016,2044,0.0233,-0.0438,1.1483,-0.530,-1.059,-1.562
1333607,1905,1993,1877,0.0201,-0.0451,1.1476,-0.305,-0.887,-1.726
1333617,1862,2005,1844,0.0185,-0.0464,1.1487,-0.315,-0.903,-1.809
1333627,1919,1990,1822,0.0170,-0.0439,1.1469,-0.268,-0.743,-1.727
1333637,1834,2060,1813,0.0145,-0.0423,1.1434,-0.835,-0.597,-1.514
1333647,1893,1983,1871,0.0145,-0.0411,1.1428,-1.357,-0.620,-1.332
1333657,1840,2029,1813,0.0142,-0.0417,1.1415,-1.671,-0.688,-1.240
1333667,1862,1971,1858,0.0138,-0.0439,1.1429,-1.873,-0.696,-1.191
1333677,1828,2006,1851,0.0135,-0.0446,1.1412,-1.801,-0.602,-1.113
1333687,1888,2004,1836,0.0137,-0.0452,1.1432,-1.573,-0.672,-1.041
1333697,1826,2016,1816,0.0143,-0.0448,1.1414,-1.338,-0.734,-0.998
1333707,1868,1976,1859,0.0148,-0.0454,1.1419,-1.152,-0.738,-0.986
1333717,1838,2007,1837,0.0147,-0.0454,1.1410,-1.010,-0.780,-1.008
1333727,1887,1977,1843,0.0153,-0.0460,1.1414,-0.816,-0.752,-1.057
1333737,1833,1997,1821,0.0152,-0.0480,1.1422,-0.623,-0.809,-1.117
1333747,1884,1973,1847,0.0152,-0.0484,1.1431,-0.360,-0.806,-1.148
1333757,1838,1972,1818,0.0140,-0.0484,1.1443,-0.127,-0.867,-1.135
1333767,1891,1938,1855,0.0140,-0.0477,1.1437,0.109,-0.869,-1.085
1333777,1833,1968,1812,0.0135,-0.0459,1.1447,0.281,-0.933,-1.029
1333787,1875,1946,1815,0.0136,-0.0445,1.1449,0.407,-0.982,-0.967
1333797,1832,2010,1858,0.0140,-0.0435,1.1465,0.449,-1.057,-0.910
1333807,1868,1971,1825,0.0151,-0.0436,1.1463,0.398,-1.135,-0.846
1333817,1832,2013,1874,0.0161,-0.0431,1.1469,0.292,-1.144,-0.794
1333827,1893,1948,1827,0.0169,-0.0439,1.1448,0.189,-1.154,-0.767
1333837,1840,1997,1830,0.0176,-0.0454,1.1441,0.157,-1.133,-0.745
1333847,1881,1969,1822,0.0180,-0.0468,1.1447,0.232,-1.157,-0.720
1333857,1825,1972,1843,0.0183,-0.0470,1.1445,0.464,-1.129,-0.702
1333867,1875,1964,1932,0.0174,-0.0451,1.1446,0.788,-1.121,-0.674
1333877,1833,1996,1848,0.0158,-0.0429,1.1430,1.105,-1.122,-0.662
1333887,1904,1956,1868,0.0162,-0.0417,1.1441,1.334,-1.144,-0.663
1333897,1831,1973,1854,0.0169,-0.0405,1.1446,1.413,-1.176,-0.672
1333907,1885,1981,1874,0.0173,-0.0397,1.1430,1.376,-1.186,-0.695
1333917,1831,1982,1817,0.0192,-0.0387,1.1431,1.277,-1.170,-0.737
1333927,1889,1954,1835,0.0207,-0.0364,1.1435,1.188,-1.193,-0.854
1333937,1826,2008,1817,0.0217,-0.0361,1.1449,1.131,-1.226,-1.091
1333947,1847,1950,1831,0.0231,-0.0360,1.1450,1.112,-1.200,-1.420
1333957,1825,2006,1826,0.0237,-0.0361,1.1446,1.118,-1.155,-1.777
1333967,1860,1959,1821,0.0247,-0.0358,1.1452,1.117,-1.088,-2.111
1333977,1827,2003,1815,0.0251,-0.0354,1.1463,1.109,-1.079,-2.425
1333987,1850,1958,1875,0.0247,-0.0348,1.1467,1.034,-1.029,-2.699
1333997,1826,2008,1857,0.0240,-0.0355,1.1500,0.790,-1.045,-2.909
1334007,1839,1985,1827,0.0246,-0.0344,1.1444,0.528,-0.920,-3.010
1334017,1826,2019,1973,0.0142,-0.0393,1.1582,0.115,-0.927,-3.042
1334027,1836,1984,1841,0.0124,-0.0388,1.1465,-0.511,-0.717,-2.860
1334037,1829,2026,1842,0.0115,-0.0361,1.1395,-0.573,-0.260,-2.454
1334047,1862,1971,1901,0.0114,-0.0378,1.1493,-0.663,-0.925,-2.118
1334057,1826,2026,1829,0.0108,-0.0422,1.1434,-0.658,-0.811,-1.907
1334067,1840,1977,1907,0.0108,-0.0441,1.1474,-0.684,-0.885,-1.657
1334077,1832,2061,1831,0.0115,-0.0423,1.1453,-0.563,-0.788,-1.343
1334087,1867,1967,1846,0.0135,-0.0427,1.1469,-0.358,-0.863,-1.035
1334097,1827,2027,1817,0.0140,-0.0431,1.1453,-0.126,-0.884,-0.743
1334107,1844,2009,1872,0.0141,-0.0447,1.1476,0.114,-0.899,-0.455
1334117,1835,2104,1824,0.0149,-0.0452,1.1455,0.394,-0.861,-0.168
1334127,1844,1964,1897,0.0159,-0.0447,1.1434,0.703,-0.793,0.124
1334137,1839,2027,1824,0.0160,-0.0448,1.1436,1.066,-0.842,0.399
1334147,1960,1999,1853,0.0161,-0.0464,1.1420,1.512,-0.868,0.660
1334157,1867,2033,1815,0.0157,-0.0448,1.1419,1.968,-0.872,0.918
1334167,1855,2007,1845,0.0150,-0.0433,1.1407,2.383,-0.900,1.134
1334177,1866,2058,1822,0.0147,-0.0409,1.1383,2.781,-0.946,1.277
1334187,1837,2017,1849,0.0137,-0.0387,1.1386,3.235,-1.025,1.349
1334197,1862,2046,1822,0.0137,-0.0378,1.1395,3.670,-1.208,1.313
1334207,1957,2093,1825,0.0174,-0.0301,1.1351,4.209,-1.271,1.224
1334217,1993,2028,1829,0.0197,-0.0257,1.1446,4.933,-1.621,0.971
1334227,1969,2022,1837,0.0212,-0.0245,1.1412,5.752,-1.672,0.450
1334237,1847,2000,1816,0.0205,-0.0211,1.1425,6.673,-1.538,-0.106
1334247,1834,2018,1850,0.0204,-0.0149,1.1441,7.406,-1.596,-0.575
1334257,1919,2036,1821,0.0202,-0.0116,1.1475,7.720,-1.574,-0.982
1334267,1871,2015,1841,0.0205,-0.0091,1.1499,7.499,-1.608,-1.318
1334277,1838,2070,1817,0.0184,-0.0056,1.1493,6.946,-1.494,-1.561
1334287,2359,1956,1852,0.0177,-0.0032,1.1484,6.196,-1.474,-1.782
1334297,2008,2082,1842,0.0163,-0.0021,1.1458,5.460,-1.415,-2.067
1334307,1827,2058,1851,0.0157,-0.0020,1.1454,4.877,-1.460,-2.452
1334317,1858,2013,1837,0.0165,-0.0028,1.1445,4.433,-1.503,-2.910
1334327,1890,1942,1836,0.0164,-0.0046,1.1491,4.123,-1.536,-3.382
1334337,1911,2062,1830,0.0172,-0.0073,1.1523,3.814,-1.595,-3.854
1334347,1908,1957,1821,0.0185,-0.0102,1.1523,3.574,-1.553,-4.277
1334357,1840,2076,1839,0.0201,-0.0121,1.1540,3.251,-1.636,-4.579
1334367,2090,2069,1834,0.0201,-0.0106,1.1526,2.808,-1.612,-4.674
1334377,1830,2026,1842,0.0133,-0.0058,1.1562,2.203,-1.649,-4.558
1334387,1829,1896,1850,0.0074,0.0002,1.1544,1.606,-1.554,-4.444
1334397,2043,1985,1831,0.0029,0.0035,1.1511,1.344,-1.468,-4.487
1334407,1983,1887,1873,-0.0014,0.0031,1.1495,1.356,-1.592,-4.751
1334417,1824,1964,1850,0.0073,0.0070,1.1388,1.513,-1.714,-5.174
1334427,1880,1919,1897,0.0121,0.0090,1.1438,1.493,-2.119,-5.782
1334437,1838,1945,1839,0.0153,0.0104,1.1499,0.723,-2.670,-6.553
1334447,1831,1914,1893,0.0172,0.0044,1.1400,-0.098,-2.389,-7.328
1334457,2002,2074,1854,0.0183,-0.0033,1.1535,-1.429,-2.932,-7.866
1334467,1894,1889,1866,0.0199,-0.0104,1.1493,-2.688,-3.027,-7.997
1334477,2018,2055,1819,0.0225,-0.0199,1.1529,-3.879,-3.262,-7.837
1334487,1847,2029,1822,0.0269,-0.0221,1.1507,-4.692,-3.455,-7.436
1334497,1828,2078,1842,0.0269,-0.0226,1.1579,-5.255,-3.805,-7.014
1334507,1962,2036,1817,0.0259,-0.0233,1.1517,-5.551,-3.802,-6.756
1334517,1861,2108,1829,0.0262,-0.0227,1.1467,-5.272,-3.558,-6.595
1334527,1870,2023,1820,0.0195,-0.0240,1.1382,-4.621,-3.480,-6.459
1334537,1903,2088,1858,0.0097,-0.0247,1.1278,-3.894,-3.518,-6.210
1334547,1880,2022,1826,0.0126,-0.0186,1.1189,-2.933,-3.939,-5.900
1334557,1829,2082,1840,0.0133,-0.0245,1.1329,-2.230,-4.790,-5.922
1334567,1842,2001,1839,0.0156,-0.0305,1.1306,-1.922,-5.068,-6.182
1334577,1827,2105,1824,0.0193,-0.0292,1.1415,-1.587,-5.180,-6.369
1334587,1929,2010,1849,0.0287,-0.0266,1.1448,-1.069,-5.441,-6.452
1334597,1833,2115,1825,0.0368,-0.0277,1.1555,-0.483,-5.534,-6.506
1334607,1833,1966,1922,0.0395,-0.0288,1.1581,-0.045,-5.251,-6.463
1334617,1825,2116,1831,0.0401,-0.0282,1.1623,0.353,-4.832,-6.264
1334627,1824,2032,1819,0.0428,-0.0284,1.1604,0.290,-4.424,-5.987
1334637,1937,2136,1857,0.0421,-0.0261,1.1567,-0.123,-3.813,-5.581
1334647,1856,2085,1836,0.0449,-0.0232,1.1512,-0.803,-3.409,-5.140
1334657,1912,2099,1834,0.0447,-0.0236,1.1506,-1.710,-3.159,-4.788
1334667,2021,2004,1850,0.0417,-0.0216,1.1416,-2.483,-2.694,-4.493
1334677,1832,2091,1831,0.0410,-0.0234,1.1405,-2.753,-2.503,-4.277
1334687,1895,1995,1839,0.0422,-0.0265,1.1374,-2.505,-2.559,-4.152
1334697,1838,2131,1820,0.0459,-0.0287,1.1384,-1.905,-2.715,-4.064
1334707,1907,1991,1886,0.0464,-0.0304,1.1404,-1.165,-2.866,-3.999
1334717,1829,2082,1824,0.0515,-0.0277,1.1400,-0.347,-2.958,-3.864
1334727,1927,1991,1854,0.0545,-0.0232,1.1451,0.348,-3.149,-3.644
1334737,1892,2076,1833,0.0552,-0.0227,1.1498,0.685,-3.294,-3.413
1334747,1959,2020,1889,0.0544,-0.0223,1.1512,0.842,-3.096,-3.103
1334757,1908,2036,1842,0.0528,-0.0209,1.1525,0.794,-2.945,-2.674
1334767,1853,2020,1856,0.0504,-0.0197,1.1531,0.681,-2.720,-2.228
1334777,1827,2100,1840,0.0480,-0.0192,1.1512,0.513,-2.534,-1.841
1334787,1837,2026,1870,0.0456,-0.0190,1.1478,0.452,-2.309,-1.545
1334797,1834,2059,1877,0.0448,-0.0187,1.1478,0.495,-2.218,-1.334
1334807,1942,2028,1898,0.0444,-0.0185,1.1493,0.593,-2.149,-1.203
1334817,1872,2123,1851,0.0448,-0.0173,1.1539,0.671,-2.135,-1.106
1334827,1840,2030,1851,0.0465,-0.0172,1.1592,0.750,-2.030,-1.035
1334837,1858,2101,1891,0.0495,-0.0179,1.1680,0.790,-1.825,-0.995
1334847,1941,2034,1907,0.0517,-0.0220,1.1765,0.751,-1.343,-1.019
1334857,1837,2111,1835,0.0570,-0.0317,1.1838,0.770,-0.506,-1.133
1334867,2012,2005,1938,0.0609,-0.0445,1.1848,1.032,0.660,-1.270
1334877,1891,2118,1865,0.0674,-0.0544,1.1863,1.744,1.878,-1.260
1334887,1826,2050,1942,0.0699,-0.0604,1.1885,3.096,3.115,-1.053
1334897,1917,2120,1920,0.0700,-0.0619,1.1970,5.133,4.349,-0.627
1334907,1842,1987,1892,0.0718,-0.0542,1.2034,7.670,5.766,0.064
1334917,1896,2161,1926,0.0689,-0.0457,1.2132,10.165,7.244,0.978
1334927,1824,2065,1912,0.0622,-0.0390,1.2120,12.115,9.164,2.057
1334937,1886,2129,1867,0.0580,-0.0290,1.2228,13.285,10.993,3.227
1334947,1830,1992,1921,0.0548,-0.0192,1.2270,13.564,12.821,4.239
1334957,1906,2035,1921,0.0548,-0.0125,1.2317,13.798,15.014,4.997
1334967,1875,2007,1948,0.0586,-0.0084,1.2440,14.018,17.009,5.497
1334977,1853,2119,1888,0.0621,-0.0062,1.2524,14.469,19.330,5.831
1334987,1935,1979,1925,0.0636,-0.0047,1.2622,15.021,21.863,6.066
1334997,1853,1967,1936,0.0596,-0.0024,1.2708,15.844,24.751,6.368
1335007,1887,1998,1951,0.0537,-0.0008,1.2777,16.464,27.711,6.849
1335017,1886,2170,1921,0.0484,0.0042,1.2819,16.332,30.594,7.639
1335027,1831,2127,1887,0.0413,0.0099,1.2890,15.068,33.073,8.783
1335037,1950,2147,1873,0.0332,0.0185,1.2840,12.552,35.706,10.227
1335047,1848,2141,1967,0.0230,0.0268,1.2832,8.959,38.019,11.922
1335057,1858,2168,1852,0.0140,0.0294,1.2790,4.250,40.107,13.621
1335067,1835,1992,2012,0.0042,0.0254,1.2765,-1.263,42.132,15.257
1335077,1831,2117,1852,-0.0025,0.0202,1.2738,-7.220,44.122,16.928
1335087,1917,2063,1929,-0.0062,0.0135,1.2684,-13.285,46.110,18.676
1335097,1832,2089,1832,-0.0046,0.0056,1.2622,-19.004,48.095,20.486
1335107,1855,2093,1871,-0.0048,-0.0023,1.2582,-23.903,50.087,22.335
1335117,2043,2096,1851,-0.0074,-0.0089,1.2587,-27.481,52.194,24.188
1335127,1846,1992,1848,-0.0122,-0.0180,1.2520,-30.112,54.487,25.937
1335137,2083,2116,1843,-0.0192,-0.0274,1.2484,-31.834,56.929,27.550
1335147,1832,2033,1826,-0.0285,-0.0384,1.2510,-32.965,59.202,29.055
1335157,1859,2158,1832,-0.0360,-0.0501,1.2463,-33.754,61.648,30.513
1335167,1836,2092,1829,-0.0437,-0.0605,1.2435,-34.619,63.888,32.065
1335177,1833,2107,1826,-0.0536,-0.0588,1.2380,-35.650,65.914,33.852
1335187,1869,2089,1836,-0.0707,-0.0489,1.2352,-36.950,67.692,35.733
1335197,1831,2211,1839,-0.0872,-0.0405,1.2251,-38.580,69.500,37.401
1335207,1980,2005,1832,-0.1041,-0.0473,1.2233,-41.683,71.164,38.799
1335217,1835,2174,1822,-0.1194,-0.0611,1.2178,-45.582,72.983,40.248
1335227,2051,2236,1823,-0.1363,-0.0783,1.2099,-49.965,74.951,42.032
1335237,2015,2174,1909,-0.1521,-0.0929,1.2025,-54.548,76.786,44.120
1335247,1945,1919,1840,-0.1708,-0.1092,1.1864,-58.902,78.533,46.218
1335257,1839,1940,1917,-0.1888,-0.1188,1.1660,-62.471,80.187,48.464
1335267,1889,1887,1856,-0.2081,-0.1249,1.1489,-64.860,81.468,50.832
1335277,1888,1814,1935,-0.2240,-0.1320,1.1365,-66.136,82.305,53.026
1335287,1911,1764,1873,-0.2382,-0.1389,1.1296,-66.537,82.954,55.110
1335297,1836,1770,1921,-0.2508,-0.1465,1.1233,-66.628,83.514,57.048
1335307,1829,1791,1867,-0.2611,-0.1282,1.1086,-66.685,84.050,58.892
1335317,1854,1909,1984,-0.2725,-0.1354,1.0948,-66.893,84.882,60.002
1335327,1856,1790,1864,-0.2819,-0.1534,1.0930,-67.846,85.049,60.256
1335337,1829,1845,1967,-0.2945,-0.1761,1.0672,-69.050,85.643,60.789
1335347,1861,1747,1835,-0.3087,-0.1916,1.0512,-70.447,85.683,62.179
1335357,1837,1753,1937,-0.3264,-0.2010,1.0322,-71.518,85.659,64.604
1335367,1978,1771,1825,-0.3445,-0.2097,1.0196,-72.562,85.499,67.488
1335377,1891,1839,1975,-0.3598,-0.2183,1.0007,-73.627,85.167,70.587
1335387,1850,1748,1828,-0.3744,-0.2258,0.9836,-74.768,84.675,73.712
1335397,1927,1792,1944,-0.3896,-0.2271,0.9700,-75.854,83.896,77.004
1335407,1925,1804,1833,-0.4022,-0.2256,0.9593,-76.771,82.909,80.269
1335417,1879,1793,1853,-0.4138,-0.2210,0.9540,-77.516,81.650,83.465
1335427,1926,1748,1849,-0.4270,-0.2162,0.9424,-78.088,80.473,86.506
1335437,1859,1770,1917,-0.4399,-0.2091,0.9310,-78.257,79.339,89.452
1335447,1975,1749,1831,-0.4552,-0.2040,0.9214,-78.035,78.155,92.280
1335457,2060,1756,1895,-0.4734,-0.2025,0.9051,-77.270,77.246,94.850
1335467,2037,1844,1823,-0.4899,-0.2035,0.8891,-76.102,76.254,97.185
1335477,2043,1761,1929,-0.5058,-0.2084,0.8720,-74.810,75.013,99.388
1335487,1855,1775,1832,-0.5215,-0.2064,0.8534,-73.314,73.611,101.716
1335497,1915,1752,1828,-0.5385,-0.1952,0.8408,-71.475,72.057,104.362
1335507,1841,1816,1837,-0.5529,-0.1767,0.8316,-69.458,70.343,107.147
1335517,2132,1798,1912,-0.5639,-0.1556,0.8156,-67.312,68.924,109.815
1335527,2136,1803,1832,-0.5768,-0.1342,0.7927,-65.453,67.660,112.163
1335537,2020,1763,1967,-0.5895,-0.1115,0.7680,-64.149,66.098,114.219
1335547,1860,1811,1837,-0.6064,-0.0814,0.7460,-63.740,63.983,115.941
1335557,1932,1810,1925,-0.6236,-0.0507,0.7258,-64.327,61.340,117.110
1335567,2083,1822,1833,-0.6418,-0.0176,0.7144,-66.016,57.933,117.450
1335577,2061,1758,1923,-0.6530,0.0102,0.7126,-68.943,53.880,116.865
1335587,1966,1759,1892,-0.6617,0.0275,0.7084,-73.065,49.934,115.191
1335597,2043,1753,1949,-0.6680,0.0256,0.6979,-78.148,46.003,112.716
1335607,1820,1770,1865,-0.6790,0.0141,0.6888,-83.562,41.949,110.055
1335617,1829,1844,1997,-0.6907,-0.0026,0.6754,-88.545,37.913,108.036
1335627,2202,1781,1927,-0.7031,-0.0219,0.6515,-92.732,33.829,106.732
1335637,1956,1756,2055,-0.7143,-0.0353,0.6368,-96.434,29.077,106.152
1335647,1838,1777,1957,-0.7183,-0.0414,0.6369,-99.789,23.537,106.115
1335657,1837,1768,2004,-0.7186,-0.0384,0.6388,-102.590,18.099,106.159
1335667,1839,1765,1896,-0.7160,-0.0302,0.6423,-104.228,13.277,106.035
1335677,1912,1754,2039,-0.7157,-0.0283,0.6426,-104.591,9.201,105.107
1335687,1851,1808,1864,-0.7154,-0.0214,0.6439,-103.241,5.770,103.605
1335697,2517,1783,1962,-0.7183,-0.0161,0.6434,-100.137,2.963,101.445
1335707,1826,1789,1874,-0.7222,-0.0107,0.6360,-95.313,0.842,98.620
1335717,1925,1787,1950,-0.7254,-0.0032,0.6386,-89.153,-1.149,95.160
1335727,1817,1755,1881,-0.7280,-0.0050,0.6368,-82.161,-2.992,91.143
1335737,1996,1764,2107,-0.7320,-0.0065,0.6348,-74.829,-4.610,86.853
1335747,1821,1777,1830,-0.7317,-0.0079,0.6443,-67.727,-6.489,82.839
1335757,1901,1779,1943,-0.7367,-0.0120,0.6496,-61.179,-8.241,78.888
1335767,2040,1772,1824,-0.7389,-0.0035,0.6559,-54.825,-9.632,75.596
1335777,1836,1788,1985,-0.7431,0.0071,0.6692,-49.016,-11.202,72.740
1335787,2088,1782,1947,-0.7494,0.0233,0.6757,-43.752,-12.599,70.009
1335797,2202,1842,1935,-0.7498,0.0428,0.6911,-39.215,-13.864,67.555
1335807,2614,1755,1829,-0.7499,0.0581,0.7087,-36.180,-15.174,64.721
1335817,2113,1771,2024,-0.7479,0.0691,0.7162,-34.332,-15.708,61.687
1335827,2703,1902,1941,-0.7429,0.0558,0.7248,-34.141,-16.197,58.500
1335837,3082,1891,1966,-0.7461,0.0321,0.7250,-35.739,-16.841,55.470
1335847,2613,1795,1834,-0.7457,0.0199,0.7428,-38.561,-17.785,53.845
1335857,1866,1755,1971,-0.7522,0.0105,0.7562,-42.587,-19.000,52.952
1335867,1896,1751,1848,-0.7540,0.0113,0.7600,-46.675,-19.788,52.488
1335877,2550,1822,2204,-0.7518,0.0140,0.7764,-50.392,-20.711,52.161
1335887,2133,1841,2100,-0.7513,0.0136,0.7803,-53.293,-21.187,51.455
1335897,2023,1809,2208,-0.7506,0.0102,0.7727,-55.232,-20.965,50.527
1335907,1955,1759,1957,-0.7492,0.0016,0.7708,-56.676,-20.998,49.480
1335917,2041,1807,2299,-0.7514,-0.0075,0.7636,-57.454,-21.150,48.519
1335927,2508,1773,2016,-0.7511,-0.0134,0.7635,-57.581,-21.541,47.775
1335937,2317,1771,2209,-0.7554,-0.0248,0.7585,-57.181,-22.299,47.000
1335947,2060,1765,2101,-0.7549,-0.0281,0.7662,-55.712,-23.231,46.241
1335957,1916,1801,2213,-0.7543,-0.0204,0.7824,-53.413,-24.215,45.816
1335967,2020,1792,1830,-0.7488,-0.0094,0.7926,-50.766,-24.643,45.338
1335977,1924,2015,2628,-0.7426,0.0047,0.8098,-48.515,-24.973,44.703
1335987,1874,1762,1968,-0.7338,0.0214,0.8190,-46.918,-25.076,43.924
1335997,1832,2089,2522,-0.7238,0.0277,0.8236,-45.756,-24.939,42.690
1336007,1923,1843,2197,-0.7149,0.0182,0.8188,-44.995,-25.142,41.031
1336017,2026,1818,1954,-0.7204,-0.0090,0.7713,-43.517,-25.186,39.219
1336027,2683,1758,2773,-0.7309,-0.0396,0.7219,-39.987,-25.759,37.979
1336037,1965,1871,4095,-0.7304,-0.0774,0.7204,-34.413,-28.159,37.198
1336047,2009,1863,2207,-0.7228,-0.0898,0.7899,-28.044,-31.608,36.534
1336057,2085,1882,2866,-0.6902,-0.0303,0.8742,-21.971,-34.174,36.790
1336067,2646,1895,2042,-0.6374,0.0490,0.9249,-15.577,-33.861,36.174
1336077,2337,1916,4095,-0.5790,0.0762,0.9558,-10.400,-31.802,33.208
1336087,2923,2023,2630,-0.5545,0.0425,0.9291,-6.789,-28.589,28.421
1336097,1990,1916,1837,-0.5604,0.0101,0.8715,-3.381,-24.934,24.936
1336107,3262,2047,1623,-0.5791,-0.0129,0.8751,-0.505,-23.048,23.247
1336117,1867,1756,1684,-0.5736,-0.0368,0.9179,0.531,-23.284,21.844
1336127,2631,1801,1750,-0.5707,-0.0598,0.8974,1.737,-21.798,20.377
1336137,1964,1917,2312,-0.5928,-0.0153,0.8908,2.846,-19.807,20.763
1336147,2306,1883,1840,-0.5860,0.0851,0.9488,3.572,-19.582,21.721
1336157,4095,1858,1977,-0.5842,0.0956,0.9390,5.303,-17.494,19.855
1336167,2462,2043,1676,-0.5917,0.1003,0.9174,6.926,-14.494,16.470
1336177,2528,2057,1638,-0.6070,0.1354,0.9134,6.884,-12.879,14.547
1336187,2114,1899,2033,-0.6180,0.1493,0.8967,6.151,-11.366,12.005
1336197,2024,1840,2036,-0.6146,0.1399,0.9129,4.943,-10.874,8.249
1336207,2030,1867,1731,-0.6204,0.1316,0.9265,3.626,-10.622,4.292
1336217,1861,1936,2713,-0.6287,0.1485,0.9286,4.632,-8.905,0.609
1336227,1898,2091,1797,-0.6351,0.1868,0.9865,7.364,-7.076,-3.166
1336237,3123,2054,1664,-0.6185,0.2446,1.0052,10.257,-4.807,-7.675
1336247,1763,1867,1765,-0.6274,0.2929,0.9363,15.299,0.680,-13.342
1336257,2258,2039,1857,-0.6545,0.2887,0.9263,20.119,4.374,-20.213
1336267,1835,1921,1698,-0.6731,0.2929,0.9299,22.930,4.735,-28.371
1336277,2550,1815,1663,-0.6799,0.2825,0.8793,25.844,6.587,-35.393
1336287,2186,1800,2320,-0.6823,0.2618,0.8983,26.339,6.421,-42.359
1336297,1879,1795,1688,-0.6728,0.2539,0.9216,25.205,4.872,-48.721
1336307,1743,1780,1630,-0.6687,0.2362,0.9230,25.089,5.718,-54.931
1336317,1887,1780,1760,-0.6555,0.2305,0.9712,23.996,5.932,-60.486
1336327,1995,1808,1838,-0.6513,0.1972,0.9522,22.425,7.553,-66.085
1336337,2508,2018,1626,-0.6500,0.1606,0.9302,21.350,10.467,-71.201
1336347,1768,1835,1692,-0.6422,0.1365,0.9699,17.994,10.913,-75.042
1336357,2109,1781,1624,-0.6524,0.0836,0.9343,13.832,12.947,-78.577
1336367,1849,1775,1624,-0.6684,0.0225,0.8616,9.837,15.715,-81.325
1336377,1797,1933,1699,-0.6929,-0.0461,0.8397,5.686,15.638,-82.941
1336387,1987,1758,1650,-0.7130,-0.1265,0.8295,2.249,14.043,-82.967
1336397,1886,1777,1675,-0.7422,-0.2238,0.7761,0.214,13.096,-81.865
1336407,1705,1834,1655,-0.7469,-0.2980,0.7785,-0.931,11.184,-78.132
1336417,1826,1847,2008,-0.7384,-0.3472,0.8384,-3.573,7.217,-71.993
1336427,1767,1805,1657,-0.7196,-0.3747,0.8707,-6.041,5.440,-64.265
1336437,1897,1789,1627,-0.7121,-0.3952,0.8704,-8.332,6.180,-55.556
1336447,1986,1762,1648,-0.7096,-0.4170,0.8812,-10.735,7.225,-47.111
1336457,1883,1765,1673,-0.7060,-0.4464,0.8947,-12.906,8.302,-38.652
1336467,1680,1761,1652,-0.7148,-0.4812,0.8773,-14.310,10.465,-30.276
1336477,1971,1829,1774,-0.7289,-0.4952,0.8444,-14.858,12.943,-21.017
1336487,1698,1767,1671,-0.7443,-0.5007,0.8035,-14.448,14.769,-11.033
1336497,1681,1794,1761,-0.7613,-0.5038,0.7621,-12.967,15.709,-0.951
1336507,1689,1864,1762,-0.7730,-0.4885,0.7368,-10.594,15.438,9.329
1336517,1962,1762,1694,-0.7793,-0.4525,0.7263,-7.570,14.273,19.398
1336527,1912,1843,1716,-0.7747,-0.4091,0.7282,-4.255,12.792,28.796
1336537,1874,1771,1767,-0.7676,-0.3637,0.7330,-1.478,11.313,37.148
1336547,2234,1764,1668,-0.7558,-0.3096,0.7377,0.396,9.914,44.947
1336557,1858,1761,1747,-0.7421,-0.2582,0.7384,0.974,8.517,52.023
1336567,1968,1768,1631,-0.7287,-0.2185,0.7457,0.083,6.879,57.810
1336577,1937,1789,1840,-0.7206,-0.1843,0.7481,-1.794,5.199,62.686
1336587,1926,1878,2272,-0.7175,-0.1481,0.7463,-3.884,3.769,66.943
1336597,1868,1925,1974,-0.7066,-0.1181,0.7620,-6.180,1.822,70.636
1336607,1758,1850,1847,-0.6994,-0.0905,0.7765,-8.553,-0.197,73.571
1336617,1741,1766,1833,-0.6926,-0.0548,0.7713,-10.078,-1.448,76.329
1336627,1908,1859,2142,-0.6846,-0.0237,0.7800,-10.626,-2.859,78.012
1336637,2087,1888,2029,-0.6553,0.0043,0.8218,-10.154,-4.887,78.269
1336647,1690,1837,2418,-0.6360,0.0247,0.8333,-8.299,-5.306,77.123
1336657,1975,2187,1924,-0.6243,0.0704,0.8108,-4.565,-3.555,75.546
1336667,2876,1782,1808,-0.6232,0.1203,0.7970,-0.252,-2.036,73.548
1336677,2244,1802,2028,-0.6228,0.1365,0.7766,3.653,-1.453,69.797
1336687,2053,1823,1953,-0.6290,0.1200,0.7484,7.152,-1.351,64.648
1336697,1861,1805,2547,-0.6342,0.1101,0.7415,9.708,-2.315,60.197
1336707,1817,1788,1975,-0.6407,0.1350,0.7624,10.817,-4.112,57.083
1336717,2343,1764,2492,-0.6299,0.1608,0.7955,10.910,-5.886,54.533
1336727,1832,1777,3198,-0.6192,0.1667,0.8257,9.549,-7.180,51.051
1336737,2384,1861,2030,-0.6183,0.1794,0.8268,7.339,-7.446,47.472
1336747,1676,1866,1940,-0.6235,0.2105,0.8159,5.660,-7.060,44.150
1336757,2506,1849,1929,-0.6268,0.2364,0.8004,5.158,-6.930,40.063
1336767,3096,1844,1884,-0.6338,0.2353,0.7737,6.378,-6.694,34.602
1336777,1718,1763,1763,-0.6500,0.2372,0.7669,8.104,-7.176,29.005
1336787,2496,1835,1668,-0.6650,0.2543,0.7630,9.788,-7.841,24.406
1336797,1718,1898,2131,-0.6275,0.2929,0.8557,9.169,-10.031,20.609
1336807,1715,2153,1900,-0.6463,0.3053,0.8776,5.620,-10.613,15.896
1336817,1936,1930,1930,-0.6699,0.2436,0.8648,4.225,-8.999,7.854
1336827,2290,1977,2223,-0.6930,0.1930,0.8520,2.696,-9.325,0.335
1336837,2193,1821,1766,-0.7213,0.1546,0.7675,4.593,-7.308,-4.687
1336847,1886,1787,2200,-0.7385,0.1178,0.7346,7.159,-7.218,-8.211
1336857,2046,1794,1734,-0.7508,0.0743,0.7318,8.884,-9.704,-10.796
1336867,1675,1853,1691,-0.7549,0.0650,0.7373,10.342,-11.911,-11.575
1336877,2283,1763,1658,-0.7478,0.0838,0.7745,10.223,-14.688,-10.280
1336887,2005,1780,1907,-0.7431,0.0972,0.7866,9.011,-16.713,-9.140
1336897,1711,1808,1712,-0.7365,0.1049,0.7964,7.783,-17.883,-8.462
1336907,1693,1900,1633,-0.7296,0.1075,0.8492,6.061,-19.608,-8.345
1336917,1991,1869,1744,-0.7087,0.1293,0.9090,3.572,-21.064,-8.226
1336927,1847,1920,1733,-0.7127,0.1443,0.8727,1.932,-19.425,-8.540
1336937,1673,1805,1868,-0.7186,0.1569,0.8293,2.803,-16.576,-9.164
1336947,1697,1764,1755,-0.7140,0.1635,0.8756,2.915,-17.433,-10.330
1336957,1813,1774,1681,-0.7132,0.1649,0.8971,2.872,-18.109,-12.217
1336967,2228,1763,1650,-0.7004,0.1891,0.9050,4.604,-16.595,-13.419
1336977,1679,1859,1659,-0.6884,0.1997,0.9292,5.565,-15.698,-14.884
1336987,1697,1771,1768,-0.6888,0.1828,0.9108,6.407,-13.933,-17.689
1336997,1734,1779,1655,-0.6914,0.1682,0.8900,7.918,-12.071,-20.599
1337007,2011,1782,1686,-0.6830,0.1481,0.9122,9.722,-11.899,-23.250
1337017,2366,1783,1676,-0.6788,0.1162,0.9333,12.203,-11.716,-26.172
1337027,1690,1764,1810,-0.6762,0.1063,0.9348,16.829,-9.841,-28.200
1337037,1808,1783,1703,-0.6749,0.1217,0.9409,23.099,-7.350,-29.084
1337047,2100,1936,1975,-0.6761,0.1536,0.9638,29.935,-4.949,-30.107
1337057,1691,1785,1673,-0.6776,0.1960,0.9779,36.876,-1.957,-31.723
1337067,1857,1780,1792,-0.6772,0.2263,0.9727,43.478,1.913,-34.475
1337077,1670,1907,1644,-0.6810,0.2310,0.9554,48.774,5.696,-38.267
1337087,1670,1766,1803,-0.6904,0.2156,0.9159,51.845,8.856,-42.192
1337097,1737,1768,1683,-0.7036,0.1881,0.8746,52.249,10.751,-45.383
1337107,1695,1776,1707,-0.7095,0.1617,0.8764,49.599,10.403,-47.275
1337117,1723,1768,1691,-0.7155,0.1383,0.8814,44.108,8.891,-48.145
1337127,1705,1770,1646,-0.7146,0.1319,0.8627,38.029,8.352,-47.831
1337137,1745,1763,1669,-0.7082,0.1248,0.8609,31.843,7.438,-46.848
1337147,1699,1777,1696,-0.7031,0.1126,0.8667,25.955,6.137,-46.207
1337157,1782,1775,1649,-0.6956,0.1006,0.8678,21.411,5.581,-45.668
1337167,1691,1769,1671,-0.6960,0.0887,0.8708,18.137,5.491,-45.358
1337177,1785,1768,1644,-0.6949,0.0792,0.8711,16.456,5.850,-45.264
1337187,1788,1774,1666,-0.6946,0.0720,0.8708,16.361,6.594,-45.306
1337197,1739,1774,1642,-0.6945,0.0725,0.8713,17.699,7.463,-45.500
1337207,1669,1773,1676,-0.6987,0.0831,0.8557,20.704,8.741,-46.040
1337217,1762,1774,1644,-0.7039,0.0912,0.8255,25.886,10.357,-47.244
1337227,1729,1792,1642,-0.7086,0.0918,0.8052,32.873,11.370,-49.431
1337237,1816,1774,1646,-0.7091,0.0788,0.7974,40.953,11.535,-52.482
1337247,1712,1764,1687,-0.7096,0.0576,0.7877,49.536,11.552,-55.872
1337257,1848,1772,1642,-0.7082,0.0409,0.7754,58.401,11.531,-58.702
1337267,1817,1789,1727,-0.7059,0.0311,0.7663,67.157,11.083,-60.588
1337277,1761,1798,1660,-0.7061,0.0366,0.7567,75.919,10.424,-61.431
1337287,1672,1771,1712,-0.7082,0.0505,0.7477,84.927,9.612,-61.533
1337297,1716,1767,1657,-0.7113,0.0704,0.7431,94.085,8.544,-61.633
1337307,1724,1802,1697,-0.7165,0.0972,0.7322,103.542,7.629,-61.900
1337317,1711,1797,1673,-0.7213,0.1250,0.7202,113.389,6.660,-62.675
1337327,1712,1766,1709,-0.7277,0.1526,0.7097,123.579,5.327,-64.117
1337337,1711,1770,1661,-0.7363,0.1755,0.6854,134.046,3.939,-66.251
1337347,1676,1773,1703,-0.7414,0.1999,0.6609,144.566,2.248,-68.917
1337357,1951,1797,1647,-0.7431,0.2169,0.6528,154.465,-0.362,-72.084
1337367,1706,1772,1689,-0.7411,0.2334,0.6466,163.321,-3.484,-75.455
1337377,1686,1836,1641,-0.7391,0.2560,0.6380,170.908,-6.799,-78.476
1337387,1702,1803,1688,-0.7390,0.2785,0.6291,176.969,-10.544,-80.952
1337397,1956,1856,1643,-0.7403,0.2985,0.6241,181.465,-14.920,-82.937
1337407,1750,1776,1710,-0.7399,0.3145,0.6249,184.138,-20.079,-84.610
1337417,1665,1817,1656,-0.7352,0.3239,0.6283,184.933,-25.731,-85.970
1337427,1802,1903,1695,-0.7274,0.3273,0.6286,183.680,-31.613,-86.830
1337437,1773,1870,1645,-0.7238,0.3266,0.6178,180.812,-37.595,-87.249
1337447,1686,1789,1662,-0.7163,0.3329,0.6245,176.813,-44.254,-86.661
1337457,1701,1814,1646,-0.7035,0.3406,0.6373,171.445,-51.453,-85.359
1337467,1711,1769,1683,-0.6929,0.3422,0.6343,165.024,-57.971,-83.892
1337477,1733,1834,1662,-0.6758,0.3499,0.6389,157.671,-64.370,-81.929
1337487,1706,1768,1680,-0.6616,0.3561,0.6472,149.413,-70.720,-79.887
1337497,1817,1776,1658,-0.6482,0.3669,0.6503,140.785,-76.420,-77.864
1337507,1853,1822,1657,-0.6345,0.3804,0.6614,131.601,-81.992,-75.922
1337517,1729,1776,1651,-0.6232,0.3892,0.6710,121.735,-87.390,-74.537
1337527,1828,1772,1666,-0.6110,0.3926,0.6858,111.238,-92.729,-73.720
1337537,1714,1781,1662,-0.5865,0.3844,0.7203,99.567,-98.604,-73.396
1337547,1700,1775,1677,-0.5596,0.3598,0.7588,86.382,-104.332,-73.662
1337557,1772,1773,1650,-0.5303,0.3308,0.7819,72.186,-108.849,-73.776
1337567,1676,1775,1695,-0.5070,0.3015,0.7923,57.759,-112.129,-73.286
1337577,1720,1773,1651,-0.4898,0.2796,0.7989,44.023,-114.709,-71.935
1337587,1663,1773,1707,-0.4783,0.2612,0.8008,31.757,-116.828,-70.085
1337597,1773,1777,1675,-0.4694,0.2448,0.8027,21.274,-118.690,-68.205
1337607,1678,1776,1682,-0.4599,0.2273,0.8043,12.483,-120.439,-66.610
1337617,1674,1770,1653,-0.4484,0.2078,0.8105,5.058,-122.071,-65.523
1337627,1707,1775,1680,-0.4340,0.1889,0.8177,-1.263,-123.560,-64.788
1337637,1757,1816,1676,-0.4191,0.1789,0.8221,-6.617,-124.879,-64.112
1337647,1677,1776,1672,-0.4053,0.1788,0.8177,-10.937,-126.085,-63.383
1337657,1764,1794,1658,-0.3867,0.1837,0.8224,-13.944,-127.635,-62.876
1337667,1783,1773,1688,-0.3654,0.1821,0.8398,-16.191,-129.762,-62.848
1337677,1818,1771,1674,-0.3442,0.1720,0.8572,-17.826,-131.583,-63.483
1337687,1678,1776,1653,-0.3199,0.1575,0.8830,-19.042,-133.035,-64.271
1337697,1681,1787,1661,-0.2915,0.1374,0.9174,-20.214,-134.303,-65.089
1337707,1789,1815,1653,-0.2612,0.1134,0.9529,-21.712,-134.867,-65.616
1337717,1819,1840,1700,-0.2284,0.0872,0.9938,-23.834,-134.947,-65.696
1337727,1680,1781,1655,-0.1941,0.0628,1.0357,-26.450,-134.462,-65.148
1337737,1851,1834,1662,-0.1606,0.0400,1.0732,-29.436,-133.273,-63.963
1337747,1685,1888,1659,-0.1300,0.0194,1.1099,-32.319,-131.352,-62.215
1337757,1686,1832,1654,-0.1024,-0.0037,1.1449,-34.898,-128.707,-60.078
1337767,1792,1868,1751,-0.0804,-0.0266,1.1712,-37.073,-125.220,-57.704
1337777,1953,1804,1741,-0.0605,-0.0393,1.1810,-38.726,-121.120,-55.206
1337787,1733,1826,1836,-0.0505,-0.0582,1.1915,-39.737,-116.403,-52.858
1337797,1735,1772,1764,-0.0415,-0.0769,1.1935,-38.816,-111.790,-50.699
1337807,1735,1774,1715,-0.0299,-0.0966,1.2008,-36.476,-106.845,-48.793
1337817,1761,1856,1744,-0.0212,-0.1186,1.2121,-32.604,-102.047,-47.128
1337827,1699,1802,1781,-0.0135,-0.1330,1.2231,-27.325,-96.643,-45.513
1337837,1702,1836,1706,-0.0115,-0.1383,1.2398,-21.100,-91.291,-43.718
1337847,1834,1779,1657,-0.0134,-0.1307,1.2526,-14.099,-85.691,-41.660
1337857,1714,1824,1668,-0.0192,-0.1158,1.2622,-7.124,-80.339,-39.577
1337867,1713,1845,1651,-0.0267,-0.0965,1.2624,-0.207,-74.994,-37.802
1337877,1793,1909,1656,-0.0342,-0.0791,1.2708,6.091,-70.405,-36.645
1337887,1799,1798,1656,-0.0411,-0.0642,1.2692,11.660,-66.220,-36.048
1337897,1877,1814,1662,-0.0435,-0.0494,1.2741,16.279,-62.575,-35.724
1337907,1716,1887,1681,-0.0465,-0.0369,1.2702,19.960,-59.322,-35.318
1337917,1874,1831,1652,-0.0468,-0.0255,1.2699,22.751,-56.297,-34.553
1337927,1797,1775,1666,-0.0454,-0.0136,1.2694,24.492,-53.658,-33.296
1337937,1842,1774,1672,-0.0440,-0.0022,1.2652,25.213,-51.126,-31.542
1337947,1801,1783,1693,-0.0413,0.0110,1.2639,24.764,-48.970,-29.372
1337957,1718,1835,1724,-0.0399,0.0283,1.2561,23.235,-46.974,-26.931
1337967,1680,1845,1661,-0.0384,0.0463,1.2532,20.844,-45.394,-24.467
1337977,1683,1819,1679,-0.0339,0.0626,1.2480,17.853,-44.194,-22.287
1337987,1739,1797,1660,-0.0287,0.0762,1.2417,14.478,-43.110,-20.525
1337997,1689,1794,1678,-0.0218,0.0851,1.2359,10.937,-42.158,-19.130
1338007,1822,1780,1663,-0.0145,0.0886,1.2298,7.414,-41.136,-18.086
1338017,1809,1888,1664,-0.0066,0.0874,1.2278,3.856,-40.298,-17.330
1338027,1887,1847,1679,0.0006,0.0854,1.2250,0.418,-39.392,-16.586
1338037,1752,1776,1684,0.0082,0.0844,1.2240,-2.910,-38.435,-15.770
1338047,1748,1789,1661,0.0143,0.0822,1.2218,-6.019,-37.303,-14.917
1338057,1889,1902,1675,0.0207,0.0778,1.2178,-8.667,-35.953,-14.132
1338067,1738,1783,1713,0.0284,0.0717,1.2152,-10.795,-34.542,-13.515
1338077,1807,1865,1722,0.0375,0.0657,1.2144,-12.409,-33.048,-13.083
1338087,1771,1844,1660,0.0444,0.0599,1.2100,-13.566,-31.429,-12.838
1338097,1704,1868,1715,0.0514,0.0554,1.2077,-14.385,-29.796,-12.771
1338107,1849,1969,1735,0.0569,0.0518,1.2048,-14.887,-28.232,-12.881
1338117,1795,1847,1669,0.0638,0.0496,1.2030,-15.127,-26.600,-13.125
1338127,1840,1853,1671,0.0680,0.0457,1.2005,-15.180,-24.806,-13.448
1338137,1888,1902,1713,0.0707,0.0359,1.1963,-15.425,-22.937,-13.866
1338147,1722,1810,1687,0.0731,0.0253,1.1912,-15.655,-21.012,-14.195
1338157,1840,1901,1717,0.0753,0.0163,1.1864,-15.663,-19.351,-14.295
1338167,1797,1813,1674,0.0749,0.0076,1.1768,-15.516,-17.772,-14.162
1338177,1826,1882,1702,0.0766,0.0007,1.1697,-14.932,-16.409,-13.798
1338187,1795,1834,1735,0.0781,-0.0063,1.1636,-13.942,-15.310,-13.276
1338197,1741,1802,1661,0.0790,-0.0103,1.1555,-12.592,-14.362,-12.624
1338207,1746,1838,1667,0.0796,-0.0104,1.1520,-11.102,-13.741,-11.899
1338217,1853,1919,1711,0.0805,-0.0087,1.1516,-9.506,-13.383,-11.205
1338227,1713,1813,1712,0.0813,-0.0091,1.1498,-8.190,-13.124,-10.693
1338237,1760,1860,1685,0.0831,-0.0130,1.1463,-7.232,-12.938,-10.330
1338247,1723,1859,1664,0.0858,-0.0182,1.1472,-6.522,-12.953,-9.883
1338257,1791,1866,1661,0.0866,-0.0221,1.1465,-5.844,-13.005,-9.195
1338267,1768,1887,1662,0.0868,-0.0234,1.1425,-5.181,-12.979,-8.260
1338277,1728,1895,1665,0.0866,-0.0241,1.1406,-4.388,-13.005,-7.191
1338287,1790,1891,1670,0.0848,-0.0239,1.1407,-3.464,-13.167,-6.059
1338297,1782,1931,1671,0.0874,-0.0185,1.1451,-2.324,-13.386,-4.853
1338307,1718,1810,1664,0.1083,0.0130,1.1265,-1.105,-13.534,-3.762
1338317,1743,1994,1688,0.0985,0.0141,1.1461,1.135,-13.758,-3.346
1338327,1723,1984,1714,0.0948,-0.0089,1.1452,4.668,-12.963,-4.601
1338337,1825,2030,1968,0.0987,-0.0249,1.1735,9.187,-12.107,-5.388
1338347,1723,1947,1764,0.0859,-0.0287,1.1923,12.276,-12.119,-5.066
1338357,1850,1971,1891,0.0944,0.0010,1.1995,14.810,-10.841,-4.078
1338367,1778,1884,1812,0.0936,0.0115,1.2282,18.298,-9.948,-3.404
1338377,1794,1928,1681,0.0993,0.0175,1.2386,21.383,-8.537,-3.681
1338387,1721,1786,1738,0.1065,0.0202,1.2425,23.504,-6.436,-4.295
1338397,1807,1880,1664,0.1117,0.0328,1.2537,24.313,-4.239,-4.337
1338407,1750,1897,1692,0.1122,0.0421,1.2509,23.769,-2.238,-3.970
1338417,1790,1827,1666,0.1063,0.0540,1.2420,21.831,0.200,-3.238
1338427,1745,1841,1896,0.0989,0.0679,1.2302,18.765,2.052,-2.132
1338437,1731,1869,1672,0.0922,0.0778,1.2187,15.270,3.706,-0.952
1338447,1774,1817,1779,0.0889,0.0776,1.2037,11.302,4.900,0.023
1338457,1746,1775,1678,0.0876,0.0751,1.1830,7.591,6.080,0.836
1338467,1720,1773,1795,0.0869,0.0690,1.1699,4.204,6.728,1.498
1338477,1759,1869,1672,0.0864,0.0636,1.1467,1.685,7.370,2.022
1338487,1725,1829,1782,0.0822,0.0593,1.1356,0.251,7.574,2.354
1338497,1758,1859,1668,0.0777,0.0554,1.1183,0.051,7.567,2.402
1338507,1735,1803,1703,0.0734,0.0537,1.1091,1.141,7.370,2.130
1338517,1918,1803,1682,0.0690,0.0536,1.1055,3.089,6.675,1.573
1338527,1760,1801,1746,0.0654,0.0585,1.1021,5.590,5.974,0.838
1338537,1794,1888,1670,0.0612,0.0656,1.1024,8.156,5.024,0.017
1338547,1724,1887,1712,0.0581,0.0708,1.1042,10.634,4.098,-0.848
1338557,1757,1852,1666,0.0577,0.0750,1.1085,12.971,3.168,-1.631
1338567,1725,1785,1773,0.0587,0.0808,1.1165,15.004,2.234,-2.195
1338577,1783,1915,1668,0.0598,0.0877,1.1250,16.561,1.315,-2.564
1338587,1761,1863,1710,0.0613,0.0931,1.1346,17.420,0.501,-2.870
1338597,1755,1846,1700,0.0636,0.0976,1.1414,17.552,-0.157,-3.156
1338607,1722,1802,1712,0.0659,0.1013,1.1475,17.035,-0.777,-3.348
1338617,1783,1826,1672,0.0673,0.1062,1.1493,16.021,-1.268,-3.381
1338627,1736,1788,1725,0.0691,0.1088,1.1506,14.594,-1.724,-3.311
1338637,1740,1799,1667,0.0739,0.1110,1.1638,12.806,-2.093,-3.176
1338647,1761,1799,1819,0.0796,0.1109,1.1751,10.814,-2.205,-2.949
1338657,1722,1789,1741,0.0838,0.1085,1.1788,8.654,-1.866,-2.573
1338667,1721,1876,1728,0.0831,0.1084,1.1738,6.357,-1.309,-2.022
1338677,1738,1831,1698,0.0804,0.1102,1.1658,4.092,-0.773,-1.404
1338687,1720,1823,1715,0.0765,0.1099,1.1550,2.108,-0.203,-0.901
1338697,1744,1865,1675,0.0721,0.1080,1.1430,0.738,0.335,-0.644
1338707,1719,1818,1732,0.0688,0.1055,1.1345,0.089,0.652,-0.635
1338717,1749,1911,1676,0.0654,0.1053,1.1302,0.091,0.704,-0.864
1338727,1722,1871,1682,0.0635,0.1062,1.1263,0.594,0.551,-1.291
1338737,2002,1855,1714,0.0645,0.1021,1.1288,1.237,0.173,-1.853
1338747,1741,1813,1728,0.0667,0.0983,1.1330,1.844,-0.261,-2.327
1338757,1741,1836,1677,0.0711,0.0973,1.1370,2.229,-0.691,-2.563
1338767,1744,1795,1816,0.0734,0.0985,1.1422,2.312,-1.021,-2.585
1338777,1783,1864,1672,0.0736,0.1010,1.1484,2.016,-1.219,-2.482
1338787,1723,1810,1719,0.0705,0.1024,1.1487,1.478,-1.124,-2.291
1338797,1849,1866,1677,0.0690,0.1080,1.1470,0.901,-0.957,-1.972
1338807,1745,1909,1712,0.0679,0.1117,1.1463,0.717,-0.769,-1.644
1338817,1901,1886,1680,0.0688,0.1102,1.1484,0.668,-0.819,-1.521
1338827,1852,1804,1707,0.0681,0.1072,1.1435,0.769,-0.644,-1.500
1338837,1725,1825,1711,0.0675,0.1071,1.1446,0.781,-0.666,-1.444
1338847,1805,1780,1748,0.0668,0.1093,1.1402,0.710,-0.714,-1.350
1338857,2050,1854,1677,0.0658,0.1103,1.1401,0.537,-0.902,-1.262
1338867,1730,1860,1682,0.0639,0.1115,1.1368,0.322,-1.157,-1.202
1338877,1726,1847,1693,0.0640,0.1124,1.1397,0.131,-1.551,-1.186
1338887,1722,1810,1695,0.0666,0.1126,1.1450,-0.114,-2.036,-1.267
1338897,1774,1829,1717,0.0700,0.1132,1.1459,-0.347,-2.170,-1.385
1338907,1731,1814,1732,0.0714,0.1154,1.1477,-0.516,-2.154,-1.453
1338917,1758,1795,1722,0.0719,0.1163,1.1476,-0.739,-2.044,-1.473
1338927,1723,1789,1712,0.0713,0.1179,1.1473,-1.124,-1.833,-1.465
1338937,1728,1782,1723,0.0697,0.1188,1.1453,-1.665,-1.663,-1.473
1338947,1724,1796,1721,0.0689,0.1190,1.1434,-2.260,-1.551,-1.516
1338957,1735,1788,1722,0.0688,0.1171,1.1434,-2.900,-1.500,-1.589
1338967,1765,1800,1701,0.0690,0.1151,1.1415,-3.528,-1.421,-1.682
1338977,1822,1845,1683,0.0688,0.1136,1.1403,-4.064,-1.398,-1.778
1338987,1727,1841,1677,0.0680,0.1123,1.1386,-4.475,-1.420,-1.905
1338997,1737,1835,1679,0.0685,0.1104,1.1367,-4.724,-1.441,-2.080
1339007,1836,1783,1686,0.0679,0.1109,1.1375,-4.900,-1.597,-2.289
1339017,2532,1876,1682,0.0685,0.1088,1.1360,-5.020,-1.681,-2.541
1339027,1729,1782,1704,0.0673,0.1015,1.1392,-5.280,-1.717,-2.780
1339037,1733,1796,1695,0.0671,0.1018,1.1319,-5.303,-1.594,-2.755
1339047,1723,1781,1695,0.0677,0.1023,1.1362,-5.169,-1.742,-2.609
1339057,1732,1829,1681,0.0693,0.0990,1.1354,-4.977,-1.930,-2.561
1339067,1741,1783,1703,0.0707,0.0965,1.1357,-4.729,-1.986,-2.568
1339077,1735,1802,1684,0.0717,0.0967,1.1377,-4.492,-2.140,-2.569
1339087,1741,1779,1679,0.0734,0.0996,1.1377,-4.234,-2.120,-2.570
1339097,1762,1803,1684,0.0743,0.1009,1.1402,-3.968,-2.097,-2.646
1339107,1762,1798,1697,0.0762,0.1012,1.1401,-3.695,-2.040,-2.801
1339117,1769,1824,1703,0.0783,0.1021,1.1390,-3.422,-1.905,-3.030
1339127,2328,1781,1731,0.0770,0.0978,1.1426,-3.213,-1.852,-3.293
1339137,1744,1809,1694,0.0762,0.0961,1.1398,-3.076,-1.739,-3.416
1339147,1936,1785,1705,0.0739,0.0967,1.1379,-2.874,-1.548,-3.352
1339157,1729,1793,1692,0.0727,0.0977,1.1413,-2.799,-1.702,-3.266
1339167,1766,1779,1723,0.0712,0.0981,1.1401,-2.725,-1.677,-3.181
1339177,1747,1781,1700,0.0725,0.1024,1.1388,-2.757,-1.761,-3.124
1339187,1842,1780,1712,0.0715,0.1035,1.1423,-2.935,-1.812,-3.177
1339197,1743,1798,1705,0.0732,0.1030,1.1428,-3.315,-1.831,-3.316
1339207,1960,1831,1698,0.0764,0.1053,1.1398,-3.680,-1.644,-3.475
1339217,2332,1815,1697,0.0778,0.1052,1.1444,-4.022,-1.751,-3.696
1339227,1797,1794,1726,0.0729,0.0992,1.1487,-4.527,-1.712,-3.991
1339237,2059,1853,1692,0.0696,0.0965,1.1392,-4.962,-1.319,-4.145
1339247,1744,1808,1686,0.0663,0.0957,1.1359,-5.276,-1.045,-4.124
1339257,1742,1811,1706,0.0655,0.0953,1.1378,-5.618,-1.248,-4.057
1339267,1839,1788,1712,0.0672,0.0935,1.1419,-5.913,-1.437,-4.008
1339277,1822,1801,1706,0.0710,0.0914,1.1424,-6.062,-1.606,-3.945
1339287,1740,1783,1691,0.0736,0.0920,1.1435,-6.185,-1.751,-3.917
1339297,1741,1780,1740,0.0739,0.0911,1.1474,-6.095,-1.877,-3.952
1339307,1751,1780,1701,0.0711,0.0872,1.1393,-6.064,-1.785,-4.040
1339317,1726,1796,1728,0.0654,0.0860,1.1333,-5.841,-1.680,-4.035
1339327,1756,1788,1700,0.0649,0.0887,1.1321,-5.481,-2.009,-3.940
1339337,1778,1803,1705,0.0673,0.0884,1.1375,-5.211,-2.390,-3.932
1339347,1742,1792,1715,0.0733,0.0853,1.1514,-5.175,-2.959,-4.029
1339357,1805,1799,1718,0.0803,0.0805,1.1568,-5.382,-3.017,-4.070
1339367,1747,1782,1710,0.0849,0.0759,1.1617,-5.763,-2.839,-3.860
1339377,1745,1789,1718,0.0873,0.0737,1.1599,-6.169,-2.400,-3.396
1339387,1731,1782,1729,0.0872,0.0709,1.1581,-6.525,-1.900,-2.821
1339397,1820,1804,1733,0.0843,0.0659,1.1541,-6.812,-1.449,-2.283
1339407,1733,1783,1731,0.0813,0.0635,1.1487,-6.819,-0.974,-1.747
1339417,1812,1806,1717,0.0774,0.0628,1.1456,-6.595,-0.797,-1.253
1339427,1845,1791,1727,0.0780,0.0630,1.1420,-6.040,-0.713,-0.849
1339437,1791,1801,1721,0.0788,0.0645,1.1421,-5.205,-0.710,-0.578
1339447,1743,1787,1718,0.0778,0.0637,1.1464,-4.302,-0.751,-0.442
1339457,1797,1819,1723,0.0787,0.0651,1.1452,-3.495,-0.598,-0.370
1339467,1728,1782,1728,0.0771,0.0665,1.1452,-2.795,-0.379,-0.313
1339477,1745,1799,1711,0.0761,0.0688,1.1459,-2.288,-0.280,-0.275
1339487,1726,1783,1711,0.0745,0.0712,1.1437,-1.862,-0.078,-0.222
1339497,1957,1812,1715,0.0741,0.0725,1.1446,-1.598,-0.037,-0.189
1339507,1767,1788,1733,0.0727,0.0731,1.1424,-1.369,0.062,-0.142
1339517,1745,1786,1709,0.0730,0.0737,1.1448,-1.290,0.038,-0.109
1339527,1727,1783,1700,0.0714,0.0738,1.1427,-1.215,0.088,-0.094
1339537,1800,1790,1701,0.0719,0.0738,1.1436,-1.168,0.030,-0.068
1339547,2020,1788,1698,0.0723,0.0732,1.1441,-1.123,-0.047,-0.047
1339557,1728,1786,1691,0.0716,0.0740,1.1451,-1.106,-0.089,-0.013
1339567,1733,1786,1695,0.0703,0.0748,1.1459,-1.118,-0.059,0.062
1339577,1727,1791,1699,0.0694,0.0754,1.1436,-1.108,0.009,0.143
1339587,1774,1783,1707,0.0695,0.0749,1.1442,-1.112,-0.035,0.181
1339597,1733,1787,1735,0.0700,0.0735,1.1443,-1.145,-0.130,0.181
1339607,1728,1785,1710,0.0705,0.0734,1.1439,-1.220,-0.231,0.186
1339617,1742,1792,1695,0.0711,0.0732,1.1446,-1.293,-0.304,0.197
1339627,1753,1782,1703,0.0709,0.0735,1.1438,-1.280,-0.326,0.234
1339637,1741,1785,1692,0.0700,0.0734,1.1435,-1.190,-0.341,0.256
1339647,1729,1799,1692,0.0701,0.0730,1.1427,-1.068,-0.393,0.273
1339657,1730,1787,1705,0.0708,0.0728,1.1413,-0.974,-0.465,0.308
1339667,1747,1787,1702,0.0711,0.0732,1.1445,-0.908,-0.585,0.338
1339677,1735,1786,1693,0.0706,0.0737,1.1455,-0.867,-0.634,0.326
1339687,1728,1789,1702,0.0702,0.0740,1.1433,-0.787,-0.496,0.270
1339697,1732,1789,1694,0.0709,0.0722,1.1419,-0.662,-0.431,0.187
1339707,1737,1791,1705,0.0717,0.0704,1.1421,-0.540,-0.434,0.123
1339717,1768,1789,1696,0.0716,0.0699,1.1403,-0.467,-0.438,0.117
1339727,1801,1790,1702,0.0712,0.0699,1.1398,-0.396,-0.481,0.163
1339737,1736,1785,1701,0.0719,0.0718,1.1399,-0.279,-0.507,0.214
1339747,1736,1794,1699,0.0720,0.0733,1.1409,-0.143,-0.534,0.244
1339757,1732,1791,1696,0.0725,0.0743,1.1433,-0.029,-0.546,0.256
1339767,1735,1786,1715,0.0729,0.0753,1.1451,0.033,-0.522,0.267
1339777,1779,1788,1702,0.0733,0.0760,1.1455,-0.017,-0.487,0.299
1339787,1732,1787,1714,0.0737,0.0775,1.1454,-0.229,-0.404,0.360
1339797,1744,1791,1696,0.0728,0.0781,1.1457,-0.593,-0.329,0.460
1339807,1739,1785,1708,0.0719,0.0792,1.1460,-1.040,-0.258,0.566
1339817,1746,1788,1703,0.0710,0.0790,1.1466,-1.467,-0.149,0.653
1339827,1746,1803,1707,0.0697,0.0775,1.1467,-1.790,-0.029,0.688
1339837,1732,1786,1699,0.0700,0.0761,1.1451,-2.018,0.007,0.697
1339847,1742,1832,1699,0.0699,0.0745,1.1451,-2.182,-0.029,0.699
1339857,1805,1788,1699,0.0706,0.0743,1.1456,-2.318,-0.079,0.701
1339867,1879,1791,1702,0.0708,0.0740,1.1468,-2.447,-0.089,0.706
1339877,1739,1791,1714,0.0708,0.0739,1.1475,-2.554,-0.076,0.728
1339887,1739,1790,1715,0.0709,0.0734,1.1461,-2.650,-0.012,0.742
1339897,1751,1790,1708,0.0709,0.0719,1.1455,-2.716,0.075,0.734
1339907,1734,1800,1717,0.0721,0.0708,1.1459,-2.747,0.113,0.730
1339917,1733,1787,1703,0.0724,0.0689,1.1460,-2.803,0.108,0.743
1339927,1737,1796,1699,0.0729,0.0694,1.1431,-2.836,0.177,0.789
1339937,1737,1793,1702,0.0754,0.0707,1.1432,-2.841,0.199,0.850
1339947,1735,1794,1704,0.0754,0.0722,1.1455,-3.006,0.106,0.866
1339957,1828,1787,1701,0.0702,0.0745,1.1456,-3.492,0.328,0.901
1339967,1898,1815,1701,0.0670,0.0729,1.1436,-3.883,0.585,0.857
1339977,1740,1789,1699,0.0661,0.0707,1.1410,-4.056,0.678,0.803
1339987,1777,1813,1699,0.0657,0.0690,1.1412,-4.074,0.627,0.807
1339997,1777,1793,1701,0.0659,0.0685,1.1427,-4.034,0.499,0.822
1340007,1802,1837,1703,0.0664,0.0690,1.1424,-4.003,0.449,0.790
1340017,1743,1801,1709,0.0669,0.0692,1.1421,-4.017,0.453,0.714
1340027,1918,1834,1699,0.0666,0.0702,1.1442,-4.035,0.471,0.658
1340037,1755,1816,1702,0.0665,0.0694,1.1444,-4.090,0.469,0.615
1340047,1805,1837,1706,0.0663,0.0675,1.1456,-4.202,0.481,0.582
1340057,1748,1793,1710,0.0663,0.0658,1.1452,-4.365,0.480,0.581
1340067,1786,1832,1701,0.0663,0.0655,1.1452,-4.604,0.460,0.637
1340077,1745,1798,1712,0.0656,0.0645,1.1460,-4.908,0.439,0.714
1340087,1782,1831,1708,0.0658,0.0634,1.1459,-5.212,0.434,0.811
1340097,1795,1808,1703,0.0657,0.0624,1.1464,-5.483,0.433,0.928
1340107,1756,1827,1701,0.0641,0.0608,1.1453,-5.728,0.430,1.030
1340117,1782,1818,1698,0.0627,0.0581,1.1432,-5.905,0.367,1.090
1340127,1778,1800,1728,0.0621,0.0547,1.1420,-5.972,0.200,1.091
1340137,1758,1797,1710,0.0627,0.0514,1.1413,-5.892,-0.015,1.027
1340147,1799,1849,1700,0.0632,0.0485,1.1400,-5.618,-0.221,0.928
1340157,1737,1794,1702,0.0631,0.0458,1.1405,-5.119,-0.362,0.771
1340167,1802,1829,1702,0.0630,0.0424,1.1396,-4.418,-0.472,0.554
1340177,1767,1815,1703,0.0635,0.0398,1.1394,-3.573,-0.563,0.306
1340187,1795,1837,1700,0.0640,0.0387,1.1402,-2.616,-0.690,0.066
1340197,1898,1791,1706,0.0647,0.0394,1.1410,-1.629,-0.762,-0.160
1340207,1790,1818,1708,0.0660,0.0399,1.1418,-0.626,-0.795,-0.360
1340217,1757,1789,1706,0.0662,0.0415,1.1418,0.361,-0.741,-0.542
1340227,1814,1823,1704,0.0653,0.0440,1.1433,1.286,-0.696,-0.713
1340237,1750,1791,1702,0.0656,0.0457,1.1433,2.115,-0.672,-0.853
1340247,1815,1813,1704,0.0655,0.0482,1.1437,2.827,-0.655,-0.970
1340257,1767,1802,1703,0.0647,0.0515,1.1439,3.408,-0.625,-1.045
1340267,1778,1816,1703,0.0648,0.0551,1.1450,3.845,-0.593,-1.097
1340277,1744,1789,1699,0.0648,0.0589,1.1457,4.126,-0.571,-1.122
1340287,1794,1814,1708,0.0646,0.0624,1.1455,4.258,-0.562,-1.113
1340297,1737,1793,1703,0.0639,0.0657,1.1454,4.203,-0.563,-1.059
1340307,1821,1818,1703,0.0635,0.0686,1.1475,3.939,-0.536,-0.959
1340317,1773,1788,1707,0.0631,0.0710,1.1481,3.454,-0.504,-0.818
1340327,1797,1808,1707,0.0633,0.0722,1.1462,2.790,-0.442,-0.667
1340337,1762,1794,1706,0.0627,0.0726,1.1461,2.036,-0.420,-0.515
1340347,1810,1823,1708,0.0627,0.0717,1.1444,1.261,-0.403,-0.356
1340357,1769,1814,1706,0.0635,0.0706,1.1445,0.547,-0.424,-0.203
1340367,1783,1828,1706,0.0640,0.0699,1.1452,-0.083,-0.442,-0.081
1340377,1763,1794,1706,0.0639,0.0685,1.1452,-0.595,-0.478,0.020
1340387,1827,1828,1708,0.0653,0.0676,1.1449,-1.002,-0.539,0.086
1340397,1742,1799,1703,0.0669,0.0668,1.1441,-1.309,-0.576,0.114
1340407,1810,1813,1715,0.0686,0.0658,1.1439,-1.515,-0.602,0.090
1340417,1740,1788,1713,0.0665,0.0637,1.1489,-1.713,-0.641,0.018
1340427,1749,1815,1708,0.0642,0.0624,1.1462,-1.919,-0.545,-0.021
1340437,1769,1802,1712,0.0634,0.0620,1.1445,-2.061,-0.401,-0.012
1340447,1832,1818,1715,0.0624,0.0635,1.1438,-2.119,-0.487,0.029
1340457,1757,1792,1743,0.0615,0.0646,1.1418,-2.230,-0.560,0.010
1340467,1827,1832,1711,0.0621,0.0638,1.1419,-2.408,-0.705,-0.083
1340477,1796,1804,1721,0.0613,0.0630,1.1455,-2.620,-0.811,-0.190
1340487,1912,1857,1711,0.0589,0.0621,1.1458,-2.884,-0.808,-0.258
1340497,1895,1848,1739,0.0589,0.0609,1.1425,-3.054,-0.675,-0.280
1340507,2004,1902,1767,0.0593,0.0597,1.1422,-2.969,-0.666,-0.297
1340517,1917,1875,1767,0.0609,0.0572,1.1425,-2.731,-0.752,-0.339
1340527,2007,1907,1778,0.0613,0.0555,1.1425,-2.454,-0.792,-0.390
1340537,1912,1842,1770,0.0620,0.0557,1.1419,-2.167,-0.789,-0.441
1340547,2007,1888,1767,0.0625,0.0558,1.1424,-1.882,-0.754,-0.484
1340557,1895,1879,1751,0.0628,0.0556,1.1422,-1.595,-0.734,-0.496
1340567,1999,1891,1768,0.0631,0.0557,1.1417,-1.298,-0.733,-0.475
1340577,1918,1864,1767,0.0627,0.0557,1.1420,-0.994,-0.742,-0.466
1340587,1994,1890,1769,0.0628,0.0556,1.1423,-0.706,-0.721,-0.472
1340597,1954,1863,1770,0.0632,0.0562,1.1436,-0.474,-0.721,-0.488
1340607,1964,1909,1770,0.0634,0.0573,1.1445,-0.330,-0.720,-0.507
1340617,1933,1865,1766,0.0632,0.0590,1.1449,-0.262,-0.731,-0.509
1340627,1990,1913,1770,0.0633,0.0608,1.1443,-0.283,-0.754,-0.481
1340637,1878,1877,1806,0.0634,0.0625,1.1452,-0.372,-0.776,-0.446
1340647,2048,1909,1784,0.0635,0.0633,1.1440,-0.530,-0.785,-0.403
1340657,1941,1866,1761,0.0620,0.0639,1.1442,-0.736,-0.782,-0.359
1340667,2020,1946,1750,0.0613,0.0637,1.1449,-0.977,-0.803,-0.318
1340677,1998,1893,1770,0.0606,0.0634,1.1461,-1.243,-0.844,-0.301
1340687,2034,1932,1729,0.0605,0.0629,1.1455,-1.479,-0.871,-0.297
1340697,1947,1906,1772,0.0603,0.0627,1.1451,-1.687,-0.860,-0.272
1340707,2027,1938,1758,0.0604,0.0618,1.1457,-1.857,-0.847,-0.233
1340717,1896,1898,1801,0.0606,0.0608,1.1465,-2.008,-0.845,-0.191
1340727,2017,1942,1744,0.0618,0.0592,1.1469,-2.172,-0.860,-0.162
1340737,1956,1929,1797,0.0628,0.0577,1.1475,-2.337,-0.831,-0.112
1340747,2016,1968,1728,0.0625,0.0568,1.1484,-2.487,-0.786,-0.041
1340757,1954,1919,1788,0.0631,0.0565,1.1477,-2.565,-0.694,0.027
1340767,2072,1959,1770,0.0625,0.0552,1.1468,-2.605,-0.613,0.094
1340777,1953,1917,1807,0.0628,0.0543,1.1461,-2.596,-0.567,0.170
1340787,2012,1969,1777,0.0627,0.0538,1.1449,-2.535,-0.543,0.238
1340797,1960,1930,1812,0.0621,0.0526,1.1441,-2.452,-0.523,0.291
1340807,2023,1971,1779,0.0619,0.0528,1.1440,-2.327,-0.508,0.347
1340817,1981,1963,1801,0.0619,0.0523,1.1439,-2.161,-0.506,0.387
1340827,2076,1994,1773,0.0619,0.0521,1.1432,-1.964,-0.507,0.409
1340837,1954,1941,1821,0.0621,0.0525,1.1440,-1.778,-0.505,0.411
1340847,2027,1989,1784,0.0623,0.0517,1.1443,-1.603,-0.523,0.420
1340857,2013,1954,1818,0.0615,0.0511,1.1439,-1.434,-0.492,0.436
1340867,1995,1971,1747,0.0608,0.0517,1.1436,-1.287,-0.462,0.465
1340877,1854,1903,1782,0.0605,0.0520,1.1430,-1.140,-0.471,0.492
1340887,1833,1921,1750,0.0602,0.0524,1.1419,-0.989,-0.505,0.517
1340897,1841,1871,1771,0.0606,0.0534,1.1421,-0.840,-0.559,0.543
1340907,1904,1869,1720,0.0608,0.0535,1.1427,-0.708,-0.616,0.549
1340917,1833,1841,1734,0.0610,0.0542,1.1443,-0.622,-0.645,0.575
1340927,1846,1859,1713,0.0617,0.0553,1.1430,-0.621,-0.643,0.630
1340937,1786,1834,1729,0.0618,0.0567,1.1438,-0.693,-0.641,0.689
1340947,1847,1859,1712,0.0623,0.0577,1.1447,-0.808,-0.651,0.742
1340957,1753,1823,1747,0.0618,0.0589,1.1439,-0.951,-0.644,0.767
1340967,1842,1888,1718,0.0607,0.0590,1.1436,-1.103,-0.644,0.766
1340977,1745,1826,1730,0.0597,0.0587,1.1441,-1.230,-0.643,0.744
1340987,1840,1870,1714,0.0594,0.0594,1.1444,-1.312,-0.660,0.682
1340997,1787,1824,1724,0.0592,0.0595,1.1446,-1.391,-0.708,0.600
1341007,1820,1852,1713,0.0602,0.0592,1.1444,-1.490,-0.790,0.512
1341017,1921,1859,1714,0.0604,0.0577,1.1436,-1.605,-0.834,0.425
1341027,1839,1852,1714,0.0608,0.0556,1.1431,-1.710,-0.855,0.358
1341037,1769,1807,1725,0.0607,0.0541,1.1420,-1.787,-0.883,0.309
1341047,1816,1839,1713,0.0610,0.0524,1.1411,-1.795,-0.924,0.289
1341057,1770,1802,1743,0.0613,0.0511,1.1414,-1.713,-0.963,0.259
1341067,1817,1844,1718,0.0614,0.0502,1.1421,-1.534,-1.008,0.213
1341077,1766,1818,1726,0.0626,0.0501,1.1438,-1.312,-1.035,0.178
1341087,1818,1836,1715,0.0627,0.0507,1.1465,-1.103,-1.021,0.139
1341097,1745,1811,1727,0.0637,0.0518,1.1473,-0.943,-0.996,0.106
1341107,1790,1837,1717,0.0638,0.0542,1.1477,-0.874,-0.948,0.109
1341117,1755,1799,1720,0.0637,0.0560,1.1475,-0.910,-0.884,0.153
1341127,1806,1835,1719,0.0635,0.0572,1.1470,-1.043,-0.814,0.210
1341137,1758,1809,1715,0.0631,0.0572,1.1463,-1.241,-0.753,0.255
1341147,1776,1818,1719,0.0632,0.0566,1.1451,-1.471,-0.713,0.283
1341157,1757,1795,1720,0.0630,0.0554,1.1460,-1.718,-0.699,0.330
1341167,1777,1805,1717,0.0636,0.0541,1.1445,-1.958,-0.695,0.381
1341177,1751,1792,1723,0.0644,0.0528,1.1446,-2.144,-0.671,0.430
1341187,1802,1827,1723,0.0662,0.0508,1.1447,-2.273,-0.642,0.498
1341197,1743,1797,1730,0.0676,0.0496,1.1439,-2.341,-0.643,0.600
1341207,1814,1834,1726,0.0680,0.0475,1.1465,-2.421,-0.668,0.740
1341217,1746,1798,1716,0.0676,0.0478,1.1459,-2.470,-0.567,0.917
1341227,1770,1814,1722,0.0694,0.0483,1.1442,-2.493,-0.496,1.062
1341237,1744,1792,1739,0.0702,0.0488,1.1427,-2.439,-0.456,1.167
1341247,1747,1817,1736,0.0714,0.0486,1.1461,-2.390,-0.513,1.202
1341257,1743,1791,1728,0.0694,0.0490,1.1472,-2.451,-0.480,1.161
1341267,1745,1830,1726,0.0675,0.0499,1.1470,-2.604,-0.410,1.086
1341277,1746,1799,1735,0.0669,0.0491,1.1444,-2.734,-0.283,0.955
1341287,1758,1810,1760,0.0704,0.0509,1.1418,-2.821,-0.274,0.844
1341297,1868,1917,1751,0.0653,0.0486,1.1480,-2.928,-0.408,0.780
1341307,1833,1938,1879,0.0571,0.0455,1.1566,-3.282,-0.512,0.782
1341317,1900,1984,1804,0.0492,0.0435,1.1476,-3.420,0.186,0.925
1341327,1890,1942,1895,0.0478,0.0467,1.1449,-3.301,0.296,1.169
1341337,1955,1999,1858,0.0484,0.0470,1.1432,-2.867,0.146,1.332
1341347,1897,1975,1920,0.0522,0.0453,1.1467,-2.545,-0.286,1.335
1341357,2216,2019,1881,0.0539,0.0454,1.1446,-2.325,-0.387,1.257
1341367,1845,1954,1909,0.0555,0.0465,1.1454,-2.192,-0.413,1.152
1341377,1995,2009,1874,0.0549,0.0476,1.1410,-2.091,-0.273,1.022
1341387,1870,1954,1922,0.0549,0.0465,1.1430,-1.957,-0.233,0.869
1341397,1990,2020,1879,0.0540,0.0461,1.1427,-1.740,-0.329,0.732
1341407,1867,1935,1963,0.0545,0.0464,1.1442,-1.529,-0.493,0.633
1341417,1990,1996,1855,0.0551,0.0468,1.1450,-1.359,-0.606,0.547
1341427,1886,1937,1919,0.0564,0.0475,1.1469,-1.280,-0.678,0.459
1341437,1942,1987,1843,0.0573,0.0474,1.1471,-1.260,-0.704,0.371
1341447,1865,1923,1902,0.0574,0.0483,1.1467,-1.298,-0.726,0.307
1341457,1970,1991,1839,0.0575,0.0483,1.1461,-1.393,-0.751,0.279
1341467,1877,1931,1894,0.0581,0.0480,1.1460,-1.500,-0.765,0.254
1341477,1923,1950,1830,0.0588,0.0471,1.1461,-1.602,-0.821,0.236
1341487,1831,1909,1904,0.0594,0.0467,1.1465,-1.691,-0.863,0.239
1341497,1931,1963,1829,0.0594,0.0459,1.1480,-1.779,-0.916,0.238
1341507,1876,1919,1900,0.0600,0.0444,1.1470,-1.874,-0.957,0.259
1341517,1991,1969,1832,0.0605,0.0438,1.1474,-1.952,-0.962,0.297
1341527,1836,1916,1902,0.0604,0.0417,1.1459,-2.043,-0.972,0.366
1341537,1938,1970,1834,0.0601,0.0427,1.1446,-2.129,-0.920,0.721
