7310712,1891,1898,1902,0.2002,0.2010,1.1130,0.025,-1.251,0.071
7310722,1843,1895,1901,0.2000,0.2017,1.1124,-0.205,-1.216,0.180
7310732,1885,1898,1901,0.1998,0.2020,1.1121,-0.363,-1.148,0.292
7310742,1844,1917,1902,0.1989,0.2011,1.1120,-0.468,-1.095,0.422
7310752,1887,1897,1905,0.1992,0.2013,1.1128,-0.531,-1.045,0.569
7310762,1846,1913,1904,0.1992,0.2006,1.1138,-0.580,-0.977,0.749
7310772,1894,1900,1900,0.1995,0.2009,1.1134,-0.640,-0.916,0.941
7310782,1853,1909,1901,0.1987,0.2008,1.1129,-0.700,-0.847,1.134
7310792,1903,1904,1924,0.1985,0.1997,1.1131,-0.721,-0.796,1.356
7310802,1843,1926,1906,0.1975,0.1995,1.1123,-0.769,-0.688,1.626
7310812,1882,1895,1913,0.1987,0.2007,1.1125,-0.814,-0.695,1.888
7310822,1843,1903,1901,0.1986,0.2012,1.1128,-0.812,-0.669,2.121
7310832,1869,1895,1901,0.1992,0.2017,1.1132,-0.853,-0.715,2.347
7310842,1845,1907,1902,0.1985,0.2006,1.1138,-0.949,-0.770,2.586
7310852,1870,1897,1902,0.1977,0.1999,1.1121,-1.169,-0.809,2.837
7310862,1871,1898,1899,0.1989,0.1983,1.1134,-1.482,-0.804,3.088
7310872,1882,1896,1897,0.1990,0.1971,1.1140,-1.887,-0.825,3.345
7310882,1843,1917,1904,0.1994,0.1964,1.1123,-2.277,-0.797,3.568
7310892,1880,1895,1899,0.2003,0.1943,1.1134,-2.578,-0.796,3.685
7310902,1845,1906,1900,0.2006,0.1924,1.1113,-2.683,-0.726,3.653
7310912,1892,1895,1901,0.2009,0.1896,1.1114,-2.518,-0.649,3.490
7310922,1845,1913,1904,0.2010,0.1889,1.1134,-2.194,-0.632,3.258
7310932,1891,1895,1896,0.2015,0.1877,1.1134,-1.830,-0.610,2.976
7310942,1846,1952,1913,0.2020,0.1868,1.1122,-1.512,-0.515,2.672
7310952,1903,1909,1915,0.2019,0.1866,1.1143,-1.276,-0.403,2.344
7310962,1846,1900,1900,0.2028,0.1864,1.1140,-1.113,-0.309,2.002
7310972,1881,1899,1907,0.2019,0.1861,1.1135,-0.994,-0.206,1.643
7310982,1844,1904,1908,0.2006,0.1865,1.1129,-0.857,-0.132,1.245
7310992,1862,1894,1898,0.2006,0.1854,1.1134,-0.683,-0.079,0.813
7311002,1851,1897,1900,0.1998,0.1844,1.1148,-0.451,-0.069,0.382
7311012,1873,1902,1905,0.1984,0.1848,1.1140,-0.160,0.003,-0.014
7311022,1842,1907,1900,0.1985,0.1858,1.1154,0.172,0.044,-0.371
7311032,1877,1901,1903,0.1984,0.1879,1.1160,0.490,0.065,-0.679
7311042,1845,1901,1907,0.1978,0.1893,1.1170,0.750,0.087,-0.937
7311052,1868,1897,1904,0.1973,0.1906,1.1158,0.905,0.099,-1.178
7311062,1845,1935,1902,0.1965,0.1927,1.1164,0.973,0.103,-1.405
7311072,1881,1914,1924,0.1968,0.1933,1.1143,0.969,0.104,-1.628
7311082,1847,1932,1921,0.1970,0.1956,1.1139,0.918,0.076,-1.840
7311092,1873,1893,1902,0.1963,0.1947,1.1151,0.903,-0.020,-2.060
7311102,1845,1904,1923,0.1962,0.1944,1.1118,0.939,-0.014,-2.260
7311112,1879,1896,1904,0.1965,0.1947,1.1148,1.085,-0.087,-2.367
7311122,1850,1912,1912,0.1960,0.1960,1.1146,1.250,-0.122,-2.419
7311132,1881,1894,1903,0.1956,0.1960,1.1135,1.381,-0.101,-2.436
7311142,1859,1902,1898,0.1946,0.1975,1.1137,1.489,-0.120,-2.414
7311152,1871,1896,1903,0.1935,0.1985,1.1146,1.537,-0.144,-2.353
7311162,1849,1901,1903,0.1933,0.2002,1.1138,1.527,-0.193,-2.278
7311172,1899,1903,1897,0.1930,0.2019,1.1132,1.436,-0.299,-2.181
7311182,1858,1908,1901,0.1905,0.2000,1.1152,1.261,-0.460,-2.094
7311192,1864,1913,1896,0.1919,0.2009,1.1150,0.906,-0.629,-1.964
7311202,1845,1901,1899,0.1927,0.1999,1.1158,0.629,-0.748,-1.786
7311212,1897,1900,1915,0.1933,0.1993,1.1142,0.454,-0.862,-1.582
7311222,1848,1899,1899,0.1930,0.1989,1.1141,0.332,-0.874,-1.378
7311232,1867,1896,1902,0.1928,0.1996,1.1137,0.395,-0.940,-1.146
7311242,1845,1901,1897,0.1924,0.1997,1.1129,0.494,-0.938,-0.930
7311252,1908,1899,1938,0.1921,0.2006,1.1140,0.565,-1.015,-0.755
7311262,1847,1904,1898,0.1927,0.2005,1.1135,0.601,-1.105,-0.622
7311272,1860,1900,1898,0.1937,0.2005,1.1151,0.544,-1.184,-0.496
7311282,1854,1902,1909,0.1942,0.2005,1.1148,0.450,-1.281,-0.345
7311292,1877,1897,1906,0.1947,0.2007,1.1153,0.350,-1.405,-0.189
7311302,1849,1920,1909,0.1957,0.2005,1.1161,0.212,-1.510,-0.032
7311312,1886,1899,1907,0.1949,0.1992,1.1142,0.015,-1.516,0.130
7311322,1847,1919,1902,0.1941,0.1992,1.1151,-0.242,-1.557,0.295
7311332,1864,1898,1935,0.1940,0.1992,1.1164,-0.503,-1.636,0.453
7311342,1845,1921,1901,0.1943,0.1976,1.1163,-0.693,-1.678,0.576
7311352,1875,1895,1903,0.1952,0.1958,1.1175,-0.850,-1.730,0.653
7311362,1847,1923,1904,0.1968,0.1946,1.1178,-0.969,-1.736,0.703
7311372,1850,1904,1901,0.1980,0.1949,1.1159,-0.980,-1.648,0.771
7311382,1855,1898,1903,0.1972,0.1966,1.1151,-0.857,-1.490,0.841
7311392,1891,1898,1924,0.1974,0.1986,1.1158,-0.659,-1.374,0.907
7311402,1846,1909,1901,0.1973,0.1983,1.1162,-0.480,-1.257,0.968
7311412,1889,1900,1900,0.1966,0.1971,1.1144,-0.435,-1.124,1.042
7311422,1851,1912,1897,0.1967,0.1977,1.1164,-0.529,-1.041,1.123
7311432,1872,1898,1903,0.1956,0.1988,1.1147,-0.688,-0.936,1.245
7311442,1846,1897,1899,0.1954,0.1995,1.1136,-0.834,-0.828,1.387
7311452,1884,1899,1925,0.1947,0.2006,1.1159,-0.930,-0.778,1.533
7311462,1849,1908,1995,0.1946,0.1998,1.1148,-1.047,-0.729,1.647
7311472,1866,1898,1901,0.1951,0.1982,1.1148,-1.154,-0.656,1.758
7311482,1848,1900,1900,0.1959,0.1975,1.1141,-1.214,-0.622,1.898
7311492,1896,1895,1902,0.1952,0.1969,1.1140,-1.215,-0.566,2.057
7311502,1846,1905,1901,0.1956,0.1973,1.1128,-1.163,-0.513,2.229
7311512,1893,1902,1898,0.1951,0.1961,1.1119,-1.073,-0.461,2.400
7311522,1847,1894,1902,0.1941,0.1969,1.1119,-1.009,-0.432,2.583
7311532,1863,1901,1901,0.1934,0.1983,1.1114,-0.986,-0.399,2.787
7311542,1847,1924,1922,0.1934,0.1981,1.1127,-1.052,-0.398,2.954
7311552,1889,1901,1912,0.1944,0.1964,1.1143,-1.269,-0.435,3.051
7311562,1848,1904,1903,0.1956,0.1939,1.1143,-1.550,-0.470,3.097
7311572,1856,1899,1897,0.1962,0.1914,1.1140,-1.821,-0.473,3.105
7311582,1850,1909,1910,0.1962,0.1903,1.1128,-1.947,-0.477,3.073
7311592,1881,1900,1904,0.1963,0.1896,1.1124,-1.897,-0.447,2.984
7311602,1842,1903,1904,0.1965,0.1883,1.1136,-1.723,-0.421,2.816
7311612,1874,1902,1897,0.1968,0.1866,1.1145,-1.517,-0.379,2.612
7311622,1856,1924,1905,0.1962,0.1875,1.1161,-1.286,-0.312,2.404
7311632,1875,1896,1900,0.1963,0.1878,1.1170,-1.048,-0.248,2.170
7311642,1849,1916,1903,0.1959,0.1869,1.1170,-0.834,-0.167,1.887
7311652,1868,1897,1904,0.1966,0.1857,1.1178,-0.642,-0.123,1.594
7311662,1849,1904,1902,0.1966,0.1860,1.1179,-0.458,-0.111,1.333
7311672,1871,1894,1905,0.1960,0.1861,1.1179,-0.251,-0.093,1.106
7311682,1849,1916,1902,0.1948,0.1880,1.1180,-0.027,-0.117,0.922
7311692,1875,1895,1899,0.1940,0.1902,1.1177,0.179,-0.205,0.771
7311702,1849,1902,1898,0.1931,0.1929,1.1190,0.318,-0.369,0.630
7311712,1895,1898,1900,0.1927,0.1928,1.1181,0.310,-0.542,0.483
7311722,1846,1912,1900,0.1926,0.1922,1.1184,0.170,-0.749,0.373
7311732,1869,1895,1905,0.1933,0.1922,1.1195,-0.034,-0.943,0.329
7311742,1848,1903,1901,0.1931,0.1919,1.1188,-0.190,-1.086,0.336
7311752,1857,1897,1907,0.1933,0.1919,1.1160,-0.270,-1.176,0.402
7311762,1849,1909,1898,0.1968,0.1922,1.1197,-0.258,-1.308,0.518
7311772,1876,1899,1940,0.1999,0.1885,1.1178,-0.247,-1.257,0.689
7311782,1848,1916,1902,0.1960,0.1746,1.1199,-0.190,-1.145,1.055
7311792,1872,1898,1904,0.1912,0.1872,1.1265,0.235,-1.265,1.840
7311802,1851,1908,1900,0.1892,0.1916,1.1188,0.645,-0.806,2.395
7311812,1856,1905,1905,0.1922,0.1912,1.1230,0.900,-0.702,2.567
7311822,1847,1906,1898,0.1932,0.1930,1.1199,1.048,-0.511,2.733
7311832,1849,1908,1902,0.1929,0.1955,1.1205,1.041,-0.245,3.005
7311842,1846,1917,1900,0.1911,0.1977,1.1186,0.879,-0.070,3.285
7311852,1872,1899,1906,0.1896,0.2005,1.1148,0.635,0.202,3.509
7311862,1856,1927,1914,0.1879,0.2034,1.1152,0.343,0.280,3.621
7311872,1870,1896,1897,0.1872,0.2032,1.1151,0.043,0.278,3.634
7311882,1914,1916,1901,0.1863,0.2018,1.1159,-0.256,0.163,3.576
7311892,1869,1898,1904,0.1870,0.1983,1.1153,-0.633,0.050,3.445
7311902,1845,1915,1900,0.1879,0.1938,1.1168,-1.060,-0.144,3.318
7311912,1856,1897,1904,0.1896,0.1908,1.1168,-1.378,-0.391,3.236
7311922,1852,1910,1907,0.1912,0.1882,1.1159,-1.590,-0.563,3.172
7311932,1932,1903,1905,0.1927,0.1872,1.1151,-1.581,-0.626,3.116
7311942,1870,1921,1902,0.1942,0.1856,1.1153,-1.391,-0.651,3.037
7311952,1927,1896,1897,0.1954,0.1853,1.1158,-1.101,-0.621,2.956
7311962,2227,1900,1905,0.1973,0.1846,1.1176,-0.749,-0.529,2.887
7311972,1865,1903,1903,0.1987,0.1841,1.1176,-0.410,-0.337,2.858
7311982,1923,1969,1900,0.1979,0.1829,1.1155,-0.094,0.062,2.912
7311992,1886,1895,1915,0.1968,0.1808,1.1144,0.227,0.482,3.113
7312002,1853,1912,1916,0.2014,0.1752,1.1166,0.591,0.916,3.524
7312012,1854,1902,1900,0.2060,0.1740,1.1212,1.188,1.321,4.242
7312022,1868,1912,1902,0.2047,0.1715,1.1164,1.894,1.953,5.055
7312032,1852,1899,1903,0.2007,0.1709,1.1148,2.752,2.485,5.879
7312042,1870,1899,1900,0.1990,0.1756,1.1154,3.758,2.741,6.712
7312052,1849,1897,1907,0.1975,0.1789,1.1153,4.795,2.984,7.481
7312062,1843,1905,1901,0.1953,0.1843,1.1167,5.681,3.170,8.147
7312072,1850,1901,1905,0.1940,0.1918,1.1152,6.296,3.364,8.745
7312082,2221,1945,1901,0.1930,0.1987,1.1164,6.547,3.409,9.217
7312092,1889,1897,1925,0.1921,0.2030,1.1166,6.426,3.332,9.578
7312102,1847,1906,1901,0.1908,0.2038,1.1160,6.005,3.251,9.916
7312112,1871,1896,1904,0.1899,0.2056,1.1169,5.405,3.082,10.283
7312122,1847,1904,1904,0.1878,0.2056,1.1140,4.737,2.958,10.618
7312132,1848,1900,1903,0.1853,0.2039,1.1155,4.100,2.805,10.973
7312142,1906,1898,1900,0.1867,0.2012,1.1139,3.534,2.760,11.406
7312152,2196,1908,1952,0.1869,0.2006,1.1170,3.135,2.746,11.946
7312162,1849,1898,1898,0.1898,0.2010,1.1169,2.782,2.805,12.586
7312172,1864,1902,1900,0.1951,0.2054,1.1119,2.633,3.060,13.363
7312182,1860,1906,1903,0.1939,0.2093,1.1126,2.974,3.193,14.222
7312192,1849,1898,1906,0.1923,0.2085,1.1159,2.735,3.271,14.863
7312202,1845,1897,1902,0.1944,0.2095,1.1098,2.350,3.642,15.419
7312212,1857,1899,1903,0.1949,0.2087,1.1172,1.760,3.677,15.831
7312222,1906,1925,1903,0.1913,0.2030,1.1148,0.924,3.838,16.019
7312232,1869,1894,1911,0.1899,0.2005,1.1138,0.430,4.190,16.195
7312242,1846,1917,1901,0.1876,0.1976,1.1162,0.006,4.369,16.346
7312252,1853,1894,1904,0.1863,0.1960,1.1119,-0.245,4.678,16.373
7312262,1858,1906,1900,0.1860,0.1935,1.1145,-0.250,4.897,16.214
7312272,1873,1900,1902,0.1844,0.1926,1.1135,-0.017,5.083,15.857
7312282,1855,1913,1901,0.1831,0.1905,1.1121,0.387,5.302,15.322
7312292,1848,1896,1904,0.1808,0.1894,1.1124,0.898,5.451,14.655
7312302,1854,1903,1900,0.1796,0.1878,1.1121,1.405,5.531,13.834
7312312,1857,1898,1899,0.1763,0.1893,1.1125,2.007,5.474,12.600
7312322,1849,1904,1899,0.1737,0.1912,1.1149,2.546,5.236,11.297
7312332,1888,1897,1907,0.1709,0.1942,1.1142,3.085,4.918,9.938
7312342,1863,1902,1899,0.1691,0.1978,1.1156,3.554,4.499,8.506
7312352,1865,1905,1914,0.1671,0.2000,1.1167,3.862,3.986,7.029
7312362,1848,1902,1903,0.1648,0.2020,1.1162,3.941,3.406,5.570
7312372,1857,1897,1903,0.1651,0.2024,1.1146,3.787,2.808,4.158
7312382,1867,1926,1901,0.1656,0.2021,1.1155,3.431,2.123,2.820
7312392,1852,1898,1905,0.1671,0.2018,1.1151,2.990,1.447,1.592
7312402,1858,1903,1898,0.1684,0.2023,1.1165,2.582,0.763,0.452
7312412,1855,1898,1906,0.1687,0.1999,1.1168,2.269,0.113,-0.663
7312422,1855,1901,1918,0.1703,0.1969,1.1162,2.161,-0.415,-1.706
7312432,1850,1895,1906,0.1768,0.1943,1.1145,2.258,-0.911,-2.595
7312442,1861,1907,1903,0.1769,0.1940,1.1163,2.412,-1.368,-3.255
7312452,1868,1903,1907,0.1731,0.1979,1.1178,2.602,-1.764,-3.711
7312462,1860,1905,1900,0.1720,0.1941,1.1200,2.519,-1.985,-4.173
7312472,1854,1896,1911,0.1744,0.1982,1.1153,2.456,-2.090,-4.438
7312482,1859,1902,1898,0.1730,0.2054,1.1173,2.653,-2.241,-4.475
7312492,1859,1897,1919,0.1712,0.2054,1.1186,2.663,-2.455,-4.567
7312502,1860,1906,1900,0.1720,0.2075,1.1146,2.672,-2.434,-4.589
7312512,1864,1898,1914,0.1733,0.2098,1.1156,2.780,-2.492,-4.447
7312522,1881,1906,1898,0.1747,0.2117,1.1142,2.703,-2.573,-4.240
7312532,1861,1897,1907,0.1745,0.2130,1.1134,2.505,-2.546,-4.015
7312542,1852,1907,1900,0.1742,0.2136,1.1134,2.270,-2.553,-3.752
7312552,1863,1900,1909,0.1749,0.2135,1.1126,2.051,-2.524,-3.472
7312562,1853,1898,1901,0.1746,0.2136,1.1132,1.883,-2.497,-3.106
7312572,1858,1890,1906,0.1748,0.2153,1.1141,1.707,-2.453,-2.651
7312582,1851,1915,1899,0.1753,0.2162,1.1156,1.508,-2.423,-2.176
7312592,1852,1898,1915,0.1760,0.2164,1.1149,1.260,-2.372,-1.721
7312602,1867,1918,1902,0.1765,0.2165,1.1151,0.969,-2.337,-1.285
7312612,1856,1900,1904,0.1762,0.2170,1.1150,0.671,-2.318,-0.854
7312622,1863,1916,1902,0.1760,0.2178,1.1145,0.426,-2.324,-0.437
7312632,1877,1903,1926,0.1755,0.2189,1.1146,0.239,-2.385,-0.005
7312642,1855,1924,1903,0.1756,0.2203,1.1166,0.059,-2.467,0.479
7312652,1861,1898,1904,0.1755,0.2206,1.1180,-0.159,-2.523,1.018
7312662,1848,1913,1901,0.1752,0.2187,1.1186,-0.523,-2.578,1.657
7312672,1859,1899,1919,0.1770,0.2213,1.1169,-1.073,-2.567,2.442
7312682,1849,1914,1899,0.1788,0.2226,1.1205,-1.828,-2.681,3.263
7312692,1910,1897,1906,0.1801,0.2199,1.1197,-2.752,-2.767,3.943
7312702,1859,1904,1901,0.1807,0.2168,1.1171,-3.610,-2.700,4.550
7312712,1852,1901,1908,0.1815,0.2130,1.1188,-4.281,-2.778,5.167
7312722,1850,1905,1901,0.1825,0.2072,1.1176,-4.758,-2.814,5.766
7312732,1865,1900,1903,0.1832,0.2021,1.1171,-4.994,-2.781,6.390
7312742,1860,1911,1902,0.1850,0.2023,1.1160,-4.941,-2.749,7.020
7312752,1853,1899,1913,0.1840,0.1992,1.1195,-4.912,-2.764,7.439
7312762,1854,1913,1901,0.1837,0.1963,1.1174,-4.823,-2.632,7.772
7312772,1866,1896,1912,0.1847,0.1968,1.1182,-4.765,-2.496,8.166
7312782,1866,1903,1901,0.1858,0.1968,1.1190,-4.719,-2.456,8.573
7312792,1853,1903,1911,0.1865,0.1958,1.1174,-4.561,-2.309,8.924
7312802,1862,1907,1899,0.1851,0.1930,1.1159,-4.313,-2.160,9.197
7312812,1854,1901,1923,0.1891,0.1942,1.1100,-4.044,-2.041,9.426
7312822,1855,1905,1901,0.1908,0.2002,1.1110,-3.730,-2.040,9.584
7312832,1856,1903,1907,0.1900,0.1987,1.1103,-3.506,-2.019,9.527
7312842,1854,1931,1903,0.1886,0.1970,1.1139,-3.608,-1.949,9.363
7312852,1873,1901,1903,0.1885,0.1977,1.1197,-3.993,-1.988,9.342
7312862,1893,1909,1933,0.1895,0.1965,1.1194,-4.375,-1.938,9.341
7312872,1882,1896,1924,0.1923,0.1943,1.1226,-5.039,-2.066,9.250
7312882,2031,1935,1910,0.1918,0.1933,1.1191,-5.541,-2.081,9.177
7312892,1978,1911,1903,0.1903,0.1941,1.1241,-6.039,-2.260,9.079
7312902,1873,1907,1901,0.1906,0.1913,1.1236,-6.653,-2.398,8.900
7312912,2429,1956,1948,0.1918,0.1896,1.1262,-7.317,-2.572,8.689
7312922,2005,1909,1902,0.1951,0.1897,1.1276,-8.027,-2.872,8.463
7312932,1919,1906,1907,0.1973,0.1816,1.1323,-8.671,-3.038,8.198
7312942,1852,1897,1901,0.2001,0.1782,1.1333,-9.080,-3.105,8.065
7312952,1956,1908,1903,0.2016,0.1750,1.1298,-9.432,-3.028,8.022
7312962,2276,1903,1904,0.2026,0.1732,1.1332,-9.812,-3.124,7.903
7312972,2137,1897,1907,0.2016,0.1674,1.1340,-9.979,-3.076,7.695
7312982,2139,1969,1899,0.2005,0.1650,1.1391,-9.813,-3.028,7.574
7312992,1991,1923,1936,0.2007,0.1626,1.1355,-9.526,-2.702,7.510
7313002,1861,1928,1903,0.2017,0.1596,1.1378,-9.345,-2.301,7.447
7313012,1906,1901,1914,0.2024,0.1565,1.1371,-9.502,-1.853,7.402
7313022,1870,1940,1900,0.2021,0.1556,1.1333,-9.914,-1.201,7.384
7313032,1941,1897,1903,0.2016,0.1540,1.1307,-10.486,-0.635,7.439
7313042,1863,1911,1910,0.2023,0.1510,1.1315,-11.034,-0.152,7.589
7313052,1961,1898,1910,0.2031,0.1495,1.1318,-11.582,0.371,7.888
7313062,1965,1918,1899,0.2027,0.1489,1.1294,-12.194,0.953,8.318
7313072,1846,1905,1919,0.2024,0.1476,1.1310,-12.996,1.368,8.740
7313082,1900,1913,1902,0.2029,0.1436,1.1294,-13.839,1.783,9.055
7313092,1892,1906,1900,0.2017,0.1388,1.1247,-14.533,2.253,9.239
7313102,1903,1917,1900,0.2019,0.1327,1.1257,-14.859,2.534,9.304
7313112,1940,1933,1906,0.2027,0.1268,1.1247,-14.604,2.857,9.289
7313122,1897,1900,1903,0.2035,0.1205,1.1211,-13.684,3.200,9.300
7313132,1886,1903,1916,0.2034,0.1188,1.1214,-12.247,3.394,9.422
7313142,1879,1930,1901,0.2254,0.1014,1.0989,-10.505,3.366,9.638
7313152,1863,1913,1912,0.2372,0.1030,1.1330,-8.334,2.872,10.423
7313162,1905,1898,1909,0.2375,0.0967,1.1378,-6.986,2.668,11.771
7313172,1848,1914,1971,0.2360,0.0956,1.1289,-5.806,3.364,13.479
7313182,1862,1911,1905,0.2373,0.0872,1.1402,-5.864,3.420,15.002
7313192,1950,1900,1905,0.2412,0.0710,1.1330,-6.073,3.863,16.484
7313202,1982,1934,1900,0.2478,0.0558,1.1357,-6.058,4.332,18.230
7313212,1854,1965,1907,0.2508,0.0444,1.1336,-5.786,4.730,20.422
7313222,1937,1927,1897,0.2523,0.0369,1.1316,-5.005,5.337,22.993
7313232,1846,1896,1904,0.2526,0.0309,1.1363,-3.945,5.759,25.693
7313242,1854,1912,1903,0.2500,0.0236,1.1388,-2.783,6.345,28.370
7313252,1853,1900,1901,0.2480,0.0168,1.1417,-1.590,6.979,31.003
7313262,2432,1963,1900,0.2474,0.0106,1.1414,-0.308,7.825,33.617
7313272,1894,1895,1910,0.2460,0.0078,1.1445,1.071,8.677,36.277
7313282,1853,1906,1900,0.2433,0.0121,1.1428,2.532,9.647,38.938
7313292,1881,1903,1918,0.2389,0.0176,1.1420,4.071,10.735,41.448
7313302,1855,1914,1907,0.2355,0.0216,1.1432,5.662,11.738,43.739
7313312,1962,1902,1918,0.2316,0.0258,1.1442,7.253,12.744,45.861
7313322,2041,1903,1901,0.2279,0.0309,1.1455,8.643,13.649,47.892
7313332,2069,1899,1912,0.2228,0.0378,1.1448,9.750,14.527,49.811
7313342,1935,1899,1900,0.2179,0.0459,1.1470,10.503,15.250,51.583
7313352,2100,1898,1904,0.2166,0.0494,1.1469,10.790,15.873,53.152
7313362,1969,1896,1899,0.2165,0.0531,1.1478,10.538,16.374,54.590
7313372,1847,1905,1906,0.2127,0.0594,1.1438,9.842,16.880,56.043
7313382,1851,1935,1901,0.2092,0.0661,1.1428,8.746,17.320,57.474
7313392,1933,1899,1905,0.2078,0.0696,1.1446,7.263,17.560,58.798
7313402,1845,1914,1901,0.2089,0.0712,1.1401,5.435,17.781,60.060
7313412,1846,1897,1910,0.2058,0.0748,1.1418,3.484,17.929,61.397
7313422,1894,1909,1900,0.2033,0.0768,1.1411,1.365,18.017,62.811
7313432,1919,1896,1910,0.1999,0.0772,1.1433,-0.962,18.065,64.258
7313442,1845,1902,1904,0.1970,0.0766,1.1483,-3.692,17.930,65.757
7313452,1870,1899,1905,0.1942,0.0747,1.1509,-6.898,17.831,67.253
7313462,1949,1900,1901,0.1915,0.0673,1.1578,-10.652,17.548,68.792
7313472,1900,1897,1905,0.1894,0.0663,1.1605,-14.881,17.158,70.508
7313482,1864,1898,1904,0.1862,0.0680,1.1634,-19.276,16.705,72.329
7313492,1868,1900,1906,0.1819,0.0629,1.1658,-23.544,16.185,74.063
7313502,1928,1899,1901,0.1796,0.0557,1.1735,-27.758,15.580,75.640
7313512,1857,1900,1904,0.1779,0.0450,1.1818,-31.935,14.947,77.084
7313522,1843,1914,1899,0.1784,0.0334,1.1890,-35.978,14.531,78.451
7313532,1955,1904,1905,0.1779,0.0216,1.1982,-39.820,14.210,79.832
7313542,2037,1919,1901,0.1776,0.0114,1.2065,-43.150,13.942,81.283
7313552,1904,1899,1911,0.1756,0.0017,1.2130,-45.955,13.861,82.754
7313562,1851,1913,1900,0.1741,-0.0120,1.2206,-48.244,13.810,84.156
7313572,1865,1906,1910,0.1727,-0.0262,1.2250,-49.963,13.894,85.554
7313582,1957,1916,1899,0.1707,-0.0400,1.2342,-51.342,13.994,86.959
7313592,1890,1906,1905,0.1671,-0.0531,1.2404,-52.611,14.154,88.318
7313602,1855,1905,1900,0.1631,-0.0615,1.2468,-53.879,14.454,89.548
7313612,1850,1900,1922,0.1594,-0.0765,1.2527,-55.160,14.663,90.571
7313622,1893,1906,1903,0.1566,-0.0914,1.2546,-56.557,14.782,91.568
7313632,1951,1900,1928,0.1551,-0.1066,1.2554,-58.156,14.811,92.766
7313642,1858,1915,1911,0.1522,-0.1241,1.2565,-60.231,14.668,94.190
7313652,1859,1902,1918,0.1551,-0.1432,1.2612,-63.098,14.339,95.892
7313662,1849,1921,1901,0.1545,-0.1587,1.2573,-66.809,13.956,97.993
7313672,1944,1899,1905,0.1503,-0.1687,1.2574,-71.217,13.414,100.576
7313682,2048,1938,1904,0.1469,-0.1797,1.2546,-76.083,12.745,103.472
7313692,1856,1902,1918,0.1449,-0.1881,1.2513,-81.156,12.073,106.545
7313702,1853,1900,1901,0.1402,-0.1931,1.2457,-86.160,11.413,109.717
7313712,1846,2025,1905,0.1317,-0.1970,1.2382,-90.807,10.899,112.800
7313722,1980,1904,1900,0.1205,-0.2027,1.2272,-95.026,10.491,115.588
7313732,1859,1912,1902,0.1072,-0.2094,1.2122,-98.480,10.141,117.875
7313742,1922,1942,1899,0.0943,-0.2144,1.2016,-100.911,9.486,119.683
7313752,1874,1924,1920,0.0811,-0.2212,1.1835,-101.908,8.817,120.829
7313762,1911,1932,1906,0.0684,-0.2283,1.1627,-101.204,8.228,121.187
7313772,1852,1955,1903,0.0568,-0.2370,1.1477,-98.696,7.497,120.730
7313782,1879,1928,1905,0.0487,-0.2440,1.1342,-94.553,6.884,119.442
7313792,1847,1922,1915,0.0437,-0.2549,1.1179,-89.121,6.474,117.419
7313802,1854,1899,1904,0.0401,-0.2694,1.0986,-82.630,6.241,114.978
7313812,1853,1910,1954,0.0369,-0.2826,1.0875,-75.380,5.881,112.483
7313822,2067,1899,1908,0.0318,-0.2899,1.0742,-65.886,5.710,109.819
7313832,1937,1926,1900,0.0252,-0.2944,1.0634,-56.783,5.567,107.392
7313842,1852,1902,2004,0.0165,-0.2906,1.0522,-48.264,5.411,105.088
7313852,2075,1902,1977,0.0079,-0.2874,1.0360,-40.602,5.220,102.710
7313862,2084,1990,1903,-0.0058,-0.2795,1.0132,-33.704,4.943,100.260
7313872,2243,1912,1967,-0.0218,-0.2633,0.9853,-27.680,4.179,97.733
7313882,1903,2114,1953,-0.0379,-0.2510,0.9452,-22.018,2.956,95.012
7313892,2625,2001,1899,-0.0512,-0.2499,0.9118,-16.833,0.675,92.140
7313902,1905,2084,2137,-0.0594,-0.2336,0.9288,-11.924,-3.031,89.790
7313912,2019,2166,2769,-0.0637,-0.2029,0.9587,-8.225,-6.517,87.865
7313922,2237,2129,1917,-0.0590,-0.1726,0.9853,-7.303,-8.525,85.597
7313932,1862,1967,1998,-0.0658,-0.1217,0.9858,-9.500,-9.457,83.339
7313942,1872,1912,1925,-0.0405,-0.1035,1.0202,-15.585,-10.456,80.377
7313952,1982,2034,2077,0.0070,-0.1543,1.0616,-26.489,-11.749,77.614
7313962,1871,1909,2496,0.0166,-0.1691,1.0673,-43.037,-11.747,77.392
7313972,2059,2205,2199,-0.0032,-0.1147,1.0530,-63.846,-11.250,79.708
7313982,2296,2294,2060,-0.0313,-0.0783,0.9955,-88.503,-11.313,80.642
7313992,2389,3018,2011,-0.0533,-0.1315,0.8891,-113.901,-12.355,79.352
7314002,2010,2784,2006,-0.0787,-0.1790,0.8311,-136.914,-15.716,78.105
7314012,2600,1998,1911,-0.1001,-0.2464,0.7949,-154.907,-20.229,76.606
7314022,3195,2994,2494,-0.1051,-0.3031,0.7804,-165.330,-24.155,73.891
7314032,2144,1974,1948,-0.0973,-0.3259,0.7907,-167.168,-27.548,69.856
7314042,2898,1894,2396,-0.0929,-0.3436,0.7747,-160.318,-28.963,64.022
7314052,1928,1906,2312,-0.0965,-0.3457,0.7570,-146.529,-28.912,56.725
7314062,3304,2673,1938,-0.0991,-0.3357,0.7594,-128.163,-28.888,48.455
7314072,2606,2186,2164,-0.1082,-0.3189,0.7375,-107.926,-28.458,39.162
7314082,1977,1916,1945,-0.1129,-0.3476,0.7095,-87.922,-28.050,29.096
7314092,3048,2289,2023,-0.1128,-0.3513,0.7411,-70.320,-29.824,19.840
7314102,2106,2178,1934,-0.1038,-0.3622,0.7750,-55.640,-31.926,11.196
7314112,1822,2127,1991,-0.0855,-0.3500,0.8164,-43.636,-33.374,3.399
7314122,3601,2103,1966,-0.0654,-0.3364,0.8774,-36.148,-34.531,-3.259
7314132,2627,2245,1919,-0.0389,-0.3455,0.9364,-33.609,-34.971,-8.888
7314142,2481,2232,2054,-0.0153,-0.3730,0.9874,-36.169,-34.314,-13.500
7314152,1948,2000,2740,0.0050,-0.4186,1.0171,-42.371,-32.835,-17.221
7314162,1906,2035,1914,0.0135,-0.4804,1.0131,-49.328,-30.088,-20.539
7314172,2359,2169,1956,0.0124,-0.5447,1.0029,-53.987,-26.795,-23.451
7314182,1865,2144,1972,0.0103,-0.6119,0.9969,-55.167,-23.467,-25.991
7314192,2071,1898,2091,0.0150,-0.6655,1.0047,-52.779,-20.146,-27.857
7314202,1866,1946,2173,0.0217,-0.6900,1.0142,-48.330,-16.661,-28.805
7314212,2038,1913,2044,0.0276,-0.7140,1.0183,-43.521,-12.799,-29.236
7314222,2873,2106,2315,0.0281,-0.7444,1.0168,-39.337,-8.727,-29.332
7314232,2217,1927,2273,0.0255,-0.7744,1.0041,-36.305,-4.780,-28.912
7314242,2189,2227,2269,0.0200,-0.8125,0.9812,-34.567,-1.333,-27.957
7314252,2198,2082,2137,0.0149,-0.8421,0.9597,-33.346,1.349,-26.488
7314262,1912,1902,2009,0.0110,-0.8734,0.9341,-32.090,3.313,-24.892
7314272,1817,1958,2071,0.0025,-0.8938,0.9155,-29.535,4.836,-23.399
7314282,2842,1973,2222,0.0015,-0.9022,0.9149,-25.310,5.715,-21.883
7314292,1838,2081,2011,0.0017,-0.9018,0.9142,-20.175,6.473,-20.273
7314302,2009,1927,2146,-0.0004,-0.8994,0.9094,-15.038,7.380,-18.461
7314312,2035,2073,2256,-0.0023,-0.9029,0.9052,-10.662,8.082,-16.549
7314322,2197,2026,2188,-0.0042,-0.8934,0.9011,-7.058,8.562,-14.418
7314332,3031,2442,1956,-0.0094,-0.8874,0.8876,-4.478,9.007,-12.250
7314342,1974,1897,2543,-0.0163,-0.8819,0.8704,-2.850,9.214,-10.061
7314352,1888,2225,1943,-0.0235,-0.8745,0.8603,-1.940,9.002,-7.967
7314362,2230,1949,1931,-0.0282,-0.8657,0.8527,-0.910,8.460,-6.143
7314372,2113,2042,1923,-0.0316,-0.8477,0.8494,1.064,7.981,-4.549
7314382,1794,1913,1934,-0.0347,-0.8265,0.8482,3.656,7.521,-3.169
7314392,1896,1899,2461,-0.0369,-0.8011,0.8531,6.373,7.077,-2.009
7314402,2043,2082,1937,-0.0376,-0.7818,0.8515,8.632,6.657,-1.079
7314412,2097,1921,2107,-0.0411,-0.7625,0.8416,10.137,6.451,-0.232
7314422,3013,2017,2089,-0.0455,-0.7497,0.8345,10.185,5.968,0.590
7314432,2456,2032,1997,-0.0497,-0.7393,0.8250,9.195,5.214,1.217
7314442,2656,1959,1947,-0.0554,-0.7353,0.8107,8.166,4.540,1.511
7314452,2344,1915,1980,-0.0585,-0.7255,0.8066,7.725,3.611,1.683
7314462,2562,1902,2206,-0.0588,-0.7118,0.8069,8.067,2.588,1.702
7314472,2115,1920,1976,-0.0574,-0.6962,0.8099,9.171,1.766,1.615
7314482,3414,1975,2295,-0.0535,-0.6876,0.8208,10.189,0.877,1.462
7314492,2575,2031,2115,-0.0531,-0.6819,0.8217,10.925,0.347,1.319
7314502,2883,1934,1938,-0.0521,-0.6751,0.8192,11.254,0.108,1.277
7314512,1864,2022,2044,-0.0490,-0.6660,0.8208,10.692,-0.511,1.404
7314522,2275,2024,1893,-0.0482,-0.6683,0.8167,9.504,-0.974,1.459
7314532,1797,2105,1957,-0.0479,-0.6682,0.8143,7.988,-1.473,1.623
7314542,2615,2094,2128,-0.0465,-0.6704,0.8159,6.466,-2.161,1.900
7314552,1986,1890,2058,-0.0440,-0.6749,0.8151,5.441,-2.693,2.143
7314562,2071,2062,2043,-0.0411,-0.6751,0.8240,5.039,-3.237,2.345
7314572,2990,1983,1941,-0.0368,-0.6718,0.8377,5.357,-3.652,2.476
7314582,1848,1893,1985,-0.0323,-0.6698,0.8465,6.148,-3.644,2.582
7314592,2034,2104,1975,-0.0290,-0.6665,0.8568,6.750,-3.594,2.702
7314602,2968,1917,1917,-0.0283,-0.6645,0.8607,6.965,-3.341,2.777
7314612,2878,1973,2215,-0.0250,-0.6591,0.8746,6.895,-3.138,2.788
7314622,1838,2022,1913,-0.0239,-0.6546,0.8816,6.374,-2.789,2.786
7314632,2247,1947,2063,-0.0231,-0.6545,0.8839,5.486,-2.193,2.812
7314642,2316,1980,2163,-0.0195,-0.6565,0.8936,4.289,-1.746,2.842
7314652,2065,1899,2047,-0.0187,-0.6600,0.8895,3.117,-1.050,2.843
7314662,1876,1912,1924,-0.0193,-0.6654,0.8892,2.350,-0.203,2.755
7314672,2339,2027,2057,-0.0167,-0.6694,0.8946,1.968,0.243,2.639
7314682,1956,1934,1935,-0.0166,-0.6745,0.8907,1.729,0.880,2.563
7314692,2405,1981,1929,-0.0184,-0.6760,0.8879,1.641,1.486,2.535
7314702,2307,1917,2009,-0.0196,-0.6782,0.8849,1.689,1.974,2.435
7314712,1850,1894,2054,-0.0217,-0.6785,0.8843,1.722,2.325,2.272
7314722,2507,2011,2111,-0.0248,-0.6799,0.8851,1.632,2.538,2.031
7314732,2811,2218,1958,-0.0246,-0.6780,0.8922,1.718,2.649,1.627
7314742,1772,1926,2107,-0.0215,-0.6741,0.8996,2.140,2.747,1.026
7314752,1783,1933,1993,-0.0214,-0.6763,0.9004,2.840,3.165,0.319
7314762,1867,1889,1940,-0.0205,-0.6803,0.9025,3.702,3.606,-0.397
7314772,1944,1952,1936,-0.0206,-0.6810,0.9043,4.675,3.976,-1.091
7314782,1821,1888,1928,-0.0213,-0.6840,0.9045,5.799,4.525,-1.853
7314792,1872,1958,2010,-0.0226,-0.6858,0.9076,7.167,5.111,-2.645
7314802,1958,1889,1910,-0.0229,-0.6868,0.9068,8.655,5.828,-3.506
7314812,2186,2050,1903,-0.0244,-0.6889,0.9071,10.459,6.667,-4.480
7314822,2019,1906,1884,-0.0255,-0.6867,0.9091,12.794,7.478,-5.570
7314832,1787,1891,1896,-0.0258,-0.6840,0.9095,15.734,8.328,-6.717
7314842,1793,1954,1899,-0.0282,-0.6815,0.9087,19.139,9.267,-7.936
7314852,1769,1902,1960,-0.0294,-0.6788,0.9107,22.972,10.181,-9.133
7314862,1782,1935,1939,-0.0290,-0.6745,0.9178,26.888,11.003,-10.265
7314872,1819,1996,1914,-0.0259,-0.6677,0.9272,30.722,11.916,-11.301
7314882,1763,1906,1929,-0.0211,-0.6586,0.9441,34.178,12.991,-12.302
7314892,1768,1923,1938,-0.0166,-0.6481,0.9544,37.086,14.419,-13.382
7314902,1796,1910,1922,-0.0147,-0.6401,0.9501,39.604,16.331,-14.738
7314912,2239,2343,2202,-0.0169,-0.6314,0.9504,42.198,18.267,-16.495
7314922,1911,1899,2067,-0.0207,-0.6196,0.9490,45.442,20.164,-18.735
7314932,2125,1963,1928,-0.0386,-0.6139,0.9186,50.074,22.414,-21.332
7314942,1771,1906,1887,-0.0393,-0.6120,0.8960,56.676,24.034,-23.740
7314952,1833,1884,1888,-0.0422,-0.5949,0.9105,64.417,23.957,-25.485
7314962,1827,1887,1944,-0.0357,-0.6039,0.9408,72.159,24.415,-26.770
7314972,1842,1886,1951,-0.0288,-0.5864,0.9892,78.337,25.262,-27.283
7314982,1832,1926,1889,-0.0216,-0.5692,1.0018,82.322,27.056,-27.184
7314992,1777,1970,1901,-0.0165,-0.5170,1.0100,84.274,28.838,-26.724
7315002,1965,2145,1888,-0.0157,-0.4978,1.0177,83.933,30.333,-26.839
7315012,1901,1910,1897,-0.0172,-0.4903,1.0226,81.399,31.435,-27.560
7315022,1881,1887,1927,-0.0223,-0.4844,1.0254,76.885,32.132,-28.353
7315032,1932,1890,1884,-0.0299,-0.4793,1.0256,71.385,32.477,-28.956
7315042,1829,1890,1921,-0.0379,-0.4740,1.0309,65.564,32.658,-29.470
7315052,1833,1987,1892,-0.0447,-0.4733,1.0362,60.345,32.787,-29.901
7315062,1876,1922,1987,-0.0540,-0.4727,1.0350,56.282,33.147,-30.168
7315072,1768,1893,2120,-0.0626,-0.4641,1.0339,53.244,33.428,-30.190
7315082,1868,1947,1992,-0.0732,-0.4512,1.0298,51.317,33.824,-30.214
7315092,1829,1929,1941,-0.0787,-0.4389,1.0337,50.366,34.017,-30.500
7315102,1764,1889,1887,-0.0832,-0.4312,1.0443,50.028,34.086,-31.140
7315112,1764,1890,1892,-0.0833,-0.4253,1.0528,49.721,34.249,-32.066
7315122,2027,1913,1905,-0.0846,-0.4124,1.0610,49.562,34.497,-33.047
7315132,1966,1922,1884,-0.0933,-0.3927,1.0647,49.993,35.136,-34.183
7315142,1801,1894,1885,-0.1075,-0.3557,1.0522,51.427,36.271,-35.829
7315152,1873,1918,1889,-0.1186,-0.3366,1.0377,54.880,37.715,-38.649
7315162,1817,1967,1941,-0.1256,-0.3181,1.0313,60.572,38.982,-42.803
7315172,1768,1998,1904,-0.1279,-0.3122,1.0194,69.045,40.453,-47.936
7315182,1827,1936,1902,-0.1259,-0.3106,0.9858,79.316,42.163,-53.921
7315192,1784,1893,1900,-0.1294,-0.3101,0.9598,90.867,43.279,-60.265
7315202,1984,1889,1909,-0.1364,-0.3000,0.9339,104.058,43.280,-66.235
7315212,1850,1894,1886,-0.1471,-0.2867,0.9212,117.884,42.331,-71.576
7315222,1773,1898,1886,-0.1562,-0.2611,0.9139,132.045,40.369,-76.189
7315232,1774,1899,1916,-0.1655,-0.2225,0.9088,145.979,37.905,-80.345
7315242,1801,1910,1882,-0.1701,-0.1831,0.9093,159.458,34.816,-84.366
7315252,1777,2117,1895,-0.1681,-0.1445,0.9122,171.564,31.237,-88.342
7315262,2169,1947,1886,-0.1616,-0.1070,0.9134,181.605,27.223,-91.884
7315272,1875,1906,1919,-0.1644,-0.0524,0.9014,189.161,22.898,-94.477
7315282,1803,1928,1902,-0.1694,0.0094,0.8802,194.262,18.037,-96.145
7315292,1780,1903,1886,-0.1745,0.0695,0.8739,196.559,12.127,-97.493
7315302,1858,1905,1884,-0.1731,0.1182,0.8963,195.940,5.212,-98.755
7315312,1765,1916,1913,-0.1635,0.1472,0.9252,192.371,-1.448,-100.033
7315322,1803,1934,1884,-0.1476,0.1716,0.9654,185.351,-7.608,-101.083
7315332,1823,1891,1937,-0.1248,0.1912,0.9949,175.184,-13.111,-101.710
7315342,1938,1932,1903,-0.0967,0.2072,1.0398,162.208,-18.116,-101.918
7315352,1784,1942,1905,-0.0774,0.2104,1.0692,142.373,-22.658,-100.072
7315362,1795,1922,1884,-0.0621,0.2143,1.1099,122.087,-27.041,-97.444
7315372,1815,1928,1901,-0.0537,0.2172,1.1111,101.765,-30.148,-94.695
7315382,1774,1909,1884,-0.0473,0.2232,1.1343,81.952,-32.917,-92.395
7315392,1767,1949,1885,-0.0425,0.2305,1.1368,63.117,-35.406,-90.693
7315402,2111,1896,1889,-0.0366,0.2360,1.1413,45.799,-37.076,-89.580
7315412,1831,1907,1884,-0.0261,0.2279,1.1532,30.031,-38.926,-89.009
7315422,1852,1889,1884,-0.0170,0.2138,1.1607,16.041,-39.755,-88.853
7315432,1871,1885,1912,-0.0078,0.1934,1.1683,3.736,-40.360,-88.823
7315442,1796,1883,1886,0.0007,0.1674,1.1554,-6.317,-39.756,-88.839
7315452,1908,1892,1920,0.0063,0.1505,1.1468,-13.799,-39.134,-88.781
7315462,1835,1887,1885,0.0051,0.1448,1.1250,-18.023,-38.292,-88.701
7315472,1935,1890,1895,0.0018,0.1419,1.1244,-19.113,-38.121,-88.894
7315482,1843,1893,1888,0.0031,0.1319,1.1200,-17.637,-38.578,-89.747
7315492,1818,1887,1904,0.0161,0.1264,1.1259,-14.372,-39.477,-91.074
7315502,1769,1903,1887,0.0372,0.0903,1.1377,-10.199,-40.928,-92.735
7315512,1776,1887,1918,0.0588,0.0770,1.1411,-5.935,-42.074,-94.141
7315522,1779,1894,1884,0.0762,0.0638,1.1492,-1.700,-43.088,-95.036
7315532,1800,1892,1890,0.0934,0.0545,1.1583,1.681,-44.015,-95.695
7315542,1781,1938,1886,0.1074,0.0498,1.1663,4.269,-44.860,-96.026
7315552,1768,1894,1927,0.1241,0.0332,1.1689,6.010,-45.738,-95.989
7315562,2115,1893,1941,0.1387,0.0236,1.1761,7.033,-46.668,-95.176
7315572,1853,1887,1898,0.1531,0.0121,1.1805,7.469,-47.488,-93.515
7315582,2097,1901,1894,0.1668,0.0021,1.1883,7.148,-48.245,-91.111
7315592,1770,1886,1894,0.1802,-0.0015,1.1941,5.704,-48.996,-88.122
7315602,1787,1895,1884,0.1904,-0.0041,1.2009,2.873,-49.668,-84.704
7315612,1768,1902,1907,0.2005,-0.0025,1.2136,-1.699,-50.178,-80.998
7315622,1776,1885,1888,0.2089,0.0026,1.2242,-7.849,-50.363,-76.997
7315632,1772,1888,1892,0.2144,0.0061,1.2290,-15.277,-49.935,-72.895
7315642,1796,1897,1901,0.2189,0.0047,1.2299,-23.766,-49.001,-68.918
7315652,1825,1904,1887,0.2225,-0.0033,1.2297,-32.720,-47.640,-65.133
7315662,1857,1888,1892,0.2259,-0.0146,1.2310,-41.601,-45.945,-61.459
7315672,1794,1910,1895,0.2281,-0.0292,1.2238,-49.743,-43.861,-57.822
7315682,2025,1960,1887,0.2293,-0.0373,1.2159,-56.636,-41.623,-54.249
7315692,1771,1892,1904,0.2318,-0.0615,1.2110,-62.309,-39.375,-50.927
7315702,1853,1905,1884,0.2341,-0.0766,1.2097,-66.960,-37.222,-47.679
7315712,1766,1891,1916,0.2341,-0.0897,1.2055,-70.567,-34.863,-44.530
7315722,1813,1888,1886,0.2327,-0.1057,1.1969,-73.236,-32.432,-41.636
7315732,2187,1888,1903,0.2319,-0.1189,1.1893,-74.496,-29.899,-38.964
7315742,1768,1911,1885,0.2285,-0.1320,1.1867,-74.431,-27.591,-36.458
7315752,1773,1889,1892,0.2236,-0.1470,1.1735,-73.213,-25.132,-34.180
7315762,1974,1939,1902,0.2200,-0.1587,1.1688,-70.901,-22.886,-32.095
7315772,1776,1894,1904,0.2159,-0.1643,1.1647,-67.561,-20.884,-30.128
7315782,1878,1988,1888,0.2117,-0.1682,1.1611,-63.416,-19.009,-28.377
7315792,2092,1887,1916,0.2085,-0.1708,1.1570,-58.746,-17.431,-26.874
7315802,1777,1923,1886,0.2052,-0.1735,1.1520,-53.878,-15.972,-25.594
7315812,1770,1890,1934,0.2027,-0.1732,1.1509,-49.140,-14.754,-24.468
7315822,1792,1891,1886,0.1995,-0.1716,1.1499,-44.700,-13.656,-23.487
7315832,1770,1917,1905,0.1963,-0.1691,1.1512,-40.623,-12.635,-22.657
7315842,1771,1908,1884,0.1940,-0.1680,1.1514,-36.912,-11.713,-21.956
7315852,1795,1887,1897,0.1929,-0.1680,1.1505,-33.463,-10.818,-21.359
7315862,1939,1894,1888,0.1920,-0.1687,1.1486,-30.223,-9.944,-20.809
7315872,1782,1884,1912,0.1916,-0.1703,1.1451,-27.182,-9.118,-20.298
7315882,1834,1928,1892,0.1919,-0.1701,1.1417,-24.247,-8.389,-19.840
7315892,1779,1888,1893,0.1927,-0.1695,1.1424,-21.345,-7.846,-19.424
7315902,1803,1905,1888,0.1941,-0.1664,1.1430,-18.596,-7.464,-19.048
7315912,1926,1916,1889,0.1952,-0.1695,1.1552,-16.024,-7.208,-18.724
7315922,1830,1922,1911,0.1984,-0.1744,1.1675,-13.585,-6.995,-18.394
7315932,1799,1899,1902,0.1999,-0.1708,1.1676,-11.091,-6.262,-17.873
7315942,1911,1952,1891,0.2028,-0.1671,1.1753,-9.249,-5.762,-17.365
7315952,1821,1889,1913,0.2036,-0.1667,1.1683,-8.328,-5.015,-17.007
7315962,1819,1937,1886,0.2008,-0.1668,1.1650,-7.691,-4.137,-16.651
7315972,1775,1892,1898,0.2003,-0.1676,1.1604,-7.022,-3.497,-16.187
7315982,2049,1996,1887,0.2026,-0.1720,1.1504,-6.347,-2.817,-15.702
7315992,1807,1886,1904,0.2047,-0.1659,1.1474,-5.489,-2.355,-15.093
7316002,1907,1912,1886,0.2022,-0.1620,1.1407,-4.788,-1.954,-14.422
7316012,1837,1917,1889,0.2009,-0.1581,1.1309,-4.438,-1.642,-13.770
7316022,1771,1892,1888,0.2006,-0.1551,1.1261,-4.438,-1.561,-13.175
7316032,1773,1887,1898,0.1998,-0.1543,1.1165,-4.529,-1.541,-12.679
7316042,1843,1903,1887,0.2001,-0.1556,1.1137,-4.565,-1.701,-12.268
7316052,1804,1887,1905,0.1978,-0.1528,1.1085,-4.306,-1.834,-11.836
7316062,1822,1902,1893,0.1961,-0.1519,1.1054,-3.948,-2.015,-11.460
7316072,1815,1888,1888,0.1951,-0.1513,1.1004,-3.705,-2.301,-11.209
7316082,1880,1920,1900,0.1949,-0.1532,1.0971,-3.385,-2.558,-11.024
7316092,1792,1886,1904,0.1951,-0.1555,1.0945,-2.817,-2.913,-10.820
7316102,2278,1934,1889,0.1949,-0.1581,1.0893,-1.871,-3.167,-10.578
7316112,1995,1889,1897,0.1963,-0.1609,1.0904,-0.641,-3.641,-10.354
7316122,1808,1936,1899,0.1988,-0.1661,1.0902,0.767,-4.129,-10.099
7316132,1773,1885,1898,0.2048,-0.1719,1.0947,2.209,-4.679,-9.778
7316142,2013,1931,1892,0.2098,-0.1784,1.1006,3.580,-5.068,-9.346
7316152,1771,1886,1911,0.2128,-0.1809,1.1081,4.863,-5.283,-8.738
7316162,1959,1917,1895,0.2169,-0.1825,1.1165,5.889,-5.352,-8.103
7316172,1812,1889,1905,0.2200,-0.1855,1.1248,6.779,-5.289,-7.506
7316182,1801,1914,1886,0.2214,-0.1856,1.1310,7.760,-4.980,-6.835
7316192,1783,1897,1901,0.2215,-0.1814,1.1321,8.490,-4.425,-6.065
7316202,1910,1924,1887,0.2188,-0.1731,1.1296,8.982,-3.746,-5.272
7316212,1789,1900,1910,0.2147,-0.1640,1.1234,9.286,-3.127,-4.607
7316222,1986,1927,1895,0.2096,-0.1550,1.1178,9.538,-2.637,-4.140
7316232,1784,1901,1885,0.2071,-0.1465,1.1113,9.965,-2.433,-3.883
7316242,1801,1927,1896,0.2053,-0.1399,1.1077,10.830,-2.461,-3.835
7316252,1792,1921,1895,0.2046,-0.1350,1.1063,12.101,-2.683,-3.914
7316262,1805,1919,1890,0.2049,-0.1276,1.1093,13.599,-2.982,-4.036
7316272,1771,1908,1908,0.2052,-0.1167,1.1175,15.054,-3.335,-4.177
7316282,2172,1942,1887,0.2073,-0.1063,1.1259,16.116,-3.561,-4.432
7316292,1814,1889,1893,0.2088,-0.0989,1.1303,16.533,-3.662,-4.727
7316302,1975,1941,1918,0.2106,-0.0921,1.1275,16.276,-3.611,-4.924
7316312,1772,1887,1892,0.2116,-0.0866,1.1252,15.489,-3.625,-5.020
7316322,1813,1897,1931,0.2142,-0.0870,1.1186,14.319,-3.658,-5.159
7316332,1776,1886,1903,0.2159,-0.0862,1.1144,13.064,-3.720,-5.416
7316342,1897,1945,1898,0.2158,-0.0893,1.1101,12.157,-3.908,-5.765
7316352,1771,1890,1892,0.2156,-0.0931,1.1075,11.821,-3.967,-6.157
7316362,1774,1903,1890,0.2171,-0.0937,1.1122,12.148,-4.173,-6.518
7316372,1809,1885,1894,0.2197,-0.0946,1.1161,12.992,-4.335,-6.857
7316382,1778,1915,1890,0.2220,-0.0957,1.1201,14.161,-4.356,-7.188
7316392,1926,1902,1889,0.2234,-0.0961,1.1250,15.545,-4.294,-7.485
7316402,1784,1930,1888,0.2246,-0.0957,1.1245,16.997,-4.051,-7.704
7316412,1848,1887,1897,0.2242,-0.0925,1.1256,18.554,-3.709,-7.818
7316422,1773,1905,1886,0.2247,-0.0924,1.1208,20.212,-3.269,-7.893
7316432,1774,1885,1933,0.2189,-0.0878,1.1329,22.230,-3.023,-7.864
7316442,1814,1928,1885,0.2138,-0.0772,1.1304,23.713,-2.665,-7.752
7316452,1775,1886,1898,0.2125,-0.0609,1.1200,24.938,-1.925,-7.560
7316462,1809,1925,1890,0.2148,-0.0500,1.1278,25.328,-1.890,-7.499
7316472,1775,1886,1916,0.2178,-0.0449,1.1307,25.238,-1.783,-7.561
7316482,1839,1917,1923,0.2202,-0.0377,1.1350,24.849,-1.647,-7.565
7316492,1774,1891,1916,0.2206,-0.0307,1.1337,24.222,-1.481,-7.491
7316502,1792,1894,1887,0.2186,-0.0226,1.1348,23.452,-1.376,-7.369
7316512,1805,1890,1928,0.2186,-0.0150,1.1336,22.494,-1.443,-7.326
7316522,1811,1899,1885,0.2138,-0.0211,1.1384,21.518,-1.566,-7.405
7316532,1795,1894,1908,0.2147,-0.0199,1.1459,20.772,-1.799,-7.300
7316542,1778,1891,1886,0.2153,-0.0125,1.1424,19.851,-1.677,-6.878
7316552,1776,1889,1897,0.2169,-0.0051,1.1512,18.445,-1.917,-6.345
7316562,1809,1919,1887,0.2195,-0.0066,1.1493,16.436,-1.892,-5.943
7316572,1777,1887,1890,0.2227,-0.0114,1.1485,14.159,-1.695,-5.631
7316582,1797,1902,1894,0.2228,-0.0127,1.1425,11.977,-1.441,-5.253
7316592,1778,1887,1891,0.2213,-0.0125,1.1352,10.205,-1.076,-4.828
7316602,1773,1889,1891,0.2182,-0.0108,1.1342,9.099,-0.898,-4.440
7316612,1802,1895,1906,0.2164,-0.0079,1.1320,8.703,-0.830,-4.170
7316622,1806,1898,1897,0.2172,-0.0065,1.1304,8.854,-0.807,-4.014
7316632,1866,1886,1916,0.2191,-0.0062,1.1267,9.285,-0.677,-3.949
7316642,1807,1899,1893,0.2203,-0.0066,1.1315,9.788,-0.662,-3.936
7316652,1774,1886,1903,0.2202,-0.0063,1.1318,10.243,-0.602,-3.879
7316662,2128,2044,1940,0.2214,-0.0024,1.1289,10.541,-0.408,-3.720
7316672,1776,1888,1889,0.2253,0.0035,1.1274,10.699,-0.404,-3.539
7316682,1776,1912,1892,0.2282,0.0088,1.1255,10.870,-0.527,-3.454
7316692,1792,1888,1890,0.2189,0.0044,1.1336,11.240,-0.621,-3.499
7316702,1791,1892,1931,0.2149,0.0063,1.1373,11.743,-0.674,-3.491
7316712,1780,1890,1951,0.2151,0.0148,1.1296,12.076,-0.305,-3.332
7316722,1788,1968,1914,0.2184,0.0233,1.1415,12.213,-0.613,-3.131
7316732,1777,1884,1902,0.2199,0.0265,1.1398,11.783,-0.740,-3.053
7316742,1782,1888,1891,0.2193,0.0313,1.1421,11.093,-0.751,-3.036
7316752,1775,1892,1891,0.2181,0.0383,1.1403,10.005,-0.989,-3.044
7316762,1774,1904,1919,0.2142,0.0409,1.1385,8.603,-1.182,-3.164
7316772,1780,1893,1886,0.2123,0.0408,1.1383,7.036,-1.556,-3.323
7316782,1791,1908,1895,0.2133,0.0396,1.1314,5.485,-1.681,-3.436
7316792,1837,1890,1902,0.2156,0.0355,1.1353,4.106,-2.010,-3.507
7316802,1785,1887,1893,0.2171,0.0329,1.1309,2.997,-2.166,-3.580
7316812,1779,1889,1911,0.2142,0.0273,1.1339,2.296,-2.168,-3.681
7316822,1803,1927,1891,0.2148,0.0250,1.1276,1.902,-2.179,-3.697
7316832,1931,1898,1934,0.2170,0.0249,1.1265,1.698,-2.027,-3.578
7316842,1798,1901,1887,0.2213,0.0230,1.1362,1.422,-2.298,-3.410
7316852,1777,1886,1900,0.2230,0.0212,1.1329,1.187,-2.073,-3.235
7316862,1939,1902,1890,0.2233,0.0229,1.1312,1.019,-1.815,-3.034
7316872,1776,1887,1921,0.2237,0.0282,1.1236,1.051,-1.565,-2.859
7316882,1801,1889,1888,0.2238,0.0288,1.1230,1.372,-1.523,-2.843
7316892,1780,1888,1916,0.2227,0.0270,1.1269,2.024,-1.685,-2.893
7316902,1803,1907,1892,0.2217,0.0287,1.1246,2.919,-1.555,-2.832
7316912,1777,1884,1906,0.2232,0.0354,1.1268,3.434,-1.619,-2.665
7316922,1839,1911,1891,0.2240,0.0389,1.1237,3.505,-1.585,-2.638
7316932,1777,1887,1918,0.2208,0.0389,1.1283,3.342,-1.552,-2.637
7316942,1807,1909,1916,0.2201,0.0414,1.1222,3.020,-1.331,-2.514
7316952,1871,1887,1886,0.2221,0.0454,1.1264,2.403,-1.251,-2.349
7316962,1780,1935,1917,0.2210,0.0430,1.1314,1.627,-1.420,-2.261
7316972,1806,1885,1902,0.2200,0.0399,1.1315,0.893,-1.267,-2.216
7316982,1877,1921,1889,0.2196,0.0383,1.1305,0.161,-1.184,-2.173
7316992,1983,1905,1889,0.2195,0.0359,1.1315,-0.485,-1.196,-2.181
7317002,1777,1902,1893,0.2198,0.0321,1.1319,-0.977,-1.261,-2.226
7317012,1776,1895,1886,0.2194,0.0301,1.1267,-1.171,-1.175,-2.217
7317022,1792,1917,1886,0.2188,0.0294,1.1262,-1.083,-1.135,-2.157
7317032,2012,1905,1927,0.2180,0.0289,1.1261,-0.789,-1.117,-2.109
7317042,1792,1887,1916,0.2185,0.0291,1.1258,-0.406,-1.044,-2.050
7317052,1949,1893,1889,0.2190,0.0303,1.1263,-0.005,-0.992,-1.975
7317062,1797,1892,1890,0.2193,0.0321,1.1263,0.362,-0.914,-1.893
7317072,1780,1887,1904,0.2192,0.0333,1.1252,0.660,-0.847,-1.824
7317082,1776,1886,1894,0.2194,0.0338,1.1249,0.912,-0.797,-1.763
7317092,1912,1896,1889,0.2201,0.0343,1.1249,1.182,-0.747,-1.669
7317102,1789,1903,1890,0.2209,0.0359,1.1241,1.443,-0.674,-1.506
7317112,1803,1887,1904,0.2214,0.0383,1.1240,1.641,-0.629,-1.298
7317122,1787,1899,1896,0.2218,0.0402,1.1248,1.764,-0.599,-1.082
7317132,1776,1889,1906,0.2212,0.0416,1.1240,1.797,-0.537,-0.897
7317142,1796,1894,1888,0.2214,0.0426,1.1252,1.777,-0.516,-0.720
7317152,1821,1886,1928,0.2212,0.0423,1.1265,1.737,-0.542,-0.503
7317162,1776,1887,1891,0.2202,0.0415,1.1288,1.642,-0.612,-0.260
7317172,1777,1884,1891,0.2204,0.0418,1.1298,1.487,-0.675,0.001
7317182,1775,1897,1885,0.2208,0.0407,1.1300,1.293,-0.735,0.245
7317192,1781,1887,1925,0.2204,0.0403,1.1283,1.078,-0.756,0.489
7317202,1822,1918,1886,0.2199,0.0411,1.1285,0.906,-0.799,0.733
7317212,1790,1886,1919,0.2194,0.0415,1.1268,0.817,-0.809,0.948
7317222,1782,1904,1886,0.2191,0.0424,1.1263,0.818,-0.779,1.119
7317232,1780,1892,1895,0.2195,0.0427,1.1250,0.871,-0.751,1.254
7317242,1950,1941,1895,0.2196,0.0423,1.1251,0.910,-0.724,1.336
7317252,1776,1889,1889,0.2192,0.0415,1.1242,0.921,-0.710,1.363
7317262,1820,1901,1890,0.2193,0.0403,1.1245,0.854,-0.701,1.332
7317272,1787,1887,1904,0.2201,0.0385,1.1270,0.731,-0.678,1.276
7317282,1829,1908,1889,0.2196,0.0374,1.1262,0.580,-0.618,1.186
7317292,1866,1922,1963,0.2187,0.0372,1.1261,0.463,-0.575,1.037
7317302,1838,1921,1901,0.2186,0.0366,1.1239,0.402,-0.514,0.856
7317312,1777,1885,1902,0.2196,0.0354,1.1241,0.475,-0.463,0.625
7317322,1811,1930,1888,0.2199,0.0337,1.1249,0.662,-0.420,0.386
7317332,1781,1889,1928,0.2204,0.0339,1.1238,0.929,-0.307,0.154
7317342,1810,1910,1893,0.2190,0.0354,1.1231,1.214,-0.153,-0.041
7317352,1800,1885,1892,0.2176,0.0379,1.1236,1.554,-0.058,-0.241
7317362,1851,1918,1888,0.2175,0.0389,1.1252,1.966,-0.009,-0.469
7317372,1802,1910,1917,0.2175,0.0394,1.1269,2.384,-0.009,-0.690
7317382,1831,1898,1886,0.2177,0.0419,1.1290,2.618,0.026,-0.878
7317392,1788,1885,1887,0.2179,0.0434,1.1278,2.619,0.129,-1.068
7317402,1922,1909,1888,0.2179,0.0447,1.1262,2.373,0.156,-1.228
7317412,1779,1893,1906,0.2173,0.0457,1.1263,2.093,0.160,-1.352
7317422,1824,1900,1940,0.2160,0.0461,1.1271,1.809,0.164,-1.448
7317432,1794,1886,1905,0.2145,0.0463,1.1257,1.641,0.203,-1.551
7317442,1815,1918,1891,0.2130,0.0461,1.1267,1.581,0.192,-1.671
7317452,1790,1892,1891,0.2125,0.0456,1.1271,1.664,0.105,-1.818
7317462,1801,1904,1897,0.2135,0.0453,1.1278,1.817,0.022,-1.960
7317472,1834,1911,1960,0.2146,0.0450,1.1299,2.015,-0.066,-2.087
7317482,1898,1905,1969,0.2154,0.0442,1.1312,2.161,-0.139,-2.164
7317492,1793,1886,1926,0.2153,0.0452,1.1298,2.227,-0.175,-2.206
7317502,1803,1891,1890,0.2138,0.0464,1.1291,2.221,-0.236,-2.240
7317512,1782,1896,1890,0.2125,0.0470,1.1286,2.204,-0.329,-2.289
7317522,1792,1901,1973,0.2130,0.0469,1.1289,2.205,-0.401,-2.335
7317532,1837,1901,1906,0.2131,0.0475,1.1293,2.234,-0.469,-2.360
7317542,1824,1906,1896,0.2142,0.0484,1.1293,2.262,-0.549,-2.355
7317552,1949,1893,1898,0.2140,0.0495,1.1291,2.307,-0.574,-2.295
7317562,1799,1902,1889,0.2143,0.0519,1.1300,2.367,-0.589,-2.188
7317572,1778,1890,1901,0.2143,0.0535,1.1288,2.400,-0.600,-2.044
7317582,1819,1916,1895,0.2146,0.0554,1.1278,2.397,-0.600,-1.834
7317592,1811,1886,1949,0.2142,0.0561,1.1284,2.352,-0.646,-1.580
7317602,1786,1899,1920,0.2141,0.0580,1.1304,2.249,-0.720,-1.302
7317612,1789,1886,1929,0.2140,0.0593,1.1296,2.021,-0.766,-1.007
7317622,1794,1912,1891,0.2140,0.0600,1.1304,1.656,-0.849,-0.698
7317632,1789,1887,1897,0.2143,0.0597,1.1295,1.159,-0.963,-0.394
7317642,1803,1914,1889,0.2136,0.0593,1.1305,0.637,-1.058,-0.100
7317652,1808,1887,1903,0.2130,0.0586,1.1302,0.174,-1.164,0.184
7317662,1782,1891,1904,0.2139,0.0573,1.1310,-0.150,-1.300,0.457
7317672,1781,1891,1899,0.2146,0.0568,1.1312,-0.359,-1.415,0.748
7317682,1803,1920,1899,0.2150,0.0567,1.1295,-0.475,-1.480,1.044
7317692,1873,1887,1888,0.2154,0.0565,1.1289,-0.557,-1.530,1.334
7317702,1809,1908,1930,0.2162,0.0569,1.1288,-0.654,-1.558,1.583
7317712,1782,1890,1887,0.2172,0.0564,1.1278,-0.794,-1.559,1.809
7317722,1785,1896,1950,0.2165,0.0558,1.1259,-0.961,-1.544,1.997
7317732,1781,1888,1924,0.2170,0.0559,1.1261,-1.117,-1.491,2.150
7317742,1867,1915,1890,0.2172,0.0544,1.1268,-1.272,-1.429,2.247
7317752,1784,1890,1898,0.2171,0.0525,1.1264,-1.409,-1.334,2.292
7317762,1807,1904,1890,0.2178,0.0508,1.1250,-1.528,-1.193,2.310
7317772,1783,1889,1901,0.2187,0.0501,1.1255,-1.573,-1.006,2.297
7317782,1804,1932,1912,0.2184,0.0480,1.1242,-1.500,-0.788,2.242
7317792,1806,1889,1898,0.2184,0.0473,1.1244,-1.275,-0.552,2.162
7317802,1794,1904,1891,0.2177,0.0475,1.1243,-0.899,-0.308,2.045
7317812,1839,1897,1890,0.2184,0.0459,1.1267,-0.494,-0.092,1.858
7317822,1795,1902,1887,0.2177,0.0454,1.1271,-0.103,0.098,1.627
7317832,1780,1885,1887,0.2166,0.0443,1.1261,0.235,0.317,1.387
7317842,1809,1900,1888,0.2159,0.0447,1.1258,0.509,0.523,1.126
7317852,1796,1901,1896,0.2151,0.0453,1.1259,0.758,0.667,0.851
7317862,1820,1917,1888,0.2146,0.0448,1.1257,1.035,0.728,0.566
7317872,1808,1897,1894,0.2145,0.0450,1.1266,1.351,0.763,0.291
7317882,1805,1896,1888,0.2143,0.0454,1.1257,1.656,0.802,0.043
7317892,1786,1890,1907,0.2130,0.0478,1.1241,1.934,0.850,-0.170
7317902,2078,1930,1906,0.2118,0.0503,1.1255,2.209,0.819,-0.391
