1703662,1871,1911,1878,0.7832,-0.4342,0.6078,-2.769,0.666,-0.675
1703672,1901,1903,1902,0.7829,-0.4352,0.6069,-2.859,0.727,-0.574
1703682,1872,1920,2136,0.7829,-0.4354,0.6047,-2.886,0.803,-0.479
1703692,1911,1906,1898,0.7825,-0.4358,0.6054,-2.856,0.820,-0.376
1703702,1899,1917,1938,0.7829,-0.4368,0.6069,-2.775,0.788,-0.285
1703712,1922,1926,2006,0.7819,-0.4391,0.6069,-2.647,0.728,-0.192
1703722,1873,1922,1937,0.7806,-0.4410,0.6062,-2.507,0.621,-0.088
1703732,1897,1904,1861,0.7810,-0.4419,0.6086,-2.345,0.531,0.052
1703742,1873,1918,1848,0.7805,-0.4431,0.6091,-2.188,0.460,0.231
1703752,1929,1910,1874,0.7805,-0.4443,0.6098,-1.977,0.425,0.391
1703762,1876,1917,1911,0.7803,-0.4447,0.6115,-1.694,0.377,0.512
1703772,1913,1925,2044,0.7797,-0.4452,0.6111,-1.365,0.343,0.634
1703782,1869,1927,1842,0.7789,-0.4441,0.6124,-1.016,0.335,0.747
1703792,1900,1913,1851,0.7789,-0.4425,0.6136,-0.647,0.341,0.839
1703802,1879,1931,1861,0.7789,-0.4417,0.6136,-0.295,0.364,0.906
1703812,1910,1904,1924,0.7779,-0.4401,0.6157,-0.009,0.389,0.943
1703822,1879,1908,1841,0.7783,-0.4383,0.6160,0.194,0.431,0.973
1703832,1926,1907,1858,0.7783,-0.4376,0.6149,0.302,0.479,1.009
1703842,1894,1903,2259,0.7785,-0.4373,0.6139,0.289,0.527,1.047
1703852,1929,1904,1875,0.7793,-0.4364,0.6133,0.176,0.549,1.086
1703862,1906,1903,1859,0.7803,-0.4363,0.6137,-0.023,0.580,1.130
1703872,1915,1904,1928,0.7812,-0.4361,0.6142,-0.270,0.634,1.165
1703882,1881,1914,1865,0.7825,-0.4360,0.6118,-0.517,0.677,1.184
1703892,1966,1904,1875,0.7829,-0.4359,0.6097,-0.730,0.742,1.184
1703902,1893,1916,1872,0.7830,-0.4364,0.6076,-0.869,0.814,1.156
1703912,1928,1914,1906,0.7829,-0.4367,0.6049,-0.909,0.876,1.103
1703922,1903,1904,1953,0.7829,-0.4363,0.6038,-0.842,0.921,1.046
1703932,1922,1907,1880,0.7825,-0.4364,0.6031,-0.729,0.911,1.014
1703942,1883,1920,1925,0.7835,-0.4361,0.6028,-0.641,0.847,0.985
1703952,1978,1904,2036,0.7843,-0.4362,0.6033,-0.621,0.776,0.959
1703962,1901,1917,1992,0.7848,-0.4360,0.6039,-0.666,0.722,0.950
1703972,1945,1905,1842,0.7856,-0.4369,0.6041,-0.725,0.703,0.956
1703982,1896,1912,1864,0.7859,-0.4367,0.6045,-0.756,0.682,0.946
1703992,1913,1908,1850,0.7863,-0.4374,0.6042,-0.723,0.639,0.923
1704002,1909,1911,1847,0.7852,-0.4368,0.6035,-0.628,0.587,0.885
1704012,1935,1906,1856,0.7852,-0.4361,0.6038,-0.497,0.531,0.830
1704022,1875,1938,2183,0.7851,-0.4359,0.6045,-0.352,0.478,0.769
1704032,1960,1918,2041,0.7851,-0.4357,0.6057,-0.255,0.467,0.709
1704042,1877,1918,1840,0.7849,-0.4352,0.6060,-0.198,0.489,0.660
1704052,1937,1907,1881,0.7846,-0.4349,0.6060,-0.257,0.527,0.616
1704062,1873,1931,1853,0.7842,-0.4356,0.6064,-0.377,0.598,0.615
1704072,1930,1906,1909,0.7846,-0.4355,0.6062,-0.568,0.676,0.620
1704082,1887,1910,1921,0.7831,-0.4353,0.6049,-0.780,0.723,0.612
1704092,1928,1904,2003,0.7829,-0.4363,0.6045,-1.008,0.696,0.571
1704102,1870,1926,1966,0.7831,-0.4378,0.6058,-1.231,0.634,0.487
1704112,1884,1905,1850,0.7829,-0.4392,0.6055,-1.416,0.549,0.391
1704122,1866,1927,2075,0.7824,-0.4394,0.6063,-1.555,0.467,0.305
1704132,1943,1905,1840,0.7820,-0.4400,0.6079,-1.629,0.386,0.235
1704142,1872,1922,1932,0.7819,-0.4410,0.6088,-1.638,0.331,0.170
1704152,1914,1905,1860,0.7821,-0.4415,0.6100,-1.607,0.302,0.104
1704162,1873,1910,1873,0.7807,-0.4414,0.6095,-1.502,0.294,0.037
1704172,1892,1904,1870,0.7803,-0.4407,0.6095,-1.324,0.309,-0.027
1704182,1877,1911,1923,0.7802,-0.4402,0.6092,-1.110,0.289,-0.089
1704192,1911,1906,1868,0.7797,-0.4398,0.6104,-0.901,0.250,-0.126
1704202,1871,1917,1943,0.7791,-0.4392,0.6118,-0.758,0.206,-0.147
1704212,1915,1906,1886,0.7792,-0.4380,0.6115,-0.686,0.153,-0.165
1704222,1869,1910,1897,0.7795,-0.4371,0.6115,-0.652,0.086,-0.150
1704232,1911,1905,1862,0.7802,-0.4371,0.6115,-0.665,0.004,-0.103
1704242,1871,1925,2314,0.7805,-0.4376,0.6114,-0.738,-0.064,-0.037
1704252,1940,1901,1855,0.7798,-0.4389,0.6107,-0.803,-0.090,0.024
1704262,1870,1907,1965,0.7793,-0.4403,0.6102,-0.797,-0.111,0.098
1704272,1949,1926,2077,0.7796,-0.4413,0.6108,-0.698,-0.173,0.184
1704282,1867,1910,1957,0.7792,-0.4413,0.6114,-0.429,-0.326,0.289
1704292,1891,1905,1843,0.7793,-0.4415,0.6115,-0.145,-0.446,0.366
1704302,1871,1910,1863,0.7797,-0.4412,0.6115,0.099,-0.589,0.433
1704312,1900,1915,2107,0.7788,-0.4405,0.6101,0.324,-0.724,0.520
1704322,1878,1910,1842,0.7781,-0.4413,0.6119,0.512,-0.855,0.609
1704332,1897,1904,1888,0.7784,-0.4412,0.6118,0.676,-0.983,0.717
1704342,1869,1914,1923,0.7781,-0.4402,0.6124,0.803,-1.064,0.824
1704352,1963,1906,1846,0.7779,-0.4397,0.6123,0.914,-1.133,0.902
1704362,1872,1904,1846,0.7775,-0.4406,0.6142,1.005,-1.199,0.957
1704372,1915,1909,2128,0.7785,-0.4415,0.6170,1.080,-1.278,0.988
1704382,1874,1910,1906,0.7795,-0.4419,0.6178,1.091,-1.321,1.018
1704392,1886,1915,2050,0.7796,-0.4421,0.6178,1.104,-1.293,1.040
1704402,1874,1918,2095,0.7789,-0.4425,0.6172,1.129,-1.248,1.044
1704412,1925,1903,1872,0.7793,-0.4420,0.6162,1.141,-1.238,1.046
1704422,1874,1928,1979,0.7792,-0.4421,0.6141,1.146,-1.212,1.054
1704432,1927,1905,1894,0.7782,-0.4422,0.6136,1.154,-1.189,1.079
1704442,1899,1904,1922,0.7787,-0.4420,0.6119,1.162,-1.139,1.105
1704452,1913,1905,1845,0.7788,-0.4424,0.6109,1.134,-1.085,1.119
1704462,1871,1925,2000,0.7793,-0.4426,0.6099,1.097,-1.031,1.116
1704472,1968,1906,2103,0.7796,-0.4430,0.6083,1.073,-0.943,1.108
1704482,1868,1913,1879,0.7798,-0.4445,0.6087,1.068,-0.910,1.106
1704492,1869,1906,1859,0.7798,-0.4447,0.6057,1.102,-0.860,1.128
1704502,1869,1918,1841,0.7798,-0.4443,0.6054,1.142,-0.844,1.175
1704512,1900,1904,1949,0.7795,-0.4443,0.6055,1.186,-0.856,1.218
1704522,1873,1927,1862,0.7802,-0.4448,0.6062,1.219,-0.852,1.248
1704532,1874,1908,1859,0.7809,-0.4454,0.6055,1.211,-0.863,1.264
1704542,1876,1907,1960,0.7812,-0.4466,0.6040,1.225,-0.847,1.284
1704552,1907,1905,1844,0.7812,-0.4470,0.6039,1.266,-0.851,1.308
1704562,1868,1919,1883,0.7816,-0.4473,0.6037,1.373,-0.849,1.341
1704572,1949,1911,1892,0.7808,-0.4481,0.6029,1.545,-0.830,1.352
1704582,1872,1909,1932,0.7800,-0.4486,0.6032,1.817,-0.839,1.344
1704592,1916,1906,2393,0.7803,-0.4481,0.6042,2.174,-0.862,1.344
1704602,1873,1909,1846,0.7797,-0.4473,0.6062,2.531,-0.860,1.385
1704612,1891,1907,1846,0.7796,-0.4470,0.6081,2.833,-0.852,1.429
1704622,1874,1913,1933,0.7791,-0.4460,0.6094,3.049,-0.813,1.483
1704632,1904,1905,1919,0.7789,-0.4443,0.6083,3.163,-0.760,1.532
1704642,1869,1916,1898,0.7785,-0.4426,0.6093,3.177,-0.711,1.564
1704652,1935,1910,1918,0.7779,-0.4417,0.6089,3.089,-0.649,1.587
1704662,1868,1906,1854,0.7781,-0.4422,0.6086,2.932,-0.579,1.638
1704672,1935,1906,1853,0.7787,-0.4432,0.6084,2.711,-0.516,1.690
1704682,1871,1907,2131,0.7778,-0.4447,0.6058,2.495,-0.455,1.781
1704692,1872,1905,1874,0.7783,-0.4452,0.6064,2.307,-0.452,1.895
1704702,1865,1919,2077,0.7789,-0.4466,0.6077,2.152,-0.497,1.997
1704712,1896,1910,1857,0.7786,-0.4481,0.6087,2.097,-0.567,2.063
1704722,1869,1922,1893,0.7786,-0.4485,0.6089,2.202,-0.632,2.093
1704732,1900,1906,1900,0.7790,-0.4489,0.6104,2.501,-0.716,2.111
1704742,1871,1909,1900,0.7787,-0.4491,0.6120,2.990,-0.809,2.132
1704752,1913,1905,1845,0.7787,-0.4481,0.6122,3.601,-0.888,2.145
1704762,1877,1914,1925,0.7782,-0.4468,0.6142,4.269,-0.949,2.146
1704772,1913,1904,1876,0.7780,-0.4455,0.6146,4.913,-1.003,2.151
1704782,1880,1906,2001,0.7767,-0.4437,0.6165,5.433,-1.021,2.175
1704792,1946,1904,1848,0.7759,-0.4422,0.6174,5.751,-1.027,2.230
1704802,1883,1906,1889,0.7757,-0.4403,0.6179,5.843,-1.032,2.297
1704812,1897,1904,1842,0.7743,-0.4378,0.6169,5.756,-1.014,2.375
1704822,1888,1905,2005,0.7743,-0.4369,0.6180,5.513,-1.016,2.447
1704832,1917,1903,2059,0.7743,-0.4366,0.6180,5.147,-1.007,2.527
1704842,1872,1915,1905,0.7747,-0.4372,0.6178,4.726,-0.984,2.609
1704852,1900,1905,2202,0.7755,-0.4381,0.6181,4.264,-0.947,2.696
1704862,1874,1924,1876,0.7771,-0.4390,0.6171,3.863,-0.889,2.771
1704872,1886,1904,1871,0.7776,-0.4397,0.6167,3.574,-0.810,2.856
1704882,1869,1906,1861,0.7776,-0.4400,0.6153,3.417,-0.736,2.908
1704892,1879,1905,2015,0.7776,-0.4399,0.6139,3.431,-0.640,2.877
1704902,1877,1915,1878,0.7775,-0.4377,0.6137,3.581,-0.596,2.771
1704912,1876,1906,1937,0.7785,-0.4346,0.6131,3.902,-0.528,2.555
1704922,1871,1922,2030,0.7789,-0.4313,0.6144,4.303,-0.483,2.209
1704932,1878,1919,1855,0.7810,-0.4287,0.6162,4.703,-0.389,1.761
1704942,1869,1910,1873,0.7838,-0.4228,0.6187,5.003,-0.170,1.281
1704952,1882,1903,1881,0.7868,-0.4202,0.6204,5.063,0.018,0.800
1704962,1896,1913,1866,0.7883,-0.4183,0.6184,4.926,0.343,0.341
1704972,1870,1904,1988,0.7883,-0.4167,0.6168,4.531,0.625,-0.030
1704982,1869,1905,1884,0.7891,-0.4158,0.6141,3.849,0.821,-0.271
1704992,1877,1905,1847,0.7887,-0.4156,0.6123,2.949,0.967,-0.393
1705002,1867,1920,1847,0.7881,-0.4174,0.6096,1.914,1.014,-0.429
1705012,1873,1906,1946,0.7878,-0.4172,0.6079,0.879,0.982,-0.399
1705022,1866,1922,2057,0.7877,-0.4179,0.6076,-0.064,0.887,-0.356
1705032,1881,1904,1850,0.7874,-0.4178,0.6066,-0.768,0.803,-0.345
1705042,1872,1924,1981,0.7872,-0.4177,0.6082,-1.169,0.741,-0.384
1705052,1878,1906,1911,0.7876,-0.4186,0.6096,-1.278,0.704,-0.452
1705062,1864,1921,2127,0.7881,-0.4204,0.6129,-1.198,0.682,-0.542
1705072,1882,1904,1967,0.7883,-0.4203,0.6154,-1.069,0.657,-0.596
1705082,1881,1929,1894,0.7883,-0.4204,0.6168,-1.007,0.651,-0.580
1705092,1876,1905,1904,0.7874,-0.4206,0.6191,-1.180,0.639,-0.545
1705102,1916,1970,1889,0.7855,-0.4213,0.6187,-1.638,0.652,-0.522
1705112,1871,1905,1840,0.7837,-0.4214,0.6199,-2.315,0.678,-0.544
1705122,1869,1928,1902,0.7815,-0.4226,0.6212,-3.085,0.701,-0.616
1705132,1900,1905,1840,0.7798,-0.4244,0.6216,-3.800,0.760,-0.717
1705142,1871,1920,2258,0.7780,-0.4270,0.6214,-4.343,0.822,-0.838
1705152,1878,1906,1842,0.7761,-0.4301,0.6211,-4.612,0.895,-0.933
1705162,1871,1917,1878,0.7754,-0.4327,0.6210,-4.641,0.941,-1.006
1705172,1891,1909,1901,0.7749,-0.4341,0.6223,-4.483,0.947,-1.038
1705182,1873,1918,2147,0.7746,-0.4355,0.6242,-4.230,0.944,-1.055
1705192,1900,1904,2026,0.7743,-0.4356,0.6243,-4.000,0.930,-1.075
1705202,1869,1910,1986,0.7740,-0.4362,0.6256,-3.855,0.950,-1.113
1705212,1901,1904,1912,0.7733,-0.4360,0.6269,-3.816,0.982,-1.161
1705222,1872,1928,1841,0.7734,-0.4377,0.6276,-3.893,1.017,-1.210
1705232,1877,1907,1863,0.7734,-0.4394,0.6272,-4.057,1.024,-1.238
1705242,1885,1932,2140,0.7729,-0.4410,0.6266,-4.229,1.035,-1.247
1705252,1901,1906,1882,0.7717,-0.4425,0.6255,-4.360,1.021,-1.234
1705262,1872,1910,1939,0.7709,-0.4438,0.6250,-4.371,1.014,-1.200
1705272,1895,1915,1841,0.7705,-0.4454,0.6245,-4.210,1.019,-1.189
1705282,1872,1916,1954,0.7703,-0.4465,0.6239,-3.874,0.993,-1.185
1705292,1894,1904,1871,0.7706,-0.4468,0.6231,-3.390,0.984,-1.163
1705302,1875,1911,1843,0.7708,-0.4459,0.6211,-2.824,0.968,-1.083
1705312,1886,1910,1853,0.7707,-0.4447,0.6224,-2.302,0.909,-0.993
1705322,1874,1908,1872,0.7716,-0.4432,0.6227,-1.914,0.821,-0.928
1705332,1926,1915,2112,0.7732,-0.4423,0.6231,-1.686,0.706,-0.880
1705342,1919,1911,1871,0.7735,-0.4425,0.6234,-1.575,0.597,-0.850
1705352,1907,1906,1909,0.7745,-0.4429,0.6240,-1.536,0.487,-0.836
1705362,1927,1905,1985,0.7748,-0.4445,0.6249,-1.493,0.392,-0.854
1705372,1908,1906,1854,0.7754,-0.4455,0.6243,-1.361,0.335,-0.881
1705382,1876,1910,2220,0.7748,-0.4461,0.6236,-1.018,0.351,-0.923
1705392,1937,1916,1995,0.7754,-0.4462,0.6222,-0.450,0.388,-0.986
1705402,1884,1922,1921,0.7749,-0.4450,0.6216,0.319,0.415,-1.049
1705412,1907,1914,1856,0.7750,-0.4426,0.6206,1.171,0.404,-1.079
1705422,1869,1908,1971,0.7754,-0.4406,0.6210,1.974,0.403,-1.077
1705432,1906,1906,1905,0.7755,-0.4381,0.6202,2.660,0.425,-1.063
1705442,1905,1929,2062,0.7761,-0.4365,0.6208,3.182,0.441,-1.041
1705452,1892,1905,1855,0.7762,-0.4357,0.6228,3.521,0.436,-1.006
1705462,1877,1909,1970,0.7770,-0.4358,0.6220,3.729,0.479,-0.937
1705472,1905,1913,1925,0.7774,-0.4362,0.6225,3.857,0.503,-0.849
1705482,1894,1917,1875,0.7772,-0.4372,0.6216,3.925,0.554,-0.724
1705492,1888,1906,1871,0.7773,-0.4380,0.6221,4.043,0.604,-0.568
1705502,1900,1911,1857,0.7769,-0.4382,0.6218,4.175,0.607,-0.400
1705512,1908,1906,1912,0.7766,-0.4383,0.6201,4.357,0.613,-0.234
1705522,1885,1916,1917,0.7761,-0.4370,0.6208,4.534,0.555,-0.102
1705532,1918,1913,1850,0.7756,-0.4348,0.6208,4.696,0.510,0.011
1705542,1877,1921,2107,0.7746,-0.4338,0.6200,4.817,0.451,0.085
1705552,1894,1905,1852,0.7735,-0.4335,0.6195,4.850,0.406,0.134
1705562,1870,1908,1916,0.7727,-0.4325,0.6219,4.825,0.325,0.182
1705572,1899,1908,1849,0.7731,-0.4309,0.6229,4.690,0.224,0.243
1705582,1873,1904,1883,0.7742,-0.4300,0.6240,4.438,0.137,0.281
1705592,1898,1906,1873,0.7749,-0.4297,0.6259,4.058,0.046,0.324
1705602,1887,1904,1884,0.7754,-0.4289,0.6256,3.610,0.035,0.386
1705612,1874,1904,1861,0.7759,-0.4291,0.6263,3.122,0.082,0.434
1705622,1873,1909,1966,0.7751,-0.4295,0.6259,2.729,0.158,0.462
1705632,1872,1910,1883,0.7744,-0.4299,0.6266,2.444,0.209,0.511
1705642,1880,1907,1855,0.7742,-0.4299,0.6265,2.258,0.212,0.577
1705652,1898,1911,1841,0.7746,-0.4297,0.6267,2.142,0.199,0.655
1705662,1876,1904,1935,0.7746,-0.4288,0.6276,2.026,0.178,0.720
1705672,1917,1931,2044,0.7750,-0.4278,0.6282,1.860,0.182,0.754
1705682,1898,1909,1969,0.7752,-0.4282,0.6268,1.623,0.166,0.788
1705692,1880,1906,1888,0.7759,-0.4271,0.6270,1.338,0.136,0.826
1705702,1898,1916,1850,0.7748,-0.4263,0.6288,1.013,0.120,0.865
1705712,1880,1910,1858,0.7747,-0.4261,0.6299,0.648,0.129,0.900
1705722,1874,1907,1841,0.7749,-0.4253,0.6305,0.280,0.142,0.885
1705732,1873,1904,1920,0.7748,-0.4256,0.6307,-0.025,0.158,0.840
1705742,1880,1914,2043,0.7749,-0.4262,0.6302,-0.267,0.180,0.778
1705752,1873,1917,1895,0.7753,-0.4257,0.6296,-0.415,0.198,0.697
1705762,1908,1914,1973,0.7750,-0.4247,0.6302,-0.524,0.176,0.615
1705772,1897,1910,1872,0.7761,-0.4241,0.6309,-0.597,0.182,0.529
1705782,1899,1913,1863,0.7764,-0.4240,0.6308,-0.653,0.178,0.425
1705792,1876,1912,1894,0.7769,-0.4235,0.6307,-0.731,0.186,0.306
1705802,1884,1908,1880,0.7770,-0.4237,0.6305,-0.819,0.242,0.204
1705812,1883,1916,1844,0.7773,-0.4244,0.6311,-0.940,0.283,0.129
1705822,1913,1910,1998,0.7765,-0.4240,0.6304,-1.082,0.335,0.079
1705832,1880,1905,1863,0.7764,-0.4238,0.6307,-1.268,0.371,0.043
1705842,1907,1923,1907,0.7762,-0.4231,0.6295,-1.418,0.447,0.021
1705852,1879,1911,1873,0.7765,-0.4235,0.6295,-1.533,0.507,-0.023
1705862,1889,1911,1849,0.7767,-0.4239,0.6293,-1.635,0.554,-0.074
1705872,1885,1910,1884,0.7776,-0.4247,0.6305,-1.688,0.592,-0.117
1705882,1883,1907,1863,0.7766,-0.4257,0.6310,-1.739,0.605,-0.123
1705892,1881,1919,1877,0.7761,-0.4260,0.6311,-1.830,0.633,-0.109
1705902,1905,1906,1867,0.7755,-0.4266,0.6310,-1.999,0.662,-0.063
1705912,1891,1920,1840,0.7747,-0.4265,0.6304,-2.218,0.720,-0.020
1705922,1895,1904,1943,0.7732,-0.4278,0.6287,-2.409,0.794,0.003
1705932,1875,1917,1886,0.7733,-0.4295,0.6277,-2.541,0.842,-0.006
1705942,1903,1907,1909,0.7729,-0.4295,0.6268,-2.609,0.854,-0.028
1705952,1874,1913,2221,0.7733,-0.4299,0.6255,-2.621,0.820,-0.054
1705962,1891,1903,1904,0.7728,-0.4310,0.6266,-2.608,0.740,-0.098
1705972,1883,1907,2067,0.7740,-0.4322,0.6255,-2.545,0.666,-0.134
1705982,1904,1914,1887,0.7746,-0.4330,0.6274,-2.473,0.567,-0.162
1705992,1878,1914,1842,0.7739,-0.4346,0.6280,-2.387,0.515,-0.185
1706002,1902,1906,1854,0.7734,-0.4349,0.6275,-2.257,0.467,-0.195
1706012,1884,1907,1948,0.7729,-0.4345,0.6290,-2.071,0.391,-0.223
1706022,1923,1921,1841,0.7728,-0.4345,0.6306,-1.841,0.329,-0.266
1706032,1881,1914,1867,0.7730,-0.4344,0.6319,-1.600,0.266,-0.310
1706042,1902,1905,1864,0.7719,-0.4346,0.6319,-1.369,0.265,-0.340
1706052,1893,1914,2032,0.7706,-0.4349,0.6316,-1.177,0.281,-0.344
1706062,1925,1907,1895,0.7696,-0.4349,0.6311,-1.011,0.282,-0.319
1706072,1886,1925,1889,0.7706,-0.4349,0.6314,-0.887,0.232,-0.277
1706082,1887,1905,1981,0.7708,-0.4343,0.6307,-0.814,0.175,-0.211
1706092,1914,1904,1856,0.7718,-0.4339,0.6311,-0.763,0.156,-0.106
1706102,1895,1908,1855,0.7724,-0.4341,0.6316,-0.726,0.145,0.004
1706112,1893,1938,2099,0.7730,-0.4344,0.6313,-0.679,0.159,0.108
1706122,1907,1919,1888,0.7727,-0.4342,0.6321,-0.597,0.187,0.172
1706132,1884,1915,1844,0.7723,-0.4347,0.6313,-0.448,0.216,0.206
1706142,1887,1909,1952,0.7723,-0.4344,0.6311,-0.256,0.231,0.237
1706152,1886,1911,1862,0.7727,-0.4341,0.6313,-0.042,0.231,0.256
1706162,1888,1908,1952,0.7726,-0.4328,0.6301,0.189,0.251,0.297
1706172,1878,1911,1889,0.7732,-0.4318,0.6293,0.392,0.262,0.343
1706182,1884,1906,1941,0.7736,-0.4313,0.6279,0.536,0.252,0.352
1706192,1878,1924,2012,0.7738,-0.4296,0.6282,0.648,0.189,0.341
1706202,1897,1906,1889,0.7742,-0.4289,0.6287,0.695,0.103,0.309
1706212,1884,1934,1952,0.7743,-0.4297,0.6296,0.674,0.013,0.275
1706222,1910,1904,1933,0.7735,-0.4298,0.6297,0.603,-0.058,0.255
1706232,1880,1910,1975,0.7744,-0.4294,0.6308,0.517,-0.138,0.276
1706242,1911,1907,2166,0.7741,-0.4302,0.6300,0.415,-0.207,0.309
1706252,1887,1915,1898,0.7737,-0.4301,0.6288,0.360,-0.271,0.333
1706262,1890,1915,1865,0.7733,-0.4302,0.6293,0.344,-0.331,0.347
1706272,1882,1917,1841,0.7734,-0.4301,0.6285,0.383,-0.363,0.332
1706282,1913,1905,1931,0.7728,-0.4303,0.6288,0.500,-0.394,0.310
1706292,1893,1928,1949,0.7725,-0.4290,0.6282,0.673,-0.399,0.297
1706302,1911,1914,1883,0.7731,-0.4293,0.6287,0.854,-0.415,0.280
1706312,1876,1923,1950,0.7740,-0.4293,0.6293,0.954,-0.443,0.268
1706322,1894,1905,2033,0.7735,-0.4293,0.6296,0.975,-0.455,0.271
1706332,1880,1917,1847,0.7731,-0.4286,0.6285,0.908,-0.455,0.279
1706342,1884,1915,2098,0.7731,-0.4292,0.6274,0.793,-0.444,0.295
1706352,1875,1910,1841,0.7728,-0.4302,0.6265,0.652,-0.459,0.320
1706362,1889,1906,1894,0.7734,-0.4307,0.6264,0.518,-0.500,0.354
1706372,1886,1913,1846,0.7733,-0.4308,0.6274,0.397,-0.558,0.399
1706382,1885,1906,2017,0.7727,-0.4309,0.6304,0.331,-0.599,0.453
1706392,1873,1923,2047,0.7731,-0.4312,0.6307,0.337,-0.627,0.462
1706402,1877,1909,2032,0.7732,-0.4314,0.6301,0.433,-0.661,0.412
1706412,1882,1914,1907,0.7746,-0.4313,0.6308,0.587,-0.680,0.371
1706422,1913,1906,1978,0.7746,-0.4315,0.6307,0.741,-0.694,0.344
1706432,1876,1913,1951,0.7748,-0.4306,0.6325,0.856,-0.700,0.339
1706442,1899,1906,1847,0.7750,-0.4296,0.6311,0.918,-0.703,0.355
1706452,1870,1917,1845,0.7757,-0.4282,0.6308,0.926,-0.709,0.373
1706462,1917,1904,2047,0.7756,-0.4277,0.6303,0.853,-0.736,0.376
1706472,1877,1907,1905,0.7750,-0.4276,0.6289,0.717,-0.767,0.376
1706482,1884,1908,1901,0.7749,-0.4294,0.6290,0.534,-0.781,0.390
1706492,1876,1906,1868,0.7749,-0.4303,0.6286,0.379,-0.794,0.427
1706502,1904,1908,1840,0.7742,-0.4302,0.6277,0.316,-0.777,0.441
1706512,1877,1906,2052,0.7745,-0.4307,0.6271,0.367,-0.774,0.401
1706522,1918,1905,1866,0.7745,-0.4303,0.6262,0.565,-0.788,0.336
1706532,1871,1915,1839,0.7755,-0.4302,0.6282,0.833,-0.812,0.275
1706542,1892,1906,1926,0.7746,-0.4293,0.6300,1.104,-0.794,0.260
1706552,1877,1915,1855,0.7746,-0.4282,0.6309,1.332,-0.719,0.293
1706562,1896,1916,1873,0.7739,-0.4262,0.6314,1.459,-0.651,0.329
1706572,1873,1912,2051,0.7736,-0.4248,0.6316,1.458,-0.584,0.362
1706582,1893,1907,1906,0.7733,-0.4238,0.6315,1.303,-0.560,0.411
1706592,1870,1922,1856,0.7733,-0.4240,0.6323,1.010,-0.544,0.487
1706602,1928,1905,1867,0.7745,-0.4235,0.6319,0.618,-0.523,0.545
1706612,1875,1927,1886,0.7750,-0.4235,0.6327,0.199,-0.527,0.549
1706622,1890,1905,2177,0.7748,-0.4246,0.6313,-0.127,-0.520,0.493
1706632,1871,1916,1997,0.7761,-0.4250,0.6316,-0.288,-0.522,0.402
1706642,1885,1912,1938,0.7767,-0.4270,0.6326,-0.324,-0.529,0.324
1706652,1870,1920,1865,0.7766,-0.4277,0.6326,-0.266,-0.495,0.295
1706662,1914,1907,1940,0.7764,-0.4271,0.6333,-0.160,-0.446,0.306
1706672,1874,1923,1847,0.7761,-0.4268,0.6338,-0.008,-0.342,0.297
1706682,1909,1906,1935,0.7758,-0.4262,0.6336,0.166,-0.264,0.226
1706692,1872,1916,2047,0.7747,-0.4254,0.6343,0.305,-0.188,0.135
1706702,1916,1910,1850,0.7747,-0.4251,0.6334,0.399,-0.104,0.058
1706712,1869,1915,1842,0.7745,-0.4239,0.6319,0.380,-0.036,0.023
1706722,1886,1915,1904,0.7747,-0.4229,0.6303,0.256,0.044,0.029
1706732,1870,1921,1898,0.7743,-0.4227,0.6304,-0.000,0.095,0.048
1706742,1901,1906,1841,0.7736,-0.4245,0.6295,-0.367,0.133,0.067
1706752,1874,1959,2088,0.7735,-0.4256,0.6279,-0.783,0.197,0.086
1706762,1885,1905,1900,0.7738,-0.4273,0.6269,-1.166,0.237,0.152
1706772,1872,1906,1969,0.7745,-0.4288,0.6275,-1.501,0.259,0.256
1706782,1915,1904,1879,0.7743,-0.4303,0.6278,-1.754,0.246,0.353
1706792,1871,1925,1898,0.7742,-0.4326,0.6277,-1.851,0.231,0.411
1706802,1905,1904,2036,0.7738,-0.4351,0.6257,-1.723,0.240,0.417
1706812,1874,1905,1849,0.7733,-0.4364,0.6264,-1.385,0.227,0.398
1706822,1883,1906,1844,0.7740,-0.4368,0.6271,-0.846,0.161,0.404
1706832,1871,1912,1843,0.7746,-0.4357,0.6280,-0.227,0.079,0.428
1706842,1899,1910,1849,0.7744,-0.4350,0.6301,0.360,0.013,0.469
1706852,1873,1918,1841,0.7747,-0.4333,0.6309,0.860,-0.007,0.511
1706862,1916,1904,1988,0.7745,-0.4303,0.6323,1.188,-0.009,0.511
1706872,1878,1907,1890,0.7746,-0.4279,0.6344,1.316,-0.013,0.484
1706882,1955,1920,1912,0.7752,-0.4250,0.6360,1.208,-0.025,0.422
1706892,1868,1916,1840,0.7757,-0.4233,0.6370,0.902,0.003,0.363
1706902,1899,1907,1845,0.7765,-0.4211,0.6360,0.487,0.055,0.294
1706912,1894,1906,1888,0.7762,-0.4199,0.6354,-0.008,0.150,0.169
1706922,1917,1906,1851,0.7764,-0.4201,0.6343,-0.506,0.268,-0.008
1706932,1875,1917,1922,0.7763,-0.4214,0.6330,-0.943,0.386,-0.196
1706942,1914,1905,1839,0.7760,-0.4221,0.6308,-1.265,0.503,-0.329
1706952,1874,1922,1840,0.7762,-0.4221,0.6301,-1.493,0.572,-0.398
1706962,1901,1909,1980,0.7761,-0.4221,0.6276,-1.653,0.593,-0.444
1706972,1875,1924,1864,0.7758,-0.4216,0.6271,-1.793,0.600,-0.485
1706982,1904,1905,1856,0.7760,-0.4212,0.6267,-1.928,0.580,-0.540
1706992,1884,1915,1852,0.7764,-0.4217,0.6270,-2.132,0.536,-0.602
1707002,1913,1910,1871,0.7767,-0.4212,0.6265,-2.392,0.499,-0.663
1707012,1872,1921,1900,0.7772,-0.4208,0.6273,-2.650,0.491,-0.728
1707022,1893,1905,1843,0.7778,-0.4211,0.6277,-2.875,0.500,-0.820
1707032,1881,1909,1964,0.7783,-0.4229,0.6281,-3.080,0.523,-0.949
1707042,1905,1905,1936,0.7774,-0.4238,0.6291,-3.245,0.570,-1.076
1707052,1872,1919,1889,0.7769,-0.4251,0.6292,-3.352,0.614,-1.171
1707062,1901,1904,1905,0.7755,-0.4261,0.6294,-3.432,0.649,-1.257
1707072,1891,1921,1841,0.7756,-0.4275,0.6285,-3.508,0.637,-1.323
1707082,1934,1907,1843,0.7750,-0.4289,0.6291,-3.567,0.586,-1.372
1707092,1909,1908,1979,0.7747,-0.4311,0.6292,-3.566,0.512,-1.398
1707102,1900,1905,1850,0.7740,-0.4321,0.6283,-3.479,0.424,-1.413
1707112,1886,1927,1965,0.7744,-0.4333,0.6302,-3.248,0.289,-1.451
1707122,1932,1905,1970,0.7751,-0.4343,0.6306,-2.904,0.134,-1.540
1707132,1871,1935,2056,0.7755,-0.4348,0.6330,-2.486,-0.042,-1.618
1707142,1940,1904,1875,0.7754,-0.4322,0.6342,-2.012,-0.180,-1.676
1707152,1877,1934,2039,0.7755,-0.4310,0.6348,-1.589,-0.265,-1.767
1707162,1913,1921,1921,0.7758,-0.4294,0.6351,-1.299,-0.313,-1.922
1707172,1892,1917,1892,0.7757,-0.4272,0.6348,-1.199,-0.331,-2.103
1707182,1877,1915,1896,0.7759,-0.4264,0.6358,-1.301,-0.340,-2.290
1707192,1886,1926,1923,0.7756,-0.4265,0.6344,-1.584,-0.348,-2.429
1707202,1935,1904,1851,0.7755,-0.4281,0.6336,-1.977,-0.347,-2.510
1707212,1883,1927,1863,0.7743,-0.4292,0.6308,-2.450,-0.366,-2.541
1707222,1945,1905,1858,0.7730,-0.4313,0.6297,-2.850,-0.394,-2.492
1707232,1901,1937,2006,0.7726,-0.4343,0.6282,-3.122,-0.434,-2.381
1707242,1896,1904,1855,0.7722,-0.4353,0.6281,-3.184,-0.507,-2.182
1707252,1881,1919,1952,0.7712,-0.4366,0.6261,-3.024,-0.589,-1.918
1707262,2014,1912,2049,0.7700,-0.4379,0.6244,-2.655,-0.696,-1.655
1707272,1887,1925,1891,0.7703,-0.4389,0.6259,-2.127,-0.874,-1.373
1707282,1886,1923,2046,0.7707,-0.4388,0.6266,-1.489,-1.058,-1.109
1707292,1902,1921,1859,0.7721,-0.4388,0.6283,-0.785,-1.224,-0.907
1707302,1937,1904,1876,0.7721,-0.4381,0.6313,-0.055,-1.336,-0.759
1707312,1898,1916,1897,0.7710,-0.4366,0.6341,0.652,-1.388,-0.621
1707322,1939,1904,1840,0.7705,-0.4343,0.6333,1.258,-1.363,-0.506
1707332,1893,1916,1963,0.7709,-0.4320,0.6354,1.696,-1.344,-0.404
1707342,1918,1904,1841,0.7698,-0.4293,0.6342,1.923,-1.300,-0.297
1707352,1883,1921,1897,0.7700,-0.4277,0.6346,1.918,-1.254,-0.181
1707362,1907,1904,1841,0.7697,-0.4273,0.6341,1.676,-1.231,-0.069
1707372,1892,1914,1924,0.7693,-0.4280,0.6340,1.229,-1.212,0.050
1707382,1971,1956,2096,0.7705,-0.4299,0.6333,0.706,-1.214,0.201
1707392,1880,1914,1858,0.7725,-0.4322,0.6323,0.355,-1.256,0.365
1707402,1940,1905,1860,0.7738,-0.4352,0.6309,0.280,-1.355,0.512
1707412,1882,1912,1892,0.7750,-0.4367,0.6305,0.491,-1.441,0.628
1707422,1916,1905,1882,0.7746,-0.4366,0.6290,1.001,-1.464,0.682
1707432,1871,1914,1840,0.7744,-0.4359,0.6292,1.724,-1.465,0.679
1707442,1920,1907,1848,0.7750,-0.4341,0.6275,2.577,-1.439,0.651
1707452,1873,1920,2046,0.7753,-0.4325,0.6273,3.396,-1.421,0.609
1707462,1922,1906,1872,0.7761,-0.4296,0.6264,4.038,-1.413,0.579
1707472,1870,1954,2080,0.7773,-0.4267,0.6271,4.425,-1.423,0.562
1707482,1889,1905,1857,0.7784,-0.4250,0.6275,4.477,-1.426,0.564
1707492,1872,1919,2169,0.7792,-0.4228,0.6275,4.232,-1.405,0.571
1707502,1921,1903,1901,0.7796,-0.4208,0.6262,3.750,-1.357,0.554
1707512,1873,1906,1844,0.7804,-0.4191,0.6252,3.155,-1.308,0.515
1707522,1961,1906,1840,0.7813,-0.4174,0.6251,2.519,-1.267,0.478
1707532,1875,1922,1999,0.7818,-0.4165,0.6234,1.889,-1.220,0.431
1707542,1890,1905,1886,0.7830,-0.4158,0.6222,1.302,-1.148,0.335
1707552,1871,1915,1842,0.7838,-0.4159,0.6207,0.833,-1.055,0.195
1707562,1908,1904,1960,0.7845,-0.4163,0.6173,0.516,-0.922,0.048
1707572,1871,1927,1917,0.7855,-0.4164,0.6161,0.362,-0.813,-0.066
1707582,1898,1904,1850,0.7862,-0.4170,0.6153,0.315,-0.754,-0.121
1707592,1871,1919,1887,0.7869,-0.4166,0.6136,0.336,-0.726,-0.131
1707602,1931,1904,1906,0.7866,-0.4159,0.6152,0.324,-0.735,-0.126
1707612,1871,1921,1866,0.7864,-0.4150,0.6139,0.233,-0.760,-0.112
1707622,1917,1918,1894,0.7872,-0.4138,0.6139,0.055,-0.776,-0.109
1707632,1884,1916,2004,0.7874,-0.4133,0.6145,-0.177,-0.789,-0.106
1707642,1889,1908,1840,0.7875,-0.4128,0.6168,-0.432,-0.798,-0.101
1707652,1875,1938,2272,0.7868,-0.4129,0.6172,-0.705,-0.795,-0.098
1707662,1927,1905,2133,0.7867,-0.4137,0.6190,-0.926,-0.748,-0.085
1707672,1915,1913,1895,0.7857,-0.4137,0.6226,-1.103,-0.708,-0.078
1707682,1908,1904,1847,0.7851,-0.4144,0.6228,-1.215,-0.612,-0.127
1707692,1870,1922,1856,0.7845,-0.4147,0.6240,-1.259,-0.483,-0.205
1707702,1918,1904,1839,0.7854,-0.4150,0.6253,-1.287,-0.383,-0.311
1707712,1873,1916,1869,0.7847,-0.4154,0.6268,-1.299,-0.285,-0.414
1707722,1967,1934,1888,0.7841,-0.4153,0.6282,-1.363,-0.213,-0.496
1707732,1884,1920,1969,0.7835,-0.4148,0.6281,-1.537,-0.134,-0.577
1707742,1921,1909,1881,0.7833,-0.4141,0.6282,-1.890,-0.044,-0.666
1707752,1871,1911,1955,0.7834,-0.4140,0.6288,-2.387,0.031,-0.731
1707762,1880,1913,1897,0.7841,-0.4145,0.6292,-3.028,0.080,-0.775
1707772,1878,1906,1840,0.7845,-0.4147,0.6287,-3.745,0.150,-0.800
1707782,1923,1905,2054,0.7833,-0.4157,0.6283,-4.490,0.229,-0.817
1707792,1884,1907,1850,0.7832,-0.4162,0.6281,-5.191,0.322,-0.849
1707802,1908,1904,1885,0.7827,-0.4177,0.6268,-5.785,0.435,-0.930
1707812,1868,1911,1889,0.7822,-0.4203,0.6238,-6.194,0.544,-1.051
1707822,1907,1905,1897,0.7814,-0.4219,0.6216,-6.331,0.643,-1.172
1707832,1873,1908,1841,0.7813,-0.4236,0.6204,-6.223,0.708,-1.269
1707842,1902,1908,1865,0.7822,-0.4243,0.6197,-5.928,0.750,-1.350
1707852,1871,1913,1861,0.7834,-0.4242,0.6190,-5.537,0.768,-1.387
1707862,1902,1909,1985,0.7839,-0.4245,0.6181,-5.183,0.765,-1.407
1707872,1872,1923,2127,0.7833,-0.4234,0.6189,-4.932,0.745,-1.400
1707882,1952,1919,1998,0.7816,-0.4224,0.6181,-4.836,0.740,-1.368
1707892,1870,1907,1856,0.7812,-0.4218,0.6160,-4.915,0.725,-1.313
1707902,1910,1904,1855,0.7809,-0.4223,0.6146,-5.169,0.674,-1.221
1707912,1872,1918,1842,0.7813,-0.4224,0.6138,-5.563,0.602,-1.090
1707922,1888,1905,1844,0.7813,-0.4234,0.6129,-6.001,0.511,-0.938
1707932,1875,1913,2811,0.7811,-0.4245,0.6131,-6.435,0.374,-0.825
1707942,1933,1914,1939,0.7802,-0.4275,0.6139,-6.800,0.249,-0.752
1707952,1906,1917,1856,0.7806,-0.4326,0.6167,-6.992,0.136,-0.722
1707962,1913,1904,1843,0.7803,-0.4345,0.6176,-6.924,0.039,-0.695
1707972,1887,1908,2115,0.7790,-0.4387,0.6191,-6.549,-0.004,-0.726
1707982,1890,1906,1891,0.7782,-0.4398,0.6197,-5.837,-0.054,-0.706
1707992,1872,1909,1868,0.7781,-0.4412,0.6203,-4.942,-0.101,-0.672
1708002,1893,1903,1908,0.7777,-0.4428,0.6222,-3.960,-0.146,-0.623
1708012,1880,1916,1955,0.7773,-0.4427,0.6216,-3.008,-0.155,-0.549
1708022,1923,1908,1867,0.7759,-0.4421,0.6227,-2.158,-0.166,-0.444
1708032,1875,1909,1989,0.7751,-0.4413,0.6232,-1.431,-0.180,-0.308
1708042,1894,1906,1850,0.7750,-0.4411,0.6238,-0.907,-0.238,-0.164
1708052,1876,1934,1944,0.7746,-0.4391,0.6249,-0.567,-0.301,-0.020
1708062,1907,1907,1894,0.7746,-0.4379,0.6264,-0.349,-0.366,0.138
1708072,1880,1915,1880,0.7749,-0.4382,0.6271,-0.262,-0.404,0.262
1708082,1915,1911,1857,0.7751,-0.4395,0.6263,-0.213,-0.407,0.367
1708092,1873,1915,1841,0.7760,-0.4396,0.6272,-0.159,-0.413,0.469
1708102,1886,1910,1848,0.7756,-0.4399,0.6241,-0.019,-0.378,0.560
1708112,1874,1913,1847,0.7756,-0.4398,0.6218,0.222,-0.360,0.640
1708122,1899,1905,1840,0.7748,-0.4398,0.6204,0.567,-0.387,0.698
1708132,1872,1907,1880,0.7752,-0.4397,0.6191,0.981,-0.442,0.720
1708142,1876,1907,2146,0.7761,-0.4388,0.6178,1.413,-0.510,0.718
1708152,1873,1917,2021,0.7770,-0.4387,0.6176,1.861,-0.570,0.704
1708162,1897,1912,2274,0.7788,-0.4379,0.6180,2.298,-0.661,0.704
1708172,1887,1923,1840,0.7800,-0.4371,0.6166,2.702,-0.713,0.705
1708182,1886,1904,1852,0.7810,-0.4364,0.6160,3.042,-0.767,0.718
1708192,1871,1915,1842,0.7815,-0.4340,0.6169,3.360,-0.810,0.742
1708202,1874,1906,1840,0.7819,-0.4308,0.6155,3.634,-0.846,0.762
1708212,1871,1921,1924,0.7821,-0.4292,0.6151,3.822,-0.866,0.768
1708222,1903,1904,1901,0.7817,-0.4283,0.6156,3.896,-0.895,0.741
1708232,1870,1912,1843,0.7821,-0.4273,0.6158,3.840,-0.933,0.727
1708242,1894,1904,1903,0.7822,-0.4257,0.6156,3.670,-0.944,0.741
1708252,1875,1922,1853,0.7818,-0.4242,0.6163,3.416,-0.963,0.768
1708262,1870,1908,1850,0.7819,-0.4235,0.6161,3.119,-0.994,0.823
1708272,1873,1922,2136,0.7822,-0.4232,0.6164,2.824,-1.021,0.883
1708282,1887,1904,1896,0.7832,-0.4242,0.6162,2.559,-1.025,0.923
1708292,1871,1904,1845,0.7837,-0.4237,0.6174,2.360,-0.992,0.942
1708302,1887,1907,1843,0.7844,-0.4238,0.6181,2.249,-0.957,0.936
1708312,1871,1911,1843,0.7851,-0.4238,0.6181,2.222,-0.912,0.920
1708322,1872,1906,1841,0.7852,-0.4225,0.6200,2.240,-0.849,0.889
1708332,1867,1907,1908,0.7845,-0.4209,0.6208,2.301,-0.810,0.835
1708342,1872,1912,1920,0.7842,-0.4213,0.6195,2.364,-0.767,0.773
1708352,1873,1929,1865,0.7833,-0.4194,0.6189,2.375,-0.734,0.725
1708362,1899,1906,1972,0.7832,-0.4179,0.6181,2.275,-0.751,0.698
1708372,1869,1909,1920,0.7840,-0.4171,0.6184,2.065,-0.767,0.685
1708382,1936,1909,2036,0.7845,-0.4165,0.6178,1.769,-0.787,0.681
1708392,1872,1924,1870,0.7854,-0.4164,0.6177,1.407,-0.788,0.660
1708402,1908,1908,1922,0.7862,-0.4170,0.6183,1.024,-0.797,0.629
1708412,1872,1907,1960,0.7864,-0.4177,0.6181,0.665,-0.786,0.584
1708422,1883,1907,1865,0.7864,-0.4187,0.6176,0.368,-0.768,0.524
1708432,1871,1918,1840,0.7866,-0.4199,0.6188,0.149,-0.750,0.454
1708442,1906,1906,1854,0.7861,-0.4205,0.6185,0.041,-0.705,0.392
1708452,1872,1912,1863,0.7850,-0.4211,0.6181,0.024,-0.661,0.338
1708462,1888,1904,1917,0.7845,-0.4212,0.6162,0.072,-0.620,0.280
1708472,1880,1942,1858,0.7841,-0.4214,0.6163,0.164,-0.622,0.237
1708482,1910,1909,1879,0.7833,-0.4211,0.6158,0.244,-0.645,0.234
1708492,1872,1917,1919,0.7831,-0.4222,0.6168,0.265,-0.679,0.251
1708502,1903,1904,2098,0.7833,-0.4225,0.6187,0.165,-0.738,0.276
1708512,1874,1931,1901,0.7829,-0.4237,0.6201,-0.010,-0.760,0.289
1708522,1913,1907,1888,0.7833,-0.4249,0.6208,-0.225,-0.763,0.283
1708532,1880,1910,1847,0.7833,-0.4261,0.6225,-0.440,-0.764,0.265
1708542,1904,1906,1947,0.7829,-0.4274,0.6216,-0.577,-0.710,0.247
1708552,1870,1906,1849,0.7817,-0.4289,0.6198,-0.618,-0.647,0.231
1708562,1875,1905,1922,0.7809,-0.4282,0.6187,-0.504,-0.559,0.209
1708572,1870,1911,1873,0.7807,-0.4283,0.6187,-0.297,-0.501,0.208
1708582,1892,1906,1847,0.7813,-0.4280,0.6179,-0.079,-0.492,0.213
1708592,1873,1914,1901,0.7815,-0.4288,0.6181,0.021,-0.512,0.236
1708602,1881,1906,1852,0.7821,-0.4290,0.6187,0.021,-0.548,0.233
1708612,1879,1912,1894,0.7821,-0.4287,0.6179,-0.074,-0.570,0.206
1708622,1905,1910,1851,0.7827,-0.4295,0.6189,-0.211,-0.611,0.188
1708632,1881,1912,1861,0.7831,-0.4301,0.6180,-0.351,-0.603,0.202
1708642,1897,1904,1842,0.7819,-0.4301,0.6184,-0.415,-0.595,0.247
1708652,1883,1912,1945,0.7812,-0.4286,0.6181,-0.337,-0.591,0.304
1708662,1938,1906,1899,0.7808,-0.4279,0.6195,-0.148,-0.586,0.337
1708672,1874,1909,1889,0.7807,-0.4275,0.6205,0.069,-0.599,0.342
1708682,1911,1906,1851,0.7809,-0.4268,0.6194,0.297,-0.557,0.350
1708692,1874,1935,2366,0.7817,-0.4264,0.6211,0.480,-0.497,0.379
1708702,1893,1905,1866,0.7817,-0.4253,0.6206,0.583,-0.414,0.430
1708712,1868,1916,1847,0.7824,-0.4245,0.6218,0.597,-0.349,0.492
1708722,1922,1911,1914,0.7823,-0.4238,0.6228,0.485,-0.303,0.569
1708732,1912,1905,1842,0.7816,-0.4224,0.6225,0.304,-0.250,0.668
1708742,1930,1907,1840,0.7817,-0.4222,0.6225,0.074,-0.213,0.763
1708752,1872,1912,1888,0.7817,-0.4219,0.6218,-0.185,-0.182,0.833
1708762,1921,1909,1857,0.7818,-0.4223,0.6217,-0.443,-0.170,0.874
1708772,1884,1907,1848,0.7817,-0.4229,0.6207,-0.684,-0.137,0.898
1708782,1894,1904,1958,0.7813,-0.4236,0.6208,-0.873,-0.086,0.914
1708792,1872,1917,2019,0.7816,-0.4249,0.6195,-1.027,-0.046,0.929
1708802,1886,1906,2018,0.7817,-0.4260,0.6185,-1.092,-0.013,0.952
1708812,1875,1907,2012,0.7820,-0.4266,0.6194,-1.079,-0.030,0.957
1708822,1895,1908,1868,0.7821,-0.4283,0.6182,-1.004,-0.050,0.949
1708832,1871,1914,1850,0.7817,-0.4300,0.6175,-0.877,-0.062,0.962
1708842,1909,1907,2017,0.7816,-0.4306,0.6174,-0.693,-0.078,0.982
1708852,1872,1904,1869,0.7815,-0.4302,0.6171,-0.492,-0.091,0.987
1708862,1900,1910,1858,0.7807,-0.4298,0.6179,-0.335,-0.134,0.970
1708872,1873,1907,1875,0.7809,-0.4298,0.6201,-0.243,-0.204,0.944
1708882,1899,1912,2089,0.7801,-0.4294,0.6198,-0.243,-0.215,0.941
1708892,1871,1909,1955,0.7805,-0.4296,0.6211,-0.281,-0.211,0.944
1708902,1911,1915,1999,0.7812,-0.4298,0.6207,-0.343,-0.178,0.944
1708912,1871,1904,1974,0.7809,-0.4308,0.6206,-0.365,-0.113,0.943
1708922,1886,1916,1887,0.7813,-0.4311,0.6207,-0.337,-0.064,0.948
1708932,1876,1905,1839,0.7805,-0.4313,0.6194,-0.255,-0.037,0.963
1708942,1887,1910,1900,0.7804,-0.4306,0.6198,-0.142,-0.028,0.983
1708952,1876,1916,1843,0.7796,-0.4300,0.6178,-0.047,0.010,1.001
1708962,1880,1909,1866,0.7801,-0.4295,0.6172,-0.006,0.021,1.010
1708972,1875,1904,2094,0.7804,-0.4289,0.6164,-0.008,0.022,1.000
1708982,1874,1913,1903,0.7812,-0.4276,0.6182,-0.041,0.027,0.996
1708992,1871,1907,1907,0.7827,-0.4268,0.6185,-0.125,0.024,0.989
1709002,1880,1922,1857,0.7833,-0.4265,0.6179,-0.253,0.033,0.957
1709012,1877,1912,2063,0.7834,-0.4270,0.6189,-0.429,0.054,0.916
1709022,1883,1914,1844,0.7834,-0.4266,0.6187,-0.579,0.097,0.874
1709032,1876,1904,1862,0.7831,-0.4274,0.6195,-0.712,0.145,0.822
1709042,1890,1913,1856,0.7829,-0.4279,0.6177,-0.807,0.187,0.752
1709052,1895,1910,2010,0.7818,-0.4267,0.6173,-0.840,0.213,0.720
1709062,1877,1922,1843,0.7816,-0.4261,0.6171,-0.809,0.206,0.705
1709072,1922,1911,1853,0.7821,-0.4255,0.6167,-0.768,0.191,0.678
1709082,1879,1910,1940,0.7819,-0.4255,0.6174,-0.768,0.165,0.665
1709092,1892,1904,1882,0.7821,-0.4262,0.6180,-0.831,0.146,0.643
1709102,1897,1920,1990,0.7819,-0.4271,0.6199,-0.945,0.145,0.629
1709112,1896,1907,1846,0.7815,-0.4280,0.6221,-1.080,0.144,0.621
1709122,1889,1915,1839,0.7813,-0.4289,0.6223,-1.188,0.171,0.615
1709132,1892,1905,1935,0.7803,-0.4289,0.6221,-1.258,0.199,0.610
1709142,1886,1904,1905,0.7796,-0.4296,0.6211,-1.271,0.242,0.602
1709152,1903,1905,1848,0.7786,-0.4305,0.6200,-1.205,0.257,0.605
1709162,1878,1912,1858,0.7779,-0.4296,0.6207,-1.122,0.230,0.626
1709172,1910,1912,1842,0.7772,-0.4281,0.6200,-1.031,0.218,0.637
1709182,1888,1910,2033,0.7776,-0.4278,0.6203,-1.018,0.193,0.610
1709192,1898,1904,1936,0.7782,-0.4288,0.6211,-1.051,0.178,0.575
1709202,1881,1908,1856,0.7789,-0.4300,0.6222,-1.156,0.147,0.575
1709212,1883,1909,2099,0.7787,-0.4312,0.6221,-1.301,0.164,0.597
1709222,1890,1913,1887,0.7785,-0.4319,0.6207,-1.402,0.242,0.598
1709232,1897,1904,1848,0.7787,-0.4329,0.6198,-1.444,0.282,0.575
1709242,1880,1917,1852,0.7795,-0.4331,0.6185,-1.395,0.281,0.550
1709252,1910,1906,1854,0.7790,-0.4327,0.6189,-1.314,0.238,0.550
1709262,1888,1919,1842,0.7790,-0.4323,0.6189,-1.261,0.165,0.525
1709272,1917,1907,1850,0.7788,-0.4330,0.6184,-1.264,0.095,0.477
1709282,1892,1925,2288,0.7788,-0.4341,0.6193,-1.255,0.010,0.380
1709292,1897,1904,1937,0.7798,-0.4353,0.6189,-1.221,-0.056,0.288
1709302,1886,1904,1898,0.7803,-0.4362,0.6200,-1.156,-0.133,0.237
1709312,1903,1907,1850,0.7803,-0.4369,0.6215,-1.075,-0.196,0.220
1709322,1893,1909,1858,0.7797,-0.4374,0.6220,-0.986,-0.217,0.223
1709332,1905,1906,1853,0.7787,-0.4368,0.6216,-0.841,-0.199,0.197
1709342,1898,1927,1885,0.7785,-0.4366,0.6212,-0.626,-0.158,0.185
1709352,1891,1905,1915,0.7776,-0.4359,0.6201,-0.385,-0.115,0.191
1709362,1891,1918,1868,0.7766,-0.4350,0.6199,-0.197,-0.072,0.233
1709372,1892,1904,1895,0.7758,-0.4337,0.6196,-0.087,-0.033,0.316
1709382,1882,1908,1904,0.7763,-0.4331,0.6200,-0.094,-0.001,0.415
1709392,1913,1907,1906,0.7763,-0.4319,0.6203,-0.221,0.036,0.494
1709402,1890,1926,1878,0.7759,-0.4312,0.6211,-0.452,0.063,0.561
1709412,1905,1902,1840,0.7767,-0.4319,0.6212,-0.700,0.126,0.626
1709422,1882,1915,1840,0.7772,-0.4328,0.6215,-0.913,0.200,0.693
1709432,1896,1905,1842,0.7773,-0.4340,0.6209,-1.061,0.257,0.771
1709442,1881,1909,1841,0.7769,-0.4357,0.6202,-1.130,0.334,0.852
1709452,1916,1916,1906,0.7759,-0.4362,0.6204,-1.079,0.391,0.908
1709462,1882,1921,1857,0.7761,-0.4361,0.6188,-0.915,0.419,0.923
1709472,1921,1903,1883,0.7760,-0.4363,0.6183,-0.685,0.415,0.905
1709482,1886,1911,2013,0.7767,-0.4371,0.6183,-0.451,0.386,0.872
1709492,1915,1904,2132,0.7776,-0.4377,0.6201,-0.256,0.346,0.861
1709502,1885,1915,2100,0.7786,-0.4383,0.6213,-0.125,0.288,0.869
1709512,1895,1910,1871,0.7779,-0.4378,0.6209,-0.065,0.270,0.904
1709522,1896,1925,1887,0.7769,-0.4373,0.6205,-0.100,0.249,0.900
1709532,1892,1907,1855,0.7763,-0.4380,0.6219,-0.171,0.234,0.879
1709542,1886,1913,1839,0.7758,-0.4382,0.6228,-0.215,0.226,0.851
1709552,1893,1904,1839,0.7753,-0.4392,0.6223,-0.208,0.200,0.852
1709562,1876,1905,1863,0.7744,-0.4377,0.6234,-0.115,0.177,0.880
1709572,1887,1909,1942,0.7751,-0.4365,0.6248,0.013,0.139,0.913
1709582,1876,1914,2246,0.7746,-0.4355,0.6258,0.158,0.112,0.927
1709592,1885,1906,1844,0.7758,-0.4355,0.6249,0.239,0.099,0.920
1709602,1879,1911,1842,0.7759,-0.4356,0.6256,0.238,0.101,0.939
1709612,1884,1904,2081,0.7767,-0.4359,0.6261,0.130,0.084,0.970
1709622,1873,1918,1867,0.7779,-0.4352,0.6256,-0.015,0.083,0.989
1709632,1888,1905,1840,0.7776,-0.4356,0.6244,-0.143,0.091,0.967
1709642,1877,1917,1852,0.7779,-0.4365,0.6239,-0.174,0.092,0.920
1709652,1884,1905,1840,0.7767,-0.4371,0.6227,-0.112,0.063,0.877
1709662,1878,1918,1855,0.7764,-0.4377,0.6213,0.047,0.027,0.845
1709672,1896,1904,1884,0.7759,-0.4378,0.6203,0.271,-0.021,0.828
1709682,1872,1929,2017,0.7761,-0.4367,0.6193,0.503,-0.076,0.800
1709692,1884,1905,1935,0.7759,-0.4356,0.6191,0.655,-0.132,0.754
1709702,1875,1916,1876,0.7768,-0.4339,0.6195,0.708,-0.180,0.710
1709712,1901,1903,1923,0.7776,-0.4337,0.6206,0.655,-0.217,0.661
1709722,1872,1920,1861,0.7776,-0.4338,0.6206,0.482,-0.236,0.601
1709732,1877,1905,2076,0.7776,-0.4335,0.6204,0.243,-0.231,0.539
1709742,1873,1925,1946,0.7773,-0.4339,0.6200,0.002,-0.207,0.487
1709752,1899,1906,1898,0.7772,-0.4341,0.6203,-0.222,-0.182,0.426
1709762,1935,1910,1903,0.7775,-0.4331,0.6197,-0.426,-0.147,0.355
1709772,1875,1908,2208,0.7776,-0.4342,0.6203,-0.564,-0.094,0.278
1709782,1869,1916,1845,0.7782,-0.4353,0.6191,-0.647,-0.050,0.190
1709792,1886,1906,1845,0.7781,-0.4353,0.6179,-0.663,-0.006,0.105
1709802,1872,1911,1889,0.7782,-0.4349,0.6183,-0.626,0.034,0.035
1709812,1888,1905,1862,0.7780,-0.4338,0.6180,-0.576,0.055,-0.038
1709822,1868,1919,1891,0.7773,-0.4331,0.6172,-0.577,0.075,-0.125
1709832,1889,1906,1929,0.7773,-0.4336,0.6169,-0.615,0.068,-0.189
1709842,1872,1917,1885,0.7772,-0.4332,0.6176,-0.717,0.038,-0.229
1709852,1881,1923,2074,0.7773,-0.4337,0.6173,-0.840,0.041,-0.229
1709862,1872,1917,1843,0.7768,-0.4339,0.6176,-0.990,0.015,-0.211
1709872,1914,1905,1934,0.7764,-0.4337,0.6184,-1.167,-0.022,-0.207
1709882,1871,1923,1861,0.7763,-0.4342,0.6181,-1.341,-0.001,-0.240
1709892,1898,1904,1871,0.7766,-0.4354,0.6187,-1.475,0.017,-0.278
1709902,1873,1932,1866,0.7759,-0.4367,0.6188,-1.526,0.070,-0.296
1709912,1908,1904,1841,0.7757,-0.4370,0.6182,-1.475,0.119,-0.311
1709922,1872,1909,1862,0.7763,-0.4365,0.6176,-1.365,0.137,-0.333
1709932,1916,1905,1965,0.7769,-0.4364,0.6170,-1.187,0.147,-0.347
1709942,1880,1921,1872,0.7775,-0.4365,0.6177,-1.051,0.135,-0.362
1709952,1875,1912,1841,0.7777,-0.4371,0.6176,-0.956,0.073,-0.395
1709962,1871,1913,1840,0.7769,-0.4366,0.6171,-0.930,-0.001,-0.450
1709972,1896,1905,1882,0.7771,-0.4369,0.6184,-0.971,-0.061,-0.481
1709982,1873,1931,2275,0.7759,-0.4368,0.6186,-1.032,-0.126,-0.498
1709992,1908,1905,1971,0.7759,-0.4373,0.6189,-1.121,-0.224,-0.508
1710002,1872,1923,1896,0.7764,-0.4377,0.6198,-1.206,-0.327,-0.498
1710012,1888,1907,1865,0.7769,-0.4380,0.6213,-1.284,-0.419,-0.480
1710022,1869,1921,1858,0.7773,-0.4385,0.6210,-1.304,-0.435,-0.462
1710032,1923,1907,1841,0.7769,-0.4383,0.6223,-1.210,-0.378,-0.456
1710042,1877,1909,1851,0.7756,-0.4376,0.6214,-0.969,-0.319,-0.486
1710052,1914,1905,1964,0.7759,-0.4369,0.6211,-0.595,-0.275,-0.525
1710062,1875,1906,1869,0.7756,-0.4359,0.6202,-0.178,-0.283,-0.559
1710072,1927,1936,2130,0.7753,-0.4348,0.6194,0.181,-0.303,-0.565
1710082,1874,1927,1919,0.7746,-0.4340,0.6209,0.387,-0.345,-0.530
1710092,1889,1912,2151,0.7759,-0.4343,0.6232,0.428,-0.395,-0.483
1710102,1881,1914,1852,0.7768,-0.4344,0.6246,0.270,-0.433,-0.423
1710112,1902,1904,1840,0.7762,-0.4348,0.6238,-0.001,-0.432,-0.352
1710122,1888,1910,1839,0.7759,-0.4360,0.6222,-0.281,-0.432,-0.297
1710132,1932,1905,1873,0.7741,-0.4362,0.6206,-0.459,-0.432,-0.249
1710142,1873,1920,1851,0.7734,-0.4362,0.6203,-0.497,-0.467,-0.190
1710152,1886,1905,1873,0.7732,-0.4370,0.6199,-0.398,-0.531,-0.135
1710162,1869,1917,1962,0.7735,-0.4374,0.6202,-0.203,-0.624,-0.108
1710172,1910,1918,1859,0.7745,-0.4381,0.6192,0.043,-0.737,-0.093
1710182,1874,1910,1946,0.7755,-0.4387,0.6201,0.286,-0.855,-0.062
1710192,1900,1905,1864,0.7765,-0.4385,0.6202,0.475,-0.954,-0.042
1710202,1879,1909,1840,0.7766,-0.4393,0.6204,0.656,-1.013,-0.023
1710212,1910,1903,1860,0.7764,-0.4388,0.6212,0.808,-1.065,-0.018
1710222,1871,1920,1840,0.7760,-0.4377,0.6216,0.967,-1.108,-0.007
1710232,1918,1906,1840,0.7761,-0.4370,0.6219,1.095,-1.136,-0.004
1710242,1900,1915,1860,0.7753,-0.4368,0.6223,1.198,-1.161,0.007
1710252,1924,1905,1909,0.7743,-0.4360,0.6221,1.292,-1.180,0.039
1710262,1878,1917,1973,0.7743,-0.4352,0.6212,1.370,-1.185,0.066
1710272,1919,1906,2112,0.7740,-0.4349,0.6215,1.409,-1.176,0.082
1710282,1898,1908,1966,0.7740,-0.4346,0.6208,1.427,-1.170,0.101
1710292,1922,1904,1910,0.7749,-0.4350,0.6215,1.424,-1.155,0.145
1710302,1879,1928,1965,0.7758,-0.4347,0.6213,1.428,-1.113,0.192
1710312,1930,1905,1869,0.7761,-0.4351,0.6209,1.429,-1.053,0.222
1710322,1878,1913,1842,0.7762,-0.4344,0.6210,1.419,-1.009,0.262
1710332,1911,1904,1840,0.7772,-0.4342,0.6201,1.388,-0.965,0.302
1710342,1889,1918,1890,0.7781,-0.4340,0.6183,1.347,-0.946,0.340
1710352,1947,1905,1861,0.7790,-0.4327,0.6171,1.269,-0.943,0.354
1710362,1876,1925,2124,0.7798,-0.4321,0.6140,1.189,-0.952,0.363
1710372,1951,1903,1960,0.7796,-0.4324,0.6128,1.134,-0.960,0.359
1710382,1878,1936,2014,0.7807,-0.4327,0.6132,1.122,-0.981,0.360
1710392,1913,1909,1993,0.7815,-0.4316,0.6150,1.132,-1.023,0.360
1710402,1889,1919,1912,0.7822,-0.4314,0.6155,1.152,-1.088,0.349
1710412,1943,1908,1841,0.7828,-0.4317,0.6153,1.170,-1.114,0.290
1710422,1885,1920,1861,0.7830,-0.4312,0.6163,1.186,-1.114,0.195
1710432,1948,1906,1845,0.7819,-0.4307,0.6163,1.229,-1.057,0.101
1710442,1922,1914,1840,0.7809,-0.4298,0.6148,1.313,-1.012,0.035
1710452,1937,1904,1846,0.7804,-0.4288,0.6143,1.411,-1.004,0.017
1710462,1909,1908,2146,0.7805,-0.4277,0.6155,1.500,-1.009,0.023
1710472,1972,1906,1890,0.7802,-0.4262,0.6170,1.514,-1.021,0.056
1710482,1897,1913,1848,0.7812,-0.4255,0.6183,1.421,-1.010,0.077
1710492,1944,1904,1919,0.7810,-0.4250,0.6197,1.219,-0.977,0.085
1710502,1877,1924,1945,0.7813,-0.4255,0.6204,0.839,-0.902,0.104
1710512,1924,1905,1864,0.7816,-0.4268,0.6214,0.483,-0.832,0.115
1710522,1884,1916,1855,0.7809,-0.4278,0.6199,0.221,-0.772,0.117
1710532,1911,1906,1869,0.7798,-0.4286,0.6188,0.100,-0.715,0.109
1710542,1875,1927,1885,0.7786,-0.4297,0.6185,0.107,-0.663,0.093
1710552,1932,1904,2254,0.7779,-0.4304,0.6199,0.218,-0.628,0.062
1710562,1878,1921,1899,0.7778,-0.4299,0.6212,0.386,-0.581,0.074
1710572,1907,1907,1962,0.7779,-0.4285,0.6214,0.549,-0.510,0.091
1710582,1886,1904,1924,0.7779,-0.4284,0.6195,0.672,-0.419,0.110
1710592,1899,1904,1867,0.7785,-0.4289,0.6194,0.713,-0.385,0.120
1710602,1885,1914,1858,0.7798,-0.4285,0.6201,0.600,-0.396,0.129
1710612,1934,1907,1841,0.7807,-0.4301,0.6194,0.356,-0.384,0.129
1710622,1876,1923,2150,0.7807,-0.4311,0.6192,0.042,-0.387,0.099
1710632,1916,1905,1866,0.7795,-0.4316,0.6168,-0.198,-0.363,0.055
1710642,1878,1914,1862,0.7799,-0.4319,0.6158,-0.305,-0.369,0.021
1710652,1927,1906,1861,0.7795,-0.4322,0.6156,-0.288,-0.391,-0.005
1710662,1872,1913,1901,0.7800,-0.4322,0.6163,-0.192,-0.407,-0.004
1710672,1915,1905,1870,0.7809,-0.4322,0.6163,-0.060,-0.417,-0.002
1710682,1878,1916,1875,0.7815,-0.4311,0.6172,0.046,-0.438,-0.003
1710692,1918,1910,1866,0.7817,-0.4302,0.6181,0.093,-0.443,-0.001
1710702,1878,1917,1863,0.7815,-0.4292,0.6188,0.063,-0.393,-0.002
1710712,1902,1904,1872,0.7816,-0.4285,0.6182,-0.029,-0.312,-0.003
1710722,1879,1912,1891,0.7816,-0.4277,0.6183,-0.155,-0.232,0.012
1710732,1890,1906,1845,0.7812,-0.4274,0.6187,-0.293,-0.173,0.028
1710742,1872,1917,1870,0.7801,-0.4275,0.6181,-0.413,-0.118,0.041
1710752,1910,1903,1852,0.7799,-0.4267,0.6177,-0.482,-0.045,0.051
1710762,1870,1920,1929,0.7800,-0.4270,0.6167,-0.501,-0.004,0.054
1710772,1909,1904,1863,0.7807,-0.4272,0.6167,-0.496,0.000,0.072
1710782,1880,1911,1840,0.7812,-0.4275,0.6165,-0.468,0.004,0.111
1710792,1908,1904,1963,0.7823,-0.4276,0.6177,-0.443,0.011,0.136
1710802,1875,1920,2021,0.7824,-0.4274,0.6187,-0.450,0.052,0.169
1710812,1907,1904,1864,0.7823,-0.4260,0.6186,-0.498,0.077,0.184
1710822,1870,1918,1924,0.7815,-0.4257,0.6191,-0.584,0.085,0.168
1710832,1917,1905,2035,0.7810,-0.4252,0.6194,-0.684,0.088,0.118
1710842,1870,1915,1862,0.7808,-0.4257,0.6195,-0.809,0.085,0.062
1710852,1906,1904,2017,0.7806,-0.4258,0.6205,-0.921,0.079,0.024
1710862,1874,1925,1940,0.7807,-0.4263,0.6207,-1.014,0.103,-0.007
1710872,1909,1898,1840,0.7803,-0.4258,0.6202,-1.106,0.117,-0.027
1710882,1888,1905,1850,0.7796,-0.4260,0.6201,-1.229,0.129,-0.060
1710892,1942,1905,2129,0.7801,-0.4277,0.6200,-1.370,0.148,-0.106
1710902,1874,1913,1845,0.7801,-0.4295,0.6208,-1.524,0.140,-0.166
1710912,1904,1904,2010,0.7798,-0.4304,0.6206,-1.678,0.132,-0.188
1710922,1873,1912,1850,0.7790,-0.4310,0.6192,-1.811,0.151,-0.181
1710932,1915,1903,1843,0.7789,-0.4307,0.6192,-1.836,0.154,-0.163
1710942,1869,1929,1934,0.7788,-0.4311,0.6191,-1.811,0.148,-0.150
1710952,1923,1906,1841,0.7787,-0.4317,0.6182,-1.711,0.147,-0.142
1710962,1873,1905,1890,0.7783,-0.4330,0.6188,-1.568,0.142,-0.150
1710972,1942,1914,2394,0.7789,-0.4335,0.6179,-1.404,0.132,-0.158
1710982,1868,1927,1921,0.7794,-0.4329,0.6164,-1.212,0.109,-0.169
1710992,1906,1915,2190,0.7803,-0.4329,0.6177,-1.024,0.051,-0.169
1711002,1872,1912,1891,0.7803,-0.4324,0.6171,-0.820,0.057,-0.158
1711012,1904,1907,1869,0.7802,-0.4328,0.6171,-0.607,0.043,-0.139
1711022,1870,1918,1885,0.7791,-0.4328,0.6172,-0.395,0.032,-0.096
1711032,1902,1904,1854,0.7783,-0.4324,0.6189,-0.202,-0.008,-0.034
1711042,1879,1906,1844,0.7779,-0.4321,0.6181,-0.051,-0.029,0.043
1711052,1896,1906,1845,0.7779,-0.4322,0.6175,0.012,-0.032,0.120
1711062,1871,1942,1856,0.7786,-0.4327,0.6191,-0.024,-0.101,0.213
1711072,1886,1905,1975,0.7788,-0.4322,0.6188,-0.159,-0.155,0.311
1711082,1870,1906,2057,0.7795,-0.4320,0.6210,-0.331,-0.251,0.394
1711092,1875,1905,1978,0.7801,-0.4335,0.6225,-0.491,-0.331,0.457
1711102,1875,1924,1950,0.7810,-0.4335,0.6228,-0.580,-0.317,0.466
1711112,1877,1906,1856,0.7808,-0.4350,0.6229,-0.559,-0.280,0.446
1711122,1872,1912,1919,0.7795,-0.4348,0.6205,-0.351,-0.228,0.420
1711132,1931,1904,1912,0.7790,-0.4343,0.6186,0.004,-0.205,0.381
1711142,1873,1913,1876,0.7786,-0.4335,0.6181,0.386,-0.216,0.345
1711152,1899,1905,1860,0.7777,-0.4323,0.6180,0.708,-0.207,0.318
1711162,1875,1920,1890,0.7780,-0.4301,0.6182,0.871,-0.228,0.325
1711172,1930,1905,2117,0.7788,-0.4282,0.6182,0.845,-0.225,0.355
1711182,1875,1913,1930,0.7796,-0.4275,0.6198,0.612,-0.248,0.381
1711192,1900,1904,1842,0.7797,-0.4277,0.6202,0.242,-0.270,0.418
1711202,1871,1917,1846,0.7799,-0.4275,0.6192,-0.134,-0.289,0.464
1711212,1922,1908,1840,0.7798,-0.4280,0.6212,-0.474,-0.293,0.495
1711222,1870,1909,1847,0.7798,-0.4296,0.6204,-0.662,-0.265,0.503
1711232,1918,1906,1840,0.7789,-0.4303,0.6214,-0.642,-0.233,0.481
1711242,1879,1906,1912,0.7791,-0.4311,0.6193,-0.412,-0.167,0.484
1711252,1912,1905,2036,0.7792,-0.4300,0.6185,-0.087,-0.170,0.516
