1691962,1874,1910,1875,0.7958,-0.4305,0.5862,-0.012,0.138,-0.697
1691972,1906,1905,1830,0.7959,-0.4301,0.5880,-0.242,0.117,-0.675
1691982,1878,1905,2022,0.7959,-0.4311,0.5887,-0.509,0.115,-0.673
1691992,1888,1908,2035,0.7965,-0.4319,0.5894,-0.730,0.123,-0.693
1692002,1877,1915,1846,0.7966,-0.4327,0.5892,-0.868,0.135,-0.718
1692012,1931,1924,1863,0.7966,-0.4337,0.5898,-0.939,0.161,-0.725
1692022,1887,1935,1886,0.7967,-0.4339,0.5904,-0.932,0.210,-0.702
1692032,1905,1908,1843,0.7960,-0.4335,0.5896,-0.855,0.265,-0.666
1692042,1879,1904,1846,0.7949,-0.4331,0.5902,-0.754,0.301,-0.640
1692052,1884,1910,1863,0.7932,-0.4338,0.5896,-0.622,0.310,-0.623
1692062,1891,1906,2021,0.7935,-0.4337,0.5902,-0.495,0.292,-0.610
1692072,1898,1913,1861,0.7940,-0.4342,0.5912,-0.398,0.266,-0.598
1692082,1891,1903,1883,0.7948,-0.4339,0.5906,-0.324,0.227,-0.570
1692092,1893,1905,1861,0.7962,-0.4340,0.5914,-0.298,0.208,-0.539
1692102,1878,1908,1866,0.7961,-0.4342,0.5914,-0.306,0.205,-0.518
1692112,1882,1909,1856,0.7948,-0.4350,0.5905,-0.294,0.212,-0.495
1692122,1879,1914,1848,0.7946,-0.4338,0.5908,-0.248,0.190,-0.453
1692132,1882,1910,1849,0.7941,-0.4331,0.5907,-0.175,0.157,-0.407
1692142,1889,1913,1863,0.7950,-0.4312,0.5906,-0.090,0.080,-0.370
1692152,1886,1905,2083,0.7955,-0.4310,0.5899,-0.008,0.006,-0.366
1692162,1875,1903,1878,0.7960,-0.4302,0.5896,0.117,-0.022,-0.375
1692172,1911,1911,1893,0.7966,-0.4304,0.5891,0.238,-0.048,-0.386
1692182,1890,1906,1872,0.7963,-0.4299,0.5895,0.335,-0.099,-0.405
1692192,1906,1953,1848,0.7965,-0.4301,0.5887,0.403,-0.130,-0.432
1692202,1897,1903,1936,0.7959,-0.4304,0.5904,0.436,-0.182,-0.454
1692212,1896,1903,1878,0.7959,-0.4299,0.5913,0.408,-0.247,-0.469
1692222,1891,1909,1935,0.7963,-0.4306,0.5920,0.326,-0.332,-0.447
1692232,1883,1909,1859,0.7966,-0.4305,0.5920,0.219,-0.372,-0.410
1692242,1876,1906,1861,0.7970,-0.4303,0.5929,0.132,-0.376,-0.381
1692252,1885,1900,1924,0.7970,-0.4297,0.5929,0.073,-0.368,-0.360
1692262,1886,1905,1852,0.7975,-0.4290,0.5933,0.073,-0.343,-0.373
1692272,1899,1907,1850,0.7970,-0.4299,0.5941,0.143,-0.332,-0.418
1692282,1887,1910,1930,0.7972,-0.4293,0.5940,0.249,-0.282,-0.479
1692292,1903,1916,1847,0.7971,-0.4286,0.5944,0.345,-0.204,-0.524
1692302,1906,1914,1939,0.7965,-0.4281,0.5934,0.388,-0.109,-0.548
1692312,1889,1917,1853,0.7965,-0.4279,0.5931,0.382,-0.009,-0.537
1692322,1884,1907,1941,0.7964,-0.4274,0.5928,0.343,0.060,-0.505
1692332,1909,1945,1870,0.7965,-0.4270,0.5903,0.251,0.104,-0.466
1692342,1884,1904,1885,0.7957,-0.4269,0.5893,0.141,0.103,-0.440
1692352,1909,1946,1920,0.7972,-0.4283,0.5906,-0.002,0.056,-0.464
1692362,1898,1904,1907,0.7971,-0.4295,0.5911,-0.169,-0.035,-0.512
1692372,1893,1914,1875,0.7968,-0.4308,0.5917,-0.317,-0.100,-0.579
1692382,1902,1906,1847,0.7966,-0.4317,0.5922,-0.407,-0.182,-0.617
1692392,1899,1926,1864,0.7960,-0.4319,0.5918,-0.396,-0.240,-0.615
1692402,1905,1904,1857,0.7963,-0.4330,0.5923,-0.273,-0.292,-0.589
1692412,1882,1915,1863,0.7966,-0.4330,0.5938,-0.100,-0.317,-0.560
1692422,1902,1908,1851,0.7965,-0.4310,0.5942,0.144,-0.292,-0.529
1692432,1923,1922,2148,0.7971,-0.4297,0.5946,0.388,-0.260,-0.536
1692442,1904,1905,1849,0.7967,-0.4283,0.5956,0.624,-0.196,-0.574
1692452,1891,1910,1867,0.7965,-0.4266,0.5957,0.771,-0.133,-0.597
1692462,1915,1913,1912,0.7962,-0.4257,0.5962,0.787,-0.086,-0.609
1692472,1895,1909,1876,0.7956,-0.4253,0.5947,0.693,-0.023,-0.600
1692482,1921,1912,1852,0.7951,-0.4245,0.5939,0.507,0.034,-0.579
1692492,1887,1901,1967,0.7955,-0.4254,0.5944,0.286,0.078,-0.560
1692502,1907,1907,1875,0.7976,-0.4261,0.5938,0.063,0.118,-0.530
1692512,1886,1910,1848,0.7983,-0.4267,0.5939,-0.129,0.166,-0.495
1692522,1909,1906,1905,0.7981,-0.4264,0.5941,-0.270,0.269,-0.455
1692532,1888,1911,1844,0.7984,-0.4260,0.5938,-0.310,0.376,-0.436
1692542,1913,1908,2114,0.7983,-0.4251,0.5938,-0.273,0.454,-0.442
1692552,1889,1919,1865,0.7988,-0.4244,0.5929,-0.177,0.515,-0.511
1692562,1893,1908,1870,0.7988,-0.4243,0.5921,-0.091,0.509,-0.613
1692572,1888,1911,1904,0.7990,-0.4235,0.5910,-0.039,0.519,-0.706
1692582,1900,1904,1939,0.7987,-0.4234,0.5910,-0.040,0.524,-0.766
1692592,1900,1916,1874,0.7996,-0.4231,0.5913,-0.128,0.493,-0.801
1692602,1896,1905,1942,0.7990,-0.4231,0.5922,-0.308,0.456,-0.823
1692612,1896,1928,1879,0.7986,-0.4233,0.5927,-0.587,0.408,-0.835
1692622,1890,1903,1871,0.7979,-0.4237,0.5934,-0.924,0.388,-0.850
1692632,1879,1915,2232,0.7973,-0.4247,0.5928,-1.239,0.376,-0.836
1692642,1896,1906,1848,0.7974,-0.4253,0.5929,-1.457,0.382,-0.806
1692652,1890,1934,2015,0.7977,-0.4270,0.5934,-1.551,0.390,-0.785
1692662,1889,1897,1931,0.7985,-0.4277,0.5945,-1.502,0.404,-0.750
1692672,1897,1919,1875,0.7985,-0.4278,0.5944,-1.308,0.429,-0.718
1692682,1890,1909,1873,0.7979,-0.4273,0.5951,-1.035,0.434,-0.683
1692692,1891,1920,1857,0.7977,-0.4266,0.5962,-0.787,0.442,-0.632
1692702,1907,1905,1885,0.7974,-0.4262,0.5960,-0.574,0.466,-0.567
1692712,1880,1905,2121,0.7965,-0.4258,0.5960,-0.452,0.503,-0.510
1692722,1893,1907,1856,0.7965,-0.4246,0.5959,-0.429,0.535,-0.446
1692732,1902,1933,1850,0.7963,-0.4255,0.5959,-0.494,0.530,-0.366
1692742,1903,1913,2120,0.7966,-0.4264,0.5951,-0.603,0.516,-0.276
1692752,1888,1911,1932,0.7964,-0.4266,0.5956,-0.718,0.486,-0.180
1692762,1901,1904,1851,0.7961,-0.4272,0.5969,-0.772,0.458,-0.101
1692772,1905,1928,1887,0.7973,-0.4282,0.5979,-0.791,0.393,-0.060
1692782,1886,1904,2008,0.7978,-0.4298,0.5994,-0.746,0.345,-0.052
1692792,1896,1917,1853,0.7980,-0.4300,0.5989,-0.626,0.307,-0.036
1692802,1895,1906,1985,0.7975,-0.4297,0.5991,-0.430,0.248,-0.012
1692812,1893,1917,1891,0.7963,-0.4292,0.5990,-0.176,0.192,0.009
1692822,1897,1903,1850,0.7960,-0.4296,0.6001,0.090,0.070,0.007
1692832,1880,1918,1926,0.7957,-0.4291,0.5987,0.366,-0.062,0.021
1692842,1884,1905,2026,0.7948,-0.4289,0.5988,0.642,-0.194,0.070
1692852,1878,1909,1845,0.7954,-0.4282,0.5981,0.898,-0.322,0.120
1692862,1889,1903,1845,0.7958,-0.4269,0.5982,1.136,-0.417,0.177
1692872,1893,1925,1902,0.7955,-0.4260,0.5990,1.327,-0.521,0.230
1692882,1898,1910,1852,0.7959,-0.4258,0.5988,1.465,-0.580,0.294
1692892,1877,1924,1991,0.7960,-0.4243,0.5992,1.538,-0.596,0.369
1692902,1906,1904,1853,0.7961,-0.4232,0.5992,1.569,-0.591,0.437
1692912,1885,1938,2002,0.7970,-0.4218,0.5993,1.539,-0.599,0.474
1692922,1879,1904,1914,0.7975,-0.4212,0.5978,1.458,-0.598,0.487
1692932,1882,1916,1849,0.7968,-0.4214,0.5963,1.363,-0.570,0.498
1692942,1885,1915,2023,0.7960,-0.4215,0.5945,1.251,-0.512,0.537
1692952,1886,1905,2113,0.7959,-0.4214,0.5931,1.153,-0.458,0.587
1692962,1890,1904,1855,0.7957,-0.4213,0.5912,1.064,-0.444,0.638
1692972,1891,1914,1915,0.7965,-0.4214,0.5896,0.994,-0.471,0.696
1692982,1873,1912,1969,0.7967,-0.4218,0.5886,0.949,-0.533,0.754
1692992,1871,1916,1968,0.7988,-0.4227,0.5885,0.913,-0.643,0.792
1693002,1897,1904,1847,0.7993,-0.4228,0.5897,0.876,-0.752,0.786
1693012,1873,1920,1957,0.7996,-0.4224,0.5928,0.839,-0.859,0.742
1693022,1879,1904,1850,0.7990,-0.4231,0.5932,0.848,-0.968,0.681
1693032,1870,1914,1914,0.7979,-0.4227,0.5939,0.962,-1.076,0.609
1693042,1882,1905,1932,0.7976,-0.4231,0.5945,1.122,-1.206,0.537
1693052,1884,1926,1868,0.7977,-0.4224,0.5961,1.298,-1.350,0.466
1693062,1898,1907,1855,0.7983,-0.4225,0.5989,1.447,-1.503,0.417
1693072,1889,1918,2093,0.7987,-0.4225,0.6004,1.508,-1.591,0.369
1693082,1890,1909,1926,0.7994,-0.4233,0.6007,1.525,-1.625,0.300
1693092,1873,1928,1855,0.7987,-0.4234,0.6005,1.545,-1.637,0.232
1693102,1908,1907,1981,0.7971,-0.4228,0.6013,1.593,-1.641,0.155
1693112,1877,1923,1913,0.7960,-0.4226,0.5999,1.641,-1.680,0.054
1693122,1887,1908,1895,0.7961,-0.4227,0.5984,1.716,-1.731,-0.058
1693132,1879,1942,1919,0.7974,-0.4229,0.5990,1.806,-1.801,-0.179
1693142,1911,1904,1882,0.7976,-0.4240,0.5984,1.922,-1.841,-0.311
1693152,1867,1917,1876,0.7979,-0.4232,0.5990,2.010,-1.872,-0.431
1693162,1870,1904,1884,0.7975,-0.4208,0.5975,2.073,-1.900,-0.514
1693172,1874,1934,1883,0.7974,-0.4184,0.5969,2.195,-1.918,-0.604
1693182,1894,1906,1972,0.7982,-0.4187,0.5978,2.196,-1.962,-0.776
1693192,1872,1925,1846,0.7982,-0.4184,0.5978,1.993,-1.998,-0.948
1693202,1909,1904,1856,0.7995,-0.4180,0.5972,1.615,-1.975,-1.032
1693212,1875,1921,1876,0.7995,-0.4168,0.5979,1.191,-1.902,-1.044
1693222,1905,1904,1898,0.7996,-0.4179,0.5964,0.753,-1.762,-1.073
1693232,1877,1932,2007,0.7998,-0.4201,0.5964,0.300,-1.672,-1.141
1693242,1901,1904,1912,0.7994,-0.4222,0.5947,-0.074,-1.572,-1.175
1693252,1867,1909,1985,0.7990,-0.4232,0.5924,-0.194,-1.479,-1.127
1693262,1886,1904,1942,0.7979,-0.4246,0.5920,-0.134,-1.389,-1.022
1693272,1903,1960,1907,0.7986,-0.4255,0.5902,0.036,-1.333,-0.925
1693282,1892,1906,1965,0.7992,-0.4271,0.5879,0.298,-1.326,-0.801
1693292,1871,1927,1871,0.7997,-0.4282,0.5865,0.591,-1.350,-0.651
1693302,1891,1905,1865,0.7997,-0.4285,0.5870,0.878,-1.425,-0.472
1693312,1876,1911,1863,0.7993,-0.4287,0.5863,1.157,-1.541,-0.274
1693322,1924,1905,1847,0.7992,-0.4286,0.5867,1.462,-1.729,-0.042
1693332,1876,1913,1850,0.8001,-0.4282,0.5891,1.846,-1.911,0.204
1693342,1906,1904,1950,0.7997,-0.4266,0.5916,2.317,-2.090,0.464
1693352,1885,1918,1937,0.7992,-0.4238,0.5940,3.061,-2.270,0.704
1693362,1898,1909,2036,0.7993,-0.4211,0.5959,3.737,-2.409,0.881
1693372,1876,1920,1880,0.8002,-0.4191,0.5986,4.280,-2.475,0.996
1693382,1900,1897,1861,0.8012,-0.4166,0.6015,4.639,-2.574,1.096
1693392,1874,1931,1869,0.8012,-0.4132,0.6007,4.848,-2.594,1.193
1693402,1900,1907,1851,0.8019,-0.4105,0.6019,4.858,-2.617,1.253
1693412,1869,1923,1855,0.8022,-0.4085,0.6018,4.718,-2.647,1.249
1693422,1901,1909,1845,0.8024,-0.4071,0.6009,4.481,-2.638,1.194
1693432,1877,1914,1850,0.8033,-0.4044,0.6006,4.135,-2.641,1.068
1693442,1903,1904,1868,0.8037,-0.4025,0.5990,3.738,-2.650,0.882
1693452,1877,1937,1854,0.8046,-0.4012,0.5969,3.343,-2.643,0.634
1693462,1905,1906,1886,0.8053,-0.4002,0.5950,2.913,-2.676,0.318
1693472,1873,1923,1869,0.8059,-0.4004,0.5923,2.460,-2.743,-0.050
1693482,1915,1905,2181,0.8071,-0.4006,0.5911,1.987,-2.836,-0.426
1693492,1880,1916,1905,0.8070,-0.4031,0.5905,1.432,-2.967,-0.787
1693502,1928,1908,1939,0.8069,-0.4075,0.5908,0.837,-3.105,-1.092
1693512,1881,1910,1904,0.8047,-0.4110,0.5925,0.240,-3.238,-1.320
1693522,1919,1895,1857,0.8018,-0.4164,0.5973,-0.302,-3.420,-1.482
1693532,1867,1923,1904,0.7993,-0.4215,0.5995,-0.673,-3.572,-1.550
1693542,1896,1907,1845,0.7982,-0.4261,0.6031,-0.830,-3.668,-1.488
1693552,1876,1925,1873,0.7958,-0.4293,0.6065,-0.752,-3.700,-1.334
1693562,1927,1905,1915,0.7941,-0.4305,0.6092,-0.436,-3.610,-1.152
1693572,1882,1917,1868,0.7936,-0.4331,0.6119,0.040,-3.419,-0.982
1693582,1891,1905,1880,0.7939,-0.4353,0.6151,0.609,-3.175,-0.770
1693592,1879,1921,1873,0.7943,-0.4339,0.6172,1.235,-2.797,-0.436
1693602,1959,1911,1894,0.7960,-0.4326,0.6168,1.906,-2.332,-0.001
1693612,1873,1957,1846,0.7972,-0.4303,0.6151,2.616,-1.743,0.492
1693622,1878,1904,1858,0.7991,-0.4253,0.6120,3.292,-1.179,1.043
1693632,1887,1913,1849,0.8005,-0.4178,0.6059,3.865,-0.536,1.569
1693642,1952,1935,1891,0.8039,-0.4122,0.6018,4.194,0.034,1.968
1693652,1878,1906,1849,0.8073,-0.4078,0.5995,4.187,0.461,2.235
1693662,1963,1925,2004,0.8118,-0.4025,0.5924,3.848,0.902,2.416
1693672,1930,1904,2432,0.8162,-0.3979,0.5852,3.231,1.221,2.487
1693682,1914,1910,2014,0.8196,-0.3945,0.5790,2.425,1.451,2.438
1693692,1927,1904,2143,0.8227,-0.3912,0.5700,1.636,1.624,2.323
1693702,2098,2000,1862,0.8241,-0.3888,0.5624,0.937,1.727,2.138
1693712,1882,1913,1853,0.8263,-0.3871,0.5569,0.371,1.689,1.869
1693722,1879,1935,2376,0.8267,-0.3861,0.5503,-0.016,1.580,1.555
1693732,1882,1905,1930,0.8263,-0.3851,0.5440,-0.192,1.405,1.227
1693742,1928,1907,1851,0.8256,-0.3839,0.5408,-0.195,1.067,0.890
1693752,1880,1965,1913,0.8244,-0.3812,0.5398,-0.059,0.686,0.542
1693762,1961,1905,1940,0.8231,-0.3767,0.5428,0.171,0.280,0.135
1693772,1896,1909,1903,0.8210,-0.3707,0.5455,0.525,-0.076,-0.372
1693782,1930,1903,1919,0.8187,-0.3650,0.5502,1.009,-0.398,-1.000
1693792,1885,1933,1860,0.8172,-0.3620,0.5576,1.445,-0.758,-1.693
1693802,1924,1905,1892,0.8171,-0.3626,0.5654,1.674,-1.108,-2.330
1693812,1881,1912,3201,0.8166,-0.3643,0.5734,1.466,-1.471,-2.747
1693822,1895,1925,1927,0.8152,-0.3683,0.5815,0.699,-1.810,-2.926
1693832,1885,1920,1919,0.8142,-0.3744,0.5877,-0.707,-2.165,-2.936
1693842,1888,1911,1852,0.8135,-0.3810,0.5934,-2.633,-2.489,-2.801
1693852,1897,1925,1882,0.8118,-0.3896,0.5968,-4.803,-2.745,-2.590
1693862,1939,1904,1861,0.8100,-0.4000,0.6000,-6.953,-2.930,-2.384
1693872,1874,1953,2022,0.8081,-0.4127,0.6026,-8.772,-3.032,-2.186
1693882,1950,1904,2008,0.8049,-0.4245,0.6030,-9.985,-3.074,-1.963
1693892,1889,1905,1846,0.8038,-0.4355,0.6031,-10.405,-3.095,-1.712
1693902,1878,1906,2041,0.8041,-0.4444,0.6041,-10.039,-3.129,-1.484
1693912,1870,1950,2266,0.8060,-0.4518,0.6062,-9.004,-3.153,-1.273
1693922,1922,1904,1887,0.8083,-0.4541,0.6063,-7.569,-3.095,-1.078
1693932,1910,1910,1858,0.8085,-0.4538,0.6061,-5.979,-2.878,-0.940
1693942,1890,1903,1864,0.8080,-0.4522,0.6008,-4.482,-2.463,-0.861
1693952,1879,1915,1855,0.8059,-0.4514,0.5926,-3.258,-1.970,-0.814
1693962,1900,1906,2018,0.8026,-0.4515,0.5852,-2.457,-1.537,-0.709
1693972,1873,1929,1862,0.7997,-0.4523,0.5784,-2.084,-1.248,-0.479
1693982,1924,1908,1972,0.7986,-0.4549,0.5741,-2.106,-1.149,-0.108
1693992,1875,1906,1841,0.7989,-0.4586,0.5727,-2.314,-1.195,0.416
1694002,1903,1906,1872,0.8010,-0.4616,0.5733,-2.466,-1.365,1.064
1694012,1871,1926,2118,0.8029,-0.4619,0.5760,-2.297,-1.566,1.804
1694022,1927,1905,1945,0.8039,-0.4607,0.5811,-1.652,-1.711,2.528
1694032,1871,1928,1847,0.8054,-0.4591,0.5868,-0.580,-1.773,3.171
1694042,1977,1912,1893,0.8057,-0.4549,0.5907,0.823,-1.714,3.717
1694052,1874,1927,1850,0.8051,-0.4488,0.5926,2.500,-1.499,4.169
1694062,1886,1904,1857,0.8056,-0.4399,0.5944,4.253,-1.238,4.527
1694072,1868,1909,1871,0.8064,-0.4286,0.5950,5.901,-0.960,4.823
1694082,1871,1906,1847,0.8079,-0.4193,0.5939,7.227,-0.650,5.046
1694092,1893,1911,1892,0.8101,-0.4097,0.5917,8.102,-0.313,5.185
1694102,1946,1904,1856,0.8129,-0.3991,0.5902,8.402,0.049,5.287
1694112,1878,1905,1884,0.8144,-0.3895,0.5860,8.083,0.469,5.350
1694122,1921,1909,1867,0.8152,-0.3810,0.5811,7.139,0.930,5.341
1694132,1879,1912,2157,0.8158,-0.3747,0.5770,5.666,1.368,5.241
1694142,1972,1921,1848,0.8165,-0.3707,0.5733,3.795,1.741,5.037
1694152,1870,1930,1918,0.8181,-0.3704,0.5705,1.719,1.992,4.759
1694162,2009,1906,1852,0.8196,-0.3734,0.5678,-0.320,2.218,4.452
1694172,1872,1911,1877,0.8200,-0.3784,0.5647,-2.076,2.369,4.169
1694182,1912,1908,1855,0.8193,-0.3839,0.5607,-3.355,2.520,3.906
1694192,1871,1908,1861,0.8180,-0.3897,0.5601,-3.993,2.612,3.622
1694202,1901,1904,1896,0.8163,-0.3958,0.5601,-3.984,2.580,3.341
1694212,1876,1908,1982,0.8148,-0.4003,0.5623,-3.459,2.445,3.105
1694222,1890,1904,1979,0.8132,-0.4034,0.5658,-2.608,2.239,2.925
1694232,1879,1916,1857,0.8123,-0.4043,0.5701,-1.632,1.993,2.782
1694242,1915,1910,1859,0.8124,-0.4054,0.5769,-0.813,1.752,2.611
1694252,1871,1910,1998,0.8122,-0.4057,0.5839,-0.378,1.607,2.401
1694262,1898,1908,1869,0.8121,-0.4079,0.5917,-0.431,1.525,2.213
1694272,1870,1918,1847,0.8098,-0.4085,0.5953,-0.901,1.607,2.068
1694282,1915,1904,1844,0.8060,-0.4107,0.5965,-1.656,1.804,1.927
1694292,1887,1912,1882,0.8026,-0.4126,0.5985,-2.675,1.984,1.763
1694302,1942,1904,1861,0.7992,-0.4158,0.6005,-3.798,2.197,1.597
1694312,1870,1910,1988,0.7973,-0.4211,0.6011,-4.940,2.349,1.418
1694322,1916,1906,2037,0.7963,-0.4272,0.5997,-5.992,2.525,1.278
1694332,1870,1912,1945,0.7965,-0.4324,0.5991,-6.863,2.697,1.214
1694342,1921,1912,2768,0.7991,-0.4366,0.5975,-7.554,2.793,1.234
1694352,1888,1907,1917,0.8023,-0.4381,0.5937,-7.972,2.917,1.381
1694362,1910,1906,1846,0.8029,-0.4399,0.5914,-8.137,3.008,1.625
1694372,1870,1908,1882,0.8028,-0.4415,0.5889,-7.997,3.103,1.952
1694382,1880,1904,1847,0.8023,-0.4403,0.5846,-7.529,3.197,2.320
1694392,1895,1908,1849,0.8000,-0.4388,0.5791,-6.679,3.193,2.704
1694402,1930,1910,2116,0.7992,-0.4354,0.5746,-5.409,3.127,3.067
1694412,1870,1912,1933,0.7989,-0.4327,0.5735,-3.878,2.896,3.365
1694422,1920,1914,1923,0.7999,-0.4302,0.5748,-2.284,2.583,3.600
1694432,1868,1918,1908,0.7999,-0.4270,0.5780,-0.776,2.296,3.778
1694442,1945,1904,2006,0.7996,-0.4235,0.5818,0.548,2.054,3.906
1694452,1881,1945,1888,0.7981,-0.4205,0.5859,1.537,1.853,3.958
1694462,1902,1924,1970,0.7979,-0.4197,0.5891,2.180,1.710,3.945
1694472,1871,1909,1881,0.7981,-0.4195,0.5938,2.444,1.591,3.883
1694482,1895,1907,1861,0.7972,-0.4196,0.5971,2.399,1.603,3.767
1694492,1870,1913,1846,0.7956,-0.4203,0.6004,2.096,1.697,3.599
1694502,1938,1902,1925,0.7927,-0.4217,0.6021,1.632,1.871,3.364
1694512,1879,1914,1890,0.7913,-0.4226,0.6034,1.091,2.129,3.039
1694522,1923,1910,1922,0.7882,-0.4246,0.6053,0.460,2.351,2.653
1694532,1881,1922,1869,0.7847,-0.4281,0.6017,-0.159,2.709,2.261
1694542,1896,1904,1888,0.7831,-0.4330,0.6028,-0.758,3.003,1.879
1694552,1875,1924,1862,0.7820,-0.4378,0.6035,-1.401,3.215,1.575
1694562,1888,1905,1912,0.7824,-0.4424,0.6029,-2.160,3.470,1.347
1694572,1872,1931,1931,0.7830,-0.4477,0.6043,-3.058,3.653,1.154
1694582,1896,1908,1852,0.7830,-0.4544,0.6026,-3.971,3.915,1.012
1694592,1868,1916,1849,0.7829,-0.4599,0.6030,-4.862,4.120,0.948
1694602,1883,1903,1913,0.7833,-0.4660,0.5990,-5.640,4.303,0.928
1694612,1869,1908,1902,0.7819,-0.4730,0.5938,-6.134,4.465,0.973
1694622,1887,1905,1845,0.7806,-0.4781,0.5905,-6.285,4.533,1.100
1694632,1890,1906,1852,0.7800,-0.4812,0.5878,-6.090,4.470,1.306
1694642,1942,1913,1849,0.7795,-0.4840,0.5862,-5.648,4.262,1.559
1694652,1870,1915,1995,0.7799,-0.4860,0.5835,-4.952,4.037,1.855
1694662,1993,1907,1858,0.7792,-0.4882,0.5815,-4.048,3.742,2.185
1694672,1884,1916,1852,0.7791,-0.4886,0.5814,-2.946,3.446,2.514
1694682,1896,1904,2386,0.7794,-0.4882,0.5821,-1.753,3.117,2.823
1694692,1875,1906,2031,0.7787,-0.4856,0.5832,-0.415,2.719,3.164
1694702,1908,1905,2023,0.7770,-0.4829,0.5855,0.929,2.268,3.537
1694712,1904,1903,1859,0.7755,-0.4796,0.5890,2.176,1.756,3.958
1694722,1924,1905,1937,0.7736,-0.4760,0.5904,3.142,1.275,4.394
1694732,1869,1920,1910,0.7726,-0.4734,0.5931,3.800,0.775,4.814
1694742,1899,1904,1883,0.7725,-0.4715,0.5973,4.129,0.164,5.212
1694752,1874,1913,1929,0.7715,-0.4707,0.5998,4.253,-0.420,5.598
1694762,1930,1907,1994,0.7705,-0.4706,0.6056,4.194,-0.992,5.984
1694772,1870,1929,1861,0.7688,-0.4721,0.6096,4.083,-1.421,6.349
1694782,1875,1926,1863,0.7667,-0.4738,0.6173,3.951,-1.796,6.665
1694792,1890,1931,1878,0.7658,-0.4774,0.6223,3.851,-2.080,6.912
1694802,1882,1907,1986,0.7657,-0.4810,0.6267,3.915,-2.242,7.108
1694812,1870,1909,1901,0.7647,-0.4853,0.6306,4.133,-2.357,7.238
1694822,1874,1905,1846,0.7656,-0.4898,0.6335,4.613,-2.407,7.280
1694832,1883,1920,1854,0.7653,-0.4947,0.6367,5.343,-2.405,7.229
1694842,1875,1904,1849,0.7636,-0.4994,0.6356,6.364,-2.372,7.171
1694852,1869,1911,1853,0.7611,-0.5005,0.6338,7.758,-2.288,7.182
1694862,1918,1906,1972,0.7584,-0.4992,0.6328,9.432,-2.256,7.269
1694872,1869,1908,1850,0.7554,-0.4968,0.6307,11.239,-2.262,7.405
1694882,1917,1916,1854,0.7551,-0.4927,0.6294,12.989,-2.355,7.583
1694892,1874,1906,1907,0.7561,-0.4866,0.6300,14.470,-2.442,7.731
1694902,1914,1911,1865,0.7594,-0.4817,0.6289,15.504,-2.480,7.814
1694912,1871,1906,1898,0.7625,-0.4758,0.6270,16.201,-2.432,7.887
1694922,1883,1909,1863,0.7655,-0.4689,0.6229,16.605,-2.373,7.972
1694932,1870,1910,1861,0.7689,-0.4623,0.6170,16.828,-2.328,8.040
1694942,1876,1904,1850,0.7714,-0.4532,0.6113,16.821,-2.400,8.107
1694952,1870,1909,1851,0.7765,-0.4422,0.6028,16.558,-2.582,8.164
1694962,1883,1904,1851,0.7814,-0.4293,0.5937,16.005,-2.816,8.186
1694972,1868,1903,1852,0.7858,-0.4152,0.5843,15.156,-3.130,8.138
1694982,1885,1905,1856,0.7892,-0.4006,0.5746,14.042,-3.496,8.029
1694992,1869,1913,1850,0.7947,-0.3867,0.5683,12.586,-3.994,7.990
1695002,1884,1905,1993,0.8003,-0.3749,0.5614,10.804,-4.538,7.896
1695012,1870,1917,1937,0.8070,-0.3617,0.5615,8.563,-5.192,7.813
1695022,1868,1905,1847,0.8119,-0.3512,0.5622,5.710,-5.832,7.729
1695032,1868,1909,1862,0.8159,-0.3470,0.5567,2.579,-6.096,7.405
1695042,1897,1906,1852,0.8199,-0.3493,0.5547,-0.536,-6.261,6.840
1695052,1870,1925,1926,0.8210,-0.3534,0.5473,-3.082,-6.181,6.079
1695062,1910,1907,1933,0.8233,-0.3596,0.5438,-4.818,-6.074,5.125
1695072,1871,1909,1872,0.8259,-0.3674,0.5434,-5.568,-6.013,4.017
1695082,1899,1907,1870,0.8283,-0.3743,0.5429,-5.377,-5.911,2.859
1695092,1872,1921,1994,0.8292,-0.3799,0.5446,-4.507,-5.739,1.698
1695102,1915,1913,1954,0.8285,-0.3841,0.5479,-3.342,-5.504,0.554
1695112,1871,1920,1849,0.8281,-0.3881,0.5524,-2.246,-5.270,-0.536
1695122,1889,1907,1891,0.8239,-0.3896,0.5556,-1.483,-4.962,-1.537
1695132,1875,1914,1997,0.8161,-0.3895,0.5602,-1.222,-4.688,-2.428
1695142,1887,1905,1912,0.8119,-0.3911,0.5659,-1.577,-4.587,-3.286
1695152,1873,1913,1891,0.8090,-0.3967,0.5698,-2.526,-4.503,-4.156
1695162,1893,1905,1852,0.8037,-0.4030,0.5746,-3.957,-4.443,-5.059
1695172,1870,1916,1847,0.7971,-0.4097,0.5761,-5.656,-4.329,-5.872
1695182,1906,1907,1857,0.7901,-0.4181,0.5793,-7.417,-4.126,-6.534
1695192,1877,1906,1980,0.7816,-0.4265,0.5825,-9.169,-3.986,-7.099
1695202,1889,1903,1858,0.7743,-0.4381,0.5850,-10.787,-3.834,-7.614
1695212,1870,1909,1874,0.7705,-0.4533,0.5923,-12.242,-3.770,-8.060
1695222,1909,1914,1867,0.7676,-0.4702,0.5976,-13.444,-3.720,-8.534
1695232,1872,1913,1934,0.7647,-0.4882,0.6032,-14.350,-3.617,-9.084
1695242,1897,1904,1876,0.7641,-0.5037,0.6072,-14.789,-3.378,-9.188
1695252,1879,1917,1849,0.7629,-0.5190,0.6126,-14.664,-3.008,-9.065
1695262,1921,1926,1903,0.7613,-0.5314,0.6165,-14.072,-2.674,-8.801
1695272,1873,1906,1857,0.7575,-0.5382,0.6147,-12.956,-2.176,-8.372
1695282,1914,1906,1973,0.7549,-0.5436,0.6187,-11.446,-1.879,-7.927
1695292,1880,1905,1865,0.7518,-0.5493,0.6193,-9.646,-1.636,-7.475
1695302,1920,1913,1966,0.7504,-0.5504,0.6236,-7.691,-1.406,-6.887
1695312,1892,1916,1934,0.7498,-0.5499,0.6292,-5.816,-1.243,-6.141
1695322,1915,1903,1882,0.7480,-0.5479,0.6309,-3.973,-0.947,-5.336
1695332,1880,1917,1964,0.7491,-0.5450,0.6359,-2.313,-0.691,-4.516
1695342,1940,1911,1882,0.7521,-0.5408,0.6393,-0.820,-0.415,-3.686
1695352,1876,1916,1856,0.7556,-0.5334,0.6398,0.497,-0.124,-2.868
1695362,1962,1919,2056,0.7565,-0.5251,0.6401,1.603,0.200,-2.128
1695372,1871,1926,1938,0.7572,-0.5171,0.6388,2.644,0.539,-1.477
1695382,1941,1906,1887,0.7595,-0.5092,0.6365,3.586,0.856,-0.878
1695392,1901,1907,1856,0.7633,-0.4990,0.6320,4.453,1.130,-0.273
1695402,1916,1907,1852,0.7657,-0.4891,0.6255,5.213,1.381,0.316
1695412,1881,1905,1855,0.7677,-0.4782,0.6224,5.925,1.543,0.819
1695422,1953,1911,1846,0.7718,-0.4661,0.6183,6.521,1.606,1.284
1695432,1878,1908,1852,0.7771,-0.4560,0.6124,7.012,1.719,1.632
1695442,1903,1908,1851,0.7821,-0.4469,0.6078,7.284,1.739,1.908
1695452,1870,1908,1854,0.7887,-0.4364,0.6006,7.379,1.736,2.209
1695462,1951,1922,1896,0.7933,-0.4240,0.5931,7.222,1.727,2.575
1695472,1873,1908,1878,0.7979,-0.4123,0.5833,6.765,1.645,2.872
1695482,1911,1909,1848,0.8026,-0.4014,0.5732,6.083,1.428,3.088
1695492,1884,1904,1900,0.8070,-0.3913,0.5638,5.115,0.968,3.297
1695502,1919,1907,1966,0.8121,-0.3811,0.5552,3.861,0.345,3.454
1695512,1872,1905,1952,0.8161,-0.3721,0.5472,2.355,-0.383,3.597
1695522,1902,1906,1875,0.8199,-0.3640,0.5404,0.717,-1.089,3.700
1695532,1883,1905,1876,0.8255,-0.3604,0.5379,-0.934,-1.760,3.694
1695542,1906,1912,1852,0.8294,-0.3595,0.5333,-2.436,-2.230,3.491
1695552,1874,1906,1858,0.8306,-0.3605,0.5291,-3.496,-2.491,3.101
1695562,1888,1908,1872,0.8310,-0.3619,0.5251,-3.927,-2.653,2.506
1695572,1871,1907,1912,0.8307,-0.3646,0.5240,-3.673,-2.832,1.763
1695582,1943,1913,1974,0.8307,-0.3664,0.5217,-2.881,-3.087,0.945
1695592,1877,1911,1851,0.8289,-0.3693,0.5250,-1.828,-3.357,0.070
1695602,1910,1923,2034,0.8288,-0.3719,0.5316,-0.873,-3.772,-0.779
1695612,1875,1906,1849,0.8264,-0.3740,0.5374,-0.379,-3.998,-1.611
1695622,1902,1918,1878,0.8218,-0.3783,0.5478,-0.548,-4.204,-2.506
1695632,1893,1906,1996,0.8154,-0.3854,0.5530,-1.309,-4.306,-3.388
1695642,1874,1910,1882,0.8090,-0.3957,0.5595,-2.524,-4.365,-4.130
1695652,1871,1941,2603,0.8016,-0.4073,0.5698,-4.122,-4.556,-4.689
1695662,1887,1911,1868,0.7969,-0.4211,0.5808,-5.909,-4.664,-5.096
1695672,1882,1905,1911,0.7928,-0.4364,0.5910,-7.822,-4.708,-5.407
1695682,1889,1908,1851,0.7887,-0.4520,0.5995,-9.608,-4.610,-5.681
1695692,1900,1908,1953,0.7847,-0.4670,0.6086,-11.114,-4.404,-5.898
1695702,1893,1918,1962,0.7794,-0.4805,0.6149,-12.223,-3.996,-6.016
1695712,1873,1906,1911,0.7744,-0.4937,0.6202,-12.805,-3.454,-6.091
1695722,1877,1914,1853,0.7688,-0.5067,0.6254,-12.834,-2.897,-6.114
1695732,1881,1904,2014,0.7634,-0.5189,0.6307,-12.372,-2.320,-6.018
1695742,1877,1910,1874,0.7588,-0.5312,0.6347,-11.487,-1.673,-5.805
1695752,1883,1909,1898,0.7564,-0.5433,0.6408,-10.251,-0.999,-5.456
1695762,1876,1910,1858,0.7572,-0.5520,0.6443,-8.780,-0.260,-4.881
1695772,1889,1908,1915,0.7602,-0.5573,0.6460,-7.110,0.570,-4.090
1695782,1909,1920,1862,0.7614,-0.5573,0.6471,-5.267,1.378,-3.130
1695792,1888,1904,1881,0.7587,-0.5550,0.6429,-3.285,2.201,-2.128
1695802,1900,1921,1874,0.7570,-0.5513,0.6411,-1.300,2.944,-1.237
1695812,1893,1908,1917,0.7568,-0.5470,0.6363,0.610,3.620,-0.451
1695822,1893,1917,1880,0.7580,-0.5414,0.6297,2.461,4.217,0.239
1695832,1889,1904,1884,0.7587,-0.5362,0.6255,4.278,4.660,0.868
1695842,1898,1912,1854,0.7593,-0.5300,0.6197,6.181,5.055,1.477
1695852,1897,1904,1932,0.7619,-0.5216,0.6174,8.065,5.282,2.081
1695862,1896,1926,1862,0.7672,-0.5133,0.6140,9.807,5.439,2.653
1695872,1909,1909,1926,0.7719,-0.5043,0.6100,11.347,5.525,3.212
1695882,1885,1920,1847,0.7772,-0.4943,0.6039,12.632,5.587,3.727
1695892,1895,1904,1869,0.7802,-0.4840,0.6000,13.644,5.641,4.224
1695902,1886,1922,1849,0.7824,-0.4724,0.5938,14.374,5.622,4.627
1695912,1882,1926,1888,0.7844,-0.4619,0.5872,14.894,5.505,4.938
1695922,1887,1911,1879,0.7874,-0.4525,0.5813,15.223,5.235,5.175
1695932,1904,1905,1871,0.7900,-0.4439,0.5770,15.369,4.845,5.390
1695942,1883,1918,1907,0.7920,-0.4351,0.5725,15.340,4.399,5.665
1695952,1889,1906,1876,0.7947,-0.4259,0.5669,15.150,3.884,5.988
1695962,1887,1911,1892,0.7983,-0.4167,0.5615,14.849,3.367,6.245
1695972,1932,1905,1929,0.8024,-0.4089,0.5567,14.495,2.830,6.332
1695982,1883,1907,1868,0.8062,-0.4016,0.5546,14.119,2.229,6.263
1695992,1892,1909,1874,0.8108,-0.3955,0.5517,13.722,1.641,6.096
1696002,1884,1905,1862,0.8152,-0.3903,0.5516,13.245,1.069,5.870
1696012,1921,1905,1869,0.8202,-0.3856,0.5520,12.682,0.545,5.611
1696022,1877,1912,1852,0.8240,-0.3814,0.5495,12.057,0.098,5.301
1696032,1919,1904,1866,0.8265,-0.3764,0.5473,11.454,-0.292,4.891
1696042,1889,1913,1866,0.8269,-0.3730,0.5456,10.970,-0.638,4.317
1696052,1906,1907,1865,0.8275,-0.3702,0.5444,10.670,-0.991,3.623
1696062,1898,1931,1968,0.8273,-0.3695,0.5436,10.476,-1.366,2.902
1696072,1906,1906,1935,0.8264,-0.3693,0.5438,10.319,-1.772,2.254
1696082,1887,1924,1898,0.8254,-0.3671,0.5461,10.066,-2.219,1.708
1696092,1882,1910,1857,0.8225,-0.3645,0.5502,9.548,-2.655,1.194
1696102,1899,1920,1853,0.8223,-0.3645,0.5546,8.627,-3.093,0.656
1696112,1894,1904,1850,0.8219,-0.3661,0.5603,7.310,-3.482,0.094
1696122,1888,1915,1903,0.8209,-0.3688,0.5663,5.657,-3.860,-0.445
1696132,1893,1906,1855,0.8190,-0.3723,0.5712,3.807,-4.135,-0.965
1696142,1883,1918,1889,0.8164,-0.3775,0.5773,1.896,-4.373,-1.495
1696152,1903,1907,1895,0.8138,-0.3856,0.5847,0.153,-4.507,-2.028
1696162,1876,1916,1886,0.8069,-0.3881,0.5943,-1.292,-4.500,-2.470
1696172,1880,1906,1975,0.8003,-0.3925,0.6019,-2.497,-4.279,-2.918
1696182,1876,1912,1894,0.7972,-0.4059,0.6107,-3.564,-3.928,-3.417
1696192,1903,1904,1868,0.7906,-0.4162,0.6246,-4.524,-3.611,-3.799
1696202,1904,1946,1950,0.7847,-0.4192,0.6397,-5.213,-3.125,-3.942
1696212,1906,1904,1923,0.7763,-0.4198,0.6537,-5.906,-2.293,-4.124
1696222,1897,1934,1905,0.7704,-0.4222,0.6655,-6.478,-1.230,-4.561
1696232,1901,1909,1847,0.7674,-0.4281,0.6751,-7.128,-0.095,-5.191
1696242,1893,1927,1920,0.7663,-0.4376,0.6766,-7.920,1.068,-5.792
1696252,1903,1905,1887,0.7646,-0.4469,0.6796,-8.835,2.156,-6.190
1696262,1882,1923,1857,0.7627,-0.4567,0.6795,-9.854,3.094,-6.333
1696272,1926,1924,1880,0.7593,-0.4619,0.6757,-10.870,3.995,-6.270
1696282,1874,1903,1909,0.7585,-0.4683,0.6712,-11.986,4.693,-6.046
1696292,1896,1904,1981,0.7578,-0.4766,0.6618,-13.136,5.217,-5.765
1696302,1890,1920,1870,0.7584,-0.4853,0.6547,-14.071,5.496,-5.318
1696312,1888,1906,1851,0.7607,-0.4909,0.6450,-14.554,5.642,-4.641
1696322,1887,1913,1896,0.7605,-0.4933,0.6342,-14.375,5.758,-3.856
1696332,1883,1915,1871,0.7612,-0.4948,0.6245,-13.426,5.764,-3.163
1696342,1891,1924,2159,0.7629,-0.4949,0.6163,-11.735,5.610,-2.590
1696352,1904,1905,1932,0.7652,-0.4915,0.6114,-9.497,5.337,-2.084
1696362,1876,1929,1927,0.7685,-0.4896,0.6061,-6.949,5.095,-1.689
1696372,1906,1904,1885,0.7722,-0.4864,0.6022,-4.238,4.745,-1.314
1696382,1872,1914,1852,0.7760,-0.4798,0.5968,-1.467,4.396,-0.911
1696392,1912,1904,1861,0.7793,-0.4744,0.5931,1.099,4.041,-0.561
1696402,1875,1919,1889,0.7825,-0.4680,0.5926,3.325,3.653,-0.208
1696412,1895,1904,1858,0.7840,-0.4597,0.5925,5.128,3.314,0.194
1696422,1887,1924,1856,0.7853,-0.4524,0.5915,6.517,3.044,0.603
1696432,1939,1919,2124,0.7862,-0.4441,0.5917,7.331,2.767,1.090
1696442,1872,1904,1993,0.7874,-0.4356,0.5906,7.792,2.480,1.579
1696452,1906,1905,1883,0.7884,-0.4291,0.5923,7.845,2.224,1.976
1696462,1870,1914,1849,0.7908,-0.4243,0.5944,7.546,2.008,2.274
1696472,1908,1904,1849,0.7921,-0.4206,0.5970,6.992,1.885,2.503
1696482,1873,1914,1973,0.7915,-0.4169,0.6000,6.286,1.820,2.631
1696492,1899,1905,1950,0.7925,-0.4146,0.6027,5.532,1.808,2.632
1696502,1872,1911,1871,0.7933,-0.4141,0.6054,4.769,1.868,2.496
1696512,1885,1905,1848,0.7937,-0.4125,0.6070,4.062,1.947,2.287
1696522,1872,1915,1859,0.7937,-0.4129,0.6083,3.498,2.052,2.068
1696532,1917,1907,1900,0.7925,-0.4107,0.6082,3.082,2.248,1.875
1696542,1900,1923,2125,0.7917,-0.4077,0.6085,2.720,2.376,1.693
1696552,1894,1908,1945,0.7930,-0.4061,0.6084,2.242,2.469,1.462
1696562,1867,1910,1969,0.7941,-0.4061,0.6082,1.624,2.594,1.228
1696572,1877,1906,1864,0.7950,-0.4059,0.6080,0.824,2.740,1.016
1696582,1867,1914,1849,0.7951,-0.4062,0.6060,-0.117,2.951,0.849
1696592,1870,1918,1860,0.7944,-0.4082,0.6032,-1.123,3.134,0.705
1696602,1872,1925,1905,0.7941,-0.4096,0.6021,-2.012,3.230,0.624
1696612,1890,1904,2033,0.7943,-0.4106,0.6012,-2.683,3.271,0.604
1696622,1872,1918,1862,0.7945,-0.4125,0.5988,-3.170,3.217,0.607
1696632,1885,1905,1853,0.7949,-0.4142,0.5974,-3.474,3.064,0.600
1696642,1871,1916,1935,0.7958,-0.4158,0.5957,-3.656,2.823,0.614
1696652,1982,1907,2288,0.7948,-0.4166,0.5944,-3.707,2.526,0.659
1696662,1879,1913,1895,0.7947,-0.4188,0.5935,-3.701,2.174,0.714
1696672,1904,1907,1848,0.7934,-0.4203,0.5941,-3.706,1.804,0.759
1696682,1868,1914,1850,0.7927,-0.4203,0.5960,-3.573,1.382,0.833
1696692,1919,1905,1851,0.7910,-0.4213,0.5954,-3.276,1.062,0.903
1696702,1870,1913,2005,0.7895,-0.4211,0.5969,-2.803,0.734,0.948
1696712,1887,1907,1876,0.7883,-0.4207,0.5997,-2.165,0.380,0.994
1696722,1880,1920,1922,0.7891,-0.4216,0.6054,-1.505,-0.022,1.047
1696732,1924,1905,1853,0.7897,-0.4217,0.6099,-0.986,-0.373,1.079
1696742,1872,1911,1826,0.7884,-0.4214,0.6151,-0.619,-0.565,1.087
1696752,1908,1905,1848,0.7863,-0.4216,0.6177,-0.396,-0.670,1.035
1696762,1870,1916,1849,0.7837,-0.4222,0.6195,-0.288,-0.730,0.967
1696772,2007,1932,1874,0.7805,-0.4218,0.6214,-0.257,-0.827,0.930
1696782,1870,1920,1862,0.7789,-0.4209,0.6242,-0.330,-0.955,0.960
1696792,1915,1905,1849,0.7782,-0.4214,0.6267,-0.579,-1.060,0.978
1696802,1870,1909,1859,0.7782,-0.4238,0.6299,-0.942,-1.090,0.926
1696812,1929,1905,1866,0.7778,-0.4273,0.6314,-1.296,-1.052,0.790
1696822,1879,1907,1984,0.7760,-0.4304,0.6309,-1.527,-0.983,0.618
1696832,1916,1912,2161,0.7753,-0.4328,0.6303,-1.595,-0.911,0.479
1696842,1883,1938,1946,0.7743,-0.4350,0.6301,-1.512,-0.835,0.421
1696852,1902,1910,1906,0.7743,-0.4355,0.6309,-1.385,-0.767,0.468
1696862,1872,1904,1848,0.7746,-0.4352,0.6303,-1.295,-0.654,0.579
1696872,1894,1905,1919,0.7747,-0.4348,0.6297,-1.296,-0.537,0.671
1696882,1869,1909,1854,0.7747,-0.4345,0.6272,-1.393,-0.423,0.709
1696892,1880,1905,1878,0.7749,-0.4356,0.6250,-1.601,-0.370,0.714
1696902,1869,1921,2146,0.7763,-0.4368,0.6244,-1.918,-0.338,0.682
1696912,1897,1913,1939,0.7768,-0.4386,0.6212,-2.235,-0.292,0.638
1696922,1875,1905,2221,0.7773,-0.4388,0.6198,-2.502,-0.242,0.591
1696932,1900,1906,1942,0.7775,-0.4394,0.6187,-2.645,-0.181,0.560
1696942,1871,1922,2079,0.7781,-0.4391,0.6182,-2.695,-0.166,0.559
1696952,1967,1916,1869,0.7782,-0.4392,0.6167,-2.689,-0.091,0.540
1696962,1876,1918,1870,0.7787,-0.4393,0.6151,-2.612,0.033,0.516
1696972,1957,1908,1870,0.7792,-0.4392,0.6145,-2.513,0.144,0.463
1696982,1875,1937,2039,0.7794,-0.4403,0.6126,-2.371,0.296,0.404
1696992,1906,1905,1967,0.7793,-0.4395,0.6132,-2.192,0.431,0.374
1697002,1876,1920,1862,0.7789,-0.4385,0.6126,-2.017,0.593,0.357
1697012,1917,1906,1853,0.7792,-0.4384,0.6094,-1.861,0.762,0.351
1697022,1870,1916,2068,0.7793,-0.4382,0.6074,-1.795,0.926,0.340
1697032,1926,1914,1893,0.7798,-0.4367,0.6044,-1.826,1.092,0.323
1697042,1869,1912,1898,0.7803,-0.4381,0.6035,-1.951,1.213,0.328
1697052,1911,1906,1852,0.7805,-0.4388,0.6022,-2.155,1.319,0.353
1697062,1877,1925,1920,0.7799,-0.4404,0.6008,-2.391,1.434,0.409
1697072,1933,1904,2014,0.7803,-0.4418,0.5989,-2.582,1.510,0.504
1697082,1874,1917,1892,0.7801,-0.4424,0.5985,-2.686,1.544,0.628
1697092,1939,1908,1849,0.7796,-0.4433,0.5993,-2.719,1.550,0.772
1697102,1876,1923,1857,0.7799,-0.4430,0.6007,-2.690,1.523,0.906
1697112,1940,1920,1993,0.7798,-0.4427,0.6015,-2.644,1.495,1.023
1697122,1881,1905,1916,0.7792,-0.4421,0.6025,-2.578,1.426,1.137
1697132,1917,1904,1889,0.7795,-0.4424,0.6053,-2.483,1.321,1.250
1697142,1890,1917,1865,0.7805,-0.4436,0.6089,-2.408,1.137,1.368
1697152,1951,1905,1906,0.7801,-0.4445,0.6107,-2.384,1.023,1.479
1697162,1878,1915,1886,0.7800,-0.4444,0.6107,-2.326,0.991,1.553
1697172,1929,1911,1851,0.7790,-0.4442,0.6108,-2.218,0.960,1.570
1697182,1886,1910,1848,0.7773,-0.4438,0.6109,-2.013,0.924,1.540
1697192,1939,1904,1874,0.7752,-0.4447,0.6118,-1.759,0.819,1.485
1697202,1910,1911,1847,0.7740,-0.4444,0.6130,-1.468,0.704,1.445
1697212,1958,1904,1861,0.7736,-0.4428,0.6158,-1.184,0.555,1.397
1697222,1891,1920,2069,0.7734,-0.4428,0.6181,-0.961,0.405,1.325
1697232,1940,1911,1948,0.7731,-0.4416,0.6214,-0.823,0.283,1.246
1697242,1879,1937,1937,0.7723,-0.4417,0.6225,-0.772,0.216,1.163
1697252,1967,1903,1854,0.7723,-0.4429,0.6238,-0.804,0.190,1.071
1697262,1889,1922,1860,0.7726,-0.4446,0.6231,-0.888,0.200,1.008
1697272,1953,1904,1886,0.7722,-0.4439,0.6228,-0.954,0.200,1.002
1697282,1914,1928,1852,0.7715,-0.4434,0.6217,-0.977,0.240,1.012
1697292,1959,1906,1851,0.7705,-0.4433,0.6204,-0.920,0.253,0.988
1697302,1897,1932,1878,0.7702,-0.4437,0.6208,-0.846,0.217,0.937
1697312,1957,1905,1945,0.7708,-0.4449,0.6204,-0.765,0.212,0.864
1697322,1907,1921,1856,0.7707,-0.4458,0.6202,-0.647,0.220,0.803
1697332,1992,1904,1882,0.7711,-0.4464,0.6210,-0.523,0.198,0.758
1697342,1885,1924,1849,0.7717,-0.4484,0.6215,-0.468,0.135,0.750
1697352,1958,1904,1937,0.7715,-0.4494,0.6204,-0.460,0.088,0.779
1697362,1879,1928,1924,0.7711,-0.4499,0.6197,-0.430,0.077,0.840
1697372,1930,1907,1848,0.7706,-0.4503,0.6182,-0.323,0.051,0.911
1697382,1876,1924,1974,0.7696,-0.4500,0.6183,-0.160,-0.026,0.970
1697392,1895,1904,1952,0.7696,-0.4524,0.6192,0.032,-0.153,0.999
1697402,1870,1937,2075,0.7687,-0.4530,0.6171,0.233,-0.285,1.031
1697412,1913,1905,1969,0.7697,-0.4537,0.6150,0.486,-0.380,1.081
1697422,1869,1926,1881,0.7696,-0.4541,0.6157,0.738,-0.531,1.151
1697432,1908,1904,1851,0.7709,-0.4551,0.6157,1.005,-0.684,1.247
1697442,1880,1917,1848,0.7721,-0.4557,0.6143,1.263,-0.845,1.369
1697452,1918,1906,1879,0.7716,-0.4551,0.6123,1.550,-1.005,1.515
1697462,1871,1914,1972,0.7707,-0.4555,0.6120,1.854,-1.228,1.624
1697472,1971,1909,1896,0.7703,-0.4566,0.6117,2.201,-1.536,1.699
1697482,1901,1914,1896,0.7701,-0.4579,0.6111,2.600,-1.850,1.796
1697492,1957,1904,1963,0.7703,-0.4592,0.6125,3.067,-2.183,1.919
1697502,1865,1907,1997,0.7705,-0.4601,0.6118,3.580,-2.511,2.066
1697512,1906,1928,1854,0.7709,-0.4600,0.6125,4.215,-2.845,2.244
1697522,1871,1918,1850,0.7710,-0.4598,0.6132,4.927,-3.181,2.424
1697532,1910,1905,1868,0.7716,-0.4596,0.6139,5.689,-3.499,2.591
1697542,1871,1913,1854,0.7717,-0.4584,0.6139,6.470,-3.779,2.722
1697552,1894,1906,1951,0.7713,-0.4571,0.6140,7.268,-4.038,2.832
1697562,1889,1901,2274,0.7708,-0.4558,0.6146,8.007,-4.308,2.934
1697572,1890,1909,1959,0.7711,-0.4536,0.6143,8.690,-4.574,3.027
1697582,1872,1909,1913,0.7722,-0.4506,0.6153,9.268,-4.843,3.136
1697592,1908,1907,1959,0.7722,-0.4479,0.6162,9.746,-5.077,3.261
1697602,1912,1905,2012,0.7736,-0.4459,0.6169,10.087,-5.208,3.354
1697612,1935,1904,1854,0.7754,-0.4433,0.6171,10.305,-5.276,3.395
1697622,1884,1913,1862,0.7757,-0.4411,0.6173,10.378,-5.262,3.404
1697632,1898,1914,2058,0.7757,-0.4391,0.6161,10.320,-5.201,3.407
1697642,1876,1910,1871,0.7760,-0.4370,0.6158,10.074,-5.104,3.379
1697652,1911,1908,1945,0.7763,-0.4355,0.6134,9.721,-4.950,3.311
1697662,1867,1927,1862,0.7771,-0.4357,0.6142,9.257,-4.859,3.221
1697672,1930,1904,1995,0.7783,-0.4366,0.6126,8.750,-4.742,3.128
1697682,1877,1914,1873,0.7785,-0.4378,0.6117,8.285,-4.581,3.078
1697692,1907,1910,1913,0.7777,-0.4387,0.6095,7.912,-4.447,3.050
1697702,1921,1909,1883,0.7769,-0.4404,0.6079,7.656,-4.324,3.055
1697712,1920,1915,1868,0.7762,-0.4419,0.6066,7.486,-4.263,3.110
1697722,1887,1907,2085,0.7760,-0.4432,0.6042,7.368,-4.290,3.179
1697732,1910,1919,1922,0.7756,-0.4445,0.6034,7.292,-4.424,3.282
1697742,1872,1925,1924,0.7759,-0.4468,0.6048,7.220,-4.641,3.401
1697752,1899,1905,1857,0.7760,-0.4475,0.6067,7.155,-4.926,3.562
1697762,1898,1907,1939,0.7765,-0.4491,0.6058,7.136,-5.233,3.726
1697772,1903,1906,1962,0.7780,-0.4512,0.6062,7.182,-5.609,3.862
1697782,1869,1952,1924,0.7780,-0.4532,0.6060,7.375,-6.012,3.967
1697792,1919,1904,1913,0.7785,-0.4532,0.6072,7.742,-6.443,4.061
1697802,1875,1911,1871,0.7782,-0.4529,0.6089,8.276,-6.937,4.128
1697812,1908,1904,1853,0.7784,-0.4519,0.6110,8.985,-7.419,4.145
1697822,1868,1922,1874,0.7788,-0.4501,0.6133,9.798,-7.937,4.128
1697832,1909,1907,1865,0.7800,-0.4471,0.6153,10.690,-8.398,4.078
1697842,1876,1913,1863,0.7807,-0.4413,0.6183,11.646,-8.764,4.010
1697852,1947,1912,2086,0.7808,-0.4360,0.6216,12.587,-9.102,3.875
1697862,1869,1929,1879,0.7819,-0.4299,0.6241,13.412,-9.339,3.651
1697872,1911,1910,2248,0.7834,-0.4254,0.6262,14.064,-9.491,3.358
1697882,1874,1916,2019,0.7850,-0.4210,0.6265,14.401,-9.591,3.042
1697892,1925,1905,1876,0.7859,-0.4168,0.6279,14.340,-9.584,2.772
1697902,1870,1923,1857,0.7873,-0.4124,0.6292,13.890,-9.465,2.552
1697912,1907,1905,1903,0.7876,-0.4079,0.6300,13.089,-9.268,2.353
1697922,1868,1919,2235,0.7881,-0.4052,0.6265,12.008,-8.957,2.125
1697932,1948,1908,1907,0.7885,-0.4039,0.6274,10.740,-8.680,1.886
1697942,1879,1907,1937,0.7886,-0.4019,0.6266,9.312,-8.409,1.668
1697952,1897,1904,1902,0.7897,-0.4023,0.6251,7.787,-8.014,1.478
1697962,1872,1909,1973,0.7899,-0.4028,0.6241,6.239,-7.580,1.312
1697972,1911,1905,1886,0.7907,-0.4029,0.6241,4.722,-7.125,1.175
1697982,1872,1912,1849,0.7922,-0.4034,0.6225,3.164,-6.368,0.923
1697992,1890,1904,1872,0.7924,-0.4041,0.6203,1.834,-5.578,0.670
1698002,1868,1922,2114,0.7931,-0.4048,0.6169,0.694,-4.740,0.432
1698012,1948,1912,1961,0.7941,-0.4067,0.6121,-0.331,-3.880,0.173
1698022,1867,1926,1968,0.7957,-0.4076,0.6101,-1.291,-3.046,-0.085
1698032,1898,1904,1856,0.7958,-0.4098,0.6057,-2.249,-2.215,-0.338
1698042,1874,1916,1865,0.7963,-0.4133,0.6009,-3.181,-1.409,-0.587
1698052,1891,1902,1861,0.7966,-0.4167,0.5963,-4.055,-0.686,-0.823
1698062,1868,1934,2173,0.7974,-0.4198,0.5907,-4.801,-0.058,-1.005
1698072,1883,1908,2065,0.7979,-0.4218,0.5864,-5.407,0.447,-1.172
1698082,1870,1909,2202,0.7987,-0.4243,0.5831,-5.902,0.830,-1.356
1698092,1949,1907,1852,0.8001,-0.4272,0.5822,-6.347,1.104,-1.574
1698102,1873,1916,1896,0.8019,-0.4301,0.5807,-6.762,1.282,-1.783
1698112,1931,1908,1905,0.8028,-0.4318,0.5791,-7.073,1.405,-1.942
1698122,1877,1912,1914,0.8018,-0.4340,0.5771,-7.188,1.465,-2.042
1698132,1906,1906,1932,0.8005,-0.4363,0.5739,-6.997,1.433,-2.097
1698142,1879,1907,1866,0.7997,-0.4358,0.5758,-6.513,1.283,-2.082
1698152,1907,1904,1854,0.7983,-0.4345,0.5775,-5.707,1.060,-2.009
1698162,1874,1909,1893,0.7969,-0.4331,0.5802,-4.615,0.830,-1.900
1698172,1934,1905,1943,0.7963,-0.4315,0.5837,-3.343,0.610,-1.762
1698182,1871,1926,2018,0.7951,-0.4298,0.5894,-1.979,0.467,-1.571
1698192,1936,1909,2077,0.7954,-0.4261,0.5958,-0.736,0.351,-1.310
1698202,1873,1906,1864,0.7948,-0.4214,0.6025,0.324,0.384,-1.041
1698212,1899,1904,1870,0.7934,-0.4165,0.6080,1.042,0.567,-0.860
1698222,1869,1915,1848,0.7940,-0.4120,0.6112,1.433,0.797,-0.781
1698232,1916,1904,1933,0.7940,-0.4087,0.6160,1.364,0.985,-0.851
1698242,1872,1909,1858,0.7950,-0.4074,0.6193,0.862,1.135,-1.070
1698252,1907,1909,2019,0.7968,-0.4084,0.6216,-0.122,1.295,-1.415
1698262,1874,1907,1939,0.7987,-0.4101,0.6234,-1.469,1.471,-1.847
1698272,1882,1913,1851,0.7991,-0.4116,0.6260,-2.993,1.693,-2.309
1698282,1868,1908,1855,0.7976,-0.4139,0.6245,-4.680,1.926,-2.805
1698292,1905,1905,1872,0.7952,-0.4165,0.6211,-6.387,2.135,-3.329
1698302,1879,1909,1866,0.7916,-0.4210,0.6170,-7.938,2.248,-3.810
1698312,1896,1905,2011,0.7882,-0.4262,0.6137,-9.194,2.202,-4.152
1698322,1871,1911,1860,0.7849,-0.4285,0.6123,-10.047,2.058,-4.302
1698332,1884,1906,1960,0.7839,-0.4294,0.6109,-10.478,1.859,-4.298
1698342,1871,1907,1861,0.7828,-0.4301,0.6105,-10.503,1.663,-4.211
1698352,1886,1904,1903,0.7830,-0.4314,0.6091,-10.194,1.484,-4.062
1698362,1874,1927,1877,0.7834,-0.4317,0.6092,-9.626,1.305,-3.868
1698372,1887,1907,2160,0.7845,-0.4323,0.6100,-8.851,1.131,-3.629
1698382,1866,1912,1857,0.7848,-0.4321,0.6099,-7.974,0.976,-3.389
1698392,1887,1905,1902,0.7861,-0.4328,0.6094,-7.131,0.775,-3.195
1698402,1869,1924,1885,0.7873,-0.4338,0.6090,-6.341,0.512,-3.046
1698412,1883,1905,1981,0.7880,-0.4342,0.6097,-5.621,0.202,-2.907
1698422,1868,1914,1858,0.7877,-0.4361,0.6108,-4.914,-0.152,-2.744
1698432,1930,1918,2057,0.7875,-0.4360,0.6125,-4.205,-0.524,-2.545
1698442,1873,1915,1880,0.7875,-0.4340,0.6141,-3.517,-0.869,-2.312
1698452,1895,1905,1879,0.7885,-0.4324,0.6157,-2.898,-1.130,-2.126
1698462,1868,1918,2257,0.7879,-0.4302,0.6173,-2.368,-1.267,-1.991
1698472,1881,1906,1851,0.7878,-0.4280,0.6174,-1.959,-1.323,-1.897
1698482,1867,1910,1981,0.7886,-0.4272,0.6176,-1.711,-1.293,-1.837
1698492,1898,1905,1898,0.7889,-0.4260,0.6178,-1.648,-1.251,-1.778
1698502,1868,1921,1970,0.7894,-0.4255,0.6147,-1.735,-1.116,-1.714
1698512,1903,1915,1995,0.7898,-0.4260,0.6128,-1.938,-0.914,-1.663
1698522,1873,1918,1895,0.7907,-0.4255,0.6114,-2.179,-0.685,-1.622
1698532,1902,1904,1969,0.7906,-0.4245,0.6090,-2.423,-0.407,-1.583
1698542,1868,1914,1940,0.7901,-0.4244,0.6053,-2.667,-0.050,-1.532
1698552,1896,1905,1859,0.7897,-0.4260,0.6008,-2.933,0.311,-1.443
