4032367,1739,1925,1822,0.8634,-0.2912,0.5987,-1.476,3.878,9.388
4032377,1727,1864,1819,0.8640,-0.2933,0.6027,-0.935,3.722,9.210
4032387,1744,1879,1815,0.8661,-0.2970,0.6068,-0.619,3.717,8.999
4032397,1726,1862,1820,0.8683,-0.2995,0.6091,-0.544,3.792,8.907
4032407,1762,1883,1839,0.8687,-0.3006,0.6092,-0.584,3.919,8.981
4032417,1728,1863,1825,0.8679,-0.3006,0.6092,-0.628,4.063,9.098
4032427,1742,1867,1818,0.8672,-0.3002,0.6086,-0.649,4.158,9.180
4032437,1727,1865,1816,0.8667,-0.3009,0.6075,-0.654,4.237,9.164
4032447,1730,1861,1824,0.8669,-0.3020,0.6076,-0.689,4.306,9.054
4032457,1730,1869,1835,0.8672,-0.3023,0.6069,-0.737,4.451,8.940
4032467,1742,1905,1820,0.8665,-0.3023,0.6048,-0.792,4.707,8.834
4032477,1729,1883,1816,0.8658,-0.3027,0.6025,-0.824,4.957,8.712
4032487,1741,1888,1819,0.8647,-0.3034,0.6011,-0.781,5.199,8.576
4032497,1730,1866,1823,0.8643,-0.3069,0.5984,-0.636,5.457,8.420
4032507,1733,1863,1817,0.8640,-0.3094,0.5955,-0.399,5.741,8.289
4032517,1743,1877,1824,0.8634,-0.3113,0.5949,-0.071,6.039,8.275
4032527,1733,1871,1813,0.8629,-0.3108,0.5934,0.331,6.402,8.362
4032537,1729,1868,1814,0.8625,-0.3099,0.5928,0.741,6.787,8.486
4032547,1741,1896,1820,0.8625,-0.3085,0.5930,1.056,7.185,8.609
4032557,1727,1882,1814,0.8613,-0.3066,0.5925,1.251,7.644,8.699
4032567,1738,1874,1820,0.8604,-0.3065,0.5918,1.243,8.045,8.782
4032577,1727,1871,1833,0.8604,-0.3072,0.5939,0.931,8.338,8.895
4032587,1733,1869,1818,0.8624,-0.3111,0.6011,0.244,8.495,9.056
4032597,1737,1880,1829,0.8645,-0.3151,0.6110,-0.897,8.692,9.454
4032607,1737,1863,1825,0.8664,-0.3159,0.6177,-2.478,9.096,10.221
4032617,1733,1905,1830,0.8686,-0.3144,0.6250,-4.458,9.661,11.267
4032627,1733,1911,1819,0.8688,-0.3134,0.6299,-6.723,10.346,12.304
4032637,1735,1868,1821,0.8681,-0.3149,0.6330,-9.156,11.090,13.253
4032647,1741,1895,1814,0.8670,-0.3191,0.6356,-11.607,11.764,14.002
4032657,1728,1864,1817,0.8651,-0.3257,0.6360,-13.905,12.396,14.622
4032667,1728,1865,1813,0.8638,-0.3334,0.6355,-15.850,13.031,15.183
4032677,1746,1908,1815,0.8620,-0.3421,0.6387,-17.357,13.579,15.737
4032687,1729,1921,1813,0.8611,-0.3510,0.6436,-18.366,14.103,16.324
4032697,1741,1874,1814,0.8616,-0.3600,0.6515,-18.839,14.678,17.010
4032707,1734,1912,1815,0.8649,-0.3705,0.6619,-18.852,15.357,17.781
4032717,1746,1864,1823,0.8682,-0.3821,0.6711,-18.443,16.284,18.651
4032727,1732,1865,1834,0.8719,-0.3940,0.6787,-17.635,17.481,19.686
4032737,1757,1871,1819,0.8755,-0.4046,0.6877,-16.430,18.907,20.866
4032747,1729,1886,1821,0.8767,-0.4149,0.6927,-14.775,20.603,22.137
4032757,1749,1866,1836,0.8763,-0.4236,0.6961,-12.662,22.429,23.535
4032767,1732,1892,1823,0.8736,-0.4265,0.6995,-10.119,24.278,25.022
4032777,1729,1874,1814,0.8686,-0.4279,0.7016,-7.267,26.132,26.504
4032787,1728,1881,1839,0.8636,-0.4281,0.7071,-4.239,27.906,27.892
4032797,1755,1891,1829,0.8584,-0.4277,0.7087,-1.172,29.683,29.231
4032807,1731,1870,1815,0.8514,-0.4279,0.7131,1.719,31.469,30.480
4032817,1744,1897,1830,0.8453,-0.4262,0.7185,4.274,33.169,31.690
4032827,1729,1878,1816,0.8385,-0.4254,0.7223,6.488,34.891,32.861
4032837,1755,1950,1828,0.8312,-0.4260,0.7266,8.244,36.519,33.946
4032847,1730,1870,1819,0.8244,-0.4264,0.7308,9.498,38.021,34.945
4032857,1752,1948,1871,0.8153,-0.4236,0.7346,10.375,39.479,35.941
4032867,1740,1867,1825,0.8059,-0.4189,0.7389,10.940,40.835,36.867
4032877,1731,1882,1817,0.7975,-0.4182,0.7432,11.145,42.108,37.621
4032887,1729,1868,1818,0.7916,-0.4233,0.7491,11.002,43.291,38.153
4032897,1774,1917,1815,0.7870,-0.4321,0.7536,10.431,44.474,38.615
4032907,1743,2014,1830,0.7819,-0.4384,0.7592,9.614,45.681,39.251
4032917,1770,1894,1838,0.7775,-0.4446,0.7633,8.756,46.916,40.095
4032927,1733,1876,1822,0.7719,-0.4498,0.7670,7.976,48.119,40.988
4032937,1754,1886,1829,0.7671,-0.4564,0.7706,7.359,49.239,41.893
4032947,1750,1879,1814,0.7603,-0.4637,0.7741,6.933,50.215,42.825
4032957,1747,1887,1845,0.7509,-0.4673,0.7797,6.790,51.081,43.877
4032967,1749,1894,1828,0.7439,-0.4713,0.7850,6.774,51.785,45.055
4032977,1753,1877,1820,0.7350,-0.4736,0.7903,6.765,52.324,46.214
4032987,1729,1862,1820,0.7293,-0.4749,0.7974,6.753,52.772,47.441
4032997,1736,1884,1819,0.7205,-0.4756,0.8004,6.707,53.331,48.594
4033007,1736,1864,1820,0.7104,-0.4752,0.8022,6.635,53.959,49.624
4033017,1765,1875,1847,0.6987,-0.4763,0.8056,6.382,54.470,50.439
4033027,1729,1875,1829,0.6842,-0.4761,0.8016,6.220,55.038,51.088
4033037,1742,1866,1820,0.6675,-0.4722,0.7976,6.307,55.504,51.719
4033047,1738,1922,1823,0.6489,-0.4680,0.7936,6.634,55.785,52.089
4033057,1734,1909,1819,0.6298,-0.4628,0.7879,7.268,55.903,52.134
4033067,1741,1894,1821,0.6097,-0.4569,0.7866,8.039,55.775,51.966
4033077,1773,1928,1825,0.5937,-0.4547,0.7894,8.723,55.385,51.575
4033087,1729,1862,1823,0.5773,-0.4560,0.7892,9.338,55.062,50.841
4033097,1760,1925,1846,0.5648,-0.4551,0.7936,9.808,54.694,50.081
4033107,1748,1897,1819,0.5525,-0.4548,0.7974,10.151,54.265,49.255
4033117,1814,1880,1841,0.5418,-0.4520,0.8005,10.654,53.905,48.317
4033127,1732,1868,1822,0.5313,-0.4539,0.8064,11.199,53.468,47.187
4033137,1773,1971,1841,0.5189,-0.4566,0.8075,11.944,53.128,45.811
4033147,1828,1926,1823,0.5074,-0.4548,0.8070,12.933,52.773,44.552
4033157,1754,1892,1831,0.4928,-0.4505,0.8067,14.054,52.273,43.303
4033167,1733,1867,1829,0.4797,-0.4468,0.8117,15.286,51.602,42.086
4033177,1734,1873,1819,0.4668,-0.4474,0.8196,16.294,50.782,40.859
4033187,1778,1868,1820,0.4570,-0.4467,0.8326,16.791,49.842,39.825
4033197,2021,1897,1832,0.4487,-0.4468,0.8463,16.533,48.923,39.129
4033207,1802,1864,1839,0.4390,-0.4441,0.8576,15.593,48.178,38.692
4033217,1908,1949,1836,0.4286,-0.4391,0.8705,13.976,47.336,38.389
4033227,1776,1946,1822,0.4166,-0.4359,0.8770,11.862,46.417,38.014
4033237,1733,1870,1826,0.4030,-0.4342,0.8802,9.588,45.450,37.510
4033247,1964,1870,1821,0.3900,-0.4352,0.8892,7.243,44.172,36.787
4033257,1734,1865,1821,0.3811,-0.4445,0.8963,4.902,42.754,35.800
4033267,1782,1886,1824,0.3740,-0.4571,0.9013,2.873,41.500,34.730
4033277,1834,1886,1865,0.3690,-0.4699,0.9112,1.360,40.328,33.942
4033287,1747,1865,1865,0.3637,-0.4826,0.9210,0.562,39.362,33.495
4033297,1742,1869,1854,0.3566,-0.4915,0.9249,0.719,38.704,33.314
4033307,1734,1869,1821,0.3490,-0.4959,0.9315,1.896,38.109,33.264
4033317,1746,1938,1847,0.3400,-0.4965,0.9386,4.040,37.549,33.160
4033327,1735,1910,1819,0.3298,-0.4968,0.9397,6.965,37.175,32.872
4033337,1836,1951,1826,0.3204,-0.4984,0.9489,10.347,36.679,32.402
4033347,1955,1894,1820,0.3116,-0.4982,0.9551,13.740,36.052,31.922
4033357,1762,1880,1825,0.3033,-0.4953,0.9558,16.981,35.611,31.544
4033367,1733,1862,1824,0.2949,-0.4925,0.9563,19.660,35.025,31.203
4033377,1754,1866,1832,0.2871,-0.4893,0.9537,21.875,34.446,30.840
4033387,1744,1916,1823,0.2772,-0.4816,0.9525,23.681,33.837,30.562
4033397,1760,1868,1820,0.2698,-0.4729,0.9517,25.066,33.087,30.257
4033407,1735,1877,1823,0.2617,-0.4624,0.9504,26.175,32.318,29.877
4033417,1757,1904,1856,0.2535,-0.4517,0.9511,27.130,31.468,29.438
4033427,1739,1870,1830,0.2458,-0.4430,0.9519,27.876,30.565,28.865
4033437,1737,1863,1824,0.2385,-0.4354,0.9518,28.515,29.619,28.195
4033447,1737,1869,1836,0.2313,-0.4277,0.9502,28.825,28.333,27.232
4033457,1829,1880,1829,0.2232,-0.4190,0.9487,28.991,26.995,26.171
4033467,1738,1895,1828,0.2169,-0.4126,0.9465,29.117,25.568,24.926
4033477,1882,1913,1872,0.2101,-0.4105,0.9445,29.238,24.018,23.499
4033487,1832,1866,1863,0.2037,-0.4130,0.9439,29.489,22.367,21.894
4033497,2195,1872,1842,0.1987,-0.4209,0.9414,29.965,20.600,20.249
4033507,1790,1868,2073,0.1920,-0.4286,0.9434,30.727,18.552,18.736
4033517,2225,2163,3599,0.1837,-0.4292,0.9415,31.828,16.297,17.337
4033527,2033,2117,1834,0.1789,-0.4230,0.9388,33.732,13.975,15.576
4033537,1820,1967,2144,0.1826,-0.4236,0.9536,36.661,11.364,12.817
4033547,1747,1906,2146,0.1974,-0.4242,0.9757,41.236,9.290,9.095
4033557,2084,1876,2046,0.2115,-0.4187,0.9810,48.273,8.811,5.095
4033567,1875,2035,2125,0.2216,-0.4251,0.9875,57.257,9.238,1.582
4033577,1761,1936,3532,0.2259,-0.4230,0.9847,67.310,10.164,-0.532
4033587,1972,1901,2301,0.2263,-0.4029,0.9813,76.898,10.997,-0.738
4033597,1749,1941,2342,0.2354,-0.3805,1.0041,84.074,11.184,0.306
4033607,1938,1931,2362,0.2433,-0.3577,1.0297,88.048,11.200,1.252
4033617,1780,2004,1851,0.2501,-0.3372,1.0460,88.503,11.482,1.901
4033627,1872,1927,2105,0.2457,-0.3139,1.0490,85.513,12.140,2.483
4033637,1885,1897,3538,0.2343,-0.2785,1.0473,79.493,12.788,3.312
4033647,1904,1905,1997,0.2188,-0.2497,1.0322,71.395,13.167,4.032
4033657,1974,1872,1821,0.2069,-0.2307,1.0210,62.420,12.978,4.425
4033667,1731,1873,2129,0.2002,-0.2202,1.0091,53.445,12.135,4.611
4033677,1968,1911,2351,0.1960,-0.2062,0.9906,45.387,11.054,4.770
4033687,1765,1866,1864,0.1961,-0.1914,0.9801,38.681,9.532,5.117
4033697,1780,1876,2075,0.1970,-0.1860,0.9796,32.918,7.525,5.356
4033707,1827,1905,2315,0.1994,-0.1850,0.9850,27.463,5.316,5.445
4033717,1871,1921,1805,0.2015,-0.1834,0.9963,21.751,3.074,5.610
4033727,1805,1884,2098,0.2056,-0.1870,1.0128,15.594,0.937,5.729
4033737,1753,1930,3419,0.2100,-0.1948,1.0262,9.018,-0.904,5.605
4033747,2033,1947,1903,0.2153,-0.2038,1.0308,2.711,-2.297,5.251
4033757,1992,2006,1875,0.2219,-0.2128,1.0364,-2.609,-3.323,4.743
4033767,1746,1996,1933,0.2267,-0.2218,1.0449,-6.464,-4.065,4.133
4033777,1792,1988,1831,0.2298,-0.2284,1.0485,-8.613,-4.330,3.555
4033787,2833,1870,2083,0.2330,-0.2348,1.0551,-9.425,-4.334,3.155
4033797,1754,1869,1778,0.2339,-0.2422,1.0582,-9.440,-4.186,2.909
4033807,1738,1900,4016,0.2348,-0.2466,1.0588,-9.017,-3.928,2.833
4033817,1753,1883,2108,0.2358,-0.2443,1.0636,-8.712,-3.786,2.942
4033827,1733,1877,1754,0.2360,-0.2441,1.0730,-8.983,-3.757,3.145
4033837,1797,1917,1801,0.2369,-0.2474,1.0856,-10.293,-3.788,3.428
4033847,1925,1945,2035,0.2364,-0.2474,1.0888,-12.811,-3.768,3.874
4033857,1980,1927,1757,0.2352,-0.2418,1.0840,-16.186,-3.698,4.431
4033867,1802,1916,1754,0.2364,-0.2398,1.0811,-19.888,-3.836,4.807
4033877,1879,1967,2115,0.2362,-0.2429,1.0779,-22.997,-3.990,4.803
4033887,1783,1862,1812,0.2372,-0.2477,1.0748,-24.970,-4.035,4.582
4033897,1794,1869,1749,0.2412,-0.2596,1.0853,-26.238,-4.168,4.439
4033907,1851,1945,2371,0.2438,-0.2729,1.0953,-27.300,-4.269,4.608
4033917,1907,1869,1821,0.2456,-0.2772,1.0986,-28.366,-4.017,5.279
4033927,1853,1916,2307,0.2460,-0.2781,1.1013,-29.741,-3.735,6.239
4033937,1972,1894,1868,0.2454,-0.2794,1.0958,-31.426,-3.413,7.021
4033947,1746,1862,2317,0.2437,-0.2830,1.0893,-33.114,-3.052,7.433
4033957,1756,1889,2449,0.2395,-0.2860,1.0811,-34.656,-2.816,7.437
4033967,2143,1970,1815,0.2342,-0.2842,1.0667,-35.396,-2.476,7.116
4033977,1986,1932,2528,0.2313,-0.2880,1.0550,-35.237,-2.423,6.514
4033987,1867,1884,1826,0.2314,-0.3040,1.0584,-34.061,-2.684,5.648
4033997,1749,1934,2505,0.2319,-0.3181,1.0869,-32.793,-3.410,5.067
4034007,2212,1901,1810,0.2314,-0.3152,1.0988,-31.449,-3.267,5.256
4034017,2274,2115,1987,0.2340,-0.3249,1.1055,-30.649,-2.723,5.561
4034027,1804,1896,1792,0.2197,-0.3284,1.0480,-29.978,-1.853,5.278
4034037,1810,1941,2202,0.2127,-0.3043,0.9799,-26.928,-0.471,4.738
4034047,1776,1920,1756,0.2583,-0.3340,1.0768,-23.964,-2.317,2.974
4034057,2005,1924,2433,0.2588,-0.3915,1.1181,-22.688,-3.957,-1.098
4034067,1794,1990,1779,0.2576,-0.3626,1.0899,-17.967,-0.737,-1.643
4034077,2432,1927,1927,0.2589,-0.3361,1.1569,-13.732,1.247,0.128
4034087,2393,2126,2148,0.2396,-0.3297,1.1847,-10.772,2.978,-0.847
4034097,2028,1922,1797,0.2379,-0.3172,1.1517,-6.578,6.836,-2.162
4034107,2051,1955,1757,0.2346,-0.3394,1.1250,-4.033,9.264,-4.074
4034117,2695,1866,2213,0.2294,-0.3768,1.0797,-1.890,10.367,-6.348
4034127,1744,1862,2115,0.2290,-0.3968,1.0303,0.895,11.209,-7.284
4034137,2006,1945,1945,0.2310,-0.4044,1.0255,3.857,10.748,-7.368
4034147,2119,1970,1913,0.2308,-0.3948,1.0356,7.642,9.937,-7.379
4034157,1788,1863,2172,0.2285,-0.3639,1.0473,12.911,9.976,-6.848
4034167,2168,1900,2101,0.2219,-0.3305,1.0693,18.051,10.193,-6.212
4034177,1820,1887,1974,0.2182,-0.3128,1.0783,22.092,10.553,-6.100
4034187,2033,1906,1775,0.2156,-0.3006,1.0821,24.721,10.816,-6.087
4034197,2345,1919,1777,0.2157,-0.2895,1.0796,25.735,10.734,-5.969
4034207,2395,1981,1766,0.2183,-0.2880,1.0752,25.431,10.462,-5.822
4034217,1745,1863,2026,0.2165,-0.2810,1.0657,23.707,9.881,-5.539
4034227,1757,1894,1859,0.2105,-0.2654,1.0538,21.086,9.256,-4.930
4034237,1926,1934,1890,0.2078,-0.2549,1.0717,17.052,8.040,-4.240
4034247,1759,1889,2049,0.2001,-0.2535,1.0836,11.767,6.696,-3.942
4034257,1783,1925,1746,0.1928,-0.2471,1.0754,6.793,6.106,-3.584
4034267,1782,1903,1833,0.1921,-0.2510,1.0837,1.869,5.108,-3.242
4034277,1978,1897,1767,0.1940,-0.2606,1.0861,-2.474,3.953,-3.103
4034287,1967,1862,1744,0.1962,-0.2671,1.0855,-5.534,3.361,-2.952
4034297,1971,1978,1758,0.1993,-0.2744,1.0964,-8.027,2.704,-2.740
4034307,1979,1866,1742,0.1960,-0.2792,1.0881,-9.778,2.597,-2.652
4034317,1781,1960,1766,0.1948,-0.2796,1.0756,-10.518,2.838,-2.538
4034327,1838,1885,1744,0.1955,-0.2855,1.0739,-10.860,2.606,-2.566
4034337,1758,1884,1952,0.1959,-0.2914,1.0640,-10.339,2.456,-2.786
4034347,1737,1893,1738,0.1970,-0.2941,1.0602,-8.963,2.441,-3.064
4034357,1777,1908,1766,0.1990,-0.2945,1.0687,-7.331,2.133,-3.351
4034367,1799,1867,1739,0.1977,-0.2881,1.0666,-5.416,2.073,-3.592
4034377,1787,1888,1754,0.1977,-0.2820,1.0631,-3.645,2.176,-3.754
4034387,1753,1889,1768,0.1994,-0.2807,1.0695,-2.738,1.817,-3.941
4034397,1865,1870,1811,0.1989,-0.2805,1.0661,-2.344,1.542,-4.091
4034407,2235,1949,1751,0.2001,-0.2793,1.0614,-2.287,1.313,-4.170
4034417,1919,1892,2167,0.2026,-0.2808,1.0625,-2.702,0.724,-4.189
4034427,2021,1949,1937,0.2064,-0.2844,1.0623,-3.157,0.188,-4.125
4034437,1792,1932,1857,0.2110,-0.2872,1.0721,-3.736,-0.361,-3.855
4034447,1813,1896,1792,0.2119,-0.2889,1.0810,-4.425,-0.813,-3.383
4034457,2063,1925,1799,0.2135,-0.2912,1.0800,-4.706,-0.926,-2.872
4034467,1750,1864,2230,0.2143,-0.2966,1.0852,-4.585,-1.112,-2.410
4034477,1750,1947,1890,0.2174,-0.3022,1.0902,-3.895,-1.195,-1.962
4034487,1877,1900,3852,0.2187,-0.3147,1.0980,-2.732,-0.997,-1.600
4034497,1772,1865,2458,0.2130,-0.3187,1.0859,-1.181,-0.549,-1.403
4034507,1744,1895,1766,0.2075,-0.3087,1.0607,1.015,-0.178,-1.221
4034517,1737,1864,1982,0.2125,-0.2951,1.0485,3.426,-0.747,-1.274
4034527,1957,1920,1727,0.2181,-0.2844,1.0553,5.691,-1.952,-1.883
4034537,1763,1909,1745,0.2285,-0.2709,1.0689,7.572,-2.919,-2.886
4034547,1843,1897,1701,0.2371,-0.2992,1.0699,9.059,-3.127,-4.303
4034557,1771,1933,1789,0.2317,-0.2926,1.0841,10.178,-3.155,-5.027
4034567,1834,1886,1918,0.2307,-0.2445,1.0763,11.199,-2.706,-3.499
4034577,1831,1966,1930,0.2361,-0.2401,1.0696,11.902,-2.313,-2.762
4034587,1971,1999,2254,0.2398,-0.2672,1.0925,11.154,-3.270,-3.855
4034597,1799,1977,1683,0.2382,-0.2659,1.0875,10.333,-3.473,-4.259
4034607,1755,1941,1975,0.2401,-0.2568,1.0821,9.152,-2.949,-3.477
4034617,1946,1875,2415,0.2389,-0.2538,1.0928,6.576,-3.149,-2.892
4034627,1952,1928,2204,0.2368,-0.2458,1.0813,4.190,-3.018,-2.512
4034637,1941,1877,1684,0.2356,-0.2414,1.0796,2.088,-2.882,-2.326
4034647,1816,1867,2193,0.2345,-0.2395,1.0857,0.118,-3.208,-2.364
4034657,1737,1948,2009,0.2326,-0.2414,1.0791,-1.126,-3.094,-2.569
4034667,1862,1874,2698,0.2313,-0.2378,1.0809,-2.105,-3.153,-2.734
4034677,1827,1890,1789,0.2316,-0.2338,1.0856,-2.996,-3.373,-2.875
4034687,1752,1876,2032,0.2329,-0.2341,1.0828,-3.555,-3.338,-3.002
4034697,2067,1969,1895,0.2350,-0.2324,1.0876,-4.085,-3.405,-2.995
4034707,1780,1867,2103,0.2366,-0.2295,1.0881,-4.835,-3.483,-2.934
4034717,1758,1996,1732,0.2375,-0.2324,1.0878,-5.853,-3.475,-2.967
4034727,1828,1920,1951,0.2377,-0.2358,1.0925,-7.147,-3.658,-2.988
4034737,1824,1913,1713,0.2378,-0.2375,1.0936,-8.551,-3.801,-2.947
4034747,1843,1933,2037,0.2382,-0.2363,1.0946,-9.921,-3.884,-2.868
4034757,1799,1872,2860,0.2393,-0.2412,1.0961,-11.336,-4.044,-2.844
4034767,1822,1886,2257,0.2408,-0.2455,1.0926,-12.575,-4.068,-2.841
4034777,1813,1946,1615,0.2415,-0.2477,1.0903,-13.562,-4.083,-2.755
4034787,1746,1960,1557,0.2420,-0.2533,1.0933,-14.380,-4.178,-2.640
4034797,1740,1865,1687,0.2420,-0.2611,1.0936,-14.994,-4.229,-2.513
4034807,1797,1865,1567,0.2421,-0.2631,1.0881,-15.427,-4.222,-2.289
4034817,1769,1909,1658,0.2419,-0.2627,1.0862,-15.669,-4.266,-1.992
4034827,1805,1869,1953,0.2437,-0.2703,1.0824,-15.797,-4.413,-1.786
4034837,1796,1933,1772,0.2438,-0.2729,1.0771,-15.813,-4.541,-1.614
4034847,1889,1878,1632,0.2433,-0.2720,1.0722,-15.668,-4.718,-1.358
4034857,1741,1901,1567,0.2437,-0.2745,1.0697,-15.479,-5.024,-1.246
4034867,2020,1874,1715,0.2440,-0.2758,1.0644,-15.157,-5.295,-1.283
4034877,1779,1873,1633,0.2460,-0.2752,1.0642,-14.749,-5.633,-1.428
4034887,2118,1866,1567,0.2480,-0.2715,1.0709,-14.457,-6.036,-1.754
4034897,4095,2005,1601,0.2511,-0.2725,1.0756,-14.160,-6.151,-2.302
4034907,2443,2074,1596,0.2527,-0.2771,1.0782,-14.036,-5.878,-3.036
4034917,1962,1939,1614,0.2548,-0.2771,1.0798,-13.838,-5.414,-3.747
4034927,2371,2093,1658,0.2631,-0.2847,1.0961,-13.547,-4.959,-4.452
4034937,4095,1994,1757,0.2734,-0.3041,1.1052,-13.523,-4.396,-5.218
4034947,1843,1878,1564,0.2725,-0.3185,1.0935,-12.893,-3.236,-5.763
4034957,2243,1885,1779,0.2659,-0.3116,1.0789,-11.286,-1.862,-5.698
4034967,2303,1944,1602,0.2607,-0.3146,1.0674,-8.699,-0.819,-5.819
4034977,2230,1929,1607,0.2632,-0.3283,1.0818,-5.276,-0.112,-6.618
4034987,1814,1889,1728,0.2673,-0.3319,1.1062,-2.000,0.472,-7.137
4034997,1765,1891,1619,0.2625,-0.3155,1.0850,1.974,2.219,-6.900
4035007,1733,1870,1818,0.2680,-0.2916,1.0658,6.644,4.010,-5.951
4035017,1931,1926,1632,0.2718,-0.2766,1.0870,10.516,4.281,-5.267
4035027,1850,1865,1579,0.2685,-0.2695,1.0890,13.447,4.633,-4.929
4035037,1724,1880,1581,0.2680,-0.2705,1.1068,14.901,5.068,-4.619
4035047,1802,1871,1829,0.2621,-0.2714,1.1274,13.600,4.943,-4.276
4035057,1714,1907,1625,0.2532,-0.2580,1.1063,11.053,5.664,-3.450
4035067,1811,1862,1584,0.2509,-0.2413,1.0979,7.174,5.867,-2.280
4035077,2512,1893,1591,0.2501,-0.2445,1.0983,2.315,5.097,-1.620
4035087,2191,1921,2061,0.2480,-0.2523,1.0859,-2.068,4.583,-1.375
4035097,2145,1893,1733,0.2442,-0.2569,1.0735,-5.678,4.100,-1.000
4035107,2358,1936,1726,0.2419,-0.2603,1.0703,-8.353,3.326,-0.593
4035117,1817,1868,1753,0.2417,-0.2640,1.0686,-9.860,2.607,-0.279
4035127,1723,1897,1916,0.2439,-0.2653,1.0675,-10.318,2.006,-0.056
4035137,2153,1926,1593,0.2471,-0.2667,1.0680,-10.020,1.432,0.032
4035147,1746,1872,1671,0.2505,-0.2696,1.0669,-9.222,0.949,-0.059
4035157,1844,1877,1661,0.2536,-0.2725,1.0707,-8.278,0.463,-0.224
4035167,1824,1864,1641,0.2561,-0.2711,1.0698,-7.359,0.121,-0.389
4035177,1887,1884,2227,0.2579,-0.2686,1.0701,-6.504,-0.068,-0.547
4035187,2001,1871,1687,0.2607,-0.2644,1.0724,-5.833,-0.346,-0.686
4035197,1831,1890,1860,0.2638,-0.2606,1.0692,-5.255,-0.519,-0.768
4035207,1752,1904,1795,0.2657,-0.2612,1.0704,-5.223,-0.774,-0.776
4035217,1760,1900,1743,0.2677,-0.2635,1.0697,-5.989,-1.076,-0.522
4035227,1879,1868,1574,0.2708,-0.2674,1.0790,-7.116,-1.493,-0.233
4035237,1861,1868,1749,0.2704,-0.2693,1.0807,-8.426,-1.684,0.088
4035247,1794,1867,1575,0.2692,-0.2669,1.0730,-9.536,-1.541,0.407
4035257,1780,1893,1613,0.2697,-0.2663,1.0669,-10.515,-1.568,0.535
4035267,1728,1907,3237,0.2721,-0.2691,1.0649,-11.097,-1.827,0.467
4035277,1984,1885,1635,0.2721,-0.2716,1.0650,-11.198,-1.993,0.336
4035287,1916,1931,1610,0.2699,-0.2735,1.0669,-11.002,-2.025,0.249
4035297,1717,1902,1596,0.2685,-0.2741,1.0650,-10.786,-1.966,0.205
4035307,1777,1893,1573,0.2679,-0.2716,1.0612,-10.535,-1.865,0.152
4035317,1797,1894,1597,0.2694,-0.2702,1.0590,-10.359,-1.944,-0.009
4035327,1762,1889,1575,0.2717,-0.2722,1.0577,-10.264,-2.141,-0.394
4035337,1773,1894,1606,0.2748,-0.2751,1.0573,-10.148,-2.336,-0.941
4035347,1739,1865,1640,0.2764,-0.2752,1.0525,-9.931,-2.453,-1.444
4035357,1852,1921,1613,0.2777,-0.2750,1.0505,-9.648,-2.595,-1.800
4035367,1755,1870,1574,0.2791,-0.2757,1.0520,-9.561,-2.830,-2.046
4035377,1790,1862,1584,0.2791,-0.2751,1.0492,-9.576,-2.994,-2.169
4035387,1759,1877,1639,0.2789,-0.2727,1.0464,-9.766,-3.232,-2.232
4035397,1755,1918,1601,0.2799,-0.2715,1.0475,-10.186,-3.671,-2.304
4035407,1756,1871,1578,0.2806,-0.2730,1.0506,-10.900,-4.209,-2.362
4035417,1785,1892,1592,0.2807,-0.2749,1.0512,-11.889,-4.631,-2.307
4035427,1749,1879,1575,0.2798,-0.2751,1.0486,-13.153,-4.995,-2.161
4035437,1849,1895,1593,0.2795,-0.2734,1.0418,-14.461,-5.353,-2.032
4035447,1721,1865,1581,0.2799,-0.2718,1.0328,-15.551,-5.786,-2.071
4035457,1787,1944,1589,0.2801,-0.2705,1.0217,-16.170,-6.295,-2.328
4035467,1774,1869,1594,0.2821,-0.2729,1.0155,-16.339,-6.970,-2.760
4035477,1754,1869,1751,0.2852,-0.2791,1.0176,-16.200,-7.755,-3.247
4035487,1749,1872,1932,0.2878,-0.2868,1.0276,-16.004,-8.502,-3.627
4035497,1783,1894,1613,0.2898,-0.2919,1.0455,-15.974,-9.039,-3.775
4035507,1761,1863,1578,0.2908,-0.2955,1.0727,-16.362,-9.403,-3.648
4035517,1886,1887,1615,0.2904,-0.2915,1.0855,-17.098,-9.273,-3.384
4035527,1824,1921,1670,0.2914,-0.2921,1.0844,-17.858,-8.774,-3.271
4035537,1869,1935,1628,0.2957,-0.2973,1.0803,-18.803,-8.531,-3.494
4035547,1783,1882,1577,0.2989,-0.3029,1.0688,-19.280,-8.338,-3.896
4035557,1881,1898,1666,0.3028,-0.3125,1.0607,-19.169,-8.231,-4.366
4035567,1753,1863,1597,0.3061,-0.3212,1.0563,-18.533,-8.203,-4.801
4035577,1791,1892,1590,0.3082,-0.3257,1.0519,-17.429,-8.003,-5.064
4035587,1866,1920,2057,0.3095,-0.3254,1.0510,-16.144,-7.731,-5.153
4035597,1759,1886,1654,0.3103,-0.3227,1.0511,-14.820,-7.478,-5.183
4035607,1748,1870,1687,0.3121,-0.3238,1.0585,-13.607,-7.257,-5.218
4035617,1792,1903,1593,0.3141,-0.3292,1.0673,-12.799,-6.986,-5.239
4035627,1777,1938,2882,0.3150,-0.3334,1.0686,-12.315,-6.500,-5.180
4035637,1737,1867,1584,0.3161,-0.3334,1.0677,-12.088,-5.996,-5.041
4035647,1745,1868,1583,0.3168,-0.3318,1.0672,-12.172,-5.690,-4.945
4035657,1811,1890,1597,0.3176,-0.3311,1.0635,-12.310,-5.420,-4.994
4035667,1733,1863,1598,0.3184,-0.3337,1.0599,-12.458,-5.234,-5.199
4035677,1795,1903,1615,0.3212,-0.3417,1.0571,-12.558,-5.137,-5.479
4035687,1740,1865,1585,0.3221,-0.3456,1.0538,-12.455,-5.013,-5.539
4035697,1748,1890,1601,0.3237,-0.3428,1.0516,-12.132,-4.806,-5.299
4035707,1724,1864,1585,0.3262,-0.3422,1.0490,-11.664,-4.555,-5.017
4035717,1757,1906,1596,0.3299,-0.3420,1.0507,-11.133,-4.343,-4.783
4035727,1755,1863,1584,0.3321,-0.3434,1.0489,-10.665,-4.047,-4.529
4035737,1776,1934,1669,0.3335,-0.3447,1.0458,-10.380,-3.691,-4.238
4035747,1781,1868,1585,0.3346,-0.3448,1.0447,-10.383,-3.380,-3.944
4035757,1793,1889,1599,0.3344,-0.3440,1.0424,-10.550,-3.088,-3.660
4035767,1773,1895,1743,0.3344,-0.3430,1.0424,-10.861,-2.864,-3.447
4035777,1791,1893,1615,0.3344,-0.3420,1.0404,-11.247,-2.711,-3.303
4035787,1740,1870,1591,0.3346,-0.3387,1.0399,-11.664,-2.592,-3.187
4035797,1771,1962,1608,0.3353,-0.3368,1.0378,-12.071,-2.489,-3.102
4035807,1777,1863,1731,0.3371,-0.3402,1.0411,-12.502,-2.435,-3.043
4035817,1791,1913,1625,0.3386,-0.3452,1.0452,-13.108,-2.417,-2.892
4035827,1749,1874,1600,0.3404,-0.3487,1.0473,-13.910,-2.306,-2.575
4035837,1788,1937,1621,0.3425,-0.3509,1.0469,-14.838,-2.074,-2.192
4035847,1752,1905,1589,0.3424,-0.3496,1.0406,-15.615,-1.748,-1.921
4035857,1741,1931,1609,0.3427,-0.3475,1.0329,-15.965,-1.519,-1.894
4035867,1760,1864,1587,0.3427,-0.3451,1.0275,-15.837,-1.456,-2.131
4035877,1765,1868,1744,0.3443,-0.3446,1.0218,-15.113,-1.460,-2.532
4035887,1782,1864,1587,0.3493,-0.3496,1.0233,-14.070,-1.472,-2.901
4035897,1812,1901,1652,0.3533,-0.3538,1.0227,-12.909,-1.206,-3.039
4035907,1742,1912,1654,0.3550,-0.3532,1.0215,-11.896,-0.739,-2.866
4035917,1875,1876,1652,0.3549,-0.3512,1.0221,-11.312,-0.336,-2.463
4035927,1720,1882,1590,0.3544,-0.3473,1.0210,-11.255,-0.010,-2.016
4035937,1835,1903,1616,0.3530,-0.3449,1.0194,-11.836,0.128,-1.701
4035947,1759,1870,1592,0.3508,-0.3440,1.0170,-12.946,0.130,-1.619
4035957,1734,1864,1601,0.3479,-0.3453,1.0170,-14.353,0.029,-1.747
4035967,1746,1875,1666,0.3446,-0.3459,1.0206,-15.940,-0.103,-2.031
4035977,1766,1868,1592,0.3406,-0.3463,1.0173,-17.480,-0.141,-2.402
4035987,1734,1866,1597,0.3366,-0.3486,1.0130,-18.684,-0.180,-2.802
4035997,1789,1866,1656,0.3346,-0.3545,1.0091,-19.388,-0.399,-3.134
4036007,1748,1863,1597,0.3333,-0.3604,1.0048,-19.365,-0.609,-3.307
4036017,1785,1886,1600,0.3324,-0.3643,1.0012,-18.737,-0.805,-3.350
4036027,1724,1867,1872,0.3315,-0.3673,0.9961,-17.591,-1.036,-3.370
4036037,1843,1877,1602,0.3311,-0.3668,0.9936,-16.095,-1.299,-3.462
4036047,1753,1871,1595,0.3302,-0.3648,0.9898,-14.541,-1.649,-3.735
4036057,1796,1927,1613,0.3303,-0.3630,0.9868,-13.095,-2.050,-4.151
4036067,1810,1914,1597,0.3318,-0.3619,0.9873,-11.895,-2.553,-4.629
4036077,1933,1923,1684,0.3331,-0.3613,0.9890,-11.047,-3.145,-5.075
4036087,1758,1865,1598,0.3346,-0.3625,0.9892,-10.614,-3.701,-5.484
4036097,1985,1931,1596,0.3384,-0.3634,0.9911,-10.535,-4.264,-5.766
4036107,1776,1866,1596,0.3430,-0.3639,0.9923,-10.803,-4.795,-5.927
4036117,1777,1886,1598,0.3465,-0.3654,0.9920,-11.298,-5.149,-6.048
4036127,1756,1864,1694,0.3511,-0.3670,0.9929,-11.971,-5.435,-6.168
4036137,1819,1913,1614,0.3564,-0.3698,0.9941,-12.668,-5.658,-6.312
4036147,1728,1865,1737,0.3618,-0.3746,0.9945,-13.322,-5.737,-6.477
4036157,1745,1904,1599,0.3666,-0.3802,0.9953,-13.948,-5.712,-6.585
4036167,1747,1879,1602,0.3688,-0.3845,0.9934,-14.512,-5.541,-6.607
4036177,1797,1868,1597,0.3706,-0.3887,0.9919,-14.997,-5.355,-6.544
4036187,1745,1866,1599,0.3718,-0.3901,0.9918,-15.356,-5.195,-6.389
4036197,1733,1928,1608,0.3727,-0.3925,0.9882,-15.550,-4.999,-6.184
4036207,1730,1866,1602,0.3725,-0.3929,0.9866,-15.626,-4.833,-5.968
4036217,1788,1869,1600,0.3713,-0.3912,0.9829,-15.582,-4.715,-5.786
4036227,1741,1865,1626,0.3705,-0.3919,0.9799,-15.427,-4.760,-5.700
4036237,1770,1913,1615,0.3736,-0.3979,0.9835,-15.309,-4.985,-5.665
4036247,1744,1872,1600,0.3769,-0.4018,0.9860,-15.306,-5.145,-5.550
4036257,1802,1934,1624,0.3784,-0.4043,0.9861,-15.365,-5.139,-5.279
4036267,1741,1868,1603,0.3802,-0.4071,0.9850,-15.322,-5.061,-4.890
4036277,1769,1887,1613,0.3796,-0.4066,0.9839,-15.016,-5.027,-4.462
4036287,1733,1868,1605,0.3774,-0.4082,0.9824,-14.440,-5.091,-4.151
4036297,1801,1910,1638,0.3780,-0.4094,0.9867,-13.670,-5.276,-3.996
4036307,1733,1882,1632,0.3793,-0.4079,0.9904,-12.841,-5.468,-3.879
4036317,1776,1866,1601,0.3830,-0.4073,0.9923,-12.016,-5.461,-3.727
4036327,1738,1867,1603,0.3862,-0.4065,0.9925,-11.398,-5.371,-3.508
4036337,1768,1903,1621,0.3878,-0.4059,0.9904,-11.010,-5.223,-3.251
4036347,1743,1866,1602,0.3883,-0.4050,0.9920,-10.884,-5.130,-3.040
4036357,1774,1885,1616,0.3876,-0.4045,0.9904,-10.905,-4.965,-2.928
4036367,1728,1864,1601,0.3873,-0.4045,0.9895,-11.035,-4.880,-2.874
4036377,1769,1865,1605,0.3866,-0.4032,0.9901,-11.273,-4.874,-2.812
4036387,1739,1859,1601,0.3865,-0.4027,0.9866,-11.586,-4.833,-2.719
4036397,1773,1893,1611,0.3867,-0.3995,0.9839,-11.978,-4.832,-2.602
4036407,1727,1867,1604,0.3848,-0.3966,0.9761,-12.307,-4.716,-2.504
4036417,1761,1900,1619,0.3837,-0.3953,0.9697,-12.535,-4.728,-2.503
4036427,1730,1861,1604,0.3821,-0.3929,0.9617,-12.644,-4.891,-2.657
4036437,1791,1895,1619,0.3809,-0.3871,0.9514,-12.539,-5.111,-2.943
4036447,1729,1872,1608,0.3797,-0.3808,0.9422,-12.298,-5.518,-3.386
4036457,1734,1914,1622,0.3787,-0.3732,0.9333,-11.940,-6.080,-4.015
4036467,1740,1884,1613,0.3783,-0.3645,0.9219,-11.486,-6.712,-4.772
4036477,1822,1883,1610,0.3771,-0.3530,0.9082,-10.975,-7.450,-5.602
4036487,1783,1866,1605,0.3747,-0.3397,0.8903,-10.408,-8.375,-6.569
4036497,1779,1898,1617,0.3723,-0.3249,0.8721,-9.769,-9.604,-7.809
4036507,1740,1865,1607,0.3708,-0.3087,0.8595,-9.159,-11.293,-9.514
4036517,1740,1868,1615,0.3709,-0.2937,0.8536,-8.506,-13.249,-11.687
4036527,1838,1868,1610,0.3723,-0.2826,0.8500,-8.099,-15.386,-14.082
4036537,1835,1897,1626,0.3674,-0.2758,0.8320,-7.988,-17.458,-16.379
4036547,1731,1869,1613,0.3612,-0.2646,0.8241,-8.792,-20.058,-18.165
4036557,1815,1909,1633,0.3528,-0.2555,0.8182,-11.176,-23.360,-19.756
4036567,1744,1874,1609,0.3515,-0.2522,0.8167,-15.029,-26.979,-21.546
4036577,1791,1909,1616,0.3611,-0.2626,0.8226,-20.702,-31.054,-23.669
4036587,1746,1875,1609,0.3758,-0.2783,0.8208,-27.608,-34.971,-25.887
4036597,1750,1913,1617,0.3943,-0.2850,0.8150,-35.076,-38.575,-27.469
4036607,1732,1866,1637,0.4113,-0.2841,0.8083,-42.623,-42.086,-28.689
4036617,1797,1926,1646,0.4258,-0.2804,0.7944,-49.408,-45.390,-30.136
4036627,1739,1912,1618,0.4403,-0.2805,0.7855,-55.082,-48.774,-32.235
4036637,1781,1897,1659,0.4554,-0.2916,0.7830,-59.714,-52.333,-35.160
4036647,1743,1887,1616,0.4732,-0.3105,0.7830,-63.384,-55.645,-38.451
4036657,1795,1922,1769,0.4919,-0.3292,0.7821,-66.145,-58.362,-41.517
4036667,1797,1869,1613,0.5141,-0.3459,0.7811,-68.102,-60.514,-44.145
4036677,1756,1899,1764,0.5393,-0.3629,0.7748,-69.076,-62.077,-46.576
4036687,1748,1879,1618,0.5629,-0.3768,0.7662,-68.906,-63.257,-49.042
4036697,1770,1899,1629,0.5882,-0.3856,0.7613,-67.451,-64.244,-51.583
4036707,1745,1880,1613,0.6118,-0.3916,0.7518,-64.618,-64.928,-54.311
4036717,1801,1937,1621,0.6311,-0.3955,0.7394,-60.470,-65.483,-57.213
4036727,1755,1885,1618,0.6488,-0.3957,0.7318,-55.310,-66.105,-60.031
4036737,1789,1925,1659,0.6679,-0.3977,0.7390,-49.930,-66.883,-62.646
4036747,1738,1886,1643,0.6953,-0.4118,0.7493,-45.227,-67.601,-65.046
4036757,1792,1916,1640,0.7277,-0.4347,0.7525,-41.650,-67.766,-66.912
4036767,1742,1879,1615,0.7626,-0.4512,0.7585,-39.321,-67.564,-67.667
4036777,1775,1921,1631,0.7960,-0.4660,0.7598,-37.839,-66.917,-67.496
4036787,1744,1872,1616,0.8240,-0.4746,0.7527,-36.338,-65.645,-66.787
4036797,1775,1944,1664,0.8493,-0.4665,0.7546,-34.262,-64.221,-65.554
4036807,1753,1901,1633,0.8634,-0.4675,0.7475,-31.483,-62.655,-64.657
4036817,1782,1934,1644,0.8745,-0.4679,0.7482,-27.812,-61.000,-64.212
4036827,1738,1872,1624,0.8815,-0.4699,0.7509,-23.473,-59.385,-63.467
4036837,1799,1939,1646,0.8870,-0.4661,0.7536,-18.796,-57.587,-62.147
4036847,1779,1906,1631,0.8933,-0.4601,0.7584,-14.383,-55.690,-60.216
4036857,1778,1938,1617,0.9010,-0.4512,0.7609,-10.520,-53.556,-57.760
4036867,1756,1878,1619,0.9118,-0.4437,0.7637,-7.424,-51.317,-54.983
4036877,1780,1928,1634,0.9220,-0.4414,0.7672,-5.301,-49.031,-52.180
4036887,1733,1869,1626,0.9301,-0.4403,0.7667,-4.063,-46.551,-49.184
4036897,1791,1950,1646,0.9350,-0.4358,0.7636,-3.529,-43.946,-45.912
4036907,1743,1871,1618,0.9375,-0.4282,0.7620,-3.336,-41.316,-42.417
4036917,1758,1921,1623,0.9347,-0.4183,0.7574,-3.242,-38.657,-38.918
4036927,1732,1871,1617,0.9296,-0.4073,0.7529,-3.248,-36.056,-35.696
4036937,1729,1919,1640,0.9229,-0.3973,0.7485,-3.360,-33.541,-32.918
4036947,1730,1871,1620,0.9150,-0.3854,0.7443,-3.550,-31.042,-30.433
4036957,1790,1918,1647,0.9021,-0.3701,0.7366,-4.223,-28.211,-27.843
4036967,1795,1884,1620,0.8903,-0.3557,0.7257,-5.107,-25.594,-25.722
4036977,1776,1921,1666,0.8813,-0.3460,0.7149,-6.151,-23.210,-24.270
4036987,1761,1884,1619,0.8731,-0.3430,0.7064,-7.296,-21.096,-23.395
4036997,1774,1939,1689,0.8666,-0.3416,0.6986,-8.494,-19.182,-22.711
4037007,1775,1870,1621,0.8600,-0.3395,0.6920,-9.642,-17.343,-22.049
4037017,1784,1943,1677,0.8541,-0.3390,0.6856,-10.669,-15.601,-21.578
4037027,1758,1876,1625,0.8503,-0.3390,0.6809,-11.464,-13.997,-21.310
4037037,1813,1930,1628,0.8474,-0.3397,0.6759,-11.893,-12.468,-21.233
4037047,1754,1873,1639,0.8440,-0.3388,0.6710,-11.902,-10.962,-21.219
4037057,1803,1935,1648,0.8412,-0.3378,0.6648,-11.525,-9.560,-21.259
4037067,1765,1876,1621,0.8389,-0.3378,0.6572,-10.737,-8.255,-21.431
4037077,1808,1926,1660,0.8376,-0.3375,0.6501,-9.557,-7.104,-21.590
4037087,1774,1894,1630,0.8367,-0.3347,0.6443,-8.152,-6.116,-21.702
4037097,1797,1924,1649,0.8353,-0.3320,0.6378,-6.662,-5.221,-21.715
4037107,1745,1869,1625,0.8350,-0.3310,0.6315,-5.268,-4.470,-21.652
4037117,1795,1885,1630,0.8360,-0.3299,0.6267,-4.131,-3.904,-21.482
4037127,1773,1877,1630,0.8402,-0.3294,0.6233,-3.349,-3.468,-21.139
4037137,1779,1920,1662,0.8448,-0.3315,0.6212,-2.903,-3.051,-20.733
4037147,1769,1901,1627,0.8510,-0.3319,0.6160,-2.769,-2.603,-20.169
4037157,1760,1914,1652,0.8559,-0.3316,0.6130,-2.851,-2.192,-19.410
4037167,1748,1891,1698,0.8601,-0.3326,0.6095,-3.024,-1.818,-18.591
4037177,1783,1913,1633,0.8629,-0.3312,0.6059,-3.084,-1.439,-17.721
4037187,1759,1908,1656,0.8653,-0.3290,0.6038,-3.032,-1.147,-16.747
4037197,1780,1909,1646,0.8665,-0.3266,0.6044,-2.909,-0.894,-15.771
4037207,1741,1884,1629,0.8677,-0.3231,0.6041,-2.749,-0.632,-14.765
4037217,1797,1920,1632,0.8678,-0.3193,0.6018,-2.643,-0.354,-13.715
4037227,1905,1889,1628,0.8676,-0.3138,0.6003,-2.648,-0.088,-12.564
4037237,1762,1914,1671,0.8659,-0.3077,0.5963,-2.817,0.102,-11.347
4037247,1736,1886,1628,0.8638,-0.3023,0.5906,-3.137,0.237,-10.167
4037257,1782,1917,1658,0.8611,-0.2972,0.5857,-3.625,0.207,-9.008
4037267,1820,1895,1629,0.8595,-0.2922,0.5831,-4.303,-0.022,-7.952
4037277,1734,1908,1634,0.8578,-0.2880,0.5792,-5.092,-0.357,-7.045
4037287,1741,1888,1656,0.8563,-0.2832,0.5767,-5.927,-0.753,-6.316
4037297,1797,1918,1757,0.8547,-0.2762,0.5751,-6.765,-1.193,-5.816
4037307,1739,1875,1637,0.8531,-0.2687,0.5756,-7.584,-1.669,-5.570
4037317,1797,1936,1673,0.8540,-0.2623,0.5767,-8.368,-2.181,-5.579
4037327,1751,1893,1631,0.8547,-0.2582,0.5784,-9.055,-2.612,-5.847
4037337,1802,1921,1652,0.8561,-0.2549,0.5800,-9.575,-2.890,-6.254
4037347,1737,1879,1668,0.8592,-0.2534,0.5817,-9.933,-3.071,-6.707
4037357,1812,1975,1660,0.8625,-0.2530,0.5802,-10.126,-3.145,-7.189
4037367,1794,1910,1633,0.8660,-0.2525,0.5765,-10.071,-3.134,-7.613
4037377,1770,1905,1642,0.8693,-0.2515,0.5752,-9.811,-3.185,-7.957
4037387,1774,1888,1633,0.8724,-0.2496,0.5733,-9.338,-3.316,-8.191
4037397,1794,1929,1680,0.8775,-0.2479,0.5751,-8.725,-3.479,-8.304
4037407,1779,1901,1634,0.8848,-0.2453,0.5824,-8.196,-3.690,-8.247
4037417,1810,1922,1652,0.8958,-0.2454,0.5927,-7.924,-3.770,-7.963
4037427,1754,1872,1655,0.9060,-0.2494,0.6010,-7.951,-3.525,-7.427
4037437,1880,1881,1672,0.9121,-0.2524,0.6067,-8.356,-2.963,-6.457
4037447,1829,1870,1702,0.9129,-0.2515,0.6067,-9.086,-2.169,-5.078
4037457,1775,1899,1669,0.9121,-0.2467,0.6041,-10.060,-1.386,-3.626
4037467,1755,1875,1635,0.9103,-0.2434,0.6007,-10.977,-0.770,-2.517
4037477,1853,1926,1677,0.9078,-0.2421,0.5951,-11.560,-0.359,-1.852
4037487,1822,1890,1634,0.9042,-0.2419,0.5890,-11.693,-0.130,-1.531
4037497,1804,1918,1647,0.9014,-0.2422,0.5817,-11.398,0.039,-1.407
4037507,1781,1876,1638,0.8980,-0.2410,0.5761,-10.724,0.155,-1.405
4037517,1842,1913,1635,0.8926,-0.2396,0.5706,-9.680,0.231,-1.557
4037527,1776,1875,1804,0.8870,-0.2367,0.5660,-8.310,0.223,-1.773
4037537,1819,1902,1672,0.8820,-0.2343,0.5625,-6.727,0.018,-1.998
4037547,1772,1876,1739,0.8802,-0.2321,0.5622,-5.165,-0.442,-2.234
4037557,1742,1937,1739,0.8809,-0.2302,0.5652,-3.811,-1.029,-2.466
