9265382,1126,1854,1862,0.0491,0.2170,1.1264,0.100,-1.059,-0.132
9265392,1168,1860,1838,0.0488,0.2171,1.1255,0.090,-1.028,-0.116
9265402,1124,1852,1835,0.0491,0.2173,1.1251,0.045,-1.014,-0.081
9265412,1153,1868,1957,0.0495,0.2170,1.1245,-0.039,-0.970,-0.048
9265422,1125,1856,1837,0.0494,0.2162,1.1263,-0.142,-0.895,-0.021
9265432,1154,1858,1840,0.0481,0.2159,1.1270,-0.180,-0.863,0.006
9265442,1127,1854,1839,0.0491,0.2160,1.1265,-0.126,-0.857,0.008
9265452,1163,1866,1859,0.0492,0.2151,1.1258,0.004,-0.868,-0.005
9265462,1130,1855,1830,0.0489,0.2157,1.1244,0.124,-0.892,-0.008
9265472,1158,1859,1872,0.0493,0.2158,1.1253,0.169,-0.921,0.004
9265482,1133,1856,1833,0.0485,0.2161,1.1258,0.148,-0.907,0.009
9265492,1160,1859,1852,0.0491,0.2156,1.1255,0.065,-0.846,0.027
9265502,1134,1854,1835,0.0479,0.2161,1.1246,-0.041,-0.785,0.045
9265512,1174,1862,1846,0.0476,0.2157,1.1241,-0.125,-0.774,0.060
9265522,1135,1853,1840,0.0490,0.2154,1.1247,-0.131,-0.768,0.053
9265532,1173,1866,1841,0.0500,0.2156,1.1254,-0.067,-0.767,0.027
9265542,1135,1855,1826,0.0503,0.2150,1.1275,0.092,-0.754,-0.007
9265552,1174,1857,1831,0.0499,0.2158,1.1276,0.262,-0.717,-0.020
9265562,1135,1854,1833,0.0493,0.2174,1.1270,0.354,-0.683,-0.025
9265572,1174,1861,1849,0.0483,0.2183,1.1273,0.342,-0.702,-0.035
9265582,1135,1857,1828,0.0486,0.2194,1.1274,0.278,-0.714,-0.043
9265592,1166,1859,1828,0.0499,0.2199,1.1276,0.221,-0.728,-0.055
9265602,1136,1853,1826,0.0505,0.2196,1.1290,0.169,-0.742,-0.047
9265612,1161,1857,1838,0.0511,0.2187,1.1276,0.092,-0.706,-0.057
9265622,1138,1855,1827,0.0511,0.2174,1.1285,-0.010,-0.626,-0.076
9265632,1169,1866,1828,0.0502,0.2180,1.1271,-0.095,-0.532,-0.099
9265642,1139,1863,1833,0.0495,0.2182,1.1257,-0.108,-0.442,-0.121
9265652,1172,1867,1844,0.0489,0.2179,1.1266,-0.061,-0.393,-0.150
9265662,1150,1890,1870,0.0489,0.2184,1.1258,0.010,-0.390,-0.169
9265672,1167,1874,1861,0.0496,0.2177,1.1255,0.024,-0.411,-0.164
9265682,1146,1852,1827,0.0485,0.2174,1.1263,-0.027,-0.418,-0.137
9265692,1176,1862,1829,0.0485,0.2170,1.1263,-0.085,-0.388,-0.075
9265702,1143,1857,1831,0.0482,0.2160,1.1265,-0.120,-0.349,-0.025
9265712,1187,1872,1840,0.0476,0.2147,1.1279,-0.111,-0.343,-0.003
9265722,1144,1855,1864,0.0487,0.2144,1.1297,-0.011,-0.352,-0.004
9265732,1163,1852,1828,0.0519,0.2138,1.1304,0.135,-0.361,-0.017
9265742,1147,1855,1839,0.0522,0.2111,1.1327,0.257,-0.303,-0.082
9265752,1182,1885,1838,0.0505,0.2084,1.1325,0.301,-0.126,-0.148
9265762,1156,1853,1844,0.0480,0.2099,1.1280,0.451,0.167,-0.067
9265772,1162,1867,1847,0.0472,0.2164,1.1335,0.844,0.149,0.180
9265782,1158,1855,1839,0.0457,0.2212,1.1354,1.163,0.010,0.436
9265792,1179,1875,1847,0.0461,0.2254,1.1373,1.247,0.114,0.633
9265802,1154,1855,1828,0.0471,0.2293,1.1397,0.875,0.052,0.824
9265812,1153,1880,1835,0.0441,0.2302,1.1414,0.072,0.233,0.999
9265822,1162,1860,1829,0.0425,0.2295,1.1443,-1.238,0.316,1.210
9265832,1277,1908,1842,0.0400,0.2317,1.1421,-2.698,0.537,1.509
9265842,1153,1869,1828,0.0398,0.2330,1.1468,-4.356,0.386,1.747
9265852,1155,1872,1839,0.0409,0.2311,1.1476,-5.995,0.296,1.793
9265862,1172,1858,1829,0.0408,0.2265,1.1512,-7.577,0.293,1.685
9265872,1168,1867,1845,0.0414,0.2220,1.1525,-8.933,0.379,1.600
9265882,1159,1895,1841,0.0422,0.2201,1.1541,-10.328,0.558,1.565
9265892,1156,1907,1829,0.0402,0.2184,1.1535,-11.782,0.766,1.559
9265902,1195,1895,1924,0.0360,0.2155,1.1528,-13.311,1.065,1.573
9265912,1192,1885,1833,0.0325,0.2138,1.1588,-15.043,1.247,1.628
9265922,1190,1886,1831,0.0263,0.2111,1.1347,-17.456,1.637,1.766
9265932,1163,1861,1840,0.0234,0.2190,1.1369,-20.233,1.208,2.079
9265942,1198,1854,1831,0.0232,0.2268,1.1398,-23.172,0.162,2.330
9265952,1291,1858,1849,0.0267,0.2197,1.1407,-25.871,-0.290,2.221
9265962,1162,1855,1828,0.0331,0.2083,1.1383,-28.473,-0.573,2.113
9265972,1164,1855,1850,0.0329,0.1962,1.1370,-30.616,-0.646,2.438
9265982,1165,1855,1841,0.0296,0.1841,1.1307,-32.707,-0.672,3.039
9265992,1168,1858,1860,0.0261,0.1754,1.1204,-34.290,-0.574,3.708
9266002,1176,1902,1850,0.0260,0.1697,1.1156,-35.205,-0.910,4.285
9266012,1283,1892,1886,0.0268,0.1641,1.1073,-35.504,-1.461,4.585
9266022,1266,1854,1895,0.0295,0.1560,1.1029,-35.164,-2.081,4.542
9266032,1181,1852,1866,0.0313,0.1436,1.0977,-34.281,-2.779,4.184
9266042,1185,1861,1833,0.0343,0.1311,1.1007,-32.763,-3.475,3.603
9266052,1178,1854,1870,0.0376,0.1201,1.1041,-30.486,-4.153,2.876
9266062,1193,1855,1847,0.0410,0.1095,1.1069,-27.487,-4.397,2.085
9266072,1455,1934,1910,0.0444,0.1006,1.1131,-23.957,-4.592,1.378
9266082,1201,1854,1853,0.0465,0.0944,1.1200,-20.101,-4.633,0.890
9266092,1175,1884,1907,0.0482,0.0915,1.1231,-16.454,-4.572,0.584
9266102,1198,1855,1837,0.0500,0.0900,1.1268,-13.342,-4.434,0.347
9266112,1286,1862,1855,0.0524,0.0906,1.1337,-10.983,-4.405,0.100
9266122,1201,1862,1835,0.0555,0.0892,1.1399,-9.239,-4.261,-0.132
9266132,1187,1899,1847,0.0565,0.0865,1.1391,-7.906,-3.956,-0.237
9266142,1192,1879,1874,0.0553,0.0881,1.1404,-6.826,-3.672,-0.136
9266152,1333,1859,1904,0.0539,0.0939,1.1445,-5.981,-3.590,0.059
9266162,1173,1850,1850,0.0509,0.0975,1.1479,-5.504,-3.531,0.172
9266172,1224,1877,1908,0.0506,0.1005,1.1535,-5.276,-3.408,0.164
9266182,1299,1855,1847,0.0517,0.1012,1.1537,-5.574,-3.217,-0.066
9266192,1183,1853,1870,0.0549,0.1038,1.1467,-5.916,-2.689,-0.370
9266202,1176,1857,1849,0.0563,0.1045,1.1500,-6.067,-2.527,-0.647
9266212,1197,1859,1873,0.0527,0.0983,1.1482,-6.275,-2.280,-0.930
9266222,1213,1855,1839,0.0512,0.0997,1.1429,-6.070,-1.772,-0.943
9266232,1196,1860,1913,0.0482,0.1014,1.1471,-6.110,-1.736,-0.789
9266242,1206,1855,1867,0.0461,0.1039,1.1432,-6.304,-1.686,-0.642
9266252,1271,1871,1913,0.0474,0.1072,1.1433,-6.769,-1.898,-0.602
9266262,1234,1865,1895,0.0441,0.1021,1.1431,-7.442,-2.202,-0.711
9266272,1182,1854,1880,0.0430,0.0969,1.1345,-8.137,-2.402,-0.836
9266282,1194,1870,1832,0.0380,0.0854,1.1296,-8.611,-2.778,-0.837
9266292,1184,1859,1863,0.0399,0.0789,1.1278,-8.949,-3.324,-0.616
9266302,1288,1858,1871,0.0383,0.0740,1.1344,-8.852,-4.154,-0.158
9266312,1202,1867,1916,0.0382,0.0699,1.1195,-8.584,-4.500,0.195
9266322,1185,1854,1841,0.0399,0.0653,1.1296,-7.673,-5.291,0.271
9266332,1195,1860,1876,0.0399,0.0595,1.1161,-6.177,-5.774,-0.020
9266342,1237,1889,1838,0.0408,0.0593,1.1123,-3.854,-6.059,-0.544
9266352,1188,1854,1918,0.0411,0.0628,1.1087,-0.974,-6.897,-1.209
9266362,1238,1858,1830,0.0424,0.0660,1.0990,2.170,-7.431,-1.960
9266372,1247,1860,1830,0.0459,0.0708,1.1135,5.599,-8.571,-2.670
9266382,1191,1855,1956,0.0511,0.0679,1.1218,8.595,-9.745,-3.483
9266392,1220,1869,1911,0.0605,0.0726,1.1286,11.735,-10.130,-4.000
9266402,1200,1871,1844,0.0728,0.0838,1.1575,14.651,-10.944,-4.093
9266412,1215,1855,1840,0.0823,0.0917,1.1599,17.155,-10.996,-3.946
9266422,1201,1862,1856,0.0937,0.1040,1.1646,18.847,-10.797,-3.569
9266432,1200,1873,1872,0.0963,0.1133,1.1672,18.657,-10.817,-3.103
9266442,1208,1873,1907,0.0992,0.1269,1.1573,16.565,-10.629,-2.644
9266452,1199,1855,1865,0.0995,0.1365,1.1593,13.468,-10.773,-2.225
9266462,1202,1874,2023,0.1010,0.1397,1.1512,10.003,-10.810,-1.928
9266472,1228,1862,1854,0.1031,0.1437,1.1449,7.247,-10.655,-1.608
9266482,1206,1857,1907,0.1026,0.1485,1.1422,5.495,-10.751,-1.326
9266492,1209,1879,2033,0.1001,0.1495,1.1388,4.487,-10.688,-1.340
9266502,1198,1855,1840,0.0988,0.1469,1.1385,3.916,-10.737,-1.659
9266512,1200,1866,1833,0.0978,0.1430,1.1376,3.422,-10.796,-2.112
9266522,1199,1862,1834,0.0969,0.1372,1.1405,2.798,-10.885,-2.529
9266532,1206,1855,1871,0.0959,0.1333,1.1376,2.108,-10.735,-2.811
9266542,1199,1862,1840,0.0952,0.1276,1.1405,1.600,-10.623,-2.988
9266552,1208,1858,1875,0.0957,0.1232,1.1404,1.330,-10.415,-3.213
9266562,1207,1881,1876,0.0966,0.1143,1.1404,1.367,-10.110,-3.566
9266572,1235,1859,1931,0.0960,0.1074,1.1380,1.757,-9.711,-3.928
9266582,1201,1860,1830,0.0956,0.1050,1.1368,2.608,-9.281,-4.168
9266592,1282,1884,1868,0.0945,0.1056,1.1354,4.266,-8.766,-4.260
9266602,1201,1862,1847,0.0924,0.1091,1.1408,5.943,-8.400,-4.267
9266612,1236,1864,1939,0.0915,0.1142,1.1420,7.359,-8.086,-4.249
9266622,1201,1882,1839,0.0912,0.1196,1.1441,8.440,-7.719,-4.205
9266632,1209,1854,1892,0.0929,0.1254,1.1478,9.054,-7.416,-4.126
9266642,1203,1881,1893,0.0957,0.1313,1.1479,9.178,-6.995,-4.002
9266652,1205,1871,1847,0.0992,0.1387,1.1497,8.857,-6.634,-3.844
9266662,1208,1881,1882,0.1031,0.1415,1.1526,8.181,-6.215,-3.701
9266672,1214,1854,1868,0.1070,0.1403,1.1522,7.086,-5.686,-3.596
9266682,1246,1858,1845,0.1095,0.1410,1.1477,5.917,-4.964,-3.397
9266692,1210,1860,1910,0.1107,0.1449,1.1404,4.733,-4.329,-3.141
9266702,1207,1856,1921,0.1097,0.1477,1.1329,3.796,-3.733,-2.939
9266712,1209,1855,1874,0.1112,0.1462,1.1335,3.148,-3.410,-2.829
9266722,1220,1862,1946,0.1132,0.1398,1.1374,2.615,-3.191,-2.785
9266732,1210,1854,1866,0.1148,0.1371,1.1388,2.256,-2.821,-2.659
9266742,1213,1858,1843,0.1156,0.1368,1.1400,2.136,-2.493,-2.464
9266752,1218,1858,1830,0.1148,0.1349,1.1384,2.193,-2.163,-2.306
9266762,1211,1856,2041,0.1135,0.1337,1.1356,2.481,-1.764,-2.185
9266772,1217,1855,1846,0.1110,0.1322,1.1357,2.908,-1.522,-2.040
9266782,1222,1867,1832,0.1101,0.1355,1.1303,3.393,-1.292,-1.806
9266792,1223,1865,1864,0.1103,0.1393,1.1330,3.889,-1.267,-1.593
9266802,1226,1897,1835,0.1086,0.1412,1.1332,4.210,-1.263,-1.476
9266812,1233,1868,1877,0.1086,0.1443,1.1324,4.460,-1.134,-1.379
9266822,1221,1864,1834,0.1061,0.1447,1.1357,4.560,-1.130,-1.302
9266832,1320,1862,1868,0.1054,0.1481,1.1349,4.504,-1.056,-1.176
9266842,1231,1858,1840,0.1032,0.1496,1.1371,4.360,-1.154,-1.020
9266852,1252,1866,1927,0.1025,0.1513,1.1375,4.121,-1.219,-0.900
9266862,1221,1854,1861,0.1016,0.1523,1.1391,3.792,-1.256,-0.813
9266872,1231,1855,1832,0.1009,0.1534,1.1403,3.415,-1.308,-0.728
9266882,1225,1857,1831,0.1004,0.1536,1.1417,2.899,-1.336,-0.638
9266892,1228,1859,1870,0.1001,0.1538,1.1406,2.268,-1.366,-0.554
9266902,1226,1859,1831,0.0989,0.1551,1.1411,1.597,-1.407,-0.457
9266912,1239,1851,1845,0.0985,0.1552,1.1412,0.956,-1.491,-0.384
9266922,1234,1867,1862,0.0988,0.1542,1.1389,0.374,-1.552,-0.356
9266932,1229,1856,2048,0.0994,0.1531,1.1371,-0.174,-1.584,-0.326
9266942,1221,1855,1852,0.1007,0.1521,1.1383,-0.701,-1.646,-0.284
9266952,1239,1858,1943,0.1018,0.1509,1.1392,-1.168,-1.704,-0.233
9266962,1254,1873,1950,0.1038,0.1492,1.1379,-1.541,-1.692,-0.185
9266972,1234,1859,1876,0.1048,0.1467,1.1387,-1.811,-1.651,-0.114
9266982,1232,1860,1836,0.1057,0.1461,1.1372,-1.948,-1.519,-0.030
9266992,1250,1855,1837,0.1052,0.1456,1.1352,-1.933,-1.332,0.082
9267002,1232,1858,1834,0.1053,0.1470,1.1330,-1.833,-1.197,0.200
9267012,1229,1855,1852,0.1061,0.1483,1.1319,-1.717,-1.076,0.255
9267022,1249,1855,1841,0.1077,0.1498,1.1333,-1.616,-1.028,0.218
9267032,1246,1863,1978,0.1106,0.1479,1.1346,-1.560,-0.958,0.105
9267042,1252,1864,1834,0.1127,0.1463,1.1370,-1.527,-0.798,-0.035
9267052,1238,1855,1848,0.1156,0.1441,1.1394,-1.529,-0.606,-0.158
9267062,1239,1863,1859,0.1162,0.1420,1.1396,-1.607,-0.297,-0.201
9267072,1232,1856,1864,0.1143,0.1424,1.1386,-1.656,0.108,-0.139
9267082,1234,1856,1839,0.1119,0.1431,1.1376,-1.615,0.437,-0.009
9267092,1239,1859,1880,0.1101,0.1446,1.1359,-1.601,0.742,0.098
9267102,1232,1864,1834,0.1083,0.1441,1.1362,-1.599,0.945,0.149
9267112,1235,1855,1862,0.1064,0.1429,1.1361,-1.608,1.094,0.156
9267122,1238,1856,1840,0.1059,0.1435,1.1336,-1.455,1.247,0.193
9267132,1233,1856,1870,0.1052,0.1432,1.1352,-1.192,1.253,0.237
9267142,1247,1859,1832,0.1034,0.1411,1.1370,-0.981,1.310,0.223
9267152,1245,1862,1879,0.1017,0.1376,1.1373,-0.906,1.442,0.217
9267162,1249,1858,1846,0.1011,0.1384,1.1370,-0.840,1.557,0.309
9267172,1243,1854,1862,0.1012,0.1392,1.1393,-0.781,1.507,0.428
9267182,1252,1863,1834,0.0997,0.1375,1.1385,-0.696,1.519,0.458
9267192,1236,1858,1869,0.0975,0.1355,1.1359,-0.629,1.599,0.475
9267202,1280,1861,1833,0.0959,0.1375,1.1339,-0.347,1.660,0.571
9267212,1245,1863,1855,0.0951,0.1421,1.1355,0.037,1.472,0.621
9267222,1260,1877,1832,0.0942,0.1444,1.1341,0.374,1.295,0.514
9267232,1240,1859,1872,0.0929,0.1442,1.1350,0.678,1.171,0.292
9267242,1246,1860,1840,0.0921,0.1460,1.1350,0.898,0.982,0.087
9267252,1243,1858,1857,0.0916,0.1470,1.1367,1.012,0.783,-0.051
9267262,1250,1861,1835,0.0915,0.1480,1.1368,0.966,0.581,-0.138
9267272,1244,1856,1867,0.0917,0.1480,1.1382,0.818,0.387,-0.207
9267282,1244,1856,1831,0.0924,0.1492,1.1378,0.683,0.205,-0.254
9267292,1265,1863,1863,0.0932,0.1501,1.1381,0.585,0.045,-0.296
9267302,1253,1857,1835,0.0932,0.1509,1.1371,0.462,-0.101,-0.362
9267312,1275,1864,1870,0.0932,0.1517,1.1382,0.245,-0.268,-0.459
9267322,1256,1862,1832,0.0942,0.1514,1.1393,-0.109,-0.498,-0.610
9267332,1256,1859,1856,0.0956,0.1492,1.1368,-0.549,-0.700,-0.778
9267342,1318,1904,1833,0.0980,0.1452,1.1358,-1.011,-0.964,-0.911
9267352,1309,1854,1842,0.0981,0.1434,1.1381,-1.435,-1.299,-0.953
9267362,1453,1866,1854,0.0977,0.1439,1.1432,-1.790,-1.630,-0.929
9267372,1558,1897,1869,0.0963,0.1463,1.1455,-2.075,-1.822,-0.946
9267382,1276,1870,1835,0.0960,0.1483,1.1473,-2.424,-1.986,-1.024
9267392,1341,1867,1864,0.0982,0.1510,1.1511,-2.867,-2.177,-1.097
9267402,1369,1869,1835,0.1006,0.1552,1.1549,-3.502,-2.158,-1.121
9267412,1306,1855,1851,0.1029,0.1595,1.1567,-4.504,-2.068,-1.072
9267422,1274,1855,1845,0.1030,0.1566,1.1547,-5.952,-1.666,-0.997
9267432,1286,1893,1893,0.1031,0.1504,1.1514,-7.799,-1.189,-0.788
9267442,1269,1903,1835,0.1050,0.1435,1.1480,-9.808,-0.762,-0.363
9267452,1286,1860,1864,0.1042,0.1389,1.1422,-11.681,-0.357,0.244
9267462,1262,1868,1860,0.1031,0.1362,1.1335,-13.064,0.158,0.894
9267472,1357,1854,1839,0.0986,0.1311,1.1317,-13.399,0.653,1.473
9267482,1402,1855,1846,0.0986,0.1247,1.1253,-13.074,1.170,1.825
9267492,1395,1866,1851,0.0981,0.1163,1.1209,-11.954,1.757,2.028
9267502,1315,1875,1840,0.0971,0.1122,1.1239,-10.473,2.128,2.123
9267512,1382,1874,1870,0.0979,0.1070,1.1263,-8.660,2.651,2.109
9267522,1308,1858,1855,0.1003,0.1013,1.1354,-6.675,3.127,1.981
9267532,1333,1854,1865,0.1022,0.0984,1.1439,-4.676,3.838,1.838
9267542,1266,1855,1843,0.1022,0.0999,1.1516,-2.875,4.737,1.760
9267552,1343,1856,1872,0.1000,0.1036,1.1583,-1.487,5.675,1.755
9267562,1434,1896,1832,0.0981,0.1089,1.1628,-0.688,6.635,1.795
9267572,1272,1856,1894,0.0951,0.1123,1.1662,-0.645,7.622,1.868
9267582,1298,1908,1863,0.0899,0.1140,1.1709,-1.471,8.551,1.931
9267592,1322,1857,1867,0.0848,0.1093,1.1771,-3.153,9.461,2.053
9267602,1366,1909,1847,0.0861,0.1123,1.1625,-5.520,10.669,2.473
9267612,1525,1859,1904,0.0860,0.1142,1.1701,-7.696,11.276,3.258
9267622,1393,1860,1886,0.0878,0.1123,1.1708,-10.466,11.781,4.055
9267632,1293,1859,1888,0.0853,0.1053,1.1797,-13.215,12.536,4.862
9267642,1443,1925,1847,0.0861,0.0981,1.1864,-16.177,13.064,5.771
9267652,1530,1871,1911,0.0861,0.0879,1.1939,-18.977,13.884,6.830
9267662,1313,1864,1888,0.0867,0.0781,1.2070,-22.143,14.561,7.996
9267672,1282,1920,1929,0.0811,0.0671,1.2103,-25.419,15.738,9.352
9267682,1288,1857,1892,0.0763,0.0671,1.2166,-28.934,16.954,10.929
9267692,1419,1862,1901,0.0729,0.0657,1.2223,-32.498,17.983,12.476
9267702,1272,1859,1889,0.0682,0.0597,1.2201,-35.787,19.007,13.770
9267712,1376,1861,1951,0.0627,0.0480,1.2187,-38.699,19.968,14.834
9267722,1383,1867,1906,0.0580,0.0338,1.2186,-40.726,20.866,15.811
9267732,1338,1869,1893,0.0529,0.0186,1.2221,-41.530,21.787,16.760
9267742,1422,1859,1894,0.0489,0.0042,1.2245,-41.008,22.863,17.678
9267752,1470,1855,1922,0.0464,-0.0067,1.2263,-39.320,24.088,18.502
9267762,1586,1854,1920,0.0419,-0.0159,1.2250,-36.685,25.448,19.128
9267772,1779,1863,1895,0.0369,-0.0217,1.2233,-33.176,26.867,19.576
9267782,1838,1909,1853,0.0295,-0.0239,1.2196,-28.771,28.245,19.894
9267792,1434,1878,2006,0.0209,-0.0276,1.2157,-23.495,29.537,20.034
9267802,1295,1870,1922,0.0156,-0.0296,1.2177,-17.433,30.617,20.012
9267812,1405,1857,1995,0.0114,-0.0317,1.2229,-11.007,31.640,19.865
9267822,1548,1855,1964,0.0081,-0.0302,1.2282,-4.733,32.783,19.652
9267832,1307,1892,1964,0.0054,-0.0257,1.2339,1.025,34.019,19.416
9267842,1579,1860,1902,0.0024,-0.0201,1.2333,6.079,35.448,19.235
9267852,1667,1903,1987,-0.0019,-0.0125,1.2394,10.266,36.846,19.197
9267862,1280,1905,1913,-0.0065,-0.0055,1.2427,13.415,38.277,19.318
9267872,1291,1863,1986,-0.0113,-0.0008,1.2428,15.621,39.868,19.606
9267882,1294,1857,1984,-0.0158,0.0035,1.2469,16.898,41.425,20.082
9267892,1358,1857,2006,-0.0200,0.0066,1.2452,17.386,43.053,20.742
9267902,1387,1869,1940,-0.0234,0.0084,1.2392,17.177,44.864,21.521
9267912,1895,1919,2005,-0.0296,0.0110,1.2366,16.355,46.547,22.388
9267922,1500,1857,2016,-0.0349,0.0115,1.2319,15.184,48.128,23.315
9267932,1280,1861,2055,-0.0397,0.0088,1.2227,13.739,49.562,24.318
9267942,1442,1887,2064,-0.0506,0.0133,1.2181,12.346,50.950,25.531
9267952,1320,1879,2052,-0.0608,0.0168,1.2083,10.928,52.304,26.797
9267962,1353,1921,2035,-0.0729,0.0152,1.2002,9.527,53.517,27.949
9267972,1276,1859,2045,-0.0831,0.0144,1.1984,8.100,54.389,29.046
9267982,1322,1869,1982,-0.0937,0.0226,1.1904,7.151,55.349,30.109
9267992,1323,1861,2036,-0.1028,0.0333,1.1759,6.742,56.464,30.904
9268002,1511,1901,2067,-0.1081,0.0378,1.1720,7.125,57.326,31.318
9268012,1449,1869,2014,-0.1170,0.0449,1.1617,8.237,58.163,31.592
9268022,1286,1885,2040,-0.1273,0.0539,1.1561,9.885,59.041,31.788
9268032,1521,1887,2087,-0.1362,0.0592,1.1531,11.399,59.740,31.863
9268042,1368,1962,2017,-0.1475,0.0650,1.1456,12.648,60.496,31.928
9268052,1397,1870,1952,-0.1592,0.0743,1.1379,13.324,61.199,32.011
9268062,1698,1893,1927,-0.1704,0.0827,1.1266,13.526,61.864,32.026
9268072,1372,1877,2007,-0.1825,0.0861,1.1126,13.382,62.456,31.931
9268082,1334,1858,1881,-0.1946,0.0895,1.1028,12.952,62.776,31.810
9268092,1286,1874,1975,-0.2082,0.0953,1.0906,12.462,62.953,31.738
9268102,1464,1925,2034,-0.2229,0.1020,1.0753,11.989,63.089,31.633
9268112,1899,2000,2117,-0.2379,0.1109,1.0602,11.760,62.979,31.443
9268122,1369,1908,1932,-0.2538,0.1206,1.0455,11.948,62.713,31.072
9268132,1622,1872,1848,-0.2702,0.1325,1.0308,13.040,61.904,29.982
9268142,1805,2063,1848,-0.2826,0.1412,1.0146,14.416,61.020,28.630
9268152,1615,1969,2173,-0.2927,0.1478,1.0018,16.018,60.079,27.113
9268162,1690,1905,1845,-0.3067,0.1609,0.9883,17.778,59.161,25.623
9268172,2550,1884,1837,-0.3201,0.1751,0.9680,19.805,58.337,24.181
9268182,1648,1867,1860,-0.3337,0.1819,0.9593,21.727,57.093,22.632
9268192,2362,1932,2085,-0.3471,0.1892,0.9471,23.560,55.562,21.048
9268202,1799,1906,1839,-0.3588,0.1977,0.9348,25.085,53.981,19.394
9268212,1347,1883,2033,-0.3702,0.2043,0.9165,26.217,52.188,17.720
9268222,1818,1885,2016,-0.3819,0.2119,0.8905,27.225,50.208,16.124
9268232,1778,1866,2116,-0.3928,0.2200,0.8678,28.184,47.510,14.679
9268242,4095,1999,2003,-0.3975,0.2331,0.8625,29.147,43.599,13.519
9268252,1641,1875,1983,-0.3975,0.2518,0.8870,30.031,38.730,12.595
9268262,1506,1857,1869,-0.4064,0.2542,0.8939,30.276,34.423,11.638
9268272,1394,1873,1919,-0.4190,0.2579,0.8612,29.800,31.691,10.517
9268282,2900,1970,1873,-0.4271,0.2644,0.8541,28.618,28.581,8.882
9268292,1471,1863,2178,-0.4258,0.2681,0.8552,27.341,24.644,6.925
9268302,1427,1927,2138,-0.4226,0.2672,0.8532,26.338,20.848,5.143
9268312,1629,1893,1955,-0.4235,0.2627,0.8560,25.497,16.884,3.683
9268322,1754,1879,1948,-0.4264,0.2577,0.8539,24.341,12.949,2.309
9268332,1541,1866,2189,-0.4256,0.2550,0.8589,22.542,8.559,0.913
9268342,2095,1873,2494,-0.4248,0.2582,0.8466,20.083,4.045,-0.398
9268352,1346,1945,1839,-0.4217,0.2528,0.8417,17.310,-0.690,-1.535
9268362,1907,2150,1962,-0.4166,0.2398,0.8483,14.522,-5.720,-2.498
9268372,2115,1877,1989,-0.4157,0.2383,0.8403,12.104,-10.345,-3.215
9268382,1947,2532,2096,-0.4215,0.2511,0.8102,10.475,-14.469,-3.960
9268392,3675,2062,2183,-0.4301,0.2776,0.7666,10.225,-18.662,-5.261
9268402,1655,1903,1943,-0.4373,0.3155,0.7206,11.763,-23.147,-7.152
9268412,2130,1904,1936,-0.4348,0.3459,0.7023,14.735,-28.376,-9.658
9268422,1180,2013,1897,-0.4100,0.3530,0.7488,18.804,-34.303,-12.320
9268432,1881,1864,1972,-0.3906,0.3399,0.7960,23.074,-40.089,-14.671
9268442,1584,1859,2225,-0.3737,0.3173,0.8250,26.380,-43.929,-16.377
9268452,2093,1939,2104,-0.3556,0.2980,0.8746,27.147,-48.303,-17.221
9268462,1604,1900,1864,-0.3400,0.2804,0.8968,25.424,-51.899,-17.198
9268472,2105,1855,1982,-0.3261,0.2689,0.9338,21.612,-55.654,-16.320
9268482,1407,1910,1991,-0.3164,0.2643,0.9496,16.579,-58.874,-14.751
9268492,1613,1884,2033,-0.3118,0.2788,0.9695,11.377,-61.532,-12.822
9268502,1700,1918,2772,-0.3067,0.2984,0.9894,6.693,-63.925,-11.134
9268512,2466,1908,1840,-0.3005,0.3154,1.0100,3.001,-65.513,-10.101
9268522,1461,1854,1979,-0.2922,0.3263,1.0492,0.419,-66.855,-9.696
9268532,1243,1894,1955,-0.2786,0.3116,1.0848,-1.374,-67.805,-9.768
9268542,1773,1898,1845,-0.2641,0.2850,1.1244,-2.963,-68.169,-10.083
9268552,2289,1972,2120,-0.2479,0.2572,1.1554,-4.746,-67.924,-10.515
9268562,1614,2075,2157,-0.2333,0.2438,1.1854,-6.454,-67.185,-11.055
9268572,2060,2139,2094,-0.2166,0.2407,1.2079,-8.129,-65.850,-11.850
9268582,1588,1858,2006,-0.2018,0.2454,1.2157,-9.463,-63.607,-12.840
9268592,1085,1924,3074,-0.1894,0.2519,1.2189,-10.023,-60.840,-13.955
9268602,2546,2038,2361,-0.1776,0.2517,1.2287,-9.762,-57.800,-15.281
9268612,1239,1862,1930,-0.1627,0.2394,1.2414,-8.762,-54.645,-16.691
9268622,3130,1867,2139,-0.1457,0.2177,1.2669,-7.592,-51.360,-17.922
9268632,2384,2344,2076,-0.1273,0.1941,1.2834,-6.900,-47.843,-18.683
9268642,1629,1862,2241,-0.1103,0.1776,1.2850,-6.797,-43.717,-18.829
9268652,2221,2150,2205,-0.1018,0.1644,1.2855,-7.162,-39.593,-18.470
9268662,3744,2339,2186,-0.0947,0.1457,1.2803,-7.678,-35.483,-17.940
9268672,1422,1895,2157,-0.0890,0.1325,1.2681,-8.169,-31.519,-17.190
9268682,1614,1881,1972,-0.0870,0.1179,1.2600,-8.492,-27.491,-16.271
9268692,1866,1994,1844,-0.0861,0.1111,1.2533,-8.370,-23.685,-15.026
9268702,1425,2265,2053,-0.0873,0.1103,1.2471,-7.628,-19.792,-13.459
9268712,1704,2090,2101,-0.0920,0.1083,1.2424,-6.703,-16.148,-11.773
9268722,1091,1860,1926,-0.0988,0.1107,1.2361,-5.778,-12.631,-10.100
9268732,1580,1915,2290,-0.1067,0.1126,1.2209,-4.875,-9.297,-8.550
9268742,1327,1890,1974,-0.1175,0.1136,1.2073,-3.910,-6.347,-7.157
9268752,1942,2162,2246,-0.1292,0.1192,1.1886,-2.831,-3.740,-5.955
9268762,2302,1892,2026,-0.1407,0.1282,1.1611,-1.476,-1.423,-4.966
9268772,1139,1857,2059,-0.1503,0.1371,1.1433,0.089,0.370,-4.140
9268782,1671,1854,2005,-0.1563,0.1455,1.1412,1.741,1.428,-3.309
9268792,1198,1907,2081,-0.1621,0.1519,1.1379,3.172,2.358,-2.444
9268802,1306,1863,2043,-0.1676,0.1586,1.1402,4.045,3.160,-1.591
9268812,1528,1891,1899,-0.1709,0.1670,1.1349,4.283,3.868,-0.764
9268822,1496,1873,1886,-0.1754,0.1715,1.1268,3.960,4.505,-0.022
9268832,2101,1998,2071,-0.1795,0.1763,1.1129,3.253,5.018,0.584
9268842,1603,1872,2067,-0.1843,0.1747,1.1016,2.515,5.310,0.945
9268852,1798,1995,2013,-0.1883,0.1731,1.0924,1.820,5.297,1.101
9268862,3530,1971,1897,-0.1904,0.1775,1.0943,1.428,5.096,1.391
9268872,1190,1940,2093,-0.1902,0.1824,1.1004,1.129,4.780,1.803
9268882,1255,1959,1913,-0.1895,0.1865,1.1060,0.735,4.800,2.264
9268892,1165,1939,1938,-0.1871,0.1914,1.1123,-0.031,4.886,2.631
9268902,1457,1941,2015,-0.1863,0.1942,1.1058,-0.987,5.352,2.818
9268912,1611,1872,2029,-0.1887,0.1917,1.1012,-1.989,5.809,2.851
9268922,1053,1933,2022,-0.1915,0.1868,1.0932,-2.897,6.070,2.833
9268932,1198,2026,1901,-0.1929,0.1817,1.0931,-3.538,6.182,2.833
9268942,1286,1989,1834,-0.1925,0.1787,1.0921,-3.853,6.132,2.952
9268952,1903,1938,1866,-0.1925,0.1817,1.0919,-3.851,6.227,3.247
9268962,1058,1879,2067,-0.1933,0.1871,1.0923,-3.765,6.261,3.648
9268972,1126,1895,1972,-0.1939,0.1881,1.0913,-3.643,6.440,4.019
9268982,1299,1922,2039,-0.1946,0.1882,1.0977,-3.575,6.435,4.316
9268992,1267,1858,1916,-0.1948,0.1897,1.0985,-3.499,6.545,4.537
9269002,1071,1869,1900,-0.1958,0.1927,1.0989,-3.455,6.734,4.663
9269012,1045,1896,2030,-0.1978,0.1974,1.0978,-3.563,6.916,4.694
9269022,1363,1893,1944,-0.2006,0.2001,1.0959,-3.796,7.149,4.631
9269032,1037,1852,1918,-0.2036,0.1997,1.0965,-4.175,7.303,4.491
9269042,1105,1880,1927,-0.2060,0.1995,1.0961,-4.625,7.406,4.291
9269052,1039,1915,1980,-0.2084,0.1980,1.0939,-5.010,7.557,4.060
9269062,1070,1856,1945,-0.2092,0.1998,1.0964,-5.230,7.529,3.886
9269072,1053,1904,2026,-0.2105,0.2025,1.0993,-5.244,7.504,3.808
9269082,1201,1874,1837,-0.2108,0.2070,1.1033,-5.153,7.473,3.830
9269092,1062,1854,1970,-0.2131,0.2080,1.0984,-5.097,7.623,3.902
9269102,1138,1858,1900,-0.2162,0.2102,1.0985,-5.289,7.586,3.949
9269112,1097,1872,1985,-0.2175,0.2134,1.0941,-5.617,7.329,3.939
9269122,1059,1857,1862,-0.2157,0.2138,1.0944,-5.957,7.011,3.865
9269132,1102,1881,1948,-0.2115,0.2070,1.0987,-6.390,6.521,3.818
9269142,1150,1896,1885,-0.2069,0.1975,1.1073,-6.977,6.211,3.992
9269152,1041,1859,1929,-0.2051,0.1891,1.1152,-8.080,6.064,4.384
9269162,1051,1919,1935,-0.2061,0.1819,1.1156,-9.584,6.380,4.911
9269172,1102,1870,2003,-0.2092,0.1744,1.1147,-11.216,6.749,5.466
9269182,1175,1914,1883,-0.2129,0.1717,1.1125,-12.613,6.987,6.017
9269192,1093,1856,1880,-0.2157,0.1727,1.1134,-13.512,7.102,6.548
9269202,1044,1874,1873,-0.2179,0.1738,1.1106,-13.814,7.161,6.970
9269212,1047,1856,1971,-0.2190,0.1755,1.1110,-13.557,7.236,7.237
9269222,1055,1870,1887,-0.2205,0.1761,1.1086,-12.920,7.341,7.341
9269232,1045,1863,1917,-0.2235,0.1777,1.1040,-12.003,7.497,7.320
9269242,1112,1859,1898,-0.2266,0.1787,1.1031,-10.953,7.478,7.213
9269252,1050,1853,1964,-0.2302,0.1775,1.0929,-9.804,7.451,7.047
9269262,1091,1898,1880,-0.2322,0.1739,1.0836,-8.679,7.195,6.879
9269272,1059,1857,1915,-0.2346,0.1705,1.0754,-7.654,6.613,6.825
9269282,1062,1869,1903,-0.2337,0.1669,1.0723,-6.817,5.778,6.877
9269292,1060,1853,1892,-0.2338,0.1683,1.0718,-6.208,4.789,6.969
9269302,1111,1865,2026,-0.2356,0.1728,1.0684,-5.752,4.056,6.976
9269312,1056,1852,1880,-0.2387,0.1784,1.0651,-5.439,3.296,6.787
9269322,1103,1907,1822,-0.2426,0.1813,1.0594,-5.192,2.433,6.366
9269332,1172,1876,1968,-0.2449,0.1844,1.0543,-4.955,1.411,5.773
9269342,1085,1879,1849,-0.2470,0.1856,1.0475,-4.574,0.237,5.136
9269352,1125,1902,1904,-0.2465,0.1905,1.0463,-3.938,-1.016,4.540
9269362,1057,1869,1853,-0.2459,0.1988,1.0425,-3.117,-2.278,3.955
9269372,1123,1864,1896,-0.2460,0.2064,1.0406,-2.159,-3.436,3.277
9269382,1064,1857,1870,-0.2466,0.2106,1.0323,-1.274,-4.614,2.416
9269392,1154,1854,1970,-0.2464,0.2084,1.0253,-0.609,-5.894,1.365
9269402,1115,1859,1933,-0.2448,0.2014,1.0272,-0.364,-7.490,0.237
9269412,1061,1853,1863,-0.2431,0.1992,1.0263,-0.338,-9.095,-0.692
9269422,1117,1855,1914,-0.2419,0.2031,1.0260,-0.280,-10.659,-1.381
9269432,1069,1895,1938,-0.2387,0.2039,1.0234,-0.100,-12.267,-2.016
9269442,1065,1857,1870,-0.2348,0.1974,1.0264,-0.123,-14.045,-2.744
9269452,1068,1901,1860,-0.2285,0.1862,1.0331,-0.605,-15.940,-3.470
9269462,1068,1855,1891,-0.2238,0.1825,1.0410,-1.365,-17.609,-4.048
9269472,1338,1906,1873,-0.2205,0.1860,1.0298,-2.053,-19.006,-4.475
9269482,1078,1891,1836,-0.2200,0.1923,1.0271,-2.478,-20.522,-4.939
9269492,1075,1853,1960,-0.2194,0.2001,1.0268,-2.698,-22.358,-5.612
9269502,1088,1888,1842,-0.2156,0.2073,1.0225,-2.634,-23.792,-6.607
9269512,1141,1857,1838,-0.2096,0.2010,1.0114,-2.329,-24.995,-7.979
9269522,1071,1886,1834,-0.2032,0.1901,1.0241,-1.859,-26.515,-9.322
9269532,1100,1876,1860,-0.2006,0.1891,1.0287,-1.467,-28.025,-9.974
9269542,1227,1887,1828,-0.2024,0.1946,1.0344,-1.511,-29.288,-9.965
9269552,1125,1857,1914,-0.2002,0.2016,1.0512,-2.388,-30.972,-9.816
9269562,1081,1886,1908,-0.1936,0.2045,1.0607,-3.953,-32.159,-10.029
9269572,1122,1852,1914,-0.1844,0.2005,1.0753,-6.155,-33.264,-10.756
9269582,1073,1867,1824,-0.1761,0.1919,1.0818,-8.517,-33.980,-11.744
9269592,1146,1855,1937,-0.1681,0.1784,1.0945,-10.877,-34.628,-12.644
9269602,1085,1869,1903,-0.1608,0.1622,1.1079,-13.247,-35.265,-13.231
9269612,1080,1854,1869,-0.1549,0.1493,1.1190,-15.577,-35.598,-13.463
9269622,1135,1895,1884,-0.1503,0.1397,1.1297,-17.861,-35.768,-13.465
9269632,1145,1897,1841,-0.1475,0.1345,1.1400,-19.999,-35.710,-13.456
9269642,1082,1869,1869,-0.1440,0.1313,1.1469,-21.892,-35.543,-13.606
9269652,1170,1856,1896,-0.1404,0.1278,1.1452,-23.033,-35.098,-14.240
9269662,1202,1855,1824,-0.1359,0.1244,1.1439,-23.406,-34.742,-14.924
9269672,1123,1855,1895,-0.1316,0.1182,1.1449,-23.086,-34.508,-15.608
9269682,1095,1910,1872,-0.1259,0.1116,1.1427,-22.174,-34.310,-16.188
9269692,1090,1852,1902,-0.1192,0.1061,1.1438,-20.869,-34.266,-16.546
9269702,1085,1871,1848,-0.1123,0.1025,1.1468,-19.364,-34.243,-16.712
9269712,1084,1875,1845,-0.1041,0.0993,1.1501,-17.915,-34.136,-16.783
9269722,1249,1877,1864,-0.0962,0.0962,1.1521,-16.588,-33.952,-16.808
9269732,1103,1854,1824,-0.0898,0.0929,1.1550,-15.376,-33.708,-16.764
9269742,1178,1873,1872,-0.0819,0.0898,1.1580,-14.233,-33.477,-16.678
9269752,1088,1894,1903,-0.0739,0.0854,1.1611,-13.199,-33.259,-16.567
9269762,1195,1873,1832,-0.0654,0.0796,1.1670,-12.449,-33.021,-16.420
9269772,1208,1871,1839,-0.0576,0.0762,1.1717,-12.033,-32.650,-16.171
9269782,1091,1890,1838,-0.0502,0.0736,1.1755,-11.963,-32.185,-15.855
9269792,1130,1856,1963,-0.0433,0.0721,1.1813,-12.237,-31.642,-15.526
9269802,1110,1871,1839,-0.0361,0.0708,1.1852,-12.817,-30.973,-15.192
9269812,1090,1862,1888,-0.0300,0.0683,1.1854,-13.583,-30.103,-14.874
9269822,1118,1878,1844,-0.0228,0.0635,1.1843,-14.421,-29.143,-14.603
9269832,1095,1856,1879,-0.0172,0.0558,1.1818,-15.150,-28.102,-14.374
9269842,1122,1874,1832,-0.0109,0.0473,1.1788,-15.669,-27.060,-14.052
9269852,1100,1858,1871,-0.0056,0.0415,1.1779,-15.923,-26.081,-13.559
9269862,1095,1901,1842,-0.0009,0.0369,1.1767,-16.043,-25.157,-12.968
9269872,1095,1855,1856,0.0027,0.0357,1.1769,-16.081,-24.336,-12.300
9269882,1163,1853,1830,0.0049,0.0368,1.1736,-16.177,-23.603,-11.603
9269892,1145,1854,1822,0.0055,0.0395,1.1739,-16.495,-23.008,-10.934
9269902,1112,1877,1841,0.0074,0.0457,1.1846,-17.215,-22.670,-10.297
9269912,1121,1873,1851,0.0105,0.0497,1.1897,-18.458,-22.189,-9.691
9269922,1099,1888,1836,0.0151,0.0495,1.1999,-20.480,-21.519,-9.222
9269932,1101,1853,1868,0.0205,0.0443,1.2037,-23.402,-20.598,-8.953
9269942,1113,1882,1841,0.0240,0.0360,1.2014,-26.795,-19.261,-8.834
9269952,1102,1875,1897,0.0245,0.0250,1.1935,-30.144,-17.860,-8.826
9269962,1106,1853,1878,0.0242,0.0122,1.1811,-32.641,-16.457,-8.902
9269972,1144,1889,1891,0.0245,-0.0047,1.1712,-33.724,-15.376,-9.032
9269982,1152,1937,1830,0.0264,-0.0187,1.1625,-33.256,-14.609,-9.025
9269992,1121,1871,1922,0.0290,-0.0283,1.1552,-31.454,-14.013,-8.880
9270002,1121,1880,1858,0.0312,-0.0344,1.1545,-28.634,-13.723,-8.716
9270012,1105,1865,1844,0.0344,-0.0386,1.1531,-25.175,-13.461,-8.599
9270022,1261,1862,1839,0.0369,-0.0416,1.1564,-21.355,-13.246,-8.578
9270032,1109,1877,1844,0.0397,-0.0454,1.1570,-17.454,-13.024,-8.591
9270042,1144,1855,1899,0.0432,-0.0464,1.1614,-13.658,-12.819,-8.554
9270052,1114,1855,1880,0.0462,-0.0459,1.1664,-10.228,-12.667,-8.481
9270062,1108,1861,1835,0.0476,-0.0429,1.1655,-7.220,-12.382,-8.382
9270072,1167,1855,1898,0.0480,-0.0351,1.1694,-4.656,-12.201,-8.284
9270082,1174,1886,1860,0.0480,-0.0284,1.1610,-2.480,-11.896,-8.305
9270092,1126,1859,1990,0.0529,-0.0250,1.1699,-0.674,-11.747,-8.383
9270102,1126,1921,1866,0.0591,-0.0235,1.1809,0.585,-11.660,-8.210
9270112,1122,1860,1859,0.0642,-0.0223,1.1945,1.156,-11.105,-7.574
9270122,1140,1875,1825,0.0667,-0.0212,1.2038,0.542,-10.320,-6.638
9270132,1230,1859,1869,0.0663,-0.0200,1.2032,-1.037,-9.080,-5.739
9270142,1118,1892,1857,0.0632,-0.0222,1.1929,-3.181,-7.897,-5.134
9270152,1115,1876,1868,0.0585,-0.0284,1.1777,-5.105,-6.877,-4.858
9270162,1140,1880,1822,0.0568,-0.0340,1.1696,-6.319,-6.385,-4.683
9270172,1116,1862,1873,0.0534,-0.0368,1.1593,-6.626,-6.001,-4.467
9270182,1152,1891,1820,0.0506,-0.0380,1.1517,-6.214,-5.845,-4.209
9270192,1120,1855,1891,0.0487,-0.0361,1.1428,-5.360,-5.775,-3.992
9270202,1169,1904,1839,0.0475,-0.0376,1.1352,-4.298,-5.822,-3.873
9270212,1120,1859,1903,0.0468,-0.0379,1.1284,-3.048,-6.028,-3.805
9270222,1127,1867,1872,0.0462,-0.0363,1.1237,-1.512,-6.344,-3.702
9270232,1132,1854,1865,0.0460,-0.0315,1.1191,0.275,-6.825,-3.600
9270242,1142,1888,1834,0.0463,-0.0255,1.1164,2.125,-7.397,-3.541
9270252,1132,1855,1892,0.0473,-0.0173,1.1130,3.818,-8.071,-3.595
9270262,1167,1905,1845,0.0475,-0.0086,1.1078,5.216,-8.766,-3.816
9270272,1125,1854,1934,0.0526,0.0015,1.1169,6.213,-9.568,-4.198
9270282,1151,1887,1838,0.0585,0.0024,1.1418,8.115,-10.480,-4.642
9270292,1129,1859,1984,0.0652,-0.0039,1.1540,11.161,-11.020,-5.253
9270302,1146,1885,1839,0.0725,-0.0154,1.1643,15.006,-10.875,-5.946
9270312,1130,1854,1931,0.0773,-0.0235,1.1691,18.349,-10.587,-6.558
9270322,1195,1889,1822,0.0650,-0.0276,1.1763,21.593,-9.932,-6.764
9270332,1129,1866,1856,0.0741,-0.0033,1.1558,23.898,-9.327,-6.668
9270342,1140,1865,1897,0.0650,-0.0017,1.1669,25.448,-9.091,-6.649
9270352,1130,1852,1892,0.0633,0.0144,1.1657,26.515,-8.575,-6.612
9270362,1162,1904,1965,0.0663,0.0146,1.1735,26.133,-8.664,-6.630
9270372,1186,1884,1845,0.0699,0.0195,1.1645,25.955,-8.541,-6.475
9270382,1151,1885,1895,0.0757,0.0232,1.1734,24.756,-8.567,-6.310
9270392,1134,1853,1877,0.0778,0.0253,1.1670,23.350,-8.369,-6.100
9270402,1151,1874,1825,0.0827,0.0276,1.1719,21.707,-8.266,-5.855
9270412,1136,1872,1858,0.0885,0.0335,1.1663,19.896,-8.075,-5.605
9270422,1154,1877,1859,0.0867,0.0342,1.1664,18.497,-7.699,-5.429
9270432,1143,1864,1929,0.0863,0.0352,1.1627,17.400,-7.473,-5.323
9270442,1140,1872,1906,0.0861,0.0397,1.1587,16.719,-6.957,-5.138
9270452,1138,1896,1875,0.0929,0.0446,1.1548,15.944,-6.822,-4.862
9270462,1160,1866,1822,0.0950,0.0459,1.1540,15.764,-6.555,-4.468
9270472,1149,1854,1860,0.1000,0.0465,1.1624,15.406,-6.439,-4.043
9270482,1163,1879,1840,0.1024,0.0451,1.1618,14.724,-6.002,-3.503
9270492,1138,1873,1841,0.1045,0.0477,1.1632,13.843,-5.569,-2.781
9270502,1142,1876,1829,0.1043,0.0528,1.1611,12.579,-5.150,-2.074
9270512,1141,1857,1828,0.1026,0.0558,1.1600,11.264,-4.681,-1.574
9270522,1158,1870,1831,0.1044,0.0584,1.1522,10.227,-4.251,-1.260
9270532,1140,1893,1908,0.1035,0.0579,1.1485,9.660,-3.842,-1.085
9270542,1161,1891,1822,0.1007,0.0580,1.1449,9.567,-3.516,-0.955
9270552,1147,1855,1879,0.0992,0.0623,1.1390,9.830,-3.156,-0.749
9270562,1169,1866,1824,0.0981,0.0691,1.1350,10.363,-3.010,-0.414
9270572,1150,1856,1849,0.0966,0.0780,1.1354,10.971,-2.948,-0.082
9270582,1157,1853,1823,0.0959,0.0867,1.1380,11.353,-2.955,0.146
9270592,1155,1856,1821,0.0932,0.0905,1.1387,11.425,-2.888,0.169
9270602,1169,1858,2002,0.0970,0.0939,1.1408,11.425,-2.782,0.068
9270612,1148,1856,1917,0.0966,0.0918,1.1457,11.122,-2.688,-0.156
9270622,1162,1874,1826,0.0969,0.0882,1.1468,10.623,-2.382,-0.386
9270632,1154,1856,1824,0.0947,0.0841,1.1483,10.077,-1.992,-0.509
9270642,1176,1861,1823,0.0936,0.0821,1.1450,9.503,-1.720,-0.506
9270652,1154,1871,1824,0.0917,0.0830,1.1448,9.171,-1.517,-0.411
9270662,1179,1890,1852,0.0920,0.0872,1.1448,9.115,-1.472,-0.280
9270672,1154,1855,1822,0.0872,0.0855,1.1492,9.231,-1.413,-0.244
9270682,1186,1926,1824,0.0887,0.0914,1.1420,9.438,-1.223,-0.174
9270692,1158,1857,2099,0.0885,0.0945,1.1469,9.683,-1.255,-0.089
9270702,1179,1882,1857,0.0887,0.0968,1.1449,9.758,-1.223,-0.024
9270712,1155,1856,1834,0.0897,0.1003,1.1434,9.636,-1.015,0.068
9270722,1186,1884,1875,0.0900,0.1038,1.1432,9.378,-1.048,0.155
9270732,1166,1855,1908,0.0911,0.1058,1.1412,8.987,-0.954,0.150
9270742,1181,1905,1822,0.0910,0.1055,1.1432,8.627,-0.946,0.056
9270752,1157,1870,1844,0.0910,0.1053,1.1428,8.329,-0.950,-0.111
9270762,1187,1871,1824,0.0909,0.1048,1.1440,8.056,-0.958,-0.298
9270772,1161,1856,1866,0.0906,0.1041,1.1445,7.902,-0.920,-0.437
9270782,1174,1874,1826,0.0907,0.1048,1.1430,7.775,-0.837,-0.505
9270792,1163,1858,2042,0.0902,0.1066,1.1407,7.672,-0.756,-0.516
9270802,1177,1874,1822,0.0914,0.1104,1.1396,7.595,-0.713,-0.483
9270812,1166,1855,1876,0.0914,0.1133,1.1403,7.535,-0.728,-0.472
9270822,1172,1870,1825,0.0915,0.1142,1.1393,7.495,-0.689,-0.483
9270832,1167,1855,1834,0.0923,0.1158,1.1410,7.540,-0.627,-0.478
9270842,1198,1893,2033,0.0934,0.1176,1.1404,7.567,-0.573,-0.440
9270852,1168,1854,1841,0.0940,0.1197,1.1415,7.551,-0.447,-0.407
9270862,1181,1874,1827,0.0947,0.1207,1.1432,7.408,-0.359,-0.397
9270872,1168,1855,1826,0.0946,0.1206,1.1421,7.307,-0.074,-0.400
9270882,1190,1877,1823,0.0938,0.1214,1.1427,7.164,0.057,-0.421
9270892,1179,1860,2005,0.0920,0.1211,1.1395,7.024,0.255,-0.454
9270902,1214,1888,1832,0.0905,0.1219,1.1369,6.858,0.408,-0.467
9270912,1168,1857,1856,0.0889,0.1236,1.1373,6.816,0.418,-0.433
9270922,1182,1875,1824,0.0884,0.1248,1.1377,6.814,0.407,-0.405
9270932,1169,1855,1859,0.0887,0.1260,1.1389,6.939,0.425,-0.354
9270942,1193,1885,1911,0.0884,0.1271,1.1382,7.054,0.450,-0.285
9270952,1172,1856,1835,0.0889,0.1287,1.1369,7.185,0.509,-0.207
9270962,1192,1873,1867,0.0891,0.1312,1.1367,7.236,0.554,-0.176
9270972,1182,1856,1869,0.0894,0.1340,1.1381,7.215,0.560,-0.174
9270982,1193,1866,1824,0.0889,0.1361,1.1395,7.098,0.537,-0.194
9270992,1176,1855,1891,0.0889,0.1381,1.1387,6.883,0.549,-0.221
9271002,1195,1878,1965,0.0883,0.1402,1.1383,6.624,0.618,-0.198
9271012,1173,1860,1831,0.0878,0.1427,1.1381,6.355,0.623,-0.134
9271022,1199,1876,1823,0.0870,0.1429,1.1387,6.053,0.586,-0.071
9271032,1176,1856,1886,0.0876,0.1445,1.1387,5.750,0.562,-0.011
9271042,1228,1911,1858,0.0878,0.1453,1.1387,5.406,0.541,0.043
9271052,1177,1854,1868,0.0870,0.1452,1.1387,5.069,0.555,0.114
9271062,1189,1857,1861,0.0866,0.1456,1.1396,4.720,0.548,0.160
9271072,1181,1857,1849,0.0866,0.1451,1.1382,4.452,0.566,0.183
9271082,1200,1861,1871,0.0868,0.1447,1.1393,4.248,0.522,0.192
9271092,1184,1855,1890,0.0874,0.1439,1.1408,4.138,0.490,0.180
9271102,1205,1881,1827,0.0868,0.1429,1.1408,4.021,0.562,0.157
9271112,1189,1854,1830,0.0859,0.1430,1.1413,3.957,0.696,0.175
9271122,1216,1872,1825,0.0865,0.1437,1.1439,3.916,0.768,0.221
9271132,1183,1856,1829,0.0886,0.1418,1.1451,3.859,0.880,0.251
9271142,1195,1867,1859,0.0901,0.1405,1.1424,3.793,1.073,0.279
9271152,1184,1854,1862,0.0897,0.1422,1.1389,3.722,1.246,0.316
9271162,1240,1877,1984,0.0890,0.1458,1.1340,3.664,1.371,0.354
9271172,1195,1856,1871,0.0882,0.1473,1.1323,3.714,1.412,0.341
9271182,1188,1864,1897,0.0857,0.1515,1.1325,4.073,1.364,0.340
9271192,1187,1855,1878,0.0835,0.1551,1.1320,4.366,1.238,0.341
9271202,1204,1858,1825,0.0807,0.1561,1.1322,4.657,1.203,0.302
9271212,1189,1854,1873,0.0790,0.1537,1.1376,4.797,1.019,0.217
9271222,1229,1875,2058,0.0779,0.1538,1.1325,4.893,1.112,0.184
9271232,1195,1855,1855,0.0768,0.1548,1.1353,4.973,1.006,0.225
9271242,1207,1867,1823,0.0758,0.1568,1.1352,5.038,0.844,0.241
9271252,1190,1859,1834,0.0754,0.1578,1.1342,5.089,0.819,0.222
9271262,1210,1874,1861,0.0739,0.1592,1.1349,5.118,0.730,0.168
9271272,1196,1855,1868,0.0731,0.1615,1.1336,5.098,0.660,0.116
9271282,1204,1872,1894,0.0739,0.1630,1.1347,5.000,0.523,0.075
9271292,1194,1854,1861,0.0749,0.1648,1.1373,4.819,0.346,0.020
9271302,1222,1871,1823,0.0751,0.1656,1.1380,4.592,0.280,-0.039
9271312,1202,1854,1841,0.0754,0.1660,1.1379,4.323,0.241,-0.088
9271322,1221,1873,1842,0.0753,0.1659,1.1366,4.046,0.226,-0.096
9271332,1199,1856,1829,0.0746,0.1662,1.1352,3.711,0.164,-0.083
9271342,1217,1866,1826,0.0758,0.1671,1.1359,3.395,0.033,-0.068
9271352,1199,1855,1870,0.0767,0.1667,1.1373,3.165,-0.094,-0.085
9271362,1218,1869,1824,0.0769,0.1658,1.1362,3.006,-0.128,-0.097
9271372,1206,1856,1867,0.0771,0.1665,1.1344,2.862,-0.120,-0.076
9271382,1227,1860,1903,0.0762,0.1677,1.1339,2.738,-0.131,-0.042
9271392,1207,1856,1856,0.0752,0.1686,1.1343,2.579,-0.178,-0.051
9271402,1224,1874,1870,0.0754,0.1684,1.1355,2.520,-0.181,-0.076
9271412,1201,1855,1897,0.0757,0.1680,1.1378,2.507,-0.195,-0.097
9271422,1237,1853,1824,0.0753,0.1681,1.1352,2.514,-0.111,-0.085
9271432,1208,1857,1923,0.0749,0.1688,1.1348,2.517,-0.072,-0.042
9271442,1227,1874,1827,0.0751,0.1693,1.1330,2.505,-0.074,-0.029
9271452,1205,1861,1826,0.0747,0.1700,1.1325,2.493,-0.101,-0.057
9271462,1224,1877,1841,0.0752,0.1714,1.1336,2.485,-0.154,-0.099
9271472,1210,1857,1926,0.0751,0.1725,1.1335,2.493,-0.182,-0.142
9271482,1218,1863,1859,0.0751,0.1721,1.1341,2.482,-0.219,-0.179
9271492,1208,1855,1881,0.0746,0.1719,1.1356,2.419,-0.216,-0.204
9271502,1229,1869,1823,0.0750,0.1710,1.1359,2.270,-0.187,-0.193
9271512,1211,1856,1829,0.0750,0.1718,1.1354,2.089,-0.172,-0.148
9271522,1229,1859,1839,0.0748,0.1718,1.1335,1.915,-0.145,-0.115
9271532,1214,1855,1830,0.0756,0.1717,1.1340,1.797,-0.113,-0.083
9271542,1220,1862,1866,0.0758,0.1721,1.1339,1.742,-0.090,-0.068
9271552,1214,1856,1842,0.0769,0.1716,1.1341,1.729,-0.064,-0.079
9271562,1238,1866,1826,0.0784,0.1715,1.1323,1.726,-0.012,-0.106
9271572,1213,1855,1828,0.0773,0.1705,1.1333,1.748,0.058,-0.077
9271582,1246,1873,1830,0.0763,0.1718,1.1321,1.763,0.123,0.032
9271592,1227,1856,1842,0.0757,0.1739,1.1323,1.886,0.190,0.233
9271602,1243,1888,1859,0.0766,0.1750,1.1332,1.928,0.139,0.415
9271612,1215,1855,1839,0.0770,0.1762,1.1347,1.963,0.154,0.512
9271622,1235,1868,1868,0.0762,0.1764,1.1354,1.951,0.211,0.547
9271632,1215,1857,1836,0.0756,0.1774,1.1351,1.910,0.282,0.575
9271642,1234,1864,1825,0.0734,0.1760,1.1355,1.860,0.411,0.584
9271652,1216,1856,1847,0.0719,0.1754,1.1332,1.739,0.490,0.577
9271662,1234,1856,1827,0.0685,0.1752,1.1315,1.736,0.676,0.617
9271672,1225,1853,1878,0.0697,0.1767,1.1302,1.724,0.682,0.662
9271682,1230,1860,1966,0.0710,0.1783,1.1287,1.893,0.708,0.649
9271692,1225,1857,1887,0.0698,0.1769,1.1303,2.037,0.655,0.507
9271702,1237,1867,1901,0.0670,0.1730,1.1324,2.159,0.670,0.369
9271712,1225,1861,1860,0.0677,0.1765,1.1299,2.345,0.803,0.409
9271722,1233,1872,1842,0.0663,0.1781,1.1353,2.564,0.674,0.462
9271732,1227,1862,1987,0.0656,0.1772,1.1314,2.612,0.665,0.405
9271742,1223,1860,1864,0.0641,0.1772,1.1296,2.767,0.766,0.383
9271752,1229,1858,1875,0.0630,0.1806,1.1327,2.958,0.584,0.456
9271762,1239,1852,1978,0.0633,0.1847,1.1313,3.132,0.484,0.505
9271772,1240,1873,1836,0.0629,0.1874,1.1337,3.184,0.412,0.459
9271782,1235,1856,1824,0.0625,0.1868,1.1337,3.046,0.309,0.383
9271792,1229,1856,1843,0.0618,0.1887,1.1314,2.874,0.342,0.353
9271802,1256,1875,1845,0.0618,0.1889,1.1338,2.548,0.192,0.356
9271812,1225,1870,1917,0.0609,0.1887,1.1308,2.260,0.175,0.363
9271822,1238,1861,1828,0.0612,0.1892,1.1325,1.997,0.057,0.354
9271832,1229,1855,1894,0.0615,0.1894,1.1322,1.791,-0.055,0.352
9271842,1256,1867,1888,0.0622,0.1893,1.1315,1.595,-0.118,0.363
9271852,1232,1856,1841,0.0625,0.1889,1.1312,1.390,-0.233,0.382
9271862,1263,1873,1825,0.0629,0.1886,1.1305,1.211,-0.282,0.394
9271872,1234,1857,1901,0.0624,0.1880,1.1307,1.062,-0.364,0.408
9271882,1251,1859,1869,0.0628,0.1878,1.1310,0.965,-0.427,0.403
9271892,1244,1873,1936,0.0637,0.1880,1.1323,0.920,-0.483,0.385
9271902,1250,1856,1895,0.0645,0.1878,1.1318,0.905,-0.523,0.384
9271912,1413,1867,1858,0.0645,0.1874,1.1331,0.886,-0.536,0.372
9271922,1238,1857,1825,0.0646,0.1875,1.1335,0.840,-0.572,0.351
9271932,1234,1856,1858,0.0647,0.1873,1.1315,0.758,-0.553,0.335
9271942,1256,1860,1825,0.0650,0.1880,1.1300,0.673,-0.552,0.336
9271952,1242,1858,1858,0.0652,0.1877,1.1299,0.603,-0.537,0.337
9271962,1242,1857,1826,0.0661,0.1874,1.1280,0.564,-0.555,0.312
9271972,1252,1862,1853,0.0649,0.1865,1.1277,0.535,-0.564,0.259
9271982,1261,1860,1835,0.0656,0.1866,1.1279,0.565,-0.564,0.224
9271992,1433,1911,1922,0.0666,0.1864,1.1287,0.654,-0.570,0.188
9272002,1266,1871,1868,0.0668,0.1860,1.1289,0.775,-0.536,0.128
9272012,1240,1856,1830,0.0673,0.1862,1.1282,0.944,-0.462,0.066
9272022,1257,1873,1833,0.0658,0.1865,1.1266,1.173,-0.397,0.008
9272032,1242,1857,1829,0.0649,0.1864,1.1292,1.428,-0.389,-0.048
9272042,1254,1857,1825,0.0657,0.1868,1.1299,1.688,-0.355,-0.091
9272052,1268,1858,1841,0.0642,0.1882,1.1320,1.902,-0.340,-0.120
9272062,1259,1865,1830,0.0632,0.1883,1.1311,2.011,-0.268,-0.125
9272072,1245,1862,1826,0.0637,0.1896,1.1317,2.008,-0.233,-0.109
