9233882,1287,1871,1857,0.0286,0.2715,1.1140,-0.348,-1.107,0.016
9233892,1264,1858,1867,0.0289,0.2707,1.1132,-0.401,-1.122,0.019
9233902,1296,1869,1847,0.0283,0.2703,1.1137,-0.442,-1.149,0.018
9233912,1266,1856,1870,0.0290,0.2696,1.1146,-0.460,-1.200,0.022
9233922,1285,1868,1840,0.0292,0.2693,1.1147,-0.454,-1.222,0.048
9233932,1267,1856,1856,0.0302,0.2690,1.1140,-0.434,-1.252,0.081
9233942,1294,1871,1844,0.0297,0.2692,1.1155,-0.366,-1.276,0.146
9233952,1265,1856,1919,0.0288,0.2703,1.1144,-0.268,-1.284,0.233
9233962,1283,1859,1902,0.0289,0.2712,1.1131,-0.215,-1.239,0.256
9233972,1266,1857,1871,0.0288,0.2711,1.1135,-0.223,-1.254,0.213
9233982,1299,1866,1840,0.0288,0.2705,1.1142,-0.274,-1.237,0.163
9233992,1268,1857,1850,0.0283,0.2705,1.1125,-0.285,-1.191,0.130
9234002,1298,1869,1843,0.0283,0.2713,1.1117,-0.264,-1.097,0.083
9234012,1267,1856,1849,0.0282,0.2715,1.1119,-0.190,-1.084,0.010
9234022,1296,1867,1841,0.0286,0.2705,1.1124,-0.055,-1.069,-0.049
9234032,1271,1861,1843,0.0285,0.2696,1.1146,0.010,-1.064,-0.085
9234042,1306,1871,1854,0.0283,0.2696,1.1146,0.030,-1.043,-0.083
9234052,1272,1857,1843,0.0284,0.2695,1.1142,-0.034,-1.021,-0.062
9234062,1303,1876,1839,0.0286,0.2696,1.1124,-0.100,-0.973,-0.031
9234072,1271,1857,1869,0.0287,0.2703,1.1118,-0.128,-0.963,-0.025
9234082,1299,1868,1839,0.0286,0.2706,1.1117,-0.088,-0.977,-0.041
9234092,1272,1858,1859,0.0279,0.2708,1.1121,0.008,-0.980,-0.045
9234102,1299,1871,1849,0.0275,0.2711,1.1125,0.073,-0.987,-0.048
9234112,1277,1857,1839,0.0277,0.2711,1.1117,0.095,-1.000,-0.039
9234122,1334,1867,1840,0.0277,0.2716,1.1124,0.040,-0.985,-0.023
9234132,1338,1856,1846,0.0276,0.2705,1.1129,-0.045,-0.962,0.004
9234142,1325,1872,1840,0.0277,0.2707,1.1125,-0.122,-0.968,0.013
9234152,1277,1857,1851,0.0284,0.2719,1.1146,-0.135,-0.977,-0.001
9234162,1309,1871,1840,0.0294,0.2770,1.1197,-0.077,-1.031,-0.054
9234172,1296,1858,1860,0.0312,0.2790,1.1193,0.007,-0.976,-0.132
9234182,1338,1875,1853,0.0340,0.2752,1.1167,-0.027,-0.765,-0.127
9234192,1291,1864,2033,0.0341,0.2772,1.1214,-0.325,-0.763,0.111
9234202,1308,1870,1840,0.0322,0.2774,1.1151,-0.951,-0.593,0.402
9234212,1281,1856,1859,0.0319,0.2735,1.1165,-1.744,-0.509,0.523
9234222,1285,1860,1846,0.0332,0.2669,1.1143,-2.520,-0.514,0.476
9234232,1328,1860,1843,0.0357,0.2619,1.1094,-2.905,-0.453,0.424
9234242,1308,1866,1839,0.0369,0.2606,1.1095,-2.809,-0.493,0.424
9234252,1283,1867,1863,0.0388,0.2612,1.1090,-2.384,-0.498,0.379
9234262,1329,1870,1839,0.0362,0.2591,1.1195,-1.764,-0.598,0.132
9234272,1315,1857,1850,0.0283,0.2460,1.1239,-1.717,-0.534,-0.210
9234282,1308,1893,1847,0.0249,0.2525,1.1114,-1.271,-0.013,0.053
9234292,1306,1872,1842,0.0196,0.2606,1.1126,-0.959,-0.157,0.672
9234302,1294,1873,1844,0.0211,0.2689,1.1171,-0.530,-0.727,1.275
9234312,1290,1857,1840,0.0198,0.2694,1.1141,-0.279,-1.019,1.757
9234322,1289,1859,1840,0.0194,0.2745,1.1167,-0.122,-1.502,2.299
9234332,1293,1857,1862,0.0205,0.2790,1.1192,-0.361,-2.143,2.860
9234342,1348,1861,1840,0.0238,0.2818,1.1227,-1.028,-2.925,3.354
9234352,1298,1862,1866,0.0272,0.2806,1.1221,-2.046,-3.646,3.831
9234362,1392,1874,1839,0.0287,0.2806,1.1215,-3.151,-4.258,4.428
9234372,1293,1858,1844,0.0286,0.2808,1.1215,-4.298,-4.861,5.120
9234382,1295,1855,1841,0.0294,0.2806,1.1208,-5.491,-5.363,5.740
9234392,1314,1861,1861,0.0303,0.2788,1.1210,-6.711,-5.855,6.207
9234402,1318,1864,1840,0.0324,0.2745,1.1212,-7.809,-6.216,6.499
9234412,1293,1857,1870,0.0347,0.2692,1.1220,-8.654,-6.454,6.648
9234422,1324,1871,1842,0.0364,0.2637,1.1236,-9.219,-6.482,6.685
9234432,1304,1858,1847,0.0380,0.2595,1.1228,-9.612,-6.301,6.610
9234442,1345,1892,1846,0.0393,0.2554,1.1199,-9.874,-5.836,6.381
9234452,1309,1856,1844,0.0414,0.2505,1.1171,-9.977,-5.442,6.036
9234462,1317,1869,1841,0.0423,0.2460,1.1175,-9.870,-4.990,5.608
9234472,1317,1863,1849,0.0432,0.2417,1.1167,-9.561,-4.501,5.101
9234482,1355,1865,1840,0.0441,0.2370,1.1153,-8.988,-3.857,4.510
9234492,1309,1858,1853,0.0450,0.2320,1.1133,-8.228,-3.172,3.860
9234502,1361,1861,1844,0.0450,0.2291,1.1106,-7.216,-2.440,3.219
9234512,1677,1868,1854,0.0444,0.2290,1.1093,-5.966,-1.788,2.614
9234522,1339,1862,1840,0.0436,0.2288,1.1088,-4.506,-1.234,2.030
9234532,1560,1857,1845,0.0435,0.2301,1.1098,-2.922,-0.740,1.451
9234542,1416,1876,1841,0.0442,0.2317,1.1145,-1.373,-0.343,0.908
9234552,1307,1857,1844,0.0446,0.2341,1.1176,-0.015,0.062,0.424
9234562,1590,1874,1844,0.0446,0.2372,1.1214,1.048,0.542,-0.012
9234572,1360,1861,1849,0.0441,0.2427,1.1257,1.783,0.996,-0.384
9234582,1368,1877,1841,0.0429,0.2491,1.1255,2.226,1.556,-0.687
9234592,1334,1860,1861,0.0413,0.2540,1.1263,2.413,2.086,-0.912
9234602,1420,1904,1844,0.0398,0.2570,1.1264,2.307,2.543,-1.080
9234612,1305,1871,1843,0.0389,0.2585,1.1267,1.845,2.839,-1.228
9234622,1509,1857,1846,0.0371,0.2593,1.1255,1.066,3.070,-1.352
9234632,1371,1860,1861,0.0344,0.2598,1.1253,0.168,3.182,-1.428
9234642,1315,1867,1853,0.0329,0.2612,1.1266,-0.724,3.114,-1.451
9234652,1352,1862,1851,0.0328,0.2610,1.1289,-1.522,2.991,-1.489
9234662,1305,1902,1855,0.0325,0.2588,1.1305,-2.250,2.848,-1.538
9234672,1321,1862,1867,0.0310,0.2572,1.1323,-3.021,2.749,-1.555
9234682,1318,1859,1840,0.0279,0.2576,1.1355,-3.935,2.670,-1.464
9234692,1332,1862,1860,0.0239,0.2606,1.1387,-5.013,2.619,-1.277
9234702,1521,1870,1843,0.0235,0.2555,1.1430,-6.351,2.573,-1.153
9234712,1398,1875,1843,0.0272,0.2538,1.1390,-8.031,2.763,-0.951
9234722,1407,1859,1841,0.0296,0.2534,1.1443,-9.810,2.707,-0.594
9234732,1410,1891,1853,0.0270,0.2473,1.1429,-12.247,3.053,-0.175
9234742,1498,1880,1840,0.0262,0.2405,1.1378,-14.478,3.440,0.300
9234752,1336,1884,1859,0.0267,0.2368,1.1359,-16.382,3.546,0.800
9234762,1312,1858,1842,0.0254,0.2286,1.1325,-18.088,3.439,1.132
9234772,1317,1868,1856,0.0250,0.2177,1.1280,-19.489,3.489,1.347
9234782,1512,1873,1844,0.0247,0.2092,1.1274,-20.467,3.450,1.622
9234792,1610,1871,1854,0.0249,0.2032,1.1270,-21.078,3.362,2.014
9234802,1336,1870,1844,0.0245,0.1967,1.1273,-21.402,3.241,2.420
9234812,1318,1856,1856,0.0260,0.1924,1.1251,-21.490,3.190,2.787
9234822,1373,1870,1842,0.0238,0.1848,1.1248,-21.124,3.075,3.106
9234832,1347,1875,1852,0.0218,0.1839,1.1246,-20.475,3.156,3.417
9234842,1504,1890,1840,0.0196,0.1841,1.1257,-19.679,3.092,3.709
9234852,1410,1871,1850,0.0180,0.1855,1.1253,-18.777,3.047,3.954
9234862,1351,1858,1840,0.0194,0.1841,1.1297,-18.114,2.906,4.081
9234872,1387,1866,1856,0.0202,0.1786,1.1352,-17.548,2.689,4.106
9234882,1434,1870,1841,0.0216,0.1733,1.1342,-17.554,2.860,4.081
9234892,1393,1868,1859,0.0216,0.1719,1.1336,-17.662,3.001,4.166
9234902,1463,1877,1840,0.0187,0.1714,1.1305,-17.639,3.142,4.287
9234912,1404,1858,1867,0.0149,0.1660,1.1272,-17.576,3.268,4.353
9234922,1318,1860,1842,0.0150,0.1627,1.1254,-17.457,3.249,4.435
9234932,1431,1860,1866,0.0146,0.1622,1.1245,-17.068,2.983,4.530
9234942,1320,1873,1841,0.0129,0.1585,1.1193,-16.521,2.681,4.441
9234952,1329,1872,1867,0.0124,0.1532,1.1155,-15.824,2.403,4.198
9234962,1361,1878,1840,0.0130,0.1516,1.1162,-14.884,1.931,4.017
9234972,1360,1885,1867,0.0135,0.1516,1.1144,-13.645,1.464,3.937
9234982,1323,1901,1842,0.0153,0.1512,1.1158,-12.280,1.024,3.834
9234992,1358,1858,1856,0.0182,0.1512,1.1181,-10.910,0.526,3.635
9235002,1322,1862,1842,0.0200,0.1526,1.1194,-9.431,0.078,3.355
9235012,1326,1860,1867,0.0222,0.1563,1.1200,-7.914,-0.169,3.020
9235022,1408,1868,1845,0.0221,0.1582,1.1194,-6.232,-0.454,2.662
9235032,1411,1867,1887,0.0222,0.1597,1.1211,-4.657,-0.607,2.337
9235042,1412,1860,1842,0.0224,0.1605,1.1249,-3.343,-0.875,2.128
9235052,1328,1872,1888,0.0221,0.1617,1.1288,-2.402,-1.093,2.027
9235062,1324,1859,1846,0.0218,0.1609,1.1303,-1.943,-1.283,1.936
9235072,1328,1867,1878,0.0230,0.1591,1.1292,-1.830,-1.406,1.815
9235082,1506,1863,1841,0.0246,0.1584,1.1310,-1.866,-1.552,1.696
9235092,1388,1870,1879,0.0253,0.1572,1.1331,-1.845,-1.649,1.613
9235102,1437,1876,1842,0.0251,0.1564,1.1345,-1.762,-1.708,1.543
9235112,1340,1861,1848,0.0237,0.1544,1.1357,-1.726,-1.722,1.483
9235122,1426,1877,1852,0.0229,0.1522,1.1346,-1.883,-1.763,1.426
9235132,1462,1862,1886,0.0217,0.1490,1.1403,-2.200,-1.912,1.414
9235142,1382,1914,1841,0.0200,0.1473,1.1377,-2.438,-1.859,1.431
9235152,1338,1858,1859,0.0172,0.1480,1.1367,-2.489,-1.730,1.405
9235162,1328,1868,1845,0.0148,0.1498,1.1379,-2.343,-1.686,1.285
9235172,1348,1868,1853,0.0134,0.1507,1.1382,-1.951,-1.568,1.049
9235182,1328,1861,1853,0.0139,0.1500,1.1382,-1.539,-1.555,0.761
9235192,1415,1858,1868,0.0147,0.1501,1.1410,-1.134,-1.565,0.504
9235202,1329,1872,1840,0.0145,0.1465,1.1444,-1.018,-1.650,0.258
9235212,1340,1859,1869,0.0128,0.1418,1.1445,-1.189,-1.556,0.098
9235222,1494,1885,1842,0.0123,0.1401,1.1449,-1.584,-1.454,0.165
9235232,1368,1866,1856,0.0123,0.1415,1.1468,-1.955,-1.447,0.439
9235242,1342,1858,1842,0.0131,0.1404,1.1502,-2.468,-1.426,0.756
9235252,1339,1864,1864,0.0144,0.1390,1.1527,-3.331,-1.435,1.075
9235262,1348,1868,1847,0.0162,0.1391,1.1628,-4.603,-1.497,1.413
9235272,1359,1858,1862,0.0206,0.1397,1.1572,-6.110,-1.496,1.693
9235282,1438,1895,1843,0.0185,0.1400,1.1655,-7.727,-1.293,1.831
9235292,1342,1857,1867,0.0180,0.1319,1.1626,-9.741,-1.160,1.938
9235302,1332,1864,1842,0.0169,0.1326,1.1652,-11.081,-0.494,2.355
9235312,1361,1886,1857,0.0172,0.1336,1.1671,-12.215,-0.305,2.959
9235322,1343,1872,1848,0.0197,0.1325,1.1672,-13.536,0.103,3.462
9235332,1586,1866,1869,0.0229,0.1317,1.1738,-15.205,0.228,3.864
9235342,1337,1883,1862,0.0207,0.1297,1.1656,-17.097,0.925,4.194
9235352,1348,1863,1856,0.0190,0.1274,1.1722,-19.044,1.291,4.504
9235362,1336,1871,1842,0.0153,0.1284,1.1738,-20.953,1.812,4.840
9235372,1378,1877,1847,0.0119,0.1266,1.1716,-22.821,2.382,5.168
9235382,1420,1887,1844,0.0096,0.1248,1.1754,-24.102,2.979,5.507
9235392,1381,1873,1871,0.0104,0.1207,1.1849,-25.592,3.393,5.812
9235402,1454,1954,1853,0.0107,0.1159,1.1936,-27.320,4.073,6.135
9235412,1668,1905,1871,0.0150,0.1141,1.2007,-29.790,4.984,6.510
9235422,1416,1893,1844,0.0191,0.1103,1.2105,-32.474,5.985,6.892
9235432,1479,1858,1868,0.0198,0.1062,1.2138,-34.999,7.147,7.138
9235442,1443,1859,1854,0.0195,0.0983,1.2148,-36.918,8.587,7.150
9235452,1356,1885,1857,0.0200,0.0812,1.2156,-38.371,10.032,6.784
9235462,1357,1862,1842,0.0187,0.0630,1.2135,-38.605,11.504,6.284
9235472,1397,1864,1871,0.0184,0.0432,1.2178,-37.826,12.773,5.815
9235482,1560,1874,1863,0.0194,0.0221,1.2199,-36.132,14.132,5.601
9235492,1940,1927,1926,0.0196,0.0072,1.2242,-33.781,15.483,5.786
9235502,1615,1914,1843,0.0190,-0.0041,1.2270,-31.068,16.895,6.339
9235512,1372,1871,1877,0.0174,-0.0105,1.2298,-27.935,18.449,7.143
9235522,1467,1882,1855,0.0134,-0.0158,1.2282,-24.365,20.076,8.066
9235532,1348,1867,1882,0.0081,-0.0174,1.2281,-20.439,21.761,8.859
9235542,1512,1858,1854,0.0024,-0.0175,1.2229,-16.126,23.407,9.352
9235552,1578,1863,1884,-0.0025,-0.0237,1.2198,-11.465,25.033,9.502
9235562,1658,1908,1845,-0.0053,-0.0296,1.2206,-6.623,26.371,9.504
9235572,1482,1889,1894,-0.0093,-0.0323,1.2197,-1.841,27.822,9.634
9235582,1490,1869,1848,-0.0122,-0.0317,1.2240,2.510,29.156,10.076
9235592,2103,1858,1872,-0.0178,-0.0259,1.2220,6.280,30.669,10.801
9235602,1352,1860,1865,-0.0234,-0.0188,1.2240,9.330,32.192,11.652
9235612,1393,1876,1894,-0.0295,-0.0125,1.2199,11.664,33.768,12.486
9235622,1534,1894,1842,-0.0371,-0.0064,1.2170,13.393,35.363,13.253
9235632,1560,1870,1894,-0.0448,-0.0003,1.2150,14.639,36.813,13.983
9235642,1422,1859,1854,-0.0501,0.0051,1.2127,15.555,38.272,14.705
9235652,1379,1869,1887,-0.0570,0.0090,1.2108,16.057,39.659,15.450
9235662,1517,1870,1864,-0.0651,0.0131,1.2079,16.091,41.073,16.256
9235672,1532,1909,1904,-0.0713,0.0181,1.2053,15.597,42.340,17.087
9235682,1409,1867,1863,-0.0791,0.0211,1.1960,14.572,43.652,17.862
9235692,1520,1903,1933,-0.0868,0.0228,1.1911,13.070,44.835,18.577
9235702,1524,1860,1861,-0.0934,0.0237,1.1848,11.193,45.951,19.248
9235712,1354,1891,1889,-0.1015,0.0267,1.1778,9.306,47.091,19.969
9235722,1602,1864,1850,-0.1097,0.0328,1.1756,7.593,48.180,20.731
9235732,1886,1859,1855,-0.1194,0.0411,1.1702,6.246,49.299,21.524
9235742,2188,1970,1861,-0.1314,0.0476,1.1628,5.295,50.504,22.257
9235752,1375,1860,1904,-0.1421,0.0511,1.1587,4.574,51.440,22.888
9235762,1834,1928,1860,-0.1541,0.0475,1.1472,3.896,52.288,23.416
9235772,2486,1873,1914,-0.1649,0.0469,1.1416,3.036,52.935,23.893
9235782,1655,1869,1853,-0.1731,0.0508,1.1361,2.131,53.385,24.282
9235792,1376,1859,1882,-0.1826,0.0540,1.1192,1.557,54.159,24.521
9235802,1540,1858,1876,-0.1921,0.0608,1.1171,1.410,54.671,24.641
9235812,1812,1895,1881,-0.2030,0.0698,1.1136,1.721,55.145,24.594
9235822,1941,1891,1895,-0.2144,0.0726,1.1101,2.463,55.614,24.382
9235832,1404,1932,1915,-0.2247,0.0743,1.1094,3.280,55.736,24.116
9235842,1520,1867,1849,-0.2363,0.0797,1.1022,3.964,55.913,23.902
9235852,1530,1882,1943,-0.2466,0.0909,1.0941,4.511,55.857,23.746
9235862,1467,1870,1948,-0.2535,0.0929,1.0861,4.970,55.688,23.412
9235872,1813,1877,1859,-0.2598,0.0902,1.0844,5.125,55.418,22.986
9235882,3243,2016,1861,-0.2680,0.0889,1.0749,5.266,55.286,22.703
9235892,1456,1872,1852,-0.2769,0.0918,1.0637,5.200,55.292,22.541
9235902,1732,1864,2096,-0.2882,0.0977,1.0556,5.254,55.023,22.543
9235912,1819,2105,1914,-0.3036,0.1056,1.0458,5.637,54.573,22.644
9235922,2044,1976,1864,-0.3188,0.1124,1.0371,6.135,53.995,22.660
9235932,1538,1870,2037,-0.3320,0.1219,1.0279,6.579,53.227,22.439
9235942,1899,1863,1854,-0.3425,0.1311,1.0173,6.821,52.400,21.871
9235952,2717,1949,2005,-0.3517,0.1379,1.0027,6.980,51.483,20.961
9235962,1428,1886,2174,-0.3599,0.1462,0.9897,7.107,50.365,19.874
9235972,2942,1875,1863,-0.3688,0.1542,0.9773,7.404,49.059,18.804
9235982,1744,2019,1842,-0.3765,0.1600,0.9650,7.770,47.495,17.918
9235992,2856,2052,2223,-0.3852,0.1608,0.9640,8.066,45.332,17.342
9236002,2137,1881,1886,-0.3949,0.1672,0.9694,8.205,42.746,17.127
9236012,1725,1869,1875,-0.4059,0.1694,0.9684,7.890,40.177,17.007
9236022,3106,1925,1854,-0.4172,0.1739,0.9498,7.003,38.023,16.719
9236032,4095,2008,1983,-0.4275,0.1804,0.9315,5.902,35.917,16.022
9236042,2023,1885,1862,-0.4335,0.1915,0.9101,5.135,33.833,14.757
9236052,2812,2069,2137,-0.4382,0.1989,0.8920,5.289,31.722,13.002
9236062,1846,2127,2063,-0.4430,0.2065,0.8828,6.775,29.303,11.061
9236072,2463,1967,1911,-0.4502,0.2103,0.8711,9.394,27.023,9.080
9236082,1781,1875,1861,-0.4571,0.2134,0.8650,12.665,24.549,7.055
9236092,1313,1916,1871,-0.4633,0.2145,0.8611,16.077,21.577,4.951
9236102,1369,1936,1845,-0.4692,0.2169,0.8486,19.281,18.441,2.702
9236112,1467,2005,1927,-0.4766,0.2273,0.8292,22.425,14.989,0.289
9236122,2033,1938,1853,-0.4836,0.2405,0.8032,26.124,11.424,-2.407
9236132,1984,1872,1941,-0.4837,0.2529,0.7883,30.659,7.564,-5.495
9236142,2890,2242,1929,-0.4795,0.2631,0.7788,36.099,3.687,-8.859
9236152,4095,2173,2435,-0.4715,0.2672,0.7768,42.221,-0.032,-12.182
9236162,2251,1968,1876,-0.4673,0.2663,0.7823,48.535,-4.176,-15.066
9236172,2469,2028,1889,-0.4689,0.2682,0.7944,54.268,-8.830,-17.402
9236182,1783,2125,2005,-0.4684,0.2650,0.8124,58.496,-14.250,-19.499
9236192,4095,2401,2071,-0.4635,0.2622,0.8252,60.262,-20.233,-21.642
9236202,3267,2454,1870,-0.4537,0.2652,0.8302,59.397,-26.131,-23.900
9236212,3438,2047,2011,-0.4425,0.2762,0.8320,56.213,-31.759,-26.164
9236222,3143,2122,1951,-0.4313,0.2939,0.8375,51.367,-37.112,-28.079
9236232,2603,2126,1880,-0.4213,0.3219,0.8457,45.766,-41.888,-29.341
9236242,2452,1987,1969,-0.4081,0.3426,0.8738,39.893,-46.104,-30.030
9236252,1721,2275,1879,-0.3861,0.3395,0.9111,33.442,-49.834,-30.319
9236262,1875,1961,1891,-0.3581,0.3127,0.9533,25.867,-52.833,-30.144
9236272,729,2325,2255,-0.3283,0.2717,0.9912,16.934,-55.101,-29.217
9236282,969,1858,2051,-0.3040,0.2399,1.0249,4.817,-56.650,-26.591
9236292,1366,1919,1857,-0.2790,0.2115,1.0565,-6.721,-57.690,-24.036
9236302,3511,2148,2002,-0.2584,0.1828,1.0848,-16.326,-57.692,-21.540
9236312,742,2109,1978,-0.2435,0.1609,1.1116,-23.360,-56.909,-18.956
9236322,637,1882,2990,-0.2324,0.1448,1.1276,-27.793,-55.044,-16.562
9236332,706,1861,2601,-0.2213,0.1270,1.1546,-30.233,-52.873,-14.721
9236342,4095,2249,1908,-0.2140,0.1070,1.1734,-31.058,-50.176,-13.417
9236352,1679,2380,2252,-0.2105,0.0891,1.1847,-30.329,-47.081,-12.377
9236362,928,2027,2063,-0.2119,0.0791,1.1911,-28.050,-43.893,-11.540
9236372,1351,2049,2054,-0.2139,0.0771,1.1980,-24.497,-40.699,-10.963
9236382,2894,2114,1840,-0.2141,0.0737,1.2014,-20.246,-37.435,-10.681
9236392,672,1885,1865,-0.2139,0.0751,1.2077,-15.742,-34.183,-10.503
9236402,4095,2020,1948,-0.2201,0.0870,1.2083,-11.173,-30.868,-10.195
9236412,663,1870,1943,-0.2253,0.1022,1.2104,-6.884,-27.543,-9.895
9236422,2114,2526,1845,-0.2304,0.1181,1.2112,-3.601,-24.542,-9.655
9236432,566,2091,2104,-0.2344,0.1264,1.2050,-1.230,-21.632,-9.329
9236442,685,1914,1850,-0.2371,0.1277,1.2073,0.110,-19.146,-8.794
9236452,3643,2348,1866,-0.2384,0.1257,1.2078,0.545,-16.886,-7.996
9236462,1777,2277,1861,-0.2408,0.1284,1.1968,0.211,-14.693,-6.955
9236472,897,1874,2093,-0.2419,0.1331,1.1960,-0.473,-12.635,-5.871
9236482,1260,1873,1941,-0.2414,0.1320,1.1985,-1.361,-11.001,-4.808
9236492,1835,1900,1929,-0.2443,0.1284,1.1913,-2.054,-9.238,-3.787
9236502,3427,2134,1858,-0.2495,0.1304,1.1848,-2.476,-7.674,-2.866
9236512,2579,1969,1878,-0.2509,0.1309,1.1727,-2.641,-6.249,-2.198
9236522,1758,2278,2042,-0.2473,0.1277,1.1677,-2.579,-4.924,-1.754
9236532,760,2016,1872,-0.2457,0.1218,1.1680,-1.936,-3.713,-1.226
9236542,4055,2629,1874,-0.2453,0.1207,1.1631,-0.929,-2.391,-0.584
9236552,1735,1952,2379,-0.2464,0.1230,1.1593,-0.031,-1.157,-0.064
9236562,643,1946,2388,-0.2465,0.1273,1.1570,0.651,-0.033,0.338
9236572,653,1990,1933,-0.2440,0.1239,1.1523,1.079,1.001,0.785
9236582,4095,2361,1948,-0.2449,0.1227,1.1470,1.369,1.904,1.362
9236592,2005,1999,1880,-0.2474,0.1282,1.1378,1.573,2.815,1.978
9236602,966,2004,1871,-0.2485,0.1365,1.1311,1.723,3.726,2.497
9236612,1172,2100,1839,-0.2466,0.1386,1.1250,1.733,4.511,2.883
9236622,456,2081,1961,-0.2446,0.1366,1.1206,1.717,5.362,3.288
9236632,856,1866,2229,-0.2436,0.1344,1.1163,1.654,6.238,3.878
9236642,1257,1855,1928,-0.2453,0.1322,1.1133,1.568,7.092,4.628
9236652,1888,2172,1886,-0.2457,0.1298,1.1133,1.320,7.767,5.397
9236662,1842,2059,2072,-0.2457,0.1272,1.1093,0.938,8.281,6.107
9236672,498,1923,2011,-0.2483,0.1293,1.0994,0.436,8.798,6.731
9236682,1264,1891,1834,-0.2518,0.1359,1.0940,0.064,9.301,7.254
9236692,962,1877,1899,-0.2531,0.1361,1.0905,-0.082,9.707,7.618
9236702,641,2081,1847,-0.2555,0.1346,1.0900,-0.022,9.962,7.927
9236712,720,1983,1842,-0.2578,0.1340,1.0843,0.127,10.235,8.216
9236722,474,1915,1951,-0.2623,0.1387,1.0769,0.336,10.552,8.512
9236732,443,1875,1833,-0.2653,0.1436,1.0717,0.714,10.789,8.777
9236742,1629,1993,1911,-0.2673,0.1435,1.0765,1.239,10.795,8.990
9236752,406,1899,1952,-0.2707,0.1415,1.0773,1.789,10.702,9.196
9236762,356,1875,1836,-0.2750,0.1446,1.0665,2.296,10.773,9.420
9236772,274,1853,1931,-0.2790,0.1561,1.0658,2.833,10.767,9.569
9236782,416,1864,1952,-0.2783,0.1629,1.0672,3.478,10.615,9.520
9236792,312,1860,1845,-0.2755,0.1635,1.0720,4.093,10.467,9.349
9236802,303,1867,1923,-0.2716,0.1628,1.0791,4.411,10.314,9.175
9236812,364,1855,1939,-0.2686,0.1621,1.0827,4.139,10.313,9.042
9236822,288,1877,1859,-0.2642,0.1645,1.0904,3.257,10.367,8.991
9236832,423,1862,1945,-0.2594,0.1630,1.0948,1.753,10.370,9.048
9236842,533,1876,1880,-0.2550,0.1554,1.0983,-0.458,10.341,9.267
9236852,570,1855,1863,-0.2531,0.1481,1.0993,-3.371,10.285,9.750
9236862,441,1877,1918,-0.2564,0.1435,1.0869,-6.701,10.465,10.455
9236872,496,1851,1898,-0.2646,0.1460,1.0665,-9.874,10.715,11.277
9236882,424,1851,1902,-0.2752,0.1547,1.0461,-12.387,10.775,12.049
9236892,314,1851,1921,-0.2841,0.1651,1.0289,-13.808,10.436,12.610
9236902,311,1853,1852,-0.2886,0.1691,1.0204,-14.073,9.641,12.844
9236912,303,1852,1869,-0.2902,0.1699,1.0189,-13.543,8.489,12.794
9236922,336,1921,1840,-0.2899,0.1708,1.0167,-12.693,7.359,12.565
9236932,367,1856,1900,-0.2917,0.1722,1.0124,-11.838,6.299,12.244
9236942,396,1897,1842,-0.2950,0.1763,1.0074,-11.001,5.223,11.912
9236952,365,1853,1861,-0.2978,0.1828,1.0085,-10.235,3.946,11.538
9236962,312,1853,1849,-0.3014,0.1842,1.0048,-9.738,2.571,10.953
9236972,328,1853,1861,-0.3082,0.1870,0.9870,-9.248,1.354,10.205
9236982,427,1854,1839,-0.3184,0.1921,0.9709,-8.707,-0.190,9.494
9236992,336,1866,1846,-0.3238,0.1968,0.9670,-8.400,-2.396,8.819
9237002,377,1871,1830,-0.3284,0.2028,0.9630,-8.319,-4.779,8.060
9237012,360,1870,1856,-0.3305,0.2079,0.9595,-8.154,-7.071,7.271
9237022,390,1860,1832,-0.3377,0.2083,0.9587,-8.024,-9.280,6.319
9237032,357,1856,1847,-0.3449,0.2181,0.9630,-7.897,-11.671,5.588
9237042,326,1879,1841,-0.3541,0.2297,0.9552,-7.756,-13.884,4.870
9237052,323,1854,1858,-0.3562,0.2365,0.9562,-7.775,-16.492,3.892
9237062,336,1861,1837,-0.3530,0.2341,0.9595,-8.129,-19.437,2.436
9237072,324,1855,1847,-0.3442,0.2274,0.9682,-8.637,-22.270,0.715
9237082,396,1853,1838,-0.3324,0.2186,0.9816,-9.559,-25.017,-1.007
9237092,476,1892,1844,-0.3227,0.2108,0.9923,-10.756,-27.352,-2.538
9237102,331,1872,1829,-0.3139,0.2010,1.0037,-12.291,-29.382,-3.849
9237112,389,1892,1917,-0.3053,0.1916,1.0168,-14.082,-31.276,-4.954
9237122,348,1855,1832,-0.2975,0.1817,1.0211,-15.880,-32.828,-5.850
9237132,336,1861,1876,-0.2912,0.1708,1.0233,-17.569,-34.244,-6.630
9237142,426,1853,1841,-0.2850,0.1630,1.0268,-18.938,-35.814,-7.308
9237152,359,1853,1862,-0.2790,0.1561,1.0267,-19.812,-37.317,-7.969
9237162,346,1854,1848,-0.2757,0.1522,1.0295,-20.240,-38.873,-8.682
9237172,349,1853,1848,-0.2687,0.1468,1.0376,-20.283,-40.240,-9.410
9237182,360,1881,1829,-0.2604,0.1365,1.0520,-20.033,-41.434,-10.322
9237192,355,1849,1847,-0.2511,0.1279,1.0641,-19.629,-42.423,-11.166
9237202,368,1853,1829,-0.2415,0.1187,1.0734,-19.348,-43.075,-11.878
9237212,350,1855,1841,-0.2318,0.1090,1.0830,-19.116,-43.552,-12.458
9237222,358,1860,1832,-0.2225,0.1024,1.0914,-18.750,-43.879,-12.833
9237232,370,1852,1846,-0.2155,0.0988,1.1008,-18.332,-44.213,-13.117
9237242,353,1864,1834,-0.2096,0.0966,1.1085,-17.848,-44.371,-13.451
9237252,414,1852,1847,-0.2024,0.0942,1.1178,-17.299,-44.495,-13.947
9237262,355,1860,1849,-0.1940,0.0907,1.1259,-16.803,-44.602,-14.588
9237272,363,1852,1836,-0.1846,0.0868,1.1335,-16.446,-44.605,-15.280
9237282,394,1853,1833,-0.1766,0.0847,1.1431,-16.231,-44.563,-15.946
9237292,360,1860,1845,-0.1672,0.0829,1.1477,-16.121,-44.289,-16.508
9237302,470,1869,1831,-0.1588,0.0803,1.1555,-16.111,-43.978,-17.020
9237312,394,1882,1870,-0.1480,0.0763,1.1621,-16.189,-43.601,-17.520
9237322,376,1853,1830,-0.1380,0.0733,1.1673,-16.341,-43.104,-17.973
9237332,366,1855,1861,-0.1272,0.0715,1.1727,-16.457,-42.495,-18.328
9237342,393,1887,1843,-0.1167,0.0682,1.1817,-16.595,-41.841,-18.609
9237352,368,1848,1858,-0.1070,0.0615,1.1874,-16.790,-41.039,-18.840
9237362,398,1855,1837,-0.0959,0.0548,1.1949,-17.155,-40.099,-18.986
9237372,370,1851,1846,-0.0855,0.0466,1.2009,-17.706,-39.128,-19.006
9237382,420,1867,1841,-0.0756,0.0377,1.2072,-18.327,-37.940,-18.873
9237392,379,1854,1835,-0.0667,0.0311,1.2139,-19.006,-36.680,-18.584
9237402,382,1879,1831,-0.0577,0.0242,1.2159,-19.593,-35.301,-18.183
9237412,378,1891,1837,-0.0496,0.0169,1.2190,-20.069,-33.909,-17.751
9237422,380,1866,1840,-0.0427,0.0105,1.2189,-20.419,-32.465,-17.346
9237432,383,1869,1901,-0.0383,0.0039,1.2172,-20.617,-30.984,-16.990
9237442,479,1892,1846,-0.0353,-0.0021,1.2137,-20.679,-29.588,-16.696
9237452,553,1857,1862,-0.0335,-0.0076,1.2082,-20.422,-28.273,-16.421
9237462,431,1850,1838,-0.0321,-0.0119,1.2050,-19.863,-27.227,-16.170
9237472,394,1872,1831,-0.0284,-0.0159,1.2020,-19.020,-26.316,-15.935
9237482,455,1868,1833,-0.0236,-0.0191,1.1990,-17.879,-25.452,-15.661
9237492,537,1872,1827,-0.0177,-0.0190,1.1959,-16.530,-24.580,-15.287
9237502,451,1879,1842,-0.0139,-0.0221,1.1933,-15.119,-23.663,-14.824
9237512,393,1851,1891,-0.0125,-0.0249,1.1890,-13.688,-22.782,-14.257
9237522,412,1867,1878,-0.0121,-0.0266,1.1842,-12.289,-21.836,-13.646
9237532,487,1857,1831,-0.0116,-0.0289,1.1826,-10.902,-21.097,-13.055
9237542,437,1852,1828,-0.0107,-0.0301,1.1779,-9.638,-20.424,-12.505
9237552,460,1854,1838,-0.0094,-0.0322,1.1765,-8.458,-19.836,-11.969
9237562,406,1868,1830,-0.0075,-0.0368,1.1741,-7.370,-19.386,-11.372
9237572,399,1854,1835,-0.0063,-0.0394,1.1742,-6.463,-18.986,-10.655
9237582,401,1853,1832,-0.0055,-0.0389,1.1725,-5.886,-18.653,-9.868
9237592,440,1856,1840,-0.0049,-0.0366,1.1712,-5.573,-18.305,-9.120
9237602,402,1876,1879,-0.0037,-0.0375,1.1719,-5.497,-18.044,-8.472
9237612,582,1860,1833,-0.0013,-0.0377,1.1703,-5.559,-17.715,-7.902
9237622,411,1892,1842,0.0006,-0.0380,1.1715,-5.691,-17.344,-7.386
9237632,421,1853,1838,0.0022,-0.0397,1.1682,-5.837,-16.794,-6.965
9237642,433,1852,1837,0.0042,-0.0407,1.1643,-5.925,-16.134,-6.603
9237652,411,1874,1889,-0.0024,-0.0475,1.1608,-5.894,-15.517,-6.275
9237662,436,1850,1833,0.0105,-0.0481,1.1511,-5.322,-14.899,-5.975
9237672,459,1852,1853,0.0176,-0.0640,1.1641,-2.147,-14.890,-5.786
9237682,630,1870,1834,0.0216,-0.0766,1.1622,2.491,-14.299,-5.764
9237692,416,1852,1846,0.0235,-0.0826,1.1656,8.200,-13.732,-5.629
9237702,474,1854,1834,0.0243,-0.0745,1.1617,14.185,-13.069,-5.499
9237712,419,1858,1852,0.0245,-0.0612,1.1665,19.893,-12.444,-5.564
9237722,450,1884,1832,0.0262,-0.0480,1.1719,24.890,-11.905,-5.799
9237732,429,1855,1849,0.0304,-0.0377,1.1775,28.674,-11.114,-5.888
9237742,459,1867,1843,0.0352,-0.0265,1.1827,30.957,-10.304,-5.485
9237752,433,1852,1843,0.0384,-0.0101,1.1838,31.879,-9.333,-4.560
9237762,456,1863,1837,0.0399,0.0048,1.1827,31.051,-8.396,-3.489
9237772,431,1850,1838,0.0412,0.0159,1.1800,29.049,-7.489,-2.579
9237782,450,1867,1831,0.0423,0.0224,1.1718,26.468,-6.580,-1.844
9237792,533,1852,1839,0.0429,0.0243,1.1687,23.746,-5.950,-1.229
9237802,448,1871,1844,0.0418,0.0269,1.1620,21.335,-5.479,-0.647
9237812,446,1855,1892,0.0402,0.0328,1.1525,19.582,-5.048,-0.103
9237822,486,1900,1876,0.0390,0.0410,1.1457,18.569,-4.835,0.278
9237832,445,1853,1844,0.0378,0.0482,1.1392,18.534,-4.830,0.175
9237842,459,1852,1832,0.0376,0.0541,1.1326,18.837,-4.872,-0.092
9237852,445,1863,1861,0.0367,0.0593,1.1283,19.385,-5.052,-0.426
9237862,638,1871,1837,0.0362,0.0618,1.1190,20.142,-5.232,-0.715
9237872,453,1855,1884,0.0349,0.0610,1.1106,21.107,-5.565,-0.876
9237882,450,1860,1917,0.0403,0.0667,1.1028,22.532,-6.120,-0.814
9237892,447,1856,1843,0.0435,0.0722,1.1012,24.564,-6.885,-0.671
9237902,447,1854,1904,0.0436,0.0696,1.1044,26.632,-7.996,-0.964
9237912,508,1856,1830,0.0452,0.0745,1.0877,29.204,-8.613,-1.510
9237922,450,1853,1838,0.0424,0.0758,1.0902,32.178,-9.666,-2.240
9237932,523,1898,1963,0.0412,0.0835,1.0854,35.754,-11.008,-2.969
9237942,479,1876,1831,0.0468,0.0987,1.0838,39.680,-12.402,-3.633
9237952,458,1852,1880,0.0395,0.1103,1.1186,44.156,-14.119,-4.145
9237962,476,1852,1836,0.0534,0.1261,1.1247,46.661,-15.756,-5.617
9237972,455,1851,1834,0.0547,0.1379,1.1543,50.200,-16.026,-6.429
9237982,526,1851,1845,0.0563,0.1547,1.1857,51.001,-16.912,-7.611
9237992,459,1854,1842,0.0639,0.1770,1.1995,51.188,-16.277,-8.618
9238002,483,1869,1847,0.0616,0.1793,1.2227,49.649,-15.524,-9.459
9238012,482,1857,1886,0.0599,0.1933,1.2114,46.114,-13.785,-9.815
9238022,464,1851,1842,0.0657,0.2037,1.2167,41.623,-12.531,-9.537
9238032,465,1858,1837,0.0574,0.2052,1.2210,35.915,-11.304,-8.835
9238042,474,1849,1839,0.0590,0.2052,1.2071,28.904,-9.800,-7.930
9238052,480,1849,1851,0.0590,0.1978,1.1938,22.023,-8.572,-7.059
9238062,499,1853,1832,0.0525,0.1827,1.1908,15.241,-7.799,-6.494
9238072,643,1903,1881,0.0503,0.1720,1.1734,9.618,-6.824,-6.003
9238082,472,1853,1832,0.0524,0.1703,1.1562,5.765,-6.040,-5.415
9238092,471,1853,1840,0.0532,0.1704,1.1488,3.798,-5.714,-4.874
9238102,476,1856,1867,0.0524,0.1681,1.1413,3.361,-5.482,-4.581
9238112,506,1853,1861,0.0538,0.1671,1.1324,4.152,-5.111,-4.404
9238122,479,1859,1837,0.0558,0.1684,1.1304,5.347,-4.955,-4.164
9238132,491,1853,1931,0.0594,0.1736,1.1315,6.466,-4.952,-3.843
9238142,496,1869,1854,0.0640,0.1806,1.1360,7.247,-4.978,-3.514
9238152,481,1853,1836,0.0677,0.1867,1.1382,7.637,-4.801,-3.253
9238162,519,1850,1833,0.0694,0.1929,1.1387,7.739,-4.464,-3.008
9238172,488,1852,1853,0.0708,0.1976,1.1349,7.524,-4.117,-2.759
9238182,720,1884,2450,0.0713,0.2022,1.1320,6.968,-3.887,-2.566
9238192,506,1876,1846,0.0732,0.2057,1.1312,6.187,-3.819,-2.477
9238202,491,1850,1902,0.0749,0.2065,1.1333,5.383,-3.734,-2.483
9238212,497,1858,1871,0.0774,0.2049,1.1335,4.663,-3.593,-2.542
9238222,620,1892,2004,0.0794,0.2031,1.1317,4.149,-3.335,-2.537
9238232,498,1855,1828,0.0798,0.2031,1.1291,3.777,-3.107,-2.447
9238242,491,1855,1855,0.0787,0.2023,1.1281,3.477,-2.945,-2.321
9238252,493,1855,1897,0.0768,0.2040,1.1272,3.245,-2.862,-2.186
9238262,496,1882,1831,0.0759,0.2069,1.1278,3.098,-2.825,-2.100
9238272,510,1856,1840,0.0752,0.2101,1.1292,3.064,-2.800,-2.079
9238282,701,1901,1858,0.0741,0.2108,1.1335,3.058,-2.792,-2.147
9238292,518,1858,1849,0.0727,0.2107,1.1343,3.035,-2.705,-2.256
9238302,496,1849,2290,0.0716,0.2094,1.1292,2.908,-2.581,-2.321
9238312,625,1875,1952,0.0703,0.2090,1.1284,2.586,-2.630,-2.307
9238322,519,1861,1839,0.0696,0.2104,1.1299,2.088,-2.889,-2.243
9238332,502,1852,1828,0.0704,0.2119,1.1335,1.540,-3.223,-2.165
9238342,522,1861,1861,0.0725,0.2123,1.1342,0.970,-3.519,-2.112
9238352,521,1852,1834,0.0735,0.2095,1.1321,0.429,-3.802,-2.050
9238362,556,1874,1838,0.0755,0.2067,1.1305,-0.149,-4.081,-1.962
9238372,527,1882,1916,0.0762,0.2064,1.1290,-0.775,-4.335,-1.791
9238382,547,1866,1859,0.0751,0.2084,1.1271,-1.399,-4.602,-1.592
9238392,567,1850,1875,0.0746,0.2117,1.1261,-1.917,-4.927,-1.446
9238402,543,1865,1912,0.0742,0.2147,1.1259,-2.324,-5.312,-1.404
9238412,528,1855,1837,0.0749,0.2164,1.1269,-2.681,-5.683,-1.444
9238422,567,1866,1890,0.0769,0.2162,1.1287,-3.084,-6.083,-1.538
9238432,527,1852,1932,0.0787,0.2152,1.1306,-3.656,-6.463,-1.672
9238442,557,1887,1831,0.0828,0.2115,1.1341,-4.414,-6.755,-1.812
9238452,529,1849,1903,0.0855,0.2076,1.1350,-5.278,-6.964,-1.945
9238462,656,1918,1847,0.0862,0.2137,1.1291,-5.985,-6.960,-2.137
9238472,710,1854,1848,0.0844,0.2133,1.1216,-6.575,-6.915,-2.753
9238482,576,1853,1830,0.0893,0.2093,1.1155,-7.033,-6.938,-3.930
9238492,635,1854,1965,0.0918,0.1989,1.1147,-6.807,-7.017,-4.973
9238502,528,1850,1839,0.0962,0.1964,1.1145,-5.850,-6.824,-5.105
9238512,532,1851,1902,0.0965,0.1999,1.1307,-4.642,-7.022,-4.448
9238522,574,1870,1867,0.0939,0.1989,1.1344,-4.026,-6.984,-3.773
9238532,533,1854,1833,0.0957,0.1951,1.1356,-4.304,-6.644,-3.504
9238542,612,1859,1853,0.0981,0.1884,1.1358,-5.216,-6.439,-3.533
9238552,592,1855,2039,0.1004,0.1840,1.1331,-6.271,-6.158,-3.594
9238562,563,1855,1855,0.1009,0.1815,1.1296,-7.001,-5.841,-3.541
9238572,780,1872,1967,0.0993,0.1795,1.1252,-7.148,-5.480,-3.381
9238582,548,1852,1916,0.0992,0.1780,1.1240,-6.887,-5.170,-3.177
9238592,544,1851,1863,0.0984,0.1771,1.1252,-6.402,-5.008,-2.949
9238602,571,1861,1899,0.0981,0.1771,1.1267,-5.820,-4.843,-2.730
9238612,564,1856,1942,0.0973,0.1776,1.1270,-5.168,-4.721,-2.529
9238622,567,1854,1857,0.0987,0.1761,1.1269,-4.520,-4.622,-2.320
9238632,582,1851,1943,0.0999,0.1762,1.1279,-4.027,-4.536,-2.062
9238642,608,1864,2052,0.1013,0.1763,1.1298,-3.774,-4.564,-1.768
9238652,569,1857,1901,0.1026,0.1758,1.1282,-3.762,-4.467,-1.505
9238662,592,1860,1859,0.1032,0.1746,1.1286,-3.833,-4.378,-1.257
9238672,773,1942,1897,0.1042,0.1736,1.1297,-3.815,-4.279,-0.966
9238682,569,1856,1846,0.1049,0.1727,1.1301,-3.685,-4.139,-0.637
9238692,559,1849,1828,0.1050,0.1734,1.1299,-3.478,-4.040,-0.311
9238702,561,1848,1854,0.1059,0.1754,1.1302,-3.232,-4.038,-0.043
9238712,561,1862,2106,0.1057,0.1757,1.1310,-3.009,-4.137,0.120
9238722,558,1851,1838,0.1082,0.1787,1.1286,-2.816,-4.173,0.200
9238732,573,1853,1826,0.1078,0.1801,1.1319,-2.568,-4.216,0.225
9238742,598,1867,1861,0.1065,0.1803,1.1316,-2.334,-4.241,0.219
9238752,571,1850,1834,0.1059,0.1798,1.1307,-2.262,-4.107,0.201
9238762,582,1863,1828,0.1048,0.1795,1.1299,-2.441,-4.108,0.213
9238772,585,1872,1835,0.1049,0.1795,1.1313,-2.730,-4.110,0.233
9238782,575,1850,1852,0.1062,0.1777,1.1298,-3.017,-4.048,0.244
9238792,596,1904,1966,0.1080,0.1751,1.1301,-3.214,-3.943,0.217
9238802,585,1855,1990,0.1086,0.1706,1.1311,-3.316,-3.895,0.140
9238812,590,1862,1876,0.1084,0.1672,1.1301,-3.236,-3.819,0.043
9238822,587,1883,1929,0.1087,0.1663,1.1319,-2.991,-3.794,-0.071
9238832,604,1858,2040,0.1077,0.1669,1.1322,-2.586,-3.799,-0.168
9238842,619,1863,1833,0.1075,0.1688,1.1316,-2.163,-3.821,-0.270
9238852,611,1874,1920,0.1080,0.1701,1.1305,-1.803,-3.891,-0.335
9238862,615,1848,1831,0.1093,0.1725,1.1294,-1.661,-3.952,-0.363
9238872,750,1874,1856,0.1120,0.1740,1.1292,-1.702,-4.010,-0.335
9238882,584,1850,2002,0.1136,0.1751,1.1316,-1.863,-4.084,-0.289
9238892,785,1865,1991,0.1142,0.1760,1.1325,-2.079,-4.094,-0.259
9238902,637,1872,1843,0.1149,0.1764,1.1333,-2.310,-4.077,-0.259
9238912,578,1850,1856,0.1153,0.1763,1.1331,-2.483,-4.009,-0.285
9238922,592,1856,1835,0.1152,0.1755,1.1325,-2.552,-3.927,-0.307
9238932,597,1863,1861,0.1150,0.1739,1.1325,-2.543,-3.851,-0.302
9238942,629,1864,2039,0.1144,0.1724,1.1333,-2.628,-3.865,-0.305
9238952,588,1854,1836,0.1142,0.1726,1.1332,-2.764,-3.791,-0.341
9238962,585,1857,2054,0.1145,0.1722,1.1319,-2.925,-3.718,-0.447
9238972,606,1854,1868,0.1158,0.1722,1.1305,-3.034,-3.633,-0.616
9238982,625,1876,2005,0.1152,0.1681,1.1337,-3.154,-3.595,-0.862
9238992,652,1858,1849,0.1154,0.1648,1.1312,-3.442,-3.442,-1.082
9239002,629,1861,1832,0.1157,0.1643,1.1292,-3.400,-3.202,-1.134
9239012,596,1851,1837,0.1159,0.1621,1.1339,-3.441,-3.245,-1.204
9239022,990,1925,1966,0.1175,0.1617,1.1276,-3.233,-2.994,-1.253
9239032,748,1848,1861,0.1187,0.1610,1.1307,-2.859,-2.844,-1.325
9239042,620,1861,1827,0.1194,0.1601,1.1308,-2.508,-2.758,-1.434
9239052,619,1858,1934,0.1194,0.1598,1.1308,-2.049,-2.535,-1.523
9239062,595,1848,1826,0.1193,0.1599,1.1300,-1.662,-2.406,-1.563
9239072,619,1856,1892,0.1180,0.1614,1.1284,-1.316,-2.193,-1.524
9239082,609,1855,1826,0.1174,0.1632,1.1304,-1.072,-2.194,-1.446
9239092,604,1851,1945,0.1190,0.1663,1.1316,-0.863,-2.266,-1.383
9239102,672,1887,1830,0.1159,0.1628,1.1346,-0.833,-2.292,-1.378
9239112,645,1884,1912,0.1152,0.1649,1.1287,-0.843,-2.166,-1.243
9239122,608,1864,1878,0.1137,0.1667,1.1329,-0.794,-2.265,-1.016
9239132,679,1885,1841,0.1138,0.1686,1.1335,-0.886,-2.450,-0.845
9239142,620,1853,1829,0.1149,0.1708,1.1349,-1.052,-2.460,-0.715
9239152,811,1871,1903,0.1149,0.1707,1.1338,-1.253,-2.491,-0.621
9239162,615,1851,1910,0.1148,0.1693,1.1329,-1.546,-2.444,-0.575
9239172,618,1853,1833,0.1138,0.1656,1.1323,-1.999,-2.528,-0.551
9239182,671,1873,1833,0.1154,0.1625,1.1287,-2.325,-2.426,-0.502
9239192,617,1858,1973,0.1168,0.1592,1.1317,-2.536,-2.443,-0.457
9239202,639,1871,1826,0.1167,0.1585,1.1325,-2.318,-2.290,-0.367
9239212,641,1852,1846,0.1174,0.1573,1.1345,-1.919,-2.147,-0.315
9239222,622,1859,1876,0.1174,0.1566,1.1304,-1.409,-1.930,-0.295
9239232,801,1868,1950,0.1174,0.1572,1.1299,-1.032,-1.789,-0.266
9239242,634,1866,1891,0.1178,0.1608,1.1296,-0.852,-1.773,-0.208
9239252,622,1855,1933,0.1195,0.1631,1.1317,-0.821,-1.790,-0.194
9239262,661,1883,1890,0.1210,0.1646,1.1320,-0.853,-1.824,-0.242
9239272,626,1856,1829,0.1215,0.1654,1.1333,-0.898,-1.815,-0.318
9239282,873,1890,1835,0.1207,0.1637,1.1351,-1.139,-1.824,-0.384
9239292,624,1856,1869,0.1192,0.1627,1.1335,-1.572,-1.765,-0.380
9239302,926,1910,1836,0.1183,0.1624,1.1321,-2.075,-1.754,-0.323
9239312,645,1852,1870,0.1166,0.1609,1.1307,-2.470,-1.699,-0.283
9239322,639,1884,2071,0.1155,0.1602,1.1317,-2.648,-1.714,-0.298
9239332,628,1856,1841,0.1142,0.1573,1.1325,-2.618,-1.679,-0.379
9239342,654,1859,1837,0.1159,0.1575,1.1324,-2.237,-1.592,-0.416
9239352,641,1858,1892,0.1181,0.1568,1.1333,-1.934,-1.514,-0.481
9239362,671,1874,1937,0.1197,0.1568,1.1326,-1.661,-1.313,-0.556
9239372,639,1854,1850,0.1208,0.1568,1.1339,-1.458,-1.122,-0.597
9239382,656,1861,1938,0.1215,0.1578,1.1333,-1.260,-0.851,-0.624
9239392,643,1849,1829,0.1216,0.1575,1.1324,-1.117,-0.592,-0.649
9239402,663,1858,1848,0.1224,0.1567,1.1318,-1.048,-0.388,-0.677
9239412,684,1854,1835,0.1215,0.1567,1.1325,-1.046,-0.235,-0.705
9239422,663,1849,1845,0.1206,0.1579,1.1341,-1.069,-0.184,-0.695
9239432,667,1866,1886,0.1203,0.1599,1.1341,-1.087,-0.182,-0.684
9239442,647,1850,2067,0.1192,0.1598,1.1371,-1.184,-0.248,-0.735
9239452,648,1859,1850,0.1203,0.1593,1.1327,-1.350,-0.265,-0.816
9239462,657,1859,1844,0.1196,0.1579,1.1330,-1.480,-0.337,-0.843
9239472,681,1864,1837,0.1182,0.1570,1.1329,-1.614,-0.388,-0.811
9239482,689,1854,1857,0.1170,0.1578,1.1318,-1.761,-0.342,-0.758
9239492,654,1850,2023,0.1171,0.1581,1.1310,-1.788,-0.299,-0.714
9239502,657,1864,1826,0.1178,0.1566,1.1307,-1.591,-0.233,-0.673
9239512,663,1850,1859,0.1196,0.1549,1.1320,-1.260,-0.102,-0.635
9239522,690,1868,1846,0.1208,0.1540,1.1313,-0.860,0.162,-0.551
9239532,654,1846,1843,0.1217,0.1529,1.1319,-0.517,0.484,-0.436
9239542,683,1863,1893,0.1222,0.1522,1.1313,-0.243,0.882,-0.307
9239552,756,1866,1911,0.1207,0.1498,1.1328,-0.018,1.293,-0.150
9239562,717,1855,1837,0.1204,0.1498,1.1322,0.260,1.690,0.050
9239572,691,1880,2026,0.1179,0.1497,1.1350,0.606,1.993,0.221
9239582,678,1851,1940,0.1151,0.1489,1.1352,0.940,2.197,0.359
9239592,658,1870,1842,0.1124,0.1500,1.1397,1.217,2.295,0.424
9239602,657,1849,2038,0.1112,0.1521,1.1426,1.297,2.226,0.362
9239612,673,1853,1827,0.1092,0.1549,1.1418,1.237,2.189,0.215
9239622,710,1886,2094,0.1078,0.1598,1.1421,0.990,2.037,0.041
9239632,668,1848,1982,0.1073,0.1625,1.1416,0.535,1.793,-0.141
9239642,734,1861,1839,0.1069,0.1641,1.1396,-0.116,1.537,-0.319
9239652,676,1850,1843,0.1078,0.1645,1.1411,-0.944,1.186,-0.442
9239662,692,1883,2030,0.1076,0.1638,1.1380,-1.858,0.900,-0.504
9239672,799,1854,2003,0.1086,0.1635,1.1367,-2.756,0.620,-0.509
9239682,679,1851,1843,0.1085,0.1647,1.1337,-3.462,0.414,-0.473
9239692,676,1855,1844,0.1096,0.1643,1.1332,-4.001,0.294,-0.433
9239702,710,1873,1838,0.1097,0.1619,1.1284,-4.259,0.330,-0.356
9239712,675,1849,1908,0.1093,0.1604,1.1232,-4.205,0.428,-0.217
9239722,671,1848,1826,0.1105,0.1562,1.1230,-3.836,0.404,-0.067
9239732,685,1852,1932,0.1131,0.1509,1.1271,-3.374,0.238,0.038
9239742,710,1852,1984,0.1142,0.1454,1.1266,-2.955,0.238,0.122
9239752,678,1858,1994,0.1132,0.1436,1.1249,-2.547,0.363,0.293
9239762,685,1849,1849,0.1100,0.1442,1.1247,-2.142,0.384,0.512
9239772,724,1923,1911,0.1079,0.1456,1.1274,-1.741,0.329,0.630
9239782,691,1858,1857,0.1060,0.1467,1.1302,-1.393,0.171,0.585
9239792,687,1851,2130,0.1054,0.1461,1.1328,-1.069,-0.034,0.431
9239802,697,1856,1850,0.1057,0.1464,1.1352,-0.859,-0.260,0.240
9239812,686,1856,1955,0.1066,0.1478,1.1360,-0.763,-0.420,0.080
9239822,712,1853,1826,0.1067,0.1494,1.1347,-0.779,-0.539,-0.075
9239832,689,1849,1936,0.1079,0.1503,1.1329,-0.844,-0.601,-0.226
9239842,1015,1858,1904,0.1090,0.1494,1.1324,-0.879,-0.598,-0.369
9239852,874,1856,1828,0.1092,0.1491,1.1304,-0.846,-0.515,-0.477
9239862,692,1864,1910,0.1100,0.1480,1.1301,-0.740,-0.369,-0.543
9239872,705,1857,2539,0.1102,0.1468,1.1281,-0.533,-0.142,-0.546
9239882,704,1858,1874,0.1111,0.1462,1.1257,-0.233,0.130,-0.522
9239892,691,1850,1825,0.1115,0.1451,1.1280,0.162,0.381,-0.471
9239902,789,1897,2134,0.1110,0.1445,1.1306,0.632,0.627,-0.403
9239912,716,1872,1859,0.1098,0.1444,1.1332,1.129,0.923,-0.321
9239922,694,1852,1901,0.1079,0.1460,1.1341,1.594,1.164,-0.226
9239932,701,1854,2083,0.1061,0.1481,1.1359,1.988,1.283,-0.157
9239942,731,1867,1845,0.1046,0.1501,1.1378,2.246,1.326,-0.154
9239952,746,1896,1825,0.1031,0.1507,1.1374,2.366,1.340,-0.207
9239962,716,1857,1845,0.1021,0.1515,1.1364,2.351,1.294,-0.300
9239972,724,1855,1821,0.1016,0.1530,1.1361,2.192,1.143,-0.397
9239982,713,1856,1878,0.1012,0.1546,1.1367,1.881,0.910,-0.509
9239992,874,1921,1825,0.1004,0.1550,1.1350,1.539,0.779,-0.633
9240002,727,1851,2021,0.1000,0.1553,1.1337,1.249,0.640,-0.737
9240012,786,1852,1849,0.1001,0.1555,1.1338,1.028,0.493,-0.831
9240022,713,1849,1837,0.1020,0.1553,1.1360,0.875,0.338,-0.918
9240032,713,1853,1841,0.1031,0.1548,1.1381,0.771,0.276,-0.971
9240042,716,1858,1842,0.1028,0.1550,1.1340,0.697,0.418,-0.965
9240052,732,1848,2330,0.1023,0.1539,1.1313,0.615,0.578,-0.923
9240062,728,1855,1853,0.1014,0.1532,1.1307,0.513,0.684,-0.905
9240072,716,1850,1835,0.1017,0.1523,1.1334,0.445,0.726,-0.928
9240082,734,1861,1898,0.1028,0.1507,1.1358,0.502,0.827,-0.952
9240092,718,1850,1927,0.1008,0.1488,1.1344,0.744,1.055,-0.922
9240102,782,1855,2426,0.0988,0.1496,1.1306,1.027,1.247,-0.866
9240112,719,1876,1877,0.0972,0.1510,1.1298,1.221,1.285,-0.835
9240122,718,1853,1930,0.0969,0.1511,1.1308,1.362,1.189,-0.865
9240132,723,1850,1903,0.0971,0.1523,1.1328,1.593,0.999,-0.942
9240142,720,1847,1844,0.0975,0.1520,1.1346,1.898,0.887,-1.022
9240152,721,1853,1998,0.0971,0.1526,1.1329,2.214,0.864,-1.048
9240162,748,1921,1870,0.0963,0.1547,1.1314,2.395,0.786,-1.039
9240172,728,1856,1839,0.0956,0.1570,1.1333,2.390,0.663,-1.080
9240182,739,1855,1832,0.0966,0.1575,1.1359,2.279,0.569,-1.189
9240192,730,1869,1976,0.0965,0.1599,1.1350,2.124,0.581,-1.273
9240202,767,1864,1837,0.0962,0.1611,1.1338,2.031,0.716,-1.258
9240212,726,1856,1833,0.0956,0.1633,1.1309,1.940,0.922,-1.181
9240222,777,1875,1983,0.0957,0.1633,1.1307,1.822,1.114,-1.096
9240232,758,1893,2015,0.0954,0.1620,1.1320,1.632,1.253,-1.048
9240242,744,1850,2169,0.0949,0.1609,1.1320,1.473,1.458,-0.989
9240252,745,1861,1932,0.0947,0.1608,1.1313,1.419,1.633,-0.894
9240262,733,1861,1862,0.0939,0.1585,1.1308,1.499,1.795,-0.765
9240272,747,1861,1865,0.0915,0.1577,1.1318,1.727,1.908,-0.629
9240282,777,1888,1897,0.0914,0.1574,1.1340,2.103,1.762,-0.491
9240292,765,1859,1837,0.0914,0.1572,1.1338,2.361,1.839,-0.426
9240302,734,1850,1957,0.0906,0.1577,1.1352,2.496,1.797,-0.393
9240312,765,1849,1837,0.0905,0.1602,1.1350,2.553,1.788,-0.365
9240322,752,1864,1912,0.0884,0.1620,1.1375,2.497,1.696,-0.361
9240332,749,1852,2069,0.0879,0.1640,1.1385,2.426,1.539,-0.391
9240342,857,1854,1994,0.0875,0.1639,1.1381,2.339,1.404,-0.476
9240352,741,1875,1952,0.0867,0.1648,1.1358,2.287,1.335,-0.569
9240362,763,1850,1951,0.0870,0.1667,1.1344,2.262,1.256,-0.643
9240372,772,1856,2024,0.0879,0.1677,1.1347,2.257,1.263,-0.702
9240382,750,1858,1894,0.0884,0.1678,1.1359,2.220,1.338,-0.733
9240392,749,1851,2089,0.0879,0.1683,1.1366,2.133,1.541,-0.713
9240402,814,1854,1895,0.0856,0.1696,1.1352,1.960,1.787,-0.657
9240412,753,1851,1831,0.0838,0.1688,1.1328,1.746,2.026,-0.593
9240422,766,1864,1949,0.0843,0.1698,1.1327,1.587,2.163,-0.549
9240432,763,1851,1824,0.0843,0.1669,1.1356,1.498,2.134,-0.569
9240442,758,1853,1844,0.0841,0.1640,1.1346,1.463,2.173,-0.632
9240452,753,1851,1824,0.0835,0.1630,1.1348,1.514,2.116,-0.677
9240462,766,1850,1887,0.0806,0.1610,1.1390,1.570,1.927,-0.694
9240472,766,1850,1959,0.0820,0.1663,1.1318,1.531,1.841,-0.653
9240482,755,1853,1877,0.0779,0.1677,1.1354,1.538,1.504,-0.602
9240492,762,1850,1821,0.0774,0.1724,1.1333,1.480,0.982,-0.559
9240502,762,1857,1902,0.0767,0.1734,1.1355,1.361,0.565,-0.602
9240512,784,1850,1879,0.0770,0.1742,1.1367,0.989,-0.062,-0.700
9240522,760,1855,1907,0.0769,0.1747,1.1352,0.442,-0.411,-0.801
9240532,826,1864,1960,0.0772,0.1750,1.1380,-0.200,-0.844,-0.891
9240542,772,1853,1905,0.0777,0.1747,1.1348,-0.820,-1.032,-0.960
9240552,765,1848,1996,0.0773,0.1730,1.1330,-1.400,-1.172,-0.988
9240562,773,1848,1836,0.0782,0.1695,1.1316,-1.796,-1.195,-0.958
9240572,792,1868,2013,0.0799,0.1691,1.1291,-1.961,-1.169,-0.811
9240582,772,1855,1820,0.0826,0.1665,1.1275,-1.873,-1.069,-0.609
9240592,765,1854,1824,0.0864,0.1645,1.1304,-1.678,-1.017,-0.455
9240602,817,1859,1832,0.0875,0.1614,1.1306,-1.355,-0.818,-0.360
9240612,804,1872,1994,0.0873,0.1591,1.1311,-0.966,-0.513,-0.277
9240622,775,1850,1967,0.0860,0.1597,1.1294,-0.495,-0.154,-0.168
9240632,815,1892,1841,0.0838,0.1601,1.1308,-0.052,0.093,-0.090
9240642,771,1850,1840,0.0820,0.1610,1.1329,0.367,0.255,-0.089
9240652,812,1856,1854,0.0808,0.1620,1.1349,0.775,0.369,-0.141
9240662,783,1886,1976,0.0792,0.1639,1.1359,1.171,0.467,-0.202
9240672,781,1873,1893,0.0779,0.1659,1.1379,1.515,0.524,-0.279
9240682,775,1850,1986,0.0771,0.1690,1.1385,1.716,0.464,-0.373
9240692,783,1849,1875,0.0768,0.1704,1.1379,1.724,0.368,-0.488
9240702,786,1849,1866,0.0765,0.1727,1.1365,1.586,0.254,-0.621
9240712,780,1869,1901,0.0764,0.1739,1.1375,1.392,0.164,-0.727
9240722,805,1891,1900,0.0763,0.1750,1.1342,1.129,0.150,-0.815
9240732,781,1849,1956,0.0769,0.1747,1.1327,0.831,0.229,-0.863
9240742,783,1855,1850,0.0773,0.1745,1.1333,0.536,0.267,-0.880
9240752,786,1850,1838,0.0788,0.1727,1.1342,0.338,0.398,-0.870
9240762,801,1908,1907,0.0789,0.1711,1.1346,0.184,0.557,-0.808
9240772,784,1861,1850,0.0787,0.1696,1.1309,0.153,0.797,-0.704
9240782,838,1890,2139,0.0783,0.1673,1.1291,0.209,1.023,-0.589
9240792,805,1876,1864,0.0772,0.1663,1.1292,0.342,1.135,-0.481
9240802,788,1850,1832,0.0763,0.1656,1.1299,0.508,1.188,-0.383
9240812,800,1849,1890,0.0745,0.1665,1.1310,0.722,1.221,-0.317
9240822,816,1887,2174,0.0729,0.1672,1.1332,0.981,1.168,-0.267
9240832,813,1857,1903,0.0718,0.1689,1.1350,1.193,1.016,-0.255
9240842,813,1867,1827,0.0706,0.1694,1.1353,1.247,0.802,-0.267
9240852,826,1853,1939,0.0702,0.1712,1.1361,1.127,0.502,-0.284
9240862,791,1857,2112,0.0699,0.1720,1.1362,0.858,0.103,-0.300
9240872,801,1867,2449,0.0708,0.1743,1.1381,0.426,-0.353,-0.329
9240882,815,1865,2032,0.0718,0.1766,1.1398,0.038,-0.724,-0.306
9240892,804,1856,1973,0.0736,0.1784,1.1422,-0.393,-1.052,-0.228
9240902,811,1888,2202,0.0739,0.1789,1.1404,-0.915,-1.160,-0.089
9240912,816,1848,1833,0.0726,0.1809,1.1406,-1.533,-1.226,0.144
9240922,809,1879,2116,0.0693,0.1812,1.1425,-2.312,-1.369,0.431
9240932,882,1862,1929,0.0680,0.1807,1.1419,-3.170,-1.478,0.800
9240942,809,1876,2164,0.0713,0.1834,1.1388,-3.967,-1.651,1.257
9240952,804,1850,2189,0.0730,0.1808,1.1454,-4.702,-1.958,1.587
9240962,827,1861,1954,0.0755,0.1761,1.1477,-5.584,-2.114,1.705
9240972,814,1848,1835,0.0762,0.1715,1.1426,-6.276,-1.859,1.756
9240982,828,1852,1881,0.0772,0.1