0.0794,1.0983,-1.701,-0.594,-0.522
10370972,1421,1884,1804,0.3264,-0.0794,1.0973,-1.203,-0.705,-0.470
10370982,1411,1873,1970,0.3278,-0.0801,1.0968,-0.589,-0.837,-0.380
10370992,1431,1859,1819,0.3279,-0.0798,1.0955,0.041,-0.952,-0.268
10371002,1394,1869,1800,0.3288,-0.0795,1.0946,0.626,-1.014,-0.139
10371012,1436,1892,1840,0.3284,-0.0765,1.0950,1.076,-1.099,-0.009
10371022,1393,1861,2060,0.3283,-0.0739,1.0959,1.381,-1.162,0.071
10371032,1433,1906,1845,0.3285,-0.0721,1.0960,1.504,-1.240,0.081
10371042,1388,1840,1820,0.3290,-0.0716,1.0973,1.436,-1.314,0.052
10371052,1474,1896,1812,0.3289,-0.0722,1.0955,1.163,-1.336,0.036
10371062,1428,1848,1893,0.3292,-0.0729,1.0950,0.732,-1.342,0.085
10371072,1474,1918,1931,0.3286,-0.0730,1.0935,0.217,-1.377,0.199
10371082,1398,1852,1926,0.3287,-0.0733,1.0923,-0.284,-1.383,0.327
10371092,1473,1870,2493,0.3287,-0.0739,1.0928,-0.709,-1.421,0.439
10371102,1402,1899,1813,0.3296,-0.0735,1.0927,-1.027,-1.454,0.490
10371112,1503,1930,1821,0.3304,-0.0732,1.0949,-1.280,-1.486,0.464
10371122,1397,1842,2393,0.3298,-0.0743,1.0946,-1.423,-1.488,0.414
10371132,1448,1871,1798,0.3298,-0.0747,1.0935,-1.465,-1.446,0.378
10371142,1392,1843,1895,0.3292,-0.0770,1.0947,-1.436,-1.444,0.397
10371152,1430,1857,1835,0.3297,-0.0787,1.0934,-1.339,-1.408,0.475
10371162,1403,1838,2169,0.3292,-0.0797,1.0928,-1.167,-1.404,0.611
10371172,1446,1921,1894,0.3282,-0.0792,1.0917,-0.943,-1.390,0.763
10371182,1435,1886,2031,0.3280,-0.0778,1.0918,-0.712,-1.395,0.881
10371192,1496,1913,2206,0.3277,-0.0774,1.0935,-0.496,-1.433,0.925
10371202,1428,1872,1830,0.3293,-0.0766,1.0948,-0.342,-1.452,0.915
10371212,1464,1930,1796,0.3296,-0.0780,1.0949,-0.265,-1.419,0.876
10371222,1414,1839,1859,0.3304,-0.0785,1.0942,-0.208,-1.393,0.853
10371232,1478,1865,1890,0.3308,-0.0795,1.0928,-0.140,-1.330,0.849
10371242,1412,1872,1901,0.3307,-0.0801,1.0922,-0.047,-1.317,0.872
10371252,1481,1938,1901,0.3317,-0.0802,1.0903,0.063,-1.292,0.896
10371262,1416,1877,1919,0.3322,-0.0802,1.0910,0.146,-1.265,0.891
10371272,1449,1875,1807,0.3321,-0.0794,1.0912,0.229,-1.219,0.821
10371282,1407,1860,1969,0.3325,-0.0787,1.0908,0.288,-1.109,0.686
10371292,1479,1865,2132,0.3329,-0.0777,1.0913,0.315,-1.026,0.509
10371302,1409,1858,1887,0.3329,-0.0787,1.0908,0.293,-0.883,0.315
10371312,1510,1937,2045,0.3330,-0.0783,1.0910,0.232,-0.730,0.136
10371322,1442,1880,1836,0.3314,-0.0776,1.0922,0.127,-0.616,-0.010
10371332,1480,1907,1844,0.3309,-0.0781,1.0925,-0.021,-0.507,-0.142
10371342,1441,1889,1857,0.3302,-0.0792,1.0946,-0.210,-0.488,-0.274
10371352,1469,1889,1882,0.3302,-0.0788,1.0949,-0.453,-0.483,-0.410
10371362,1399,1836,2065,0.3297,-0.0789,1.0971,-0.705,-0.485,-0.559
10371372,1531,1962,1812,0.3289,-0.0785,1.0972,-0.862,-0.501,-0.685
10371382,1431,1880,1794,0.3282,-0.0794,1.0970,-0.947,-0.515,-0.798
10371392,1459,1878,1838,0.3280,-0.0798,1.0975,-0.874,-0.591,-0.872
10371402,1425,1870,1971,0.3276,-0.0789,1.0974,-0.601,-0.702,-0.829
10371412,1449,1850,1816,0.3280,-0.0793,1.0959,-0.324,-0.810,-0.753
10371422,1480,1849,2070,0.3280,-0.0792,1.0957,-0.003,-0.869,-0.662
10371432,1482,1917,1978,0.3284,-0.0792,1.0962,0.256,-1.012,-0.573
10371442,1419,1852,2029,0.3282,-0.0781,1.0940,0.470,-1.105,-0.522
10371452,1481,1898,1865,0.3286,-0.0762,1.0956,0.629,-1.182,-0.485
10371462,1414,1842,1932,0.3282,-0.0755,1.0936,0.756,-1.223,-0.472
10371472,1507,1920,1820,0.3284,-0.0756,1.0927,0.873,-1.228,-0.465
10371482,1420,1908,2081,0.3286,-0.0757,1.0938,0.948,-1.293,-0.442
10371492,1415,1841,2006,0.3288,-0.0756,1.0921,0.938,-1.331,-0.407
10371502,1437,1876,1844,0.3302,-0.0749,1.0920,0.849,-1.392,-0.370
10371512,1580,1970,2034,0.3304,-0.0750,1.0935,0.669,-1.468,-0.354
10371522,1426,1854,1923,0.3302,-0.0739,1.0939,0.426,-1.458,-0.346
10371532,1456,1886,1906,0.3297,-0.0728,1.0945,0.169,-1.477,-0.345
10371542,1431,1859,1894,0.3295,-0.0743,1.0937,-0.099,-1.491,-0.343
10371552,1482,1900,1832,0.3289,-0.0745,1.0943,-0.333,-1.534,-0.325
10371562,1434,1853,1805,0.3278,-0.0754,1.0925,-0.516,-1.609,-0.300
10371572,1472,1881,1804,0.3281,-0.0758,1.0962,-0.606,-1.697,-0.255
10371582,1451,1895,1793,0.3283,-0.0781,1.0973,-0.609,-1.760,-0.196
10371592,1521,1905,2183,0.3286,-0.0790,1.0968,-0.547,-1.786,-0.110
10371602,1460,1914,1818,0.3301,-0.0791,1.0964,-0.426,-1.810,-0.047
10371612,1485,1908,1896,0.3308,-0.0785,1.0939,-0.261,-1.758,-0.025
10371622,1440,1902,1877,0.3317,-0.0773,1.0934,0.044,-1.668,-0.034
10371632,1479,1879,1894,0.3330,-0.0774,1.0932,0.441,-1.574,-0.067
10371642,1421,1870,1857,0.3331,-0.0762,1.0916,0.834,-1.413,-0.113
10371652,1456,1870,1795,0.3336,-0.0757,1.0917,1.148,-1.260,-0.159
10371662,1441,1873,1947,0.3336,-0.0750,1.0899,1.330,-1.102,-0.191
10371672,1456,1862,1854,0.3328,-0.0745,1.0907,1.284,-0.930,-0.197
10371682,1432,1865,1955,0.3330,-0.0730,1.0894,1.074,-0.745,-0.195
10371692,1466,1900,1865,0.3324,-0.0722,1.0912,0.691,-0.542,-0.227
10371702,1437,1858,2039,0.3324,-0.0717,1.0919,0.179,-0.375,-0.283
10371712,1467,1874,1797,0.3318,-0.0715,1.0938,-0.468,-0.257,-0.304
10371722,1470,1888,1995,0.3312,-0.0725,1.0943,-1.158,-0.106,-0.301
10371732,1461,1863,1804,0.3294,-0.0744,1.0947,-1.817,0.024,-0.276
10371742,1444,1894,1795,0.3290,-0.0749,1.0953,-2.369,0.081,-0.216
10371752,1472,1922,1900,0.3284,-0.0754,1.0958,-2.742,0.083,-0.127
10371762,1460,1866,1962,0.3282,-0.0768,1.0968,-2.951,0.027,-0.045
10371772,1457,1874,1907,0.3282,-0.0790,1.0986,-3.059,-0.077,0.026
10371782,1432,1879,1870,0.3280,-0.0794,1.0999,-3.037,-0.162,0.107
10371792,1463,1897,1839,0.3288,-0.0809,1.0996,-2.866,-0.227,0.183
10371802,1435,1839,1801,0.3278,-0.0814,1.0988,-2.525,-0.285,0.278
10371812,1488,1891,1866,0.3272,-0.0816,1.0980,-2.074,-0.366,0.421
10371822,1467,1875,1872,0.3281,-0.0816,1.0969,-1.504,-0.448,0.579
10371832,1466,1866,1916,0.3286,-0.0811,1.0953,-0.920,-0.517,0.740
10371842,1451,1884,1824,0.3286,-0.0789,1.0953,-0.351,-0.581,0.883
10371852,1458,1888,1805,0.3290,-0.0782,1.0958,0.091,-0.632,1.024
10371862,1451,1871,1916,0.3289,-0.0770,1.0961,0.353,-0.646,1.157
10371872,1526,1883,1793,0.3278,-0.0744,1.0968,0.448,-0.667,1.287
10371882,1507,1844,1877,0.3274,-0.0726,1.0974,0.382,-0.663,1.393
10371892,1478,1913,2137,0.3273,-0.0720,1.0979,0.183,-0.628,1.537
10371902,1454,1878,1817,0.3265,-0.0726,1.0974,-0.146,-0.584,1.752
10371912,1527,1922,1822,0.3259,-0.0716,1.0990,-0.601,-0.586,2.032
10371922,1439,1876,1836,0.3253,-0.0712,1.0991,-1.152,-0.633,2.333
10371932,1524,1900,1802,0.3236,-0.0696,1.0976,-1.742,-0.660,2.616
10371942,1471,1867,1856,0.3216,-0.0700,1.1003,-2.396,-0.793,2.830
10371952,1473,1900,1801,0.3207,-0.0707,1.0973,-3.046,-0.845,2.995
10371962,1434,1840,1804,0.3215,-0.0738,1.0973,-3.701,-0.958,3.149
10371972,1527,1927,1797,0.3231,-0.0763,1.0965,-4.407,-1.164,3.321
10371982,1671,1843,1820,0.3248,-0.0788,1.0962,-5.113,-1.275,3.495
10371992,1490,1898,1825,0.3264,-0.0819,1.0953,-5.741,-1.383,3.605
10372002,1478,1886,1796,0.3268,-0.0861,1.0930,-6.163,-1.397,3.638
10372012,1516,1887,1805,0.3271,-0.0908,1.0934,-6.340,-1.496,3.619
10372022,1475,1871,1941,0.3271,-0.0945,1.0953,-6.308,-1.628,3.549
10372032,1494,1874,1809,0.3275,-0.0979,1.0946,-6.058,-1.772,3.474
10372042,1441,1864,1840,0.3274,-0.1013,1.0957,-5.565,-1.905,3.375
10372052,1454,1840,2132,0.3274,-0.1037,1.0948,-4.861,-2.003,3.239
10372062,1445,1855,1921,0.3279,-0.1045,1.0955,-3.913,-2.096,3.073
10372072,1525,1929,1798,0.3287,-0.1038,1.0920,-2.795,-2.098,2.854
10372082,1444,1873,2037,0.3296,-0.1029,1.0939,-1.615,-2.147,2.541
10372092,1485,1895,1796,0.3305,-0.1046,1.0935,-0.528,-2.163,2.149
10372102,1438,1852,1890,0.3310,-0.1046,1.0947,0.409,-2.088,1.721
10372112,1485,1890,1889,0.3314,-0.1056,1.0940,1.043,-2.079,1.299
10372122,1469,1937,1832,0.3312,-0.1052,1.0916,1.498,-1.970,0.949
10372132,1600,1964,1969,0.3309,-0.1018,1.0930,1.828,-1.945,0.664
10372142,1454,1887,2131,0.3306,-0.0987,1.0903,2.118,-1.931,0.368
10372152,1499,1873,1809,0.3314,-0.0970,1.0925,2.355,-1.955,0.058
10372162,1452,1868,1966,0.3320,-0.0956,1.0946,2.477,-1.973,-0.267
10372172,1471,1868,1840,0.3324,-0.0949,1.0943,2.462,-1.889,-0.554
10372182,1467,1878,1810,0.3314,-0.0940,1.0975,2.354,-1.867,-0.773
10372192,1593,1955,1793,0.3311,-0.0930,1.0988,2.244,-1.772,-0.956
10372202,1446,1859,1892,0.3307,-0.0924,1.0982,2.146,-1.675,-1.117
10372212,1567,1943,1858,0.3299,-0.0935,1.0964,2.131,-1.552,-1.280
10372222,1472,1867,1848,0.3290,-0.0927,1.0951,2.286,-1.473,-1.422
10372232,1488,1854,1794,0.3289,-0.0935,1.0926,2.633,-1.419,-1.546
10372242,1445,1870,1795,0.3280,-0.0916,1.0905,3.081,-1.407,-1.650
10372252,1535,1937,1868,0.3282,-0.0888,1.0897,3.605,-1.447,-1.728
10372262,1455,1850,1874,0.3279,-0.0860,1.0901,4.089,-1.515,-1.784
10372272,1568,1991,1991,0.3283,-0.0841,1.0908,4.466,-1.565,-1.797
10372282,1462,1885,1842,0.3279,-0.0822,1.0924,4.685,-1.574,-1.779
10372292,1475,1860,1832,0.3282,-0.0802,1.0925,4.686,-1.576,-1.704
10372302,1446,1855,1899,0.3287,-0.0784,1.0952,4.498,-1.586,-1.595
10372312,1471,1903,1794,0.3296,-0.0769,1.0935,4.102,-1.572,-1.458
10372322,1460,1871,1821,0.3305,-0.0755,1.0931,3.639,-1.515,-1.298
10372332,1535,1892,2085,0.3304,-0.0747,1.0921,3.176,-1.441,-1.125
10372342,1489,1865,1883,0.3310,-0.0740,1.0909,2.728,-1.357,-0.978
10372352,1511,1900,1798,0.3310,-0.0738,1.0897,2.266,-1.279,-0.857
10372362,1452,1858,2003,0.3317,-0.0742,1.0908,1.765,-1.233,-0.764
10372372,1486,1845,2410,0.3321,-0.0740,1.0927,1.223,-1.215,-0.672
10372382,1462,1859,1872,0.3314,-0.0740,1.0944,0.641,-1.184,-0.573
10372392,1520,1904,1798,0.3303,-0.0740,1.0957,0.090,-1.150,-0.463
10372402,1463,1856,1885,0.3288,-0.0733,1.0957,-0.405,-1.158,-0.324
10372412,1532,1895,1851,0.3281,-0.0744,1.0977,-0.781,-1.153,-0.185
10372422,1461,1855,1809,0.3278,-0.0758,1.0985,-1.059,-1.191,-0.033
10372432,1503,1890,1829,0.3289,-0.0775,1.0979,-1.259,-1.206,0.128
10372442,1449,1871,2108,0.3291,-0.0792,1.0986,-1.343,-1.265,0.278
10372452,1488,1868,1918,0.3290,-0.0798,1.0972,-1.288,-1.243,0.399
10372462,1448,1834,1810,0.3293,-0.0807,1.0969,-1.083,-1.219,0.477
10372472,1526,1931,2154,0.3311,-0.0825,1.0963,-0.798,-1.216,0.529
10372482,1464,1869,2162,0.3324,-0.0842,1.0962,-0.509,-1.137,0.581
10372492,1492,1864,1841,0.3325,-0.0843,1.0957,-0.275,-1.050,0.675
10372502,1454,1838,1803,0.3338,-0.0844,1.0933,-0.044,-0.884,0.794
10372512,1521,1896,1802,0.3337,-0.0841,1.0952,0.094,-0.774,0.898
10372522,1473,1894,1835,0.3338,-0.0827,1.0947,0.226,-0.566,0.985
10372532,1533,1905,1793,0.3336,-0.0818,1.0940,0.346,-0.323,1.055
10372542,1454,1869,1833,0.3331,-0.0823,1.0936,0.417,-0.128,1.108
10372552,1491,1894,2102,0.3322,-0.0812,1.0921,0.432,0.116,1.162
10372562,1471,1873,1928,0.3316,-0.0801,1.0919,0.389,0.238,1.231
10372572,1527,1906,1867,0.3310,-0.0790,1.0920,0.312,0.345,1.283
10372582,1488,1888,1891,0.3303,-0.0790,1.0918,0.156,0.414,1.313
10372592,1517,1899,1811,0.3296,-0.0790,1.0932,-0.070,0.420,1.338
10372602,1488,1847,1919,0.3301,-0.0795,1.0960,-0.386,0.401,1.379
10372612,1535,1909,1857,0.3293,-0.0800,1.0947,-0.740,0.457,1.449
10372622,1465,1863,1873,0.3285,-0.0806,1.0953,-1.109,0.529,1.576
10372632,1531,1895,1822,0.3281,-0.0818,1.0963,-1.393,0.610,1.766
10372642,1504,1848,1903,0.3277,-0.0825,1.0957,-1.590,0.724,2.016
10372652,1534,1895,1794,0.3281,-0.0815,1.0957,-1.692,0.891,2.338
10372662,1477,1862,1867,0.3277,-0.0801,1.0954,-1.736,1.104,2.712
10372672,1494,1893,1838,0.3287,-0.0786,1.0959,-1.773,1.360,3.142
10372682,1481,1866,1853,0.3279,-0.0776,1.0951,-1.836,1.658,3.625
10372692,1520,1904,1829,0.3273,-0.0768,1.0937,-2.027,1.902,4.129
10372702,1664,1913,1837,0.3258,-0.0766,1.0939,-2.355,2.119,4.605
10372712,1483,1880,1835,0.3245,-0.0766,1.0954,-2.878,2.223,5.046
10372722,1468,1877,1865,0.3239,-0.0767,1.0960,-3.526,2.299,5.454
10372732,1527,1901,1811,0.3222,-0.0766,1.0983,-4.208,2.296,5.812
10372742,1561,1867,1895,0.3207,-0.0780,1.0999,-4.958,2.210,6.092
10372752,1507,1888,1820,0.3185,-0.0812,1.1036,-5.677,2.062,6.306
10372762,1457,1857,1873,0.3170,-0.0844,1.1051,-6.313,1.929,6.498
10372772,1456,1874,1833,0.3157,-0.0876,1.1074,-6.831,1.793,6.695
10372782,1472,1867,1864,0.3155,-0.0918,1.1085,-7.247,1.598,6.870
10372792,1516,1897,1825,0.3145,-0.0961,1.1047,-7.588,1.470,7.002
10372802,1465,1863,1871,0.3137,-0.0990,1.1039,-7.883,1.190,7.114
10372812,1484,1896,1819,0.3133,-0.1007,1.1011,-8.106,0.916,7.203
10372822,1496,1847,1891,0.3125,-0.0991,1.0998,-8.218,0.617,7.265
10372832,1561,1899,1832,0.3121,-0.0981,1.0981,-8.201,0.302,7.256
10372842,1564,1886,1836,0.3123,-0.0989,1.0975,-8.061,0.031,7.144
10372852,1606,1909,1813,0.3109,-0.1001,1.0976,-7.895,-0.201,6.961
10372862,1489,1871,1869,0.3112,-0.1024,1.0944,-7.755,-0.285,6.700
10372872,1536,1871,1869,0.3119,-0.1052,1.0952,-7.672,-0.405,6.397
10372882,1462,1860,1851,0.3120,-0.1086,1.0931,-7.558,-0.450,6.079
10372892,1502,1886,1831,0.3129,-0.1108,1.0912,-7.378,-0.492,5.706
10372902,1464,1840,1852,0.3139,-0.1144,1.0894,-7.076,-0.540,5.246
10372912,1592,1904,1816,0.3153,-0.1184,1.0879,-6.641,-0.537,4.735
10372922,1534,1870,1881,0.3148,-0.1216,1.0901,-6.085,-0.603,4.237
10372932,1561,1911,1815,0.3145,-0.1236,1.0896,-5.467,-0.620,3.767
10372942,1573,1853,1852,0.3148,-0.1258,1.0924,-4.831,-0.692,3.264
10372952,1629,1935,1809,0.3161,-0.1287,1.0941,-4.180,-0.810,2.764
10372962,1489,1868,1870,0.3158,-0.1310,1.0958,-3.519,-0.924,2.330
10372972,1466,1880,1826,0.3160,-0.1322,1.0980,-2.855,-1.076,1.943
10372982,1501,1893,1861,0.3172,-0.1318,1.0997,-2.238,-1.187,1.587
10372992,1538,1924,1814,0.3171,-0.1307,1.1000,-1.742,-1.261,1.273
10373002,1465,1878,1863,0.3172,-0.1285,1.0997,-1.303,-1.278,1.012
10373012,1530,1884,1829,0.3167,-0.1270,1.1005,-0.940,-1.340,0.784
10373022,1467,1877,1882,0.3164,-0.1261,1.0985,-0.617,-1.325,0.586
10373032,1531,1854,1840,0.3164,-0.1254,1.0989,-0.375,-1.368,0.438
10373042,1530,1873,1866,0.3170,-0.1244,1.0985,-0.260,-1.506,0.347
10373052,1526,1921,1805,0.3178,-0.1227,1.0986,-0.279,-1.646,0.302
10373062,1551,1869,1897,0.3190,-0.1220,1.1001,-0.417,-1.820,0.280
10373072,1477,1878,1831,0.3199,-0.1226,1.1019,-0.640,-1.979,0.284
10373082,1685,1869,1865,0.3213,-0.1243,1.1044,-0.903,-2.131,0.364
10373092,1726,1938,1839,0.3217,-0.1243,1.1029,-1.142,-2.153,0.557
10373102,1599,1880,1861,0.3195,-0.1233,1.1001,-1.048,-2.168,0.934
10373112,1492,1869,1830,0.3173,-0.1212,1.0959,-0.742,-2.181,1.242
10373122,1534,1869,1855,0.3143,-0.1182,1.0926,-0.231,-2.337,1.394
10373132,1583,1930,1826,0.3126,-0.1156,1.0924,0.406,-2.666,1.332
10373142,1583,1885,1848,0.3110,-0.1150,1.0951,1.095,-3.120,1.024
10373152,1519,1888,1860,0.3121,-0.1165,1.0996,1.776,-3.584,0.570
10373162,1778,1896,1879,0.3139,-0.1192,1.1103,2.385,-4.079,0.108
10373172,1818,1933,1825,0.3158,-0.1227,1.1192,2.803,-4.516,-0.265
10373182,1865,1839,1904,0.3185,-0.1250,1.1233,3.022,-4.690,-0.460
10373192,1933,1848,1870,0.3220,-0.1289,1.1293,2.979,-4.860,-0.460
10373202,1537,1964,1854,0.3260,-0.1332,1.1317,2.725,-4.963,-0.304
10373212,1614,1869,1857,0.3297,-0.1384,1.1348,2.303,-5.070,-0.005
10373222,1562,1877,1870,0.3336,-0.1424,1.1357,1.854,-5.042,0.401
10373232,1483,1899,1827,0.3369,-0.1485,1.1350,1.446,-4.786,0.861
10373242,1479,1840,1876,0.3399,-0.1552,1.1368,1.174,-4.411,1.370
10373252,1533,1912,1827,0.3411,-0.1600,1.1343,1.195,-3.782,1.986
10373262,1750,1972,1836,0.3418,-0.1629,1.1365,1.681,-3.018,2.715
10373272,1820,1984,1824,0.3446,-0.1658,1.1407,2.671,-2.246,3.548
10373282,1637,1916,1883,0.3456,-0.1682,1.1399,4.009,-1.189,4.432
10373292,1524,1996,1842,0.3474,-0.1693,1.1388,5.799,0.015,5.373
10373302,1583,1959,1840,0.3481,-0.1664,1.1391,7.930,1.157,6.378
10373312,1510,1916,1846,0.3482,-0.1628,1.1376,10.191,2.407,7.397
10373322,1820,1877,1867,0.3480,-0.1565,1.1409,12.399,3.587,8.424
10373332,1506,1875,1824,0.3480,-0.1492,1.1490,14.308,4.692,9.451
10373342,1585,1837,1876,0.3489,-0.1421,1.1546,15.827,6.157,10.462
10373352,1524,1953,1833,0.3540,-0.1361,1.1648,16.858,7.639,11.525
10373362,1658,1883,1860,0.3641,-0.1326,1.1795,17.249,9.267,12.812
10373372,1766,1941,1847,0.3775,-0.1291,1.2027,16.797,10.939,14.641
10373382,1539,1886,1821,0.3765,-0.1278,1.2082,14.881,13.076,17.084
10373392,1548,1852,1837,0.3724,-0.1261,1.2100,11.819,15.421,19.823
10373402,1654,1880,1873,0.3671,-0.1227,1.2022,7.703,17.702,22.463
10373412,1529,1893,1846,0.3613,-0.1161,1.1949,3.180,19.735,24.744
10373422,1695,1837,1884,0.3539,-0.1203,1.1893,-1.316,21.347,26.586
10373432,1681,1881,1850,0.3484,-0.1323,1.1923,-5.171,22.883,28.238
10373442,1492,1884,1893,0.3440,-0.1467,1.2019,-8.437,24.293,29.980
10373452,1493,1930,1832,0.3395,-0.1584,1.2067,-11.388,26.021,31.900
10373462,1493,1857,1901,0.3349,-0.1696,1.2132,-13.977,27.942,33.909
10373472,1508,1879,1851,0.3294,-0.1798,1.2222,-15.855,30.028,35.905
10373482,1499,1840,1904,0.3228,-0.1901,1.2289,-17.102,32.275,37.814
10373492,1522,2006,1837,0.3146,-0.1977,1.2359,-18.020,34.541,39.619
10373502,1517,1921,1940,0.3063,-0.2020,1.2396,-18.741,36.749,41.310
10373512,1483,1902,1856,0.2980,-0.2047,1.2422,-19.379,38.841,42.937
10373522,1582,1942,1915,0.2910,-0.2091,1.2414,-19.966,40.861,44.585
10373532,1816,1927,1873,0.2841,-0.2142,1.2458,-20.711,42.775,46.376
10373542,1485,1851,1864,0.2774,-0.2210,1.2455,-21.803,44.701,48.386
10373552,1487,1862,1892,0.2701,-0.2276,1.2444,-23.315,46.679,50.521
10373562,1511,1914,1925,0.2626,-0.2358,1.2374,-25.114,48.635,52.699
10373572,1480,1838,1886,0.2553,-0.2439,1.2342,-26.893,50.554,54.894
10373582,1487,1836,1938,0.2490,-0.2509,1.2314,-28.515,52.282,57.133
10373592,1493,1889,1876,0.2414,-0.2595,1.2270,-29.785,53.999,59.366
10373602,1482,1839,1937,0.2335,-0.2707,1.2239,-30.730,55.624,61.624
10373612,1531,1895,1903,0.2256,-0.2808,1.2202,-31.349,57.255,63.938
10373622,1489,1924,1902,0.2166,-0.2892,1.2163,-31.866,58.670,66.310
10373632,1653,1957,1876,0.2081,-0.2966,1.2103,-32.324,60.027,68.732
10373642,1606,1839,1909,0.1976,-0.3046,1.2065,-32.880,61.280,71.129
10373652,1549,1870,1891,0.1884,-0.3114,1.2013,-33.560,62.463,73.474
10373662,1562,1855,1927,0.1789,-0.3188,1.1914,-34.372,63.625,75.818
10373672,1629,1883,1871,0.1709,-0.3272,1.1822,-35.190,64.728,78.265
10373682,1523,1840,1914,0.1603,-0.3339,1.1650,-35.846,65.852,80.847
10373692,1535,1919,1825,0.1476,-0.3398,1.1463,-36.070,66.918,83.548
10373702,1583,1852,1922,0.1328,-0.3438,1.1353,-35.707,67.607,86.333
10373712,1549,1895,1857,0.1170,-0.3457,1.1197,-34.827,68.190,89.132
10373722,1551,1861,1905,0.1029,-0.3466,1.1105,-33.491,68.652,91.779
10373732,1500,1935,1851,0.0912,-0.3492,1.1000,-31.873,68.963,94.215
10373742,1501,1843,1914,0.0784,-0.3468,1.0936,-30.043,69.287,96.534
10373752,1487,1923,1875,0.0662,-0.3431,1.0860,-28.032,69.638,98.754
10373762,1507,1868,1910,0.0527,-0.3373,1.0764,-25.895,70.008,100.852
10373772,1546,1878,1905,0.0365,-0.3274,1.0688,-23.668,70.286,102.804
10373782,1728,1843,1921,0.0186,-0.3177,1.0632,-21.497,70.492,104.464
10373792,1551,1850,1878,0.0000,-0.3040,1.0527,-19.454,70.664,105.759
10373802,1729,1873,1884,-0.0203,-0.2914,1.0401,-17.463,70.761,106.662
10373812,1938,1929,1891,-0.0408,-0.2768,1.0327,-15.509,70.539,107.211
10373822,1510,1996,1903,-0.0612,-0.2629,1.0254,-13.676,70.168,107.407
10373832,1597,1839,1852,-0.0773,-0.2518,1.0209,-12.131,69.596,107.216
10373842,1492,1851,1900,-0.0944,-0.2429,1.0148,-11.060,68.924,106.676
10373852,1535,1849,1902,-0.1111,-0.2367,1.0107,-10.421,68.160,105.949
10373862,1531,1934,1912,-0.1274,-0.2320,1.0070,-10.072,67.409,105.133
10373872,1560,1905,1864,-0.1466,-0.2257,1.0022,-9.828,66.758,104.400
10373882,1520,1877,1902,-0.1659,-0.2193,0.9935,-9.527,66.100,103.871
10373892,1490,1838,1876,-0.1886,-0.2092,0.9838,-9.169,65.333,103.507
10373902,1596,1880,1914,-0.2096,-0.1968,0.9734,-8.694,64.404,103.197
10373912,1501,1842,1884,-0.2299,-0.1837,0.9656,-8.217,63.275,102.818
10373922,1869,1852,1914,-0.2489,-0.1706,0.9608,-7.927,62.006,102.236
10373932,1495,1851,1885,-0.2665,-0.1576,0.9546,-7.745,60.729,101.424
10373942,1611,1838,1908,-0.2815,-0.1448,0.9536,-7.782,59.347,100.327
10373952,1549,1837,1880,-0.2979,-0.1364,0.9527,-7.892,58.008,98.984
10373962,1645,1837,1927,-0.3144,-0.1287,0.9487,-7.990,56.813,97.441
10373972,2628,1978,1837,-0.3288,-0.1211,0.9461,-7.959,55.623,95.786
10373982,1492,1875,1920,-0.3438,-0.1158,0.9336,-7.596,54.563,94.070
10373992,1498,1842,1870,-0.3595,-0.1102,0.9147,-6.812,53.581,92.384
10374002,1560,1861,1909,-0.3747,-0.1009,0.8996,-5.661,52.288,90.747
10374012,1677,1840,1874,-0.3906,-0.0916,0.8909,-4.187,50.606,89.051
10374022,1553,1873,1905,-0.4050,-0.0797,0.8888,-2.465,48.765,87.207
10374032,1505,1838,1882,-0.4192,-0.0678,0.8892,-0.629,46.939,85.161
10374042,1578,1842,1927,-0.4311,-0.0545,0.8899,1.159,45.182,82.882
10374052,1499,1837,1857,-0.4423,-0.0453,0.8944,2.668,43.510,80.388
10374062,1537,1863,1908,-0.4513,-0.0414,0.9005,3.839,42.101,77.782
10374072,1540,1851,1878,-0.4621,-0.0409,0.9023,4.732,41.030,75.267
10374082,1554,1841,1908,-0.4734,-0.0373,0.9019,5.464,40.113,72.958
10374092,1839,1927,1855,-0.4844,-0.0319,0.9008,6.145,39.214,70.817
10374102,1570,1895,1886,-0.4952,-0.0235,0.8984,6.956,38.376,68.793
10374112,1512,1839,1860,-0.5057,-0.0150,0.8979,7.925,37.502,66.788
10374122,1540,1839,1929,-0.5162,-0.0058,0.8940,8.959,36.695,64.736
10374132,1614,1857,1881,-0.5256,0.0036,0.8874,9.989,36.100,62.633
10374142,1513,1840,1902,-0.5348,0.0134,0.8812,10.890,35.483,60.505
10374152,1547,1842,1836,-0.5446,0.0235,0.8780,11.597,34.738,58.317
10374162,1506,1876,1903,-0.5550,0.0335,0.8740,12.165,34.000,56.031
10374172,1517,1912,1861,-0.5650,0.0430,0.8719,12.736,33.300,53.599
10374182,1640,1914,1892,-0.5740,0.0499,0.8701,13.271,32.569,51.019
10374192,1538,1846,1832,-0.5809,0.0554,0.8685,13.755,31.823,48.385
10374202,1522,1841,1865,-0.5881,0.0594,0.8688,13.989,31.035,45.891
10374212,1524,1848,1932,-0.5953,0.0658,0.8689,13.875,30.155,43.679
10374222,1501,1845,1824,-0.6037,0.0691,0.8681,13.353,29.286,41.675
10374232,1519,1838,1871,-0.6118,0.0709,0.8676,12.515,28.422,39.824
10374242,1502,1900,1824,-0.6194,0.0718,0.8653,11.434,27.578,38.097
10374252,1508,1887,1834,-0.6268,0.0717,0.8632,10.336,26.786,36.525
10374262,1965,1839,2032,-0.6337,0.0708,0.8619,9.283,26.013,35.081
10374272,1532,1838,1876,-0.6394,0.0716,0.8555,8.328,25.319,33.712
10374282,1502,1839,1878,-0.6440,0.0750,0.8423,7.557,24.729,32.307
10374292,1598,1840,1843,-0.6462,0.0758,0.8324,7.055,24.003,30.830
10374302,1767,1843,2007,-0.6448,0.0717,0.8261,6.879,22.921,29.382
10374312,1741,1840,2029,-0.6492,0.0676,0.8219,6.832,21.618,28.165
10374322,1518,1838,1806,-0.6585,0.0713,0.8153,6.906,20.397,27.117
10374332,1642,1838,1855,-0.6660,0.0743,0.8137,7.025,19.011,25.990
10374342,1510,1839,1804,-0.6710,0.0712,0.8177,7.418,17.361,24.853
10374352,1948,1840,1899,-0.6719,0.0644,0.8224,8.097,15.840,23.907
10374362,1769,1849,1996,-0.6708,0.0554,0.8262,8.802,14.585,23.252
10374372,1603,1847,1807,-0.6699,0.0545,0.8354,9.414,13.426,22.970
10374382,1624,1890,1993,-0.6706,0.0639,0.8387,10.352,12.723,22.979
10374392,1598,1908,1818,-0.6716,0.0739,0.8392,11.781,12.460,22.960
10374402,1502,1906,1937,-0.6735,0.0813,0.8431,13.554,12.374,22.676
10374412,1542,1850,2005,-0.6766,0.0875,0.8474,15.553,12.476,22.074
10374422,1562,1878,2097,-0.6799,0.0965,0.8484,17.603,12.738,21.233
10374432,1537,1840,1803,-0.6857,0.1033,0.8473,19.575,13.063,20.142
10374442,2048,1862,2042,-0.6859,0.1058,0.8521,21.140,13.099,18.896
10374452,1865,1963,1814,-0.6872,0.1075,0.8540,22.086,13.001,17.709
10374462,2038,1941,1809,-0.6903,0.1081,0.8440,22.656,13.192,16.726
10374472,2582,1860,1975,-0.6921,0.1132,0.8330,22.974,13.299,16.031
10374482,1603,2166,2237,-0.6951,0.1217,0.8230,23.179,13.124,15.558
10374492,2397,2001,2073,-0.6975,0.1342,0.8143,23.467,12.687,15.269
10374502,1839,2039,1844,-0.6988,0.1506,0.8194,23.599,11.762,15.124
10374512,2016,1884,2259,-0.6981,0.1705,0.8294,23.338,10.603,14.955
10374522,2062,2210,1853,-0.6963,0.1942,0.8296,22.441,9.593,14.589
10374532,2068,2219,2062,-0.6945,0.2111,0.8094,20.877,8.850,13.851
10374542,1504,1903,2217,-0.6976,0.2216,0.7738,19.167,8.364,12.647
10374552,2285,2144,1961,-0.7057,0.2220,0.7486,17.884,7.460,10.875
10374562,1635,1921,1944,-0.7153,0.2171,0.7354,16.974,5.704,8.514
10374572,1919,1839,2270,-0.7204,0.2131,0.7452,16.554,2.901,5.832
10374582,1604,1858,1830,-0.7170,0.2124,0.7780,15.789,-1.014,3.216
10374592,1898,1897,2282,-0.7089,0.2048,0.7904,14.385,-4.211,0.595
10374602,3160,2099,1853,-0.6983,0.1842,0.8020,12.101,-6.335,-1.977
10374612,1927,1882,2177,-0.6845,0.1619,0.8191,8.767,-8.223,-3.890
10374622,2057,2099,2037,-0.6756,0.1480,0.8117,5.321,-9.202,-4.795
10374632,1610,1840,1935,-0.6697,0.1365,0.8055,2.327,-9.690,-5.060
10374642,2414,1878,1945,-0.6621,0.1274,0.8313,-0.435,-10.811,-4.921
10374652,2449,1894,1803,-0.6565,0.1365,0.8611,-3.074,-11.949,-4.276
10374662,2471,1984,2211,-0.6549,0.1542,0.8731,-5.950,-12.208,-3.531
10374672,2039,2009,2223,-0.6533,0.1626,0.8740,-9.585,-11.895,-3.403
10374682,2327,2158,1883,-0.6521,0.1568,0.8695,-13.478,-11.438,-3.881
10374692,3225,1984,1853,-0.6538,0.1462,0.8649,-16.905,-10.985,-4.571
10374702,2814,1967,1823,-0.6593,0.1497,0.8568,-19.190,-10.704,-5.017
10374712,2126,1913,2263,-0.6647,0.1499,0.8417,-19.933,-10.239,-5.517
10374722,2031,2089,1935,-0.6628,0.1453,0.8511,-19.624,-10.239,-6.305
10374732,1504,1914,1863,-0.6572,0.1400,0.8761,-19.014,-10.646,-7.296
10374742,3806,1945,1842,-0.6493,0.1357,0.8959,-18.571,-10.643,-8.371
10374752,3361,2114,1908,-0.6435,0.1278,0.9029,-18.889,-10.160,-9.470
10374762,3586,2093,1841,-0.6440,0.1117,0.8984,-19.511,-9.390,-10.496
10374772,1900,2126,2244,-0.6482,0.0930,0.8888,-20.021,-8.731,-11.258
10374782,3041,2020,2316,-0.6540,0.0748,0.8667,-19.772,-8.035,-11.669
10374792,1782,2080,1868,-0.6525,0.0627,0.8614,-17.896,-8.422,-11.555
10374802,1582,1834,1861,-0.6463,0.0547,0.8901,-15.878,-9.453,-11.262
10374812,1801,1871,1821,-0.6392,0.0591,0.9268,-14.830,-10.466,-10.862
10374822,2556,1838,2671,-0.6389,0.0650,0.9238,-14.703,-10.132,-10.482
10374832,2803,2279,2166,-0.6421,0.0524,0.9140,-15.028,-9.009,-10.329
10374842,3529,2413,2069,-0.6452,0.0387,0.9202,-16.045,-8.886,-9.950
10374852,1905,2082,1911,-0.6526,0.0260,0.8952,-16.464,-8.312,-9.255
10374862,1907,1840,2005,-0.6578,0.0177,0.8660,-16.016,-7.602,-8.587
10374872,1507,1969,2352,-0.6554,0.0085,0.8677,-14.705,-7.934,-8.170
10374882,2384,2311,3007,-0.6469,0.0002,0.9058,-12.798,-8.839,-7.923
10374892,1642,1922,2314,-0.6432,0.0158,0.9540,-11.575,-9.739,-7.234
10374902,4018,1961,1986,-0.6450,0.0255,0.9430,-10.974,-8.756,-6.400
10374912,3773,1841,1886,-0.6466,0.0170,0.9268,-10.908,-7.003,-5.833
10374922,2939,1971,1857,-0.6470,0.0088,0.9337,-11.668,-6.660,-5.139
10374932,2901,2137,2430,-0.6519,0.0077,0.8970,-12.016,-5.944,-4.383
10374942,2402,2189,2761,-0.6512,-0.0042,0.8583,-10.917,-4.886,-3.911
10374952,1297,1858,1796,-0.6435,-0.0153,0.8808,-9.154,-5.641,-3.616
10374962,1997,1890,1969,-0.6387,-0.0051,0.9054,-6.959,-6.810,-3.026
10374972,2025,1859,2172,-0.6377,0.0047,0.8964,-4.605,-6.291,-2.607
10374982,1553,2093,1802,-0.6316,0.0040,0.9065,-2.970,-5.835,-2.418
10374992,1280,1854,1900,-0.6282,0.0010,0.9120,-2.320,-5.803,-2.049
10375002,3195,2063,1864,-0.6302,-0.0032,0.8914,-1.980,-5.116,-1.377
10375012,2333,2023,2001,-0.6316,-0.0072,0.8754,-1.732,-4.680,-0.671
10375022,128,1871,2076,-0.6289,-0.0125,0.8660,-0.850,-4.725,-0.173
10375032,468,1869,2476,-0.6238,-0.0144,0.8676,0.834,-4.880,0.080
10375042,970,2296,2312,-0.6198,0.0002,0.8878,2.873,-5.452,0.484
10375052,470,1954,1940,-0.6197,0.0168,0.8971,5.071,-5.405,0.891
10375062,1139,2037,2641,-0.6184,0.0247,0.9091,7.186,-4.657,1.116
10375072,1782,2233,1929,-0.6161,0.0302,0.9404,8.730,-4.342,1.386
10375082,201,1946,2081,-0.6133,0.0338,0.9343,9.304,-3.597,1.670
10375092,1844,2110,4095,-0.6135,0.0201,0.9104,10.085,-1.889,1.503
10375102,2402,2163,3792,-0.6096,-0.0050,0.9229,10.997,-1.205,1.040
10375112,1724,2278,1735,-0.6058,-0.0286,0.9343,12.695,-0.886,0.782
10375122,1544,1832,1756,-0.6048,-0.0504,0.9434,15.174,-0.327,0.754
10375132,715,2141,1465,-0.5998,-0.0575,0.9478,17.444,-0.482,1.117
10375142,2668,2539,2094,-0.6012,-0.0601,0.9148,21.153,0.468,1.772
10375152,1048,1926,2125,-0.5968,-0.0690,0.9083,26.083,1.008,2.503
10375162,2514,1858,1770,-0.5884,-0.0707,0.9130,30.700,0.364,3.511
10375172,1248,2168,1387,-0.5808,-0.0514,0.8902,34.956,0.155,5.149
10375182,1201,2027,1971,-0.5714,-0.0397,0.9637,37.488,-1.094,7.029
10375192,936,2032,1295,-0.5469,0.0194,1.1207,35.547,-4.927,10.213
10375202,1474,1881,1455,-0.5753,0.1243,1.1199,30.763,-0.843,14.733
10375212,2813,2046,1350,-0.6240,0.2420,0.9886,25.430,8.324,19.399
10375222,468,1879,1449,-0.6817,0.3417,0.7544,23.436,18.852,22.409
10375232,2105,2098,1425,-0.7507,0.3660,0.5751,27.474,26.673,22.637
10375242,1585,1973,1338,-0.7664,0.3289,0.5040,30.633,23.879,20.354
10375252,620,2129,1332,-0.7502,0.2848,0.5957,28.781,10.280,15.676
10375262,1051,1885,1320,-0.6756,0.2345,0.8476,20.604,-8.269,9.615
10375272,2010,2230,1756,-0.5913,0.1998,1.0155,7.076,-21.479,3.558
10375282,1410,1864,1388,-0.5444,0.1617,0.9939,-4.862,-20.416,-0.635
10375292,1079,1886,1420,-0.5499,0.1511,1.0215,-15.852,-17.006,-2.314
10375302,320,1871,1353,-0.5871,0.1418,1.0101,-25.592,-12.931,-2.611
10375312,322,1829,1392,-0.6182,0.1307,0.9426,-34.606,-7.840,-3.049
10375322,441,2037,1364,-0.6234,0.1140,0.8817,-42.989,-5.396,-3.719
10375332,2601,2060,1278,-0.6177,0.0777,0.8834,-48.931,-5.992,-4.668
10375342,1154,2076,1349,-0.6182,0.0462,0.9363,-51.820,-7.763,-5.457
10375352,201,1863,1287,-0.6269,0.0244,0.9245,-49.457,-6.292,-6.062
10375362,387,2094,1430,-0.6344,0.0001,0.9057,-42.152,-3.085,-6.857
10375372,349,1922,1292,-0.6311,-0.0054,0.9210,-32.439,-1.469,-7.534
10375382,305,2151,1342,-0.6332,-0.0001,0.9045,-21.448,0.504,-7.959
10375392,293,1830,1533,-0.6434,0.0097,0.8675,-10.741,2.992,-8.156
10375402,461,2045,1357,-0.6541,0.0180,0.8377,-1.433,4.414,-8.209
10375412,701,1899,1304,-0.6525,0.0247,0.8403,6.088,3.831,-7.983
10375422,207,1891,1411,-0.6428,0.0291,0.8605,11.258,1.850,-7.586
10375432,1028,1932,1299,-0.6353,0.0271,0.8671,14.442,0.237,-7.174
10375442,1143,2075,1503,-0.6321,0.0236,0.8817,16.249,-0.941,-6.710
10375452,1618,2170,1325,-0.6298,0.0322,0.9085,16.460,-2.378,-5.938
10375462,89,1990,1470,-0.6335,0.0463,0.9036,15.801,-2.769,-4.938
10375472,1517,1983,1372,-0.6416,0.0583,0.8879,14.197,-2.644,-3.920
10375482,367,1851,1503,-0.6491,0.0620,0.8784,11.702,-3.099,-3.002
10375492,693,1910,1346,-0.6491,0.0635,0.8812,8.790,-4.249,-2.136
10375502,62,1934,1374,-0.6432,0.0684,0.9020,5.871,-5.840,-1.264
10375512,396,1874,1305,-0.6388,0.0768,0.9192,3.279,-6.899,-0.602
10375522,394,1927,1301,-0.6366,0.0831,0.9252,1.620,-6.833,-0.357
10375532,292,1860,1389,-0.6348,0.0862,0.9313,0.646,-6.365,-0.468
10375542,546,2234,1297,-0.6355,0.0840,0.9203,0.199,-5.452,-0.805
10375552,309,1859,1328,-0.6384,0.0756,0.9039,0.227,-4.267,-1.183
10375562,380,1826,1700,-0.6357,0.0660,0.9090,0.279,-3.845,-1.385
10375572,823,1934,1401,-0.6306,0.0608,0.9156,0.328,-3.775,-1.425
10375582,229,1838,1372,-0.6259,0.0586,0.9127,0.825,-3.193,-1.461
10375592,1463,1860,1311,-0.6204,0.0594,0.9204,1.459,-2.658,-1.505
10375602,128,2001,1329,-0.6176,0.0580,0.9223,1.983,-2.079,-1.535
10375612,568,1944,1318,-0.6184,0.0540,0.9127,2.311,-1.113,-1.419
10375622,1803,1879,1393,-0.6201,0.0505,0.8979,2.085,-0.368,-1.111
10375632,133,1826,1345,-0.6226,0.0448,0.8835,1.615,-0.004,-0.783
10375642,234,1827,1466,-0.6231,0.0371,0.8763,1.255,-0.256,-0.452
10375652,124,1830,1511,-0.6210,0.0311,0.8801,1.300,-0.987,-0.066
10375662,1870,1840,1538,-0.6182,0.0354,0.8916,1.749,-1.877,0.492
10375672,1292,1955,1393,-0.6163,0.0445,0.9001,2.386,-2.521,1.072
10375682,572,1936,1423,-0.6167,0.0561,0.9022,3.063,-2.662,1.485
10375692,166,1838,1339,-0.6178,0.0661,0.8986,3.582,-2.569,1.649
10375702,574,1945,1378,-0.6199,0.0694,0.8880,4.048,-2.384,1.559
10375712,111,1836,1389,-0.6215,0.0652,0.8819,4.617,-2.367,1.351
10375722,139,1853,1409,-0.6213,0.0661,0.8878,5.163,-2.853,1.273
10375732,280,1940,1323,-0.6211,0.0719,0.8934,5.714,-3.409,1.312
10375742,264,1869,1425,-0.6187,0.0775,0.8992,6.201,-3.757,1.225
10375752,110,1871,1318,-0.6159,0.0821,0.9104,6.319,-4.074,1.004
10375762,800,1921,1376,-0.6145,0.0841,0.9163,6.078,-4.068,0.784
10375772,349,1868,1374,-0.6144,0.0859,0.9206,5.376,-3.898,0.665
10375782,373,1827,1386,-0.6154,0.0878,0.9192,4.242,-3.666,0.663
10375792,624,1837,1388,-0.6183,0.0855,0.9059,3.120,-3.192,0.639
10375802,120,1837,1384,-0.6189,0.0813,0.9059,2.119,-3.069,0.586
10375812,114,1890,1349,-0.6181,0.0811,0.9152,1.162,-3.475,0.641
10375822,176,1831,1320,-0.6177,0.0831,0.9141,0.408,-3.556,0.722
10375832,246,1926,1333,-0.6181,0.0852,0.9155,-0.324,-3.475,0.711
10375842,147,1852,1394,-0.6172,0.0849,0.9210,-1.086,-3.465,0.605
10375852,336,1838,1312,-0.6165,0.0819,0.9248,-1.663,-3.231,0.476
10375862,288,1832,1399,-0.6159,0.0798,0.9287,-2.035,-2.905,0.436
10375872,289,1828,1412,-0.6165,0.0786,0.9284,-2.218,-2.457,0.463
10375882,213,1862,1403,-0.6185,0.0770,0.9174,-2.100,-1.751,0.453
10375892,125,1840,1348,-0.6201,0.0733,0.9106,-1.802,-1.254,0.344
10375902,240,1825,1392,-0.6207,0.0704,0.9082,-1.448,-1.116,0.188
10375912,267,1871,1356,-0.6211,0.0722,0.9082,-0.974,-1.110,0.116
10375922,166,1866,1359,-0.6223,0.0771,0.9109,-0.540,-1.228,0.086
10375932,441,1823,1344,-0.6237,0.0834,0.9158,-0.239,-1.359,-0.021
10375942,404,1824,1396,-0.6250,0.0892,0.9159,-0.068,-1.348,-0.252
10375952,173,1929,1330,-0.6256,0.0944,0.9117,-0.046,-1.235,-0.569
10375962,242,1825,1370,-0.6279,0.0995,0.9040,-0.045,-1.087,-0.956
10375972,137,1824,1354,-0.6320,0.1024,0.8943,-0.012,-1.042,-1.478
10375982,135,1833,1377,-0.6370,0.1037,0.8830,0.072,-1.248,-2.205
10375992,396,1873,1348,-0.6391,0.1044,0.8749,0.206,-1.851,-3.112
10376002,233,1866,1405,-0.6366,0.1054,0.8734,0.467,-2.856,-4.108
10376012,144,1838,1355,-0.6333,0.1071,0.8801,0.767,-4.103,-5.047
10376022,176,1823,1422,-0.6300,0.1141,0.8952,1.011,-5.314,-5.761
10376032,157,1856,1343,-0.6254,0.1196,0.9104,1.049,-6.078,-6.410
10376042,220,1840,1412,-0.6217,0.1231,0.9199,0.785,-6.311,-7.101
10376052,324,1864,1351,-0.6212,0.1282,0.9256,0.319,-6.080,-7.781
10376062,238,1838,1393,-0.6229,0.1310,0.9277,-0.370,-5.621,-8.567
10376072,382,1826,1423,-0.6243,0.1315,0.9254,-1.083,-5.106,-9.507
10376082,220,1833,1404,-0.6274,0.1334,0.9181,-1.681,-4.605,-10.600
10376092,164,1871,1347,-0.6319,0.1343,0.9105,-2.156,-4.291,-11.921
10376102,149,1824,1402,-0.6343,0.1341,0.9039,-2.414,-4.219,-13.468
10376112,260,1920,1356,-0.6371,0.1343,0.8976,-2.362,-4.309,-15.196
10376122,151,1835,1405,-0.6390,0.1319,0.8936,-1.831,-4.552,-16.943
10376132,170,1842,1362,-0.6377,0.1310,0.8913,-0.910,-4.933,-18.680
10376142,205,1834,1382,-0.6356,0.1321,0.8906,0.436,-5.320,-20.304
10376152,586,1957,1365,-0.6359,0.1357,0.8932,1.852,-5.726,-21.878
10376162,194,1825,1407,-0.6358,0.1357,0.8961,3.124,-6.171,-23.497
10376172,210,1846,1414,-0.6349,0.1384,0.9006,4.118,-6.632,-25.197
10376182,410,1827,1419,-0.6335,0.1375,0.9060,4.738,-7.170,-26.981
10376192,248,1872,1379,-0.6325,0.1361,0.9134,4.914,-7.752,-28.763
10376202,192,1828,1444,-0.6319,0.1333,0.9156,4.576,-8.300,-30.537
10376212,237,1937,1357,-0.6311,0.1302,0.9178,3.836,-8.844,-32.306
10376222,303,1823,1418,-0.6309,0.1243,0.9182,2.723,-9.408,-34.068
10376232,184,1903,1392,-0.6305,0.1172,0.9171,1.359,-10.008,-35.837
10376242,306,1843,1426,-0.6292,0.1089,0.9162,-0.128,-10.654,-37.610
10376252,175,1902,1382,-0.6260,0.0986,0.9161,-1.623,-11.377,-39.356
10376262,180,1825,1436,-0.6222,0.0877,0.9178,-3.120,-12.156,-41.045
10376272,218,1980,1388,-0.6190,0.0757,0.9195,-4.492,-12.859,-42.628
10376282,338,1824,1422,-0.6165,0.0672,0.9196,-5.570,-13.487,-44.034
10376292,194,1972,1373,-0.6138,0.0558,0.9226,-6.299,-14.151,-45.279
10376302,421,1870,1442,-0.6111,0.0418,0.9261,-6.683,-14.819,-46.339
10376312,553,1829,1391,-0.6064,0.0294,0.9298,-6.854,-15.429,-47.151
10376322,217,1892,1445,-0.6012,0.0169,0.9302,-7.029,-15.983,-47.759
10376332,206,1825,1404,-0.5962,0.0038,0.9282,-7.282,-16.515,-48.238
10376342,193,1883,1430,-0.5903,-0.0097,0.9247,-7.461,-16.980,-48.595
10376352,335,1877,1398,-0.5844,-0.0224,0.9224,-7.556,-17.498,-48.845
10376362,197,1825,1454,-0.5794,-0.0350,0.9200,-7.564,-18.068,-49.053
10376372,223,1906,1392,-0.5752,-0.0471,0.9217,-7.313,-18.613,-49.185
10376382,196,1900,1453,-0.5690,-0.0560,0.9289,-6.773,-19.201,-49.157
10376392,255,1830,1396,-0.5632,-0.0612,0.9357,-5.984,-19.651,-48.953
10376402,359,1840,1460,-0.5579,-0.0644,0.9411,-5.199,-19.851,-48.668
10376412,212,1835,1427,-0.5530,-0.0674,0.9477,-4.641,-19.974,-48.424
10376422,203,1950,1444,-0.5494,-0.0699,0.9496,-4.243,-19.907,-48.306
10376432,401,1977,1393,-0.5466,-0.0714,0.9494,-3.751,-19.662,-48.373
10376442,511,1852,1440,-0.5449,-0.0742,0.9490,-3.012,-19.433,-48.668
10376452,207,1914,1414,-0.5439,-0.0759,0.9417,-1.800,-19.235,-49.206
10376462,215,1879,1472,-0.5450,-0.0749,0.9288,0.109,-19.047,-49.965
10376472,248,1949,1427,-0.5431,-0.0736,0.9188,3.598,-19.539,-51.447
10376482,366,1923,1459,-0.5399,-0.0718,0.9092,7.551,-20.129,-53.096
10376492,258,1831,1425,-0.5358,-0.0670,0.9049,11.799,-20.864,-54.848
10376502,213,1927,1459,-0.5314,-0.0618,0.9024,16.191,-21.717,-56.741
10376512,249,1831,1469,-0.5271,-0.0563,0.8959,20.644,-22.540,-58.823
10376522,395,1848,1461,-0.5215,-0.0533,0.8904,25.142,-23.434,-61.005
10376532,251,1933,1418,-0.5143,-0.0507,0.8874,29.487,-24.562,-63.178
10376542,228,1892,1455,-0.5065,-0.0487,0.8840,33.552,-25.918,-65.282
10376552,227,1880,1442,-0.5001,-0.0447,0.8828,37.038,-27.577,-67.240
10376562,236,1887,1469,-0.4934,-0.0389,0.8789,39.880,-29.432,-69.107
10376572,423,1895,1435,-0.4865,-0.0336,0.8781,41.958,-31.568,-70.959
10376582,265,1863,1485,-0.4787,-0.0287,0.8784,43.186,-34.017,-72.779
10376592,233,1985,1440,-0.4695,-0.0227,0.8809,43.508,-36.697,-74.517
10376602,284,1951,1480,-0.4604,-0.0175,0.8832,42.832,-39.588,-76.132
10376612,354,1947,1436,-0.4509,-0.0136,0.8793,41.271,-42.533,-77.674
10376622,313,1994,1358,-0.4413,-0.0119,0.8715,39.028,-45.502,-79.186
10376632,260,2129,1411,-0.4311,-0.0113,0.8683,36.219,-48.755,-80.603
10376642,256,1842,1487,-0.4198,-0.0129,0.8715,32.981,-52.274,-81.919
10376652,333,1939,1424,-0.4081,-0.0170,0.8780,29.579,-55.810,-83.198
10376662,318,1889,1486,-0.3889,-0.0250,0.8920,26.101,-59.418,-84.324
10376672,298,1961,1437,-0.3703,-0.0319,0.9138,22.437,-62.960,-85.171
10376682,244,1835,1510,-0.3500,-0.0393,0.9351,18.603,-66.139,-85.665
10376692,374,1964,1400,-0.3276,-0.0457,0.9505,14.588,-68.862,-85.886
10376702,407,1896,1479,-0.3069,-0.0535,0.9570,10.276,-71.028,-86.049
10376712,292,1915,1388,-0.2837,-0.0604,0.9707,5.735,-73.210,-86.288
10376722,267,1887,1422,-0.2580,-0.0724,0.9817,1.007,-75.300,-86.716
10376732,444,2084,1395,-0.2321,-0.0885,0.9937,-3.609,-77.040,-87.197
10376742,259,1883,1469,-0.2064,-0.1061,1.0128,-8.167,-78.488,-87.616
10376752,664,2000,1487,-0.1838,-0.1258,1.0233,-12.826,-79.272,-87.971
10376762,254,1884,1473,-0.1629,-0.1484,1.0307,-17.457,-79.382,-88.305
10376772,282,2029,1412,-0.1424,-0.1760,1.0403,-21.888,-79.227,-88.574
10376782,458,1823,1521,-0.1208,-0.2065,1.0466,-25.785,-78.720,-88.651
10376792,283,2382,1379,-0.1011,-0.2333,1.0508,-28.830,-77.961,-88.417
10376802,282,1845,1454,-0.0803,-0.2638,1.0527,-30.686,-77.069,-87.776
10376812,472,2002,1389,-0.0647,-0.2813,1.0525,-31.363,-76.073,-86.627
10376822,266,1892,1447,-0.0514,-0.3041,1.0362,-30.939,-74.907,-85.201
10376832,607,1980,1412,-0.0393,-0.3195,1.0281,-29.126,-73.899,-83.701
10376842,274,1873,1511,-0.0313,-0.3243,1.0228,-26.057,-73.265,-82.051
10376852,382,1931,1420,-0.0232,-0.3312,1.0190,-21.838,-72.679,-80.652
10376862,540,1864,1433,-0.0128,-0.3325,1.0206,-17.007,-72.398,-79.669
10376872,367,1958,1409,-0.0038,-0.3334,1.0220,-11.474,-72.061,-79.012
10376882,316,1885,1494,0.0089,-0.3346,1.0283,-5.479,-71.900,-78.648
10376892,363,1956,1429,0.0186,-0.3326,1.0240,0.743,-71.807,-78.401
10376902,348,1960,1435,0.0261,-0.3302,1.0271,7.227,-71.958,-78.235
10376912,403,1956,1429,0.0376,-0.3295,1.0408,13.818,-72.531,-78.226
10376922,339,1894,1476,0.0540,-0.3215,1.0553,20.447,-73.029,-78.314
10376932,354,2005,1433,0.0753,-0.3127,1.0736,26.867,-73.307,-78.431
10376942,290,1885,1463,0.0966,-0.2999,1.0928,32.802,-73.289,-78.444
10376952,468,1917,1421,0.1197,-0.2894,1.1126,38.005,-73.174,-78.143
10376962,486,1820,1533,0.1410,-0.2717,1.1280,42.140,-72.771,-77.344
10376972,322,1875,1465,0.1598,-0.2586,1.1456,45.048,-72.190,-76.183
10376982,438,1922,1430,0.1771,-0.2462,1.1610,46.514,-71.505,-74.733
10376992,305,1902,1451,0.1928,-0.2380,1.1675,46.560,-70.483,-73.043
10377002,325,1876,1451,0.2060,-0.2304,1.1686,45.382,-69.331,-71.187
10377012,297,1869,1501,0.2198,-0.2270,1.1719,43.291,-68.185,-69.166
10377022,294,1918,1438,0.2342,-0.2223,1.1722,40.768,-66.963,-66.924
10377032,580,1936,1407,0.2499,-0.2207,1.1747,38.075,-65.692,-64.556
10377042,344,1856,1472,0.2668,-0.2158,1.1812,35.337,-64.329,-62.052
10377052,438,1981,1372,0.2827,-0.2110,1.1946,32.585,-62.730,-59.436
10377062,910,2005,1427,0.3004,-0.2092,1.2060,29.701,-60.820,-56.729
10377072,380,1850,1468,0.3159,-0.2042,1.2140,26.691,-58.587,-53.936
10377082,344,1872,1470,0.3257,-0.2026,1.2211,23.601,-56.151,-51.063
10377092,427,1950,1418,0.3339,-0.2050,1.2236,20.360,-53.453,-48.163
10377102,380,1855,1502,0.3405,-0.2036,1.2262,17.124,-50.666,-45.091
10377112,313,1904,1427,0.3459,-0.2033,1.2250,13.938,-47.789,-41.894
10377122,451,1866,1460,0.3488,-0.2028,1.2175,10.887,-44.762,-38.593
10377132,416,1932,1426,0.3497,-0.2010,1.2095,8.147,-41.844,-35.125
10377142,362,1908,1480,0.3477,-0.2002,1.2014,5.757,-39.162,-31.550
10377152,477,1897,1458,0.3458,-0.1996,1.1966,3.622,-36.912,-27.991
10377162,445,1897,1479,0.3443,-0.2001,1.1893,1.730,-34.871,-24.605
10377172,320,1915,1447,0.3437,-0.2016,1.1851,0.122,-33.126,-21.405
10377182,653,1895,1463,0.3428,-0.2043,1.1769,-1.042,-31.554,-18.332
10377192,651,1859,1406,0.3413,-0.2053,1.1731,-1.652,-30.131,-15.372
10377202,445,1857,1458,0.3468,-0.1946,1.1643,-1.622,-28.863,-12.539
10377212,470,1945,1435,0.3449,-0.1983,1.1572,-0.628,-27.655,-10.195
10377222,480,1904,1458,0.3422,-0.1946,1.1499,1.317,-26.527,-8.227
10377232,401,1905,1458,0.3367,-0.1874,1.1450,4.141,-25.488,-6.481
10377242,399,1838,1492,0.3317,-0.1773,1.1418,7.432,-24.666,-5.139
10377252,377,1898,1425,0.3249,-0.1668,1.1358,10.783,-23.788,-4.291
10377262,433,1828,1498,0.3206,-0.1540,1.1322,14.169,-23.066,-3.809
10377272,454,1918,1387,0.3168,-0.1417,1.1267,17.510,-22.475,-3.618
10377282,491,1813,1492,0.3156,-0.1304,1.1233,20.560,-22.052,-3.699
10377292,433,1839,1460,0.3165,-0.1160,1.1249,23.218,-21.864,-3.979
10377302,682,1869,1468,0.3177,-0.1085,1.1217,25.337,-21.550,-4.421
10377312,480,1855,1455,0.3186,-0.0995,1.1227,26.807,-21.186,-4.870
10377322,476,1882,1435,0.3188,-0.0884,1.1244,27.645,-20.735,-5.188
10377332,468,1895,1422,0.3181,-0.0743,1.1257,27.798,-20.152,-5.432
10377342,361,1843,1443,0.3163,-0.0546,1.1194,27.326,-19.288,-5.781
10377352,393,1872,1431,0.3206,-0.0459,1.1328,26.126,-18.787,-6.477
10377362,443,1814,1470,0.3269,-0.0299,1.1426,24.246,-18.857,-7.241
10377372,338,1898,1428,0.3299,-0.0174,1.1247,21.465,-17.883,-8.007
10377382,375,1830,1461,0.3330,-0.0119,1.1289,17.900,-17.743,-8.764
10377392,626,1903,1412,0.3361,-0.0119,1.1212,13.696,-17.704,-9.474
10377402,352,1840,1433,0.3447,-0.0187,1.1319,9.046,-17.659,-10.086
10377412,381,1875,1421,0.3559,-0.0286,1.1482,4.015,-17.388,-10.577
10377422,719,1830,1492,0.3699,-0.0389,1.1472,-0.952,-16.224,-10.718
10377432,858,1864,1393,0.3821,-0.0423,1.1552,-5.277,-14.831,-10.278
10377442,472,1842,1426,0.3898,-0.0567,1.1624,-9.085,-13.583,-9.429
10377452,381,1892,1394,0.3934,-0.0719,1.1567,-12.171,-11.956,-8.367
10377462,399,1849,1400,0.3937,-0.0843,1.1473,-14.420,-10.532,-7.196
10377472,374,1921,1399,0.3940,-0.0943,1.1300,-15.431,-9.360,-6.139
10377482,464,1827,1492,0.3954,-0.1014,1.1207,-15.155,-8.494,-5.328
10377492,459,1914,1391,0.3953,-0.1006,1.1123,-13.433,-7.845,-4.725
10377502,367,1860,1420,0.3938,-0.0947,1.1016,-10.547,-7.156,-4.391
10377512,563,1899,1392,0.3931,-0.0882,1.1002,-7.070,-6.862,-4.392
10377522,438,1869,1449,0.3929,-0.0823,1.1069,-3.344,-6.930,-4.749
10377532,447,1951,1395,0.3943,-0.0758,1.1147,0.240,-7.014,-5.402
10377542,437,1859,1453,0.3961,-0.0706,1.1291,3.563,-7.061,-6.231
10377552,382,1885,1409,0.3974,-0.0683,1.1437,6.648,-6.891,-7.071
10377562,435,1841,1439,0.3964,-0.0686,1.1566,9.460,-6.253,-7.741
10377572,576,1901,1399,0.3940,-0.0695,1.1637,12.052,-5.220,-8.082
10377582,368,1827,1448,0.3885,-0.0687,1.1641,14.260,-3.822,-8.068
10377592,509,1912,1429,0.3831,-0.0663,1.1602,16.038,-2.367,-7.747
10377602,386,1839,1431,0.3774,-0.0616,1.1497,17.431,-1.003,-7.269
10377612,377,1871,1414,0.3730,-0.0567,1.1371,18.497,0.094,-6.797
10377622,409,1844,1432,0.3697,-0.0523,1.1226,19.281,0.978,-6.485
10377632,507,1896,1472,0.3677,-0.0492,1.1127,19.702,1.565,-6.330
10377642,380,1849,1482,0.3654,-0.0450,1.0993,19.704,2.049,-6.227
10377652,438,1896,1415,0.3629,-0.0389,1.0922,19.285,2.373,-6.090
10377662,523,1858,1442,0.3607,-0.0331,1.0872,18.363,2.521,-5.871
10377672,429,1839,1455,0.3592,-0.0260,1.0794,17.023,2.741,-5.549
10377682,552,1814,1450,0.3573,-0.0164,1.0754,15.292,2.819,-5.166
10377692,452,1902,1430,0.3595,-0.0103,1.0637,13.358,2.844,-4.772
10377702,418,1839,1466,0.3586,-0.0068,1.0624,11.312,2.914,-4.428
10377712,384,1870,1407,0.3597,-0.0039,1.0732,9.131,2.475,-4.071
10377722,430,1855,1430,0.3621,-0.0010,1.0749,6.651,2.186,-3.729
10377732,462,1884,1415,0.3653,0.0004,1.0833,3.737,1.826,-3.465
10377742,405,1840,1432,0.3684,-0.0046,1.0880,0.517,1.461,-3.227
10377752,476,1919,1428,0.3695,-0.0097,1.0918,-2.735,1.234,-2.858
10377762,393,1843,1413,0.3712,-0.0118,1.0956,-5.723,1.013,-2.259
10377772,482,1891,1438,0.3717,-0.0137,1.0955,-8.399,0.880,-1.523
10377782,407,1830,1404,0.3730,-0.0170,1.0945,-10.709,0.698,-0.802
10377792,546,1905,1481,0.3719,-0.0192,1.0927,-12.676,0.535,-0.171
10377802,470,1825,1430,0.3708,-0.0189,1.0940,-14.224,0.217,0.313
10377812,467,1893,1421,0.3682,-0.0198,1.0974,-15.398,-0.128,0.565
10377822,428,1851,1419,0.3663,-0.0203,1.1015,-16.147,-0.377,0.574
10377832,421,1857,1422,0.3651,-0.0264,1.1026,-16.393,-0.492,0.395
10377842,410,1815,1507,0.3624,-0.0353,1.1030,-16.138,-0.440,0.147
10377852,441,1855,1425,0.3612,-0.0439,1.1004,-15.406,-0.286,-0.026
10377862,420,1833,1442,0.3598,-0.0518,1.0978,-14.423,-0.143,-0.109
10377872,407,1852,1419,0.3588,-0.0575,1.0981,-13.327,-0.085,-0.172
10377882,422,1829,1484,0.3593,-0.0629,1.0952,-12.108,0.035,-0.337
10377892,467,1868,1457,0.3609,-0.0670,1.0949,-10.724,0.141,-0.592
10377902,519,1823,1468,0.3613,-0.0688,1.0933,-9.206,0.268,-0.860
10377912,430,1878,1418,0.3609,-0.0691,1.0923,-7.631,0.421,-1.082
10377922,464,1832,1411,0.3602,-0.0686,1.0933,-6.165,0.560,-1.246
10377932,466,1878,1413,0.3588,-0.0679,1.0940,-4.914,0.677,-1.348
10377942,539,1859,1408,0.3572,-0.0649,1.0937,-3.906,0.832,-1.397
10377952,477,1873,1419,0.3552,-0.0631,1.0935,-3.159,0.961,-1.403
10377962,431,1843,1471,0.3539,-0.0605,1.0929,-2.542,1.026,-1.349
10377972,495,1914,1414,0.3525,-0.0590,1.0941,-2.017,1.036,-1.270
10377982,440,1852,1429,0.3523,-0.0576,1.0932,-1.544,0.978,-1.150
10377992,484,1883,1411,0.3532,-0.0555,1.0941,-1.180,0.847,-0.998
10378002,555,1858,1419,0.3532,-0.0551,1.0926,-0.990,0.699,-0.809
10378012,479,1895,1425,0.3532,-0.0530,1.0916,-0.898,0.545,-0.589
10378022,511,1865,1475,0.3532,-0.0508,1.0919,-0.878,0.393,-0.336
10378032,533,1876,1413,0.3526,-0.0495,1.0901,-0.854,0.306,-0.094
10378042,475,1819,1474,0.3513,-0.0491,1.0874,-0.887,0.317,0.112
10378052,531,1939,1443,0.3514,-0.0485,1.0891,-0.942,0.280,0.316
10378062,452,1864,1468,0.3516,-0.0488,1.0876,-1.078,0.235,0.515
10378072,571,1873,1432,0.3522,-0.0497,1.0877,-1.344,0.195,0.714
10378082,439,1840,1453,0.3517,-0.0491,1.0890,-1.717,0.129,0.932
10378092,447,1874,1420,0.3520,-0.0498,1.0898,-2.193,0.044,1.155
10378102,481,1847,1472,0.3521,-0.0504,1.0871,-2.683,0.028,1.345
10378112,508,1871,1459,0.3514,-0.0496,1.0862,-3.240,-0.029,1.523
10378122,540,1843,1530,0.3498,-0.0496,1.0848,-3.840,-0.041,1.677
10378132,440,1871,1442,0.3485,-0.0492,1.0857,-4.468,-0.084,1.798
10378142,441,1836,1461,0.3479,-0.0518,1.0892,-5.403,-0.215,1.907
10378152,506,1878,1429,0.3471,-0.0560,1.0949,-6.471,-0.428,2.020
10378162,532,1849,1483,0.3465,-0.0601,1.0962,-7.553,-0.583,2.137
10378172,598,1894,1420,0.3448,-0.0638,1.0950,-8.463,-0.736,2.233
10378182,473,1841,1473,0.3437,-0.0677,1.0949,-9.115,-0.949,2.278
10378192,534,1870,1437,0.3454,-0.0727,1.0954,-9.427,-1.177,2.253
10378202,598,1856,1427,0.3473,-0.0780,1.0939,-9.402,-1.283,2.198
10378212,548,1920,1424,0.3494,-0.0816,1.0937,-9.064,-1.315,2.148
10378222,458,1845,1434,0.3501,-0.0841,1.0909,-8.409,-1.282,2.091
10378232,519,1902,1439,0.3521,-0.0857,1.0889,-7.487,-1.181,1.995
10378242,485,1838,1479,0.3535,-0.0880,1.0873,-6.434,-1.082,1.812
10378252,519,1904,1426,0.3556,-0.0893,1.0870,-5.354,-0.891,1.561
10378262,468,1859,1457,0.3571,-0.0895,1.0858,-4.365,-0.621,1.289
10378272,562,1864,1431,0.3581,-0.0882,1.0830,-3.485,-0.247,1.016
10378282,476,1836,1466,0.3587,-0.0861,1.0825,-2.752,0.128,0.718
10378292,476,1857,1444,0.3587,-0.0841,1.0784,-2.214,0.500,0.394
10378302,471,1847,1460,0.3581,-0.0813,1.0782,-1.894,0.878,0.062
10378312,518,1838,1509,0.3571,-0.0798,1.0812,-1.808,1.156,-0.253
10378322,522,1830,1512,0.3564,-0.0805,1.0834,-1.978,1.381,-0.527
10378332,515,1849,1462,0.3549,-0.0785,1.0842,-2.386,1.574,-0.714
10378342,509,1827,1495,0.3513,-0.0779,1.0869,-3.041,1.664,-0.812
10378352,579,1881,1432,0.3484,-0.0774,1.0899,-3.815,1.619,-0.871
10378362,508,1843,1478,0.3466,-0.0778,1.0916,-4.638,1.518,-0.897
10378372,523,1913,1487,0.3452,-0.0785,1.0935,-5.474,1.366,-0.891
10378382,489,1848,1477,0.3434,-0.0803,1.0954,-6.236,1.164,-0.855
10378392,546,1886,1425,0.3427,-0.0830,1.0959,-6.758,0.922,-0.815
10378402,494,1819,1502,0.3423,-0.0863,1.0953,-6.961,0.637,-0.778
10378412,569,1902,1443,0.3424,-0.0903,1.0945,-6.808,0.338,-0.758
10378422,488,1828,1465,0.3428,-0.0937,1.0938,-6.293,0.030,-0.767
10378432,545,1878,1428,0.3417,-0.0956,1.0946,-5.441,-0.290,-0.800
10378442,511,1825,1463,0.3415,-0.0975,1.0934,-4.344,-0.510,-0.879
10378452,531,1871,1444,0.3416,-0.0976,1.0947,-3.148,-0.682,-0.969
10378462,484,1823,1502,0.3413,-0.0970,1.0949,-1.975,-0.860,-1.068
10378472,530,1859,1429,0.3410,-0.0953,1.0929,-0.909,-0.970,-1.156
10378482,524,1830,1495,0.3418,-0.0947,1.0938,-0.010,-1.088,-1.236
10378492,595,1903,1440,0.3430,-0.0942,1.0920,0.689,-1.200,-1.311
10378502,509,1830,1451,0.3443,-0.0923,1.0917,1.220,-1.314,-1.378
10378512,588,1865,1458,0.3456,-0.0900,1.0916,1.588,-1.440,-1.452
10378522,550,1856,1495,0.3475,-0.0889,1.0896,1.821,-1.541,-1.556
10378532,646,1952,1435,0.3475,-0.0881,1.0873,1.908,-1.681,-1.658
10378542,571,1853,1493,0.3488,-0.0876,1.0889,1.913,-1.831,-1.719
10378552,595,1935,1496,0.3488,-0.0865,1.0903,1.843,-1.991,-1.713
10378562,500,1833,1475,0.3485,-0.0854,1.0897,1.784,-2.118,-1.660
10378572,547,1852,1445,0.3472,-0.0853,1.0901,1.747,-2.262,-1.589
10378582,543,1859,1489,0.3462,-0.0852,1.0893,1.669,-2.401,-1.510
10378592,591,1901,1434,0.3458,-0.0837,1.0904,1.559,-2.556,-1.441
10378602,504,1864,1444,0.3452,-0.0832,1.0882,1.394,-2.658,-1.408
10378612,562,1869,1471,0.3451,-0.0831,1.0889,1.249,-2.740,-1.406
10378622,502,1823,1534,0.3463,-0.0832,1.0887,1.170,-2.765,-1.396
10378632,576,1858,1476,0.3475,-0.0850,1.0883,1.158,-2.729,-1.371
10378642,538,1849,1497,0.3498,-0.0859,1.0875,1.182,-2.661,-1.336
10378652,559,1888,1469,0.3515,-0.0871,1.0848,1.224,-2.493,-1.275
10378662,542,1838,1475,0.3535,-0.0879,1.0832,1.310,-2.306,-1.218
10378672,592,1906,1563,0.3553,-0.0866,1.0815,1.478,-1.986,-1.193
10378682,533,1852,1451,0.3560,-0.0852,1.0801,1.715,-1.665,-1.216
10378692,632,1886,1449,0.3570,-0.0838,1.0773,2.034,-1.301,-1.263
10378702,521,1852,1441,0.3564,-0.0821,1.0772,2.301,-0.863,-1.308
10378712,622,1876,1472,0.3561,-0.0799,1.0794,2.400,-0.495,-1.345
10378722,578,1868,1441,0.3555,-0.0776,1.0796,2.251,-0.082,-1.371
10378732,553,1840,1478,0.3547,-0.0751,1.0808,1.896,0.264,-1.382
10378742,539,1848,1462,0.3548,-0.0747,1.0836,1.350,0.523,-1.407
10378752,630,1906,1453,0.3530,-0.0739,1.0847,0.638,0.763,-1.406
10378762,551,1848,1480,0.3514,-0.0733,1.0844,-0.240,0.911,-1.380
10378772,592,1824,1457,0.3494,-0.0747,1.0862,-1.229,0.994,-1.383
10378782,545,1836,1515,0.3468,-0.0756,1.0866,-2.309,0.976,-1.394
10378792,577,1887,1443,0.3461,-0.0778,1.0902,-3.421,0.868,-1.387
10378802,573,1865,1487,0.3458,-0.0796,1.0923,-4.540,0.738,-1.389
10378812,588,1871,1496,0.3452,-0.0817,1.0930,-5.489,0.575,-1.393
10378822,550,1849,1485,0.3448,-0.0845,1.0938,-6.172,0.400,-1.411
10378832,560,1855,1462,0.3447,-0.0876,1.0932,-6.488,0.219,-1.465
10378842,555,1844,1482,0.3436,-0.0911,1.0929,-6.425,0.057,-1.526
10378852,626,1882,1466,0.3435,-0.0943,1.0926,-6.014,-0.064,-1.605
10378862,561,1870,1499,0.3428,-0.0957,1.0915,-5.340,-0.174,-1.677
10378872,620,1874,1489,0.3431,-0.0959,1.0899,-4.402,-0.283,-1.735
10378882,559,1846,1518,0.3437,-0.0951,1.0906,-3.310,-0.374,-1.779
10378892,611,1869,1448,0.3437,-0.0931,1.0892,-2.156,-0.413,-1.767
10378902,543,1839,1485,0.3438,-0.0902,1.0869,-1.067,-0.411,-1.703
10378912,606,1874,1467,0.3440,-0.0881,1.0868,-0.187,-0.475,-1.606
10378922,562,1844,1486,0.3449,-0.0862,1.0886,0.378,-0.561,-1.486
10378932,637,1892,1449,0.3462,-0.0853,1.0882,0.637,-0.613,-1.334
10378942,577,1889,1454,0.3469,-0.0838,1.0873,0.579,-0.686,-1.117
10378952,638,1863,1479,0.3465,-0.0827,1.0857,0.325,-0.815,-0.866
10378962,557,1842,1492,0.3451,-0.0803,1.0854,-0.105,-0.934,-0.621
10378972,613,1881,1473,0.3443,-0.0788,1.0868,-0.639,-1.109,-0.430
10378982,567,1836,1516,0.3437,-0.0788,1.0889,-1.184,-1.264,-0.289
10378992,574,1866,1468,0.3434,-0.0807,1.0897,-1.728,-1.420,-0.170
10379002,595,1851,1512,0.3428,-0.0831,1.0901,-2.218,-1.589,-0.046
10379012,629,1874,1457,0.3419,-0.0853,1.0909,-2.635,-1.783,0.062
10379022,575,1859,1485,0.3422,-0.0877,1.0897,-2.890,-1.958,0.146
10379032,610,1875,1454,0.3428,-0.0902,1.0895,-2.981,-2.095,0.195
10379042,572,1835,1454,0.3446,-0.0927,1.0887,-2.856,-2.209,0.238
10379052,635,1875,1454,0.3462,-0.0932,1.0879,-2.547,-2.231,0.264
