1626,1.1236,-0.135,0.014,0.446
1472172,1371,1864,1820,0.1524,0.1623,1.1247,-0.282,-0.022,0.462
1472182,1359,1881,1802,0.1524,0.1623,1.1245,-0.326,-0.043,0.455
1472192,1376,1858,1830,0.1519,0.1617,1.1245,-0.209,-0.057,0.375
1472202,1372,1890,1800,0.1523,0.1613,1.1222,0.034,-0.025,0.259
1472212,1357,1862,1838,0.1517,0.1612,1.1210,0.301,-0.003,0.159
1472222,1362,1894,1787,0.1514,0.1614,1.1209,0.537,-0.028,0.097
1472232,1377,1867,1816,0.1510,0.1627,1.1224,0.734,-0.077,0.107
1472242,1358,1896,1787,0.1513,0.1635,1.1249,0.860,-0.145,0.137
1472252,1379,1862,1826,0.1508,0.1651,1.1248,0.958,-0.135,0.169
1472262,1367,1905,1786,0.1511,0.1666,1.1266,0.998,-0.132,0.178
1472272,1361,1869,1823,0.1519,0.1674,1.1260,0.940,-0.121,0.168
1472282,1373,1895,1785,0.1515,0.1676,1.1258,0.769,-0.098,0.173
1472292,1360,1884,1809,0.1520,0.1675,1.1260,0.490,-0.127,0.198
1472302,1358,1904,1785,0.1516,0.1669,1.1274,0.170,-0.174,0.219
1472312,1365,1877,1806,0.1516,0.1666,1.1283,-0.115,-0.205,0.227
1472322,1360,1892,1787,0.1512,0.1653,1.1278,-0.254,-0.188,0.215
1472332,1383,1859,1805,0.1510,0.1645,1.1272,-0.329,-0.163,0.186
1472342,1363,1901,1784,0.1509,0.1635,1.1264,-0.380,-0.132,0.176
1472352,1387,1870,1794,0.1501,0.1628,1.1254,-0.427,-0.129,0.196
1472362,1358,1915,1787,0.1497,0.1630,1.1262,-0.464,-0.160,0.215
1472372,1378,1871,1789,0.1496,0.1625,1.1260,-0.442,-0.168,0.224
1472382,1359,1909,1805,0.1505,0.1629,1.1264,-0.330,-0.177,0.211
1472392,1394,1874,1784,0.1511,0.1637,1.1267,-0.167,-0.199,0.198
1472402,1362,1915,1791,0.1517,0.1645,1.1277,-0.027,-0.214,0.170
1472412,1377,1874,1788,0.1531,0.1656,1.1278,0.013,-0.201,0.151
1472422,1366,1924,1798,0.1539,0.1664,1.1275,-0.059,-0.168,0.130
1472432,1378,1893,1789,0.1538,0.1666,1.1282,-0.238,-0.160,0.115
1472442,1360,1921,1830,0.1542,0.1661,1.1264,-0.468,-0.181,0.118
1472452,1390,1886,1785,0.1545,0.1658,1.1268,-0.720,-0.216,0.120
1472462,1369,1935,1819,0.1555,0.1655,1.1266,-0.941,-0.244,0.116
1472472,1366,1880,1790,0.1552,0.1648,1.1268,-1.114,-0.235,0.134
1472482,1371,1922,1816,0.1550,0.1636,1.1286,-1.246,-0.253,0.139
1472492,1369,1882,1790,0.1548,0.1621,1.1289,-1.348,-0.265,0.142
1472502,1442,1932,1821,0.1538,0.1617,1.1289,-1.417,-0.257,0.156
1472512,1402,1880,1805,0.1524,0.1624,1.1290,-1.441,-0.282,0.212
1472522,1374,1910,1836,0.1514,0.1630,1.1298,-1.457,-0.335,0.243
1472532,1367,1871,1793,0.1513,0.1625,1.1291,-1.499,-0.345,0.219
1472542,1396,1908,1827,0.1516,0.1623,1.1302,-1.595,-0.370,0.167
1472552,1548,1876,1807,0.1516,0.1624,1.1298,-1.725,-0.409,0.112
1472562,1387,1915,1835,0.1517,0.1628,1.1294,-1.876,-0.423,0.067
1472572,1373,1880,1813,0.1528,0.1629,1.1287,-2.051,-0.486,0.035
1472582,1370,1963,1890,0.1533,0.1624,1.1302,-2.235,-0.567,-0.013
1472592,1416,1876,1806,0.1541,0.1621,1.1308,-2.407,-0.609,-0.073
1472602,1385,1929,1865,0.1540,0.1618,1.1301,-2.567,-0.613,-0.129
1472612,1392,1941,1849,0.1536,0.1613,1.1303,-2.696,-0.597,-0.157
1472622,1388,1924,1857,0.1528,0.1592,1.1296,-2.816,-0.537,-0.173
1472632,1432,1888,1831,0.1527,0.1579,1.1296,-2.947,-0.447,-0.175
1472642,1382,1944,1864,0.1522,0.1568,1.1279,-3.088,-0.403,-0.163
1472652,1419,1893,1839,0.1513,0.1561,1.1274,-3.205,-0.379,-0.118
1472662,1382,1933,1864,0.1515,0.1546,1.1262,-3.264,-0.379,-0.079
1472672,1416,1910,1844,0.1518,0.1531,1.1243,-3.169,-0.367,-0.022
1472682,1383,1950,1888,0.1536,0.1529,1.1253,-2.986,-0.397,0.036
1472692,1433,1900,1852,0.1548,0.1525,1.1239,-2.710,-0.377,0.083
1472702,1390,1932,1882,0.1553,0.1518,1.1252,-2.407,-0.353,0.108
1472712,1419,1892,1829,0.1553,0.1516,1.1245,-2.100,-0.305,0.114
1472722,1388,1918,1886,0.1551,0.1515,1.1228,-1.789,-0.239,0.117
1472732,1400,1910,1851,0.1542,0.1520,1.1231,-1.499,-0.207,0.138
1472742,1385,1938,1903,0.1538,0.1518,1.1248,-1.273,-0.185,0.191
1472752,1419,1904,1869,0.1534,0.1513,1.1244,-1.101,-0.166,0.281
1472762,1382,1953,1897,0.1527,0.1518,1.1253,-0.988,-0.148,0.388
1472772,1434,1931,1867,0.1516,0.1511,1.1257,-0.874,-0.130,0.480
1472782,1392,1946,1911,0.1516,0.1512,1.1273,-0.802,-0.159,0.527
1472792,1436,1904,1846,0.1513,0.1518,1.1259,-0.673,-0.145,0.535
1472802,1416,1908,1879,0.1516,0.1520,1.1267,-0.519,-0.106,0.500
1472812,1432,1904,1854,0.1516,0.1523,1.1273,-0.345,-0.069,0.473
1472822,1403,1946,1918,0.1522,0.1522,1.1274,-0.196,-0.066,0.456
1472832,1443,1906,1869,0.1514,0.1521,1.1270,-0.107,-0.060,0.447
1472842,1397,1930,1914,0.1517,0.1517,1.1267,-0.043,-0.061,0.462
1472852,1460,1904,1885,0.1517,0.1514,1.1263,0.015,-0.059,0.476
1472862,1407,1949,1928,0.1519,0.1513,1.1262,0.114,-0.050,0.477
1472872,1433,1905,1929,0.1516,0.1518,1.1255,0.231,-0.072,0.452
1472882,1409,1945,1936,0.1510,0.1529,1.1257,0.433,-0.074,0.399
1472892,1467,1907,1894,0.1510,0.1525,1.1274,0.685,-0.066,0.333
1472902,1404,1940,1928,0.1522,0.1513,1.1270,0.924,-0.043,0.286
1472912,1449,1915,1895,0.1515,0.1517,1.1266,1.127,-0.049,0.289
1472922,1391,1952,1936,0.1513,0.1534,1.1257,1.318,-0.090,0.324
1472932,1429,1893,1883,0.1519,0.1565,1.1279,1.501,-0.112,0.352
1472942,1385,1917,1951,0.1519,0.1574,1.1240,1.605,-0.053,0.355
1472952,1448,1900,1893,0.1511,0.1583,1.1207,1.644,-0.001,0.308
1472962,1390,1931,1925,0.1512,0.1570,1.1250,1.475,-0.206,0.222
1472972,1419,1893,1887,0.1529,0.1553,1.1281,1.275,-0.316,0.161
1472982,1390,1915,1936,0.1541,0.1568,1.1295,1.279,-0.295,0.167
1472992,1442,1905,1908,0.1547,0.1605,1.1296,1.475,-0.231,0.204
1473002,1392,1931,1938,0.1542,0.1616,1.1280,1.759,-0.109,0.189
1473012,1433,1880,1873,0.1536,0.1613,1.1279,1.867,-0.063,0.133
1473022,1390,1918,1915,0.1533,0.1611,1.1260,1.703,-0.053,0.112
1473032,1430,1891,1876,0.1532,0.1612,1.1264,1.234,-0.115,0.189
1473042,1384,1917,1921,0.1536,0.1610,1.1269,0.619,-0.212,0.327
1473052,1437,1902,1890,0.1532,0.1600,1.1270,0.073,-0.292,0.454
1473062,1391,1915,1923,0.1524,0.1582,1.1285,-0.238,-0.332,0.528
1473072,1404,1875,1875,0.1521,0.1572,1.1286,-0.263,-0.285,0.560
1473082,1394,1902,1920,0.1507,0.1558,1.1264,-0.124,-0.203,0.557
1473092,1424,1874,1886,0.1501,0.1560,1.1261,0.024,-0.139,0.576
1473102,1396,1900,1932,0.1502,0.1563,1.1252,0.103,-0.126,0.609
1473112,1407,1878,1885,0.1512,0.1571,1.1257,0.100,-0.159,0.650
1473122,1399,1930,1965,0.1520,0.1581,1.1275,0.076,-0.195,0.645
1473132,1420,1881,1912,0.1531,0.1589,1.1260,0.122,-0.205,0.577
1473142,1394,1913,1941,0.1546,0.1598,1.1263,0.219,-0.203,0.480
1473152,1433,1884,1899,0.1548,0.1597,1.1270,0.307,-0.182,0.382
1473162,1392,1910,1935,0.1542,0.1596,1.1254,0.300,-0.136,0.346
1473172,1409,1873,1910,0.1537,0.1584,1.1260,0.163,-0.090,0.368
1473182,1396,1903,1949,0.1528,0.1593,1.1267,-0.058,-0.105,0.421
1473192,1427,1871,1887,0.1513,0.1594,1.1269,-0.224,-0.122,0.467
1473202,1405,1900,1946,0.1508,0.1597,1.1267,-0.279,-0.128,0.462
1473212,1451,1875,1889,0.1501,0.1600,1.1255,-0.253,-0.125,0.435
1473222,1404,1906,1939,0.1501,0.1597,1.1257,-0.190,-0.131,0.404
1473232,1439,1883,1892,0.1500,0.1590,1.1269,-0.159,-0.149,0.375
1473242,1397,1906,1927,0.1509,0.1593,1.1256,-0.160,-0.183,0.349
1473252,1445,1865,1886,0.1513,0.1586,1.1268,-0.165,-0.231,0.296
1473262,1403,1913,1937,0.1524,0.1580,1.1304,-0.162,-0.307,0.241
1473272,1436,1867,1896,0.1534,0.1579,1.1297,-0.101,-0.269,0.217
1473282,1398,1904,1936,0.1530,0.1586,1.1306,-0.012,-0.226,0.206
1473292,1438,1880,1894,0.1529,0.1578,1.1308,0.028,-0.215,0.198
1473302,1398,1893,1935,0.1525,0.1572,1.1284,-0.017,-0.175,0.204
1473312,1425,1869,1899,0.1521,0.1577,1.1289,-0.110,-0.132,0.231
1473322,1415,1900,1938,0.1516,0.1592,1.1273,-0.165,-0.093,0.250
1473332,1452,1866,1881,0.1504,0.1593,1.1271,-0.135,-0.059,0.227
1473342,1407,1892,1926,0.1515,0.1588,1.1276,-0.068,-0.057,0.168
1473352,1424,1867,1868,0.1518,0.1582,1.1292,-0.021,-0.033,0.113
1473362,1403,1909,1969,0.1520,0.1585,1.1302,-0.043,-0.032,0.103
1473372,1442,1858,1904,0.1523,0.1590,1.1281,-0.102,-0.008,0.131
1473382,1407,1902,1943,0.1514,0.1598,1.1261,-0.154,0.020,0.184
1473392,1429,1869,1869,0.1518,0.1615,1.1269,-0.173,-0.034,0.216
1473402,1401,1917,1939,0.1521,0.1610,1.1275,-0.200,-0.146,0.208
1473412,1439,1881,1902,0.1535,0.1610,1.1274,-0.194,-0.196,0.175
1473422,1407,1890,1913,0.1541,0.1610,1.1284,-0.194,-0.233,0.163
1473432,1446,1864,1905,0.1539,0.1603,1.1286,-0.244,-0.238,0.169
1473442,1421,1902,1917,0.1544,0.1601,1.1274,-0.327,-0.211,0.191
1473452,1467,1867,1897,0.1534,0.1599,1.1267,-0.420,-0.216,0.222
1473462,1410,1895,1936,0.1528,0.1591,1.1251,-0.438,-0.192,0.226
1473472,1454,1899,1922,0.1520,0.1597,1.1241,-0.383,-0.181,0.207
1473482,1424,1885,1933,0.1511,0.1599,1.1243,-0.289,-0.190,0.184
1473492,1470,1862,1871,0.1512,0.1580,1.1241,-0.201,-0.196,0.176
1473502,1417,1877,1932,0.1514,0.1582,1.1248,-0.163,-0.202,0.190
1473512,1450,1861,1879,0.1507,0.1579,1.1251,-0.140,-0.218,0.228
1473522,1410,1880,1931,0.1499,0.1580,1.1266,-0.126,-0.221,0.254
1473532,1451,1863,1879,0.1504,0.1591,1.1262,-0.074,-0.201,0.258
1473542,1411,1883,1929,0.1501,0.1600,1.1252,0.012,-0.182,0.228
1473552,1442,1858,1879,0.1513,0.1602,1.1265,0.117,-0.175,0.182
1473562,1409,1867,1915,0.1519,0.1595,1.1251,0.191,-0.157,0.147
1473572,1431,1862,1880,0.1519,0.1598,1.1250,0.204,-0.140,0.136
1473582,1409,1878,1934,0.1522,0.1596,1.1273,0.137,-0.147,0.142
1473592,1433,1861,1874,0.1524,0.1589,1.1272,0.037,-0.161,0.154
1473602,1412,1871,1933,0.1525,0.1587,1.1272,-0.035,-0.194,0.161
1473612,1438,1857,1883,0.1525,0.1594,1.1268,-0.064,-0.192,0.162
1473622,1416,1881,1939,0.1519,0.1584,1.1271,-0.054,-0.168,0.159
1473632,1429,1857,1900,0.1519,0.1577,1.1263,-0.007,-0.145,0.151
1473642,1413,1881,1934,0.1515,0.1575,1.1269,0.052,-0.117,0.161
1473652,1453,1871,1922,0.1511,0.1581,1.1271,0.109,-0.095,0.188
1473662,1415,1883,1957,0.1505,0.1590,1.1274,0.168,-0.084,0.213
1473672,1464,1873,1914,0.1500,0.1598,1.1268,0.222,-0.078,0.221
1473682,1422,1894,1950,0.1502,0.1603,1.1261,0.258,-0.105,0.207
1473692,1424,1870,1929,0.1506,0.1608,1.1262,0.270,-0.138,0.196
1473702,1421,1919,1957,0.1514,0.1613,1.1273,0.245,-0.148,0.203
1473712,1453,1881,1925,0.1514,0.1616,1.1276,0.172,-0.156,0.232
1473722,1418,1936,2015,0.1518,0.1609,1.1281,0.047,-0.177,0.268
1473732,1462,1886,1930,0.1519,0.1603,1.1276,-0.088,-0.191,0.300
1473742,1429,1900,1949,0.1514,0.1599,1.1288,-0.202,-0.221,0.328
1473752,1458,1903,1967,0.1515,0.1595,1.1283,-0.240,-0.228,0.325
1473762,1437,1958,2001,0.1522,0.1590,1.1284,-0.211,-0.248,0.314
1473772,1503,1908,1971,0.1521,0.1593,1.1273,-0.125,-0.236,0.289
1473782,1465,1942,2017,0.1522,0.1592,1.1272,-0.009,-0.217,0.259
1473792,1547,1908,1963,0.1518,0.1583,1.1275,0.088,-0.204,0.245
1473802,1507,1948,2003,0.1511,0.1583,1.1279,0.142,-0.193,0.252
1473812,1573,1918,1973,0.1511,0.1596,1.1283,0.182,-0.191,0.264
1473822,1528,1958,2001,0.1513,0.1606,1.1285,0.243,-0.189,0.277
1473832,1600,1928,1973,0.1512,0.1607,1.1284,0.294,-0.178,0.266
1473842,1567,1942,1997,0.1515,0.1610,1.1283,0.337,-0.168,0.242
1473852,1637,1930,1978,0.1517,0.1610,1.1281,0.327,-0.169,0.216
1473862,1535,1963,2020,0.1516,0.1610,1.1288,0.260,-0.187,0.211
1473872,1596,1947,1986,0.1519,0.1615,1.1275,0.178,-0.207,0.221
1473882,1548,1970,2042,0.1526,0.1618,1.1283,0.102,-0.222,0.231
1473892,1612,1956,2005,0.1528,0.1614,1.1282,0.068,-0.230,0.217
1473902,1549,1974,2029,0.1525,0.1612,1.1283,0.083,-0.214,0.197
1473912,1612,1941,1998,0.1520,0.1617,1.1283,0.078,-0.223,0.188
1473922,1562,1972,2054,0.1525,0.1610,1.1288,0.042,-0.234,0.184
1473932,1608,1962,2014,0.1520,0.1601,1.1291,-0.024,-0.234,0.194
1473942,1610,1977,2055,0.1518,0.1600,1.1297,-0.116,-0.254,0.221
1473952,1641,1933,2017,0.1520,0.1600,1.1285,-0.145,-0.263,0.247
1473962,1565,1967,2032,0.1516,0.1607,1.1288,-0.107,-0.271,0.246
1473972,1644,1945,2003,0.1512,0.1605,1.1273,-0.042,-0.267,0.218
1473982,1532,1984,2091,0.1507,0.1614,1.1275,0.028,-0.266,0.190
1473992,1626,1939,2016,0.1511,0.1620,1.1262,0.083,-0.268,0.160
1474002,1530,1969,2063,0.1517,0.1617,1.1276,0.103,-0.264,0.155
1474012,1605,1924,2011,0.1521,0.1618,1.1291,0.074,-0.263,0.153
1474022,1554,1960,2066,0.1523,0.1611,1.1284,0.034,-0.246,0.153
1474032,1619,1924,1996,0.1527,0.1611,1.1285,-0.014,-0.247,0.151
1474042,1531,1958,2068,0.1528,0.1601,1.1282,-0.056,-0.240,0.159
1474052,1598,1913,2006,0.1528,0.1605,1.1284,-0.108,-0.242,0.181
1474062,1528,1943,2053,0.1524,0.1604,1.1276,-0.127,-0.259,0.190
1474072,1591,1893,1988,0.1515,0.1606,1.1268,-0.116,-0.257,0.196
1474082,1521,1917,2072,0.1513,0.1609,1.1274,-0.081,-0.254,0.194
1474092,1593,1901,2008,0.1518,0.1608,1.1266,-0.059,-0.253,0.184
1474102,1491,1937,2063,0.1520,0.1610,1.1260,-0.046,-0.256,0.168
1474112,1556,1900,2009,0.1519,0.1613,1.1251,-0.048,-0.247,0.170
1474122,1507,1925,2047,0.1511,0.1613,1.1262,-0.057,-0.238,0.183
1474132,1538,1890,1977,0.1511,0.1618,1.1256,-0.074,-0.233,0.192
1474142,1507,1926,2054,0.1518,0.1620,1.1250,-0.104,-0.245,0.177
1474152,1526,1893,1980,0.1517,0.1622,1.1247,-0.143,-0.255,0.164
1474162,1502,1904,2036,0.1519,0.1617,1.1246,-0.172,-0.271,0.153
1474172,1516,1887,1991,0.1516,0.1620,1.1269,-0.225,-0.305,0.172
1474182,1455,1914,2021,0.1516,0.1615,1.1276,-0.272,-0.317,0.204
1474192,1503,1881,1973,0.1519,0.1609,1.1277,-0.316,-0.320,0.215
1474202,1475,1891,2023,0.1520,0.1605,1.1286,-0.346,-0.326,0.210
1474212,1517,1874,1970,0.1525,0.1603,1.1285,-0.362,-0.302,0.198
1474222,1463,1898,2022,0.1528,0.1601,1.1272,-0.346,-0.287,0.186
1474232,1503,1863,1942,0.1525,0.1593,1.1276,-0.313,-0.298,0.167
1474242,1468,1891,1996,0.1526,0.1595,1.1269,-0.281,-0.274,0.141
1474252,1515,1867,1952,0.1519,0.1595,1.1259,-0.227,-0.234,0.124
1474262,1462,1876,1985,0.1516,0.1605,1.1270,-0.172,-0.266,0.114
1474272,1487,1865,1921,0.1515,0.1607,1.1270,-0.119,-0.275,0.102
1474282,1457,1885,2006,0.1513,0.1610,1.1268,-0.076,-0.272,0.094
1474292,1484,1866,1946,0.1513,0.1613,1.1260,-0.058,-0.283,0.087
1474302,1461,1870,1983,0.1522,0.1613,1.1251,-0.038,-0.259,0.096
1474312,1475,1862,1926,0.1525,0.1612,1.1253,-0.057,-0.247,0.105
1474322,1466,1866,1964,0.1523,0.1613,1.1257,-0.104,-0.252,0.121
1474332,1464,1864,1901,0.1518,0.1611,1.1260,-0.154,-0.244,0.132
1474342,1459,1867,1975,0.1519,0.1605,1.1259,-0.200,-0.245,0.128
1474352,1484,1860,1933,0.1523,0.1598,1.1274,-0.254,-0.275,0.130
1474362,1457,1863,1963,0.1534,0.1596,1.1277,-0.283,-0.282,0.141
1474372,1471,1867,1924,0.1528,0.1595,1.1280,-0.261,-0.303,0.144
1474382,1470,1864,1952,0.1522,0.1601,1.1269,-0.162,-0.292,0.126
1474392,1486,1859,1907,0.1522,0.1599,1.1275,-0.020,-0.241,0.076
1474402,1481,1867,1942,0.1515,0.1592,1.1274,0.103,-0.222,0.043
1474412,1485,1859,1890,0.1510,0.1602,1.1271,0.179,-0.204,0.066
1474422,1490,1860,1917,0.1501,0.1605,1.1272,0.175,-0.197,0.111
1474432,1493,1857,1885,0.1495,0.1612,1.1272,0.117,-0.227,0.141
1474442,1495,1857,1927,0.1501,0.1607,1.1289,0.018,-0.262,0.141
1474452,1460,1860,1882,0.1503,0.1606,1.1284,-0.032,-0.258,0.151
1474462,1501,1865,1927,0.1502,0.1606,1.1279,-0.046,-0.246,0.188
1474472,1464,1862,1898,0.1509,0.1619,1.1278,-0.016,-0.236,0.192
1474482,1492,1866,1916,0.1509,0.1624,1.1282,-0.022,-0.230,0.158
1474492,1475,1871,1858,0.1513,0.1612,1.1293,-0.060,-0.250,0.145
1474502,1495,1859,1903,0.1523,0.1614,1.1297,-0.116,-0.282,0.163
1474512,1474,1873,1821,0.1517,0.1613,1.1278,-0.146,-0.282,0.210
1474522,1475,1863,1894,0.1516,0.1622,1.1274,-0.142,-0.268,0.246
1474532,1469,1866,1857,0.1514,0.1622,1.1254,-0.105,-0.275,0.227
1474542,1496,1858,1888,0.1518,0.1622,1.1252,-0.010,-0.279,0.189
1474552,1480,1875,1835,0.1520,0.1623,1.1260,0.080,-0.307,0.168
1474562,1483,1859,1869,0.1522,0.1628,1.1265,0.125,-0.317,0.169
1474572,1475,1877,1831,0.1516,0.1635,1.1253,0.133,-0.280,0.166
1474582,1476,1858,1869,0.1512,0.1631,1.1254,0.100,-0.247,0.156
1474592,1465,1876,1819,0.1503,0.1629,1.1252,0.012,-0.247,0.163
1474602,1470,1859,1860,0.1494,0.1624,1.1253,-0.073,-0.242,0.182
1474612,1478,1869,1818,0.1490,0.1629,1.1253,-0.117,-0.233,0.213
1474622,1480,1858,1864,0.1497,0.1624,1.1261,-0.155,-0.244,0.228
1474632,1469,1875,1814,0.1498,0.1615,1.1268,-0.169,-0.227,0.230
1474642,1492,1868,1841,0.1495,0.1613,1.1260,-0.157,-0.248,0.239
1474652,1475,1881,1806,0.1501,0.1610,1.1268,-0.113,-0.265,0.243
1474662,1462,1857,1835,0.1509,0.1614,1.1260,-0.042,-0.268,0.237
1474672,1480,1873,1806,0.1512,0.1614,1.1259,0.053,-0.271,0.212
1474682,1474,1863,1837,0.1521,0.1618,1.1268,0.166,-0.283,0.187
1474692,1468,1880,1803,0.1524,0.1615,1.1261,0.263,-0.278,0.171
1474702,1486,1870,1827,0.1530,0.1620,1.1277,0.276,-0.262,0.173
1474712,1471,1893,1793,0.1530,0.1615,1.1286,0.197,-0.258,0.183
1474722,1467,1866,1808,0.1519,0.1619,1.1270,0.073,-0.242,0.215
1474732,1473,1881,1805,0.1508,0.1615,1.1263,-0.023,-0.226,0.260
1474742,1473,1873,1806,0.1506,0.1616,1.1258,-0.062,-0.224,0.300
1474752,1467,1890,1783,0.1506,0.1616,1.1255,-0.047,-0.210,0.310
1474762,1483,1867,1800,0.1507,0.1621,1.1257,0.012,-0.225,0.307
1474772,1473,1892,1786,0.1513,0.1626,1.1248,0.086,-0.235,0.290
1474782,1505,1866,1807,0.1521,0.1634,1.1252,0.147,-0.222,0.269
1474792,1474,1887,1790,0.1522,0.1638,1.1260,0.189,-0.214,0.241
1474802,1483,1869,1794,0.1521,0.1643,1.1274,0.180,-0.241,0.216
1474812,1480,1889,1785,0.1519,0.1642,1.1272,0.131,-0.251,0.217
1474822,1511,1869,1787,0.1521,0.1645,1.1276,0.060,-0.243,0.233
1474832,1472,1902,1783,0.1517,0.1645,1.1270,-0.001,-0.215,0.258
1474842,1491,1874,1781,0.1510,0.1648,1.1268,-0.054,-0.201,0.257
1474852,1475,1898,1784,0.1507,0.1640,1.1264,-0.104,-0.217,0.259
1474862,1489,1876,1781,0.1508,0.1633,1.1274,-0.170,-0.243,0.262
1474872,1470,1887,1793,0.1511,0.1630,1.1277,-0.231,-0.264,0.263
1474882,1512,1884,1781,0.1515,0.1627,1.1286,-0.259,-0.275,0.280
1474892,1476,1892,1792,0.1516,0.1624,1.1287,-0.282,-0.261,0.319
1474902,1495,1874,1780,0.1527,0.1633,1.1278,-0.266,-0.283,0.341
1474912,1474,1891,1788,0.1534,0.1637,1.1275,-0.256,-0.316,0.335
1474922,1500,1885,1788,0.1549,0.1638,1.1273,-0.222,-0.314,0.315
1474932,1475,1902,1803,0.1557,0.1642,1.1271,-0.191,-0.322,0.278
1474942,1502,1880,1780,0.1557,0.1638,1.1280,-0.191,-0.328,0.247
1474952,1475,1903,1804,0.1549,0.1634,1.1273,-0.227,-0.297,0.245
1474962,1506,1877,1800,0.1537,0.1633,1.1256,-0.306,-0.263,0.274
1474972,1478,1904,1816,0.1525,0.1632,1.1258,-0.399,-0.228,0.346
1474982,1489,1873,1792,0.1498,0.1629,1.1261,-0.477,-0.222,0.437
1474992,1469,1912,1823,0.1492,0.1631,1.1274,-0.514,-0.243,0.497
1475002,1515,1879,1791,0.1495,0.1625,1.1276,-0.491,-0.267,0.502
1475012,1484,1909,1824,0.1493,0.1617,1.1259,-0.401,-0.282,0.450
1475022,1521,1890,1807,0.1505,0.1615,1.1260,-0.260,-0.279,0.410
1475032,1480,1906,1840,0.1509,0.1616,1.1270,-0.126,-0.291,0.373
1475042,1510,1893,1824,0.1514,0.1632,1.1279,-0.001,-0.283,0.333
1475052,1470,1921,1820,0.1519,0.1645,1.1285,0.080,-0.305,0.260
1475062,1522,1896,1823,0.1535,0.1645,1.1280,0.092,-0.303,0.197
1475072,1489,1920,1817,0.1541,0.1639,1.1287,0.040,-0.326,0.172
1475082,1527,1886,1851,0.1546,0.1632,1.1282,-0.080,-0.329,0.177
1475092,1472,1910,1791,0.1539,0.1614,1.1283,-0.254,-0.326,0.204
1475102,1504,1900,1853,0.1537,0.1605,1.1282,-0.404,-0.327,0.229
1475112,1503,1939,1844,0.1532,0.1611,1.1267,-0.488,-0.309,0.238
1475122,1516,1884,1814,0.1524,0.1613,1.1274,-0.468,-0.303,0.238
1475132,1499,1917,1867,0.1523,0.1615,1.1275,-0.332,-0.289,0.215
1475142,1514,1895,1839,0.1522,0.1619,1.1284,-0.124,-0.268,0.191
1475152,1494,1915,1878,0.1517,0.1635,1.1274,0.076,-0.244,0.167
1475162,1529,1881,1841,0.1519,0.1641,1.1263,0.225,-0.233,0.138
1475172,1491,1911,1868,0.1520,0.1642,1.1275,0.289,-0.244,0.121
1475182,1538,1887,1835,0.1519,0.1655,1.1270,0.278,-0.264,0.109
1475192,1512,1919,1875,0.1521,0.1659,1.1266,0.208,-0.281,0.112
1475202,1549,1883,1864,0.1519,0.1656,1.1267,0.087,-0.273,0.126
1475212,1496,1932,1894,0.1522,0.1650,1.1260,-0.059,-0.285,0.137
1475222,1517,1888,1826,0.1525,0.1639,1.1250,-0.221,-0.304,0.154
1475232,1488,1931,1880,0.1528,0.1626,1.1261,-0.340,-0.311,0.172
1475242,1537,1903,1844,0.1527,0.1616,1.1260,-0.377,-0.319,0.189
1475252,1493,1947,1890,0.1522,0.1611,1.1267,-0.331,-0.301,0.206
1475262,1535,1923,1859,0.1519,0.1611,1.1259,-0.229,-0.286,0.202
1475272,1505,1937,1890,0.1519,0.1611,1.1259,-0.093,-0.268,0.190
1475282,1532,1916,1864,0.1519,0.1626,1.1265,0.026,-0.257,0.180
1475292,1502,1939,1895,0.1525,0.1628,1.1277,0.110,-0.263,0.173
1475302,1541,1892,1852,0.1526,0.1642,1.1262,0.124,-0.277,0.195
1475312,1510,1917,1883,0.1524,0.1648,1.1262,0.105,-0.293,0.226
1475322,1535,1903,1854,0.1518,0.1656,1.1275,0.045,-0.300,0.260
1475332,1489,1920,1921,0.1530,0.1652,1.1276,-0.036,-0.296,0.290
1475342,1530,1918,1882,0.1539,0.1648,1.1273,-0.129,-0.314,0.313
1475352,1502,1903,1898,0.1538,0.1647,1.1271,-0.241,-0.341,0.316
1475362,1614,1908,1872,0.1530,0.1641,1.1268,-0.331,-0.344,0.323
1475372,1526,1899,1903,0.1531,0.1632,1.1273,-0.398,-0.334,0.323
1475382,1557,1905,1872,0.1526,0.1622,1.1268,-0.412,-0.316,0.339
1475392,1499,1900,1902,0.1521,0.1620,1.1277,-0.361,-0.269,0.344
1475402,1568,1901,1865,0.1521,0.1619,1.1282,-0.255,-0.245,0.343
1475412,1502,1902,1921,0.1504,0.1619,1.1273,-0.104,-0.211,0.320
1475422,1568,1909,1871,0.1506,0.1626,1.1271,0.055,-0.196,0.297
1475432,1510,1919,1904,0.1504,0.1633,1.1277,0.192,-0.202,0.263
1475442,1567,1891,1898,0.1504,0.1641,1.1276,0.276,-0.212,0.234
1475452,1564,1906,1903,0.1504,0.1643,1.1271,0.279,-0.202,0.225
1475462,1544,1898,1865,0.1505,0.1644,1.1276,0.222,-0.212,0.220
1475472,1484,1921,1913,0.1508,0.1639,1.1275,0.119,-0.212,0.221
1475482,1559,1889,1881,0.1509,0.1637,1.1277,-0.021,-0.233,0.232
1475492,1502,1911,1912,0.1506,0.1635,1.1275,-0.146,-0.250,0.241
1475502,1548,1891,1877,0.1511,0.1634,1.1268,-0.221,-0.252,0.237
1475512,1511,1900,1901,0.1508,0.1637,1.1270,-0.231,-0.270,0.221
1475522,1571,1884,1881,0.1514,0.1624,1.1275,-0.205,-0.276,0.195
1475532,1491,1924,1904,0.1522,0.1623,1.1286,-0.157,-0.282,0.188
1475542,1524,1902,1891,0.1520,0.1632,1.1284,-0.109,-0.284,0.192
1475552,1486,1903,1913,0.1518,0.1633,1.1283,-0.054,-0.294,0.193
1475562,1488,1887,1887,0.1516,0.1639,1.1285,-0.001,-0.288,0.186
1475572,1498,1904,1908,0.1523,0.1644,1.1279,0.044,-0.296,0.186
1475582,1568,1877,1905,0.1521,0.1650,1.1279,0.032,-0.290,0.191
1475592,1505,1903,1904,0.1515,0.1647,1.1276,-0.019,-0.270,0.216
1475602,1551,1882,1879,0.1518,0.1646,1.1269,-0.091,-0.267,0.244
1475612,1493,1902,1885,0.1519,0.1645,1.1265,-0.218,-0.282,0.272
1475622,1521,1869,1894,0.1508,0.1641,1.1269,-0.339,-0.283,0.294
1475632,1488,1924,1898,0.1510,0.1636,1.1276,-0.406,-0.292,0.317
1475642,1527,1903,1918,0.1515,0.1634,1.1287,-0.424,-0.288,0.322
1475652,1492,1917,1904,0.1519,0.1627,1.1292,-0.380,-0.288,0.293
1475662,1521,1865,1889,0.1524,0.1635,1.1278,-0.313,-0.283,0.259
1475672,1523,1903,1901,0.1530,0.1627,1.1285,-0.257,-0.289,0.233
1475682,1495,1880,1879,0.1526,0.1628,1.1273,-0.196,-0.264,0.218
1475692,1490,1902,1929,0.1525,0.1635,1.1275,-0.121,-0.271,0.217
1475702,1533,1888,1901,0.1523,0.1640,1.1268,-0.074,-0.263,0.229
1475712,1492,1902,1917,0.1522,0.1651,1.1266,-0.049,-0.251,0.218
1475722,1521,1867,1891,0.1517,0.1655,1.1272,-0.052,-0.245,0.194
1475732,1498,1911,1921,0.1516,0.1657,1.1268,-0.100,-0.255,0.183
1475742,1562,1876,1883,0.1516,0.1646,1.1264,-0.151,-0.263,0.186
1475752,1521,1873,1894,0.1508,0.1658,1.1272,-0.199,-0.285,0.193
1475762,1523,1867,1886,0.1512,0.1655,1.1273,-0.232,-0.312,0.188
1475772,1500,1888,1907,0.1515,0.1643,1.1279,-0.242,-0.334,0.188
1475782,1566,1869,1875,0.1519,0.1647,1.1267,-0.242,-0.342,0.184
1475792,1509,1901,1927,0.1521,0.1638,1.1266,-0.237,-0.328,0.181
1475802,1525,1881,1863,0.1516,0.1636,1.1267,-0.217,-0.349,0.174
1475812,1507,1900,1932,0.1518,0.1640,1.1271,-0.199,-0.337,0.169
1475822,1577,1873,1885,0.1531,0.1632,1.1279,-0.212,-0.309,0.181
1475832,1493,1885,1916,0.1533,0.1634,1.1268,-0.258,-0.294,0.198
1475842,1530,1865,1873,0.1525,0.1633,1.1265,-0.279,-0.285,0.224
1475852,1504,1894,1905,0.1520,0.1627,1.1261,-0.305,-0.266,0.237
1475862,1540,1864,1874,0.1514,0.1621,1.1265,-0.304,-0.243,0.248
1475872,1502,1888,1921,0.1507,0.1615,1.1269,-0.302,-0.227,0.238
1475882,1552,1865,1862,0.1504,0.1615,1.1265,-0.303,-0.209,0.222
1475892,1509,1879,1908,0.1502,0.1615,1.1264,-0.293,-0.199,0.224
1475902,1535,1857,1884,0.1499,0.1616,1.1262,-0.279,-0.192,0.222
1475912,1507,1892,1917,0.1503,0.1614,1.1264,-0.248,-0.202,0.214
1475922,1530,1862,1871,0.1503,0.1608,1.1256,-0.205,-0.199,0.211
1475932,1495,1889,1898,0.1494,0.1619,1.1253,-0.150,-0.188,0.204
1475942,1538,1870,1879,0.1498,0.1619,1.1253,-0.111,-0.181,0.198
1475952,1496,1899,1928,0.1500,0.1621,1.1256,-0.083,-0.187,0.196
1475962,1539,1865,1874,0.1504,0.1630,1.1268,-0.084,-0.218,0.189
1475972,1507,1882,1882,0.1505,0.1630,1.1277,-0.091,-0.230,0.188
1475982,1551,1865,1870,0.1514,0.1630,1.1286,-0.094,-0.231,0.190
1475992,1523,1879,1902,0.1514,0.1626,1.1284,-0.070,-0.218,0.181
1476002,1541,1860,1852,0.1514,0.1624,1.1288,-0.032,-0.215,0.171
1476012,1528,1887,1909,0.1513,0.1626,1.1284,0.017,-0.233,0.164
1476022,1548,1860,1852,0.1515,0.1634,1.1284,0.083,-0.232,0.168
1476032,1516,1885,1890,0.1519,0.1635,1.1277,0.157,-0.205,0.172
1476042,1580,1861,1860,0.1517,0.1641,1.1276,0.197,-0.209,0.184
1476052,1528,1872,1906,0.1516,0.1650,1.1265,0.201,-0.254,0.174
1476062,1562,1858,1851,0.1512,0.1653,1.1282,0.179,-0.285,0.173
1476072,1501,1874,1903,0.1503,0.1656,1.1289,0.153,-0.289,0.161
1476082,1560,1857,1860,0.1504,0.1648,1.1278,0.092,-0.289,0.146
1476092,1503,1883,1912,0.1513,0.1651,1.1282,0.012,-0.284,0.142
1476102,1542,1861,1858,0.1518,0.1648,1.1273,-0.090,-0.286,0.134
1476112,1511,1878,1889,0.1515,0.1642,1.1274,-0.180,-0.288,0.134
1476122,1548,1856,1855,0.1517,0.1634,1.1265,-0.254,-0.287,0.140
1476132,1512,1873,1906,0.1520,0.1630,1.1271,-0.296,-0.288,0.141
1476142,1540,1858,1852,0.1522,0.1626,1.1266,-0.272,-0.287,0.151
1476152,1513,1873,1906,0.1518,0.1625,1.1263,-0.200,-0.275,0.156
1476162,1585,1857,1890,0.1511,0.1629,1.1262,-0.092,-0.238,0.155
1476172,1511,1866,1892,0.1508,0.1634,1.1253,-0.002,-0.220,0.142
1476182,1532,1858,1864,0.1506,0.1646,1.1268,0.051,-0.214,0.140
1476192,1510,1882,1921,0.1504,0.1656,1.1289,0.054,-0.210,0.150
1476202,1542,1856,1862,0.1504,0.1665,1.1286,0.006,-0.217,0.166
1476212,1513,1881,1921,0.1499,0.1672,1.1272,-0.055,-0.208,0.189
1476222,1590,1857,1883,0.1508,0.1675,1.1269,-0.147,-0.206,0.211
1476232,1510,1876,1927,0.1512,0.1669,1.1260,-0.254,-0.204,0.216
1476242,1524,1860,1876,0.1516,0.1662,1.1262,-0.367,-0.230,0.206
1476252,1510,1897,1943,0.1520,0.1656,1.1289,-0.465,-0.281,0.183
1476262,1545,1867,1890,0.1525,0.1650,1.1288,-0.518,-0.321,0.175
1476272,1531,1901,1938,0.1526,0.1650,1.1276,-0.506,-0.342,0.182
1476282,1519,1873,1904,0.1523,0.1637,1.1281,-0.439,-0.331,0.165
1476292,1524,1894,1918,0.1523,0.1629,1.1276,-0.343,-0.309,0.152
1476302,1555,1876,1908,0.1529,0.1636,1.1276,-0.246,-0.286,0.144
1476312,1512,1929,1972,0.1518,0.1639,1.1273,-0.170,-0.273,0.147
1476322,1559,1892,1904,0.1514,0.1644,1.1272,-0.106,-0.268,0.153
1476332,1524,1924,1944,0.1507,0.1643,1.1266,-0.065,-0.261,0.147
1476342,1564,1887,1911,0.1511,0.1643,1.1263,-0.041,-0.262,0.136
1476352,1540,1925,1953,0.1505,0.1645,1.1259,-0.031,-0.260,0.131
1476362,1567,1892,1924,0.1505,0.1644,1.1257,-0.046,-0.259,0.137
1476372,1546,1941,1965,0.1508,0.1646,1.1262,-0.055,-0.257,0.139
1476382,1648,1897,1928,0.1509,0.1650,1.1269,-0.086,-0.257,0.140
1476392,1599,1943,1971,0.1522,0.1651,1.1264,-0.118,-0.277,0.133
1476402,1653,1901,1946,0.1530,0.1649,1.1273,-0.167,-0.298,0.120
1476412,1615,1956,1993,0.1529,0.1640,1.1272,-0.212,-0.306,0.117
1476422,1688,1912,1941,0.1530,0.1647,1.1268,-0.225,-0.300,0.134
1476432,1623,1977,1995,0.1531,0.1640,1.1259,-0.225,-0.296,0.142
1476442,1701,1912,1944,0.1533,0.1628,1.1256,-0.194,-0.293,0.138
1476452,1611,1978,2015,0.1535,0.1604,1.1260,-0.138,-0.325,0.133
1476462,1677,1934,1975,0.1536,0.1563,1.1258,-0.086,-0.385,0.178
1476472,1624,1999,2030,0.1547,0.1544,1.1253,0.106,-0.424,0.338
1476482,1699,1942,2004,0.1558,0.1549,1.1262,0.474,-0.476,0.573
1476492,1646,1988,2031,0.1535,0.1583,1.1250,1.027,-0.438,0.785
1476502,1719,1937,1989,0.1504,0.1624,1.1211,1.666,-0.318,0.896
1476512,1640,1995,2029,0.1495,0.1671,1.1231,2.251,-0.366,0.879
1476522,1696,1933,1971,0.1507,0.1690,1.1259,2.574,-0.472,0.810
1476532,1659,1970,2013,0.1519,0.1682,1.1268,2.595,-0.478,0.819
1476542,1681,1937,1974,0.1537,0.1662,1.1308,2.156,-0.564,1.000
1476552,1660,1968,2017,0.1557,0.1681,1.1290,1.640,-0.588,1.388
1476562,1749,1919,1983,0.1536,0.1714,1.1276,1.196,-0.508,1.709
1476572,1662,1973,2034,0.1505,0.1695,1.1250,0.785,-0.493,1.697
1476582,1712,1942,1983,0.1504,0.1674,1.1226,0.664,-0.422,1.461
1476592,1665,1967,2035,0.1520,0.1670,1.1244,0.798,-0.473,1.224
1476602,1724,1914,1983,0.1535,0.1683,1.1255,1.049,-0.541,1.074
1476612,1667,1966,2019,0.1534,0.1704,1.1261,1.302,-0.518,0.976
1476622,1719,1923,1998,0.1531,0.1723,1.1264,1.386,-0.483,0.851
1476632,1655,1966,2028,0.1526,0.1733,1.1269,1.281,-0.419,0.724
1476642,1725,1922,1984,0.1523,0.1727,1.1263,1.000,-0.384,0.614
1476652,1638,1934,2014,0.1517,0.1728,1.1254,0.619,-0.352,0.531
1476662,1698,1921,1977,0.1503,0.1711,1.1247,0.241,-0.355,0.461
1476672,1613,1956,2000,0.1504,0.1696,1.1247,-0.052,-0.375,0.404
1476682,1655,1914,1986,0.1516,0.1692,1.1265,-0.207,-0.387,0.332
1476692,1638,1979,2066,0.1520,0.1690,1.1259,-0.239,-0.404,0.244
1476702,1691,1893,1960,0.1521,0.1679,1.1249,-0.161,-0.379,0.147
1476712,1611,1927,2010,0.1530,0.1671,1.1257,-0.032,-0.362,0.065
1476722,1653,1894,1968,0.1532,0.1667,1.1254,0.102,-0.366,0.029
1476732,1613,1934,2027,0.1532,0.1678,1.1254,0.214,-0.373,0.023
1476742,1678,1879,1963,0.1533,0.1690,1.1252,0.305,-0.365,-0.004
1476752,1598,1932,2033,0.1533,0.1693,1.1246,0.393,-0.341,-0.046
1476762,1635,1878,1962,0.1534,0.1700,1.1256,0.433,-0.330,-0.060
1476772,1601,1924,2005,0.1529,0.1697,1.1252,0.407,-0.300,-0.056
1476782,1636,1897,1964,0.1531,0.1708,1.1240,0.299,-0.276,-0.040
1476792,1585,1927,1984,0.1526,0.1715,1.1233,0.152,-0.257,-0.021
1476802,1630,1884,1972,0.1521,0.1718,1.1236,-0.010,-0.253,-0.029
1476812,1576,1928,2004,0.1524,0.1721,1.1246,-0.174,-0.270,-0.046
1476822,1602,1870,1949,0.1529,0.1723,1.1253,-0.308,-0.286,-0.080
1476832,1540,1914,1990,0.1532,0.1727,1.1239,-0.411,-0.262,-0.121
1476842,1611,1871,1942,0.1534,0.1713,1.1246,-0.508,-0.264,-0.164
1476852,1541,1890,1983,0.1538,0.1697,1.1231,-0.593,-0.248,-0.195
1476862,1595,1873,1953,0.1543,0.1688,1.1244,-0.689,-0.253,-0.184
1476872,1567,1889,1964,0.1537,0.1685,1.1258,-0.779,-0.254,-0.147
1476882,1586,1865,1924,0.1540,0.1684,1.1261,-0.801,-0.230,-0.113
1476892,1549,1897,1965,0.1540,0.1684,1.1248,-0.753,-0.206,-0.074
1476902,1592,1864,1930,0.1542,0.1682,1.1247,-0.644,-0.185,-0.007
1476912,1550,1876,1980,0.1539,0.1680,1.1237,-0.537,-0.182,0.074
1476922,1583,1863,1923,0.1544,0.1686,1.1238,-0.446,-0.185,0.150
1476932,1552,1890,1960,0.1542,0.1688,1.1238,-0.366,-0.178,0.183
1476942,1581,1861,1905,0.1543,0.1696,1.1250,-0.296,-0.164,0.200
1476952,1557,1877,1935,0.1533,0.1698,1.1260,-0.265,-0.159,0.209
1476962,1581,1865,1909,0.1532,0.1710,1.1263,-0.295,-0.136,0.199
1476972,1546,1870,1921,0.1525,0.1713,1.1259,-0.353,-0.110,0.177
1476982,1568,1865,1895,0.1524,0.1705,1.1258,-0.432,-0.091,0.139
1476992,1560,1865,1929,0.1529,0.1700,1.1248,-0.514,-0.103,0.099
1477002,1580,1863,1886,0.1529,0.1688,1.1249,-0.638,-0.137,0.067
1477012,1556,1869,1921,0.1532,0.1688,1.1248,-0.657,-0.126,0.055
1477022,1565,1859,1905,0.1531,0.1692,1.1239,-0.586,-0.117,0.029
1477032,1548,1861,1918,0.1530,0.1687,1.1250,-0.488,-0.089,-0.022
1477042,1576,1869,1886,0.1537,0.1682,1.1244,-0.462,-0.095,-0.054
1477052,1577,1860,1909,0.1537,0.1686,1.1248,-0.512,-0.130,-0.028
1477062,1557,1875,1844,0.1528,0.1689,1.1248,-0.595,-0.136,0.004
1477072,1567,1858,1896,0.1522,0.1692,1.1255,-0.677,-0.140,0.001
1477082,1547,1871,1839,0.1524,0.1679,1.1256,-0.736,-0.144,-0.031
1477092,1568,1864,1897,0.1530,0.1665,1.1259,-0.794,-0.156,-0.055
1477102,1569,1869,1845,0.1533,0.1662,1.1255,-0.828,-0.172,-0.066
1477112,1577,1867,1881,0.1533,0.1670,1.1256,-0.799,-0.151,-0.065
1477122,1558,1871,1866,0.1534,0.1668,1.1234,-0.710,-0.128,-0.075
1477132,1576,1859,1907,0.1537,0.1666,1.1224,-0.602,-0.112,-0.095
1477142,1547,1888,1839,0.1541,0.1661,1.1243,-0.545,-0.135,-0.127
1477152,1579,1859,1877,0.1540,0.1665,1.1250,-0.558,-0.187,-0.127
1477162,1580,1877,1839,0.1540,0.1671,1.1238,-0.588,-0.189,-0.097
1477172,1580,1860,1878,0.1537,0.1679,1.1248,-0.610,-0.186,-0.069
1477182,1567,1879,1831,0.1539,0.1682,1.1243,-0.617,-0.197,-0.040
1477192,1563,1872,1852,0.1530,0.1671,1.1243,-0.634,-0.203,-0.014
1477202,1575,1873,1826,0.1532,0.1659,1.1243,-0.676,-0.235,0.010
1477212,1592,1858,1876,0.1538,0.1649,1.1247,-0.729,-0.267,0.043
1477222,1568,1880,1809,0.1535,0.1655,1.1257,-0.755,-0.270,0.064
1477232,1542,1864,1841,0.1534,0.1661,1.1250,-0.701,-0.249,0.063
1477242,1580,1872,1832,0.1534,0.1664,1.1253,-0.579,-0.223,0.063
1477252,1563,1858,1855,0.1527,0.1662,1.1249,-0.438,-0.193,0.062
1477262,1541,1881,1806,0.1529,0.1665,1.1259,-0.313,-0.154,0.059
1477272,1567,1857,1847,0.1524,0.1676,1.1259,-0.228,-0.157,0.067
1477282,1580,1890,1803,0.1524,0.1675,1.1274,-0.201,-0.183,0.076
1477292,1553,1868,1829,0.1525,0.1669,1.1282,-0.226,-0.208,0.078
1477302,1561,1873,1789,0.1521,0.1668,1.1280,-0.273,-0.232,0.099
1477312,1566,1861,1843,0.1523,0.1664,1.1280,-0.281,-0.239,0.123
1477322,1567,1879,1807,0.1531,0.1657,1.1259,-0.255,-0.229,0.140
1477332,1582,1858,1830,0.1537,0.1661,1.1260,-0.192,-0.221,0.130
1477342,1573,1885,1792,0.1542,0.1663,1.1246,-0.128,-0.213,0.116
1477352,1565,1860,1835,0.1556,0.1670,1.1244,-0.050,-0.228,0.099
1477362,1573,1884,1788,0.1551,0.1663,1.1247,-0.004,-0.244,0.085
1477372,1562,1868,1825,0.1550,0.1661,1.1253,0.009,-0.241,0.065
1477382,1574,1888,1785,0.1552,0.1658,1.1270,-0.018,-0.249,0.064
1477392,1566,1865,1839,0.1547,0.1653,1.1272,-0.081,-0.252,0.076
1477402,1565,1894,1791,0.1546,0.1651,1.1274,-0.152,-0.236,0.106
1477412,1577,1860,1809,0.1543,0.1652,1.1269,-0.214,-0.218,0.131
1477422,1563,1898,1786,0.1537,0.1650,1.1271,-0.239,-0.201,0.138
1477432,1575,1863,1809,0.1536,0.1648,1.1276,-0.234,-0.205,0.133
1477442,1564,1898,1788,0.1531,0.1645,1.1275,-0.191,-0.194,0.104
1477452,1568,1864,1787,0.1531,0.1642,1.1273,-0.111,-0.190,0.071
1477462,1572,1899,1789,0.1531,0.1647,1.1289,0.010,-0.199,0.069
1477472,1572,1866,1800,0.1527,0.1652,1.1281,0.128,-0.189,0.082
1477482,1557,1884,1787,0.1530,0.1655,1.1277,0.215,-0.184,0.086
1477492,1587,1864,1791,0.1530,0.1663,1.1279,0.263,-0.173,0.084
1477502,1567,1890,1788,0.1530,0.1669,1.1274,0.256,-0.161,0.094
1477512,1573,1872,1789,0.1531,0.1659,1.1269,0.192,-0.159,0.126
1477522,1562,1903,1794,0.1535,0.1665,1.1262,0.080,-0.179,0.172
1477532,1561,1870,1789,0.1541,0.1661,1.1256,-0.030,-0.184,0.213
1477542,1570,1908,1800,0.1536,0.1664,1.1280,-0.084,-0.177,0.246
1477552,1572,1872,1784,0.1533,0.1669,1.1265,-0.069,-0.144,0.263
1477562,1545,1903,1789,0.1518,0.1672,1.1269,-0.019,-0.116,0.302
1477572,1597,1866,1783,0.1510,0.1683,1.1259,0.027,-0.096,0.345
1477582,1559,1888,1798,0.1498,0.1688,1.1264,0.007,-0.098,0.380
1477592,1606,1872,1785,0.1500,0.1691,1.1268,-0.077,-0.123,0.403
1477602,1571,1903,1817,0.1495,0.1693,1.1275,-0.204,-0.152,0.420
1477612,1593,1876,1786,0.1491,0.1699,1.1274,-0.350,-0.194,0.431
1477622,1552,1881,1805,0.1491,0.1690,1.1268,-0.505,-0.225,0.436
1477632,1561,1876,1789,0.1498,0.1687,1.1256,-0.669,-0.235,0.448
1477642,1566,1920,1840,0.1502,0.1683,1.1253,-0.768,-0.235,0.458
1477652,1602,1871,1782,0.1507,0.1682,1.1239,-0.828,-0.265,0.459
1477662,1559,1904,1810,0.1521,0.1673,1.1229,-0.863,-0.280,0.451
1477672,1588,1882,1795,0.1519,0.1666,1.1243,-0.931,-0.303,0.442
1477682,1566,1921,1826,0.1522,0.1656,1.1246,-0.989,-0.311,0.440
1477692,1602,1869,1786,0.1528,0.1651,1.1246,-1.036,-0.293,0.452
1477702,1571,1916,1835,0.1526,0.1654,1.1251,-1.059,-0.286,0.456
1477712,1565,1872,1794,0.1524,0.1658,1.1257,-1.066,-0.280,0.461
1477722,1566,1922,1852,0.1520,0.1653,1.1254,-1.055,-0.304,0.463
1477732,1575,1894,1811,0.1524,0.1652,1.1265,-1.028,-0.342,0.442
1477742,1592,1918,1836,0.1523,0.1642,1.1261,-1.007,-0.370,0.396
1477752,1622,1875,1800,0.1531,0.1634,1.1266,-0.985,-0.402,0.358
1477762,1569,1899,1842,0.1535,0.1630,1.1265,-0.940,-0.402,0.316
1477772,1602,1888,1794,0.1536,0.1623,1.1275,-0.858,-0.381,0.266
1477782,1566,1914,1843,0.1535,0.1628,1.1276,-0.755,-0.367,0.205
1477792,1619,1881,1823,0.1536,0.1628,1.1276,-0.591,-0.339,0.143
1477802,1584,1930,1837,0.1536,0.1626,1.1278,-0.396,-0.318,0.074
1477812,1598,1887,1806,0.1532,0.1629,1.1275,-0.173,-0.294,-0.002
1477822,1557,1946,1855,0.1529,0.1636,1.1279,0.024,-0.268,-0.067
1477832,1596,1890,1814,0.1532,0.1639,1.1272,0.197,-0.237,-0.116
1477842,1566,1936,1870,0.1534,0.1643,1.1265,0.316,-0.220,-0.153
1477852,1601,1884,1808,0.1535,0.1646,1.1267,0.364,-0.220,-0.177
1477862,1564,1927,1868,0.1533,0.1654,1.1280,0.338,-0.198,-0.204
1477872,1626,1896,1820,0.1530,0.1661,1.1271,0.280,-0.164,-0.208
1477882,1571,1933,1897,0.1528,0.1658,1.1269,0.227,-0.172,-0.168
1477892,1618,1913,1843,0.1528,0.1655,1.1272,0.164,-0.166,-0.092
1477902,1564,1927,1863,0.1519,0.1651,1.1279,0.102,-0.154,0.008
1477912,1630,1889,1833,0.1524,0.1656,1.1264,0.058,-0.162,0.093
1477922,1573,1938,1874,0.1523,0.1655,1.1245,0.067,-0.146,0.155
1477932,1639,1880,1838,0.1519,0.1660,1.1248,0.085,-0.149,0.201
1477942,1577,1921,1874,0.1517,0.1659,1.1241,0.100,-0.152,0.228
1477952,1612,1898,1838,0.1520,0.1662,1.1244,0.093,-0.166,0.269
1477962,1569,1940,1897,0.1533,0.1662,1.1254,0.027,-0.185,0.331
1477972,1607,1904,1844,0.1535,0.1663,1.1247,-0.074,-0.194,0.410
1477982,1583,1915,1883,0.1535,0.1655,1.1257,-0.180,-0.187,0.490
1477992,1635,1906,1844,0.1532,0.1645,1.1260,-0.290,-0.169,0.540
1478002,1567,1947,1893,0.1535,0.1645,1.1248,-0.387,-0.154,0.591
1478012,1650,1890,1844,0.1529,0.1639,1.1263,-0.459,-0.170,0.636
1478022,1615,1933,1894,0.1536,0.1632,1.1262,-0.489,-0.174,0.670
1478032,1663,1898,1851,0.1530,0.1626,1.1268,-0.450,-0.168,0.698
1478042,1578,1940,1898,0.1528,0.1633,1.1272,-0.360,-0.129,0.716
1478052,1654,1891,1847,0.1525,0.1642,1.1265,-0.252,-0.105,0.716
1478062,1578,1935,1900,0.1524,0.1651,1.1266,-0.115,-0.079,0.712
1478072,1634,1900,1863,0.1514,0.1658,1.1275,-0.006,-0.076,0.702
1478082,1588,1929,1916,0.1502,0.1663,1.1265,0.036,-0.094,0.682
1478092,1623,1900,1867,0.1501,0.1670,1.1276,0.031,-0.133,0.650
1478102,1591,1935,1910,0.1505,0.1662,1.1274,-0.041,-0.170,0.626
1478112,1599,1894,1855,0.1501,0.1660,1.1277,-0.126,-0.194,0.602
1478122,1599,1919,1908,0.1513,0.1650,1.1274,-0.190,-0.185,0.573
1478132,1609,1883,1858,0.1520,0.1647,1.1274,-0.218,-0.186,0.551
1478142,1585,1951,1930,0.1518,0.1630,1.1277,-0.198,-0.192,0.502
1478152,1632,1901,1874,0.1512,0.1635,1.1266,-0.100,-0.175,0.440
1478162,1589,1930,1925,0.1513,0.1638,1.1261,0.074,-0.158,0.373
1478172,1635,1905,1883,0.1510,0.1635,1.1261,0.240,-0.146,0.315
1478182,1612,1923,1930,0.1517,0.1640,1.1261,0.378,-0.134,0.257
1478192,1670,1898,1874,0.1516,0.1655,1.1250,0.474,-0.119,0.221
1478202,1587,1928,1914,0.1510,0.1663,1.1251,0.522,-0.103,0.178
1478212,1657,1882,1877,0.1503,0.1663,1.1233,0.556,-0.103,0.141
1478222,1595,1924,1915,0.1508,0.1667,1.1235,0.536,-0.134,0.117
1478232,1665,1889,1882,0.1506,0.1672,1.1226,0.497,-0.165,0.104
1478242,1588,1936,1917,0.1516,0.1674,1.1246,0.472,-0.197,0.099
1478252,1655,1890,1869,0.1515,0.1682,1.1233,0.470,-0.203,0.090
1478262,1581,1940,1938,0.1515,0.1679,1.1241,0.469,-0.217,0.059
1478272,1660,1876,1853,0.1518,0.1672,1.1242,0.442,-0.228,0.035
1478282,1594,1906,1909,0.1517,0.1675,1.1250,0.368,-0.231,0.039
1478292,1635,1881,1877,0.1520,0.1676,1.1256,0.254,-0.221,0.052
1478302,1593,1913,1907,0.1515,0.1676,1.1263,0.139,-0.221,0.080
1478312,1639,1888,1877,0.1512,0.1676,1.1262,0.036,-0.208,0.108
1478322,1578,1922,1937,0.1512,0.1672,1.1263,-0.019,-0.224,0.145
1478332,1627,1887,1880,0.1517,0.1671,1.1268,-0.037,-0.215,0.161
1478342,1581,1913,1930,0.1522,0.1668,1.1260,-0.006,-0.202,0.161
1478352,1655,1878,1864,0.1520,0.1664,1.1260,0.037,-0.178,0.158
1478362,1605,1916,1922,0.1523,0.1662,1.1267,0.077,-0.153,0.170
1478372,1629,1869,1881,0.1527,0.1668,1.1267,0.064,-0.156,0.202
1478382,1593,1884,1909,0.1524,0.1679,1.1259,0.031,-0.138,0.238
1478392,1622,1879,1888,0.1523,0.1678,1.1269,-0.045,-0.145,0.268
1478402,1590,1908,1921,0.1517,0.1679,1.1256,-0.137,-0.152,0.295
1478412,1618,1869,1879,0.1507,0.1683,1.1244,-0.228,-0.175,0.329
1478422,1596,1903,1921,0.1507,0.1681,1.1245,-0.322,-0.193,0.369
1478432,1618,1873,1867,0.1512,0.1674,1.1245,-0.391,-0.200,0.391
1478442,1584,1910,1914,0.1515,0.1668,1.1248,-0.431,-0.196,0.398
1478452,1628,1901,1891,0.1515,0.1664,1.1255,-0.397,-0.185,0.403
1478462,1594,1907,1917,0.1512,0.1670,1.1241,-0.346,-0.184,0.404
1478472,1631,1879,1885,0.1513,0.1677,1.1238,-0.311,-0.185,0.386
1478482,1583,1895,1927,0.1509,0.1684,1.1245,-0.292,-0.183,0.359
1478492,1628,1869,1888,0.1512,0.1679,1.1245,-0.266,-0.204,0.321
1478502,1588,1902,1915,0.1516,0.1676,1.1258,-0.239,-0.219,0.302
1478512,1654,1874,1879,0.1511,0.1685,1.1269,-0.204,-0.230,0.286
1478522,1585,1903,1936,0.1505,0.1673,1.1269,-0.178,-0.226,0.252
1478532,1630,1877,1888,0.1511,0.1681,1.1273,-0.169,-0.208,0.226
1478542,1599,1909,1914,0.1512,0.1682,1.1274,-0.171,-0.218,0.210
1478552,1608,1882,1867,0.1513,0.1680,1.1283,-0.184,-0.241,0.195
1478562,1590,1898,1929,0.1521,0.1681,1.1274,-0.212,-0.261,0.156
1478572,1675,1865,1893,0.1522,0.1681,1.1271,-0.247,-0.294,0.123
1478582,1603,1904,1934,0.1530,0.1674,1.1273,-0.250,-0.305,0.095
1478592,1620,1859,1867,0.1532,0.1671,1.1254,-0.219,-0.312,0.092
1478602,1584,1884,1935,0.1534,0.1666,1.1236,-0.229,-0.343,0.098
1478612,1592,1889,1889,0.1532,0.1661,1.1235,-0.255,-0.362,0.124
1478622,1589,1904,1914,0.1536,0.1658,1.1234,-0.293,-0.349,0.140
1478632,1606,1868,1886,0.1538,0.1657,1.1244,-0.309,-0.326,0.159
1478642,1605,1890,1921,0.1542,0.1662,1.1251,-0.275,-0.323,0.167
1478652,1634,1867,1880,0.1541,0.1662,1.1246,-0.211,-0.314,0.167
1478662,1594,1885,1906,0.1537,0.1668,1.1243,-0.156,-0.292,0.155
1478672,1646,1862,1878,0.1532,0.1670,1.1243,-0.113,-0.252,0.145
1478682,1593,1899,1926,0.1540,0.1667,1.1258,-0.114,-0.238,0.148
1478692,1638,1862,1878,0.1537,0.1678,1.1275,-0.148,-0.243,0.155
1478702,1588,1888,1922,0.1543,0.1675,1.1271,-0.215,-0.214,0.162
1478712,1651,1864,1873,0.1541,0.1680,1.1280,-0.304,-0.232,0.179
1478722,1630,1883,1918,0.1543,0.1668,1.1273,-0.399,-0.228,0.199
1478732,1657,1867,1878,0.1530,0.1677,1.1252,-0.471,-0.179,0.243
1478742,1584,1883,1913,0.1513,0.1681,1.1249,-0.520,-0.172,0.285
1478752,1612,1868,1883,0.1507,0.1680,1.1261,-0.554,-0.172,0.290
1478762,1587,1892,1917,0.1514,0.1676,1.1257,-0.550,-0.180,0.293
1478772,1632,1860,1873,0.1520,0.1665,1.1262,-0.513,-0.201,0.294
1478782,1594,1875,1902,0.1524,0.1660,1.1260,-0.429,-0.208,0.301
1478792,1614,1862,1874,0.1518,0.1661,1.1257,-0.328,-0.197,0.300
1478802,1585,1883,1917,0.1523,0.1660,1.1266,-0.249,-0.175,0.295
1478812,1619,1872,1897,0.1519,0.1670,1.1256,-0.214,-0.170,0.291
1478822,1586,1893,1906,0.1518,0.1676,1.1266,-0.225,-0.186,0.298
1478832,1620,1858,1868,0.1517,0.1676,1.1271,-0.252,-0.199,0.289
1478842,1589,1900,1924,0.1528,0.1679,1.1270,-0.294,-0.229,0.274
1478852,1644,1866,1883,0.1530,0.1672,1.1266,-0.321,-0.225,0.269
1478862,1601,1887,1900,0.1530,0.1678,1.1280,-0.319,-0.220,0.272
1478872,1696,1867,1831,0.1535,0.1677,1.1284,-0.306,-0.210,0.256
1478882,1591,1877,1903,0.1530,0.1663,1.1275,-0.323,-0.230,0.229
1478892,1655,1862,1874,0.1544,0.1652,1.1281,-0.357,-0.245,0.214
1478902,1591,1878,1903,0.1537,0.1649,1.1270,-0.374,-0.252,0.197
1478912,1640,1862,1858,0.1537,0.1648,1.1271,-0.337,-0.256,0.176
1478922,1612,1871,1907,0.1529,0.1653,1.1278,-0.256,-0.235,0.150
1478932,1637,1860,1866,0.1523,0.1662,1.1274,-0.149,-0.214,0.123
1478942,1617,1880,1905,0.1516,0.1665,1.1270,-0.036,-0.167,0.101
1478952,1679,1859,1863,0.1510,0.1668,1.1265,0.021,-0.176,0.093
1478962,1596,1880,1920,0.1506,0.1663,1.1261,0.061,-0.189,0.081
1478972,1663,1864,1873,0.1509,0.1664,1.1259,0.082,-0.223,0.070
1478982,1600,1875,1908,0.1518,0.1668,1.1255,0.100,-0.265,0.081
1478992,1654,1860,1858,0.1524,0.1676,1.1260,0.102,-0.289,0.089
1479002,1625,1879,1918,0.1532,0.1679,1.1248,0.090,-0.298,0.094
1479012,1636,1866,1865,0.1531,0.1674,1.1254,0.060,-0.313,0.103
1479022,1599,1882,1918,0.1533,0.1670,1.1261,0.018,-0.328,0.114
1479032,1640,1859,1863,0.1530,0.1663,1.1258,0.005,-0.321,0.122
1479042,1604,1871,1923,0.1529,0.1662,1.1262,0.005,-0.313,0.146
1479052,1625,1859,1873,0.1525,0.1668,1.1260,0.006,-0.285,0.160
1479062,1588,1884,1922,0.1523,0.1670,1.1260,0.018,-0.269,0.163
1479072,1609,1858,1864,0.1527,0.1670,1.1250,0.048,-0.250,0.168
1479082,1606,1870,1909,0.1533,0.1672,1.1249,0.062,-0.248,0.179
1479092,1633,1859,1879,0.1536,0.1669,1.1249,0.054,-0.227,0.178
1479102,1597,1874,1911,0.1535,0.1668,1.1245,0.030,-0.220,0.179
1479112,1630,1858,1871,0.1527,0.1664,1.1235,0.014,-0.219,0.203
1479122,1591,1873,1916,0.1523,0.1667,1.1232,0.000,-0.203,0.232
1479132,1635,1858,1878,0.1530,0.1677,1.1251,-0.008,-0.191,0.259
1479142,1601,1868,1930,0.1530,0.1675,1.1245,0.033,-0.175,0.282
1479152,1638,1858,1880,0.1530,0.1672,1.1255,0.099,-0.155,0.296
1479162,1591,1870,1923,0.1527,0.1669,1.1243,0.178,-0.140,0.296
1479172,1627,1861,1875,0.1527,0.1670,1.1249,0.236,-0.141,0.299
1479182,1596,1878,1932,0.1524,0.1678,1.1246,0.266,-0.146,0.276
1479192,1622,1871,1895,0.1521,0.1683,1.1256,0.260,-0.142,0.261
1479202,1600,1883,1927,0.1530,0.1676,1.1255,0.206,-0.156,0.259
1479212,1633,1864,1883,0.1522,0.1672,1.1258,0.120,-0.167,0.268
1479222,1596,1904,1951,0.1526,0.1674,1.1255,0.022,-0.181,0.283
1479232,1639,1871,1900,0.1523,0.1669,1.1258,-0.061,-0.198,0.294
1479242,1596,1905,1945,0.1518,0.1671,1.1252,-0.116,-0.191,0.290
1479252,1623,1872,1903,0.1519,0.1673,1.1252,-0.123,-0.197,0.287
1479262,1608,1899,1950,0.1512,0.1673,1.1255,-0.105,-0.191,0.275
1479272,1630,1900,1925,0.1515,0.1664,1.1254,-0.061,-0.196,0.263
1479282,1597,1933,1960,0.1515,0.1667,1.1256,-0.001,-0.184,0.267
1479292,1654,1900,1910,0.1508,0.1671,1.1250,0.054,-0.179,0.273
1479302,1610,1933,1973,0.1512,0.1670,1.1240,0.099,-0.182,0.266
1479312,1676,1885,1930,0.1509,0.1675,1.1251,0.129,-0.184,0.246
1479322,1624,1910,1965,0.1504,0.1688,1.1259,0.126,-0.183,0.230
1479332,1719,1896,1937,0.1511,0.1696,1.1255,0.132,-0.204,0.231
1479342,1645,1919,1991,0.1517,0.1688,1.1242,0.093,-0.224,0.232
1479352,1707,1904,1947,0.1515,0.1690,1.1237,0.020,-0.225,0.235
1479362,1683,1949,1987,0.1517,0.1684,1.1249,-0.062,-0.237,0.249
1479372,1761,1915,1946,0.1514,0.1686,1.1247,-0.136,-0.227,0.243
1479382,1694,1946,1987,0.1504,0.1686,1.1246,-0.196,-0.240,0.234
1479392,1770,1915,1951,0.1503,0.1687,1.1243,-0.238,-0.246,0.238
1479402,1714,1939,1994,0.1502,0.1690,1.1252,-0.242,-0.239,0.240
1479412,1806,1945,1941,0.1504,0.1696,1.1240,-0.223,-0.251,0.232
1479422,1697,1954,1982,0.1510,0.1697,1.1238,-0.185,-0.243,0.222
1479432,1777,1931,1962,0.1512,0.1688,1.1248,-0.138,-0.235,0.207
1479442,1714,1959,2006,0.1513,0.1687,1.1248,-0.099,-0.215,0.200
1479452,1783,1944,1959,0.1513,0.1685,1.1242,-0.099,-0.216,0.203
1479462,1734,1967,2012,0.1514,0.1676,1.1255,-0.117,-0.229,0.197
1479472,1771,1958,1969,0.1523,0.1676,1.1244,-0.159,-0.247,0.202
1479482,1721,1956,2014,0.1528,0.1673,1.1251,-0.204,-0.250,0.209
1479492,1784,1947,1996,0.1526,0.1679,1.1255,-0.257,-0.250,0.205
1479502,1701,1965,2025,0.1528,0.1684,1.1246,-0.301,-0.249,0.205
1479512,1758,1938,1977,0.1526,0.1680,1.1256,-0.338,-0.258,0.210
1479522,1724,1955,2013,0.1522,0.1673,1.1252,-0.367,-0.272,0.211
1479532,1784,1953,1990,0.1522,0.1677,1.1252,-0.376,-0.269,0.210
1479542,1739,1956,2032,0.1521,0.1676,1.1252,-0.373,-0.263,0.207
1479552,1809,1938,1989,0.1519,0.1679,1.1247,-0.354,-0.255,0.203
1479562,1747,1933,2013,0.1519,0.1669,1.1254,-0.330,-0.254,0.209
1479572,1817,1932,1973,0.1527,0.1665,1.1263,-0.316,-0.239,0.225
1479582,1738,1956,2019,0.1523,0.1668,1.1260,-0.312,-0.215,0.241
1479592,1821,1933,1989,0.1517,0.1670,1.1263,-0.308,-0.195,0.260
1479602,1737,1937,2006,0.1524,0.1667,1.1263,-0.302,-0.198,0.277
1479612,1789,1954,1987,0.1520,0.1669,1.1268,-0.289,-0.202,0.261
1479622,1799,1943,2000,0.1532,0.1673,1.1279,-0.285,-0.207,0.247
1479632,1778,1916,1986,0.1531,0.1679,1.1286,-0.298,-0.200,0.242
1479642,1718,1945,2014,0.1528,0.1679,1.1277,-0.290,-0.207,0.242
1479652,1817,1919,1985,0.1519,0.1669,1.1277,-0.289,-0.204,0.241
1479662,1731,1916,2004,0.1527,0.1666,1.1280,-0.295,-0.196,0.232
1479672,1782,1913,1973,0.1521,0.1672,1.1265,-0.285,-0.208,0.235
1479682,1659,1923,2001,0.1521,0.1674,1.1264,-0.241,-0.203,0.244
1479692,1725,1912,1975,0.1519,0.1672,1.1264,-0.195,-0.195,0.237
1479702,1710,1912,1992,0.1516,0.1667,1.1251,-0.158,-0.196,0.230
1479712,1768,1904,1963,0.1517,0.1663,1.1245,-0.121,-0.206,0.230
1479722,1685,1910,2011,0.1511,0.1673,1.1246,-0.097,-0.209,0.228
1479732,1757,1901,1952,0.1518,0.1675,1.1249,-0.078,-0.214,0.227
1479742,1687,1910,1995,0.1517,0.1673,1.1247,-0.065,-0.217,0.215
1479752,1755,1900,1975,0.1519,0.1674,1.1250,-0.077,-0.226,0.204
1479762,1664,1905,1991,0.1517,0.1672,1.1241,-0.114,-0.234,0.207
1479772,1727,1887,1962,0.1514,0.1669,1.1246,-0.151,-0.231,0.216
1479782,1700,1888,1982,0.1513,0.1671,1.1264,-0.172,-0.230,0.222
1479792,1744,1889,1952,0.1509,0.1674,1.1273,-0.164,-0.223,0.212
1479802,1651,1891,1977,0.1507,0.1668,1.1272,-0.162,-0.217,0.217
1479812,1733,1893,1961,0.1515,0.1669,1.1277,-0.158,-0.214,0.215
1479822,1640,1888,1966,0.1513,0.1679,1.1268,-0.180,-0.200,0.213
1479832,1727,1877,1938,0.1515,0.1681,1.1275,-0.226,-0.210,0.195
1479842,1651,1893,1988,0.1514,0.1678,1.1268,-0.280,-0.213,0.180
1479852,1699,1880,1934,0.1515,0.1675,1.1269,-0.309,-0.221,0.172
1479862,1634,1882,1982,0.1516,0.1674,1.1278,-0.299,-0.213,0.172
1479872,1681,1879,1957,0.1512,0.1679,1.1263,-0.266,-0.188,0.185
1479882,1631,1886,1955,0.1508,0.1681,1.1261,-0.216,-0.184,0.183
1479892,1661,1889,1930,0.1508,0.1682,1.1258,-0.184,-0.178,0.182
1479902,1635,1881,1946,0.1506,0.1680,1.1257,-0.189,-0.181,0.174
1479912,1669,1877,1920,0.1519,0.1679,1.1272,-0.213,-0.200,0.167
1479922,1642,1875,1947,0.1515,0.1672,1.1265,-0.250,-0.212,0.162
1479932,1672,1869,1918,0.1516,0.1663,1.1257,-0.280,-0.230,0.165
1479942,1643,1870,1945,0.1516,0.1657,1.1267,-0.318,-0.262,0.181
1479952,1680,1873,1917,0.1525,0.1651,1.1272,-0.346,-0.281,0.198
1479962,1627,1868,1929,0.1531,0.1652,1.1266,-0.307,-0.284,0.210
1479972,1675,1867,1919,0.1529,0.1652,1.1267,-0.226,-0.275,0.212
1479982,1644,1864,1916,0.1525,0.1643,1.1264,-0.134,-0.261,0.202
1479992,1666,1865,1906,0.1524,0.1651,1.1260,-0.034,-0.240,0.192
1480002,1641,1864,1927,0.1520,0.1649,1.1252,0.051,-0.229,0.190
1480012,1640,1865,1914,0.1522,0.1653,1.1241,0.095,-0.219,0.193
1480022,1628,1866,1902,0.1516,0.1653,1.1235,0.115,-0.196,0.219
1480032,1644,1867,1899,0.1514,0.1664,1.1241,0.119,-0.189,0.251
1480042,1641,1866,1918,0.1510,0.1668,1.1253,0.087,-0.181,0.283
1480052,1634,1869,1897,0.1510,0.1671,1.1256,0.034,-0.170,0.303
1480062,1649,1863,1893,0.1507,0.1673,1.1253,-0.027,-0.182,0.317
1480072,1649,1867,1877,0.1508,0.1680,1.1262,-0.055,-0.204,0.325
1480082,1639,1865,1878,0.1519,0.1685,1.1258,-0.057,-0.209,0.318
1480092,1647,1867,1896,0.1515,0.1685,1.1251,-0.042,-0.205,0.314
1480102,1661,1867,1880,0.1515,0.1685,1.1248,-0.035,-0.205,0.285
1480112,1630,1871,1885,0.1524,0.1681,1.1254,-0.050,-0.201,0.248
1480122,1670,1868,1863,0.1521,0.1677,1.1252,-0.071,-0.196,0.250
1480132,1652,1871,1890,0.1521,0.1678,1.1243,-0.109,-0.197,0.261
1480142,1632,1870,1866,0.1526,0.1676,1.1238,-0.128,-0.205,0.261
1480152,1640,1869,1864,0.1525,0.1671,1.1252,-0.141,-0.223,0.250
1480162,1656,1864,1863,0.1521,0.1674,1.1245,-0.132,-0.219,0.239
1480172,1642,1870,1846,0.1520,0.1675,1.1243,-0.097,-0.193,0.236
1480182,1671,1865,1861,0.1518,0.1680,1.1242,-0.072,-0.176,0.247
1480192,1649,1868,1825,0.1513,0.1686,1.1239,-0.059,-0.174,0.252
1480202,1656,1866,1866,0.1505,0.1683,1.1250,-0.048,-0.181,0.263
1480212,1642,1870,1827,0.1508,0.1683,1.1260,-0.041,-0.180,0.254
1480222,1700,1862,1873,0.1512,0.1681,1.1247,-0.045,-0.194,0.228
1480232,1630,1870,1837,0.1519,0.1680,1.1255,-0.066,-0.200,0.216
1480242,1655,1867,1868,0.1520,0.1684,1.1251,-0.108,-0.203,0.205
1480252,1636,1863,1853,0.1511,0.1675,1.1256,-0.168,-0.226,0.180
1480262,1658,1870,1842,0.1518,0.1671,1.1252,-0.193,-0.240,0.181
1480272,1646,1862,1850,0.1512,0.1669,1.1252,-0.202,-0.245,0.168
1480282,1651,1866,1833,0.1509,0.1668,1.1253,-0.184,-0.247,0.165
1480292,1636,1866,1852,0.1516,0.1672,1.1247,-0.151,-0.240,0.168
1480302,1662,1867,1836,0.1521,0.1674,1.1258,-0.130,-0.225,0.167
1480312,1646,1879,1812,0.1520,0.1678,1.1249,-0.128,-0.218,0.159
1480322,1633,1864,1823,0.1516,0.1681,1.1250,-0.122,-0.200,0.167
1480332,1649,1867,1830,0.1515,0.1684,1.1251,-0.124,-0.213,0.178
1480342,1646,1868,1825,0.1511,0.1679,1.1257,-0.129,-0.216,0.188
1480352,1664,1872,1813,0.1512,0.1678,1.1269,-0.136,-0.226,0.176
1480362,1647,1873,1833,0.1511,0.1675,1.1270,-0.161,-0.240,0.162
1480372,1643,1872,1806,0.1514,0.1675,1.1265,-0.178,-0.245,0.162
1480382,1657,1869,1823,0.1510,0.1674,1.1264,-0.204,-0.264,0.174
1480392,1639,1869,1808,0.1511,0.1673,1.1260,-0.228,-0.255,0.189
1480402,1644,1874,1811,0.1511,0.1671,1.1266,-0.230,-0.234,0.211
1480412,1637,1881,1804,0.1510,0.1681,1.1265,-0.217,-0.217,0.222
1480422,1649,1866,1810,0.1513,0.1681,1.1271,-0.180,-0.216,0.226
1480432,1648,1887,1802,0.1515,0.1677,1.1273,-0.145,-0.234,0.216
1480442,1649,1870,1798,0.1524,0.1673,1.1272,-0.096,-0.241,0.199
1480452,1649,1880,1795,0.1526,0.1669,1.1261,-0.059,-0.240,0.183
1480462,1642,1873,1802,0.1516,0.1676,1.1257,-0.051,-0.234,0.176
1480472,1653,1881,1811,0.1522,0.1678,1.1267,-0.044,-0.225,0.176
1480482,1648,1863,1790,0.1519,0.1672,1.1265,-0.057,-0.215,0.182
1480492,1645,1883,1789,0.1518,0.1673,1.1266,-0.053,-0.202,0.197
1480502,1643,1864,1811,0.1520,0.1674,1.1271,-0.029,-0.202,0.208
1480512,1645,1884,1790,0.1518,0.1677,1.1277,0.013,-0.206,0.197
1480522,1672,1868,1794,0.1522,0.1683,1.1271,0.074,-0.196,0.208
1480532,1662,1896,1790,0.1527,0.1699,1.1264,0.127,-0.198,0.218
1480542,1682,1867,1801,0.1516,0.1703,1.1274,0.176,-0.181,0.222
1480552,1641,1877,1790,0.1512,0.1706,1.1272,0.201,-0.167,0.216
1480562,1654,1872,1795,0.1515,0.1719,1.1282,0.185,-0.164,0.220
1480572,1646,1873,1790,0.1508,0.1715,1.1278,0.137,-0.179,0.218
1480582,1649,1871,1796,0.1508,0.1722,1.1268,0.039,-0.198,0.225
1480592,1653,1878,1791,0.1507,0.1717,1.1274,-0.083,-0.218,0.233
1480602,1648,1878,1793,0.1500,0.1703,1.1271,-0.198,-0.229,0.242
1480612,1654,1892,1800,0.1501,0.1701,1.1266,-0.255,-0.242,0.257
1480622,1650,1889,1790,0.1513,0.1688,1.1269,-0.282,-0.262,0.256
1480632,1656,1905,1811,0.1518,0.1682,1.1271,-0.269,-0.275,0.245
1480642,1648,1873,1790,0.1523,0.1678,1.1267,-0.248,-0.270,0.244
1480652,1656,1886,1799,0.1523,0.1690,1.1256,-0.197,-0.263,0.270
1480662,1666,1877,1793,0.1516,0.1693,1.1264,-0.148,-0.257,0.291
1480672,1632,1881,1797,0.1517,0.1701,1.1245,-0.105,-0.253,0.294
1480682,1720,1870,1789,0.1513,0.1710,1.1247,-0.080,-0.241,0.313
1480692,1633,1908,1814,0.1512,0.1717,1.1245,-0.069,-0.214,0.345
1480702,1649,1881,1787,0.1503,0.1726,1.1248,-0.097,-0.194,0.372
1480712,1645,1901,1804,0.1506,0.1734,1.1248,-0.185,-0.203,0.380
1480722,1639,1881,1788,0.1511,0.1730,1.1258,-0.289,-0.228,0.382
1480732,1645,1911,1813,0.1505,0.1720,1.1264,-0.417,-0.248,0.365
1480742,1670,1887,1794,0.1500,0.1716,1.1261,-0.552,-0.262,0.348
1480752,1630,1895,1806,0.1500,0.1706,1.1252,-0.714,-0.294,0.341
1480762,1654,1874,1792,0.1502,0.1694,1.1262,-0.877,-0.336,0.320
1480772,1632,1890,1821,0.1510,0.1676,1.1264,-1.003,-0.368,0.284
1480782,1657,1879,1798,0.1509,0.1667,1.1249,-1.038,-0.375,0.247
1480792,1645,1910,1828,0.1515,0.1656,1.1243,-0.952,-0.359,0.197
1480802,1648,1880,1792,0.1515,0.1657,1.1241,-0.776,-0.337,0.158
1480812,1634,1909,1839,0.1512,0.1664,1.1243,-0.535,-0.306,0.132
1480822,1672,1876,1801,0.1511,0.1668,1.1244,-0.288,-0.276,0.097
1480832,1645,1903,1836,0.1505,0.1673,1.1241,-0.056,-0.266,0.067
1480842,1656,1883,1795,0.1502,0.1690,1.1253,0.115,-0.262,0.023
1480852,1634,1922,1856,0.1506,0.1700,1.1255,0.200,-0.255,0.001
1480862,1638,1889,1815,0.1513,0.1706,1.1259,0.167,-0.270,-0.008
1480872,1637,1911,1855,0.1514,0.1705,1.1256,0.049,-0.301,-0.019
1480882,1661,1885,1801,0.1519,0.1699,1.1257,-0.128,-0.322,-0.029
1480892,1657,1901,1833,0.1527,0.1695,1.1264,-0.310,-0.339,-0.025
1480902,1654,1879,1802,0.1526,0.1678,1.1264,-0.455,-0.363,-0.018
1480912,1675,1904,1839,0.1519,0.1668,1.1263,-0.523,-0.380,-0.021
1480922,1684,1880,1804,0.1521,0.1652,1.1274,-0.479,-0.386,-0.037
1480932,1654,1894,1841,0.1522,0.1648,1.1269,-0.353,-0.383,-0.066
1480942,1676,1886,1801,0.1529,0.1646,1.1263,-0.173,-0.359,-0.088
1480952,1644,1910,1821,0.1534,0.1647,1.1262,0.023,-0.327,-0.099
1480962,1677,1890,1809,0.1529,0.