4210537,1868,1927,1876,0.0523,0.4040,1.0642,-3.560,-3.294,-1.764
4210547,1862,1897,1905,0.0564,0.4079,1.0633,-3.533,-3.188,-1.360
4210557,1890,1937,1890,0.0556,0.4077,1.0677,-3.854,-3.257,-0.884
4210567,1855,1883,1911,0.0491,0.4029,1.0615,-3.957,-3.273,-1.323
4210577,1898,1926,1886,0.0511,0.4084,1.0614,-3.712,-3.136,-0.914
4210587,1860,1884,1907,0.0515,0.4114,1.0684,-3.724,-3.203,-0.326
4210597,1925,1938,1884,0.0462,0.4056,1.0631,-3.710,-3.202,-0.872
4210607,1864,1902,1909,0.0478,0.4033,1.0628,-3.629,-3.119,-1.023
4210617,1892,1939,1876,0.0493,0.4015,1.0666,-3.729,-3.231,-0.677
4210627,1862,1891,1911,0.0478,0.3973,1.0662,-3.644,-3.232,-0.660
4210637,1874,1928,1889,0.0485,0.3984,1.0654,-3.477,-3.099,-0.300
4210647,1860,1898,1908,0.0489,0.3981,1.0644,-3.320,-2.940,0.163
4210657,1887,1918,1883,0.0471,0.3981,1.0610,-3.129,-2.879,0.224
4210667,1855,1897,1913,0.0510,0.4029,1.0646,-2.950,-2.918,0.611
4210677,1885,1942,1880,0.0530,0.4026,1.0658,-2.830,-2.986,0.841
4210687,1859,1891,1914,0.0503,0.3987,1.0646,-2.788,-2.975,0.533
4210697,1879,1934,1883,0.0508,0.3970,1.0686,-2.877,-3.041,0.459
4210707,1862,1894,1916,0.0530,0.3975,1.0641,-2.969,-2.865,0.875
4210717,1935,1940,1884,0.0572,0.3981,1.0651,-3.054,-2.840,1.249
4210727,1860,1891,1913,0.0572,0.3937,1.0695,-3.307,-3.098,1.162
4210737,2013,1959,1881,0.0550,0.3905,1.0690,-3.334,-3.094,0.848
4210747,1858,1896,1910,0.0563,0.3932,1.0675,-3.195,-2.884,1.073
4210757,1885,1944,1886,0.0555,0.3947,1.0653,-3.128,-2.690,1.279
4210767,1857,1889,1917,0.0554,0.3966,1.0672,-3.061,-2.688,1.284
4210777,1885,1942,1883,0.0561,0.3972,1.0698,-3.082,-2.828,1.312
4210787,1858,1904,1917,0.0563,0.3969,1.0704,-3.200,-2.875,1.333
4210797,1877,1949,1885,0.0579,0.3972,1.0721,-3.502,-2.913,1.376
4210807,1897,1935,1913,0.0590,0.3989,1.0729,-3.859,-2.957,1.402
4210817,1866,1931,1892,0.0604,0.3987,1.0726,-4.225,-2.953,1.475
4210827,1860,1899,1922,0.0605,0.3988,1.0748,-4.602,-2.999,1.535
4210837,1918,2027,1869,0.0595,0.3972,1.0761,-5.004,-3.045,1.536
4210847,1886,1952,1933,0.0589,0.3996,1.0759,-5.387,-3.013,1.747
4210857,1856,1905,1900,0.0600,0.4029,1.0790,-5.847,-3.049,2.141
4210867,1856,1888,1930,0.0633,0.4040,1.0821,-6.532,-3.179,2.463
4210877,1858,1936,1883,0.0647,0.4016,1.0851,-7.397,-3.221,2.671
4210887,1918,1934,1923,0.0651,0.3991,1.0875,-8.479,-3.294,2.918
4210897,1922,1998,1898,0.0695,0.3999,1.0928,-9.778,-3.446,3.570
4210907,1872,2068,1920,0.0738,0.3999,1.0979,-11.210,-3.531,4.301
4210917,1858,1934,1923,0.0763,0.3995,1.1044,-12.684,-3.477,4.877
4210927,1883,1878,1932,0.0798,0.4021,1.1084,-14.219,-3.320,5.444
4210937,1864,1998,1901,0.0852,0.4069,1.1154,-15.776,-3.067,6.189
4210947,1864,1937,1906,0.0904,0.4052,1.1198,-17.384,-2.946,6.559
4210957,2049,1967,1904,0.0964,0.3943,1.1198,-18.860,-2.717,6.630
4210967,2044,1922,1932,0.0975,0.3941,1.1284,-20.802,-2.363,7.447
4210977,2026,1941,1936,0.0964,0.3972,1.1338,-22.864,-1.782,8.775
4210987,1929,2096,1981,0.0935,0.4001,1.1341,-25.061,-0.888,10.033
4210997,2123,1962,1922,0.0841,0.4003,1.1246,-27.738,-0.005,11.026
4211007,1894,1875,1963,0.0753,0.3998,1.0943,-30.452,0.871,12.031
4211017,2973,2233,1891,0.0676,0.3974,1.0556,-32.750,1.323,12.972
4211027,2307,2142,1960,0.0833,0.3803,1.0494,-34.849,0.559,14.006
4211037,1888,2195,1877,0.1118,0.3640,1.1243,-38.204,-2.388,15.114
4211047,2127,1974,1982,0.1421,0.3294,1.1925,-42.316,-3.985,16.367
4211057,1865,2012,1920,0.1670,0.2968,1.2038,-45.384,-1.353,18.093
4211067,1865,1961,1999,0.1899,0.2853,1.2259,-49.107,2.799,21.341
4211077,1931,2094,1906,0.2005,0.2942,1.2467,-53.790,6.772,24.689
4211087,2098,2275,1943,0.1967,0.2979,1.2547,-58.273,11.355,27.557
4211097,1926,1950,1931,0.1835,0.3108,1.2667,-64.249,15.253,29.348
4211107,1943,1865,2005,0.1619,0.3170,1.2512,-69.327,18.334,30.603
4211117,1852,1997,1926,0.1364,0.2981,1.2350,-72.949,20.753,31.076
4211127,1853,1878,1991,0.1058,0.2670,1.2282,-75.094,22.175,31.278
4211137,1856,2084,1911,0.0746,0.2336,1.2189,-75.542,23.028,31.218
4211147,1851,1949,1979,0.0529,0.2085,1.2133,-74.365,23.508,30.981
4211157,1849,1965,1934,0.0416,0.1930,1.2057,-71.008,23.572,30.476
4211167,1853,1987,1954,0.0375,0.1802,1.2031,-65.342,23.482,29.525
4211177,1856,1943,1950,0.0359,0.1680,1.2085,-57.679,23.140,28.355
4211187,1881,1950,1967,0.0311,0.1571,1.2113,-48.293,23.019,27.435
4211197,1871,1986,1910,0.0247,0.1463,1.2229,-37.984,23.000,27.080
4211207,1848,1951,1963,0.0169,0.1381,1.2348,-28.071,23.024,27.369
4211217,1952,1947,1938,0.0103,0.1349,1.2375,-19.101,23.226,28.270
4211227,1853,1962,1941,0.0027,0.1366,1.2421,-11.688,23.222,29.511
4211237,1913,2001,1927,-0.0031,0.1418,1.2456,-5.619,22.938,30.818
4211247,1965,1973,1958,-0.0070,0.1474,1.2471,-0.748,22.570,31.950
4211257,1996,2040,2032,-0.0132,0.1546,1.2466,3.116,22.100,32.894
4211267,1974,1964,2086,-0.0136,0.1599,1.2443,6.127,21.638,33.879
4211277,2121,1989,1972,-0.0139,0.1603,1.2446,8.170,21.180,34.816
4211287,1890,1904,1961,-0.0168,0.1586,1.2396,9.343,20.870,35.737
4211297,1870,1955,1982,-0.0165,0.1513,1.2262,9.827,21.071,36.866
4211307,1972,2049,1945,-0.0131,0.1319,1.2185,9.124,21.278,37.950
4211317,1881,1967,1947,-0.0065,0.1059,1.2135,7.451,21.221,38.962
4211327,1861,1985,1949,0.0018,0.0799,1.2073,5.508,21.148,40.136
4211337,2155,1942,1948,0.0080,0.0644,1.2037,3.765,21.103,41.745
4211347,1937,1953,1952,0.0112,0.0574,1.1964,2.925,21.115,43.679
4211357,1858,1962,1905,0.0035,0.0550,1.1785,3.525,21.150,45.346
4211367,1854,1989,1923,-0.0040,0.0559,1.1632,5.623,21.030,46.593
4211377,1847,1980,1881,-0.0072,0.0496,1.1589,8.839,20.596,47.433
4211387,1850,1924,1922,-0.0087,0.0394,1.1591,12.884,20.176,47.967
4211397,1873,1974,1922,-0.0068,0.0388,1.1587,17.627,20.314,49.080
4211407,1877,1927,1917,-0.0076,0.0485,1.1553,22.637,20.944,50.643
4211417,1848,1963,1921,-0.0086,0.0657,1.1573,27.460,21.659,52.148
4211427,1860,2150,1918,-0.0095,0.0860,1.1616,32.302,22.367,53.169
4211437,1848,1979,1919,-0.0121,0.1066,1.1644,37.535,23.140,53.634
4211447,1847,1920,1917,-0.0183,0.1287,1.1641,43.186,23.993,53.774
4211457,1845,1999,1880,-0.0226,0.1496,1.1649,48.876,24.791,53.735
4211467,1853,1925,1899,-0.0266,0.1710,1.1667,54.009,25.450,53.508
4211477,2325,2038,1870,-0.0301,0.1954,1.1631,58.441,26.200,53.257
4211487,1852,1952,1935,-0.0312,0.2264,1.1577,62.063,26.978,53.230
4211497,1971,1981,1867,-0.0352,0.2549,1.1425,64.964,27.851,52.985
4211507,1883,1939,1922,-0.0357,0.2731,1.1242,67.147,28.612,52.037
4211517,1918,1927,1924,-0.0365,0.2844,1.1175,68.330,28.388,50.657
4211527,1870,1914,1927,-0.0434,0.2980,1.1147,68.823,27.735,49.607
4211537,1862,1963,1886,-0.0501,0.3216,1.0968,69.004,27.469,49.665
4211547,1857,1989,1905,-0.0570,0.3515,1.0709,68.753,27.338,50.286
4211557,1852,2238,1862,-0.0618,0.3771,1.0545,67.697,26.487,50.338
4211567,1860,1889,1936,-0.0672,0.3940,1.0437,65.808,24.975,49.270
4211577,1868,2055,1868,-0.0696,0.4051,1.0313,63.532,23.682,47.852
4211587,1875,1911,1913,-0.0679,0.4194,1.0182,60.706,22.607,46.815
4211597,1875,2002,1889,-0.0673,0.4354,1.0125,57.409,21.544,45.705
4211607,1892,1892,1949,-0.0706,0.4555,1.0115,53.767,20.606,44.276
4211617,1934,1898,1868,-0.0726,0.4764,1.0064,49.931,20.001,42.485
4211627,1879,1961,1896,-0.0774,0.4976,1.0017,45.973,19.692,40.172
4211637,1899,1923,1871,-0.0795,0.5165,1.0057,41.725,19.348,37.265
4211647,1959,1910,1912,-0.0776,0.5257,1.0103,37.176,19.032,33.711
4211657,1961,1958,1860,-0.0769,0.5253,1.0136,32.474,19.122,29.589
4211667,1889,1889,1935,-0.0741,0.5210,1.0194,27.665,19.669,25.446
4211677,1993,2013,1868,-0.0717,0.5170,1.0242,22.874,20.750,21.683
4211687,1847,1932,1902,-0.0702,0.5125,1.0292,18.203,22.356,18.103
4211697,1868,1940,1891,-0.0721,0.5094,1.0310,13.830,24.421,14.512
4211707,1874,1953,1885,-0.0763,0.5107,1.0401,9.922,26.637,10.951
4211717,1972,1976,1875,-0.0757,0.5109,1.0555,6.353,28.947,7.363
4211727,2337,1932,1896,-0.0789,0.5024,1.0631,3.092,31.689,3.408
4211737,2046,1909,1909,-0.0844,0.4922,1.0648,0.179,34.849,-0.620
4211747,1893,1884,1909,-0.0881,0.4778,1.0628,-2.623,37.986,-4.128
4211757,1863,1922,1903,-0.0992,0.4600,1.0572,-5.216,41.003,-7.398
4211767,1907,1858,2056,-0.1087,0.4425,1.0454,-7.354,43.903,-10.043
4211777,1872,1926,1911,-0.1199,0.4267,1.0343,-8.910,46.478,-11.945
4211787,1847,1996,2269,-0.1359,0.4160,1.0253,-9.919,48.579,-13.379
4211797,1889,1896,1935,-0.1543,0.4154,1.0236,-10.584,50.090,-14.171
4211807,1913,1931,2280,-0.1718,0.4147,1.0219,-11.030,51.206,-14.574
4211817,1847,1934,1973,-0.1861,0.4110,1.0313,-11.723,51.373,-15.055
4211827,1868,1879,2555,-0.2043,0.3998,1.0343,-13.062,50.715,-15.564
4211837,1846,1861,2451,-0.2205,0.3776,1.0169,-14.709,49.679,-15.232
4211847,1880,1895,2627,-0.2450,0.3483,0.9807,-16.547,47.761,-13.878
4211857,2118,1904,1997,-0.2724,0.3095,0.9276,-18.477,44.327,-11.576
4211867,2054,1991,2086,-0.3154,0.2622,0.8629,-19.494,39.182,-9.062
4211877,1932,1957,1919,-0.3588,0.2140,0.7931,-18.797,32.075,-6.229
4211887,1949,2080,1953,-0.3900,0.1578,0.7243,-15.382,22.761,-3.011
4211897,1939,1910,2012,-0.4107,0.0924,0.6502,-9.043,11.233,-0.084
4211907,1901,1910,1862,-0.4134,0.0258,0.5666,0.908,-1.931,3.425
4211917,1956,1987,2053,-0.3758,-0.0161,0.5275,18.279,-20.658,12.179
4211927,1975,1885,1865,-0.3294,-0.0095,0.5054,37.303,-37.731,23.327
4211937,1988,1875,1895,-0.2680,0.0445,0.5308,56.188,-53.213,36.692
4211947,1857,1876,1931,-0.2085,0.0953,0.5627,73.726,-66.942,48.157
4211957,1964,1924,1926,-0.1493,0.1408,0.5718,89.169,-78.037,57.069
4211967,1913,1893,1910,-0.0739,0.2074,0.6233,100.995,-87.515,66.735
4211977,1939,1900,1864,-0.0100,0.2579,0.6771,107.060,-95.827,75.232
4211987,2020,1951,1969,0.0232,0.2877,0.7010,108.887,-101.633,80.399
4211997,1843,1900,2063,0.0706,0.3401,0.7398,106.774,-105.760,86.521
4212007,1842,1858,1925,0.1212,0.4008,0.7833,101.321,-108.577,93.510
4212017,2039,1879,1866,0.1507,0.4483,0.8117,94.202,-109.512,97.836
4212027,1952,1871,1909,0.1776,0.4973,0.8405,86.112,-109.153,100.496
4212037,1924,1868,1948,0.2041,0.5407,0.8590,77.957,-107.635,102.346
4212047,1874,1870,1865,0.2266,0.5732,0.8736,70.124,-105.230,102.832
4212057,2081,1895,1900,0.2482,0.6000,0.8919,62.278,-102.563,102.294
4212067,1859,1901,1917,0.2692,0.6250,0.9070,54.959,-99.198,101.155
4212077,1986,1935,1896,0.2936,0.6513,0.9246,48.407,-94.985,99.688
4212087,1861,1921,2006,0.3191,0.6761,0.9448,42.526,-90.006,97.419
4212097,1926,1871,1876,0.3449,0.7027,0.9621,37.345,-84.083,94.092
4212107,1886,1879,1887,0.3708,0.7335,0.9758,32.928,-77.153,89.847
4212117,1965,1893,1865,0.3912,0.7598,0.9864,29.066,-69.567,84.158
4212127,1905,1860,1870,0.4081,0.7793,0.9929,25.690,-61.560,77.223
4212137,1966,1873,1858,0.4189,0.7945,0.9936,22.836,-53.135,69.784
4212147,1881,1857,1900,0.4254,0.8035,0.9900,20.480,-44.545,62.051
4212157,1854,1857,1996,0.4287,0.8089,0.9885,18.202,-36.159,54.196
4212167,1845,1865,1888,0.4286,0.8140,0.9876,15.984,-28.109,46.506
4212177,1853,1910,1865,0.4288,0.8170,0.9871,13.929,-20.295,39.117
4212187,1853,1880,1873,0.4280,0.8182,0.9843,11.794,-12.906,32.009
4212197,1853,1876,1868,0.4244,0.8157,0.9717,9.429,-6.050,25.106
4212207,1864,1874,1945,0.4181,0.8068,0.9545,6.825,0.125,18.476
4212217,1845,1966,1862,0.4102,0.7938,0.9418,3.967,5.202,12.199
4212227,1843,1872,1905,0.4002,0.7765,0.9367,0.847,9.144,6.284
4212237,1878,1944,2058,0.3875,0.7590,0.9283,-2.446,12.391,1.011
4212247,1879,1858,1916,0.3705,0.7445,0.9183,-5.860,15.052,-3.264
4212257,1852,1875,1870,0.3467,0.7359,0.9044,-9.256,16.962,-6.694
4212267,1846,1886,1858,0.3321,0.7248,0.8956,-12.525,17.849,-9.464
4212277,2033,1976,1917,0.3177,0.7008,0.8911,-15.568,17.565,-12.439
4212287,1845,1863,1882,0.3028,0.6700,0.8854,-17.846,16.534,-15.390
4212297,1852,1936,1896,0.2939,0.6451,0.8838,-19.176,15.119,-16.959
4212307,1877,1855,1906,0.2836,0.6242,0.8789,-19.579,13.479,-17.462
4212317,1886,1862,1866,0.2730,0.6065,0.8788,-19.161,11.536,-17.517
4212327,1850,1888,1866,0.2674,0.5936,0.8835,-18.316,9.226,-17.097
4212337,1848,1872,1896,0.2615,0.5808,0.8886,-17.216,6.867,-16.490
4212347,1982,1922,1985,0.2572,0.5697,0.8928,-15.945,4.531,-15.785
4212357,1883,1915,2041,0.2561,0.5597,0.8979,-14.725,2.118,-14.726
4212367,1855,1890,1861,0.2551,0.5497,0.9023,-13.563,-0.251,-13.420
4212377,1879,1936,1866,0.2540,0.5443,0.9067,-12.476,-2.527,-11.891
4212387,1874,1875,1928,0.2557,0.5415,0.9140,-11.454,-4.692,-10.211
4212397,2049,1862,1865,0.2572,0.5415,0.9176,-10.419,-6.567,-8.580
4212407,1903,1861,1871,0.2589,0.5439,0.9182,-9.377,-8.148,-7.045
4212417,1905,1887,1864,0.2628,0.5446,0.9182,-8.306,-9.618,-5.737
4212427,1894,1891,2134,0.2668,0.5415,0.9216,-7.272,-11.096,-4.769
4212437,1874,1883,1880,0.2699,0.5380,0.9257,-6.319,-12.396,-3.912
4212447,1884,1872,2157,0.2743,0.5400,0.9279,-5.269,-13.217,-2.706
4212457,2016,1857,1877,0.2789,0.5455,0.9332,-4.230,-13.713,-1.197
4212467,1844,1890,1866,0.2834,0.5526,0.9413,-3.386,-14.124,0.060
4212477,2147,1966,1893,0.2867,0.5591,0.9540,-2.856,-14.324,0.943
4212487,2036,1855,1857,0.2906,0.5681,0.9632,-2.671,-14.112,1.678
4212497,2285,1869,1880,0.2914,0.5789,0.9669,-2.682,-13.511,2.227
4212507,2292,1965,1858,0.2867,0.5992,0.9718,-2.705,-12.720,2.541
4212517,2896,1985,1958,0.2948,0.6171,0.9856,-2.579,-11.860,2.567
4212527,1884,1954,1940,0.3009,0.6090,0.9891,-2.318,-10.934,1.051
4212537,2255,1884,1999,0.3006,0.5964,0.9863,-1.630,-9.787,-1.441
4212547,2288,1962,1993,0.3127,0.5822,0.9835,-0.873,-8.245,-2.663
4212557,2177,1991,1937,0.3076,0.5510,0.9572,0.170,-6.261,-4.120
4212567,2015,2088,1976,0.2937,0.5367,0.9523,1.734,-5.004,-5.411
4212577,2413,1936,1919,0.2852,0.5628,0.9641,3.891,-4.223,-4.310
4212587,4095,2481,3137,0.2731,0.6082,0.9393,7.420,-1.994,-2.613
4212597,2029,2103,2021,0.2745,0.6352,0.9006,11.128,0.168,-2.510
4212607,3238,2058,1888,0.2765,0.6199,0.8785,13.511,-0.125,-5.175
4212617,2050,2004,1900,0.2719,0.5923,0.8894,14.369,-2.465,-8.579
4212627,1959,1866,1990,0.2547,0.6003,0.8924,14.450,-3.729,-9.143
4212637,2232,1896,2140,0.2512,0.6393,0.9036,14.855,-3.211,-6.781
4212647,1768,1880,2355,0.2540,0.6663,0.9426,14.467,-3.465,-5.833
4212657,1772,1867,1862,0.2484,0.6710,0.9480,14.093,-3.533,-8.134
4212667,1882,1947,1856,0.2641,0.6825,0.9378,14.038,-2.497,-9.758
4212677,2754,1856,1991,0.2788,0.6804,0.9287,12.495,-2.054,-10.777
4212687,2278,2005,1862,0.2659,0.6549,0.9015,10.236,-2.156,-13.657
4212697,3918,2047,2273,0.2628,0.6369,0.8965,8.409,-2.714,-15.537
4212707,2144,1882,1947,0.2638,0.6282,0.9015,6.997,-3.655,-15.806
4212717,1745,1899,1895,0.2580,0.6200,0.8958,6.662,-4.037,-16.274
4212727,2210,2017,1892,0.2589,0.6233,0.9095,6.686,-4.537,-16.278
4212737,2221,2018,1889,0.2624,0.6282,0.9254,6.120,-5.186,-15.907
4212747,1958,1950,1881,0.2658,0.6210,0.9246,5.067,-5.261,-15.995
4212757,1915,1897,2093,0.2654,0.6101,0.9246,3.226,-5.482,-16.401
4212767,2610,1860,1863,0.2655,0.5976,0.9125,1.325,-5.614,-16.444
4212777,2148,1977,1856,0.2646,0.5782,0.8947,0.578,-5.311,-16.206
4212787,1852,1862,2151,0.2658,0.5660,0.9104,0.380,-5.966,-15.846
4212797,1742,1863,1894,0.2703,0.5635,0.9215,0.690,-6.358,-14.795
4212807,2355,1914,1936,0.2780,0.5685,0.9302,1.711,-5.566,-12.919
4212817,2032,1856,2079,0.2842,0.5743,0.9451,1.808,-4.869,-11.238
4212827,2305,1966,2082,0.2810,0.5718,0.9490,1.304,-3.897,-10.588
4212837,1893,1857,1860,0.2803,0.5670,0.9507,0.370,-2.730,-10.091
4212847,1999,1914,1971,0.2764,0.5602,0.9462,-0.732,-1.530,-9.437
4212857,1769,1895,1860,0.2711,0.5534,0.9372,-1.387,-0.177,-8.672
4212867,1741,1877,1872,0.2682,0.5513,0.9360,-1.852,0.859,-7.581
4212877,1771,1929,1881,0.2631,0.5487,0.9293,-1.934,1.838,-6.501
4212887,1815,1889,1922,0.2582,0.5492,0.9228,-1.520,2.889,-5.357
4212897,1772,1862,1855,0.2522,0.5521,0.9190,-0.901,3.650,-4.175
4212907,2117,1891,1854,0.2463,0.5553,0.9144,-0.002,4.199,-3.182
4212917,1760,1966,2034,0.2403,0.5580,0.8987,1.249,4.755,-2.204
4212927,1935,1948,1875,0.2343,0.5600,0.8783,2.963,5.111,-1.248
4212937,1724,1885,1875,0.2331,0.5582,0.8668,4.939,4.632,-0.359
4212947,1978,1977,2122,0.2292,0.5569,0.8636,7.229,3.662,0.396
4212957,1721,1868,2215,0.2376,0.5663,0.8903,9.561,2.493,1.970
4212967,2230,1944,1871,0.2463,0.5866,0.9249,11.171,1.793,4.087
4212977,2039,1926,1861,0.2494,0.6109,0.9438,12.305,2.683,6.014
4212987,1899,1880,2576,0.2586,0.6310,0.9636,12.169,4.006,7.685
4212997,1875,1896,1982,0.2479,0.6328,0.9530,10.298,5.182,7.503
4213007,1906,1939,1934,0.2256,0.6324,0.9038,7.736,6.387,5.971
4213017,1952,1858,2239,0.2186,0.6302,0.8620,5.439,6.285,4.557
4213027,2202,2168,1882,0.2133,0.5994,0.8233,4.367,4.424,1.694
4213037,2485,1894,2296,0.2040,0.5639,0.7845,5.335,1.971,-1.609
4213047,2107,1904,1932,0.2039,0.5732,0.7762,7.502,-0.559,-1.228
4213057,2085,1860,1905,0.2045,0.6196,0.7807,9.873,-2.537,2.291
4213067,1946,1887,2303,0.1989,0.6773,0.7872,12.151,-3.778,5.460
4213077,1810,1877,1929,0.2014,0.7336,0.8050,13.193,-5.154,7.276
4213087,1779,1874,1899,0.2159,0.7736,0.8273,11.751,-6.862,7.585
4213097,1826,1954,1858,0.2309,0.7936,0.8421,6.461,-8.894,6.312
4213107,1773,1971,2121,0.2436,0.7932,0.8556,-2.216,-11.156,3.846
4213117,1737,1899,1851,0.2533,0.7766,0.8683,-12.899,-13.528,0.900
4213127,1779,1896,1862,0.2580,0.7519,0.8737,-23.382,-15.360,-2.054
4213137,1980,1871,1855,0.2656,0.7279,0.8851,-32.305,-16.552,-4.347
4213147,2163,1994,1912,0.2736,0.7050,0.8996,-39.287,-17.226,-6.072
4213157,1742,1880,1903,0.2782,0.6821,0.9051,-43.672,-17.059,-7.501
4213167,1760,1866,1851,0.2846,0.6589,0.9180,-45.781,-16.494,-8.435
4213177,1727,1891,1925,0.2887,0.6334,0.9387,-46.480,-15.945,-9.436
4213187,1867,1910,1872,0.2935,0.6090,0.9541,-46.248,-15.080,-10.514
4213197,1763,1865,1859,0.2980,0.5830,0.9589,-45.056,-13.716,-11.296
4213207,1774,1868,2084,0.2972,0.5551,0.9682,-43.177,-12.417,-12.129
4213217,1874,1861,1902,0.2926,0.5340,0.9743,-40.876,-11.194,-12.762
4213227,1942,1970,1879,0.2893,0.5187,0.9700,-37.629,-9.503,-12.651
4213237,1716,1948,1873,0.2859,0.5040,0.9668,-33.396,-7.868,-12.232
4213247,1803,1892,1870,0.2799,0.4906,0.9701,-28.355,-6.656,-12.076
4213257,1771,1856,1905,0.2758,0.4843,0.9735,-22.769,-5.430,-11.500
4213267,1741,1855,1858,0.2700,0.4833,0.9677,-16.830,-3.795,-10.335
4213277,2085,1864,1862,0.2633,0.4851,0.9611,-11.056,-2.298,-9.160
4213287,1782,1854,1857,0.2572,0.4840,0.9575,-6.103,-1.518,-8.289
4213297,1743,1896,1846,0.2479,0.4833,0.9485,-1.897,-1.027,-7.644
4213307,2079,1877,1852,0.2410,0.4865,0.9361,2.012,-0.591,-6.598
4213317,2078,1860,1850,0.2378,0.4877,0.9320,5.534,-0.671,-5.325
4213327,1837,1910,1851,0.2302,0.4877,0.9268,8.591,-1.042,-4.332
4213337,2626,1876,1920,0.2274,0.4983,0.9272,11.349,-1.376,-2.805
4213347,2365,1948,1907,0.2323,0.5109,0.9291,13.560,-1.729,-0.726
4213357,2944,2026,2035,0.2333,0.5149,0.9283,15.276,-2.012,0.692
4213367,3576,2431,1933,0.2355,0.5241,0.9357,16.288,-2.418,1.878
4213377,2694,1855,2237,0.2411,0.5373,0.9399,16.776,-2.488,3.227
4213387,3418,1984,1853,0.2558,0.5443,0.9527,16.879,-2.395,4.021
4213397,2999,1916,1971,0.2715,0.5358,0.9725,16.729,-2.412,3.424
4213407,2509,2044,1924,0.2771,0.5133,0.9592,17.401,-1.464,1.837
4213417,1899,1867,1876,0.2587,0.4882,0.9059,19.577,0.809,0.503
4213427,1575,2021,1849,0.2295,0.4851,0.8851,22.557,2.305,0.637
4213437,2300,1854,1987,0.2151,0.5215,0.9095,25.630,2.531,2.871
4213447,2024,1871,1908,0.2309,0.5753,0.9414,29.750,3.514,6.566
4213457,1875,1942,2186,0.2511,0.6013,0.9436,34.310,5.438,8.811
4213467,1664,1941,2274,0.2529,0.6229,0.9506,37.789,7.174,8.441
4213477,1944,1933,1942,0.2588,0.6693,0.9783,37.659,8.321,9.004
4213487,1794,2072,1871,0.2557,0.7084,0.9763,35.108,10.420,9.511
4213497,1487,1854,1941,0.2446,0.7262,0.9497,30.972,12.622,8.307
4213507,1717,1905,1900,0.2420,0.7318,0.9339,25.488,13.539,6.305
4213517,1814,1879,2093,0.2400,0.7242,0.9273,19.114,13.419,4.054
4213527,1647,1863,2020,0.2286,0.7149,0.9114,12.794,13.414,1.926
4213537,1489,1862,1917,0.2260,0.7207,0.9157,6.802,13.267,1.476
4213547,1484,1859,2109,0.2282,0.7272,0.9214,1.003,12.896,1.845
4213557,1504,1856,2164,0.2255,0.7163,0.9077,-4.153,12.913,1.084
4213567,1875,1986,1956,0.2228,0.6943,0.9011,-8.910,12.387,-0.388
4213577,2145,2062,1866,0.2212,0.6592,0.8824,-12.218,11.215,-1.545
4213587,1497,1934,1900,0.2249,0.6251,0.8764,-13.798,9.740,-2.201
4213597,1483,1901,1870,0.2236,0.5960,0.8804,-13.791,7.876,-2.716
4213607,1455,1903,1888,0.2230,0.5820,0.8834,-11.793,6.647,-2.306
4213617,1875,1955,1910,0.2266,0.5809,0.8929,-8.472,5.942,-0.807
4213627,1878,1876,1867,0.2274,0.5801,0.9043,-4.736,5.308,0.381
4213637,2417,1986,1892,0.2266,0.5762,0.9028,-0.899,4.926,0.835
4213647,2078,1858,1933,0.2284,0.5678,0.8980,2.884,4.669,1.104
4213657,1846,1875,1891,0.2261,0.5592,0.8902,6.430,4.186,1.199
4213667,1545,1938,1852,0.2246,0.5546,0.8837,10.043,3.701,1.494
4213677,1651,1858,1854,0.2265,0.5567,0.8870,13.701,3.132,2.319
4213687,1772,1867,1901,0.2280,0.5646,0.8943,17.234,2.680,3.289
4213697,2102,1894,2048,0.2302,0.5762,0.8986,20.574,2.671,4.405
4213707,4095,2048,1887,0.2315,0.5901,0.9061,23.284,2.872,5.415
4213717,1845,1928,1847,0.2302,0.6030,0.9114,25.166,3.106,5.908
4213727,2057,1933,1852,0.2283,0.6122,0.9092,26.538,3.627,6.025
4213737,1595,1869,1869,0.2290,0.6192,0.9083,27.540,4.162,5.949
4213747,1496,1920,1872,0.2273,0.6257,0.9059,28.239,4.557,5.687
4213757,1782,1876,1851,0.2248,0.6319,0.8958,29.022,5.229,5.486
4213767,1487,1898,2119,0.2240,0.6381,0.8898,29.931,5.785,5.334
4213777,1489,1926,1969,0.2235,0.6427,0.8876,30.902,6.010,5.063
4213787,1704,1872,1850,0.2228,0.6482,0.8842,32.090,6.295,4.861
4213797,1678,2065,2037,0.2220,0.6602,0.8860,33.377,6.608,5.150
4213807,1529,1929,2130,0.2268,0.6737,0.8944,34.484,6.809,5.915
4213817,1786,1855,2360,0.2242,0.6915,0.9092,35.270,7.159,6.422
4213827,1452,1868,1979,0.2265,0.7165,0.9208,35.370,8.057,7.097
4213837,1445,1890,2069,0.2267,0.7341,0.9289,34.713,9.340,7.260
4213847,1693,1891,1889,0.2178,0.7345,0.9074,32.875,10.941,6.020
4213857,1468,1878,1876,0.2162,0.7256,0.8858,29.911,11.963,4.282
4213867,1504,1998,2124,0.2188,0.7022,0.8627,25.567,11.559,2.367
4213877,1551,1982,2081,0.2097,0.6714,0.8148,21.530,10.833,0.165
4213887,1463,1852,2356,0.2048,0.6619,0.7780,18.482,9.459,-0.179
4213897,1454,1872,1853,0.2046,0.6677,0.7601,16.479,7.244,1.208
4213907,1523,1864,1877,0.2027,0.6711,0.7556,15.677,4.761,2.588
4213917,1482,1865,2050,0.1929,0.6889,0.7510,15.316,2.447,3.890
4213927,1531,1891,1881,0.1928,0.7249,0.7539,15.395,0.704,6.018
4213937,1590,1946,1881,0.2131,0.7387,0.7893,15.075,-1.519,7.649
4213947,2092,2235,2023,0.2148,0.7262,0.8203,13.874,-3.859,6.502
4213957,1736,1948,1862,0.2201,0.7399,0.8346,12.134,-4.713,6.415
4213967,1603,1854,2218,0.2419,0.7681,0.8470,9.192,-4.491,8.583
4213977,1956,1869,2151,0.2405,0.7592,0.8415,5.028,-4.459,7.632
4213987,1586,1854,1903,0.2309,0.7353,0.8300,0.864,-4.842,4.291
4213997,1459,2045,1864,0.2366,0.7206,0.8382,-2.841,-5.472,2.628
4214007,1623,1961,1906,0.2362,0.7045,0.8428,-5.961,-5.817,1.665
4214017,1544,1873,2180,0.2274,0.6981,0.8391,-7.534,-5.388,0.937
4214027,1742,2083,2070,0.2308,0.7041,0.8473,-7.639,-4.689,1.522
4214037,1454,1964,1857,0.2312,0.7021,0.8474,-6.832,-3.872,1.563
4214047,1550,1854,1853,0.2271,0.6937,0.8489,-5.454,-3.154,0.398
4214057,1582,1974,1984,0.2269,0.6891,0.8475,-3.952,-2.731,-0.514
4214067,1520,1881,2135,0.2248,0.6836,0.8447,-1.979,-2.081,-1.224
4214077,1513,1882,1848,0.2251,0.6826,0.8466,-0.144,-1.602,-1.778
4214087,1502,1868,1851,0.2253,0.6812,0.8478,1.506,-1.231,-2.135
4214097,1507,1856,2135,0.2236,0.6812,0.8446,3.101,-0.724,-2.362
4214107,1462,1956,1881,0.2234,0.6835,0.8435,4.599,-0.225,-2.363
4214117,1597,1946,1964,0.2225,0.6846,0.8408,5.919,0.271,-2.191
4214127,1881,2009,1869,0.2204,0.6858,0.8386,6.865,0.610,-2.110
4214137,1764,1979,1872,0.2191,0.6902,0.8389,7.198,0.704,-1.881
4214147,1498,1858,1920,0.2169,0.6953,0.8345,7.137,0.772,-1.518
4214157,1648,1883,1879,0.2167,0.7014,0.8341,6.640,0.694,-0.969
4214167,1579,1852,2065,0.2176,0.7045,0.8397,5.497,0.326,-0.497
4214177,1609,1909,2574,0.2194,0.7075,0.8458,3.908,-0.027,-0.236
4214187,1714,2013,1882,0.2201,0.7113,0.8482,2.084,-0.138,0.151
4214197,1675,1913,1985,0.2220,0.7135,0.8470,0.189,-0.103,0.592
4214207,1460,1942,1844,0.2204,0.7100,0.8475,-1.653,-0.149,0.616
4214217,1507,1961,1887,0.2183,0.7093,0.8489,-3.255,-0.261,0.551
4214227,1586,1851,1870,0.2164,0.7094,0.8473,-4.404,-0.182,0.765
4214237,1625,2084,1915,0.2158,0.7095,0.8441,-5.217,-0.014,1.072
4214247,1952,2208,2617,0.2161,0.7080,0.8453,-5.963,-0.057,1.112
4214257,1677,1927,2052,0.2152,0.7055,0.8454,-6.555,-0.155,0.889
4214267,1932,1875,1985,0.2149,0.7036,0.8438,-6.777,-0.057,0.741
4214277,1557,1904,2104,0.2152,0.7030,0.8476,-6.819,-0.032,0.647
4214287,1561,1894,2077,0.2146,0.7011,0.8473,-6.600,0.057,0.427
4214297,1750,1867,1963,0.2147,0.6994,0.8430,-6.050,0.377,0.297
4214307,1516,1992,1844,0.2130,0.6981,0.8409,-5.508,0.624,0.243
4214317,1659,1861,1862,0.2134,0.6925,0.8393,-5.160,0.638,0.029
4214327,1467,1939,2273,0.2118,0.6841,0.8380,-4.847,0.611,-0.327
4214337,1485,2005,2018,0.2104,0.6782,0.8364,-4.499,0.541,-0.412
4214347,1492,1894,1846,0.2124,0.6769,0.8394,-4.006,0.469,-0.033
4214357,2088,1940,1910,0.2122,0.6774,0.8449,-3.426,0.482,0.442
4214367,2181,2029,1860,0.2122,0.6791,0.8528,-2.762,0.551,0.799
4214377,1513,1917,1911,0.2123,0.6802,0.8561,-1.987,0.786,1.129
4214387,1568,1930,2669,0.2115,0.6809,0.8540,-1.247,1.184,1.421
4214397,1659,1911,1850,0.2094,0.6802,0.8520,-0.753,1.479,1.542
4214407,1492,1931,2197,0.2086,0.6794,0.8554,-0.686,1.447,1.610
4214417,1622,1862,1860,0.2093,0.6803,0.8605,-0.868,1.433,1.766
4214427,1481,1976,1939,0.2098,0.6823,0.8554,-0.970,1.775,2.084
4214437,1539,1899,1861,0.2102,0.6836,0.8533,-1.031,2.153,2.381
4214447,1720,1967,1853,0.2092,0.6820,0.8564,-1.130,2.251,2.414
4214457,1717,1934,1861,0.2064,0.6810,0.8529,-0.962,2.480,2.370
4214467,1544,1934,2291,0.2051,0.6823,0.8530,-0.647,2.755,2.581
4214477,1746,1895,1864,0.2030,0.6874,0.8555,-0.392,2.964,2.771
4214487,1627,1866,1914,0.2028,0.6944,0.8557,-0.092,3.317,2.786
4214497,2010,1960,2095,0.2042,0.7000,0.8550,0.032,3.676,2.622
4214507,1729,1899,1841,0.2025,0.7064,0.8536,-0.035,4.059,2.224
4214517,1506,1943,1841,0.2038,0.7150,0.8557,-0.130,4.426,1.722
4214527,1462,1944,1863,0.2063,0.7209,0.8595,-0.147,4.835,1.084
4214537,1599,1914,1913,0.2078,0.7273,0.8643,-0.129,5.389,0.101
4214547,1719,1912,1844,0.2096,0.7415,0.8733,-0.233,6.131,-0.920
4214557,1685,1856,1882,0.2119,0.7597,0.8803,-0.281,7.261,-2.054
4214567,1524,1880,1848,0.2117,0.7738,0.8795,-0.101,8.729,-3.990
4214577,1657,1921,1842,0.2091,0.7820,0.8744,0.312,10.269,-6.800
4214587,1856,1893,1842,0.2064,0.7876,0.8735,0.879,11.708,-10.094
4214597,1758,1984,1859,0.2045,0.7937,0.8752,1.645,13.153,-13.575
4214607,1772,1974,1842,0.2036,0.8009,0.8736,2.662,14.854,-17.130
4214617,1587,1865,1859,0.2006,0.8087,0.8692,3.595,16.739,-20.834
4214627,1708,2028,1847,0.1945,0.8145,0.8608,4.168,18.685,-24.967
4214637,1862,1922,1840,0.1849,0.8174,0.8558,4.275,20.429,-29.533
4214647,1485,1988,1842,0.1749,0.8167,0.8573,3.851,21.697,-34.368
4214657,1470,1860,1874,0.1659,0.8129,0.8614,2.893,22.770,-39.159
4214667,1635,1889,1843,0.1572,0.8080,0.8623,1.469,24.094,-43.639
4214677,1507,1850,1903,0.1502,0.8014,0.8639,-0.496,25.529,-47.813
4214687,1920,1938,1851,0.1409,0.7921,0.8661,-2.962,26.991,-51.883
4214697,1865,2028,1856,0.1260,0.7817,0.8597,-5.517,28.686,-55.934
4214707,1626,1880,1860,0.1155,0.7741,0.8613,-7.936,30.418,-59.603
4214717,1763,2115,1864,0.1094,0.7594,0.8618,-10.599,32.009,-63.117
4214727,1997,1963,1844,0.1057,0.7313,0.8589,-13.332,33.800,-66.932
4214737,1607,1859,1904,0.1025,0.7060,0.8639,-16.455,35.330,-69.994
4214747,1468,1878,1845,0.0978,0.6878,0.8631,-19.483,37.337,-71.596
4214757,1483,1926,1843,0.0967,0.6692,0.8697,-22.647,39.767,-72.132
4214767,1696,1965,1853,0.0907,0.6457,0.8759,-26.519,42.205,-72.859
4214777,2130,1883,1916,0.0829,0.6208,0.8701,-30.609,45.004,-73.534
4214787,1639,2037,1843,0.0749,0.6010,0.8643,-34.685,47.772,-73.340
4214797,1469,1855,1854,0.0629,0.5797,0.8568,-38.554,50.113,-72.641
4214807,2106,1971,1865,0.0429,0.5583,0.8459,-42.046,51.866,-71.965
4214817,1939,1908,1841,0.0237,0.5446,0.8436,-44.939,53.033,-70.643
4214827,1486,1934,1845,0.0098,0.5333,0.8401,-46.969,53.735,-68.738
4214837,1473,1871,1859,-0.0073,0.5137,0.8322,-48.122,54.141,-67.174
4214847,1572,1852,1842,-0.0268,0.4878,0.8151,-48.561,54.226,-65.882
4214857,1619,1855,1847,-0.0471,0.4699,0.8082,-48.592,53.904,-63.656
4214867,1503,1857,1861,-0.0690,0.4520,0.8089,-48.576,52.934,-60.591
4214877,1507,1852,1877,-0.1032,0.4450,0.7958,-48.031,51.810,-57.295
4214887,1801,1860,1845,-0.1204,0.4507,0.7898,-46.903,50.453,-52.501
4214897,1641,1860,1871,-0.1319,0.4574,0.7874,-45.777,48.274,-47.598
4214907,1666,1897,1855,-0.1524,0.4568,0.7837,-44.605,45.463,-44.474
4214917,1624,1854,1898,-0.1681,0.4616,0.7822,-43.447,42.131,-41.812
4214927,2316,2022,1905,-0.1798,0.4680,0.7795,-42.220,38.682,-38.844
4214937,1650,1884,1851,-0.1965,0.4679,0.7718,-41.151,34.894,-36.502
4214947,1490,1935,1863,-0.2145,0.4631,0.7620,-40.157,30.616,-34.673
4214957,1471,1917,1870,-0.2288,0.4582,0.7519,-39.356,25.938,-32.633
4214967,1494,1898,1852,-0.2404,0.4531,0.7425,-38.720,20.936,-30.350
4214977,1485,1884,1861,-0.2442,0.4486,0.7483,-38.183,15.387,-27.939
4214987,1647,1872,1848,-0.2453,0.4451,0.7635,-37.716,9.596,-25.434
4214997,1534,1860,1845,-0.2442,0.4460,0.7826,-37.237,4.212,-22.800
4215007,1478,1930,1850,-0.2417,0.4527,0.7998,-36.810,-0.576,-20.021
4215017,1577,1906,1848,-0.2398,0.4633,0.8125,-36.604,-4.827,-17.414
4215027,1544,1925,1862,-0.2381,0.4747,0.8232,-36.768,-8.895,-15.480
4215037,1483,1871,1884,-0.2387,0.4816,0.8327,-37.060,-13.037,-14.499
4215047,1480,1851,1853,-0.2367,0.4852,0.8446,-37.291,-17.255,-14.211
4215057,1637,1872,1857,-0.2285,0.4861,0.8609,-37.499,-21.471,-14.342
4215067,1577,1946,1845,-0.2186,0.4856,0.8737,-37.692,-25.339,-15.060
4215077,1506,1859,1905,-0.2063,0.4854,0.8835,-37.914,-28.531,-16.098
4215087,1503,1936,1852,-0.1919,0.4861,0.8947,-38.215,-31.267,-17.285
4215097,1665,1893,1878,-0.1772,0.4842,0.9010,-38.572,-33.672,-18.804
4215107,1609,1893,1854,-0.1704,0.4798,0.9003,-38.718,-35.664,-20.648
4215117,1482,2015,1865,-0.1654,0.4749,0.9014,-38.785,-37.562,-22.335
4215127,1634,1894,1872,-0.1679,0.4659,0.8981,-38.802,-39.516,-24.035
4215137,1495,1865,1926,-0.1739,0.4554,0.8976,-38.933,-41.743,-25.789
4215147,1620,1969,1857,-0.1785,0.4448,0.8980,-39.273,-44.341,-27.135
4215157,1632,1900,1882,-0.1796,0.4344,0.9002,-39.740,-47.131,-28.034
4215167,1481,1913,1874,-0.1786,0.4242,0.9066,-40.523,-50.196,-28.836
4215177,1646,1878,1856,-0.1733,0.4182,0.9247,-41.768,-53.540,-29.457
4215187,1490,1961,1876,-0.1650,0.4160,0.9491,-43.196,-56.499,-29.829
4215197,1656,1906,1920,-0.1508,0.4141,0.9707,-44.767,-58.714,-30.189
4215207,1549,1985,1861,-0.1399,0.4064,0.9951,-46.734,-60.441,-31.103
4215217,1483,1922,1930,-0.1264,0.3936,1.0200,-49.465,-62.014,-32.431
4215227,1535,2037,1906,-0.1151,0.3777,1.0413,-52.863,-63.150,-33.779
4215237,1529,1980,1915,-0.1042,0.3514,1.0647,-58.220,-63.711,-34.848
4215247,1537,1915,1851,-0.0958,0.3236,1.0839,-63.515,-64.007,-35.595
4215257,1487,1906,1856,-0.0858,0.2966,1.1024,-68.358,-64.147,-35.721
4215267,1480,1986,1845,-0.0742,0.2709,1.1232,-72.677,-64.035,-35.156
4215277,1637,1887,1930,-0.0631,0.2459,1.1426,-76.519,-63.615,-34.245
4215287,1551,1996,1919,-0.0504,0.2233,1.1612,-79.821,-62.826,-33.030
4215297,1658,1982,1864,-0.0388,0.2040,1.1752,-82.395,-61.568,-31.525
4215307,1633,1999,2005,-0.0294,0.1853,1.1879,-84.101,-60.052,-30.050
4215317,1519,1868,1903,-0.0240,0.1648,1.1975,-85.030,-58.417,-28.805
4215327,1546,1921,1957,-0.0203,0.1404,1.2060,-85.031,-56.839,-27.984
4215337,1587,1955,1921,-0.0225,0.1225,1.2149,-84.129,-55.464,-27.386
4215347,1701,2066,1864,-0.0207,0.1062,1.2211,-82.190,-54.026,-26.273
4215357,1594,2037,1921,-0.0203,0.0862,1.2260,-78.707,-52.648,-25.069
4215367,1810,2163,1846,-0.0207,0.0699,1.2432,-74.043,-51.715,-23.771
4215377,1512,1971,1930,-0.0194,0.0602,1.2528,-68.512,-50.658,-21.755
4215387,1610,1959,1871,-0.0165,0.0566,1.2509,-61.935,-49.047,-19.152
4215397,1493,1982,1906,-0.0113,0.0585,1.2562,-54.792,-47.643,-16.512
4215407,1689,2010,1893,-0.0047,0.0597,1.2672,-47.420,-46.643,-14.479
4215417,1507,2046,1948,0.0014,0.0612,1.2724,-39.677,-45.447,-13.112
4215427,1524,1970,1925,0.0123,0.0695,1.2815,-31.826,-43.941,-11.809
4215437,1514,1966,1971,0.0254,0.0793,1.2904,-24.373,-42.205,-10.651
4215447,1504,1989,1935,0.0371,0.0869,1.2943,-17.399,-40.164,-10.102
4215457,1631,1976,1979,0.0473,0.0963,1.2947,-11.159,-37.932,-9.891
4215467,1690,1983,1933,0.0551,0.1044,1.2911,-5.762,-35.599,-9.791
4215477,1656,1920,2006,0.0594,0.1132,1.2861,-1.192,-33.270,-9.783
4215487,1517,1965,1962,0.0646,0.1204,1.2802,2.414,-31.092,-9.765
4215497,1625,1937,2044,0.0675,0.1254,1.2720,5.046,-29.097,-9.829
4215507,1543,1938,1983,0.0720,0.1301,1.2644,6.692,-27.323,-9.846
4215517,1522,1923,1938,0.0773,0.1326,1.2558,7.410,-25.671,-9.747
4215527,1684,2001,2023,0.0833,0.1361,1.2472,7.426,-24.127,-9.507
4215537,1520,1957,2094,0.0887,0.1387,1.2383,6.900,-22.651,-9.183
4215547,2068,2013,2026,0.0900,0.1398,1.2308,6.151,-21.249,-8.964
4215557,1500,1939,2044,0.0929,0.1420,1.2226,5.229,-20.041,-8.645
4215567,1608,1980,2006,0.0941,0.1413,1.2092,4.413,-18.921,-8.277
4215577,1497,1911,2067,0.0973,0.1396,1.1946,3.744,-18.089,-7.868
4215587,1521,1981,2177,0.1035,0.1357,1.1877,2.965,-17.783,-7.431
4215597,1529,1970,2054,0.1109,0.1297,1.1815,2.395,-17.570,-6.968
4215607,1526,1969,2042,0.1185,0.1275,1.1753,2.303,-17.244,-6.149
4215617,1493,1928,2103,0.1243,0.1280,1.1717,2.502,-16.833,-5.041
4215627,1499,1991,2074,0.1273,0.1296,1.1689,2.944,-16.315,-3.903
4215637,1676,1966,2126,0.1296,0.1324,1.1660,3.435,-15.857,-2.890
4215647,1513,1994,2120,0.1309,0.1314,1.1627,3.716,-15.589,-2.250
4215657,1823,1942,2186,0.1322,0.1290,1.1549,4.045,-15.424,-1.994
4215667,1505,2033,2071,0.1342,0.1273,1.1498,4.405,-15.446,-1.807
4215677,1640,1895,2121,0.1356,0.1278,1.1451,4.693,-15.602,-1.579
4215687,1508,1977,2105,0.1382,0.1310,1.1460,5.026,-15.712,-1.256
4215697,1859,2064,2068,0.1435,0.1356,1.1522,5.027,-15.791,-0.841
4215707,1538,1913,2099,0.1465,0.1369,1.1582,4.682,-15.628,-0.748
4215717,1521,1930,2095,0.1513,0.1376,1.1653,4.090,-15.290,-0.652
4215727,1522,1965,2068,0.1524,0.1408,1.1699,3.131,-14.672,-0.463
4215737,1499,1952,2111,0.1516,0.1424,1.1720,2.108,-13.876,-0.170
4215747,1515,1974,2091,0.1511,0.1400,1.1734,0.987,-13.043,0.067
4215757,1493,1961,2128,0.1501,0.1372,1.1736,-0.343,-12.216,0.195
4215767,1594,2016,2094,0.1482,0.1359,1.1701,-1.552,-11.319,0.242
4215777,1498,1946,2143,0.1519,0.1542,1.1748,-2.325,-10.399,0.491
4215787,1524,2043,2157,0.1546,0.1446,1.1838,-2.007,-10.052,-0.406
4215797,1522,1986,2176,0.1381,0.1185,1.1785,0.070,-9.365,-3.556
4215807,1564,2033,2118,0.1350,0.1133,1.1735,3.151,-8.281,-4.772
4215817,1507,1995,2205,0.1404,0.1180,1.1692,7.432,-7.062,-4.261
4215827,1507,2009,2280,0.1483,0.1184,1.1748,13.421,-5.974,-4.399
4215837,1499,1990,2264,0.1489,0.1077,1.1814,19.120,-5.021,-6.040
4215847,1537,2048,2152,0.1419,0.0994,1.1794,24.209,-3.638,-8.089
4215857,1507,2026,2177,0.1424,0.1099,1.1713,28.333,-1.797,-8.451
4215867,1525,2005,2166,0.1459,0.1254,1.1652,31.204,-0.175,-7.702
4215877,1505,2055,2137,0.1417,0.1383,1.1542,32.713,0.890,-7.588
4215887,1559,2054,2141,0.1388,0.1483,1.1410,33.819,1.493,-7.871
4215897,1503,2011,2152,0.1427,0.1601,1.1343,34.680,1.822,-7.478
4215907,1572,2091,2180,0.1437,0.1630,1.1261,35.227,1.975,-7.505
4215917,1503,2025,2165,0.1422,0.1667,1.1132,35.789,2.096,-7.936
4215927,1573,2093,2127,0.1507,0.1705,1.1139,36.206,2.048,-7.871
4215937,1523,2061,2151,0.1539,0.1754,1.1120,36.577,1.951,-7.986
4215947,1547,2057,2159,0.1550,0.1808,1.1203,37.202,1.650,-8.252
4215957,1548,2066,2139,0.1538,0.1847,1.1179,37.550,1.506,-8.485
4215967,1595,2100,2109,0.1561,0.1917,1.1157,38.141,1.828,-8.389
4215977,1503,2044,2138,0.1606,0.2034,1.1149,38.351,2.064,-7.776
4215987,1568,2029,2103,0.1645,0.2164,1.1157,39.014,2.364,-7.158
4215997,1761,2032,2074,0.1673,0.2213,1.1249,39.540,2.450,-6.602
4216007,1550,2037,1925,0.1585,0.2156,1.1159,39.830,2.447,-6.847
4216017,1506,2065,2092,0.1505,0.2169,1.1011,40.193,2.710,-6.008
4216027,1588,2042,2048,0.1524,0.2278,1.0939,39.826,2.436,-3.415
4216037,1506,2043,2016,0.1500,0.2238,1.0977,39.364,1.307,-1.545
4216047,1533,2096,2035,0.1469,0.2114,1.1060,38.920,-0.211,-0.174
4216057,1528,2028,2078,0.1446,0.2088,1.1092,39.229,-1.610,2.269
4216067,1527,2061,1947,0.1427,0.2233,1.1160,39.811,-2.492,6.522
4216077,1515,2041,1954,0.1430,0.2492,1.1262,39.811,-3.423,11.334
4216087,1585,2073,1954,0.1456,0.2732,1.1357,39.367,-4.579,15.313
4216097,1515,2026,1974,0.1461,0.2943,1.1417,39.228,-5.552,18.417
4216107,1598,2066,1967,0.1514,0.3209,1.1544,39.714,-6.206,21.779
4216117,1507,2005,1973,0.1538,0.3521,1.1507,40.097,-6.301,25.068
4216127,1563,2058,1965,0.1524,0.3804,1.1346,40.577,-5.694,27.805
4216137,1510,2020,1999,0.1536,0.3982,1.1184,40.262,-5.360,29.485
4216147,1566,2064,1995,0.1477,0.4042,1.1024,38.715,-5.300,29.856
4216157,1511,2023,2013,0.1491,0.4160,1.0827,35.531,-5.351,30.276
4216167,1533,2068,1977,0.1542,0.4327,1.0729,30.976,-5.541,31.222
4216177,1515,2007,2008,0.1599,0.4394,1.0700,25.102,-6.071,31.059
4216187,1543,2107,1974,0.1641,0.4306,1.0615,18.772,-6.776,28.972
4216197,1527,2032,2001,0.1697,0.4157,1.0556,12.686,-7.294,26.366
4216207,1512,2076,1905,0.1785,0.3995,1.0544,7.187,-7.676,23.874
4216217,1513,2027,1974,0.1845,0.3807,1.0548,2.787,-7.871,21.032
4216227,1566,2096,1902,0.1905,0.3614,1.0562,-0.412,-7.738,18.228
4216237,1528,2032,1994,0.1971,0.3461,1.0629,-2.189,-7.292,15.901
4216247,1517,2059,1977,0.1991,0.3338,1.0695,-2.793,-6.622,13.709
4216257,1863,2030,2010,0.1986,0.3232,1.0714,-2.404,-5.503,11.521
4216267,1517,2047,1966,0.2011,0.3175,1.0795,-1.425,-4.229,9.636
4216277,1533,2035,1993,0.1991,0.3171,1.0849,-0.177,-2.768,7.937
4216287,1518,2077,1943,0.1984,0.3175,1.0805,1.140,-1.077,6.222
4216297,1529,2039,1973,0.1947,0.3186,1.0669,2.327,0.649,4.415
4216307,1520,2084,1953,0.1933,0.3230,1.0567,3.128,1.916,2.657
4216317,1654,2089,1973,0.1896,0.3281,1.0646,3.675,2.369,0.742
4216327,1540,2103,1907,0.1862,0.3321,1.0704,4.156,2.744,-1.274
4216337,1528,2033,1977,0.1844,0.3380,1.0718,4.703,3.445,-3.080
4216347,1552,2056,1934,0.1835,0.3505,1.0770,4.619,4.001,-4.374
4216357,1608,2029,1964,0.1823,0.3646,1.0813,3.987,4.464,-5.413
4216367,1604,2058,1957,0.1814,0.3745,1.0823,3.050,4.950,-6.502
4216377,1520,2029,1968,0.1743,0.3756,1.0743,2.081,5.520,-8.005
4216387,1540,2082,1899,0.1721,0.3743,1.0716,0.880,5.725,-9.240
4216397,1521,2022,1937,0.1713,0.3688,1.0775,-0.645,5.422,-9.910
4216407,1529,2060,1883,0.1669,0.3540,1.0733,-2.056,5.222,-10.739
4216417,1522,1999,1939,0.1659,0.3392,1.0755,-3.175,4.823,-11.189
4216427,1569,2077,1928,0.1684,0.3251,1.0884,-4.007,4.060,-10.792
4216437,1674,1934,1983,0.1665,0.3087,1.0911,-3.976,3.540,-10.084
4216447,1544,2055,1909,0.1614,0.2982,1.0898,-3.055,3.353,-8.778
4216457,1542,1972,1936,0.1592,0.3006,1.0858,-1.656,3.125,-6.573
4216467,1528,2036,1907,0.1592,0.3127,1.0797,-0.033,3.007,-3.808
4216477,1521,1987,1934,0.1603,0.3238,1.0787,1.129,2.506,-1.595
4216487,1564,2032,1927,0.1592,0.3334,1.0763,1.896,1.738,-0.101
4216497,1521,1989,1944,0.1589,0.3476,1.0739,2.522,1.067,1.411
4216507,1527,2021,1916,0.1617,0.3595,1.0736,2.740,0.394,3.034
4216517,1528,2002,1945,0.1634,0.3639,1.0766,2.491,-0.404,4.023
4216527,1535,2013,1914,0.1635,0.3633,1.0826,1.952,-1.204,4.542
4216537,1594,1997,1896,0.1668,0.3600,1.0857,1.295,-1.737,5.141
4216547,1524,2005,1891,0.1656,0.3534,1.0822,0.732,-1.916,5.665
4216557,1535,1973,1948,0.1629,0.3457,1.0771,0.218,-1.990,6.049
4216567,1560,2018,1902,0.1612,0.3383,1.0772,-0.270,-2.073,6.483
4216577,1522,1972,1939,0.1609,0.3339,1.0668,-0.632,-2.005,6.839
4216587,1530,2001,1904,0.1638,0.3410,1.0783,-0.373,-2.016,7.588
4216597,1535,1964,1938,0.1725,0.3418,1.0891,-0.139,-2.132,7.945
4216607,1558,2014,1887,0.1651,0.3283,1.0779,0.548,-1.608,6.563
4216617,1528,1965,1931,0.1657,0.3303,1.0782,1.077,-1.124,5.816
4216627,1534,2017,1874,0.1736,0.3347,1.0852,1.100,-0.855,5.954
4216637,1526,1978,1935,0.1693,0.3297,1.0748,1.102,-0.122,4.880
4216647,1531,1977,1899,0.1729,0.3325,1.0821,1.324,0.304,3.916
4216657,1516,1973,1946,0.1740,0.3300,1.0865,1.733,0.631,3.337
4216667,1535,2002,1846,0.1682,0.3257,1.0743,2.875,1.496,2.235
4216677,1574,1921,1949,0.1699,0.3286,1.0758,3.768,2.096,1.792
4216687,1563,2032,1894,0.1699,0.3307,1.0767,4.391,2.455,1.447
4216697,1543,1959,1937,0.1670,0.3307,1.0735,5.225,2.978,0.702
4216707,1546,2002,1882,0.1670,0.3347,1.0745,6.035,3.456,0.312
4216717,1548,1995,1895,0.1676,0.3392,1.0768,6.737,3.786,0.105
4216727,1580,2003,1918,0.1649,0.3410,1.0773,7.387,4.038,-0.307
4216737,1534,1959,1926,0.1617,0.3438,1.0747,7.954,4.285,-0.611
4216747,1535,1982,1888,0.1597,0.3496,1.0730,8.273,4.404,-0.522
4216757,1533,1940,1941,0.1594,0.3564,1.0747,8.306,4.284,-0.281
4216767,1579,1967,1881,0.1584,0.3628,1.0752,8.153,4.018,-0.143
4216777,1534,1954,1920,0.1570,0.3679,1.0746,7.888,3.768,-0.054
4216787,1554,1971,1870,0.1569,0.3731,1.0752,7.457,3.485,0.085
4216797,1535,1929,1914,0.1568,0.3758,1.0741,6.744,3.124,0.215
4216807,1535,1969,1859,0.1561,0.3752,1.0742,5.785,2.672,0.178
4216817,1551,1935,1909,0.1555,0.3736,1.0746,4.818,2.179,0.071
4216827,1545,1987,1887,0.1548,0.3716,1.0741,3.931,1.719,0.058
4216837,1543,1928,1901,0.1539,0.3690,1.0721,3.140,1.283,0.136
4216847,1551,1974,1878,0.1540,0.3678,1.0720,2.500,0.839,0.313
4216857,1570,1915,1904,0.1536,0.3683,1.0715,2.016,0.398,0.588
4216867,1535,1960,1868,0.1524,0.3702,1.0699,1.782,-0.040,0.943
4216877,1550,1929,1925,0.1509,0.3715,1.0664,1.521,-0.544,1.142
4216887,1535,1962,1863,0.1504,0.3732,1.0672,1.243,-1.076,1.436
4216897,1580,1915,1906,0.1544,0.3731,1.0755,0.637,-1.765,1.802
4216907,1535,1949,1870,0.1514,0.3711,1.0736,0.012,-2.009,1.943
4216917,1583,1919,1900,0.1551,0.3718,1.0699,-0.575,-1.969,2.284
4216927,1540,1943,1862,0.1584,0.3692,1.0726,-1.281,-2.158,2.436
4216937,1573,1896,1915,0.1593,0.3628,1.0752,-1.818,-2.331,2.207
4216947,1535,1938,1877,0.1587,0.3574,1.0706,-1.945,-2.201,1.974
4216957,1583,1890,1899,0.1600,0.3538,1.0719,-1.896,-2.043,1.912
4216967,1600,1915,1875,0.1617,0.3511,1.0757,-1.752,-1.949,1.840
4216977,1583,1899,1895,0.1607,0.3493,1.0709,-1.262,-1.576,1.713
4216987,1535,1937,1873,0.1624,0.3502,1.0679,-0.646,-1.152,1.734
4216997,1581,1888,1904,0.1629,0.3509,1.0713,-0.120,-0.909,1.703
4217007,1535,1939,1858,0.1627,0.3523,1.0712,0.411,-0.582,1.482
4217017,1577,1889,1885,0.1639,0.3541,1.0702,0.942,-0.141,1.317
4217027,1535,1929,1849,0.1640,0.3542,1.0710,1.239,0.219,1.094
4217037,1586,1885,1893,0.1609,0.3544,1.0695,1.540,0.580,0.633
4217047,1535,1924,1866,0.1613,0.3560,1.0685,1.904,0.994,0.376
4217057,1545,1899,1906,0.1613,0.3573,1.0699,2.218,1.274,0.172
4217067,1535,1934,1868,0.1594,0.3571,1.0699,2.658,1.540,-0.220
4217077,1535,1901,1890,0.1577,0.3584,1.0670,3.232,1.895,-0.494
4217087,1544,1935,1863,0.1576,0.3618,1.0701,3.754,2.093,-0.509
4217097,1567,1888,1875,0.1548,0.3624,1.0698,4.106,2.164,-0.754
4217107,1539,1932,1860,0.1518,0.3644,1.0683,4.332,2.344,-1.007
4217117,1562,1878,1885,0.1521,0.3680,1.0704,4.446,2.501,-0.809
4217127,1539,1923,1859,0.1502,0.3685,1.0720,4.305,2.538,-0.769
4217137,1563,1882,1897,0.1489,0.3668,1.0702,4.182,2.635,-0.863
4217147,1554,1914,1865,0.1532,0.3709,1.0717,4.079,2.713,-0.441
4217157,1571,1875,1892,0.1531,0.3701,1.0711,3.921,2.699,-0.294
4217167,1560,1940,1875,0.1507,0.3680,1.0690,3.876,2.754,-0.573
4217177,1567,1892,1850,0.1526,0.3677,1.0701,3.785,2.703,-0.479
4217187,1559,1915,1858,0.1524,0.3647,1.0729,3.732,2.671,-0.362
4217197,1555,1889,1869,0.1504,0.3620,1.0729,3.766,2.636,-0.382
4217207,1535,1918,1851,0.1496,0.3623,1.0715,3.821,2.597,-0.138
4217217,1560,1874,1910,0.1483,0.3649,1.0696,3.831,2.513,0.363
4217227,1545,1920,1848,0.1488,0.3712,1.0715,3.711,2.236,0.915
4217237,1568,1877,1876,0.1460,0.3768,1.0723,3.526,1.817,1.398
4217247,1552,1922,1842,0.1463,0.3793,1.0685,3.256,1.426,1.831
4217257,1583,1872,1882,0.1495,0.3809,1.0724,2.674,0.785,2.249
4217267,1555,1914,1855,0.1529,0.3812,1.0722,1.913,0.185,2.624
4217277,1577,1870,1878,0.1552,0.3823,1.0704,1.081,-0.191,3.052
4217287,1556,1906,1848,0.1588,0.3795,1.0693,0.259,-0.497,3.335
4217297,1574,1875,1869,0.1575,0.3749,1.0707,-0.463,-0.842,3.342
4217307,1550,1899,1862,0.1594,0.3673,1.0689,-1.033,-0.976,3.424
4217317,1573,1862,1878,0.1547,0.3667,1.0719,-1.331,-1.005,3.824
4217327,1550,1910,1845,0.1543,0.3673,1.0706,-1.631,-0.996,4.238
4217337,1582,1858,1866,0.1540,0.3676,1.0652,-1.709,-0.774,4.440
4217347,1550,1897,1847,0.1561,0.3679,1.0682,-1.621,-0.726,4.641
4217357,1613,1846,1879,0.1521,0.3630,1.0700,-1.363,-0.802,4.297
4217367,1555,1882,1847,0.1477,0.3630,1.0657,-1.091,-0.504,3.970
4217377,1596,1849,1868,0.1503,0.3681,1.0696,-0.865,-0.187,4.374
4217387,1557,1898,1841,0.1476,0.3660,1.0697,-0.835,-0.041,4.097
4217397,1583,1851,1865,0.1444,0.3650,1.0686,-0.623,0.199,3.419
4217407,1561,1906,1866,0.1476,0.3672,1.0698,-0.401,0.450,3.367
4217417,1585,1856,1851,0.1467,0.3644,1.0687,-0.088,0.673,2.963
4217427,1557,1880,1853,0.1451,0.3618,1.0688,0.239,0.802,2.247
4217437,1613,1864,1845,0.1478,0.3630,1.0715,0.569,0.960,1.950
4217447,1564,1864,1845,0.1496,0.3635,1.0715,0.974,1.256,1.796
4217457,1585,1843,1862,0.1490,0.3630,1.0702,1.400,1.570,1.422
4217467,1657,1850,1851,0.1490,0.3648,1.0692,1.818,1.851,1.099
4217477,1589,1843,1860,0.1497,0.3671,1.0691,2.201,2.156,0.957
4217487,1560,1875,1841,0.1493,0.3682,1.0688,2.534,2.470,0.701
4217497,1584,1840,1849,0.1486,0.3675,1.0704,2.795,2.712,0.322
4217507,1564,1848,1842,0.1471,0.3674,1.0702,3.010,2.966,0.077
4217517,1593,1840,1854,0.1466,0.3678,1.0700,3.205,3.272,-0.071
4217527,1561,1860,1842,0.1443,0.3674,1.0695,3.354,3.523,-0.282
