3350,1.0861,1.913,0.680,1.394
4164437,1892,1902,1845,0.1244,0.3328,1.0854,1.794,0.608,1.189
4164447,1844,1846,1869,0.1230,0.3327,1.0850,1.675,0.557,1.058
4164457,1890,1905,1911,0.1233,0.3354,1.0866,1.531,0.420,1.064
4164467,1847,1853,1870,0.1230,0.3358,1.0854,1.408,0.273,0.967
4164477,1883,1878,1844,0.1229,0.3387,1.0858,1.275,0.087,0.887
4164487,1842,1853,1862,0.1242,0.3417,1.0865,1.045,-0.156,0.906
4164497,1891,1893,1841,0.1237,0.3396,1.0844,0.735,-0.377,0.733
4164507,1849,1857,1863,0.1234,0.3394,1.0825,0.372,-0.568,0.600
4164517,1897,1881,1855,0.1268,0.3415,1.0874,-0.075,-0.820,0.765
4164527,1857,1861,1880,0.1265,0.3407,1.0854,-0.556,-0.923,0.724
4164537,1901,1879,1853,0.1269,0.3374,1.0835,-0.883,-0.955,0.415
4164547,1855,1862,1882,0.1264,0.3351,1.0846,-1.082,-1.027,0.307
4164557,1898,1895,1881,0.1256,0.3356,1.0846,-1.063,-0.986,0.427
4164567,1848,1853,1848,0.1245,0.3349,1.0827,-0.851,-0.821,0.529
4164577,1895,1880,1845,0.1249,0.3352,1.0859,-0.657,-0.751,0.709
4164587,1857,1856,1865,0.1229,0.3347,1.0844,-0.469,-0.708,0.889
4164597,1906,1884,1849,0.1219,0.3367,1.0819,-0.203,-0.491,1.219
4164607,1852,1853,1856,0.1265,0.3399,1.0870,-0.198,-0.555,1.781
4164617,1909,1881,1848,0.1271,0.3371,1.0894,-0.391,-0.656,1.893
4164627,1851,1855,1860,0.1234,0.3306,1.0833,-0.389,-0.374,1.683
4164637,1912,1891,1847,0.1233,0.3320,1.0804,-0.217,-0.055,2.030
4164647,1858,1856,1873,0.1238,0.3327,1.0840,0.038,0.036,2.664
4164657,1901,1883,1849,0.1211,0.3310,1.0799,0.387,0.096,3.134
4164667,1859,1851,1870,0.1220,0.3403,1.0814,0.809,0.171,4.139
4164677,1897,1880,1850,0.1294,0.3484,1.0916,0.727,-0.057,5.417
4164687,1855,1850,1866,0.1232,0.3429,1.0900,0.240,-0.282,5.397
4164697,1910,1894,1848,0.1196,0.3405,1.0879,-0.358,-0.459,5.407
4164707,1849,1856,1866,0.1208,0.3427,1.0881,-1.176,-0.831,6.232
4164717,1907,1894,1848,0.1216,0.3445,1.0869,-1.942,-1.306,7.034
4164727,1850,1860,1868,0.1234,0.3448,1.0889,-2.631,-1.871,7.651
4164737,1924,1885,1851,0.1248,0.3458,1.0913,-3.251,-2.518,8.115
4164747,1836,1860,1869,0.1247,0.3525,1.0938,-3.682,-2.962,8.756
4164757,1908,1898,1850,0.1288,0.3503,1.0896,-4.273,-3.219,9.105
4164767,1843,1863,1868,0.1283,0.3404,1.0883,-5.000,-3.650,8.647
4164777,1892,1887,1852,0.1323,0.3431,1.0926,-5.719,-4.072,8.808
4164787,1841,1861,1873,0.1401,0.3455,1.0950,-6.195,-4.197,9.484
4164797,1880,1898,1856,0.1385,0.3375,1.0918,-6.534,-4.235,9.055
4164807,1873,1855,1872,0.1383,0.3315,1.0915,-6.630,-4.239,8.425
4164817,1904,1902,1854,0.1399,0.3239,1.0895,-6.461,-4.162,8.233
4164827,1849,1856,1874,0.1424,0.3210,1.0887,-6.111,-3.972,8.166
4164837,1905,1908,1849,0.1469,0.3192,1.0912,-5.852,-3.759,8.169
4164847,1850,1868,1865,0.1474,0.3168,1.0906,-5.612,-3.328,7.762
4164857,1904,1904,1851,0.1483,0.3118,1.0924,-5.186,-2.894,7.058
4164867,1845,1875,1876,0.1460,0.3025,1.0914,-4.736,-2.285,6.206
4164877,1883,1909,1855,0.1435,0.2958,1.0891,-3.905,-1.703,5.292
4164887,1853,1874,1868,0.1447,0.2928,1.0895,-2.878,-0.964,4.917
4164897,1902,1910,1851,0.1442,0.2867,1.0879,-1.824,-0.252,4.296
4164907,1848,1864,1868,0.1408,0.2845,1.0830,-0.511,0.637,3.362
4164917,1913,1913,1852,0.1444,0.2860,1.0852,0.814,1.581,2.790
4164927,1848,1876,1880,0.1412,0.2849,1.0793,2.165,2.619,1.694
4164937,1907,1917,1855,0.1411,0.2815,1.0791,3.697,3.752,0.424
4164947,1860,1882,1892,0.1411,0.2766,1.0797,5.146,4.757,-0.847
4164957,1902,1914,1852,0.1379,0.2748,1.0790,7.004,6.085,-1.924
4164967,1853,1878,1872,0.1359,0.2798,1.0821,9.168,7.528,-2.775
4164977,1907,1902,1851,0.1338,0.2868,1.0839,11.666,8.813,-3.645
4164987,1858,1887,1876,0.1310,0.2972,1.0857,14.417,10.028,-4.045
4164997,1914,1894,1855,0.1284,0.3126,1.0864,16.699,11.044,-4.272
4165007,1845,1877,1876,0.1286,0.3296,1.0860,18.429,12.035,-4.282
4165017,1901,1904,1853,0.1269,0.3416,1.0881,19.414,12.709,-4.613
4165027,1844,1874,1875,0.1207,0.3509,1.0880,19.426,13.302,-5.188
4165037,1903,1907,1853,0.1153,0.3632,1.0844,18.408,13.820,-5.403
4165047,1845,1871,1870,0.1107,0.3740,1.0825,16.622,14.135,-5.316
4165057,1906,1910,1850,0.1084,0.3823,1.0840,14.818,13.995,-5.296
4165067,1841,1882,1873,0.1000,0.3766,1.0832,12.734,13.660,-5.837
4165077,1911,1899,1851,0.0930,0.3697,1.0830,11.096,13.011,-6.423
4165087,1841,1873,1873,0.0937,0.3667,1.0876,9.851,12.044,-6.121
4165097,1909,1899,1850,0.0893,0.3570,1.0878,8.698,10.983,-5.946
4165107,1844,1864,1870,0.0856,0.3512,1.0882,7.876,9.797,-5.913
4165117,1913,1907,1852,0.0845,0.3536,1.0871,7.139,8.566,-5.205
4165127,1843,1864,1871,0.0830,0.3631,1.0822,5.875,7.664,-4.062
4165137,1907,1901,1850,0.0816,0.3762,1.0914,4.112,6.278,-3.236
4165147,1844,1872,1873,0.0857,0.3772,1.1004,2.608,4.604,-2.591
4165157,1907,1904,1853,0.0780,0.3709,1.0866,1.551,3.465,-2.730
4165167,1845,1883,1879,0.0783,0.3713,1.0869,0.314,2.160,-2.347
4165177,1882,1909,1853,0.0817,0.3728,1.0909,-1.039,0.587,-1.560
4165187,1848,1873,1870,0.0837,0.3698,1.0848,-1.935,-0.538,-1.119
4165197,1913,1914,1843,0.0863,0.3666,1.0838,-2.743,-1.589,-0.798
4165207,1851,1869,1875,0.0879,0.3645,1.0854,-3.487,-2.572,-0.419
4165217,1918,1906,1853,0.0895,0.3627,1.0814,-3.996,-3.161,0.010
4165227,1849,1869,1871,0.0919,0.3613,1.0811,-4.430,-3.619,0.454
4165237,1888,1895,1858,0.0925,0.3591,1.0824,-4.818,-4.132,0.672
4165247,1932,1870,1878,0.0936,0.3574,1.0811,-5.021,-4.450,0.798
4165257,1912,1904,1850,0.0967,0.3563,1.0816,-5.016,-4.649,0.968
4165267,1855,1870,1880,0.0995,0.3540,1.0867,-4.888,-4.908,0.879
4165277,1891,1917,1853,0.0996,0.3450,1.0878,-4.663,-5.003,0.357
4165287,1873,1848,1875,0.0958,0.3397,1.0810,-4.371,-4.714,-0.122
4165297,1872,1882,1851,0.0990,0.3450,1.0798,-4.017,-4.339,0.240
4165307,1964,1872,1894,0.1038,0.3513,1.0831,-3.394,-4.143,0.642
4165317,1868,1884,1854,0.1106,0.3542,1.0912,-2.031,-3.948,0.394
4165327,2005,1842,1928,0.1150,0.3469,1.1040,0.209,-3.604,-0.441
4165337,1850,1868,1850,0.1082,0.3294,1.1061,2.768,-2.686,-1.957
4165347,1846,1896,1912,0.1093,0.3284,1.1123,5.521,-1.466,-2.555
4165357,1906,2024,1851,0.1157,0.3344,1.1218,7.996,-0.236,-1.994
4165367,1845,1912,1877,0.1091,0.3359,1.1171,10.169,1.482,-2.190
4165377,1874,1947,1862,0.1014,0.3368,1.1216,12.211,2.969,-2.641
4165387,2123,1903,1877,0.0901,0.3406,1.1159,13.807,4.412,-2.720
4165397,1995,1974,1865,0.0886,0.3623,1.1063,15.073,5.922,-1.563
4165407,2094,1968,1858,0.0948,0.3870,1.1270,15.114,6.475,0.139
4165417,1865,1874,1900,0.0857,0.3941,1.1484,13.601,6.668,-0.139
4165427,2036,1870,1893,0.0744,0.3993,1.1459,11.304,7.677,-0.996
4165437,2073,1950,1854,0.0794,0.4194,1.1438,8.044,9.312,0.372
4165447,1874,1862,1871,0.0826,0.4360,1.1472,2.916,10.236,1.990
4165457,1837,1870,1868,0.0887,0.4360,1.1538,-3.943,10.322,2.323
4165467,1862,1860,1889,0.1069,0.4185,1.1786,-11.808,10.079,2.696
4165477,2044,1866,1895,0.0956,0.4270,1.2150,-20.351,10.046,4.145
4165487,1951,2176,1858,0.0912,0.4554,1.2251,-27.866,11.799,7.038
4165497,1918,1963,1858,0.1045,0.4732,1.2500,-34.967,13.801,9.506
4165507,1935,1849,1866,0.1058,0.4574,1.2793,-42.024,14.702,8.560
4165517,1943,1908,1858,0.1017,0.4403,1.2853,-46.175,16.385,6.424
4165527,1846,1875,1894,0.1040,0.4220,1.3027,-47.971,18.671,5.534
4165537,1969,1863,1893,0.1001,0.3975,1.3282,-48.888,20.932,4.584
4165547,1853,1878,1866,0.0986,0.3834,1.3476,-47.895,23.670,3.848
4165557,1942,1950,1874,0.0960,0.3756,1.3699,-45.365,26.986,4.081
4165567,1895,1952,1875,0.0910,0.3684,1.3932,-42.246,30.687,4.483
4165577,1835,1952,1867,0.0840,0.3596,1.4097,-38.633,34.694,4.885
4165587,1943,1907,1871,0.0753,0.3514,1.4195,-34.754,38.879,5.303
4165597,1839,1844,1895,0.0632,0.3435,1.4283,-31.111,42.928,5.751
4165607,1836,1851,1877,0.0490,0.3387,1.4325,-27.921,46.739,6.261
4165617,2003,1877,1893,0.0340,0.3355,1.4313,-25.278,50.359,6.928
4165627,1841,1936,1878,0.0180,0.3350,1.4296,-23.471,53.656,7.798
4165637,1914,1916,1863,0.0006,0.3341,1.4290,-22.706,56.534,8.847
4165647,1927,1997,1868,-0.0174,0.3332,1.4252,-22.814,59.116,10.184
4165657,2050,1914,1862,-0.0342,0.3304,1.4252,-23.761,61.410,11.855
4165667,1840,1962,1881,-0.0470,0.3203,1.4282,-25.723,63.293,13.648
4165677,2315,1967,1851,-0.0580,0.3041,1.4286,-28.470,65.015,15.545
4165687,1852,1876,1922,-0.0626,0.2875,1.4204,-31.528,66.740,17.779
4165697,1893,1960,1857,-0.0639,0.2633,1.4087,-34.598,68.459,20.284
4165707,1938,1932,2018,-0.0650,0.2330,1.3920,-37.470,69.903,22.721
4165717,1862,1967,1854,-0.0654,0.2042,1.3719,-39.520,71.118,25.301
4165727,1879,1943,1862,-0.0626,0.1750,1.3483,-40.226,72.298,28.254
4165737,1863,2020,1860,-0.0595,0.1430,1.3256,-39.643,73.295,31.108
4165747,1848,1895,1908,-0.0581,0.1092,1.3027,-37.895,73.976,33.777
4165757,1846,1951,1859,-0.0621,0.0782,1.2748,-34.880,74.616,36.638
4165767,1893,1909,1863,-0.0651,0.0540,1.2443,-30.770,75.230,39.928
4165777,2143,2038,1852,-0.0737,0.0331,1.2085,-25.793,75.560,43.104
4165787,1852,1890,1854,-0.0824,0.0177,1.1722,-19.965,75.503,46.177
4165797,1886,1917,1912,-0.0881,0.0055,1.1336,-13.346,75.155,49.391
4165807,1856,1947,1859,-0.0956,-0.0051,1.0933,-6.043,74.480,52.274
4165817,1977,1931,1852,-0.1028,-0.0082,1.0575,1.592,73.369,55.013
4165827,2630,1945,1873,-0.1107,-0.0035,1.0233,9.184,71.933,57.709
4165837,1883,1989,1902,-0.1180,0.0029,0.9901,16.529,70.235,59.960
4165847,1942,1986,1853,-0.1341,0.0091,0.9467,23.197,68.327,61.775
4165857,1979,1954,1909,-0.1533,0.0192,0.9031,29.819,65.772,63.064
4165867,1841,1896,1857,-0.1749,0.0340,0.8595,36.291,62.640,64.710
4165877,1977,1922,1856,-0.1949,0.0497,0.8118,42.891,59.095,66.244
4165887,1842,1909,1871,-0.2209,0.0691,0.7607,49.356,55.076,67.475
4165897,1961,1900,1855,-0.2378,0.0883,0.7146,55.744,50.310,68.744
4165907,1864,1949,1906,-0.2506,0.1084,0.6844,61.438,44.233,69.940
4165917,1996,1948,1860,-0.2598,0.1300,0.6670,66.252,36.818,70.744
4165927,1840,1978,1879,-0.2627,0.1557,0.6525,70.528,29.113,71.487
4165937,1849,1898,1852,-0.2496,0.1769,0.6380,74.053,21.446,72.140
4165947,1965,1871,1858,-0.2411,0.1901,0.6192,77.200,13.900,71.832
4165957,1847,1838,1863,-0.2286,0.2006,0.6006,79.963,6.533,71.380
4165967,1865,1876,1888,-0.2128,0.2087,0.5824,82.507,-0.698,71.529
4165977,1974,1995,1853,-0.2025,0.2313,0.5795,84.458,-7.967,72.586
4165987,1973,1981,1856,-0.1842,0.2684,0.5955,85.710,-15.053,74.661
4165997,1939,1924,1859,-0.1586,0.3054,0.6146,86.081,-21.491,76.581
4166007,1873,1861,1855,-0.1301,0.3263,0.6324,85.392,-27.088,77.069
4166017,2197,1979,1868,-0.0995,0.3398,0.6527,83.564,-31.956,76.645
4166027,1965,1959,1875,-0.0703,0.3547,0.6824,80.815,-35.934,76.349
4166037,1968,2056,1858,-0.0459,0.3748,0.7037,77.516,-38.309,76.558
4166047,1881,1838,1881,-0.0278,0.3973,0.7111,74.334,-38.974,76.844
4166057,1906,1957,1866,-0.0113,0.4204,0.7203,71.008,-38.852,76.915
4166067,1858,1885,1877,-0.0012,0.4411,0.7267,67.237,-38.418,76.330
4166077,2051,1982,1889,0.0010,0.4608,0.7321,63.397,-37.649,75.046
4166087,1885,2015,1861,0.0023,0.4887,0.7429,59.376,-36.763,73.832
4166097,2129,1974,1862,0.0026,0.5149,0.7458,55.602,-35.490,72.347
4166107,1948,1888,1952,0.0026,0.5338,0.7451,51.835,-34.024,70.155
4166117,2008,1966,1865,0.0021,0.5475,0.7465,47.854,-32.839,67.525
4166127,2030,1971,1854,0.0028,0.5560,0.7483,43.911,-31.811,64.912
4166137,1860,1860,1855,0.0019,0.5583,0.7389,40.192,-30.848,62.487
4166147,1864,1898,1860,-0.0132,0.5655,0.7235,37.398,-30.168,60.295
4166157,1973,1859,1862,-0.0230,0.5809,0.7309,35.767,-30.658,58.915
4166167,2034,1942,1857,-0.0290,0.5939,0.7528,35.158,-32.033,57.367
4166177,1955,1903,1852,-0.0280,0.6058,0.7665,35.613,-33.020,55.218
4166187,2017,1858,1853,-0.0199,0.6231,0.7720,36.954,-33.177,53.206
4166197,1928,1840,1930,-0.0119,0.6386,0.7773,38.719,-33.016,51.001
4166207,2114,1872,1890,-0.0067,0.6499,0.7858,40.603,-32.961,48.224
4166217,1954,1925,1854,0.0014,0.6624,0.7989,42.490,-33.068,45.585
4166227,1912,1890,1894,0.0104,0.6773,0.8138,44.208,-33.167,43.426
4166237,1989,1957,1855,0.0180,0.6952,0.8282,45.675,-33.204,41.516
4166247,1857,1839,1902,0.0286,0.7139,0.8455,46.558,-33.233,39.763
4166257,2291,2047,1855,0.0413,0.7292,0.8630,46.752,-33.228,37.920
4166267,2281,1884,1860,0.0524,0.7415,0.8802,46.272,-33.043,35.976
4166277,2030,2002,1890,0.0648,0.7538,0.8982,45.320,-32.688,34.213
4166287,1943,1871,1870,0.0746,0.7632,0.9078,44.102,-31.946,32.470
4166297,2421,1850,1860,0.0833,0.7720,0.9164,42.896,-30.796,30.751
4166307,3211,1936,2025,0.0903,0.7811,0.9234,41.521,-29.478,29.168
4166317,1859,1839,1912,0.0931,0.7863,0.9243,40.133,-27.995,27.461
4166327,2301,1914,1871,0.1042,0.7948,0.9316,38.704,-26.730,26.024
4166337,2096,1948,1892,0.1104,0.8001,0.9336,36.882,-25.268,24.640
4166347,1886,1851,1870,0.1144,0.8036,0.9359,35.089,-23.582,22.832
4166357,1887,1907,1890,0.1207,0.8107,0.9420,33.098,-21.919,21.448
4166367,2099,1882,1857,0.1222,0.8159,0.9443,31.001,-19.955,20.127
4166377,1941,1961,1874,0.1227,0.8202,0.9462,28.772,-17.885,18.602
4166387,2084,1906,1891,0.1232,0.8224,0.9502,26.331,-15.914,16.941
4166397,2398,1960,1882,0.1213,0.8192,0.9456,24.164,-13.714,14.976
4166407,1873,1859,1893,0.1221,0.8104,0.9360,22.493,-11.487,12.809
4166417,1981,1893,1885,0.1183,0.8000,0.9275,21.402,-9.542,10.627
4166427,1925,1869,1913,0.1185,0.7930,0.9226,21.154,-7.805,8.719
4166437,2015,1902,1979,0.1162,0.7882,0.9106,21.684,-5.848,7.082
4166447,1915,1901,1866,0.1117,0.7837,0.8983,23.068,-3.874,5.286
4166457,1979,1892,2039,0.1100,0.7810,0.8859,24.913,-2.215,3.743
4166467,1978,1842,1990,0.1099,0.7745,0.8627,26.988,-0.705,2.499
4166477,2116,2054,2127,0.1102,0.7612,0.8365,29.073,0.360,1.696
4166487,1907,1934,1977,0.1101,0.7531,0.8386,30.812,0.473,1.622
4166497,2077,1844,1935,0.1053,0.7705,0.8695,31.831,0.367,2.891
4166507,1996,1965,2235,0.0925,0.8065,0.8897,32.303,1.766,5.043
4166517,1926,1961,1884,0.0789,0.8429,0.9123,31.693,4.055,6.695
4166527,2052,1881,2048,0.0724,0.8638,0.9109,28.817,5.921,6.574
4166537,1866,1976,2258,0.0656,0.8621,0.8585,24.407,7.685,4.802
4166547,1837,1915,2522,0.0743,0.8433,0.8319,18.336,7.331,2.555
4166557,2535,1916,1944,0.0979,0.8161,0.8065,9.959,4.931,0.079
4166567,1912,1918,2227,0.0977,0.7763,0.7908,1.279,2.100,-3.179
4166577,2471,2086,1947,0.0854,0.7347,0.7612,-6.060,0.189,-5.502
4166587,2346,2005,2055,0.0728,0.7223,0.7333,-9.937,-0.950,-5.022
4166597,1975,1859,1875,0.0828,0.7549,0.7449,-10.502,-2.590,-0.834
4166607,1842,1953,2004,0.0911,0.7683,0.7620,-11.245,-4.672,1.148
4166617,1999,1935,1964,0.0963,0.7727,0.7729,-12.370,-6.358,1.490
4166627,2083,1980,2095,0.1183,0.7792,0.7934,-14.708,-7.884,2.240
4166637,1923,1873,1952,0.1286,0.7703,0.8120,-18.394,-9.108,1.836
4166647,1866,2121,1905,0.1402,0.7493,0.8169,-22.231,-9.993,0.357
4166657,1886,1979,2590,0.1468,0.7303,0.8146,-24.702,-10.055,-0.445
4166667,1911,1941,2117,0.1520,0.7229,0.8218,-25.996,-9.856,-0.326
4166677,1983,1903,2005,0.1554,0.7141,0.8255,-26.093,-9.499,-0.295
4166687,1944,1889,1862,0.1532,0.7023,0.8252,-24.825,-8.729,-0.690
4166697,2519,2045,2033,0.1572,0.6997,0.8428,-22.849,-8.224,-0.725
4166707,1987,1835,2033,0.1604,0.6961,0.8566,-20.696,-7.443,-0.537
4166717,2251,1940,1903,0.1604,0.6915,0.8631,-18.384,-6.136,-0.619
4166727,1834,1848,1863,0.1615,0.6929,0.8759,-16.667,-4.947,-0.508
4166737,1888,1872,1991,0.1628,0.6936,0.8827,-15.505,-3.677,-0.364
4166747,1881,1863,1907,0.1625,0.6895,0.8820,-14.692,-2.225,-0.393
4166757,2416,2122,1934,0.1619,0.6838,0.8788,-14.326,-0.976,-0.324
4166767,1954,1939,1908,0.1580,0.6732,0.8739,-13.896,0.049,-0.272
4166777,2294,1964,1855,0.1546,0.6616,0.8707,-13.173,0.766,-0.047
4166787,1831,1834,1845,0.1482,0.6542,0.8644,-11.843,1.451,0.474
4166797,1880,1888,1878,0.1406,0.6524,0.8555,-9.810,2.211,1.387
4166807,1953,1914,1850,0.1347,0.6552,0.8562,-7.547,2.581,2.472
4166817,2457,2214,1987,0.1293,0.6606,0.8559,-5.322,2.724,3.508
4166827,2181,2132,2279,0.1228,0.6704,0.8510,-2.961,3.025,4.443
4166837,2483,1865,2027,0.1196,0.6831,0.8531,-0.704,3.184,5.237
4166847,4095,1836,2517,0.1129,0.6923,0.8567,1.501,3.083,5.301
4166857,3101,2120,2033,0.1090,0.7067,0.8620,4.013,3.053,5.077
4166867,4095,2960,1965,0.1215,0.7208,0.8753,6.698,2.973,5.055
4166877,4095,2681,2821,0.1333,0.7137,0.8756,9.600,3.104,4.019
4166887,2804,2039,1935,0.1366,0.6864,0.8587,13.373,3.633,2.033
4166897,2390,2168,1875,0.1494,0.6478,0.8585,17.154,3.847,0.671
4166907,2416,2111,1925,0.1420,0.6177,0.8611,20.361,3.818,0.054
4166917,1728,2013,1854,0.1247,0.6194,0.8424,24.618,5.086,1.104
4166927,2219,1853,1857,0.1192,0.6556,0.8309,30.252,7.118,4.435
4166937,1996,1860,1872,0.1084,0.6789,0.8112,36.198,8.441,6.408
4166947,2152,2010,1854,0.0984,0.6854,0.7768,42.640,8.916,5.882
4166957,1895,1917,1853,0.1070,0.7014,0.7643,48.283,8.229,6.003
4166967,1764,1916,2490,0.1119,0.7220,0.7656,52.611,7.049,6.699
4166977,1919,1979,2418,0.1105,0.7549,0.7749,55.412,6.172,7.556
4166987,1742,1924,1887,0.1136,0.7986,0.7882,56.184,5.748,9.022
4166997,1819,1859,1936,0.1208,0.8393,0.7984,54.465,5.582,9.993
4167007,1734,1882,1860,0.1258,0.8651,0.8001,49.785,5.388,9.728
4167017,1730,1943,2113,0.1288,0.8764,0.8049,42.599,4.855,8.304
4167027,1767,2109,1933,0.1290,0.8743,0.8065,33.515,4.119,6.447
4167037,1755,2090,1920,0.1233,0.8633,0.7910,24.242,3.810,4.527
4167047,1739,1940,2116,0.1176,0.8501,0.7646,15.985,3.801,3.196
4167057,1824,1892,2025,0.1125,0.8345,0.7500,9.092,3.238,2.161
4167067,1897,1943,1855,0.1118,0.8158,0.7493,3.740,2.053,1.110
4167077,2070,1896,2064,0.1128,0.8053,0.7553,0.103,0.948,0.467
4167087,2023,1841,1850,0.1163,0.8035,0.7617,-2.029,0.399,0.596
4167097,1765,1900,2005,0.1191,0.8006,0.7638,-3.287,0.257,0.708
4167107,1745,1884,1873,0.1200,0.7922,0.7690,-4.344,-0.101,0.219
4167117,1773,1936,1959,0.1193,0.7857,0.7746,-5.342,-0.603,-0.407
4167127,1771,1880,1961,0.1205,0.7782,0.7735,-5.887,-0.831,-0.804
4167137,1839,1962,2106,0.1219,0.7708,0.7748,-5.966,-0.997,-1.012
4167147,1813,1838,2013,0.1237,0.7675,0.7820,-5.701,-1.280,-0.992
4167157,1888,1985,1881,0.1244,0.7683,0.7829,-5.081,-1.323,-0.679
4167167,1811,1894,1940,0.1224,0.7675,0.7740,-3.999,-0.953,-0.362
4167177,1938,1931,1862,0.1192,0.7662,0.7708,-2.785,-0.914,-0.217
4167187,1852,1833,1988,0.1180,0.7646,0.7737,-1.709,-1.348,-0.217
4167197,1905,1974,2123,0.1200,0.7617,0.7751,-0.379,-1.641,-0.142
4167207,1772,1871,2675,0.1253,0.7692,0.7966,0.937,-2.005,0.434
4167217,1785,1897,2449,0.1281,0.7877,0.8216,1.977,-1.944,1.534
4167227,1787,1848,2697,0.1316,0.8028,0.8279,3.216,-0.592,2.642
4167237,1745,1898,3030,0.1368,0.8044,0.8342,3.319,0.565,2.829
4167247,1826,1844,2105,0.1235,0.7866,0.8073,2.097,1.269,1.082
4167257,1736,1864,2429,0.1155,0.7687,0.7685,1.151,1.694,-0.736
4167267,1772,1859,1992,0.1215,0.7548,0.7575,0.582,0.646,-1.503
4167277,1890,1907,2075,0.1104,0.7376,0.7360,0.996,-0.873,-2.786
4167287,1777,1938,2978,0.1032,0.7390,0.7145,3.566,-1.655,-3.173
4167297,1891,1847,1934,0.1057,0.7445,0.7100,7.232,-2.666,-2.134
4167307,1774,1980,2127,0.0896,0.7490,0.6946,11.625,-3.699,-2.336
4167317,1748,1916,2027,0.0951,0.7729,0.6988,16.473,-4.640,-1.712
4167327,2072,1866,2508,0.1090,0.7957,0.7154,20.557,-5.888,-0.440
4167337,1744,2075,3166,0.1117,0.8109,0.7263,23.576,-6.770,-0.715
4167347,1904,1836,1907,0.1229,0.8316,0.7510,24.579,-7.573,-0.811
4167357,2149,1935,1822,0.1284,0.8389,0.7648,22.956,-8.093,-1.229
4167367,1767,1866,1720,0.1283,0.8337,0.7605,19.432,-8.043,-2.561
4167377,1925,1921,1684,0.1347,0.8255,0.7662,14.429,-8.289,-3.381
4167387,1756,1924,2478,0.1309,0.8140,0.7640,8.858,-8.588,-3.937
4167397,2063,1998,1942,0.1268,0.8072,0.7509,3.912,-8.391,-4.123
4167407,1834,1929,2234,0.1313,0.7986,0.7431,-0.003,-8.339,-3.763
4167417,2001,1840,2020,0.1311,0.7880,0.7470,-2.443,-8.615,-3.804
4167427,1794,1890,1731,0.1325,0.7833,0.7489,-3.513,-8.612,-3.726
4167437,1916,1940,1660,0.1300,0.7857,0.7470,-3.280,-8.018,-3.221
4167447,1787,1857,1678,0.1324,0.7887,0.7535,-2.694,-7.588,-2.785
4167457,1809,1863,1749,0.1352,0.7856,0.7576,-2.522,-7.388,-2.891
4167467,1751,1949,1819,0.1367,0.7794,0.7578,-2.700,-7.094,-3.323
4167477,1887,1905,2303,0.1398,0.7780,0.7609,-3.285,-6.869,-3.251
4167487,1888,1838,2004,0.1411,0.7778,0.7588,-4.070,-6.516,-2.924
4167497,1732,1863,1924,0.1387,0.7760,0.7550,-4.702,-5.964,-2.756
4167507,1917,1894,1838,0.1381,0.7783,0.7674,-5.221,-5.750,-2.502
4167517,1808,1844,1703,0.1350,0.7829,0.7771,-5.451,-5.337,-2.242
4167527,1872,2004,1652,0.1348,0.7866,0.7743,-5.071,-4.261,-1.974
4167537,1818,1850,1665,0.1346,0.7882,0.7738,-4.511,-3.276,-1.644
4167547,1743,1851,1818,0.1315,0.7881,0.7735,-4.100,-2.648,-1.504
4167557,1779,1841,1700,0.1281,0.7844,0.7695,-3.962,-2.167,-1.604
4167567,1850,1899,1679,0.1266,0.7796,0.7650,-4.089,-1.842,-1.709
4167577,1939,1940,1652,0.1252,0.7773,0.7607,-4.340,-1.721,-1.628
4167587,1762,1839,1707,0.1220,0.7782,0.7547,-4.502,-1.641,-1.356
4167597,1743,1842,1727,0.1191,0.7788,0.7491,-4.516,-1.655,-1.099
4167607,1807,1847,1754,0.1151,0.7788,0.7487,-4.547,-1.940,-1.060
4167617,1834,2068,2663,0.1109,0.7808,0.7502,-4.631,-2.332,-1.046
4167627,2057,1916,1821,0.1112,0.7795,0.7513,-4.799,-2.608,-0.976
4167637,1789,1986,1906,0.1142,0.7761,0.7571,-5.280,-2.978,-0.901
4167647,3142,2008,1655,0.1146,0.7728,0.7583,-5.990,-3.230,-0.605
4167657,2629,2148,1928,0.1103,0.7746,0.7457,-6.377,-2.959,0.173
4167667,2713,1894,2286,0.1113,0.7745,0.7356,-6.387,-2.830,1.283
4167677,2160,1837,2826,0.1111,0.7671,0.7406,-6.178,-3.565,1.649
4167687,3052,1926,1799,0.1149,0.7641,0.7575,-5.756,-4.539,1.766
4167697,3739,2082,1681,0.1300,0.7681,0.7839,-5.006,-4.906,2.529
4167707,1932,1884,1995,0.1417,0.7644,0.8016,-4.389,-4.619,2.992
4167717,2483,1874,1770,0.1389,0.7557,0.7983,-3.897,-3.594,2.775
4167727,2040,2021,1709,0.1398,0.7527,0.8063,-3.489,-2.534,3.013
4167737,2498,2084,1835,0.1383,0.7472,0.8215,-3.722,-1.679,3.195
4167747,2250,1930,1907,0.1288,0.7424,0.8080,-3.646,-0.117,2.696
4167757,2697,2195,2165,0.1323,0.7354,0.7872,-2.457,1.601,2.643
4167767,2386,1937,1948,0.1356,0.7237,0.7836,-0.184,2.286,2.425
4167777,1863,1993,1897,0.1381,0.7199,0.7805,2.913,2.729,2.379
4167787,1866,2061,2364,0.1390,0.7326,0.7816,6.514,3.782,3.686
4167797,2038,1868,2246,0.1375,0.7531,0.7950,9.506,4.726,5.406
4167807,2378,1969,1775,0.1374,0.7670,0.8037,11.295,5.650,6.469
4167817,1894,1858,1908,0.1395,0.7780,0.8048,11.561,6.528,7.037
4167827,1810,1929,1666,0.1421,0.7851,0.7992,10.375,7.231,7.313
4167837,1739,1856,2019,0.1406,0.7839,0.7855,8.315,7.744,7.158
4167847,1735,2072,1732,0.1363,0.7804,0.7790,6.062,7.839,6.934
4167857,2087,1924,1809,0.1322,0.7889,0.7807,3.772,7.633,7.340
4167867,2014,1854,1935,0.1261,0.8040,0.7846,1.706,7.684,8.214
4167877,1933,2111,1842,0.1250,0.8211,0.7922,-0.339,7.686,9.048
4167887,2072,1887,1955,0.1251,0.8273,0.7854,-2.778,7.802,9.320
4167897,1831,1951,1727,0.1273,0.8186,0.7825,-5.775,7.529,8.666
4167907,3154,1941,1687,0.1301,0.8071,0.7866,-9.090,6.660,7.450
4167917,1887,1866,1662,0.1317,0.7949,0.7784,-11.412,6.429,6.397
4167927,2332,1869,1850,0.1293,0.7890,0.7693,-12.216,6.618,5.774
4167937,1848,1839,1983,0.1239,0.7881,0.7605,-11.878,6.688,5.336
4167947,1725,1849,1727,0.1223,0.7844,0.7563,-10.553,6.642,4.865
4167957,1733,1840,1745,0.1202,0.7836,0.7586,-8.892,6.253,4.272
4167967,1847,1856,1732,0.1218,0.7881,0.7628,-7.010,5.918,3.943
4167977,1858,1954,1906,0.1239,0.7906,0.7612,-5.143,5.848,3.751
4167987,1915,1839,1767,0.1227,0.7903,0.7579,-3.737,5.683,3.202
4167997,1736,1857,1701,0.1203,0.7912,0.7612,-3.037,5.175,2.524
4168007,1896,1865,1751,0.1198,0.7934,0.7640,-2.797,4.607,2.014
4168017,1832,1995,1677,0.1203,0.7930,0.7612,-2.603,4.240,1.659
4168027,1962,1844,1786,0.1204,0.7925,0.7624,-2.514,3.777,1.368
4168037,2246,2033,1651,0.1193,0.7887,0.7615,-2.516,3.203,0.967
4168047,1889,1939,1734,0.1178,0.7868,0.7615,-2.431,2.692,0.598
4168057,1814,1832,1661,0.1204,0.7875,0.7676,-2.305,2.122,0.432
4168067,1725,1840,1656,0.1213,0.7886,0.7749,-2.277,1.513,0.282
4168077,1936,1835,1682,0.1212,0.7866,0.7786,-2.275,1.134,0.063
4168087,2009,1836,1717,0.1215,0.7839,0.7807,-2.395,0.770,-0.152
4168097,1912,1870,2294,0.1216,0.7809,0.7822,-2.522,0.367,-0.436
4168107,1844,1872,1671,0.1230,0.7765,0.7842,-2.472,0.042,-0.776
4168117,2145,1853,1733,0.1217,0.7718,0.7867,-2.066,-0.202,-1.290
4168127,1920,1843,1796,0.1213,0.7715,0.7901,-1.155,-0.318,-1.620
4168137,1736,1839,1685,0.1219,0.7726,0.7908,0.113,-0.210,-1.712
4168147,1767,1896,1821,0.1210,0.7735,0.7935,1.432,-0.103,-1.970
4168157,1732,1852,1784,0.1213,0.7764,0.7980,2.558,-0.074,-2.244
4168167,2162,1887,1833,0.1226,0.7768,0.8007,3.549,0.093,-2.584
4168177,2241,1985,1892,0.1212,0.7750,0.8017,4.345,0.363,-3.069
4168187,1868,1834,1663,0.1211,0.7771,0.8065,4.785,0.626,-3.329
4168197,2022,1919,1691,0.1173,0.7743,0.8044,4.877,1.283,-3.783
4168207,1800,1842,1678,0.1136,0.7746,0.8019,4.751,1.742,-4.100
4168217,1814,1880,1659,0.1117,0.7717,0.7964,4.492,2.151,-4.385
4168227,1728,1835,1670,0.1075,0.7659,0.7920,4.220,2.423,-4.853
4168237,1730,1839,1660,0.1044,0.7652,0.7950,4.014,2.487,-5.059
4168247,2223,1854,2290,0.1008,0.7682,0.7921,4.087,2.796,-4.924
4168257,1836,1866,2013,0.0987,0.7717,0.7919,4.271,3.175,-4.856
4168267,1848,2068,1786,0.0978,0.7749,0.7974,4.318,3.371,-4.992
4168277,2081,1844,1670,0.0975,0.7756,0.7996,4.256,3.634,-5.274
4168287,1847,1840,1689,0.0960,0.7755,0.7958,4.110,4.072,-5.572
4168297,2205,1942,1679,0.0951,0.7741,0.7907,3.798,4.470,-5.761
4168307,1724,1846,1712,0.0923,0.7701,0.7893,3.308,4.623,-6.095
4168317,1853,1872,1743,0.0890,0.7673,0.7868,2.853,4.754,-6.376
4168327,1872,1861,1750,0.0870,0.7672,0.7828,2.691,5.038,-6.368
4168337,1846,1840,1769,0.0851,0.7698,0.7798,2.685,5.334,-6.228
4168347,2046,1837,1667,0.0833,0.7722,0.7771,2.673,5.619,-6.160
4168357,1779,1841,1663,0.0812,0.7747,0.7749,2.568,5.898,-6.230
4168367,1733,1838,1658,0.0781,0.7778,0.7725,2.268,6.140,-6.383
4168377,1858,1837,1662,0.0737,0.7820,0.7718,1.775,6.361,-6.513
4168387,1727,1835,1683,0.0695,0.7887,0.7727,1.072,6.577,-6.608
4168397,1877,1843,1660,0.0672,0.7945,0.7702,0.056,6.842,-6.798
4168407,1769,1836,1680,0.0663,0.7942,0.7683,-1.304,7.080,-7.357
4168417,1722,1835,1658,0.0635,0.7919,0.7648,-2.918,7.223,-8.263
4168427,1730,1838,1681,0.0606,0.7921,0.7632,-4.577,7.384,-9.034
4168437,1735,1854,1666,0.0578,0.7926,0.7634,-6.193,7.584,-9.729
4168447,1753,1842,1668,0.0521,0.7910,0.7645,-7.714,7.780,-10.701
4168457,1723,1891,1673,0.0469,0.7893,0.7667,-9.102,7.954,-11.725
4168467,1727,1852,1661,0.0407,0.7876,0.7656,-10.300,8.142,-12.632
4168477,1796,1862,1667,0.0345,0.7860,0.7628,-11.247,8.205,-13.537
4168487,1742,1866,1709,0.0287,0.7845,0.7630,-11.830,7.958,-14.351
4168497,1794,1921,1712,0.0242,0.7869,0.7692,-11.786,7.553,-14.955
4168507,1779,1845,1674,0.0222,0.7906,0.7747,-11.106,7.210,-15.418
4168517,1745,1857,1669,0.0207,0.7929,0.7798,-10.051,6.990,-16.004
4168527,2095,1838,1677,0.0217,0.7965,0.7897,-8.951,6.773,-16.637
4168537,1978,1839,1678,0.0242,0.8001,0.8001,-7.950,6.709,-17.297
4168547,2172,1849,1662,0.0246,0.8013,0.8085,-7.033,6.952,-18.145
4168557,1807,1877,1671,0.0258,0.8034,0.8171,-6.354,7.447,-19.078
4168567,1869,1877,1677,0.0243,0.8114,0.8299,-6.129,8.211,-19.914
4168577,2407,2009,1691,0.0290,0.8197,0.8524,-6.436,8.998,-20.872
4168587,1735,1838,1677,0.0261,0.8183,0.8545,-7.022,10.456,-22.462
4168597,1846,1903,1667,0.0214,0.8121,0.8454,-7.791,12.452,-24.373
4168607,2336,1956,1683,0.0172,0.8058,0.8436,-9.533,13.768,-26.198
4168617,2015,1859,1727,0.0090,0.7967,0.8457,-11.767,14.761,-28.161
4168627,2250,1852,1721,0.0063,0.7903,0.8531,-13.949,15.878,-29.711
4168637,1824,1959,1676,0.0041,0.7824,0.8533,-15.918,17.282,-30.933
4168647,2217,1882,1701,0.0003,0.7717,0.8482,-17.876,19.058,-32.269
4168657,1822,1840,1666,-0.0032,0.7672,0.8426,-20.256,20.825,-33.205
4168667,1797,1843,1679,-0.0047,0.7668,0.8364,-23.048,22.413,-33.725
4168677,1837,1837,1680,-0.0092,0.7616,0.8311,-25.997,23.811,-34.356
4168687,1734,1839,1680,-0.0140,0.7535,0.8269,-29.130,24.892,-35.130
4168697,1756,1853,1678,-0.0213,0.7432,0.8208,-32.339,25.826,-35.819
4168707,1768,1835,1677,-0.0306,0.7355,0.8169,-35.594,26.657,-36.218
4168717,1784,1854,1669,-0.0414,0.7329,0.8187,-38.964,27.292,-36.392
4168727,2257,1835,1681,-0.0532,0.7320,0.8228,-42.229,27.977,-36.659
4168737,2235,1915,1680,-0.0633,0.7288,0.8293,-45.287,28.890,-37.250
4168747,1955,1869,1692,-0.0728,0.7224,0.8304,-48.307,29.982,-38.278
4168757,1981,1840,1682,-0.0808,0.7110,0.8235,-51.282,31.233,-39.521
4168767,1856,1838,1701,-0.0870,0.6920,0.8148,-54.369,32.145,-41.053
4168777,1720,1838,1672,-0.0963,0.6604,0.8046,-57.449,32.387,-43.006
4168787,1968,1872,1755,-0.1081,0.6322,0.7996,-60.336,31.961,-44.538
4168797,1843,1842,1671,-0.1179,0.6092,0.7951,-62.427,31.261,-45.066
4168807,1875,1836,1681,-0.1265,0.5995,0.7944,-63.407,30.735,-44.565
4168817,2290,1864,1665,-0.1244,0.5871,0.8006,-63.510,30.034,-43.515
4168827,2250,1855,1679,-0.1321,0.5786,0.8107,-63.251,29.172,-42.889
4168837,1867,1835,1669,-0.1428,0.5743,0.8057,-62.416,28.996,-42.388
4168847,1795,1838,1681,-0.1514,0.5703,0.7910,-60.908,29.136,-42.017
4168857,2258,1968,1708,-0.1628,0.5592,0.7857,-59.375,28.220,-42.467
4168867,2313,1913,1726,-0.1768,0.5445,0.7867,-57.739,26.300,-43.568
4168877,1746,1839,1671,-0.1883,0.5299,0.7855,-55.721,24.132,-44.437
4168887,1874,1852,1684,-0.1960,0.5148,0.7869,-53.444,21.861,-44.888
4168897,1729,1848,1672,-0.1998,0.5043,0.7934,-51.526,19.319,-45.031
4168907,2061,1855,1686,-0.2044,0.4997,0.7936,-49.903,16.926,-44.823
4168917,1724,1835,1675,-0.2107,0.5024,0.7886,-48.333,14.846,-44.181
4168927,1720,1849,1687,-0.2180,0.5065,0.7817,-47.118,12.535,-43.504
4168937,1915,1872,1701,-0.2289,0.5015,0.7730,-46.421,9.712,-43.520
4168947,1716,1840,1679,-0.2411,0.4901,0.7635,-46.390,6.292,-43.923
4168957,2036,1916,1678,-0.2509,0.4756,0.7562,-47.225,2.171,-44.019
4168967,1760,1850,1708,-0.2572,0.4616,0.7579,-49.071,-2.527,-43.646
4168977,1754,1835,1673,-0.2612,0.4523,0.7664,-51.858,-7.510,-42.878
4168987,1938,1835,1686,-0.2644,0.4481,0.7751,-55.002,-12.251,-41.685
4168997,1744,1836,1679,-0.2654,0.4489,0.7804,-58.136,-16.607,-40.313
4169007,1737,1849,1690,-0.2659,0.4474,0.7884,-61.344,-20.859,-39.283
4169017,2528,1841,1681,-0.2687,0.4390,0.7956,-64.462,-25.127,-38.925
4169027,1717,1838,1679,-0.2688,0.4273,0.8043,-67.513,-29.549,-38.875
4169037,1727,1839,1674,-0.2660,0.4134,0.8170,-70.699,-34.193,-38.786
4169047,2263,1841,1682,-0.2624,0.3981,0.8299,-73.762,-38.869,-38.764
4169057,2307,1882,1693,-0.2556,0.3851,0.8454,-76.579,-43.489,-38.603
4169067,1872,1836,1682,-0.2439,0.3742,0.8649,-79.073,-47.920,-38.179
4169077,1739,1912,1694,-0.2285,0.3590,0.8832,-81.362,-51.957,-37.811
4169087,1818,1839,1679,-0.2163,0.3399,0.9009,-83.604,-55.653,-37.843
4169097,1853,1847,1679,-0.2033,0.3206,0.9200,-85.857,-59.154,-37.829
4169107,1798,1871,1713,-0.1918,0.3004,0.9444,-87.977,-62.297,-37.533
4169117,2233,1870,1692,-0.1779,0.2798,0.9740,-89.974,-65.018,-36.853
4169127,2060,1898,1813,-0.1636,0.2627,1.0025,-91.875,-67.315,-35.971
4169137,2137,1967,1680,-0.1451,0.2470,1.0337,-93.518,-69.052,-34.934
4169147,1810,1889,1685,-0.1274,0.2308,1.0588,-94.860,-70.005,-34.013
4169157,1901,1896,1678,-0.1080,0.2104,1.0746,-95.804,-70.266,-33.509
4169167,1826,1882,1678,-0.0933,0.1810,1.0835,-96.304,-70.150,-33.551
4169177,2085,1953,1681,-0.0835,0.1462,1.0981,-96.090,-70.096,-33.768
4169187,2514,1877,1702,-0.0732,0.1144,1.1197,-95.090,-70.127,-33.342
4169197,2114,1842,1680,-0.0611,0.0853,1.1436,-93.164,-69.862,-31.908
4169207,1798,1867,1680,-0.0491,0.0640,1.1636,-90.647,-69.183,-29.805
4169217,1738,1902,1686,-0.0479,0.0577,1.1871,-86.935,-68.412,-27.583
4169227,1865,1868,1678,-0.0378,0.0602,1.2083,-82.234,-66.810,-24.640
4169237,1912,1841,1688,-0.0293,0.0570,1.2237,-76.081,-64.995,-22.645
4169247,1805,1888,1678,-0.0250,0.0505,1.2434,-69.172,-63.373,-22.050
4169257,1718,1846,1680,-0.0179,0.0431,1.2512,-61.879,-61.436,-21.810
4169267,1977,1861,1704,-0.0119,0.0316,1.2498,-54.187,-59.150,-21.923
4169277,1815,1924,1681,-0.0054,0.0194,1.2533,-46.436,-57.265,-22.388
4169287,1805,1891,1705,0.0005,0.0085,1.2580,-38.442,-55.591,-22.827
4169297,1757,1895,1682,0.0060,0.0021,1.2598,-30.134,-53.807,-22.810
4169307,2027,1872,1707,0.0129,0.0003,1.2670,-21.835,-52.123,-22.342
4169317,1766,1902,1723,0.0171,0.0016,1.2693,-13.655,-50.448,-21.658
4169327,1737,1875,1703,0.0213,0.0096,1.2705,-5.849,-48.794,-20.545
4169337,1869,1911,1684,0.0252,0.0216,1.2692,1.225,-47.311,-19.098
4169347,1999,1888,1701,0.0283,0.0335,1.2684,7.436,-46.140,-17.781
4169357,1731,1889,1703,0.0330,0.0459,1.2716,12.548,-45.271,-16.711
4169367,1737,1873,1723,0.0389,0.0570,1.2724,16.558,-44.421,-15.843
4169377,1765,1904,1686,0.0462,0.0690,1.2676,19.694,-43.378,-15.015
4169387,1773,1876,1684,0.0527,0.0808,1.2610,22.106,-42.197,-14.150
4169397,1719,1876,1703,0.0580,0.0909,1.2586,23.868,-41.098,-13.484
4169407,1731,1868,1689,0.0608,0.0999,1.2527,25.274,-39.991,-13.057
4169417,1743,1876,1682,0.0643,0.1102,1.2490,26.569,-38.801,-12.583
4169427,1969,1854,1693,0.0699,0.1196,1.2487,27.588,-37.783,-12.099
4169437,1732,1925,1683,0.0752,0.1263,1.2481,28.364,-36.878,-11.978
4169447,1799,1889,1693,0.0817,0.1311,1.2421,29.010,-35.792,-12.013
4169457,1720,1885,1691,0.0896,0.1343,1.2344,29.583,-34.570,-12.002
4169467,1742,1852,1701,0.0968,0.1368,1.2266,29.949,-33.463,-12.039
4169477,1767,1865,1684,0.1047,0.1378,1.2171,30.158,-32.508,-12.143
4169487,1765,1872,1694,0.1126,0.1374,1.2076,30.265,-31.654,-12.225
4169497,1732,1895,1681,0.1193,0.1374,1.2000,30.228,-30.859,-12.141
4169507,1934,1894,1683,0.1238,0.1366,1.1912,30.036,-30.154,-11.979
4169517,2006,1881,1692,0.1318,0.1360,1.1823,29.543,-29.627,-11.602
4169527,1827,1848,1723,0.1377,0.1355,1.1733,28.682,-29.170,-10.965
4169537,1825,1924,1695,0.1390,0.1365,1.1614,27.764,-28.696,-10.198
4169547,1722,1868,1737,0.1421,0.1423,1.1564,26.632,-28.365,-8.962
4169557,1739,1907,1702,0.1451,0.1480,1.1523,25.248,-28.121,-7.737
4169567,1744,1868,1691,0.1477,0.1518,1.1479,23.800,-27.755,-6.865
4169577,1755,1870,1692,0.1519,0.1578,1.1461,22.333,-27.294,-6.044
4169587,1798,1875,1686,0.1551,0.1630,1.1454,20.798,-26.768,-5.323
4169597,1722,1866,1683,0.1563,0.1648,1.1469,19.252,-26.231,-5.005
4169607,1727,1877,1685,0.1605,0.1671,1.1499,17.683,-25.673,-4.802
4169617,1737,1875,1689,0.1625,0.1695,1.1468,16.188,-24.832,-4.613
4169627,1729,1872,1716,0.1646,0.1728,1.1435,14.807,-23.916,-4.444
4169637,1748,1867,1704,0.1670,0.1767,1.1413,13.437,-23.139,-4.270
4169647,1746,1864,1689,0.1698,0.1800,1.1350,12.171,-22.344,-4.191
4169657,1729,1871,1714,0.1732,0.1847,1.1305,10.838,-21.582,-4.220
4169667,1756,1867,1697,0.1766,0.1876,1.1243,9.390,-20.945,-4.388
4169677,1728,1872,1696,0.1797,0.1911,1.1174,7.877,-20.365,-4.576
4169687,1724,1865,1700,0.1825,0.1949,1.1098,6.283,-19.906,-4.694
4169697,1726,1876,1693,0.1864,0.2026,1.1105,4.596,-19.538,-4.667
4169707,1745,1872,1687,0.1960,0.2117,1.1246,2.636,-19.350,-4.652
4169717,1724,1874,1741,0.2065,0.2123,1.1322,0.373,-18.860,-5.055
4169727,1759,1873,1696,0.2159,0.2152,1.1425,-2.205,-17.975,-5.478
4169737,1752,1934,1697,0.2348,0.2363,1.1528,-5.631,-16.983,-5.365
4169747,1733,1874,1693,0.2600,0.2567,1.1819,-8.175,-15.440,-4.642
4169757,1724,1881,1709,0.2620,0.2194,1.1867,-9.202,-14.457,-8.365
4169767,1747,1870,1703,0.2409,0.1693,1.1919,-7.794,-12.885,-14.466
4169777,1723,1869,1700,0.2443,0.1621,1.2116,-4.937,-11.012,-15.378
4169787,1754,1873,1692,0.2410,0.1521,1.1957,-0.807,-7.937,-13.885
4169797,1725,1881,1698,0.2326,0.1413,1.1680,3.046,-5.371,-13.321
4169807,1741,1867,1695,0.2265,0.1438,1.1681,5.710,-4.477,-12.294
4169817,1725,1880,1709,0.2210,0.1527,1.1538,7.769,-3.850,-10.691
4169827,1759,1871,1689,0.2144,0.1636,1.1307,9.775,-3.080,-9.065
4169837,1730,1883,1694,0.2155,0.1785,1.1164,11.266,-3.075,-7.352
4169847,1753,1872,1693,0.2090,0.1770,1.1121,12.613,-4.211,-6.989
4169857,1725,1875,1751,0.2067,0.1776,1.0974,14.253,-4.918,-6.534
4169867,1739,1867,1693,0.2094,0.1869,1.1003,15.862,-5.776,-5.009
4169877,1728,1874,1705,0.2119,0.1920,1.1028,16.881,-6.763,-3.863
4169887,1756,1871,1698,0.2174,0.1968,1.0926,18.207,-7.274,-3.381
4169897,1722,1873,1724,0.2258,0.2059,1.0995,19.560,-7.773,-2.634
4169907,1757,1883,1697,0.2285,0.2100,1.1061,20.488,-8.258,-2.706
4169917,1725,1871,1743,0.2305,0.2122,1.0960,21.826,-8.227,-3.555
4169927,1792,1866,1711,0.2317,0.2075,1.1051,23.436,-8.004,-4.009
4169937,1731,1873,1704,0.2330,0.1974,1.1150,24.064,-8.156,-4.933
4169947,1768,1867,1712,0.2342,0.1944,1.1172,24.999,-7.735,-5.187
4169957,1728,1869,1702,0.2366,0.2059,1.1418,25.704,-6.875,-3.327
4169967,1761,1865,1741,0.2359,0.2144,1.1497,25.452,-6.213,-2.256
4169977,1733,1863,1706,0.2242,0.2178,1.1338,25.125,-4.616,-2.024
4169987,1833,1873,1706,0.2251,0.2353,1.1247,24.175,-3.058,-0.869
4169997,1731,1871,1698,0.2232,0.2427,1.1214,22.646,-2.439,-0.525
4170007,1768,1862,1707,0.2160,0.2391,1.1101,21.304,-2.120,-1.591
4170017,1727,1889,1708,0.2169,0.2388,1.1084,20.603,-2.060,-2.152
4170027,1756,1868,1695,0.2203,0.2362,1.1149,20.418,-2.263,-1.873
4170037,1734,1862,1698,0.2167,0.2397,1.1145,20.851,-2.338,-1.204
4170047,1746,1854,1721,0.2163,0.2552,1.1106,21.572,-2.046,0.561
4170057,1724,1865,1712,0.2214,0.2761,1.1051,22.150,-1.785,2.673
4170067,1769,1865,1697,0.2227,0.2882,1.1024,22.429,-1.852,3.750
4170077,1844,1893,1702,0.2208,0.2989,1.0986,22.186,-2.189,4.025
4170087,1772,1879,1698,0.2193,0.3104,1.0935,21.598,-2.403,4.445
4170097,1730,1853,1735,0.2167,0.3194,1.0921,20.456,-2.654,4.893
4170107,1743,1853,1702,0.2148,0.3216,1.0932,18.726,-3.311,4.819
4170117,1730,1868,1717,0.2131,0.3275,1.0887,16.687,-3.755,5.044
4170127,1763,1868,1706,0.2183,0.3381,1.0867,14.773,-4.048,5.993
4170137,1734,1875,1758,0.2207,0.3399,1.0841,12.890,-4.436,6.327
4170147,1780,1867,1700,0.2195,0.3357,1.0791,11.190,-4.781,5.769
4170157,1729,1861,1698,0.2213,0.3352,1.0764,9.641,-5.000,5.549
4170167,1752,1865,1711,0.2245,0.3363,1.0787,8.043,-5.208,5.634
4170177,1763,1870,1698,0.2260,0.3323,1.0768,6.199,-5.438,5.203
4170187,1736,1858,1743,0.2287,0.3266,1.0777,4.405,-5.652,4.508
4170197,1740,1867,1707,0.2322,0.3201,1.0799,2.694,-5.859,3.974
4170207,1766,1860,1700,0.2341,0.3145,1.0797,1.267,-5.886,3.490
4170217,1733,1865,1734,0.2355,0.3099,1.0805,0.220,-5.788,3.179
4170227,1756,1861,1700,0.2367,0.3080,1.0789,-0.470,-5.557,3.008
4170237,1733,1865,1697,0.2386,0.3066,1.0763,-0.676,-5.259,2.785
4170247,1746,1862,1705,0.2390,0.3059,1.0751,-0.667,-4.843,2.433
4170257,1734,1895,1819,0.2406,0.3051,1.0736,-0.544,-4.305,2.028
4170267,1760,1872,1700,0.2434,0.3064,1.0746,-0.446,-3.666,1.656
4170277,1766,1876,1767,0.2452,0.3056,1.0772,-0.553,-2.988,1.226
4170287,1744,1864,1712,0.2465,0.3008,1.0774,-0.928,-2.099,0.707
4170297,1732,1856,1759,0.2480,0.3008,1.0799,-1.449,-1.120,0.504
4170307,1784,1871,1737,0.2518,0.3023,1.0803,-2.022,-0.088,0.735
4170317,1733,1856,1742,0.2552,0.3008,1.0772,-2.286,1.108,0.960
4170327,1783,1862,1700,0.2561,0.2980,1.0742,-2.218,2.292,1.200
4170337,1748,1868,1705,0.2529,0.2984,1.0732,-1.971,3.355,1.733
4170347,1767,1876,1702,0.2492,0.2965,1.0724,-1.700,4.447,2.517
4170357,1741,1859,1738,0.2506,0.2936,1.0809,-1.708,5.196,3.404
4170367,1757,1853,1720,0.2512,0.2869,1.0898,-1.838,5.722,4.152
4170377,1748,1863,1754,0.2451,0.2802,1.0821,-1.342,6.707,4.893
4170387,1778,1868,1703,0.2404,0.2801,1.0737,-0.247,7.767,6.141
4170397,1741,1864,1726,0.2366,0.2861,1.0766,0.912,8.249,7.642
4170407,1814,1870,1701,0.2315,0.2906,1.0791,2.223,8.528,8.647
4170417,1739,1856,1763,0.2250,0.2933,1.0736,3.837,8.944,9.052
4170427,1815,1876,1704,0.2210,0.2993,1.0751,5.419,9.192,9.545
4170437,1740,1860,1773,0.2200,0.3050,1.0782,6.572,9.250,10.056
4170447,1768,1857,1705,0.2158,0.3079,1.0778,7.400,9.261,9.982
4170457,1731,1855,1733,0.2143,0.3103,1.0776,7.789,9.232,9.750
4170467,1879,1962,1724,0.2141,0.3141,1.0798,7.922,9.063,9.650
4170477,1744,1858,1709,0.2139,0.3164,1.0805,7.919,8.922,9.502
4170487,1790,1865,1715,0.2099,0.3179,1.0767,8.000,8.966,9.204
4170497,1733,1859,1825,0.2097,0.3213,1.0739,8.099,8.908,8.973
4170507,1756,1852,1712,0.2085,0.3239,1.0778,8.252,8.640,8.774
4170517,1732,1882,1744,0.2075,0.3201,1.0786,8.529,8.478,8.437
4170527,1809,1880,1759,0.2046,0.3126,1.0807,8.895,8.432,8.097
4170537,1736,1858,1744,0.2018,0.3100,1.0838,8.994,8.321,8.231
4170547,1806,1865,1713,0.2006,0.3118,1.0821,9.163,8.353,8.970
4170557,1736,1862,1744,0.2017,0.3138,1.0826,9.464,8.330,9.931
4170567,1764,1851,1736,0.1993,0.3100,1.0844,9.814,8.064,10.502
4170577,1737,1859,1736,0.1946,0.3104,1.0790,10.543,8.016,11.173
4170587,1864,1874,1757,0.1977,0.3212,1.0749,11.389,8.199,12.843
4170597,1776,1863,1730,0.2019,0.3338,1.0758,12.023,8.315,14.573
4170607,1801,1868,1708,0.2043,0.3392,1.0729,12.229,8.327,15.292
4170617,1737,1868,1731,0.2018,0.3448,1.0704,12.002,8.466,15.547
4170627,1789,1862,1733,0.2066,0.