5734327,1912,1471,977,0.2908,0.2776,1.0656,0.250,0.661,2.034
5734337,1977,1217,1764,0.2906,0.2779,1.0655,0.343,0.791,2.052
5734347,1883,1448,960,0.2900,0.2775,1.0649,0.357,0.879,2.018
5734357,1825,1478,981,0.2898,0.2760,1.0651,0.425,0.904,1.918
5734367,1870,1468,1059,0.2896,0.2755,1.0658,0.630,0.900,1.802
5734377,1930,850,1661,0.2899,0.2769,1.0669,1.056,0.913,1.829
5734387,1884,1430,984,0.2902,0.2797,1.0631,1.459,0.959,1.999
5734397,1830,1468,1060,0.2923,0.2816,1.0626,1.681,1.016,2.294
5734407,1867,1418,948,0.2951,0.2845,1.0654,1.666,1.119,2.629
5734417,1821,1685,1195,0.2956,0.2851,1.0677,1.407,1.328,2.806
5734427,1917,1357,757,0.2962,0.2833,1.0645,0.951,1.623,2.796
5734437,1842,1388,967,0.2968,0.2831,1.0638,0.363,1.820,2.867
5734447,1907,1305,905,0.2948,0.2858,1.0690,-0.468,1.887,3.089
5734457,1826,1394,886,0.2904,0.2851,1.0645,-1.100,2.203,3.112
5734467,1895,1344,925,0.2884,0.2822,1.0608,-1.394,2.491,2.969
5734477,1824,1381,931,0.2882,0.2793,1.0648,-1.566,2.418,2.877
5734487,1878,1315,827,0.2860,0.2763,1.0663,-1.396,2.315,2.802
5734497,1824,1348,817,0.2849,0.2750,1.0651,-0.977,2.366,3.001
5734507,1891,1259,832,0.2827,0.2761,1.0679,-0.644,2.366,3.454
5734517,1825,1335,928,0.2808,0.2764,1.0704,-0.482,2.326,3.845
5734527,1888,1243,823,0.2805,0.2750,1.0706,-0.458,2.273,4.181
5734537,1828,1297,852,0.2820,0.2747,1.0718,-0.618,2.112,4.476
5734547,1877,1229,824,0.2820,0.2734,1.0722,-0.851,1.939,4.712
5734557,1826,1269,838,0.2817,0.2712,1.0710,-0.912,1.871,4.814
5734567,1877,1183,791,0.2828,0.2674,1.0687,-0.735,1.800,4.910
5734577,1818,1230,836,0.2848,0.2632,1.0688,-0.315,1.684,5.162
5734587,1879,1165,808,0.2879,0.2590,1.0710,0.335,1.603,5.676
5734597,1826,1230,834,0.2915,0.2566,1.0706,1.184,1.765,6.675
5734607,1881,1150,783,0.2959,0.2545,1.0704,2.144,2.202,8.021
5734617,1820,1223,843,0.2980,0.2531,1.0696,3.120,2.819,9.515
5734627,1907,1112,784,0.3009,0.2539,1.0702,3.976,3.515,11.183
5734637,1831,1211,833,0.3036,0.2538,1.0734,4.684,4.292,13.043
5734647,1880,1151,772,0.3076,0.2543,1.0809,5.237,5.240,15.071
5734657,1833,1219,913,0.3121,0.2556,1.0885,5.498,6.426,17.236
5734667,1890,1144,771,0.3144,0.2591,1.0932,5.323,8.026,19.548
5734677,1822,1145,862,0.3142,0.2655,1.0964,4.710,10.024,22.029
5734687,1882,1100,738,0.3100,0.2732,1.0956,3.826,12.246,24.760
5734697,1822,1135,769,0.3000,0.2869,1.0951,2.946,14.406,27.636
5734707,1886,1054,713,0.2949,0.3112,1.1067,1.551,16.519,31.148
5734717,1830,1092,775,0.2940,0.3347,1.1201,-0.952,18.802,34.344
5734727,1883,1028,657,0.2812,0.3482,1.1267,-4.605,21.207,35.046
5734737,1858,1030,661,0.2764,0.3498,1.1226,-9.300,23.510,33.954
5734747,1823,958,607,0.2693,0.3372,1.1145,-14.537,25.605,31.617
5734757,1853,1057,629,0.2543,0.3262,1.1073,-19.766,27.190,28.316
5734767,1905,977,596,0.2466,0.3152,1.1028,-24.553,28.527,25.473
5734777,1843,612,1647,0.2470,0.2871,1.0921,-28.338,29.712,22.047
5734787,1963,912,611,0.2425,0.2495,1.0936,-30.387,29.643,16.686
5734797,2021,966,609,0.2420,0.2080,1.1169,-31.773,28.984,12.149
5734807,2547,894,595,0.2339,0.1673,1.1216,-31.407,29.026,8.932
5734817,1911,1043,613,0.2277,0.1457,1.1197,-29.465,30.127,8.269
5734827,2045,863,602,0.2268,0.1381,1.1252,-27.303,31.209,10.292
5734837,2188,731,1827,0.2165,0.1452,1.1182,-24.744,32.430,12.790
5734847,2055,931,607,0.2171,0.1614,1.1244,-21.978,33.451,15.916
5734857,2103,771,1325,0.2195,0.1666,1.1281,-18.800,34.183,18.069
5734867,1997,929,607,0.2134,0.1596,1.1203,-14.447,34.732,17.453
5734877,1935,1003,642,0.2064,0.1515,1.1174,-10.054,34.516,15.990
5734887,2028,944,613,0.2028,0.1530,1.1151,-5.769,34.094,15.633
5734897,1933,1017,658,0.2004,0.1609,1.1137,-1.328,33.776,16.343
5734907,2005,983,643,0.1985,0.1715,1.1178,3.102,33.292,17.227
5734917,2135,736,1297,0.1956,0.1797,1.1238,7.620,32.784,17.688
5734927,2037,974,618,0.1916,0.1850,1.1312,12.173,32.293,17.529
5734937,1919,1060,660,0.1889,0.1902,1.1374,16.430,31.977,17.206
5734947,2017,996,621,0.1857,0.1973,1.1410,20.283,31.938,16.982
5734957,1923,1095,660,0.1828,0.2059,1.1470,23.557,32.042,16.877
5734967,2028,997,620,0.1811,0.2129,1.1508,26.228,32.268,16.794
5734977,1910,1089,678,0.1796,0.2200,1.1524,28.500,32.627,16.747
5734987,2005,994,623,0.1782,0.2249,1.1560,30.445,33.079,16.735
5734997,2143,885,1062,0.1748,0.2295,1.1574,31.971,33.612,16.725
5735007,2028,1006,624,0.1713,0.2339,1.1553,33.159,34.339,16.752
5735017,1932,1069,649,0.1691,0.2375,1.1501,33.868,35.166,16.924
5735027,1983,1075,626,0.1643,0.2403,1.1415,34.069,36.015,17.221
5735037,1912,1109,658,0.1606,0.2444,1.1318,33.925,36.731,17.667
5735047,2004,1027,629,0.1568,0.2493,1.1218,33.373,37.262,18.375
5735057,1912,1106,662,0.1501,0.2555,1.1077,32.725,37.792,19.245
5735067,1998,1035,632,0.1429,0.2635,1.0963,31.952,38.145,20.315
5735077,1911,1106,669,0.1360,0.2729,1.0845,31.020,38.219,21.311
5735087,1989,1053,634,0.1260,0.2802,1.0722,30.005,38.083,21.803
5735097,1890,1093,679,0.1179,0.2894,1.0626,28.893,37.622,22.065
5735107,1970,1010,642,0.1088,0.2976,1.0531,27.694,36.996,22.221
5735117,1889,1067,685,0.1002,0.3064,1.0458,26.437,36.318,22.320
5735127,1988,1019,649,0.0911,0.3150,1.0420,24.996,35.490,22.229
5735137,1884,1040,701,0.0808,0.3190,1.0366,23.382,34.478,21.775
5735147,1977,959,656,0.0700,0.3224,1.0294,21.641,33.383,21.160
5735157,1870,1012,715,0.0618,0.3250,1.0259,19.701,32.076,20.530
5735167,1945,922,658,0.0537,0.3259,1.0205,17.720,30.649,19.744
5735177,1867,989,722,0.0474,0.3256,1.0163,15.818,29.160,18.928
5735187,1990,954,678,0.0399,0.3255,1.0134,14.055,27.553,18.167
5735197,1824,946,732,0.0344,0.3236,1.0118,12.486,25.808,17.429
5735207,1930,870,671,0.0288,0.3218,1.0106,11.203,24.048,16.730
5735217,1858,886,722,0.0244,0.3221,1.0114,10.075,22.292,16.373
5735227,1906,832,688,0.0222,0.3255,1.0151,9.122,20.541,16.098
5735237,1829,828,757,0.0220,0.3284,1.0195,8.434,18.901,15.755
5735247,2341,796,696,0.0207,0.3293,1.0204,7.943,17.393,15.258
5735257,2147,826,738,0.0178,0.3315,1.0205,7.824,16.072,14.655
5735267,1846,737,690,0.0151,0.3352,1.0185,8.055,14.777,14.083
5735277,1857,796,741,0.0134,0.3398,1.0141,8.364,13.410,13.468
5735287,1832,746,698,0.0124,0.3447,1.0112,8.752,11.965,12.754
5735297,2234,786,756,0.0132,0.3467,1.0092,9.168,10.470,11.979
5735307,1820,711,711,0.0122,0.3483,1.0069,9.596,8.974,11.213
5735317,2171,722,733,0.0132,0.3491,1.0081,9.982,7.470,10.641
5735327,2235,633,1227,0.0147,0.3507,1.0105,10.145,5.943,10.340
5735337,2104,710,774,0.0165,0.3550,1.0145,10.054,4.466,10.380
5735347,1902,634,699,0.0193,0.3589,1.0183,9.561,3.140,10.736
5735357,2141,647,740,0.0220,0.3622,1.0203,8.713,1.897,11.126
5735367,1884,625,694,0.0227,0.3654,1.0228,7.571,0.523,11.299
5735377,2095,614,757,0.0218,0.3691,1.0259,6.204,-0.942,11.329
5735387,2287,581,697,0.0224,0.3720,1.0291,4.829,-2.438,11.297
5735397,1867,593,732,0.0234,0.3719,1.0315,3.487,-3.997,11.184
5735407,1920,593,707,0.0249,0.3698,1.0375,2.114,-5.654,11.064
5735417,1895,605,726,0.0257,0.3679,1.0416,0.643,-7.324,10.989
5735427,2773,604,688,0.0276,0.3673,1.0474,-1.082,-8.953,11.150
5735437,1908,582,688,0.0296,0.3682,1.0541,-3.156,-10.492,11.556
5735447,2078,655,683,0.0318,0.3709,1.0610,-5.659,-11.990,12.153
5735457,1830,597,702,0.0346,0.3739,1.0696,-8.566,-13.411,12.808
5735467,1840,657,688,0.0384,0.3769,1.0780,-12.012,-14.684,13.371
5735477,1818,631,688,0.0438,0.3789,1.0884,-15.966,-15.809,13.698
5735487,1815,667,685,0.0520,0.3797,1.1059,-20.288,-16.846,13.656
5735497,1925,648,1905,0.0597,0.3749,1.1199,-24.854,-17.610,13.258
5735507,1819,658,693,0.0671,0.3699,1.1345,-29.193,-17.898,12.575
5735517,1908,651,698,0.0746,0.3623,1.1471,-33.344,-17.752,11.842
5735527,1829,670,689,0.0805,0.3520,1.1549,-36.823,-17.242,10.779
5735537,1882,682,707,0.0842,0.3343,1.1589,-39.523,-16.615,9.133
5735547,2116,740,750,0.0848,0.3121,1.1614,-41.451,-16.028,7.112
5735557,1810,655,715,0.0844,0.2887,1.1587,-42.443,-15.387,5.335
5735567,1807,707,692,0.0838,0.2666,1.1549,-42.575,-14.607,4.341
5735577,1813,663,703,0.0858,0.2457,1.1500,-41.907,-13.827,3.966
5735587,1898,764,697,0.0872,0.2267,1.1468,-40.544,-13.267,3.736
5735597,1870,699,714,0.0859,0.2091,1.1481,-38.726,-12.966,3.558
5735607,1872,741,694,0.0894,0.1999,1.1541,-36.527,-12.627,3.967
5735617,1834,751,705,0.0922,0.1932,1.1581,-34.077,-12.089,4.790
5735627,1936,794,702,0.0959,0.1898,1.1655,-31.460,-11.420,5.559
5735637,1848,741,713,0.0981,0.1901,1.1722,-28.649,-10.491,6.126
5735647,1951,793,702,0.0999,0.1923,1.1800,-25.552,-9.306,6.458
5735657,1814,683,722,0.1020,0.1957,1.1922,-22.389,-7.995,6.523
5735667,1870,767,706,0.1029,0.1979,1.2013,-19.318,-6.466,6.325
5735677,1936,709,717,0.1030,0.1977,1.2082,-16.620,-4.705,5.966
5735687,1824,775,705,0.1034,0.1955,1.2123,-14.607,-2.893,5.571
5735697,1847,714,731,0.1020,0.1955,1.2149,-13.320,-1.119,5.241
5735707,1891,730,719,0.0985,0.1970,1.2144,-12.468,0.677,4.977
5735717,1816,725,751,0.0945,0.2002,1.2195,-11.966,2.307,4.738
5735727,1971,759,717,0.0908,0.2034,1.2275,-11.845,3.739,4.518
5735737,1814,659,764,0.0878,0.2059,1.2339,-11.941,5.216,4.414
5735747,1963,749,719,0.0833,0.2068,1.2403,-12.262,6.714,4.533
5735757,1809,671,765,0.0777,0.2070,1.2451,-12.928,8.170,4.878
5735767,1835,797,717,0.0703,0.2085,1.2483,-13.703,9.538,5.403
5735777,1842,655,752,0.0629,0.2107,1.2543,-14.350,10.630,5.991
5735787,1960,765,738,0.0585,0.2146,1.2656,-14.545,11.478,6.496
5735797,1830,634,754,0.0544,0.2173,1.2776,-13.947,12.302,6.815
5735807,1811,714,719,0.0514,0.2172,1.2877,-12.364,13.259,6.921
5735817,1906,679,738,0.0473,0.2168,1.2936,-9.976,14.257,6.886
5735827,1811,722,723,0.0423,0.2167,1.2973,-6.852,15.209,6.828
5735837,2088,628,746,0.0445,0.2155,1.2965,-1.731,16.265,6.615
5735847,1906,683,725,0.0468,0.2153,1.2929,3.790,17.309,6.317
5735857,1852,631,726,0.0507,0.2158,1.2897,9.385,18.316,5.991
5735867,1838,685,733,0.0535,0.2163,1.2839,14.617,19.361,5.718
5735877,2315,685,733,0.0569,0.2176,1.2831,19.186,20.465,5.579
5735887,1846,646,737,0.0606,0.2174,1.2810,22.908,21.594,5.623
5735897,1818,658,751,0.0655,0.2208,1.2865,25.894,22.939,5.837
5735907,1860,685,735,0.0663,0.2260,1.2943,28.513,24.520,6.079
5735917,1883,2310,3257,0.0685,0.2312,1.3054,30.875,26.330,6.235
5735927,3046,4095,4095,0.0705,0.2382,1.3129,32.623,28.472,6.417
5735937,1839,726,444,0.0691,0.2465,1.3182,33.694,30.906,6.720
5735947,1932,686,358,0.0682,0.2522,1.3226,33.848,33.338,7.047
5735957,2113,2504,3045,0.0665,0.2573,1.3245,33.302,35.978,7.369
5735967,2009,694,335,0.0668,0.2543,1.3234,32.108,38.789,7.825
5735977,1903,643,350,0.0684,0.2498,1.3308,29.641,41.543,8.531
5735987,1843,689,319,0.0665,0.2489,1.3356,26.095,44.456,9.630
5735997,2057,654,341,0.0639,0.2488,1.3399,21.938,47.737,11.045
5736007,1895,676,325,0.0608,0.2463,1.3504,17.028,51.039,12.665
5736017,1855,1732,3071,0.0600,0.2407,1.3531,11.591,54.578,14.422
5736027,2014,743,294,0.0555,0.2304,1.3474,5.783,58.400,16.292
5736037,1894,655,304,0.0525,0.2194,1.3474,-0.264,61.866,18.288
5736047,1895,691,283,0.0471,0.2071,1.3403,-6.284,65.370,20.388
5736057,2065,1408,2742,0.0453,0.1896,1.3278,-11.758,68.976,22.524
5736067,1884,721,302,0.0413,0.1699,1.3230,-16.752,72.120,24.362
5736077,1825,680,297,0.0353,0.1440,1.3220,-21.210,74.935,25.883
5736087,1882,755,288,0.0281,0.1201,1.3223,-25.126,77.880,27.902
5736097,1908,715,303,0.0267,0.1020,1.3247,-28.554,81.266,31.666
5736107,1940,839,269,0.0233,0.0841,1.3199,-31.467,85.239,36.507
5736117,1829,867,142,0.0257,0.0619,1.3152,-34.150,89.135,41.459
5736127,2048,873,141,0.0272,0.0329,1.3161,-36.762,92.550,45.947
5736137,1821,739,133,0.0212,0.0026,1.3094,-39.169,95.897,50.477
5736147,1955,825,146,0.0181,-0.0186,1.2932,-41.105,99.761,56.772
5736157,1983,723,281,0.0080,-0.0336,1.2702,-42.821,103.654,64.091
5736167,1894,806,139,0.0044,-0.0537,1.2483,-43.983,107.001,71.265
5736177,1824,745,192,-0.0003,-0.0791,1.2238,-44.375,109.713,77.535
5736187,1840,860,143,-0.0028,-0.1094,1.2071,-43.823,111.826,82.900
5736197,1827,713,174,-0.0046,-0.1473,1.2000,-42.514,113.509,88.176
5736207,1938,826,148,0.0004,-0.1829,1.1932,-40.102,115.722,94.390
5736217,1977,701,163,0.0135,-0.2108,1.1833,-36.379,118.851,101.802
5736227,1819,889,188,0.0269,-0.2368,1.1751,-30.879,122.245,109.649
5736237,1829,684,245,0.0377,-0.2529,1.1450,-23.611,126.720,118.210
5736247,1928,764,168,0.0459,-0.2576,1.1060,-15.429,131.516,127.477
5736257,1863,685,184,0.0473,-0.2585,1.0606,-7.493,135.885,136.845
5736267,1835,792,218,0.0427,-0.2566,1.0088,0.455,139.566,146.079
5736277,2066,714,275,0.0312,-0.2455,0.9584,8.591,142.510,155.139
5736287,1989,765,244,0.0135,-0.2148,0.9091,17.314,145.195,164.603
5736297,2050,701,490,-0.0006,-0.1616,0.8552,26.758,148.175,175.247
5736307,2320,869,350,-0.0204,-0.0788,0.7996,37.182,151.771,186.639
5736317,1848,765,525,-0.0427,0.0380,0.7463,48.414,156.029,198.013
5736327,2130,902,198,-0.0654,0.2008,0.6715,60.411,160.961,208.332
5736337,2190,845,324,-0.1018,0.3906,0.5980,73.638,164.912,213.718
5736347,2088,882,490,-0.1472,0.5651,0.5293,85.197,165.709,210.427
5736357,2301,954,684,-0.1912,0.7035,0.4668,94.944,163.251,199.641
5736367,1834,799,326,-0.2345,0.8074,0.4021,104.141,159.144,185.395
5736377,1914,1275,227,-0.2788,0.9011,0.3276,112.614,154.230,170.241
5736387,2094,886,276,-0.3293,1.0091,0.2429,119.855,148.278,155.379
5736397,1827,698,198,-0.3620,1.1202,0.1636,125.277,141.024,140.941
5736407,1926,734,427,-0.3822,1.2228,0.0951,128.629,131.950,125.655
5736417,1957,1054,328,-0.3899,1.2805,0.0654,127.798,119.609,108.009
5736427,1951,1484,818,-0.3973,1.2766,0.0870,121.065,104.178,89.068
5736437,2022,714,215,-0.3889,1.2099,0.1206,109.896,87.943,71.062
5736447,1811,716,208,-0.3831,1.1216,0.1759,95.548,71.993,55.161
5736457,1875,715,301,-0.3696,1.0300,0.2458,78.697,56.609,42.000
5736467,2031,776,196,-0.3523,0.9180,0.3113,62.026,42.678,30.086
5736477,1841,711,229,-0.3403,0.7877,0.3557,47.862,30.821,18.459
5736487,2030,703,313,-0.3538,0.6766,0.3928,36.414,20.711,8.906
5736497,2018,743,532,-0.3875,0.6168,0.4295,26.998,13.119,5.558
5736507,1987,737,366,-0.4037,0.6087,0.4537,19.194,9.282,10.645
5736517,1995,722,209,-0.3890,0.6212,0.4582,11.822,7.586,19.829
5736527,1974,731,415,-0.3921,0.6138,0.4711,3.762,4.398,24.861
5736537,1929,715,211,-0.4115,0.5979,0.4870,-3.567,-0.297,24.573
5736547,1832,802,215,-0.4356,0.5953,0.4933,-7.926,-4.269,23.751
5736557,1934,730,460,-0.4529,0.6202,0.4887,-8.926,-6.390,25.196
5736567,1997,843,226,-0.4579,0.6555,0.4806,-7.311,-7.660,27.300
5736577,1880,755,389,-0.4587,0.6802,0.4800,-4.745,-9.484,27.655
5736587,1814,984,265,-0.4617,0.6956,0.4950,-2.838,-11.963,26.156
5736597,2037,718,238,-0.4568,0.7111,0.5144,-2.277,-14.272,24.409
5736607,2253,870,224,-0.4458,0.7228,0.5376,-3.267,-15.916,23.069
5736617,1810,886,282,-0.4326,0.7174,0.5669,-6.248,-17.305,21.430
5736627,1808,766,292,-0.4275,0.7012,0.5952,-10.594,-18.474,19.129
5736637,1917,800,231,-0.4279,0.6830,0.6132,-15.014,-18.895,16.938
5736647,1839,771,451,-0.4269,0.6664,0.6211,-18.636,-18.443,15.715
5736657,1937,720,246,-0.4281,0.6523,0.6337,-21.032,-17.773,15.053
5736667,1857,809,508,-0.4293,0.6449,0.6495,-21.817,-17.002,14.601
5736677,1870,808,962,-0.4269,0.6491,0.6707,-21.172,-15.745,14.748
5736687,2291,747,476,-0.4219,0.6646,0.6910,-20.010,-13.949,15.551
5736697,1831,773,332,-0.4162,0.6795,0.7042,-19.131,-11.721,16.344
5736707,1836,830,337,-0.4194,0.6964,0.7123,-18.826,-9.446,16.455
5736717,1971,901,494,-0.4257,0.7202,0.7113,-18.999,-7.241,16.190
5736727,1875,829,252,-0.4265,0.7426,0.6949,-19.206,-5.082,15.798
5736737,1875,736,291,-0.4251,0.7547,0.6781,-19.316,-3.676,14.684
5736747,1878,736,269,-0.4209,0.7538,0.6751,-19.165,-3.546,12.564
5736757,1835,733,301,-0.4158,0.7417,0.6818,-18.615,-3.865,10.136
5736767,1808,735,566,-0.4145,0.7350,0.6964,-18.284,-4.170,8.371
5736777,2127,759,408,-0.4151,0.7329,0.7093,-18.368,-4.257,7.547
5736787,1922,855,369,-0.4156,0.7289,0.7164,-18.824,-4.079,7.074
5736797,1827,884,276,-0.4176,0.7219,0.7224,-20.051,-4.001,6.368
5736807,1809,737,426,-0.4175,0.7095,0.7236,-21.676,-4.074,5.442
5736817,1901,942,271,-0.4151,0.6862,0.7245,-22.852,-4.191,4.498
5736827,1849,747,253,-0.4192,0.6642,0.7337,-23.395,-4.708,3.490
5736837,1920,766,262,-0.4256,0.6434,0.7384,-22.580,-4.965,2.603
5736847,1858,924,278,-0.4331,0.6300,0.7393,-20.206,-4.617,2.334
5736857,1852,857,311,-0.4399,0.6334,0.7423,-16.880,-4.145,2.873
5736867,1995,1071,270,-0.4396,0.6447,0.7376,-12.972,-3.346,3.949
5736877,1905,822,477,-0.4421,0.6625,0.7327,-9.194,-2.586,4.717
5736887,1875,751,271,-0.4416,0.6818,0.7370,-6.483,-2.336,5.032
5736897,1836,1071,291,-0.4442,0.7015,0.7387,-5.192,-2.190,4.983
5736907,2236,755,315,-0.4431,0.7140,0.7347,-5.218,-1.930,4.558
5736917,1927,810,348,-0.4407,0.7043,0.7422,-6.606,-2.342,3.364
5736927,2235,887,290,-0.4396,0.6807,0.7570,-8.873,-3.388,1.390
5736937,1976,758,362,-0.4415,0.6526,0.7630,-10.591,-4.039,-0.464
5736947,1863,966,455,-0.4411,0.6247,0.7625,-11.116,-4.283,-1.476
5736957,2064,753,283,-0.4455,0.6045,0.7585,-10.092,-4.258,-1.584
5736967,2267,865,502,-0.4511,0.6055,0.7477,-7.264,-3.720,-0.578
5736977,1831,993,490,-0.4492,0.6230,0.7342,-3.169,-2.782,1.805
5736987,1803,897,293,-0.4438,0.6533,0.7245,1.120,-2.124,4.409
5736997,2335,841,488,-0.4374,0.6784,0.7153,4.569,-2.149,5.632
5737007,1872,766,404,-0.4313,0.6899,0.7182,6.268,-2.989,5.522
5737017,2078,935,377,-0.4274,0.6929,0.7272,5.693,-4.374,5.008
5737027,2062,766,391,-0.4270,0.6970,0.7283,3.834,-5.386,4.747
5737037,1805,826,299,-0.4213,0.6986,0.7289,1.291,-6.155,4.886
5737047,1834,836,508,-0.4196,0.6940,0.7351,-1.763,-7.053,4.710
5737057,1821,907,336,-0.4203,0.6902,0.7352,-4.631,-7.683,4.308
5737067,1872,822,384,-0.4168,0.6827,0.7354,-6.877,-7.899,4.190
5737077,2153,1008,321,-0.4140,0.6700,0.7437,-8.737,-8.277,3.805
5737087,2096,767,301,-0.4125,0.6554,0.7506,-9.652,-8.515,3.180
5737097,1801,780,307,-0.4081,0.6397,0.7546,-9.409,-8.281,2.874
5737107,2080,1017,331,-0.4069,0.6314,0.7642,-8.487,-8.008,2.804
5737117,1890,825,315,-0.4057,0.6288,0.7669,-6.800,-7.349,3.019
5737127,1882,931,344,-0.4061,0.6352,0.7630,-4.344,-6.187,3.578
5737137,1856,1158,308,-0.4067,0.6542,0.7576,-1.963,-5.067,4.346
5737147,2232,1276,309,-0.4050,0.6699,0.7470,-0.017,-4.012,4.941
5737157,1885,927,374,-0.4032,0.6754,0.7429,1.071,-3.430,4.798
5737167,2184,1150,321,-0.4003,0.6763,0.7499,0.861,-3.554,4.307
5737177,1807,1004,333,-0.3965,0.6761,0.7526,-0.639,-3.385,4.152
5737187,1865,794,310,-0.3969,0.6702,0.7549,-2.172,-3.228,3.780
5737197,1861,1099,474,-0.4018,0.6718,0.7531,-3.289,-2.945,3.332
5737207,1800,773,320,-0.4019,0.6734,0.7431,-3.899,-2.530,3.325
5737217,2164,1070,425,-0.4056,0.6711,0.7386,-4.362,-2.455,3.086
5737227,1827,772,319,-0.4052,0.6748,0.7443,-5.101,-3.000,2.856
5737237,1798,923,374,-0.4002,0.6757,0.7468,-5.501,-3.305,2.899
5737247,1943,977,325,-0.3982,0.6713,0.7499,-5.921,-3.476,2.661
5737257,2128,861,539,-0.3972,0.6670,0.7592,-6.654,-3.875,2.247
5737267,2072,841,326,-0.3982,0.6624,0.7654,-7.194,-4.030,1.908
5737277,2005,902,411,-0.3962,0.6592,0.7684,-7.388,-3.928,1.653
5737287,1967,784,326,-0.3940,0.6539,0.7745,-7.496,-3.943,1.444
5737297,1816,1042,335,-0.3924,0.6515,0.7821,-7.552,-3.930,1.230
5737307,1798,992,331,-0.3927,0.6540,0.7801,-7.184,-3.531,1.265
5737317,2123,834,457,-0.3930,0.6550,0.7739,-6.505,-3.046,1.271
5737327,1828,1223,405,-0.3956,0.6546,0.7738,-5.917,-3.022,1.000
5737337,1803,1018,338,-0.3983,0.6528,0.7749,-5.171,-3.187,0.621
5737347,1807,881,464,-0.3982,0.6554,0.7800,-4.264,-3.390,0.423
5737357,1803,1146,432,-0.3946,0.6591,0.7877,-3.501,-3.595,0.322
5737367,1875,966,340,-0.3930,0.6618,0.7883,-2.795,-3.476,0.010
5737377,1857,829,409,-0.3917,0.6638,0.7891,-2.167,-3.108,-0.392
5737387,1813,845,343,-0.3915,0.6636,0.7900,-1.788,-2.810,-0.928
5737397,1899,788,359,-0.3926,0.6617,0.7907,-1.597,-2.539,-1.591
5737407,1823,797,355,-0.3916,0.6615,0.7915,-1.225,-2.163,-2.101
5737417,1808,825,409,-0.3882,0.6624,0.7956,-0.679,-1.747,-2.585
5737427,1798,824,353,-0.3840,0.6660,0.8001,0.027,-1.177,-3.184
5737437,1989,809,389,-0.3796,0.6679,0.8006,0.903,-0.279,-3.872
5737447,1833,831,354,-0.3800,0.6720,0.7997,1.598,0.822,-4.669
5737457,1793,808,403,-0.3817,0.6826,0.7989,2.059,2.119,-5.410
5737467,1855,825,360,-0.3836,0.6898,0.7959,2.235,3.615,-6.269
5737477,1862,830,426,-0.3885,0.6949,0.7938,1.915,5.025,-7.612
5737487,1821,822,360,-0.3940,0.7008,0.7900,1.453,6.500,-9.099
5737497,1901,825,375,-0.3990,0.7105,0.7772,1.321,8.240,-10.718
5737507,1796,823,365,-0.4066,0.7250,0.7584,1.836,10.072,-12.666
5737517,1793,815,395,-0.4152,0.7449,0.7343,3.242,11.811,-15.090
5737527,2089,842,364,-0.4229,0.7671,0.7065,5.840,13.232,-18.226
5737537,1844,825,385,-0.4313,0.7894,0.6799,9.442,13.977,-22.233
5737547,1806,819,367,-0.4400,0.8126,0.6546,13.806,13.985,-26.968
5737557,1795,816,406,-0.4500,0.8433,0.6200,18.794,13.409,-31.874
5737567,1797,834,402,-0.4549,0.8728,0.5750,24.370,12.444,-36.567
5737577,1868,814,419,-0.4558,0.8950,0.5306,29.963,10.423,-41.869
5737587,1847,856,371,-0.4578,0.9034,0.4884,35.020,6.740,-48.625
5737597,1793,845,400,-0.4583,0.9002,0.4523,39.430,1.725,-56.128
5737607,1821,817,424,-0.4574,0.8837,0.4274,43.166,-4.430,-63.594
5737617,1825,836,405,-0.4567,0.8597,0.4139,45.679,-11.520,-70.639
5737627,1947,874,380,-0.4626,0.8415,0.3973,46.971,-18.814,-76.638
5737637,1835,828,384,-0.4669,0.8301,0.3875,47.121,-26.222,-81.139
5737647,1791,841,388,-0.4744,0.8210,0.3831,45.743,-34.110,-84.999
5737657,1801,838,401,-0.4808,0.8129,0.3755,43.185,-42.202,-88.589
5737667,1827,838,384,-0.4772,0.8014,0.3748,39.678,-50.442,-91.724
5737677,1841,845,420,-0.4694,0.7777,0.3850,35.244,-59.087,-94.963
5737687,1808,855,388,-0.4611,0.7490,0.4002,30.524,-67.784,-98.322
5737697,1791,834,404,-0.4523,0.7215,0.4140,26.347,-75.863,-101.143
5737707,1795,829,395,-0.4406,0.6934,0.4325,22.913,-83.331,-103.328
5737717,1801,825,403,-0.4294,0.6635,0.4571,20.141,-90.442,-105.383
5737727,1836,869,399,-0.4218,0.6346,0.4761,18.099,-96.873,-107.437
5737737,1865,825,400,-0.4107,0.6112,0.5005,16.647,-102.527,-108.748
5737747,1871,849,401,-0.3935,0.5890,0.5357,15.181,-107.783,-109.144
5737757,1872,867,399,-0.3780,0.5640,0.5692,13.655,-112.511,-109.503
5737767,1817,825,405,-0.3644,0.5371,0.6026,12.274,-116.676,-109.908
5737777,1941,859,431,-0.3534,0.5126,0.6348,10.880,-120.464,-109.902
5737787,1793,893,407,-0.3426,0.4875,0.6611,9.746,-123.841,-109.458
5737797,1870,829,405,-0.3324,0.4635,0.6854,9.020,-126.823,-108.775
5737807,1901,901,409,-0.3118,0.4319,0.7043,8.597,-129.756,-108.001
5737817,1793,832,411,-0.3077,0.4177,0.7293,8.526,-132.729,-107.045
5737827,1835,909,421,-0.3020,0.4108,0.7452,9.354,-134.534,-104.923
5737837,1818,847,430,-0.2848,0.4089,0.7537,10.371,-135.124,-101.539
5737847,1892,926,424,-0.2648,0.4063,0.7707,11.279,-135.916,-98.805
5737857,1834,865,411,-0.2482,0.3954,0.7903,12.271,-137.289,-97.826
5737867,1794,914,423,-0.2368,0.3834,0.8080,13.045,-138.585,-97.464
5737877,1791,918,413,-0.2240,0.3792,0.8351,13.419,-139.468,-96.016
5737887,1791,997,418,-0.2064,0.3854,0.8649,13.050,-139.793,-93.010
5737897,1816,976,420,-0.1862,0.3938,0.8826,12.551,-139.248,-89.626
5737907,1847,1072,420,-0.1620,0.4001,0.9009,11.635,-138.312,-86.787
5737917,1924,990,425,-0.1416,0.3969,0.9153,10.081,-137.619,-85.752
5737927,1892,1092,426,-0.1295,0.3876,0.9263,8.304,-136.922,-86.405
5737937,1802,1060,437,-0.1089,0.3739,0.9353,6.076,-136.119,-86.895
5737947,1859,1177,426,-0.0892,0.3655,0.9472,3.269,-134.781,-86.308
5737957,1935,1111,437,-0.0735,0.3649,0.9600,0.605,-133.002,-85.065
5737967,2242,1197,433,-0.0627,0.3667,0.9641,-1.978,-130.546,-83.316
5737977,1791,1198,448,-0.0533,0.3659,0.9646,-4.482,-127.972,-81.666
5737987,1828,1330,433,-0.0465,0.3634,0.9620,-7.449,-126.096,-80.472
5737997,1855,1269,442,-0.0439,0.3570,0.9539,-10.824,-124.637,-79.648
5738007,1795,1374,433,-0.0393,0.3476,0.9440,-14.724,-123.463,-78.834
5738017,1831,1329,438,-0.0306,0.3349,0.9449,-19.211,-122.938,-78.025
5738027,1930,1418,438,-0.0209,0.3181,0.9517,-23.872,-122.945,-77.359
5738037,1801,1392,450,-0.0109,0.2996,0.9581,-28.211,-122.933,-76.465
5738047,1865,1459,443,0.0020,0.2866,0.9679,-32.493,-122.738,-74.634
5738057,1815,1450,443,0.0216,0.2754,0.9773,-37.044,-122.347,-71.859
5738067,1996,1468,442,0.0403,0.2639,0.9821,-42.003,-121.815,-68.907
5738077,1907,1391,445,0.0542,0.2499,0.9877,-47.055,-121.518,-66.530
5738087,1792,1468,449,0.0639,0.2341,1.0030,-52.202,-121.921,-64.693
5738097,1930,1456,448,0.0763,0.2212,1.0223,-57.703,-122.611,-62.736
5738107,1860,1478,448,0.0849,0.2102,1.0560,-62.949,-123.357,-60.624
5738117,1813,1359,454,0.0980,0.1962,1.0786,-67.020,-123.180,-58.367
5738127,1806,1420,463,0.1161,0.1811,1.1004,-69.852,-122.290,-56.043
5738137,1812,1347,454,0.1355,0.1620,1.1226,-71.843,-120.787,-53.818
5738147,2057,1398,457,0.1569,0.1426,1.1411,-73.029,-118.873,-51.801
5738157,2293,1239,455,0.1762,0.1170,1.1564,-73.197,-116.324,-49.872
5738167,1811,1293,459,0.1924,0.0918,1.1720,-72.355,-113.146,-47.665
5738177,1974,1205,460,0.2053,0.0719,1.1872,-71.050,-109.629,-44.936
5738187,1792,1217,469,0.2157,0.0649,1.1978,-69.297,-105.836,-41.776
5738197,1882,1173,463,0.2236,0.0494,1.2085,-67.209,-101.679,-38.725
5738207,1827,1042,464,0.2262,0.0368,1.2284,-63.768,-98.060,-36.009
5738217,1881,1104,465,0.2309,0.0291,1.2431,-59.655,-94.223,-33.009
5738227,2035,1132,475,0.2372,0.0237,1.2509,-54.821,-90.015,-29.980
5738237,2146,1067,467,0.2417,0.0202,1.2616,-49.797,-86.071,-27.059
5738247,1812,923,468,0.2439,0.0166,1.2683,-44.310,-82.254,-24.278
5738257,1794,946,473,0.2466,0.0178,1.2715,-38.218,-78.447,-21.583
5738267,1786,946,484,0.2486,0.0203,1.2721,-31.899,-74.791,-19.063
5738277,1825,932,481,0.2525,0.0263,1.2728,-25.396,-71.350,-16.759
5738287,1821,950,487,0.2577,0.0342,1.2725,-18.860,-68.087,-14.675
5738297,1799,972,507,0.2625,0.0417,1.2703,-12.440,-64.849,-12.723
5738307,1867,1083,536,0.2678,0.0505,1.2719,-6.531,-61.641,-10.757
5738317,1869,1020,499,0.2727,0.0643,1.2701,-1.444,-58.388,-8.484
5738327,2511,1097,485,0.2750,0.0868,1.2673,2.865,-55.203,-5.981
5738337,1821,1077,507,0.2800,0.1084,1.2617,6.047,-52.202,-3.843
5738347,1867,1117,498,0.2843,0.1256,1.2587,8.075,-49.553,-2.343
5738357,1857,1097,508,0.2851,0.1409,1.2530,9.163,-47.092,-1.217
5738367,1921,1164,486,0.2911,0.1466,1.2472,9.087,-45.133,-0.152
5738377,1812,1039,514,0.2963,0.1516,1.2529,7.547,-43.791,0.702
5738387,2386,1191,488,0.2969,0.1578,1.2603,4.519,-42.717,1.429
5738397,1790,1108,500,0.2991,0.1697,1.2663,0.836,-41.713,2.296
5738407,2085,1052,511,0.2945,0.1848,1.2690,-3.042,-40.462,3.191
5738417,1872,1243,539,0.2927,0.1971,1.2743,-6.607,-39.248,3.819
5738427,2000,1134,538,0.2924,0.1969,1.2812,-10.203,-38.340,3.648
5738437,1794,1108,595,0.2952,0.1896,1.2864,-13.332,-37.430,2.411
5738447,1827,1108,540,0.3006,0.1803,1.2859,-15.664,-36.310,0.936
5738457,1878,1136,605,0.3054,0.1695,1.2808,-17.072,-34.837,-0.518
5738467,1827,1111,546,0.3065,0.1581,1.2745,-17.678,-33.348,-1.957
5738477,1892,1118,672,0.3058,0.1466,1.2663,-17.528,-32.066,-3.399
5738487,1855,1120,614,0.3030,0.1340,1.2619,-16.738,-31.017,-4.805
5738497,1856,1154,663,0.3019,0.1252,1.2677,-15.837,-30.366,-5.864
5738507,1871,1112,636,0.3042,0.1265,1.2674,-14.727,-29.529,-6.207
5738517,1808,1149,664,0.3132,0.1214,1.2716,-13.282,-28.197,-6.264
5738527,1807,1096,636,0.3223,0.1065,1.2788,-12.357,-26.862,-6.503
5738537,1833,1161,679,0.3289,0.0847,1.2827,-10.934,-24.500,-6.480
5738547,1793,1111,644,0.3334,0.0639,1.2794,-9.357,-21.940,-6.255
5738557,1963,1132,712,0.3368,0.0479,1.2736,-7.572,-19.356,-5.668
5738567,1795,1129,641,0.3388,0.0385,1.2681,-5.622,-16.724,-4.564
5738577,1825,1149,704,0.3382,0.0366,1.2525,-3.260,-13.956,-3.195
5738587,1788,1173,642,0.3349,0.0405,1.2318,-0.572,-11.251,-1.794
5738597,1950,1154,676,0.3303,0.0452,1.2063,2.149,-8.822,-0.587
5738607,1864,1129,683,0.3237,0.0483,1.1856,4.518,-7.009,0.329
5738617,1812,1139,630,0.3183,0.0520,1.1685,6.339,-5.925,1.026
5738627,1832,1158,650,0.3133,0.0581,1.1505,7.979,-5.284,1.648
5738637,1869,1134,683,0.3112,0.0652,1.1324,9.562,-4.961,2.235
5738647,1868,1146,670,0.3117,0.0724,1.1193,11.190,-4.941,2.758
5738657,1827,1141,704,0.3125,0.0796,1.1036,13.171,-5.026,3.175
5738667,1787,1135,650,0.3136,0.0880,1.0875,15.466,-5.162,3.530
5738677,1793,1140,724,0.3137,0.0976,1.0717,17.900,-5.411,3.821
5738687,1810,1161,691,0.3143,0.1072,1.0609,20.398,-5.739,3.928
5738697,1828,1139,713,0.3172,0.1161,1.0553,22.709,-6.188,3.723
5738707,1790,1095,745,0.3193,0.1239,1.0473,24.852,-6.592,3.169
5738717,1822,1094,894,0.3213,0.1323,1.0416,26.778,-6.834,2.565
5738727,1822,1121,619,0.3232,0.1420,1.0356,28.182,-7.071,2.162
5738737,1808,1101,872,0.3271,0.1481,1.0354,28.937,-7.464,1.763
5738747,1804,1045,747,0.3327,0.1509,1.0404,28.973,-7.989,1.247
5738757,1802,1191,771,0.3405,0.1527,1.0518,28.441,-8.475,0.739
5738767,1808,1111,608,0.3507,0.1537,1.0626,27.378,-8.691,0.416
5738777,1804,1088,777,0.3564,0.1556,1.0677,26.237,-8.253,0.248
5738787,1817,1120,702,0.3609,0.1574,1.0712,25.192,-7.385,0.293
5738797,1797,1109,844,0.3639,0.1598,1.0759,24.293,-6.449,0.392
5738807,1841,1038,641,0.3641,0.1612,1.0849,23.701,-5.490,0.464
5738817,1798,1097,749,0.3646,0.1665,1.0915,23.566,-4.358,0.809
5738827,1866,1164,567,0.3651,0.1751,1.0967,23.615,-3.065,1.394
5738837,1803,1087,812,0.3653,0.1851,1.1029,23.392,-1.795,2.130
5738847,1816,1118,787,0.3621,0.1975,1.1066,23.069,-0.295,2.967
5738857,1817,1087,660,0.3580,0.2135,1.1014,22.705,1.520,4.121
5738867,1826,1167,649,0.3544,0.2292,1.0892,22.398,3.399,5.327
5738877,1812,1095,805,0.3487,0.2418,1.0826,21.701,4.577,5.807
5738887,1804,1126,808,0.3440,0.2485,1.0785,20.465,4.953,5.202
5738897,1803,1087,794,0.3421,0.2500,1.0762,18.816,5.004,4.192
5738907,1867,1165,821,0.3448,0.2499,1.0762,16.656,4.994,3.490
5738917,1803,1085,820,0.3485,0.2481,1.0750,14.113,5.086,3.036
5738927,1877,1124,724,0.3500,0.2456,1.0716,11.372,5.346,2.833
5738937,1804,1058,879,0.3498,0.2418,1.0688,8.418,5.732,2.816
5738947,1838,1131,667,0.3458,0.2403,1.0635,5.332,6.166,2.940
5738957,1800,1074,780,0.3407,0.2422,1.0602,2.315,6.647,3.212
5738967,1844,1116,707,0.3343,0.2463,1.0621,-0.811,6.890,3.533
5738977,1789,1064,813,0.3304,0.2700,1.0836,-3.801,7.040,4.410
5738987,1826,1101,698,0.3506,0.2654,1.1047,-5.942,6.831,4.662
5738997,1808,1078,818,0.3424,0.2328,1.0916,-6.066,6.879,0.325
5739007,1850,1065,658,0.3275,0.2066,1.0952,-5.921,6.181,-4.785
5739017,1799,1006,731,0.3216,0.2008,1.1033,-6.278,5.726,-5.578
5739027,1833,1040,642,0.3270,0.2017,1.0908,-5.718,7.280,-2.774
5739037,1798,1101,715,0.3379,0.2039,1.0862,-4.871,8.730,-0.033
5739047,1836,997,626,0.3356,0.1982,1.0861,-3.704,8.776,-0.474
5739057,1788,1167,744,0.3269,0.1848,1.0866,-2.219,8.135,-2.736
5739067,1845,1069,675,0.3222,0.1737,1.0903,-0.683,7.698,-4.061
5739077,1813,1167,838,0.3205,0.1665,1.0835,1.366,8.009,-3.870
5739087,1842,1087,664,0.3221,0.1649,1.0793,3.649,8.565,-2.774
5739097,1793,1191,750,0.3252,0.1655,1.0772,5.912,8.825,-1.478
5739107,1835,1089,649,0.3244,0.1675,1.0740,8.404,9.052,-0.437
5739117,1791,1187,723,0.3236,0.1716,1.0719,10.892,9.277,0.590
5739127,1852,1138,664,0.3243,0.1782,1.0723,13.158,9.477,1.794
5739137,1788,1255,664,0.3227,0.1862,1.0706,15.341,9.855,3.063
5739147,1855,1166,695,0.3214,0.1971,1.0705,17.338,10.291,4.481
5739157,1800,1287,642,0.3218,0.2072,1.0715,18.999,10.701,5.917
5739167,1854,1177,668,0.3219,0.2154,1.0674,20.443,11.236,7.069
5739177,1791,1323,648,0.3216,0.2238,1.0639,21.607,11.862,7.950
5739187,1850,1260,617,0.3197,0.2300,1.0670,22.358,12.413,8.624
5739197,1818,1420,847,0.3194,0.2312,1.0627,22.913,12.834,8.859
5739207,1819,1285,612,0.3147,0.2314,1.0557,23.640,13.285,8.970
5739217,1788,1384,703,0.3137,0.2285,1.0608,24.468,13.477,9.194
5739227,1853,1282,600,0.3102,0.2213,1.0748,25.551,13.120,8.712
5739237,1785,1451,634,0.3042,0.2131,1.0870,27.092,13.015,8.049
5739247,1860,1357,741,0.3006,0.2131,1.0873,29.094,13.982,8.576
5739257,1787,1509,619,0.2972,0.2262,1.0812,31.007,15.710,10.461
5739267,1872,1352,636,0.2959,0.2505,1.0772,32.313,17.482,12.906
5739277,1796,1524,694,0.2921,0.2759,1.0698,33.041,18.880,14.335
5739287,1845,1403,618,0.2853,0.2943,1.0664,33.409,19.557,13.863
5739297,1798,1504,612,0.2741,0.3060,1.0667,33.189,19.382,11.997
5739307,1843,1439,626,0.2651,0.3156,1.0668,32.424,18.982,10.094
5739317,1790,1603,764,0.2614,0.3258,1.0677,30.904,18.597,8.982
5739327,1854,1476,606,0.2610,0.3317,1.0674,28.718,18.203,8.097
5739337,1804,1561,609,0.2597,0.3343,1.0680,26.242,17.485,6.663
5739347,1850,1440,639,0.2564,0.3327,1.0702,23.682,16.430,4.783
5739357,1794,1526,614,0.2525,0.3301,1.0651,21.456,15.574,3.148
5739367,1855,1380,639,0.2534,0.3268,1.0704,19.437,14.855,2.390
5739377,1790,1524,693,0.2524,0.3217,1.0698,17.389,14.037,1.538
5739387,1829,1387,618,0.2467,0.3200,1.0651,15.657,13.348,0.601
5739397,1789,1528,616,0.2476,0.3220,1.0670,13.798,12.711,0.606
5739407,1857,1358,616,0.2478,0.3233,1.0655,12.450,12.303,0.770
5739417,1799,1525,665,0.2498,0.3212,1.0646,11.676,11.898,0.578
5739427,1855,1466,712,0.2487,0.3190,1.0657,11.044,11.379,0.373
5739437,1794,1525,659,0.2459,0.3200,1.0616,10.569,11.094,0.344
5739447,1854,1395,622,0.2465,0.3230,1.0605,9.989,11.016,0.819
5739457,1793,1550,673,0.2484,0.3256,1.0585,9.292,10.890,1.206
5739467,1847,1405,638,0.2482,0.3250,1.0557,8.835,10.688,0.800
5739477,1790,1515,772,0.2479,0.3236,1.0566,8.461,10.298,0.121
5739487,1872,1369,696,0.2471,0.3217,1.0588,8.182,10.003,-0.374
5739497,1794,1523,711,0.2465,0.3187,1.0602,8.080,9.968,-0.811
5739507,1841,1389,653,0.2450,0.3163,1.0623,8.044,9.948,-1.337
5739517,1793,1517,756,0.2414,0.3138,1.0606,8.187,10.033,-1.852
5739527,1841,1322,657,0.2387,0.3150,1.0624,8.529,10.270,-1.953
5739537,1793,1536,728,0.2365,0.3182,1.0620,9.015,10.581,-1.645
5739547,1856,1360,727,0.2329,0.3214,1.0614,9.707,10.959,-1.312
5739557,1792,1532,889,0.2302,0.3261,1.0618,10.368,11.177,-1.050
5739567,1825,1406,707,0.2279,0.3310,1.0615,10.933,11.336,-0.777
5739577,1803,1521,709,0.2261,0.3370,1.0622,11.430,11.584,-0.388
5739587,1834,1385,685,0.2260,0.3430,1.0642,11.708,11.779,0.010
5739597,1803,1522,714,0.2236,0.3477,1.0661,11.788,11.999,0.201
5739607,1840,1396,752,0.2196,0.3504,1.0650,11.741,12.322,0.196
5739617,1796,1510,772,0.2165,0.3527,1.0589,11.553,12.815,0.338
5739627,1817,1405,657,0.2179,0.3564,1.0579,11.118,13.286,0.942
5739637,1789,1537,746,0.2194,0.3586,1.0636,10.444,13.436,1.222
5739647,1838,1385,690,0.2168,0.3561,1.0676,9.764,13.442,0.515
5739657,1790,1535,713,0.2119,0.3501,1.0693,9.299,13.463,-0.524
5739667,1837,1394,687,0.2062,0.3463,1.0668,9.009,13.728,-0.952
5739677,1788,1538,687,0.2022,0.3473,1.0622,8.857,14.206,-0.654
5739687,1839,1411,663,0.2007,0.3492,1.0616,8.760,14.481,-0.289
5739697,1785,1589,680,0.1992,0.3473,1.0596,8.712,14.434,-0.603
5739707,1825,1413,697,0.1950,0.3423,1.0579,8.815,14.093,-1.572
5739717,1787,1537,848,0.1906,0.3394,1.0594,9.132,13.658,-2.400
5739727,1814,1427,686,0.1880,0.3404,1.0602,9.645,13.361,-2.427
5739737,1792,1541,707,0.1868,0.3451,1.0620,10.366,13.225,-1.875
5739747,1804,1414,697,0.1870,0.3509,1.0644,11.167,13.064,-1.332
5739757,1785,1564,743,0.1834,0.3569,1.0648,11.873,12.834,-1.133
5739767,1834,1429,711,0.1791,0.3618,1.0610,12.246,12.565,-1.103
5739777,1784,1559,700,0.1745,0.3688,1.0583,12.156,12.224,-0.895
5739787,1808,1406,692,0.1724,0.3772,1.0573,11.629,11.786,-0.405
5739797,1787,1578,775,0.1710,0.3837,1.0563,10.880,11.168,-0.037
5739807,1831,1426,677,0.1689,0.3883,1.0557,10.059,10.375,-0.015
5739817,1795,1570,724,0.1670,0.3924,1.0549,9.147,9.548,-0.071
5739827,1829,1470,768,0.1662,0.3970,1.0556,8.068,8.813,0.103
5739837,1789,1591,715,0.1663,0.4008,1.0582,6.829,8.165,0.369
5739847,1812,1457,717,0.1661,0.4015,1.0576,5.591,7.556,0.350
5739857,1787,1579,748,0.1642,0.3994,1.0571,4.351,6.933,0.008
5739867,1809,1461,737,0.1630,0.3964,1.0569,3.076,6.269,-0.351
5739877,1786,1607,757,0.1618,0.3928,1.0576,1.899,5.699,-0.566
5739887,1817,1473,700,0.1628,0.3892,1.0591,0.974,5.219,-0.615
5739897,1787,1632,755,0.1630,0.3856,1.0616,0.349,4.795,-0.611
5739907,1828,1489,699,0.1639,0.3831,1.0642,0.094,4.554,-0.500
5739917,1792,1577,704,0.1649,0.3810,1.0664,-0.124,4.398,-0.280
5739927,1813,1484,714,0.1642,0.3781,1.0647,-0.227,4.414,-0.111
5739937,1787,1616,781,0.1624,0.3753,1.0613,-0.305,4.486,0.020
5739947,1807,1544,755,0.1603,0.3721,1.0587,-0.415,4.411,0.185
5739957,1787,1639,759,0.1584,0.3716,1.0591,-0.532,4.178,0.540
5739967,1810,1530,680,0.1577,0.3726,1.0588,-0.521,3.943,1.172
5739977,1786,1650,704,0.1582,0.3720,1.0589,-0.320,3.727,1.851
5739987,1824,1532,713,0.1578,0.3771,1.0591,0.009,3.720,2.784
5739997,1786,1691,762,0.1604,0.3855,1.0605,0.135,3.929,4.165
5740007,1799,1575,700,0.1605,0.3922,1.0562,-0.015,4.231,5.199
5740017,1791,1714,772,0.1598,0.3947,1.0531,-0.439,4.396,5.325
5740027,1824,1611,697,0.1595,0.3928,1.0549,-1.099,4.212,4.729
5740037,1792,1793,809,0.1585,0.3876,1.0558,-1.648,4.078,3.809
5740047,1825,1546,691,0.1572,0.3805,1.0567,-1.931,4.086,2.940
5740057,1790,1708,762,0.1568,0.3747,1.0608,-2.013,4.196,2.347
5740067,1810,1597,713,0.1556,0.3702,1.0639,-1.854,4.480,1.942
5740077,1787,1712,753,0.1545,0.3673,1.0622,-1.473,4.880,1.720
5740087,1826,1604,732,0.1533,0.3645,1.0625,-0.998,5.262,1.662
5740097,1785,1697,710,0.1526,0.3635,1.0596,-0.399,5.587,1.556
5740107,1821,1580,702,0.1511,0.3623,1.0586,0.330,5.822,1.338
5740117,1781,1708,717,0.1495,0.3606,1.0581,1.140,5.922,1.062
5740127,1839,1551,714,0.1488,0.3601,1.0599,1.974,5.888,0.770
5740137,1787,1698,776,0.1475,0.3608,1.0621,2.890,5.833,0.517
5740147,1833,1603,826,0.1458,0.3624,1.0607,3.891,5.809,0.346
5740157,1789,1732,792,0.1432,0.3650,1.0605,4.826,5.704,0.315
5740167,1837,1579,704,0.1406,0.3691,1.0604,5.616,5.494,0.407
5740177,1787,1732,787,0.1393,0.3736,1.0589,6.291,5.258,0.607
5740187,1867,1551,746,0.1373,0.3809,1.0576,6.768,4.921,0.910
5740197,1785,1656,762,0.1368,0.3888,1.0573,6.995,4.536,1.263
5740207,1834,1523,763,0.1365,0.3963,1.0545,7.033,4.190,1.504
5740217,1791,1649,711,0.1355,0.4018,1.0528,6.817,3.786,1.592
5740227,1838,1526,797,0.1352,0.4057,1.0539,6.318,3.277,1.480
5740237,1789,1653,783,0.1347,0.4080,1.0545,5.681,2.773,1.190
5740247,1829,1559,794,0.1345,0.4089,1.0549,4.950,2.281,0.933
5740257,1786,1643,724,0.1341,0.4085,1.0548,4.112,1.777,0.759
5740267,1847,1575,719,0.1339,0.4075,1.0566,3.254,1.257,0.605
5740277,1787,1743,816,0.1358,0.4045,1.0577,2.443,0.739,0.447
5740287,1841,1652,823,0.1358,0.4004,1.0573,1.743,0.260,0.229
5740297,1792,1795,757,0.1360,0.3962,1.0585,1.137,-0.199,0.089
5740307,1842,1658,815,0.1371,0.3929,1.0599,0.648,-0.623,0.112
5740317,1786,1753,736,0.1371,0.3892,1.0571,0.389,-0.939,0.135
5740327,1858,1619,758,0.1367,0.3854,1.0570,0.340,-1.215,0.120
5740337,1788,1711,790,0.1371,0.3839,1.0579,0.437,-1.458,0.165
5740347,1841,1600,808,0.1382,0.3832,1.0549,0.665,-1.584,0.295
5740357,1785,1582,727,0.1392,0.3842,1.0532,1.034,-1.649,0.408
5740367,1867,1482,732,0.1395,0.3861,1.0541,1.478,-1.747,0.496
5740377,1789,1539,802,0.1411,0.3874,1.0563,1.933,-1.782,0.520
5740387,1849,1451,757,0.1424,0.3885,1.0574,2.374,-1.709,0.422
5740397,1787,1575,792,0.1422,0.3904,1.0593,2.697,-1.576,0.257
5740407,1825,1524,857,0.1414,0.3928,1.0598,2.900,-1.338,0.167
5740417,1786,1601,799,0.1406,0.3945,1.0570,3.026,-0.948,0.117
5740427,1841,1553,777,0.1392,0.3970,1.0554,3.074,-0.545,0.082
5740437,1792,1602,796,0.1393,0.4009,1.0580,3.012,-0.242,0.113
5740447,1841,1555,744,0.1416,0.4042,1.0586,2.750,0.160,0.258
5740457,1791,1600,823,0.1417,0.4048,1.0540,2.455,0.655,0.147
5740467,1852,1514,765,0.1423,0.4047,1.0552,2.105,0.937,-0.241
5740477,1787,1623,800,0.1427,0.4030,1.0581,1.729,1.081,-0.648
5740487,1827,1551,831,0.1426,0.4002,1.0569,1.435,1.363,-0.948
5740497,1783,1672,752,0.1434,0.3983,1.0577,1.142,1.586,-1.061
5740507,1836,1570,760,0.1433,0.3959,1.0593,0.857,1.666,-1.163
5740517,1789,1655,823,0.1408,0.3928,1.0590,0.767,1.758,-1.444
