940857,1938,2039,1907,0.0685,-0.0791,1.1393,-0.915,-1.045,-0.171
940867,1974,2104,1872,0.0687,-0.0796,1.1396,-1.091,-1.138,-0.180
940877,1887,2037,1911,0.0686,-0.0808,1.1413,-1.223,-1.210,-0.193
940887,1973,2074,1877,0.0690,-0.0833,1.1411,-1.310,-1.277,-0.207
940897,1869,2013,1907,0.0694,-0.0848,1.1414,-1.327,-1.299,-0.188
940907,1979,2082,1858,0.0690,-0.0857,1.1409,-1.274,-1.312,-0.175
940917,1898,2011,1894,0.0693,-0.0863,1.1418,-1.177,-1.283,-0.163
940927,1943,2053,1865,0.0690,-0.0865,1.1414,-1.023,-1.215,-0.128
940937,1869,1982,1904,0.0704,-0.0869,1.1413,-0.866,-1.193,-0.100
940947,1914,2040,1868,0.0710,-0.0880,1.1420,-0.698,-1.105,-0.094
940957,1861,1993,1909,0.0708,-0.0877,1.1427,-0.511,-1.010,-0.057
940967,1933,2044,1862,0.0703,-0.0865,1.1432,-0.265,-0.865,-0.023
940977,1857,1982,1910,0.0705,-0.0848,1.1431,0.049,-0.719,0.007
940987,1943,2058,1872,0.0699,-0.0815,1.1419,0.349,-0.584,0.068
940997,1875,2007,1933,0.0691,-0.0775,1.1421,0.544,-0.514,0.179
941007,1957,2076,1872,0.0675,-0.0749,1.1429,0.497,-0.513,0.246
941017,1886,2036,1898,0.0678,-0.0752,1.1423,0.226,-0.498,0.256
941027,1964,2069,1876,0.0684,-0.0760,1.1430,-0.187,-0.563,0.249
941037,1885,2009,1911,0.0696,-0.0769,1.1432,-0.558,-0.598,0.229
941047,1970,2071,1877,0.0693,-0.0771,1.1429,-0.758,-0.593,0.217
941057,1887,2021,1910,0.0691,-0.0774,1.1425,-0.767,-0.575,0.201
941067,1937,2067,1873,0.0687,-0.0771,1.1427,-0.706,-0.546,0.178
941077,1910,2025,1902,0.0677,-0.0784,1.1417,-0.701,-0.539,0.172
941087,2097,2055,1936,0.0683,-0.0795,1.1420,-0.792,-0.562,0.175
941097,1887,2008,1906,0.0681,-0.0817,1.1426,-0.916,-0.607,0.173
941107,1939,2068,1864,0.0688,-0.0831,1.1422,-0.963,-0.641,0.145
941117,1887,2002,1900,0.0694,-0.0837,1.1414,-0.853,-0.640,0.102
941127,1979,2083,1883,0.0694,-0.0828,1.1402,-0.585,-0.603,0.061
941137,1946,2085,1929,0.0686,-0.0801,1.1393,-0.244,-0.555,0.014
941147,2046,2149,1893,0.0687,-0.0776,1.1381,0.048,-0.552,-0.017
941157,1926,2054,1918,0.0671,-0.0752,1.1390,0.162,-0.580,-0.026
941167,1946,2080,1875,0.0668,-0.0740,1.1382,0.079,-0.648,-0.039
941177,1889,2018,1912,0.0671,-0.0737,1.1388,-0.142,-0.758,-0.071
941187,1964,2051,1861,0.0672,-0.0732,1.1396,-0.421,-0.836,-0.120
941197,1888,1994,1904,0.0676,-0.0725,1.1423,-0.691,-0.935,-0.159
941207,1938,2034,1864,0.0670,-0.0733,1.1421,-0.973,-1.029,-0.185
941217,1853,1985,1896,0.0672,-0.0741,1.1412,-1.288,-1.109,-0.194
941227,1939,2013,1864,0.0675,-0.0767,1.1418,-1.661,-1.220,-0.185
941237,1822,1971,1900,0.0693,-0.0797,1.1421,-2.015,-1.309,-0.162
941247,1924,2018,1861,0.0704,-0.0824,1.1425,-2.251,-1.413,-0.179
941257,1857,1974,1898,0.0714,-0.0854,1.1428,-2.245,-1.452,-0.192
941267,1919,2014,1867,0.0717,-0.0876,1.1422,-1.980,-1.424,-0.207
941277,1870,1965,1895,0.0719,-0.0889,1.1425,-1.546,-1.332,-0.210
941287,1948,2023,1860,0.0723,-0.0891,1.1435,-1.112,-1.215,-0.210
941297,1851,1967,1904,0.0724,-0.0892,1.1435,-0.759,-1.096,-0.199
941307,1983,2024,1859,0.0718,-0.0882,1.1432,-0.463,-1.005,-0.176
941317,1850,1963,1928,0.0715,-0.0863,1.1429,-0.161,-0.908,-0.147
941327,1922,2020,1858,0.0717,-0.0837,1.1433,0.174,-0.809,-0.124
941337,1849,1964,1901,0.0713,-0.0803,1.1434,0.542,-0.698,-0.113
941347,1922,1998,1860,0.0710,-0.0773,1.1436,0.841,-0.595,-0.125
941357,1838,1961,1924,0.0704,-0.0748,1.1430,0.936,-0.554,-0.132
941367,1988,2013,1859,0.0685,-0.0729,1.1429,0.782,-0.515,-0.115
941377,1854,1958,1904,0.0670,-0.0717,1.1418,0.384,-0.555,-0.098
941387,1933,2012,1861,0.0661,-0.0707,1.1410,-0.134,-0.654,-0.105
941397,1850,1956,1913,0.0659,-0.0697,1.1399,-0.632,-0.811,-0.148
941407,1929,2014,1867,0.0666,-0.0700,1.1410,-1.031,-1.015,-0.235
941417,1851,1959,1900,0.0675,-0.0708,1.1423,-1.355,-1.219,-0.336
941427,1929,2017,1858,0.0676,-0.0722,1.1417,-1.686,-1.350,-0.425
941437,1819,1964,1900,0.0685,-0.0755,1.1426,-2.255,-1.429,-0.462
941447,1953,2018,1866,0.0697,-0.0803,1.1429,-2.790,-1.489,-0.500
941457,1802,1965,1898,0.0711,-0.0833,1.1412,-3.106,-1.473,-0.530
941467,1941,2022,1863,0.0715,-0.0851,1.1420,-3.134,-1.457,-0.575
941477,1829,1983,1911,0.0712,-0.0831,1.1420,-2.873,-1.393,-0.668
941487,1925,2046,1872,0.0704,-0.0822,1.1436,-2.454,-1.327,-0.895
941497,1861,2016,1920,0.0705,-0.0837,1.1449,-2.025,-1.254,-1.236
941507,2209,2166,1907,0.0710,-0.0851,1.1457,-1.714,-1.217,-1.544
941517,2045,2122,1974,0.0701,-0.0851,1.1436,-1.472,-1.097,-1.778
941527,2041,2211,1872,0.0694,-0.0827,1.1424,-1.210,-1.028,-2.015
941537,1958,2025,1910,0.0661,-0.0800,1.1425,-0.879,-1.020,-2.391
941547,2074,2041,1874,0.0690,-0.0842,1.1422,-0.769,-1.155,-2.954
941557,1899,1980,1880,0.0713,-0.0914,1.1441,-0.741,-1.257,-3.478
941567,1961,2036,1865,0.0757,-0.0936,1.1473,-0.506,-1.376,-3.717
941577,1900,1976,1901,0.0742,-0.0880,1.1487,0.027,-1.264,-3.753
941587,2001,2027,1871,0.0696,-0.0773,1.1528,0.680,-1.145,-3.856
941597,1893,1969,1898,0.0663,-0.0706,1.1446,1.555,-0.740,-4.245
941607,2023,2029,1870,0.0638,-0.0672,1.1463,2.507,-0.641,-4.847
941617,1910,1975,1907,0.0626,-0.0661,1.1452,3.092,-0.764,-5.449
941627,2102,2025,1883,0.0594,-0.0621,1.1458,3.307,-0.794,-5.944
941637,2093,1992,1896,0.0617,-0.0611,1.1457,3.218,-1.033,-6.482
941647,2200,2076,1879,0.0672,-0.0629,1.1494,2.746,-1.423,-7.157
941657,2288,2011,1920,0.0647,-0.0636,1.1533,2.016,-1.669,-7.784
941667,2283,1993,1947,0.0608,-0.0628,1.1478,1.443,-1.512,-8.316
941677,2380,2023,1919,0.0635,-0.0640,1.1421,1.527,-1.386,-8.903
941687,2372,2069,1907,0.0627,-0.0717,1.1437,2.273,-1.574,-9.618
941697,2227,1999,1895,0.0652,-0.0852,1.1431,3.267,-1.820,-10.249
941707,2298,2065,1887,0.0658,-0.1004,1.1471,4.153,-2.051,-10.485
941717,2242,1994,1897,0.0766,-0.0998,1.1424,4.922,-2.310,-10.107
941727,2315,2043,1885,0.0809,-0.1060,1.1499,5.574,-2.358,-9.471
941737,2325,1975,1902,0.0821,-0.1050,1.1477,5.804,-2.504,-8.742
941747,2341,2008,1918,0.0815,-0.0936,1.1435,6.400,-2.137,-7.913
941757,1928,1948,1910,0.0827,-0.0725,1.1370,7.577,-2.034,-7.309
941767,2240,1893,1918,0.0800,-0.0682,1.1373,9.406,-1.732,-7.264
941777,2208,1966,1927,0.0802,-0.0711,1.1477,10.833,-1.959,-7.551
941787,2350,2046,1884,0.0817,-0.0773,1.1425,12.191,-1.283,-7.662
941797,2067,1980,1917,0.0908,-0.0784,1.1501,13.469,-1.073,-7.573
941807,2345,2057,1889,0.0960,-0.0826,1.1517,14.519,-0.619,-7.524
941817,3255,2126,1910,0.1002,-0.0766,1.1466,15.310,0.023,-7.394
941827,2582,2171,1951,0.0994,-0.0650,1.1441,16.150,0.555,-7.192
941837,2759,2205,1965,0.0914,-0.0556,1.1265,17.266,1.096,-7.051
941847,2526,2239,1907,0.0869,-0.0480,1.1235,18.716,1.113,-7.023
941857,2337,2118,1925,0.0868,-0.0517,1.1275,20.159,0.714,-7.119
941867,2305,2271,1858,0.0891,-0.0528,1.1402,21.165,0.480,-7.058
941877,2358,2129,1909,0.0899,-0.0451,1.1451,21.197,0.537,-6.646
941887,1780,2108,1911,0.0840,-0.0336,1.1447,20.710,0.823,-5.957
941897,2207,1953,2003,0.0767,-0.0203,1.1512,19.821,0.525,-5.228
941907,1730,2115,1876,0.0703,-0.0199,1.1277,18.621,0.500,-4.734
941917,2211,2105,1917,0.0673,-0.0237,1.1143,17.147,-0.052,-4.322
941927,2314,2164,1910,0.0660,-0.0304,1.1171,15.450,-1.147,-3.844
941937,2410,2145,1936,0.0694,-0.0311,1.1300,13.707,-1.963,-3.308
941947,2556,2247,1914,0.0729,-0.0212,1.1448,12.404,-2.051,-2.833
941957,2560,2238,1953,0.0770,-0.0038,1.1563,12.031,-1.553,-2.593
941967,2638,2256,1937,0.0810,0.0143,1.1686,12.533,-0.874,-2.719
941977,2505,2154,1969,0.0801,0.0261,1.1778,13.216,-0.259,-3.179
941987,2507,2203,1939,0.0785,0.0292,1.1743,13.412,0.433,-3.807
941997,2466,2143,1960,0.0742,0.0283,1.1677,13.084,1.059,-4.298
942007,2548,2192,1934,0.0698,0.0295,1.1516,12.311,1.408,-4.442
942017,2451,2148,1958,0.0657,0.0304,1.1413,10.938,1.527,-4.395
942027,2571,2201,1974,0.0644,0.0355,1.1313,9.054,1.218,-4.229
942037,2462,2157,1937,0.0646,0.0366,1.1228,7.127,0.798,-4.101
942047,2551,2182,1961,0.0646,0.0393,1.1183,5.133,0.104,-4.077
942057,2585,2180,1947,0.0611,0.0332,1.1162,3.272,-0.452,-4.159
942067,2557,2219,1960,0.0605,0.0321,1.1094,1.814,-1.100,-4.206
942077,2418,2177,1974,0.0596,0.0309,1.1146,1.062,-1.873,-4.217
942087,2526,2243,1962,0.0595,0.0291,1.1134,0.734,-2.770,-4.354
942097,2581,2215,1964,0.0622,0.0255,1.0973,0.763,-3.319,-4.625
942107,2650,2259,1997,0.0603,0.0281,1.0810,1.257,-4.073,-4.878
942117,2645,2212,1988,0.0662,0.0300,1.1148,2.149,-5.609,-5.264
942127,2325,2249,1966,0.0761,0.0236,1.1403,2.601,-6.534,-5.964
942137,2568,2202,1987,0.0858,0.0206,1.1603,2.778,-6.167,-6.584
942147,2627,2236,1949,0.0928,0.0257,1.1884,2.078,-6.098,-6.732
942157,2562,2203,1976,0.0951,0.0313,1.1883,0.688,-5.241,-6.401
942167,2695,2285,1984,0.0941,0.0290,1.1855,-1.549,-4.578,-5.829
942177,2698,2279,2016,0.0909,0.0221,1.1715,-4.124,-3.925,-5.143
942187,2897,2328,1996,0.0874,0.0110,1.1651,-6.780,-3.579,-4.441
942197,2715,2273,2017,0.0830,0.0044,1.1483,-9.081,-3.250,-3.650
942207,2844,2296,2014,0.0804,0.0030,1.1373,-10.673,-3.076,-2.783
942217,2619,2203,1992,0.0781,0.0030,1.1309,-11.292,-3.262,-2.052
942227,2666,2227,1960,0.0781,-0.0002,1.1268,-11.037,-3.541,-1.575
942237,2602,2185,1988,0.0802,-0.0048,1.1263,-10.161,-3.958,-1.335
942247,2717,2231,1951,0.0825,-0.0092,1.1295,-8.913,-4.462,-1.255
942257,2599,2197,1996,0.0846,-0.0125,1.1356,-7.569,-5.007,-1.242
942267,2703,2252,1954,0.0855,-0.0147,1.1412,-6.284,-5.497,-1.217
942277,2624,2200,2010,0.0858,-0.0162,1.1488,-5.236,-6.065,-1.114
942287,2657,2280,1913,0.0879,-0.0148,1.1479,-4.446,-6.616,-0.834
942297,2476,2191,2020,0.0896,-0.0122,1.1531,-3.987,-7.375,-0.368
942307,2714,2265,1933,0.0908,-0.0108,1.1580,-4.149,-8.417,0.226
942317,2573,2206,2019,0.0911,-0.0080,1.1628,-4.857,-9.373,0.953
942327,2595,2271,1906,0.0923,-0.0044,1.1706,-6.043,-10.546,1.806
942337,2598,2219,2004,0.0919,-0.0070,1.1678,-7.504,-11.453,2.738
942347,2706,2239,1875,0.0950,-0.0134,1.1749,-9.303,-12.725,3.761
942357,2523,2230,1965,0.0979,-0.0198,1.1834,-11.241,-14.154,4.952
942367,2604,2227,1849,0.1021,-0.0242,1.1959,-13.314,-15.663,6.331
942377,2227,2121,1963,0.1082,-0.0267,1.1999,-15.163,-16.751,7.904
942387,2666,2170,1914,0.1181,-0.0250,1.2104,-16.945,-17.803,9.674
942397,2338,2088,1894,0.1260,-0.0190,1.2179,-18.367,-18.602,11.512
942407,2435,2039,1903,0.1380,-0.0144,1.2306,-19.676,-19.341,13.046
942417,2473,2053,1919,0.1467,-0.0178,1.2304,-20.810,-19.521,14.071
942427,2484,1980,1972,0.1541,-0.0249,1.2378,-22.126,-19.428,14.692
942437,2432,1907,1885,0.1578,-0.0347,1.2357,-23.697,-18.907,15.077
942447,2728,1990,1984,0.1629,-0.0417,1.2466,-25.053,-18.305,15.290
942457,2644,1888,1902,0.1676,-0.0446,1.2459,-25.995,-17.384,15.321
942467,2773,2010,1973,0.1710,-0.0477,1.2466,-25.784,-16.192,15.166
942477,2434,1993,1854,0.1773,-0.0538,1.2468,-24.112,-14.962,14.865
942487,2423,2012,1986,0.1835,-0.0612,1.2442,-20.945,-13.508,14.634
942497,2248,1932,1850,0.1902,-0.0699,1.2422,-16.866,-12.090,14.597
942507,2397,1905,1960,0.1924,-0.0765,1.2401,-12.608,-10.529,14.793
942517,2257,1885,1875,0.1934,-0.0805,1.2367,-8.826,-8.888,15.262
942527,2442,1962,1988,0.1946,-0.0809,1.2345,-5.910,-7.128,15.989
942537,2309,1969,1859,0.1962,-0.0827,1.2409,-4.168,-5.583,16.897
942547,2276,2105,1894,0.1961,-0.0861,1.2422,-3.906,-3.994,17.809
942557,2101,2151,1854,0.1974,-0.0835,1.2444,-4.982,-2.419,18.602
942567,2344,2286,1896,0.2021,-0.0856,1.2414,-6.969,-0.845,19.001
942577,2129,2179,1850,0.2100,-0.0946,1.2444,-9.385,0.679,19.006
942587,2027,2146,1864,0.2160,-0.1080,1.2380,-11.669,2.362,18.985
942597,2030,2039,1930,0.2197,-0.1231,1.2290,-13.348,4.284,19.371
942607,2118,2041,1890,0.2188,-0.1383,1.2183,-14.167,6.127,20.293
942617,2244,1896,1890,0.2136,-0.1521,1.2062,-14.218,7.825,21.607
942627,1986,1908,1903,0.2082,-0.1638,1.1935,-13.778,9.056,23.067
942637,1958,1897,1875,0.2043,-0.1756,1.1829,-12.925,9.961,24.618
942647,2144,1953,1850,0.2027,-0.1845,1.1819,-11.701,10.617,26.268
942657,1908,1877,1854,0.2023,-0.1872,1.1787,-9.995,11.308,28.123
942667,1847,1849,1933,0.1991,-0.1799,1.1751,-7.726,12.140,30.182
942677,1833,1801,1904,0.1933,-0.1684,1.1757,-4.761,13.067,32.165
942687,1693,1803,1882,0.1846,-0.1564,1.1734,-1.158,14.066,33.801
942697,1734,1890,1852,0.1762,-0.1473,1.1694,2.875,15.235,34.901
942707,1746,1803,1923,0.1670,-0.1412,1.1668,7.051,16.241,35.458
942717,1739,1873,1853,0.1562,-0.1360,1.1587,11.394,17.193,35.655
942727,1910,1843,1920,0.1450,-0.1289,1.1484,15.614,17.989,35.640
942737,1851,1841,1872,0.1349,-0.1190,1.1443,19.604,18.480,35.563
942747,1761,1806,1945,0.1254,-0.1031,1.1366,23.290,18.771,35.516
942757,1754,1852,1852,0.1146,-0.0837,1.1354,26.600,18.894,35.471
942767,1727,1833,2056,0.1022,-0.0572,1.1357,29.256,18.734,35.282
942777,1772,1860,1858,0.0903,-0.0349,1.1369,31.079,18.770,34.739
942787,1753,1837,1873,0.0800,-0.0158,1.1452,31.878,18.483,33.872
942797,1707,2001,2029,0.0709,-0.0019,1.1539,31.542,18.142,32.815
942807,1682,1875,1863,0.0669,0.0077,1.1632,30.001,17.694,31.727
942817,1813,1915,1854,0.0611,0.0184,1.1711,27.289,17.336,30.743
942827,1743,1806,1955,0.0560,0.0294,1.1782,23.513,16.947,29.887
942837,1682,1971,2030,0.0488,0.0362,1.1810,19.031,16.679,28.987
942847,1731,1807,1938,0.0391,0.0381,1.1753,13.991,16.413,27.913
942857,1732,1877,1847,0.0264,0.0423,1.1422,8.916,16.222,26.576
942867,1697,1838,1883,0.0128,0.0437,1.1011,4.450,15.403,24.923
942877,1695,1899,1943,-0.0019,0.0430,1.0558,1.163,13.592,23.051
942887,1829,1808,1851,-0.0139,0.0375,1.0217,-0.874,10.923,21.088
942897,1712,1859,1875,-0.0245,0.0261,0.9974,-2.322,7.423,19.221
942907,1977,1806,1872,-0.0308,0.0132,0.9826,-3.957,3.499,17.652
942917,1680,1882,1912,-0.0355,-0.0007,0.9688,-6.403,-0.725,16.663
942927,1814,1810,1979,-0.0377,-0.0156,0.9648,-9.473,-5.149,16.281
942937,1894,1844,1861,-0.0386,-0.0288,0.9702,-12.627,-9.716,16.483
942947,1895,1802,1973,-0.0354,-0.0422,0.9782,-15.141,-13.726,16.975
942957,1846,1816,1913,-0.0289,-0.0513,0.9986,-15.327,-17.015,17.082
942967,1896,1854,1911,-0.0228,-0.0537,1.0084,-13.802,-19.273,16.684
942977,1799,1847,1921,-0.0170,-0.0559,1.0179,-10.512,-20.694,15.591
942987,1768,1806,1949,-0.0106,-0.0610,1.0246,-5.577,-21.558,13.827
942997,1756,1850,1856,-0.0046,-0.0642,1.0293,0.737,-21.934,11.657
943007,2139,1807,1910,0.0032,-0.0642,1.0319,7.787,-21.866,9.241
943017,1754,1824,1868,0.0124,-0.0618,1.0336,15.155,-21.448,6.670
943027,1945,1895,1856,0.0227,-0.0589,1.0338,22.538,-20.759,4.110
943037,1731,1894,1940,0.0309,-0.0546,1.0321,29.542,-19.851,1.792
943047,1974,1806,1874,0.0344,-0.0407,1.0330,36.183,-18.764,-0.120
943057,1772,1816,1904,0.0386,-0.0322,1.0379,42.457,-17.704,-1.818
943067,1842,1909,2014,0.0429,-0.0257,1.0495,48.298,-16.452,-3.348
943077,1738,1948,2081,0.0452,-0.0104,1.0698,53.403,-15.358,-4.402
943087,2902,1805,1852,0.0479,0.0074,1.0824,57.568,-13.730,-5.014
943097,1741,1851,1851,0.0544,0.0235,1.1086,60.519,-11.933,-5.397
943107,2035,1860,1921,0.0618,0.0333,1.1175,61.723,-9.918,-5.567
943117,1688,1848,2160,0.0693,0.0345,1.1172,60.471,-7.780,-5.268
943127,1708,1915,2405,0.0730,0.0398,1.1198,56.519,-6.620,-4.366
943137,1719,1948,2006,0.0695,0.0603,1.1135,50.787,-5.679,-2.911
943147,1897,1850,2016,0.0657,0.0735,1.1123,44.337,-5.061,-1.663
943157,1989,1833,2603,0.0627,0.0732,1.0965,38.350,-4.491,-1.323
943167,2001,2018,2466,0.0669,0.0633,1.0968,33.466,-4.516,-1.502
943177,2077,1952,2538,0.0740,0.0616,1.0961,29.737,-4.925,-1.443
943187,1907,2116,2384,0.0841,0.0717,1.1009,27.226,-5.306,-0.719
943197,2699,1931,2135,0.0999,0.0637,1.1013,25.089,-5.653,0.476
943207,1960,1850,2656,0.1122,0.0629,1.1058,22.721,-5.649,2.272
943217,2127,1808,2307,0.1172,0.0772,1.1135,19.434,-5.553,4.683
943227,1700,1815,1889,0.1212,0.0852,1.1222,15.582,-4.883,6.679
943237,1936,1829,2354,0.1234,0.0874,1.1258,11.497,-3.901,7.700
943247,1914,1988,1987,0.1247,0.0874,1.1155,8.254,-2.563,8.056
943257,2116,1805,1849,0.1265,0.0841,1.1066,6.088,-1.429,8.064
943267,2012,1807,2299,0.1270,0.0799,1.0993,5.209,-0.562,8.105
943277,1919,1818,1935,0.1258,0.0812,1.0906,5.490,0.281,8.384
943287,1778,1858,1938,0.1232,0.0881,1.0846,6.456,0.935,8.903
943297,1942,1905,2014,0.1180,0.0998,1.0857,7.668,1.268,9.522
943307,1832,1844,1995,0.1137,0.1120,1.0892,8.957,1.426,10.084
943317,1722,1840,2341,0.1102,0.1224,1.1018,10.099,1.332,10.498
943327,1750,1804,2064,0.1057,0.1312,1.1085,10.751,1.239,10.807
943337,1996,1822,1977,0.1056,0.1395,1.1124,10.673,1.158,11.021
943347,1777,1808,1948,0.1061,0.1474,1.1147,9.760,0.753,11.081
943357,1819,1833,1926,0.1089,0.1529,1.1119,8.633,0.395,10.994
943367,1805,1807,1991,0.1110,0.1527,1.1178,7.273,-0.196,10.755
943377,1684,1871,1998,0.1133,0.1537,1.1197,5.908,-0.848,10.521
943387,1930,1805,1872,0.1168,0.1540,1.1210,4.721,-1.299,10.383
943397,1874,1853,2077,0.1197,0.1528,1.1243,3.578,-1.846,10.323
943407,1706,1806,2684,0.1202,0.1553,1.1280,2.761,-2.224,10.339
943417,1738,1861,2015,0.1227,0.1571,1.1308,2.157,-2.558,10.234
943427,1896,1809,1936,0.1260,0.1547,1.1371,1.761,-2.858,9.896
943437,1778,1859,2108,0.1285,0.1561,1.1456,1.360,-3.203,9.461
943447,1678,1873,1887,0.1321,0.1566,1.1466,1.080,-3.234,9.007
943457,1740,1810,1921,0.1352,0.1549,1.1485,0.808,-3.230,8.495
943467,1672,1815,1855,0.1375,0.1561,1.1509,0.599,-3.190,7.961
943477,1818,1823,1869,0.1401,0.1558,1.1505,0.604,-2.976,7.410
943487,1982,1865,1851,0.1409,0.1559,1.1512,0.744,-2.760,6.808
943497,1780,1820,2045,0.1414,0.1590,1.1499,1.068,-2.429,6.152
943507,1720,1808,1855,0.1418,0.1582,1.1521,1.449,-2.078,5.394
943517,1920,1906,1912,0.1410,0.1598,1.1520,1.867,-1.648,4.647
943527,1752,1844,1898,0.1400,0.1614,1.1528,2.348,-1.074,3.905
943537,1766,1905,2053,0.1386,0.1600,1.1526,2.750,-0.558,3.102
943547,1804,1839,1859,0.1366,0.1605,1.1486,3.151,0.074,2.266
943557,1697,1808,1912,0.1369,0.1571,1.1477,3.514,0.647,1.390
943567,1712,1809,1916,0.1344,0.1542,1.1476,3.844,1.225,0.570
943577,1682,1929,2255,0.1328,0.1525,1.1466,4.128,1.842,-0.139
943587,1805,1810,1889,0.1291,0.1513,1.1441,4.421,2.546,-0.769
943597,1976,1932,3094,0.1270,0.1494,1.1440,4.709,3.150,-1.354
943607,1871,1862,3637,0.1247,0.1477,1.1414,4.919,3.686,-1.847
943617,1759,1882,3473,0.1222,0.1484,1.1420,4.834,4.122,-2.214
943627,1717,1919,1981,0.1206,0.1506,1.1450,4.275,4.405,-2.481
943637,1678,1847,2726,0.1173,0.1516,1.1494,3.158,4.697,-2.714
943647,2120,1834,2062,0.1149,0.1491,1.1539,1.438,4.996,-2.947
943657,1865,1818,2483,0.1140,0.1439,1.1606,-0.829,5.309,-3.130
943667,1771,1908,3016,0.1109,0.1371,1.1554,-3.389,5.788,-3.150
943677,1770,1827,1840,0.1055,0.1326,1.1486,-5.725,6.376,-3.035
943687,1994,1944,2395,0.0994,0.1316,1.1467,-7.442,6.825,-2.920
943697,1889,1823,1912,0.0962,0.1295,1.1463,-8.523,6.985,-2.910
943707,1897,1827,2053,0.0962,0.1324,1.1494,-8.931,7.443,-3.028
943717,1716,1958,3203,0.0974,0.1393,1.1590,-9.337,7.450,-3.108
943727,1710,1928,2217,0.0978,0.1440,1.1684,-9.716,8.048,-3.021
943737,1879,1812,1966,0.0959,0.1427,1.1820,-10.961,8.648,-2.751
943747,1712,1823,2122,0.0910,0.1403,1.1830,-12.951,9.681,-2.244
943757,1837,1913,4095,0.0868,0.1339,1.1759,-15.865,10.484,-1.615
943767,1990,1899,1818,0.0826,0.1271,1.1650,-19.283,10.939,-1.039
943777,1957,1812,2058,0.0790,0.1167,1.1504,-22.870,10.888,-0.813
943787,1705,1811,3119,0.0763,0.1003,1.1398,-26.046,10.320,-1.086
943797,1836,1874,2116,0.0705,0.0821,1.1312,-28.392,9.461,-1.762
943807,1706,1855,2200,0.0640,0.0681,1.1226,-29.471,8.498,-2.520
943817,1875,1826,1872,0.0598,0.0555,1.1174,-28.785,7.553,-3.056
943827,1966,1809,1817,0.0572,0.0424,1.1185,-26.325,6.700,-3.387
943837,1861,1974,2339,0.0547,0.0362,1.1155,-22.434,6.066,-3.479
943847,1940,1825,1995,0.0521,0.0384,1.1125,-17.586,5.566,-3.356
943857,1848,1832,2143,0.0485,0.0424,1.1039,-12.382,4.996,-3.198
943867,1874,1818,2001,0.0478,0.0476,1.1043,-7.448,4.119,-3.066
943877,2074,1825,2091,0.0481,0.0559,1.1077,-3.461,2.856,-2.951
943887,1856,1940,2175,0.0511,0.0662,1.1112,-0.646,1.567,-2.912
943897,1871,1831,1841,0.0544,0.0738,1.1158,0.851,0.187,-2.973
943907,1853,1827,2647,0.0563,0.0745,1.1170,1.407,-0.983,-2.981
943917,2055,1808,2151,0.0602,0.0747,1.1219,1.220,-2.254,-2.775
943927,1792,1816,1889,0.0654,0.0771,1.1249,0.685,-3.366,-2.333
943937,1774,1839,1939,0.0707,0.0803,1.1337,-0.119,-4.356,-1.789
943947,1794,1808,1921,0.0753,0.0805,1.1396,-0.962,-5.030,-1.265
943957,1793,1836,2565,0.0786,0.0811,1.1441,-1.858,-5.365,-0.811
943967,1750,1813,2122,0.0821,0.0844,1.1479,-2.678,-5.534,-0.429
943977,1727,1855,2214,0.0859,0.0803,1.1497,-3.341,-5.352,-0.279
943987,1839,1811,2018,0.0901,0.0748,1.1537,-3.994,-5.110,-0.195
943997,1830,1833,1808,0.0908,0.0764,1.1523,-4.690,-4.582,-0.013
944007,1780,1815,1804,0.0908,0.0783,1.1542,-5.365,-3.978,0.141
944017,1681,1836,1808,0.0910,0.0781,1.1522,-5.914,-3.350,0.100
944027,1820,1811,1810,0.0899,0.0767,1.1516,-6.243,-2.635,-0.039
944037,1715,1868,2017,0.0878,0.0783,1.1466,-6.355,-1.927,-0.183
944047,1944,1808,1953,0.0866,0.0786,1.1436,-6.274,-1.307,-0.319
944057,1874,1826,1968,0.0859,0.0777,1.1388,-6.114,-0.769,-0.469
944067,1870,1862,2117,0.0851,0.0778,1.1372,-6.058,-0.425,-0.585
944077,1719,1912,1875,0.0834,0.0784,1.1358,-6.218,-0.231,-0.651
944087,1861,1809,1829,0.0813,0.0787,1.1313,-6.554,-0.126,-0.680
944097,1756,1856,1825,0.0793,0.0781,1.1286,-6.946,-0.210,-0.696
944107,1705,1827,2016,0.0781,0.0713,1.1287,-7.348,-0.493,-0.668
944117,2008,1817,1795,0.0751,0.0695,1.1258,-7.824,-0.868,-0.558
944127,2447,1814,1818,0.0745,0.0692,1.1226,-8.317,-1.370,-0.501
944137,1986,1838,2002,0.0766,0.0659,1.1214,-8.641,-1.958,-0.658
944147,1998,1821,1942,0.0788,0.0592,1.1185,-8.673,-2.523,-0.937
944157,2151,1952,1948,0.0793,0.0635,1.1215,-8.328,-3.133,-1.210
944167,2432,1890,1940,0.0823,0.0674,1.1211,-7.518,-3.721,-1.725
944177,2857,1972,1860,0.0879,0.0561,1.1210,-6.249,-3.985,-2.631
944187,1704,1828,1885,0.0927,0.0539,1.1289,-4.525,-4.322,-3.470
944197,1666,1866,1901,0.1003,0.0486,1.1353,-2.515,-4.303,-4.109
944207,2574,1840,1811,0.1043,0.0420,1.1480,-0.508,-4.020,-4.533
944217,1751,1814,1806,0.1026,0.0377,1.1443,1.103,-3.254,-4.651
944227,1810,1833,1820,0.1016,0.0332,1.1461,2.153,-2.688,-4.495
944237,1673,1855,1899,0.0962,0.0345,1.1419,2.724,-2.212,-4.152
944247,2211,1812,1807,0.0971,0.0358,1.1453,3.041,-2.242,-3.859
944257,1915,1809,1898,0.1024,0.0313,1.1333,3.103,-2.122,-3.747
944267,2230,1868,1962,0.1061,0.0286,1.1307,3.152,-2.277,-3.551
944277,1933,1944,1833,0.1074,0.0267,1.1291,3.397,-2.606,-3.186
944287,1864,1843,1819,0.1051,0.0246,1.1330,3.650,-2.705,-2.722
944297,2469,1883,1908,0.1036,0.0277,1.1503,3.598,-2.970,-2.072
944307,1889,1820,1901,0.1047,0.0381,1.1635,3.346,-3.012,-1.221
944317,2173,1843,2020,0.1090,0.0401,1.1656,2.939,-2.549,-0.342
944327,2109,1835,1837,0.1124,0.0361,1.1728,2.487,-2.010,0.564
944337,1817,1829,1839,0.1140,0.0357,1.1708,2.273,-1.403,1.596
944347,1962,1827,1877,0.1142,0.0395,1.1645,2.381,-0.628,2.628
944357,1829,1813,1851,0.1141,0.0389,1.1662,2.552,-0.088,3.444
944367,1676,1816,1819,0.1128,0.0427,1.1687,2.910,0.425,4.114
944377,2901,1857,1867,0.1088,0.0464,1.1703,3.347,1.027,4.692
944387,2603,1923,1940,0.1044,0.0486,1.1713,3.819,1.578,5.105
944397,1970,1845,1814,0.0995,0.0516,1.1717,4.414,2.117,5.375
944407,2125,1814,1887,0.0949,0.0555,1.1691,5.257,2.605,5.584
944417,1780,1813,1851,0.0909,0.0581,1.1689,6.366,3.071,5.722
944427,1710,1856,1918,0.0875,0.0663,1.1689,7.628,3.349,5.882
944437,2122,1853,1875,0.0843,0.0753,1.1612,8.877,3.700,6.023
944447,1904,1815,1884,0.0816,0.0831,1.1540,9.770,3.829,6.027
944457,1679,1862,1941,0.0801,0.0885,1.1486,9.898,3.499,5.875
944467,1796,1813,1795,0.0770,0.0952,1.1473,9.591,2.982,5.746
944477,1862,1832,1806,0.0740,0.1029,1.1470,9.042,2.502,5.631
944487,1665,1837,2027,0.0725,0.1066,1.1471,8.313,1.984,5.399
944497,1913,1835,1806,0.0712,0.1105,1.1504,7.648,1.459,5.049
944507,1795,1822,2028,0.0710,0.1159,1.1525,7.182,1.122,4.612
944517,1848,1818,1922,0.0728,0.1188,1.1514,6.817,0.900,4.066
944527,1951,1838,1825,0.0735,0.1195,1.1509,6.415,0.744,3.466
944537,1837,1818,1998,0.0739,0.1229,1.1498,5.947,0.620,2.918
944547,2002,1839,1817,0.0741,0.1254,1.1468,5.406,0.562,2.398
944557,1708,1818,1846,0.0748,0.1249,1.1446,4.785,0.490,1.836
944567,1956,1840,2087,0.0747,0.1239,1.1417,4.205,0.434,1.244
944577,1695,1836,1815,0.0734,0.1231,1.1408,3.766,0.430,0.651
944587,1837,1813,1857,0.0729,0.1248,1.1395,3.454,0.343,0.104
944597,1841,1821,1862,0.0731,0.1228,1.1356,3.329,0.342,-0.456
944607,1768,1812,1839,0.0747,0.1225,1.1360,3.284,0.241,-0.997
944617,1723,1821,1874,0.0753,0.1231,1.1339,3.370,0.180,-1.471
944627,1938,1841,2265,0.0765,0.1232,1.1317,3.482,0.115,-1.912
944637,1773,1813,1829,0.0772,0.1242,1.1288,3.568,0.014,-2.328
944647,1995,1849,1820,0.0761,0.1254,1.1247,3.567,-0.098,-2.779
944657,1737,1869,1820,0.0734,0.1275,1.1181,3.359,-0.304,-3.226
944667,1887,1884,2126,0.0701,0.1299,1.1133,2.874,-0.682,-3.649
944677,1699,1837,2691,0.0670,0.1276,1.1115,2.023,-1.321,-4.058
944687,2081,2017,2198,0.0661,0.1213,1.1150,0.741,-2.352,-4.260
944697,1900,1839,1811,0.0673,0.1178,1.1286,-0.943,-3.583,-4.096
944707,1873,1816,2098,0.0721,0.1073,1.1431,-3.038,-4.720,-3.645
944717,1924,1836,1827,0.0771,0.0957,1.1603,-5.252,-5.461,-2.931
944727,1749,1831,1910,0.0753,0.0952,1.1580,-7.058,-5.365,-1.999
944737,1961,1955,1842,0.0681,0.1066,1.1443,-7.742,-4.667,-1.419
944747,1929,2090,1868,0.0636,0.1252,1.1218,-6.814,-4.217,-1.983
944757,1744,1901,2187,0.0704,0.1202,1.1037,-4.387,-4.362,-4.069
944767,1694,1869,1829,0.0801,0.0924,1.0855,-1.390,-5.008,-6.759
944777,1903,1897,1831,0.0781,0.0793,1.0746,1.221,-6.111,-8.594
944787,2001,1931,2632,0.0791,0.0821,1.0818,3.029,-7.629,-8.930
944797,1900,1856,1807,0.0901,0.0737,1.0979,3.705,-8.985,-8.467
944807,1913,1842,1856,0.0972,0.0645,1.1146,3.288,-9.712,-7.192
944817,1718,1944,1842,0.0969,0.0764,1.1341,2.048,-10.194,-4.925
944827,1925,1814,1870,0.0929,0.0995,1.1423,0.610,-10.083,-2.633
944837,1690,1820,1868,0.0973,0.1106,1.1537,-0.500,-9.945,-1.463
944847,2026,1844,1984,0.1049,0.1057,1.1559,-1.407,-9.593,-1.583
944857,1711,1820,1858,0.1058,0.1071,1.1537,-2.142,-9.169,-2.283
944867,1700,1821,1972,0.1070,0.1018,1.1451,-2.751,-8.803,-3.213
944877,1944,1826,2085,0.1099,0.0888,1.1474,-3.127,-8.569,-4.146
944887,1980,1859,1794,0.1102,0.0857,1.1471,-3.108,-8.163,-4.697
944897,1695,1814,1902,0.1102,0.0876,1.1483,-2.406,-7.490,-4.784
944907,1860,1967,2096,0.1095,0.0906,1.1502,-0.936,-6.805,-4.614
944917,2456,1917,1931,0.1081,0.0986,1.1471,1.007,-5.975,-4.409
944927,1800,1827,1818,0.1081,0.1014,1.1512,3.000,-5.342,-4.447
944937,1873,1860,1826,0.1081,0.1035,1.1592,4.580,-4.913,-4.730
944947,2126,1859,1866,0.1077,0.1066,1.1650,5.520,-4.415,-5.065
944957,2169,1882,1990,0.1080,0.1127,1.1672,5.757,-3.925,-5.324
944967,2106,1846,1968,0.1100,0.1123,1.1631,5.583,-3.415,-5.542
944977,2101,1897,1995,0.1128,0.1118,1.1609,5.166,-3.128,-5.674
944987,2012,1908,1842,0.1148,0.1140,1.1545,4.629,-2.848,-5.744
944997,1729,2025,1995,0.1164,0.1115,1.1519,4.048,-2.469,-5.859
945007,2237,1840,2573,0.1159,0.1100,1.1538,3.361,-2.278,-5.898
945017,1843,1846,2054,0.1157,0.1096,1.1607,2.742,-1.935,-5.740
945027,2138,1919,1878,0.1138,0.1082,1.1657,2.097,-1.531,-5.423
945037,1839,1879,1865,0.1122,0.1101,1.1638,1.564,-0.751,-5.009
945047,1772,1913,1896,0.1140,0.1081,1.1585,0.961,-0.140,-4.644
945057,1763,1911,1819,0.1149,0.1036,1.1521,0.318,0.388,-4.413
945067,1718,1838,2104,0.1160,0.1017,1.1494,-0.412,0.546,-4.193
945077,2202,1886,1833,0.1161,0.0992,1.1459,-1.034,0.701,-3.892
945087,1700,1830,2013,0.1140,0.0971,1.1411,-1.615,0.847,-3.470
945097,1892,1859,1957,0.1101,0.0987,1.1386,-1.978,0.993,-2.853
945107,1946,1903,1833,0.1078,0.0988,1.1385,-2.194,0.896,-2.185
945117,2162,1831,1824,0.1069,0.0969,1.1428,-2.339,0.749,-1.580
945127,1980,1826,1798,0.1048,0.0991,1.1409,-2.685,0.551,-1.008
945137,1909,1817,2056,0.1029,0.1005,1.1345,-2.941,0.536,-0.535
945147,1754,1847,1862,0.1031,0.0993,1.1337,-3.063,0.288,-0.204
945157,1802,1828,2087,0.1041,0.0996,1.1321,-2.914,0.058,0.043
945167,2126,1937,1797,0.1038,0.0978,1.1278,-2.655,-0.046,0.225
945177,2450,1923,2115,0.1024,0.0995,1.1276,-2.204,-0.097,0.445
945187,1708,1892,1938,0.1014,0.1022,1.1248,-1.696,-0.181,0.678
945197,1757,1828,1815,0.1003,0.1052,1.1260,-1.037,-0.169,0.886
945207,1995,1862,2244,0.0995,0.1092,1.1302,-0.482,-0.337,1.033
945217,2350,2026,2082,0.0982,0.1121,1.1277,-0.015,-0.208,1.120
945227,1936,1864,2095,0.0967,0.1153,1.1278,0.110,-0.218,1.146
945237,1755,1849,1836,0.0950,0.1196,1.1252,0.020,-0.235,1.179
945247,2276,1987,1835,0.0961,0.1208,1.1275,-0.531,-0.489,1.149
945257,2260,1977,1809,0.0952,0.1220,1.1279,-1.407,-0.579,1.075
945267,2146,1858,1903,0.0943,0.1215,1.1258,-2.566,-0.699,1.015
945277,1711,1822,1924,0.0955,0.1163,1.1199,-3.761,-0.748,0.925
945287,2024,1936,1891,0.0979,0.1112,1.1274,-5.010,-1.149,0.845
945297,1697,1817,1819,0.0994,0.1099,1.1328,-6.097,-1.439,0.851
945307,2168,1937,1983,0.1008,0.1040,1.1297,-6.988,-1.355,0.823
945317,1779,1983,1793,0.1007,0.1003,1.1250,-7.638,-1.227,0.804
945327,1790,1860,2028,0.1018,0.0961,1.1275,-7.804,-1.404,0.820
945337,2145,1871,1980,0.1032,0.0918,1.1272,-7.494,-1.464,0.774
945347,1714,1870,2197,0.1031,0.0910,1.1321,-7.042,-1.550,0.764
945357,1738,1839,1978,0.1014,0.0921,1.1298,-6.437,-1.405,0.861
945367,1856,1827,1804,0.1020,0.0927,1.1315,-5.901,-1.316,0.945
945377,2659,1943,1951,0.1020,0.0920,1.1298,-5.454,-1.306,0.937
945387,1905,1901,2234,0.1012,0.0913,1.1269,-5.112,-1.212,0.896
945397,1704,1848,1901,0.1000,0.0907,1.1273,-4.905,-1.235,0.901
945407,2028,1838,2001,0.1000,0.0921,1.1300,-4.744,-1.332,1.005
945417,1805,1892,1794,0.1003,0.0922,1.1306,-4.707,-1.419,1.086
945427,1828,1914,1809,0.1013,0.0917,1.1319,-4.766,-1.460,1.156
945437,2110,1956,1834,0.1021,0.0918,1.1332,-4.983,-1.604,1.237
945447,2186,1881,1928,0.1026,0.0903,1.1338,-5.225,-1.693,1.302
945457,2230,1822,2369,0.1031,0.0885,1.1349,-5.480,-1.803,1.303
945467,2481,1859,1794,0.1035,0.0868,1.1332,-5.577,-1.823,1.262
945477,2253,1930,2197,0.1049,0.0845,1.1387,-5.469,-1.895,1.223
945487,2799,2107,2045,0.1067,0.0828,1.1379,-5.190,-1.828,1.219
945497,2491,1926,2048,0.1075,0.0837,1.1427,-4.807,-1.686,1.236
945507,4095,2089,1836,0.1082,0.0850,1.1493,-4.321,-1.561,1.183
945517,2976,1866,1856,0.1078,0.0860,1.1561,-3.697,-1.248,1.097
945527,2606,1872,2042,0.1085,0.0871,1.1656,-3.112,-0.894,1.054
945537,2216,1819,1892,0.1080,0.0891,1.1671,-2.805,-0.333,1.094
945547,2734,1935,1875,0.1072,0.0926,1.1651,-2.762,0.212,1.195
945557,1904,1827,2184,0.1085,0.0924,1.1652,-3.066,0.457,1.222
945567,2473,1824,1830,0.1083,0.0907,1.1625,-3.539,0.796,1.191
945577,2069,1828,2006,0.1065,0.0908,1.1606,-4.110,1.112,1.215
945587,2284,1941,2048,0.1039,0.0917,1.1622,-4.655,1.423,1.347
945597,1705,1820,1828,0.1025,0.0905,1.1716,-5.271,1.579,1.496
945607,2355,1830,1843,0.1021,0.0892,1.1767,-6.070,1.828,1.616
945617,2104,1873,1873,0.1001,0.0881,1.1717,-6.904,2.421,1.671
945627,2675,2196,2084,0.0989,0.0846,1.1666,-7.620,2.933,1.601
945637,2468,1841,2156,0.1012,0.0789,1.1642,-8.093,3.313,1.407
945647,2997,1958,1880,0.1017,0.0727,1.1554,-8.309,3.814,1.168
945657,2028,2073,2064,0.1015,0.0716,1.1559,-8.228,4.248,1.038
945667,3893,2057,2036,0.0990,0.0748,1.1614,-7.834,4.675,0.981
945677,1811,1845,1890,0.0970,0.0774,1.1691,-7.277,5.121,0.892
945687,1812,1850,1920,0.0943,0.0775,1.1632,-6.604,5.952,0.707
945697,1819,1907,1845,0.0945,0.0782,1.1652,-6.044,6.553,0.469
945707,1766,1955,2016,0.0952,0.0780,1.1614,-5.658,6.999,0.218
945717,2028,1861,2034,0.0943,0.0782,1.1581,-5.620,7.559,-0.008
945727,3115,1903,1794,0.0913,0.0794,1.1574,-5.962,8.006,-0.148
945737,2862,2007,2292,0.0886,0.0794,1.1550,-6.453,8.500,-0.258
945747,4095,2090,1937,0.0854,0.0800,1.1569,-6.992,8.870,-0.358
945757,1817,1829,1808,0.0843,0.0805,1.1624,-7.559,9.218,-0.454
945767,1817,1817,1870,0.0832,0.0809,1.1653,-8.191,9.693,-0.570
945777,1582,1848,2346,0.0801,0.0831,1.1644,-8.686,10.372,-0.720
945787,2173,1843,1860,0.0779,0.0840,1.1654,-9.004,11.003,-1.002
945797,2692,1860,1807,0.0774,0.0817,1.1666,-9.248,11.631,-1.466
945807,1796,1821,1856,0.0754,0.0796,1.1663,-9.491,12.401,-1.979
945817,1696,1817,1813,0.0726,0.0788,1.1648,-9.772,13.235,-2.492
945827,1873,1838,1846,0.0680,0.0786,1.1595,-9.883,14.124,-3.032
945837,2075,1817,1816,0.0638,0.0777,1.1561,-9.776,14.891,-3.652
945847,1967,1819,1812,0.0598,0.0780,1.1546,-9.389,15.684,-4.377
945857,1884,1844,1808,0.0532,0.0813,1.1539,-8.915,16.499,-5.189
945867,1590,1839,1857,0.0499,0.0851,1.1554,-8.369,17.392,-6.113
945877,1735,1834,1836,0.0465,0.0840,1.1552,-8.062,18.394,-7.225
945887,1803,1834,1839,0.0401,0.0879,1.1471,-7.929,19.720,-8.434
945897,1688,1851,1847,0.0357,0.0887,1.1420,-8.014,20.910,-9.773
945907,1589,1845,1849,0.0309,0.0924,1.1370,-8.334,22.038,-11.169
945917,1599,1851,1856,0.0256,0.0997,1.1294,-8.881,23.231,-12.619
945927,1889,1831,1844,0.0203,0.1063,1.1240,-9.654,24.415,-14.280
945937,2025,1825,1842,0.0154,0.1097,1.1181,-10.598,25.566,-16.206
945947,1612,1851,1861,0.0106,0.1051,1.1078,-11.777,26.716,-18.303
945957,1730,1842,1875,0.0034,0.0905,1.0952,-13.871,27.641,-20.397
945967,1715,1821,1866,-0.0033,0.0769,1.0812,-16.218,28.331,-21.998
945977,1590,1824,1858,-0.0093,0.0629,1.0687,-18.906,28.434,-23.080
945987,2332,2013,1930,-0.0125,0.0494,1.0572,-21.695,28.238,-23.811
945997,1664,1828,1872,-0.0135,0.0385,1.0477,-24.423,27.727,-24.292
946007,1708,1821,1857,-0.0139,0.0285,1.0343,-26.965,27.070,-24.689
946017,1726,1835,1884,-0.0152,0.0171,1.0260,-29.214,26.233,-25.127
946027,2292,1877,1862,-0.0196,0.0046,1.0152,-31.091,25.316,-25.642
946037,1867,1830,1872,-0.0241,-0.0083,1.0046,-32.522,24.251,-26.175
946047,2200,1878,1863,-0.0294,-0.0224,0.9957,-33.436,22.896,-26.705
946057,1743,1822,1842,-0.0349,-0.0353,0.9891,-33.885,21.243,-27.221
946067,1662,1869,1814,-0.0376,-0.0505,0.9856,-33.900,19.468,-27.614
946077,1752,1837,1855,-0.0382,-0.0674,0.9883,-33.604,17.552,-27.676
946087,1778,1844,1874,-0.0421,-0.0761,0.9881,-33.111,15.696,-27.178
946097,1723,1875,1904,-0.0462,-0.0849,0.9856,-32.463,13.879,-26.229
946107,2576,2146,1960,-0.0498,-0.0916,0.9848,-31.703,11.748,-25.126
946117,2003,1826,1856,-0.0549,-0.0950,0.9805,-30.732,9.602,-24.025
946127,1595,1880,1882,-0.0583,-0.0998,0.9846,-29.658,7.107,-23.145
946137,1841,1828,1854,-0.0587,-0.1029,0.9922,-28.482,4.541,-22.518
946147,1735,1878,1903,-0.0550,-0.1023,1.0032,-27.258,2.049,-22.103
946157,1625,1897,1932,-0.0555,-0.0936,1.0141,-26.059,0.020,-21.977
946167,1671,1831,1939,-0.0553,-0.0861,1.0224,-24.925,-1.854,-22.256
946177,2084,1843,1918,-0.0553,-0.0850,1.0272,-23.620,-3.591,-22.818
946187,1584,1907,1953,-0.0569,-0.0871,1.0385,-22.236,-5.481,-23.339
946197,1633,1932,1843,-0.0573,-0.0876,1.0535,-20.972,-7.557,-23.591
946207,1964,1899,1941,-0.0543,-0.0867,1.0707,-20.123,-9.646,-23.557
946217,1888,1834,1878,-0.0478,-0.0881,1.0838,-19.827,-11.666,-23.349
946227,1742,1838,1871,-0.0382,-0.0880,1.0937,-19.994,-13.512,-23.013
946237,1792,1844,1827,-0.0227,-0.0857,1.0993,-20.490,-15.078,-22.577
946247,1654,1823,1870,-0.0184,-0.0860,1.0990,-21.295,-16.392,-21.988
946257,1674,1862,1851,-0.0123,-0.0877,1.1075,-22.223,-17.842,-21.301
946267,1661,1842,1879,-0.0117,-0.0878,1.1146,-23.606,-19.363,-20.632
946277,1849,1866,1841,-0.0134,-0.0897,1.1262,-25.461,-20.881,-20.147
946287,1795,1843,1868,-0.0111,-0.0960,1.1420,-27.525,-22.542,-19.974
946297,1760,1825,1863,-0.0068,-0.1074,1.1517,-29.478,-23.873,-19.972
946307,1607,1853,1872,-0.0008,-0.1191,1.1579,-31.082,-24.957,-19.929
946317,1864,1982,1881,0.0045,-0.1317,1.1580,-32.334,-25.883,-19.814
946327,1830,1965,1908,0.0114,-0.1461,1.1509,-32.930,-26.635,-19.641
946337,1820,1928,1907,0.0149,-0.1566,1.1458,-32.383,-27.473,-19.354
946347,1767,1956,1905,0.0182,-0.1616,1.1454,-30.444,-28.260,-19.001
946357,1598,1876,1858,0.0235,-0.1655,1.1515,-27.487,-29.081,-18.919
946367,2035,2047,1917,0.0309,-0.1688,1.1539,-23.848,-29.583,-19.205
946377,1691,1850,1855,0.0418,-0.1716,1.1668,-19.598,-29.930,-19.717
946387,1984,2010,1913,0.0547,-0.1736,1.1764,-15.093,-30.033,-20.214
946397,1734,1890,1835,0.0647,-0.1752,1.1887,-10.659,-29.718,-20.582
946407,1681,1903,1888,0.0734,-0.1775,1.1934,-6.574,-29.184,-20.846
946417,1705,1845,1822,0.0815,-0.1779,1.1994,-2.925,-28.475,-21.105
946427,1636,1922,1876,0.0906,-0.1774,1.2071,0.376,-27.669,-21.420
946437,1681,1824,1829,0.0992,-0.1750,1.2154,3.425,-26.593,-21.754
946447,1679,1893,1886,0.1049,-0.1694,1.2184,6.098,-25.371,-22.042
946457,1587,1825,1887,0.1084,-0.1602,1.2178,8.330,-23.958,-22.219
946467,1651,1933,1901,0.1120,-0.1536,1.2257,9.932,-22.805,-22.291
946477,1836,1890,1884,0.1146,-0.1536,1.2204,10.735,-21.387,-22.195
946487,1841,1893,1918,0.1201,-0.1529,1.2250,10.613,-20.098,-21.744
946497,1860,1849,1855,0.1245,-0.1542,1.2187,9.484,-18.802,-20.934
946507,1704,1877,1899,0.1286,-0.1534,1.2169,7.597,-17.450,-19.885
946517,1770,1829,1872,0.1309,-0.1503,1.2196,5.110,-16.390,-18.747
946527,1703,1917,1896,0.1327,-0.1495,1.2195,2.354,-15.226,-17.697
946537,1647,1857,1889,0.1349,-0.1526,1.2215,-0.431,-14.061,-16.782
946547,1952,1888,1844,0.1353,-0.1577,1.2189,-3.016,-12.811,-15.918
946557,1824,1839,1876,0.1325,-0.1651,1.2128,-5.248,-11.546,-15.006
946567,1640,1897,1854,0.1301,-0.1749,1.2030,-7.072,-10.401,-14.033
946577,1797,1830,1856,0.1280,-0.1836,1.1942,-8.469,-9.456,-12.968
946587,1658,1860,1844,0.1287,-0.1866,1.1809,-9.454,-8.599,-11.868
946597,1704,1839,1864,0.1286,-0.1920,1.1819,-10.017,-8.026,-10.835
946607,1742,1883,1854,0.1305,-0.1935,1.1780,-10.124,-7.226,-9.885
946617,1663,1860,1914,0.1269,-0.1787,1.1976,-9.527,-6.456,-9.105
946627,1642,1903,1842,0.1297,-0.1970,1.2279,-8.137,-5.395,-9.098
946637,1834,1842,1846,0.1288,-0.2159,1.1984,-4.708,-2.094,-9.076
946647,1735,1904,1831,0.1316,-0.2145,1.2194,-2.135,-0.893,-8.528
946657,1693,1828,1862,0.1147,-0.2180,1.2058,0.162,1.048,-7.733
946667,1722,1908,1849,0.1173,-0.2042,1.1993,2.544,2.348,-6.925
946677,1589,1827,1849,0.1151,-0.2020,1.1962,5.870,3.265,-6.458
946687,1749,1888,1853,0.1157,-0.1996,1.1833,8.752,3.803,-6.376
946697,1706,1855,1824,0.1130,-0.1958,1.1672,11.177,4.827,-6.373
946707,1750,1894,1848,0.1117,-0.1902,1.1690,13.077,4.839,-6.328
946717,1677,1833,1828,0.1066,-0.1868,1.1557,14.534,5.337,-6.245
946727,1716,1893,1852,0.1023,-0.1806,1.1480,15.667,5.513,-5.965
946737,1646,1830,1840,0.0984,-0.1721,1.1399,16.455,5.538,-5.483
946747,1753,1899,1875,0.0957,-0.1675,1.1383,16.840,5.173,-4.897
946757,1655,1836,1813,0.0977,-0.1571,1.1302,16.932,4.837,-4.235
946767,1828,1889,1842,0.1013,-0.1501,1.1311,16.978,4.313,-3.610
946777,1660,1838,1818,0.1035,-0.1455,1.1316,16.930,3.787,-3.162
946787,1722,1891,1857,0.1052,-0.1450,1.1340,17.415,3.598,-2.885
946797,1657,1824,1803,0.1070,-0.1444,1.1323,18.341,3.552,-2.678
946807,1706,1905,1832,0.1093,-0.1361,1.1259,19.353,3.754,-2.501
946817,1654,1826,1886,0.1096,-0.1294,1.1370,20.432,3.604,-2.443
946827,1773,1884,1847,0.1085,-0.1231,1.1298,21.398,3.865,-2.562
946837,1630,1827,1940,0.1070,-0.1183,1.1336,22.144,4.235,-2.816
946847,1694,1872,1913,0.1069,-0.1108,1.1384,22.725,4.138,-3.088
946857,1593,1823,1911,0.1078,-0.1028,1.1397,23.525,4.494,-3.306
946867,1639,1872,1807,0.1081,-0.0973,1.1448,24.134,4.668,-3.538
946877,1615,1822,1900,0.1080,-0.0918,1.1453,24.337,5.001,-3.762
946887,1672,1841,1812,0.1088,-0.0846,1.1499,24.460,5.244,-3.880
946897,1711,1826,1839,0.1069,-0.0791,1.1547,24.333,5.394,-3.911
946907,1662,1867,1881,0.1017,-0.0788,1.1576,23.661,5.525,-3.819
946917,1623,1830,1809,0.1004,-0.0696,1.1567,22.260,5.538,-3.481
946927,1668,1857,1832,0.0987,-0.0621,1.1613,20.516,5.471,-3.081
946937,1655,1824,1810,0.0953,-0.0604,1.1730,18.128,5.022,-2.781
946947,1667,1860,1873,0.0934,-0.0509,1.1640,16.038,5.065,-2.311
946957,1604,1823,1839,0.0935,-0.0473,1.1761,14.068,4.644,-1.858
946967,1713,1870,1892,0.0914,-0.0422,1.1711,12.263,4.358,-1.473
946977,1604,1824,1813,0.0907,-0.0392,1.1719,10.376,4.212,-1.124
946987,1675,1865,1858,0.0874,-0.0357,1.1668,8.322,3.864,-0.783
946997,1592,1824,1813,0.0858,-0.0317,1.1618,6.011,3.605,-0.430
947007,1666,1856,1846,0.0836,-0.0291,1.1549,3.528,3.090,-0.065
947017,1611,1826,1807,0.0810,-0.0281,1.1487,1.098,2.635,0.259
947027,1690,1854,1867,0.0806,-0.0316,1.1448,-1.189,2.046,0.494
947037,1597,1825,1808,0.0812,-0.0359,1.1413,-3.198,1.521,0.613
947047,1623,1865,1844,0.0834,-0.0412,1.1394,-4.971,0.943,0.672
947057,1604,1826,1802,0.0848,-0.0443,1.1348,-6.394,0.500,0.721
947067,1654,1853,1839,0.0845,-0.0459,1.1373,-7.545,0.001,0.723
947077,1594,1824,1802,0.0846,-0.0491,1.1346,-8.496,-0.420,0.576
947087,1589,1869,1841,0.0845,-0.0521,1.1388,-9.284,-0.820,0.307
947097,1586,1823,1804,0.0835,-0.0546,1.1358,-9.808,-1.131,0.031
947107,1594,1856,1831,0.0805,-0.0631,1.1428,-10.378,-1.385,-0.267
947117,1603,1825,1806,0.0802,-0.0695,1.1410,-10.579,-1.468,-0.371
947127,1594,1867,1835,0.0801,-0.0723,1.1402,-10.284,-1.293,-0.288
947137,1607,1827,1808,0.0819,-0.0765,1.1461,-9.789,-1.580,-0.275
947147,1614,1861,1819,0.0836,-0.0822,1.1479,-9.265,-1.642,-0.393
947157,1587,1826,1803,0.0858,-0.0861,1.1518,-8.737,-1.625,-0.507
947167,1590,1855,1820,0.0859,-0.0861,1.1508,-8.199,-1.407,-0.522
947177,1610,1824,1804,0.0850,-0.0848,1.1509,-7.740,-1.205,-0.470
947187,1606,1846,1837,0.0843,-0.0836,1.1489,-7.346,-1.073,-0.422
947197,1610,1827,1804,0.0847,-0.0828,1.1475,-6.974,-0.992,-0.414
947207,1590,1856,1836,0.0858,-0.0813,1.1462,-6.718,-0.950,-0.423
947217,1613,1824,1803,0.0858,-0.0807,1.1444,-6.581,-0.836,-0.438
947227,1623,1846,1811,0.0857,-0.0814,1.1438,-6.488,-0.737,-0.494
947237,1682,1825,1805,0.0863,-0.0834,1.1436,-6.387,-0.590,-0.570
947247,1587,1859,1835,0.0860,-0.0848,1.1425,-6.236,-0.435,-0.641
947257,1591,1826,1804,0.0860,-0.0862,1.1416,-6.011,-0.326,-0.682
947267,1583,1862,1835,0.0870,-0.0867,1.1420,-5.725,-0.271,-0.690
947277,1615,1825,1803,0.0871,-0.0877,1.1415,-5.451,-0.270,-0.670
947287,1583,1854,1863,0.0865,-0.0884,1.1414,-5.242,-0.328,-0.618
947297,1593,1833,1807,0.0863,-0.0893,1.1413,-5.103,-0.410,-0.530
947307,1586,1871,1829,0.0857,-0.0892,1.1399,-5.052,-0.494,-0.391
947317,1626,1827,1804,0.0849,-0.0911,1.1382,-5.097,-0.556,-0.241
947327,1603,1852,1829,0.0845,-0.0901,1.1396,-5.180,-0.681,-0.057
947337,1683,1826,1806,0.0841,-0.0887,1.1380,-5.249,-0.801,0.134
947347,1599,1869,1822,0.0841,-0.0882,1.1404,-5.337,-0.986,0.235
947357,1592,1825,1803,0.0848,-0.0904,1.1402,-5.392,-1.076,0.226
947367,1583,1864,1823,0.0846,-0.0933,1.1390,-5.392,-1.127,0.165
947377,1607,1825,1807,0.0840,-0.0942,1.1401,-5.294,-1.190,0.118
947387,1584,1866,1808,0.0839,-0.0949,1.1418,-5.147,-1.243,0.091
947397,1586,1825,1807,0.0850,-0.0955,1.1413,-5.018,-1.251,0.021
947407,1591,1853,1817,0.0856,-0.0960,1.1414,-4.944,-1.239,-0.036
947417,1598,1827,1806,0.0861,-0.0963,1.1428,-4.956,-1.222,-0.068
947427,1582,1872,1840,0.0859,-0.0975,1.1433,-5.109,-1.160,-0.047
947437,1621,1827,1808,0.0858,-0.0980,1.1438,-5.358,-1.027,0.014
947447,1577,1864,1822,0.0861,-0.0983,1.1435,-5.696,-0.888,0.086
947457,1585,1828,1805,0.0867,-0.0996,1.1436,-6.046,-0.716,0.157
947467,1576,1862,1845,0.0876,-0.1020,1.1433,-6.293,-0.503,0.233
947477,1582,1824,1805,0.0879,-0.1038,1.1431,-6.414,-0.291,0.315
947487,1601,1858,1825,0.0870,-0.1060,1.1420,-6.448,-0.125,0.418
947497,1606,1822,1806,0.0869,-0.1080,1.1402,-6.400,-0.006,0.507
947507,1573,1861,1824,0.0872,-0.1103,1.1385,-6.253,0.043,0.574
947517,1610,1823,1809,0.0866,-0.1117,1.1365,-5.994,0.075,0.623
947527,1574,1868,1826,0.0859,-0.1127,1.1348,-5.606,0.074,0.655
947537,1628,1827,1851,0.0846,-0.1142,1.1339,-5.114,0.068,0.655
947547,1570,1855,1826,0.0840,-0.1152,1.1339,-4.547,0.039,0.622
947557,1629,1824,1807,0.0834,-0.1158,1.1339,-3.899,0.015,0.579
947567,1581,1857,1830,0.0825,-0.1169,1.1357,-3.219,-0.015,0.480
947577,1611,1826,1808,0.0829,-0.1165,1.1362,-2.537,-0.078,0.344
947587,1574,1856,1835,0.0822,-0.1157,1.1373,-1.892,-0.131,0.212
947597,1618,1827,1808,0.0825,-0.1144,1.1360,-1.288,-0.188,0.090
947607,1571,1855,1822,0.0826,-0.1136,1.1350,-0.750,-0.224,-0.007
947617,1612,1823,1815,0.0825,-0.1126,1.1359,-0.293,-0.258,-0.084
947627,1572,1858,1835,0.0825,-0.1114,1.1368,0.090,-0.288,-0.147
947637,1598,1826,1807,0.0824,-0.1113,1.1357,0.400,-0.299,-0.200
947647,1576,1857,1846,0.0820,-0.1103,1.1346,0.669,-0.313,-0.252
947657,1581,1828,1808,0.0821,-0.1077,1.1386,0.915,-0.392,-0.295
947667,1575,1852,1841,0.0830,-0.1045,1.1452,1.090,-0.435,-0.415
947677,1617,1826,1808,0.0842,-0.1026,1.1491,1.156,-0.329,-0.631
947687,1584,1868,1835,0.0849,-0.1011,1.1504,1.107,-0.049,-0.883
947697,1588,1830,1807,0.0834,-0.0983,1.1499,0.899,0.236,-1.140
947707,1592,1874,1827,0.0825,-0.0944,1.1458,0.496,0.522,-1.411
947717,1580,1830,1808,0.0808,-0.0918,1.1416,-0.053,0.747,-1.746
947727,1576,1857,1833,0.0797,-0.0937,1.1398,-0.702,0.801,-2.165
947737,1578,1830,1815,0.0785,-0.0974,1.1360,-1.261,0.851,-2.552
947747,1572,1863,1824,0.0789,-0.1007,1.1364,-1.683,0.790,-2.769
947757,1590,1826,1808,0.0791,-0.1037,1.1368,-2.006,0.657,-2.760
947767,1576,1871,1838,0.0789,-0.1070,1.1384,-2.289,0.465,-2.566
947777,1610,1826,1808,0.0803,-0.1085,1.1386,-2.577,0.244,-2.227
947787,1594,1855,1808,0.0804,-0.1085,1.1387,-2.873,0.046,-1.805
947797,1782,1826,1808,0.0820,-0.1097,1.1396,-3.178,-0.136,-1.357
947807,1606,1873,1818,0.0823,-0.1107,1.1391,-3.485,-0.198,-0.935
947817,1603,1826,1808,0.0829,-0.1106,1.1401,-3.804,-0.195,-0.545
947827,1587,1859,1822,0.0828,-0.1104,1.1399,-4.114,-0.149,-0.184
947837,1620,1827,1808,0.0829,-0.1109,1.1378,-4.391,-0.100,0.139
947847,1578,1868,1828,0.0828,-0.1112,1.1351,-4.620,-0.045,0.392
947857,1606,1826,1808,0.0855,-0.1087,1.1325,-4.808,-0.053,0.545
947867,1569,1877,1835,0.0865,-0.1100,1.1329,-4.996,-0.147,0.548
947877,1596,1827,1809,0.0868,-0.1144,1.1312,-5.214,-0.227,0.500
947887,1572,1859,1824,0.0844,-0.1189,1.1311,-5.351,-0.180,0.544
947897,1623,1826,1807,0.0826,-0.1210,1.1342,-5.383,-0.184,0.751
947907,1576,1866,1825,0.0826,-0.1222,1.1335,-5.186,-0.011,1.031
947917,1626,1832,1809,0.0836,-0.1232,1.1361,-4.905,-0.066,1.262
947927,1604,1866,1821,0.0830,-0.1243,1.1349,-4.632,-0.112,1.382
947937,1562,1833,1808,0.0815,-0.1274,1.1324,-4.344,-0.049,1.417
947947,1615,1865,1821,0.0803,-0.1288,1.1332,-4.066,-0.034,1.449
947957,1610,1835,1811,0.0775,-0.1276,1.1290,-3.544,0.141,1.576
947967,1570,1863,1824,0.0763,-0.1258,1.1353,-2.971,-0.030,1.683
947977,1571,1838,1809,0.0728,-0.1251,1.1325,-2.220,-0.016,1.661
947987,1570,1860,1827,0.0736,-0.1227,1.1356,-1.441,-0.058,1.515
947997,1572,1834,1811,0.0729,-0.1210,1.1332,-0.739,-0.068,1.302
948007,1683,1871,1823,0.0736,-0.1188,1.1375,-0.235,-0.143,1.064
948017,1562,1832,1811,0.0726,-0.1169,1.1372,0.091,-0.152,0.854
948027,1598,1836,1811,0.0735,-0.1129,1.1379,0.253,-0.060,0.701
948037,1567,1834,1809,0.0741,-0.1108,1.1375,0.087,-0.070,0.571
948047,1590,1878,1833,0.0743,-0.1098,1.1388,-0.206,-0.074,0.515
948057,1571,1842,1809,0.0757,-0.1105,1.1430,-0.557,-0.176,0.482
948067,1607,1875,1810,0.0763,-0.1095,1.1395,-0.884,-0.135,0.373
948077,1564,1829,1809,0.0768,-0.1085,1.1386,-1.090,-0.146,0.199
948087,1568,1866,1839,0.0763,-0.1107,1.1415,-1.190,-0.264,-0.001
948097,1716,1832,1810,0.0722,-0.1157,1.1426,-1.355,-0.263,-0.121
948107,1578,1874,1834,0.0704,-0.1173,1.1391,-1.680,-0.129,-0.022
948117,1564,1835,1809,0.0706,-0.1159,1.1391,-2.164,-0.136,0.213
948127,1692,1863,1809,0.0711,-0.1139,1.1394,-2.766,-0.398,0.390
948137,1565,1833,1813,0.0709,-0.1158,1.1384,-3.231,-0.532,0.415
948147,1575,1867,1816,0.0724,-0.1193,1.1379,-3.399,-0.615,0.392
948157,1566,1841,1810,0.0727,-0.1193,1.1364,-3.314,-0.556,0.392
948167,1559,1884,1831,0.0730,-0.1197,1.1365,-3.210,-0.545,0.399
948177,1572,1837,1810,0.0741,-0.1210,1.1365,-3.195,-0.564,0.369
948187,1570,1868,1825,0.0745,-0.1232,1.1373,-3.246,-0.569,0.344
948197,1571,1840,1809,0.0757,-0.1254,1.1367,-3.268,-0.562,0.321
948207,1572,1877,1808,0.0768,-0.1276,1.1383,-3.230,-0.501,0.311
948217,1685,1833,1811,0.0788,-0.1272,1.1371,-3.097,-0.389,0.307
948227,1571,1876,1829,0.0832,-0.1220,1.1310,-2.825,-0.309,0.230
948237,1569,1837,1810,0.0845,-0.1206,1.1374,-2.467,-0.373,-0.038
948247,1571,1874,1836,0.0851,-0.1215,1.1382,-2.175,-0.425,-0.456
948257,1568,1849,1817,0.0834,-0.1244,1.1362,-1.924,-0.151,-0.794
948267,1578,1854,1826,0.0828,-0.1253,1.1386,-1.779,-0.063,-0.908
948277,1576,1836,1814,0.0809,-0.1284,1.1452,-1.809,0.015,-0.833
948287,1577,1875,1877,0.0815,-0.1297,1.1488,-2.115,0.098,-0.577
948297,1566,1838,1814,0.0820,-0.1267,1.1432,-2.458,0.364,-0.175
948307,1566,1874,1824,0.0781,-0.1253,1.1487,-3.050,0.312,0.094
948317,1566,1837,1812,0.0779,-0.1210,1.1398,-3.630,0.488,0.206
948327,1587,1882,1820,0.0782,-0.1176,1.1372,-3.993,0.746,0.175
948337,1563,1842,1974,0.0745,-0.1175,1.1382,-4.277,0.712,0.062
948347,1602,1872,1824,0.0728,-0.1154,1.1292,-4.285,1.098,-0.053
948357,1563,1844,1813,0.0718,-0.1127,1.1304,-4.149,1.125,-0.200
948367,1626,1880,1834,0.0665,-0.1155,1.1392,-4.161,0.801,-0.438
948377,1563,1841,1814,0.0641,-0.1206,1.1335,-4.372,0.828,-0.673
948387,1597,1874,1829,0.0645,-0.1262,1.1321,-4.684,0.865,-0.742
948397,1561,1842,1817,0.0631,-0.1291,1.1349,-5.058,0.578,-0.632
948407,1601,1884,1857,0.0611,-0.1304,1.1325,-5.439,0.429,-0.475
948417,1576,1829,1811,0.0592,-0.1319,1.1307,-5.590,0.284,-0.394
948427,1585,1876,1833,0.0572,-0.1340,1.1331,-5.454,0.054,-0.422
948437,1567,1841,1905,0.0570,-0.1364,1.1306,-5.104,-0.101,-0.486
948447,1595,1888,1825,0.0604,-0.1378,1.1312,-4.727,-0.410,-0.536
948457,1564,1842,1811,0.0634,-0.1407,1.1329,-4.452,-0.814,-0.536
948467,1566,1883,1824,0.0666,-0.1435,1.1345,-4.351,-1.095,-0.504
948477,1571,1834,1818,0.0683,-0.1458,1.1356,-4.372,-1.207,-0.445
948487,1578,1888,1823,0.0701,-0.1469,1.1338,-4.351,-1.218,-0.347
948497,1566,1844,1817,0.0714,-0.1480,1.1321,-4.132,-1.128,-0.243
948507,1581,1878,1838,0.0721,-0.1498,1.1312,-3.689,-1.016,-0.161
948517,1569,1844,1811,0.0731,-0.1504,1.1314,-3.098,-0.906,-0.071
948527,1582,1879,1828,0.0728,-0.1498,1.1327,-2.473,-0.803,0.010
948537,1569,1837,1813,0.0728,-0.1474,1.1342,-1.910,-0.695,0.100
948547,1664,1888,1834,0.0725,-0.1452,1.1353,-1.443,-0.608,0.163
948557,1564,1851,1815,0.0713,-0.1441,1.1346,-1.063,-0.540,0.190
948567,1581,1857,1817,0.0706,-0.1428,1.1347,-0.756,-0.479,0.185
948577,1570,1836,1814,0.0707,-0.1410,1.1358,-0.529,-0.457,0.172
948587,1587,1878,1833,0.0706,-0.1386,1.1353,-0.380,-0.448,0.151
948597,1572,1858,1811,0.0702,-0.1366,1.1367,-0.281,-0.463,0.127
948607,1608,1909,1830,0.0693,-0.1350,1.1369,-0.250,-0.449,0.110
948617,1579,1834,1825,0.0693,-0.1345,1.1360,-0.275,-0.476,0.093
948627,1597,1881,1840,0.0695,-0.1345,1.1355,-0.386,-0.473,0.088
948637,1615,1836,1839,0.0696,-0.1350,1.1342,-0.544,-0.499,0.094
948647,1637,1873,1826,0.0693,-0.1358,1.1338,-0.706,-0.539,0.109
948657,1654,1873,1817,0.0697,-0.1359,1.1319,-0.837,-0.582,0.096
948667,1585,1920,1958,0.0701,-0.1375,1.1332,-0.899,-0.648,0.044
948677,1590,1842,1813,0.0703,-0.1389,1.1322,-0.875,-0.715,-0.020
948687,1632,1893,1829,0.0705,-0.1402,1.1334,-0.783,-0.734,-0.063
948697,1575,1839,1814,0.0714,-0.1413,1.1342,-0.670,-0.733,-0.094
948707,1615,1886,1822,0.0717,-0.1406,1.1349,-0.538,-0.701,-0.100
948717,1572,1837,1820,0.0712,-0.1399,1.1362,-0.397,-0.642,-0.126
948727,1618,1883,1839,0.0711,-0.1367,1.1331,-0.245,-0.619,-0.174
948737,1613,1857,1813,0.0708,-0.1366,1.1352,-0.122,-0.682,-0.306
948747,1609,1886,1844,0.0697,-0.1374,1.1365,-0.066,-0.727,-0.442
948757,1574,1849,1815,0.0691,-0.1353,1.1338,-0.050,-0.651,-0.475
948767,1633,1904,1868,0.0684,-0.1328,1.1345,-0.114,-0.725,-0.429
948777,1571,1846,1844,0.0685,-0.1318,1.1350,-0.325,-0.880,-0.395
948787,1594,1893,1832,0.0691,-0.1333,1.1342,-0.616,-1.022,-0.388
948797,1582,1854,1821,0.0702,-0.1340,1.1359,-0.912,-1.204,-0.344
948807,1609,1891,1838,0.0707,-0.1347,1.1363,-1.202,-1.323,-0.262
948817,1571,1842,1818,0.0713,-0.1361,1.1370,-1.453,-1.387,-0.166
948827,1598,1869,1820,0.0715,-0.1386,1.1369,-1.633,-1.410,-0.064
948837,1574,1840,1816,0.0717,-0.1391,1.1376,-1.736,-1.449,0.031
948847,1616,1897,1827,0.0721,-0.1403,1.1369,-1.776,-1.463,0.115
948857,1576,1846,1824,0.0724,-0.1413,1.1359,-1.745,-1.432,0.165
948867,1616,1892,1843,0.0721,-0.1421,1.1369,-1.659,-1.350,0.194
948877,1578,1848,1813,0.0720,-0.1433,1.1372,-1.518,-1.224,0.193
948887,1630,1902,1861,0.0730,-0.1442,1.1358,-1.342,-1.099,0.195
948897,1582,1844,1814,0.0734,-0.1441,1.1357,-1.140,-0.977,0.187
948907,1616,1894,1836,0.0728,-0.1436,1.1352,-0.927,-0.871,0.184
948917,1575,1843,1849,0.0732,-0.1428,1.1338,-0.687,-0.781,0.162
948927,1597,1869,1814,0.0725,-0.1410,1.1344,-0.470,-0.707,0.130
948937,1580,1858,1817,0.0712,-0.1393,1.1360,-0.291,-0.634,0.103
948947,1629,1902,1821,0.0714,-0.1384,1.1368,-0.193,-0.560,0.069
948957,1577,1853,1816,0.0704,-0.1375,1.1358,-0.167,-0.496,0.041
948967,1659,1890,1835,0.0697,-0.1363,1.1359,-0.232,-0.463,0.017
948977,1580,1848,1821,0.0696,-0.1358,1.1350,-0.346,-0.452,0.004
948987,1627,1900,1839,0.0700,-0.1360,1.1358,-0.496,-0.448,-0.007
948997,1582,1869,1814,0.0703,-0.1357,1.1363,-0.664,-0.450,-0.012
949007,1659,1907,1826,0.0701,-0.1349,1.1353,-0.880,-0.419,0.037
949017,1631,1832,1820,0.0699,-0.1354,1.1353,-1.091,-0.386,0.092
949027,1583,1870,1839,0.0694,-0.1347,1.1338,-1.310,-0.368,0.156
949037,1660,1832,1821,0.0695,-0.1345,1.1349,-1.520,-0.379,0.204
949047,1589,1879,1841,0.0695,-0.1348,1.1350,-1.685,-0.419,0.213
949057,1632,1838,1826,0.0713,-0.1346,1.1326,-1.797,-0.450,0.172
949067,1591,1869,1838,0.0712,-0.1358,1.1360,-1.925,-0.583,0.084
949077,1679,1841,1817,0.0710,-0.1371,1.1353,-1.991,-0.639,0.030
949087,1578,1892,1839,0.0700,-0.1364,1.1335,-2.001,-0.592,0.018
949097,1722,1835,1821,0.0688,-0.1385,1.1359,-2.116,-0.734,-0.032
949107,1588,1897,1837,0.0687,-0.1403,1.1329,-2.166,-0.777,-0.030
949117,1588,1835,1821,0.0688,-0.1404,1.1345,-2.233,-0.968,0.020
949127,1591,1876,1830,0.0688,-0.1415,1.1342,-2.242,-1.097,0.048
949137,1584,1845,1820,0.0706,-0.1423,1.1354,-2.223,-1.198,0.032
949147,1580,1886,1833,0.0707,-0.1442,1.1352,-2.141,-1.263,0.022
949157,1577,1841,1821,0.0712,-0.1457,1.1365,-1.994,-1.269,0.066
949167,1579,1878,1825,0.0720,-0.1459,1.1360,-1.867,-1.262,0.150
949177,1586,1845,1820,0.0724,-0.1456,1.1361,-1.758,-1.215,0.268
949187,1579,1885,1836,0.0723,-0.1458,1.1357,-1.648,-1.194,0.376
949197,1619,1839,1819,0.0725,-0.1466,1.1347,-1.521,-1.132,0.476
949207,1577,1871,1838,0.0719,-0.1464,1.1340,-1.379,-1.056,0.573
949217,1624,1841,1820,0.0712,-0.1458,1.1333,-1.191,-0.959,0.660
949227,1608,1873,1854,0.0705,-0.1446,1.1331,-0.968,-0.864,0.698
949237,1607,1841,1826,0.0694,-0.1433,1.1329,-0.731,-0.796,0.684
949247,1578,1876,1835,0.0704,-0.1416,1.1343,-0.510,-0.755,0.609
