846857,1749,1861,1911,0.0431,-0.0902,1.1414,-1.012,-0.766,-0.069
846867,1874,1834,1856,0.0430,-0.0916,1.1426,-1.208,-0.799,-0.121
846877,1731,1864,1920,0.0437,-0.0945,1.1440,-1.337,-0.876,-0.161
846887,1955,1835,1835,0.0435,-0.0958,1.1435,-1.398,-0.887,-0.177
846897,1714,1863,1918,0.0436,-0.0971,1.1428,-1.415,-0.932,-0.169
846907,1819,1834,1842,0.0430,-0.0969,1.1408,-1.300,-0.904,-0.145
846917,1813,1859,1900,0.0430,-0.0959,1.1421,-1.119,-0.957,-0.136
846927,1822,1835,1856,0.0427,-0.0969,1.1417,-0.903,-1.000,-0.149
846937,1744,1863,1909,0.0422,-0.0974,1.1418,-0.758,-1.071,-0.122
846947,1841,1834,1844,0.0421,-0.0982,1.1421,-0.732,-1.098,-0.031
846957,1806,1864,1920,0.0425,-0.0981,1.1428,-0.833,-1.142,0.099
846967,1860,1836,1863,0.0436,-0.0973,1.1431,-0.962,-1.215,0.216
846977,1677,1874,1924,0.0458,-0.0978,1.1430,-1.020,-1.261,0.290
846987,1809,1840,1873,0.0470,-0.0973,1.1440,-0.921,-1.254,0.319
846997,1771,1870,1907,0.0474,-0.0968,1.1452,-0.706,-1.168,0.314
847007,1884,1838,1846,0.0473,-0.0971,1.1455,-0.480,-1.031,0.285
847017,1766,1873,1911,0.0468,-0.0974,1.1440,-0.331,-0.873,0.255
847027,1813,1836,1856,0.0460,-0.0966,1.1427,-0.270,-0.741,0.251
847037,1767,1865,1897,0.0457,-0.0952,1.1421,-0.255,-0.665,0.251
847047,2035,1836,1882,0.0462,-0.0928,1.1429,-0.204,-0.616,0.207
847057,1767,1864,1917,0.0463,-0.0913,1.1435,-0.121,-0.527,0.139
847067,1844,1840,1857,0.0457,-0.0904,1.1445,-0.033,-0.436,0.074
847077,1786,1855,1906,0.0444,-0.0891,1.1448,-0.039,-0.353,0.012
847087,1872,1836,1840,0.0431,-0.0883,1.1423,-0.195,-0.276,-0.021
847097,1772,1863,1905,0.0419,-0.0885,1.1421,-0.480,-0.256,-0.037
847107,1842,1839,1854,0.0408,-0.0880,1.1408,-0.823,-0.289,-0.056
847117,1674,1869,1903,0.0415,-0.0896,1.1406,-1.120,-0.378,-0.079
847127,1848,1836,1853,0.0418,-0.0897,1.1410,-1.347,-0.491,-0.107
847137,1788,1861,1901,0.0422,-0.0909,1.1412,-1.514,-0.576,-0.143
847147,1848,1834,1848,0.0426,-0.0924,1.1419,-1.652,-0.651,-0.168
847157,1790,1865,1902,0.0426,-0.0946,1.1405,-1.795,-0.680,-0.159
847167,1858,1839,1858,0.0430,-0.0970,1.1402,-1.924,-0.696,-0.127
847177,1784,1859,1910,0.0424,-0.0996,1.1398,-1.982,-0.720,-0.079
847187,1859,1838,1852,0.0422,-0.0996,1.1389,-1.948,-0.751,-0.035
847197,1782,1873,1905,0.0420,-0.0989,1.1374,-1.783,-0.797,-0.011
847207,1848,1837,1844,0.0427,-0.0989,1.1370,-1.511,-0.843,-0.011
847217,1771,1877,1913,0.0426,-0.0973,1.1363,-1.214,-0.895,-0.024
847227,1848,1839,1867,0.0429,-0.0961,1.1361,-0.975,-0.946,-0.049
847237,1774,1871,1906,0.0431,-0.0948,1.1369,-0.840,-0.999,-0.065
847247,1859,1838,1860,0.0428,-0.0951,1.1382,-0.802,-1.041,-0.075
847257,1769,1868,1904,0.0431,-0.0949,1.1381,-0.815,-1.054,-0.073
847267,1850,1840,1849,0.0432,-0.0954,1.1382,-0.837,-1.068,-0.084
847277,1768,1870,1907,0.0427,-0.0955,1.1402,-0.835,-1.091,-0.100
847287,1853,1839,1854,0.0428,-0.0954,1.1420,-0.832,-1.139,-0.108
847297,1725,1870,1903,0.0426,-0.0963,1.1415,-0.854,-1.185,-0.091
847307,1853,1834,1840,0.0432,-0.0965,1.1414,-0.908,-1.250,-0.050
847317,1751,1870,1904,0.0447,-0.0978,1.1419,-0.973,-1.309,0.012
847327,1838,1842,1861,0.0456,-0.0984,1.1425,-1.011,-1.323,0.059
847337,1746,1874,1918,0.0458,-0.0990,1.1436,-0.971,-1.317,0.122
847347,1831,1839,1852,0.0463,-0.1004,1.1435,-0.830,-1.276,0.157
847357,1671,1875,1905,0.0466,-0.1005,1.1427,-0.624,-1.211,0.170
847367,1820,1834,1848,0.0464,-0.1006,1.1419,-0.383,-1.126,0.164
847377,1764,1874,1905,0.0466,-0.0996,1.1398,-0.144,-1.028,0.148
847387,1795,1838,1849,0.0463,-0.0986,1.1390,0.080,-0.941,0.143
847397,1766,1869,1900,0.0451,-0.0977,1.1389,0.285,-0.885,0.143
847407,1811,1842,1857,0.0452,-0.0956,1.1400,0.461,-0.875,0.122
847417,1762,1873,1904,0.0457,-0.0929,1.1413,0.603,-0.884,0.056
847427,1828,1840,1855,0.0456,-0.0906,1.1436,0.707,-0.876,-0.040
847437,1777,1865,1890,0.0467,-0.0888,1.1464,0.713,-0.844,-0.153
847447,1755,1837,1840,0.0468,-0.0872,1.1457,0.581,-0.772,-0.264
847457,1729,1869,1905,0.0460,-0.0857,1.1464,0.314,-0.700,-0.364
847467,1842,1836,1852,0.0458,-0.0858,1.1435,0.019,-0.593,-0.495
847477,1733,1861,1900,0.0451,-0.0897,1.1397,-0.182,-0.467,-0.689
847487,1816,1839,1849,0.0444,-0.0948,1.1375,-0.203,-0.401,-0.866
847497,1720,1870,1918,0.0436,-0.0978,1.1356,-0.048,-0.430,-0.968
847507,1811,1836,1862,0.0420,-0.0977,1.1348,0.274,-0.484,-0.979
847517,1681,1871,1907,0.0413,-0.0960,1.1365,0.726,-0.615,-0.997
847527,1846,1836,1844,0.0414,-0.0952,1.1373,1.250,-0.770,-1.110
847537,1701,1850,1903,0.0420,-0.0931,1.1378,1.853,-0.868,-1.277
847547,1803,1841,1857,0.0411,-0.0925,1.1371,2.494,-0.905,-1.511
847557,1796,1861,1907,0.0385,-0.0918,1.1330,3.207,-0.841,-1.852
847567,1872,1836,1846,0.0375,-0.0959,1.1326,3.990,-0.877,-2.344
847577,1748,1866,1907,0.0380,-0.0992,1.1333,4.868,-1.030,-2.840
847587,1819,1839,1853,0.0407,-0.1005,1.1364,5.814,-1.244,-3.219
847597,1802,1865,1905,0.0425,-0.0996,1.1377,6.831,-1.422,-3.531
847607,1885,1842,1859,0.0443,-0.0985,1.1432,7.968,-1.468,-3.822
847617,1783,1856,1912,0.0463,-0.0965,1.1490,9.086,-1.360,-4.086
847627,1855,1838,1872,0.0471,-0.0916,1.1480,10.086,-0.994,-4.342
847637,1781,1859,1906,0.0469,-0.0868,1.1471,10.908,-0.667,-4.596
847647,1899,1838,1870,0.0461,-0.0827,1.1459,11.543,-0.394,-4.857
847657,1812,1854,1926,0.0457,-0.0791,1.1445,11.970,-0.172,-5.098
847667,1720,1838,1862,0.0460,-0.0759,1.1455,12.236,-0.043,-5.276
847677,2435,1944,1965,0.0452,-0.0706,1.1459,12.402,0.118,-5.384
847687,1830,1836,1862,0.0456,-0.0644,1.1468,12.534,0.292,-5.470
847697,2029,1866,1939,0.0435,-0.0575,1.1432,12.730,0.484,-5.649
847707,1971,1840,1866,0.0425,-0.0538,1.1439,13.101,0.561,-6.040
847717,2066,1859,1938,0.0422,-0.0569,1.1366,13.597,0.541,-6.619
847727,2000,1837,1871,0.0432,-0.0629,1.1379,14.230,0.439,-7.121
847737,1900,1842,1911,0.0438,-0.0648,1.1392,14.844,0.186,-7.277
847747,2504,1956,1821,0.0439,-0.0625,1.1405,15.360,0.067,-7.028
847757,1919,1853,1910,0.0440,-0.0551,1.1435,15.608,-0.224,-6.573
847767,2156,1871,1830,0.0431,-0.0488,1.1396,15.680,-0.307,-6.139
847777,1902,1850,1921,0.0411,-0.0445,1.1422,15.648,-0.513,-5.858
847787,1963,1838,1869,0.0401,-0.0433,1.1473,15.675,-0.738,-5.736
847797,1888,1849,1908,0.0426,-0.0466,1.1507,15.680,-0.927,-5.752
847807,1955,1841,1868,0.0451,-0.0470,1.1569,15.600,-0.986,-5.752
847817,1861,1839,1905,0.0500,-0.0414,1.1739,15.429,-1.058,-5.530
847827,1935,1841,1859,0.0553,-0.0339,1.1740,15.054,-0.475,-5.143
847837,1860,1850,1931,0.0540,-0.0215,1.1668,14.689,0.370,-4.664
847847,2052,1844,1861,0.0540,-0.0179,1.1558,14.367,0.966,-4.222
847857,1888,1841,1921,0.0497,-0.0118,1.1470,14.072,1.384,-3.753
847867,1972,1842,1856,0.0440,-0.0078,1.1409,13.546,1.541,-3.330
847877,1874,1843,1916,0.0399,-0.0055,1.1349,12.824,1.592,-3.090
847887,1912,1842,1876,0.0380,-0.0055,1.1326,12.001,1.403,-3.054
847897,1900,1850,1933,0.0381,-0.0054,1.1316,11.383,1.130,-3.187
847907,1963,1839,1854,0.0392,-0.0051,1.1318,11.205,0.833,-3.419
847917,1855,1854,1942,0.0393,-0.0041,1.1332,11.564,0.516,-3.657
847927,1962,1840,1864,0.0403,-0.0014,1.1368,12.243,0.191,-3.891
847937,1829,1839,1930,0.0402,0.0013,1.1390,12.863,-0.096,-4.061
847947,2002,1840,1862,0.0399,0.0067,1.1401,13.200,-0.328,-4.138
847957,1867,1845,1909,0.0383,0.0128,1.1394,13.135,-0.575,-4.124
847967,1906,1845,1868,0.0357,0.0184,1.1390,12.674,-0.864,-4.037
847977,1853,1846,1909,0.0353,0.0214,1.1372,11.974,-1.315,-3.896
847987,1946,1847,1862,0.0347,0.0240,1.1351,11.221,-1.726,-3.755
847997,1882,1844,1919,0.0338,0.0261,1.1346,10.470,-2.205,-3.685
848007,1979,1842,1863,0.0338,0.0253,1.1336,9.818,-2.684,-3.713
848017,1860,1840,1920,0.0346,0.0253,1.1335,9.321,-3.212,-3.806
848027,1945,1840,1875,0.0362,0.0257,1.1355,8.975,-3.778,-3.909
848037,1830,1846,1915,0.0377,0.0272,1.1375,8.730,-4.350,-3.980
848047,1932,1841,1859,0.0401,0.0290,1.1417,8.435,-4.941,-4.010
848057,1841,1852,1916,0.0429,0.0321,1.1471,7.986,-5.417,-3.996
848067,1915,1840,1868,0.0455,0.0348,1.1504,7.289,-5.733,-3.934
848077,1831,1846,1913,0.0489,0.0371,1.1558,6.418,-5.966,-3.783
848087,1941,1840,1852,0.0504,0.0395,1.1559,5.351,-5.945,-3.576
848097,1822,1846,1918,0.0513,0.0364,1.1554,4.158,-5.842,-3.328
848107,1864,1839,1859,0.0507,0.0319,1.1534,2.949,-5.721,-3.040
848117,1804,1853,1915,0.0518,0.0279,1.1553,1.844,-5.693,-2.700
848127,1902,1842,1850,0.0549,0.0245,1.1601,0.896,-5.814,-2.355
848137,1802,1853,1939,0.0589,0.0207,1.1574,0.124,-5.862,-2.063
848147,1990,1841,1850,0.0616,0.0163,1.1553,-0.278,-5.905,-1.709
848157,1840,1855,1936,0.0622,0.0168,1.1510,-0.278,-5.920,-1.172
848167,1973,1844,1853,0.0636,0.0182,1.1526,0.046,-5.890,-0.474
848177,1848,1853,1934,0.0649,0.0196,1.1570,0.352,-5.920,0.288
848187,1926,1844,1837,0.0653,0.0200,1.1585,0.416,-5.752,1.100
848197,1852,1849,1946,0.0658,0.0242,1.1597,0.120,-5.610,1.958
848207,1897,1845,1840,0.0654,0.0303,1.1602,-0.494,-5.547,2.752
848217,1841,1861,1945,0.0650,0.0346,1.1595,-1.280,-5.465,3.403
848227,1917,1840,1840,0.0651,0.0368,1.1589,-2.345,-5.373,3.811
848237,1816,1848,1931,0.0665,0.0383,1.1605,-3.472,-5.304,4.103
848247,2029,1856,1842,0.0680,0.0381,1.1606,-4.677,-5.155,4.270
848257,1893,1851,1926,0.0697,0.0374,1.1639,-5.962,-5.032,4.378
848267,1901,1847,1864,0.0709,0.0363,1.1670,-7.298,-4.888,4.458
848277,1769,1870,1937,0.0715,0.0357,1.1748,-8.783,-4.830,4.489
848287,1930,1847,1855,0.0748,0.0333,1.1743,-10.275,-4.552,4.402
848297,1885,1861,1935,0.0773,0.0292,1.1813,-11.784,-4.253,4.138
848307,1957,1844,1853,0.0791,0.0284,1.1838,-13.135,-4.002,3.822
848317,1884,1868,1932,0.0802,0.0276,1.1849,-14.482,-3.567,3.480
848327,1966,1868,1855,0.0809,0.0257,1.1851,-15.911,-3.033,3.081
848337,1884,1840,1910,0.0816,0.0235,1.1840,-17.438,-2.490,2.686
848347,1912,1874,1838,0.0809,0.0206,1.1802,-18.998,-1.990,2.408
848357,1780,1859,1958,0.0794,0.0199,1.1823,-20.654,-1.599,2.329
848367,1878,1851,1838,0.0784,0.0190,1.1820,-22.472,-1.308,2.448
848377,1906,1883,1964,0.0777,0.0165,1.1854,-24.630,-0.975,2.766
848387,1862,1839,1812,0.0744,0.0154,1.1905,-27.297,-0.784,3.305
848397,1861,1857,1953,0.0735,0.0149,1.1928,-30.557,-0.443,4.020
848407,1895,1850,1810,0.0748,0.0130,1.2014,-34.728,-0.379,4.805
848417,1764,1844,1926,0.0763,0.0079,1.2077,-39.835,-0.365,5.615
848427,1925,1900,1810,0.0807,0.0014,1.2116,-45.766,-0.261,6.482
848437,1863,1875,1906,0.0855,-0.0096,1.2088,-52.165,-0.136,7.523
848447,1942,1847,1808,0.0900,-0.0165,1.2051,-58.581,-0.160,8.771
848457,1764,1909,1905,0.0929,-0.0290,1.1953,-64.841,-0.092,10.105
848467,1947,1904,1819,0.0940,-0.0452,1.1858,-70.572,-0.047,11.485
848477,1828,1948,1935,0.0933,-0.0664,1.1764,-75.367,-0.004,12.861
848487,2048,1854,1908,0.0917,-0.0912,1.1670,-78.960,0.105,14.141
848497,1781,1884,1974,0.0911,-0.1185,1.1521,-81.451,0.179,15.262
848507,1818,1840,1874,0.0910,-0.1496,1.1464,-83.162,-0.079,16.163
848517,1524,1906,1911,0.0896,-0.1792,1.1408,-83.952,-0.591,17.019
848527,1837,1840,1847,0.0867,-0.2010,1.1369,-83.624,-1.161,17.983
848537,1863,1856,1893,0.0850,-0.2203,1.1374,-82.024,-1.951,19.058
848547,1832,1855,1839,0.0835,-0.2339,1.1392,-79.244,-2.705,20.168
848557,1731,1856,1863,0.0823,-0.2429,1.1439,-75.215,-3.376,21.162
848567,1822,1875,1843,0.0824,-0.2515,1.1496,-70.113,-3.979,21.870
848577,1674,1857,1865,0.0861,-0.2597,1.1574,-64.286,-4.378,22.190
848587,1860,1938,1816,0.0878,-0.2673,1.1661,-58.146,-4.697,22.181
848597,1668,1947,1844,0.0890,-0.2764,1.1707,-52.175,-4.754,21.897
848607,1970,1942,1808,0.0905,-0.2856,1.1764,-46.577,-4.826,21.465
848617,1894,1922,1855,0.0912,-0.2945,1.1816,-41.397,-4.858,20.990
848627,2249,1978,1815,0.0904,-0.3025,1.1888,-36.719,-4.823,20.551
848637,1930,1948,1811,0.0901,-0.3090,1.1930,-32.332,-4.638,20.184
848647,1965,1983,1899,0.0904,-0.3125,1.1989,-27.989,-4.380,19.877
848657,1940,1946,1819,0.0887,-0.3151,1.2100,-23.621,-4.021,19.574
848667,1946,1981,1861,0.0876,-0.3138,1.2219,-19.117,-3.384,19.186
848677,1893,1920,1809,0.0928,-0.3160,1.2325,-14.635,-2.385,18.616
848687,2143,2026,1864,0.0998,-0.3230,1.2399,-10.215,-0.945,17.985
848697,1770,1899,1839,0.1074,-0.3312,1.2467,-5.895,1.044,17.588
848707,1711,1868,1807,0.1130,-0.3387,1.2380,-1.916,3.563,17.650
848717,1884,1847,1818,0.1157,-0.3423,1.2348,1.799,5.878,18.172
848727,1822,1866,1838,0.1182,-0.3464,1.2298,5.320,7.887,18.930
848737,1682,1844,1823,0.1169,-0.3503,1.2251,8.669,9.939,19.687
848747,2079,1875,1867,0.1158,-0.3498,1.2214,11.886,11.721,20.462
848757,1832,1841,1826,0.1125,-0.3452,1.2117,15.096,13.588,21.278
848767,1755,1847,1864,0.1105,-0.3412,1.2035,18.309,15.256,22.097
848777,1747,1838,1807,0.1065,-0.3381,1.1937,21.445,16.866,22.987
848787,1808,1876,1898,0.0995,-0.3311,1.1842,24.294,18.405,24.066
848797,1665,1840,1808,0.0907,-0.3195,1.1755,26.652,19.700,25.295
848807,1996,1851,1862,0.0802,-0.3083,1.1638,28.368,20.822,26.463
848817,1686,1839,1808,0.0679,-0.2967,1.1486,29.523,21.710,27.534
848827,1737,1864,1893,0.0532,-0.2852,1.1290,30.148,22.347,28.526
848837,1608,1841,1810,0.0384,-0.2756,1.1112,30.425,22.595,29.456
848847,1666,1865,1876,0.0233,-0.2652,1.0902,30.371,22.359,30.334
848857,1537,1846,1826,0.0067,-0.2551,1.0655,30.040,21.762,31.117
848867,1747,1901,1889,-0.0084,-0.2466,1.0410,29.592,20.549,31.777
848877,1539,1853,1812,-0.0225,-0.2410,1.0123,29.023,18.791,32.264
848887,1639,1887,1850,-0.0362,-0.2394,0.9918,28.293,16.147,32.623
848897,1591,1880,1836,-0.0502,-0.2351,0.9689,27.278,12.817,32.990
848907,1490,1843,1835,-0.0633,-0.2277,0.9496,26.025,8.856,33.439
848917,1567,1843,1818,-0.0739,-0.2188,0.9373,24.818,4.110,33.824
848927,1508,1852,1856,-0.0834,-0.2105,0.9289,23.797,-1.122,34.001
848937,1682,1847,1810,-0.0908,-0.2024,0.9261,22.949,-6.674,33.912
848947,1637,1852,1945,-0.0956,-0.1926,0.9295,22.232,-12.414,33.581
848957,1531,1875,1937,-0.1009,-0.1745,0.9373,21.571,-18.226,33.062
848967,1644,1861,1863,-0.1047,-0.1508,0.9435,21.079,-23.726,32.274
848977,1581,1872,1851,-0.1038,-0.1343,0.9454,20.859,-28.887,30.996
848987,1674,1852,1974,-0.0990,-0.1263,0.9470,20.947,-33.742,29.237
848997,1766,1842,1843,-0.0920,-0.1256,0.9561,20.983,-38.673,27.327
849007,1633,1866,1915,-0.0836,-0.1262,0.9640,20.629,-43.424,25.623
849017,1534,1840,1830,-0.0751,-0.1207,0.9763,19.669,-47.876,24.201
849027,1710,1852,1882,-0.0651,-0.1133,0.9881,18.127,-52.004,22.869
849037,1504,1849,1878,-0.0547,-0.1058,0.9911,16.207,-55.446,21.456
849047,1619,1848,1975,-0.0439,-0.0972,0.9983,14.227,-58.525,19.921
849057,1587,1860,1986,-0.0342,-0.0915,1.0030,12.618,-61.296,18.084
849067,1500,1863,2045,-0.0211,-0.0925,1.0073,11.862,-63.587,15.809
849077,1498,1872,2094,-0.0072,-0.0953,1.0136,12.136,-65.520,13.160
849087,1695,1889,1999,0.0078,-0.0987,1.0194,13.580,-66.868,10.422
849097,1536,1841,1814,0.0250,-0.1031,1.0316,15.936,-67.862,7.762
849107,1629,1869,1962,0.0433,-0.1068,1.0427,18.959,-68.158,5.336
849117,1604,1841,1986,0.0608,-0.1081,1.0601,22.363,-67.816,3.253
849127,1593,1894,2067,0.0766,-0.1058,1.0791,25.780,-66.866,1.581
849137,1510,1840,1910,0.0910,-0.1001,1.0918,28.949,-65.148,0.291
849147,1539,1857,1985,0.1059,-0.0947,1.1092,31.556,-63.118,-0.769
849157,1556,1867,1945,0.1183,-0.0902,1.1197,33.462,-60.645,-1.796
849167,1535,1858,1971,0.1333,-0.0849,1.1352,34.719,-57.925,-2.759
849177,1531,1850,1808,0.1488,-0.0778,1.1523,35.440,-54.901,-3.655
849187,1628,1841,1842,0.1646,-0.0740,1.1652,35.616,-51.370,-4.501
849197,1501,1845,1828,0.1786,-0.0732,1.1791,35.121,-47.551,-5.206
849207,1532,1896,1810,0.1890,-0.0724,1.1921,33.889,-43.443,-5.585
849217,1507,1843,1813,0.1995,-0.0687,1.1983,32.007,-38.980,-5.543
849227,1612,1867,1820,0.2087,-0.0649,1.2034,29.605,-34.369,-5.128
849237,1673,1903,1832,0.2156,-0.0627,1.2066,26.668,-29.744,-4.489
849247,1519,1856,1842,0.2203,-0.0595,1.2052,23.288,-25.133,-3.724
849257,1506,1846,1835,0.2226,-0.0569,1.2017,19.664,-20.601,-2.888
849267,1585,1841,1835,0.2251,-0.0565,1.1992,15.891,-16.350,-2.057
849277,1510,1841,1856,0.2247,-0.0545,1.1902,12.115,-12.319,-1.240
849287,1529,1869,1884,0.2241,-0.0555,1.1829,8.564,-8.600,-0.436
849297,1574,1854,1888,0.2230,-0.0563,1.1737,5.330,-5.224,0.316
849307,1500,1869,1895,0.2197,-0.0565,1.1611,2.518,-2.044,1.068
849317,1514,1850,1824,0.2159,-0.0577,1.1500,0.086,0.739,1.779
849327,1507,1863,1944,0.2119,-0.0568,1.1373,-1.875,3.198,2.414
849337,1522,1843,1821,0.2077,-0.0556,1.1262,-3.417,5.257,2.990
849347,1591,1874,1813,0.2046,-0.0553,1.1131,-4.587,6.924,3.458
849357,1534,1858,1825,0.2007,-0.0561,1.1009,-5.284,8.169,3.845
849367,1521,1868,1837,0.1981,-0.0569,1.0925,-5.550,8.937,4.160
849377,1535,1841,1819,0.1962,-0.0576,1.0849,-5.523,9.356,4.404
849387,1529,1895,1814,0.1940,-0.0590,1.0811,-5.214,9.560,4.566
849397,1574,1844,1867,0.1909,-0.0587,1.0774,-4.680,9.512,4.690
849407,1522,1842,1810,0.1878,-0.0578,1.0736,-3.858,9.396,4.734
849417,1502,1840,1853,0.1864,-0.0572,1.0726,-2.781,9.021,4.684
849427,1562,1888,1810,0.1848,-0.0568,1.0712,-1.464,8.493,4.532
849437,1528,1872,1854,0.1847,-0.0568,1.0729,0.004,7.784,4.282
849447,1534,1878,1816,0.1854,-0.0556,1.0763,1.473,6.977,3.960
849457,1521,1866,1808,0.1868,-0.0545,1.0764,2.859,6.204,3.641
849467,1526,1903,1823,0.1875,-0.0529,1.0776,4.123,5.378,3.352
849477,1579,1856,1836,0.1886,-0.0523,1.0787,5.278,4.455,3.115
849487,1524,1872,1825,0.1897,-0.0497,1.0779,6.318,3.463,2.945
849497,1524,1849,1892,0.1918,-0.0489,1.0766,7.167,2.400,2.809
849507,1578,1847,1819,0.1930,-0.0494,1.0752,7.733,1.311,2.714
849517,1660,1850,1852,0.1926,-0.0486,1.0768,7.922,0.117,2.741
849527,1545,1871,1835,0.1925,-0.0470,1.0777,7.725,-1.152,2.887
849537,1512,1883,1900,0.1918,-0.0444,1.0764,7.259,-2.490,3.079
849547,1510,1854,1932,0.1931,-0.0435,1.0794,6.694,-3.950,3.278
849557,1513,1930,1887,0.1956,-0.0428,1.0848,6.130,-5.430,3.427
849567,1684,1860,1813,0.1991,-0.0420,1.0894,5.704,-6.780,3.492
849577,1874,1906,1901,0.2033,-0.0411,1.0919,5.524,-7.944,3.488
849587,1784,2183,1812,0.2054,-0.0414,1.0849,5.707,-8.866,3.413
849597,1790,1888,1833,0.2097,-0.0430,1.0766,6.414,-9.845,3.347
849607,1663,1923,1857,0.2146,-0.0438,1.0713,7.629,-10.944,3.335
849617,1609,1929,1964,0.2190,-0.0457,1.0720,9.370,-12.075,3.363
849627,1680,1876,1826,0.2195,-0.0379,1.0813,11.553,-13.020,3.400
849637,1821,1874,1837,0.2175,-0.0094,1.1108,14.315,-13.699,3.176
849647,1649,1930,1836,0.2218,0.0277,1.1557,17.687,-13.710,2.261
849657,1646,1846,1866,0.2313,0.0529,1.1910,21.793,-12.376,0.216
849667,2055,1970,1937,0.2382,0.0637,1.2019,26.388,-9.917,-2.609
849677,1585,1876,1852,0.2424,0.0602,1.2043,30.941,-7.026,-5.191
849687,1897,1877,1827,0.2462,0.0252,1.1916,34.070,-4.674,-6.669
849697,1779,1878,1825,0.2497,-0.0221,1.1717,34.158,-3.029,-6.272
849707,1854,1974,1857,0.2469,-0.0287,1.1565,30.026,-2.754,-3.720
849717,3132,1977,1835,0.2412,0.0035,1.1447,22.450,-3.079,-0.109
849727,2665,2003,1819,0.2396,0.0244,1.1384,13.912,-3.593,2.015
849737,2674,1960,1896,0.2457,0.0249,1.1407,6.937,-4.041,1.711
849747,1752,1908,1857,0.2532,0.0171,1.1525,2.651,-4.227,-0.105
849757,1807,1855,1879,0.2538,0.0108,1.1636,1.185,-4.030,-2.316
849767,1658,1842,1919,0.2527,-0.0026,1.1705,2.100,-3.084,-4.357
849777,1968,2472,2017,0.2539,-0.0233,1.1822,4.776,-1.800,-5.729
849787,1519,1856,1818,0.2560,-0.0363,1.1766,8.237,-0.007,-6.005
849797,1797,1887,1826,0.2464,-0.0184,1.1444,12.362,2.090,-4.477
849807,2250,1863,2087,0.2395,0.0034,1.1260,16.495,3.285,-3.196
849817,1728,1990,1990,0.2325,0.0225,1.1186,20.264,3.668,-2.745
849827,1993,1934,1868,0.2300,0.0406,1.1288,23.188,3.614,-3.092
849837,1503,1871,1821,0.2251,0.0513,1.1321,24.623,3.633,-3.923
849847,1957,1896,1855,0.2179,0.0596,1.1326,24.483,3.777,-4.757
849857,1623,1841,1872,0.2133,0.0624,1.1310,23.262,3.555,-5.241
849867,1667,1857,1815,0.2111,0.0616,1.1249,21.753,3.264,-5.385
849877,1576,1853,1868,0.2109,0.0611,1.1226,20.315,2.766,-5.267
849887,1706,1858,1832,0.2092,0.0677,1.1168,19.219,2.304,-4.978
849897,1901,1843,1834,0.2067,0.0750,1.1135,18.474,1.848,-4.712
849907,2558,1954,1901,0.2073,0.0790,1.1193,17.768,1.212,-4.613
849917,1986,1845,1926,0.2062,0.0837,1.1168,16.796,0.767,-4.642
849927,1518,1891,2148,0.2055,0.0845,1.1203,15.555,0.324,-4.785
849937,1637,1842,2078,0.2059,0.0846,1.1268,14.097,-0.277,-4.972
849947,1713,1939,1826,0.2069,0.0847,1.1282,12.717,-0.574,-5.153
849957,1589,1864,1811,0.2097,0.0835,1.1327,11.627,-0.837,-5.354
849967,1517,1842,1828,0.2128,0.0826,1.1325,10.812,-0.974,-5.553
849977,1576,1894,1838,0.2130,0.0825,1.1267,10.370,-0.854,-5.666
849987,1608,1857,1826,0.2128,0.0827,1.1195,10.132,-0.768,-5.683
849997,1638,1904,1859,0.2123,0.0833,1.1155,9.939,-0.821,-5.614
850007,1520,1857,1812,0.2108,0.0853,1.1112,9.737,-0.948,-5.457
850017,1859,1845,1879,0.2090,0.0871,1.1097,9.520,-1.112,-5.281
850027,2250,1853,1817,0.2086,0.0876,1.1175,9.223,-1.344,-5.110
850037,1544,2111,1837,0.2067,0.0911,1.1183,8.800,-1.354,-4.934
850047,1540,1843,1820,0.2074,0.0926,1.1214,8.447,-1.215,-4.765
850057,2681,1942,1820,0.2094,0.0913,1.1253,7.995,-1.175,-4.621
850067,1811,1854,1832,0.2096,0.0920,1.1244,7.475,-0.875,-4.421
850077,1527,1856,1811,0.2114,0.0887,1.1217,6.822,-0.618,-4.181
850087,1645,1844,1816,0.2118,0.0851,1.1198,6.152,-0.374,-3.910
850097,1658,1919,1986,0.2119,0.0843,1.1181,5.536,-0.164,-3.583
850107,2333,1887,1814,0.2128,0.0837,1.1148,5.191,0.121,-3.276
850117,1582,1851,1962,0.2133,0.0799,1.1165,5.044,0.302,-2.997
850127,1743,1855,1834,0.2125,0.0790,1.1118,5.054,0.693,-2.669
850137,1519,1919,1926,0.2097,0.0774,1.1099,5.151,1.069,-2.243
850147,1506,1970,2227,0.2045,0.0744,1.1024,5.281,1.378,-1.807
850157,1981,1901,1832,0.1979,0.0806,1.0925,5.629,1.621,-1.436
850167,1729,1963,1842,0.1979,0.0753,1.0929,6.402,1.439,-1.363
850177,1575,1949,1857,0.1997,0.0638,1.0987,7.448,1.015,-1.266
850187,1934,1876,1953,0.1991,0.0693,1.1068,8.616,0.658,-0.545
850197,1717,1850,1833,0.2007,0.0764,1.1092,9.909,0.487,0.659
850207,1817,2075,2037,0.2093,0.0725,1.1194,11.252,0.620,2.038
850217,1513,1843,2003,0.2167,0.0739,1.1409,11.717,0.484,3.650
850227,1632,1893,1813,0.2201,0.0901,1.1274,11.272,1.055,5.369
850237,2028,1935,1916,0.2202,0.0910,1.1195,9.930,1.332,6.685
850247,1524,1883,2137,0.2119,0.1025,1.1174,8.084,0.651,7.684
850257,1520,2061,2034,0.2083,0.1122,1.1078,6.183,-0.349,8.275
850267,1535,1856,1928,0.2099,0.0982,1.1044,4.210,-1.709,8.166
850277,1598,1960,1984,0.2104,0.0860,1.1084,2.242,-3.292,8.069
850287,1765,1902,1840,0.2091,0.0882,1.1100,0.706,-4.521,8.720
850297,1629,1851,1854,0.2101,0.0920,1.1260,-0.257,-5.736,9.939
850307,1623,1845,2042,0.2092,0.0902,1.1253,-0.800,-6.322,11.368
850317,1523,1852,1827,0.2104,0.0970,1.1254,-1.033,-6.585,12.879
850327,1574,1845,1856,0.2124,0.1090,1.1271,-1.082,-7.118,14.136
850337,1587,2111,1815,0.2146,0.1196,1.1309,-0.898,-7.428,14.759
850347,1526,1888,1839,0.2157,0.1287,1.1363,-0.868,-7.829,14.705
850357,1510,1877,1821,0.2179,0.1301,1.1364,-1.019,-7.937,14.171
850367,1681,1863,2004,0.2202,0.1265,1.1449,-1.376,-8.106,13.491
850377,1534,1845,1896,0.2220,0.1253,1.1463,-1.738,-7.972,12.948
850387,1743,1852,1813,0.2249,0.1240,1.1459,-1.861,-7.532,12.584
850397,1743,1870,2046,0.2249,0.1273,1.1436,-1.558,-6.912,12.343
850407,1514,1847,1819,0.2261,0.1332,1.1411,-0.862,-6.264,12.052
850417,1832,1844,1809,0.2252,0.1362,1.1337,0.073,-5.557,11.548
850427,1748,1997,1836,0.2251,0.1358,1.1238,0.980,-5.008,10.917
850437,1616,1860,1812,0.2253,0.1347,1.1189,1.695,-4.699,10.341
850447,1565,1942,1913,0.2257,0.1391,1.1237,2.089,-4.670,9.888
850457,1556,1849,1926,0.2266,0.1436,1.1269,2.200,-4.488,9.449
850467,1518,1872,1841,0.2268,0.1506,1.1324,2.120,-4.060,8.924
850477,1578,1919,1982,0.2275,0.1566,1.1381,1.990,-3.577,8.276
850487,1511,1874,1852,0.2272,0.1580,1.1291,1.918,-2.800,7.479
850497,1536,2006,1814,0.2280,0.1559,1.1289,1.827,-2.191,6.644
850507,1780,1846,2026,0.2297,0.1542,1.1300,1.460,-1.854,5.904
850517,1813,1850,1821,0.2315,0.1533,1.1220,0.815,-1.284,5.321
850527,2389,1857,1815,0.2323,0.1520,1.1220,-0.144,-0.929,4.877
850537,1716,1865,1866,0.2311,0.1499,1.1145,-1.236,-0.544,4.507
850547,3700,1937,1968,0.2291,0.1490,1.1092,-2.228,-0.204,4.085
850557,1587,1942,1818,0.2315,0.1473,1.1080,-3.030,-0.175,3.452
850567,4095,2122,1837,0.2382,0.1353,1.1049,-3.679,-0.109,2.580
850577,1967,1877,1823,0.2450,0.1234,1.0984,-4.216,0.056,1.742
850587,3232,1956,2191,0.2476,0.1197,1.0916,-4.375,0.311,1.088
850597,1568,1867,1917,0.2454,0.1148,1.0884,-3.770,0.387,0.435
850607,1118,1883,1935,0.2396,0.1091,1.0958,-2.143,0.475,-0.430
850617,1514,1842,1812,0.2380,0.1075,1.1245,0.286,0.457,-1.472
850627,1284,1849,1879,0.2367,0.1013,1.1311,2.974,1.236,-2.577
850637,1180,1852,1905,0.2332,0.0845,1.1211,5.678,2.574,-3.249
850647,1096,1843,1893,0.2317,0.0706,1.1199,7.894,3.260,-2.908
850657,1699,1974,1912,0.2304,0.0686,1.0987,8.927,3.563,-1.460
850667,2631,1894,1941,0.2273,0.0798,1.0860,8.639,3.311,0.676
850677,2381,1911,1963,0.2278,0.0980,1.0883,7.266,2.081,2.695
850687,4095,1917,1821,0.2276,0.1048,1.0940,5.474,0.849,3.991
850697,1579,1906,1831,0.2245,0.1071,1.1015,3.409,-0.395,4.852
850707,1466,1853,1817,0.2204,0.1133,1.0918,1.621,-1.218,5.628
850717,1277,1848,1867,0.2249,0.1093,1.1058,0.275,-2.401,6.210
850727,1280,1874,1828,0.2284,0.0979,1.1083,-0.803,-3.287,6.612
850737,1117,1931,1863,0.2331,0.0967,1.1119,-1.509,-3.655,7.241
850747,1101,1857,1850,0.2350,0.0979,1.1053,-1.969,-3.893,8.056
850757,2109,1951,1935,0.2353,0.0998,1.1049,-1.890,-4.071,8.874
850767,2426,2226,2301,0.2359,0.1039,1.1090,-1.398,-4.531,9.563
850777,1198,1854,1822,0.2378,0.1047,1.1079,-0.640,-4.604,9.945
850787,1980,1853,1830,0.2374,0.1066,1.1082,0.086,-4.678,10.185
850797,2280,1849,1845,0.2363,0.1208,1.1257,0.633,-4.914,10.463
850807,2282,1855,1812,0.2376,0.1306,1.1341,0.975,-4.868,10.485
850817,1754,1872,1916,0.2406,0.1270,1.1477,1.293,-4.408,10.061
850827,1219,1883,1816,0.2424,0.1300,1.1476,1.568,-3.854,9.642
850837,1928,1862,1853,0.2402,0.1287,1.1306,2.031,-2.729,9.333
850847,1245,1868,1840,0.2402,0.1276,1.1331,2.351,-2.424,9.105
850857,1277,1905,1848,0.2405,0.1300,1.1255,2.474,-2.102,9.006
850867,1554,1876,1832,0.2413,0.1327,1.1294,2.271,-1.830,8.952
850877,1194,1843,1896,0.2393,0.1398,1.1381,1.666,-1.754,8.876
850887,1400,1878,1823,0.2382,0.1464,1.1401,1.046,-1.269,8.653
850897,1168,1847,1828,0.2360,0.1493,1.1479,0.595,-0.809,8.183
850907,1195,1846,1857,0.2368,0.1496,1.1492,0.382,-0.199,7.531
850917,1163,1841,1824,0.2377,0.1446,1.1432,0.289,0.704,6.774
850927,1172,1846,1836,0.2358,0.1438,1.1360,0.178,1.428,6.121
850937,1411,1857,1833,0.2338,0.1435,1.1278,0.122,2.047,5.572
850947,1963,1970,1881,0.2334,0.1396,1.1270,0.102,2.333,5.005
850957,1262,1864,1829,0.2334,0.1363,1.1233,0.165,2.549,4.502
850967,1131,1886,1860,0.2299,0.1351,1.1131,0.358,2.893,4.111
850977,1280,1855,1839,0.2228,0.1358,1.1083,0.844,3.071,3.734
850987,1152,1850,1870,0.2175,0.1339,1.1038,1.608,2.949,3.163
850997,1105,1898,2162,0.2146,0.1312,1.0912,2.881,2.975,2.392
851007,1114,1842,1826,0.2154,0.1260,1.0927,4.561,2.686,1.598
851017,1136,1853,2074,0.2177,0.1201,1.0966,6.604,2.295,0.991
851027,1113,1948,2315,0.2227,0.1123,1.1109,8.742,2.032,0.727
851037,1266,1849,1898,0.2252,0.1133,1.1309,10.728,2.108,0.908
851047,1216,1957,2000,0.2306,0.1150,1.1588,12.212,2.609,1.471
851057,1302,1884,2019,0.2375,0.1188,1.1876,12.992,3.768,2.343
851067,1149,1859,1955,0.2396,0.1269,1.1941,13.172,5.583,3.462
851077,1115,1893,2496,0.2275,0.1494,1.1613,13.429,7.997,4.388
851087,1174,1960,1832,0.2095,0.1761,1.1085,13.888,9.598,4.374
851097,1281,1997,2139,0.1892,0.1955,1.0463,14.957,9.809,2.859
851107,1146,1954,1946,0.1865,0.1900,1.0146,16.115,7.690,0.006
851117,1291,1852,1952,0.1956,0.1559,0.9983,16.103,4.452,-3.150
851127,1200,1887,2009,0.2114,0.1114,1.0071,14.072,0.762,-4.821
851137,1435,1887,1811,0.2178,0.0922,1.0389,9.719,-2.640,-3.635
851147,1201,1870,2009,0.2199,0.1020,1.0914,3.380,-5.607,-0.277
851157,1599,2175,1965,0.2231,0.1444,1.1525,-3.631,-7.478,3.778
851167,1289,1892,1818,0.2287,0.1754,1.1803,-10.299,-7.942,6.876
851177,1163,1986,1809,0.2336,0.1850,1.1641,-14.988,-6.690,7.992
851187,1121,1928,1942,0.2385,0.1842,1.1414,-17.838,-6.023,7.528
851197,1889,1902,1820,0.2448,0.1655,1.0969,-18.746,-5.380,6.036
851207,1166,1845,2005,0.2516,0.1364,1.0812,-18.654,-5.758,4.450
851217,1176,1899,1889,0.2555,0.1248,1.0873,-18.508,-6.491,3.842
851227,1151,1861,1896,0.2533,0.1280,1.1122,-19.250,-7.144,4.359
851237,1139,1906,1812,0.2462,0.1364,1.1269,-20.819,-6.902,5.241
851247,1222,1917,1897,0.2397,0.1443,1.1301,-22.345,-6.026,5.881
851257,1512,1877,1963,0.2394,0.1364,1.1304,-22.845,-5.089,5.808
851267,1552,1934,1999,0.2441,0.1143,1.1296,-22.076,-4.225,5.080
851277,1625,1850,1818,0.2485,0.0941,1.1199,-20.377,-3.199,4.276
851287,1265,1848,1898,0.2488,0.0868,1.1134,-18.229,-2.389,3.883
851297,1130,1847,1833,0.2485,0.0882,1.1168,-16.011,-1.906,3.865
851307,1118,1922,2250,0.2453,0.0914,1.1193,-13.811,-1.375,3.942
851317,1207,1885,1812,0.2439,0.0945,1.1247,-11.478,-0.853,3.985
851327,1276,1932,1825,0.2428,0.1011,1.1251,-9.174,-0.265,3.950
851337,1146,1881,1856,0.2421,0.1060,1.1288,-7.344,0.176,3.737
851347,1273,1846,1862,0.2405,0.1079,1.1229,-6.129,0.600,3.354
851357,1172,2011,1862,0.2400,0.1068,1.1289,-5.463,0.776,2.912
851367,1142,1911,1841,0.2400,0.1023,1.1255,-5.253,0.799,2.514
851377,1175,1926,1917,0.2405,0.1018,1.1264,-4.994,0.595,2.332
851387,1214,1845,2048,0.2403,0.1009,1.1231,-4.711,0.549,2.167
851397,1151,1842,2059,0.2414,0.0993,1.1275,-4.499,0.366,2.028
851407,1323,1921,2010,0.2414,0.0971,1.1299,-4.292,0.272,1.949
851417,1442,1943,2405,0.2400,0.0999,1.1320,-3.988,0.328,1.941
851427,1317,1863,2930,0.2407,0.0992,1.1344,-3.705,0.263,1.879
851437,1186,1896,1811,0.2412,0.0992,1.1329,-3.488,0.385,1.755
851447,1461,1975,2309,0.2414,0.0989,1.1329,-3.571,0.407,1.642
851457,1225,1857,1857,0.2408,0.0953,1.1251,-3.801,0.527,1.547
851467,2065,1912,1870,0.2407,0.0939,1.1262,-4.044,0.500,1.521
851477,1235,1855,1854,0.2395,0.0937,1.1217,-4.236,0.500,1.464
851487,1126,1927,2083,0.2384,0.0920,1.1234,-4.162,0.573,1.301
851497,1329,1939,2273,0.2377,0.0925,1.1245,-3.908,0.620,1.045
851507,1314,1861,1922,0.2358,0.0914,1.1235,-3.527,0.924,0.749
851517,2610,1895,1953,0.2350,0.0921,1.1297,-3.181,1.089,0.504
851527,1152,1917,1823,0.2337,0.0939,1.1254,-2.918,1.432,0.348
851537,1363,2219,1976,0.2336,0.0936,1.1226,-2.788,1.728,0.214
851547,1709,1851,2011,0.2326,0.0938,1.1182,-2.930,1.808,0.153
851557,1429,2048,1817,0.2316,0.0941,1.1156,-3.277,1.857,0.165
851567,1570,1918,1861,0.2314,0.0919,1.1158,-3.929,1.662,0.185
851577,1239,1867,1829,0.2306,0.0886,1.1170,-4.791,1.498,0.212
851587,1175,1908,1982,0.2292,0.0896,1.1177,-5.626,1.219,0.273
851597,2135,2162,1861,0.2295,0.0878,1.1158,-6.126,1.115,0.213
851607,1147,1917,1872,0.2308,0.0836,1.1166,-6.336,0.986,0.006
851617,1767,2116,2191,0.2315,0.0806,1.1119,-6.275,1.035,-0.211
851627,1477,1893,2425,0.2312,0.0786,1.1134,-6.057,0.960,-0.384
851637,1166,1866,1849,0.2309,0.0765,1.1156,-5.715,0.909,-0.517
851647,1139,1875,2018,0.2313,0.0771,1.1224,-5.368,0.839,-0.626
851657,1591,1913,1814,0.2311,0.0782,1.1228,-4.893,0.991,-0.750
851667,1682,2063,1826,0.2309,0.0768,1.1235,-4.336,1.169,-0.903
851677,1441,1905,1910,0.2300,0.0771,1.1184,-3.784,1.476,-1.067
851687,1431,1988,1818,0.2298,0.0774,1.1164,-3.409,1.632,-1.248
851697,1187,2048,1955,0.2300,0.0744,1.1155,-3.220,1.711,-1.470
851707,1675,1889,2556,0.2303,0.0748,1.1199,-3.205,1.693,-1.612
851717,1367,1854,2079,0.2286,0.0762,1.1231,-3.369,1.735,-1.642
851727,1193,1896,1818,0.2281,0.0750,1.1288,-3.577,1.864,-1.644
851737,1136,1857,1850,0.2287,0.0758,1.1321,-3.845,2.056,-1.633
851747,1758,1846,1931,0.2307,0.0756,1.1329,-4.102,2.403,-1.653
851757,1141,1847,1868,0.2308,0.0744,1.1345,-4.507,2.737,-1.653
851767,1242,1931,1807,0.2302,0.0733,1.1340,-5.098,3.085,-1.586
851777,1835,1888,2051,0.2299,0.0708,1.1347,-5.869,3.358,-1.486
851787,1318,2088,1921,0.2291,0.0663,1.1333,-6.814,3.603,-1.365
851797,1152,1883,1807,0.2271,0.0641,1.1340,-7.767,3.873,-1.172
851807,1789,1867,1960,0.2246,0.0616,1.1334,-8.604,4.059,-0.947
851817,1343,1851,1823,0.2230,0.0575,1.1278,-9.126,4.358,-0.846
851827,1531,1842,1825,0.2197,0.0558,1.1252,-9.208,4.646,-0.837
851837,1390,1963,2126,0.2171,0.0540,1.1233,-8.932,4.890,-0.847
851847,1158,1869,1844,0.2135,0.0544,1.1245,-8.401,5.164,-0.832
851857,1497,1881,1814,0.2105,0.0556,1.1266,-7.886,5.405,-0.826
851867,1868,1979,1832,0.2073,0.0563,1.1242,-7.412,5.742,-0.860
851877,1368,1850,2277,0.2025,0.0577,1.1235,-7.064,5.974,-0.923
851887,1661,2003,1921,0.1986,0.0573,1.1161,-6.899,6.160,-1.061
851897,1583,1840,1823,0.1964,0.0528,1.1127,-6.950,6.176,-1.275
851907,1293,1956,2023,0.1956,0.0465,1.1130,-7.319,5.938,-1.463
851917,1660,1846,2017,0.1936,0.0423,1.1093,-7.896,5.721,-1.523
851927,1556,1985,1940,0.1910,0.0365,1.1098,-8.377,5.495,-1.474
851937,1147,1879,1846,0.1895,0.0310,1.1087,-8.613,5.152,-1.395
851947,1680,1981,1810,0.1877,0.0257,1.1063,-8.456,4.877,-1.321
851957,1148,1937,1809,0.1879,0.0195,1.1045,-7.980,4.502,-1.261
851967,1144,1884,1823,0.1884,0.0149,1.1010,-7.186,4.178,-1.118
851977,1631,1842,1882,0.1882,0.0123,1.1024,-6.229,3.729,-0.798
851987,1661,1849,2315,0.1880,0.0127,1.1022,-5.200,3.271,-0.272
851997,1180,1905,1811,0.1884,0.0149,1.1020,-4.190,2.822,0.360
852007,1314,1873,1813,0.1880,0.0182,1.1072,-3.284,2.347,0.977
852017,1297,1948,1858,0.1894,0.0202,1.1126,-2.556,1.808,1.488
852027,1216,1860,1869,0.1900,0.0227,1.1136,-1.859,1.578,1.935
852037,1421,1878,1808,0.1898,0.0279,1.1195,-1.254,1.295,2.400
852047,1494,1998,2199,0.1880,0.0340,1.1238,-0.654,1.220,2.793
852057,1408,1893,1808,0.1874,0.0390,1.1282,-0.250,1.253,3.057
852067,1229,1842,1808,0.1873,0.0440,1.1320,-0.149,1.472,3.151
852077,1274,1879,1841,0.1870,0.0486,1.1363,-0.301,1.697,3.154
852087,1239,1844,1834,0.1864,0.0526,1.1413,-0.577,2.058,3.097
852097,1181,1846,1818,0.1865,0.0557,1.1491,-0.991,2.415,2.995
852107,1187,1875,1809,0.1855,0.0602,1.1560,-1.466,2.970,2.795
852117,1195,1901,1819,0.1846,0.0633,1.1594,-2.056,3.691,2.493
852127,1195,1850,1832,0.1839,0.0667,1.1635,-2.651,4.615,2.073
852137,1289,1907,1814,0.1822,0.0697,1.1687,-3.228,5.602,1.503
852147,1168,1845,1812,0.1799,0.0709,1.1729,-3.702,6.757,0.759
852157,1146,1857,1809,0.1770,0.0744,1.1763,-4.045,8.106,-0.153
852167,1185,1846,1807,0.1743,0.0791,1.1799,-4.227,9.633,-1.250
852177,1167,1893,1813,0.1757,0.0866,1.1818,-4.173,11.358,-2.598
852187,1154,1846,1809,0.1702,0.0872,1.1834,-3.899,13.291,-4.223
852197,1154,1858,1808,0.1614,0.0943,1.1793,-3.427,15.576,-6.039
852207,1161,1895,1808,0.1537,0.0971,1.1832,-2.861,17.638,-8.113
852217,1213,1918,1809,0.1471,0.1002,1.1798,-2.060,19.881,-10.342
852227,1194,1870,1824,0.1412,0.1050,1.1821,-1.215,22.055,-12.569
852237,1194,1880,1818,0.1359,0.1089,1.1830,-0.485,24.176,-14.741
852247,1194,1844,1808,0.1307,0.1121,1.1922,0.010,26.295,-16.856
852257,1148,1883,1857,0.1316,0.1086,1.1900,-0.039,28.445,-18.854
852267,1157,1842,1823,0.1267,0.1130,1.2024,-0.828,30.434,-20.551
852277,1210,1926,1841,0.1189,0.1226,1.1946,-2.417,32.612,-22.026
852287,1209,1878,1825,0.1159,0.1260,1.1955,-4.678,34.783,-23.586
852297,1177,1906,1821,0.1143,0.1243,1.1884,-7.900,36.710,-25.344
852307,1222,1861,1810,0.1131,0.1190,1.1817,-11.972,38.836,-27.213
852317,1157,1913,1808,0.1140,0.1127,1.1753,-16.725,40.716,-29.039
852327,1164,1851,1812,0.1115,0.1050,1.1609,-21.953,42.774,-30.751
852337,1211,1923,1808,0.1064,0.0951,1.1457,-27.526,44.632,-32.288
852347,1213,1867,1808,0.1031,0.0790,1.1292,-33.205,46.263,-33.640
852357,1250,1921,1811,0.1005,0.0569,1.1135,-38.808,47.653,-34.810
852367,1166,1851,1811,0.1007,0.0308,1.0979,-44.295,48.865,-35.705
852377,1184,1878,1808,0.1002,0.0053,1.0795,-49.555,50.085,-36.228
852387,1188,1871,1825,0.0922,-0.0214,1.0562,-54.451,51.171,-36.453
852397,1305,1896,1818,0.0769,-0.0454,1.0252,-58.622,51.868,-36.372
852407,1407,1865,1811,0.0598,-0.0708,0.9966,-61.486,51.866,-35.849
852417,1498,1935,1810,0.0418,-0.1000,0.9678,-62.898,50.961,-35.194
852427,1160,1873,1812,0.0239,-0.1370,0.9449,-62.818,49.154,-34.574
852437,1146,1892,1808,0.0093,-0.1593,0.9269,-61.487,46.686,-33.620
852447,1201,1905,1825,0.0014,-0.1862,0.9241,-58.993,43.652,-32.336
852457,1269,1941,1810,-0.0075,-0.1913,0.9184,-55.509,40.717,-30.521
852467,1205,1848,1817,-0.0155,-0.1816,0.9155,-51.272,37.930,-28.160
852477,1403,1845,1819,-0.0324,-0.1600,0.9135,-46.265,34.939,-25.765
852487,1583,1847,1811,-0.0429,-0.1619,0.9016,-40.677,31.923,-23.852
852497,1901,1875,1811,-0.0595,-0.1479,0.9185,-34.889,28.479,-22.305
852507,1408,1875,1812,-0.0784,-0.1372,0.9306,-28.478,24.979,-21.269
852517,1662,1880,1813,-0.0936,-0.1307,0.9510,-22.554,21.297,-21.520
852527,1436,1864,1843,-0.1041,-0.1293,0.9506,-17.271,17.776,-23.116
852537,1165,1893,1812,-0.1006,-0.1220,0.9747,-11.787,14.064,-25.690
852547,1167,1870,1811,-0.0873,-0.1067,1.0081,-5.213,10.478,-28.723
852557,1303,1936,1808,-0.0745,-0.0920,1.0417,2.582,8.494,-31.793
852567,1538,1928,1820,-0.0601,-0.0703,1.0908,10.903,7.101,-34.511
852577,1233,1939,1813,-0.0521,-0.0512,1.1316,18.812,6.607,-36.833
852587,1173,1867,1813,-0.0511,-0.0387,1.1526,25.219,6.407,-38.731
852597,1755,2008,1859,-0.0531,-0.0385,1.1598,29.631,5.906,-40.272
852607,1156,1958,1852,-0.0513,-0.0475,1.1644,31.501,4.263,-41.419
852617,1205,2163,1922,-0.0475,-0.0617,1.1526,30.608,1.848,-42.041
852627,1234,2036,1848,-0.0444,-0.0687,1.1368,27.057,-1.440,-41.940
852637,1310,2095,1849,-0.0396,-0.0658,1.1245,21.729,-5.591,-40.960
852647,1412,2083,1844,-0.0309,-0.0612,1.1135,15.516,-10.187,-39.165
852657,1359,2145,1851,-0.0199,-0.0561,1.1071,9.024,-14.868,-36.633
852667,1274,2113,1853,-0.0088,-0.0501,1.1090,2.362,-19.428,-33.487
852677,1272,2166,1871,0.0008,-0.0478,1.1110,-4.573,-23.722,-29.987
852687,1195,2115,1859,0.0114,-0.0496,1.1157,-11.822,-27.600,-26.454
852697,1243,2146,1851,0.0239,-0.0559,1.1234,-19.315,-31.179,-23.160
852707,1347,2033,1824,0.0350,-0.0641,1.1299,-26.429,-34.182,-20.203
852717,1175,2136,1848,0.0469,-0.0681,1.1351,-32.643,-36.635,-17.626
852727,1213,2057,1833,0.0579,-0.0703,1.1408,-37.387,-38.608,-15.586
852737,1321,2002,1846,0.0694,-0.0754,1.1469,-40.305,-40.010,-14.361
852747,1169,2032,1824,0.0804,-0.0859,1.1491,-41.457,-40.627,-14.043
852757,1227,2117,1839,0.0911,-0.0994,1.1532,-40.845,-40.670,-14.479
852767,1476,2032,1845,0.1031,-0.1103,1.1562,-38.668,-40.229,-15.445
852777,1255,2072,1843,0.1160,-0.1207,1.1622,-35.362,-39.366,-16.750
852787,1256,1977,1818,0.1270,-0.1296,1.1675,-31.284,-38.135,-18.241
852797,1325,1978,1818,0.1381,-0.1361,1.1749,-26.698,-36.544,-19.757
852807,1215,2031,1827,0.1490,-0.1433,1.1839,-21.988,-34.660,-21.167
852817,1161,2049,1821,0.1579,-0.1464,1.1900,-17.421,-32.467,-22.382
852827,1270,2052,1837,0.1637,-0.1477,1.1936,-13.144,-30.089,-23.339
852837,1222,1945,1817,0.1679,-0.1494,1.1955,-9.270,-27.768,-24.067
852847,1297,1932,1819,0.1723,-0.1554,1.1963,-5.923,-25.547,-24.585
852857,1194,1982,1837,0.1762,-0.1609,1.1922,-3.232,-23.359,-24.833
852867,1275,1935,1829,0.1787,-0.1676,1.1924,-1.365,-21.357,-24.757
852877,1187,1865,1813,0.1803,-0.1720,1.1936,-0.253,-19.540,-24.319
852887,1445,1923,1826,0.1805,-0.1732,1.1927,0.231,-17.874,-23.559
852897,2207,2054,1834,0.1781,-0.1714,1.1908,0.392,-16.385,-22.539
852907,1266,1975,1825,0.1743,-0.1703,1.1883,0.516,-15.128,-21.374
852917,1210,1949,1822,0.1700,-0.1720,1.1786,0.724,-14.011,-20.206
852927,1211,1886,1828,0.1640,-0.1739,1.1706,1.055,-13.181,-19.037
852937,1229,1941,1824,0.1584,-0.1735,1.1593,1.670,-12.698,-17.781
852947,1183,1874,1815,0.1539,-0.1735,1.1519,2.373,-12.373,-16.712
852957,1443,1894,1816,0.1505,-0.1732,1.1514,3.095,-12.138,-15.771
852967,1255,1889,1823,0.1459,-0.1700,1.1513,3.818,-11.968,-14.872
852977,1195,1930,1819,0.1422,-0.1681,1.1536,4.622,-11.679,-14.078
852987,1190,1861,1833,0.1405,-0.1666,1.1524,5.511,-11.345,-13.416
852997,1179,1929,1818,0.1335,-0.1637,1.1532,6.710,-10.934,-12.863
853007,1348,1988,1847,0.1323,-0.1567,1.1479,8.600,-10.585,-12.438
853017,1368,1912,1851,0.1314,-0.1511,1.1501,12.011,-10.137,-12.345
853027,1176,1842,1814,0.1298,-0.1534,1.1446,18.014,-9.546,-12.768
853037,1243,1946,1857,0.1314,-0.1645,1.1627,25.038,-9.030,-13.906
853047,1186,1881,1828,0.1205,-0.1706,1.1643,32.835,-7.840,-15.156
853057,1264,1931,1858,0.1178,-0.1694,1.1816,39.854,-6.601,-16.213
853067,1236,1850,1813,0.1137,-0.1624,1.1787,45.579,-5.264,-16.982
853077,1193,1899,1898,0.1164,-0.1515,1.1974,49.528,-4.484,-17.491
853087,1206,1879,1817,0.1214,-0.1394,1.2040,51.541,-3.731,-17.677
853097,1204,1902,2003,0.1262,-0.1220,1.2128,51.858,-2.937,-17.322
853107,1410,1890,1840,0.1317,-0.0996,1.2216,50.173,-2.470,-16.438
853117,1184,1917,1953,0.1391,-0.0833,1.2288,46.715,-1.989,-15.309
853127,1202,1859,1821,0.1465,-0.0734,1.2391,42.243,-1.597,-14.080
853137,1180,1895,1880,0.1520,-0.0679,1.2385,37.178,-0.913,-12.705
853147,1235,1879,1844,0.1557,-0.0638,1.2377,31.648,-0.229,-11.210
853157,1214,1919,1903,0.1587,-0.0598,1.2315,25.937,0.491,-9.672
853167,1289,1882,1857,0.1622,-0.0583,1.2244,20.593,1.297,-8.184
853177,1201,1880,1880,0.1635,-0.0577,1.2132,15.982,2.176,-6.854
853187,1205,1868,1884,0.1632,-0.0595,1.2005,12.297,3.161,-5.760
853197,1197,1883,1886,0.1623,-0.0610,1.1889,9.666,4.108,-4.883
853207,1244,1855,1880,0.1594,-0.0605,1.1741,8.044,5.070,-4.185
853217,1207,1884,1895,0.1593,-0.0537,1.1588,7.364,5.913,-3.643
853227,1223,1843,1876,0.1580,-0.0502,1.1492,7.482,6.527,-3.356
853237,1203,1910,1883,0.1549,-0.0461,1.1371,8.351,7.034,-3.265
853247,1216,1863,1872,0.1509,-0.0402,1.1278,9.879,7.474,-3.311
853257,1192,1910,1929,0.1461,-0.0362,1.1207,11.643,7.702,-3.530
853267,1235,1899,1870,0.1416,-0.0303,1.1134,13.574,7.912,-3.855
853277,1300,1888,1919,0.1384,-0.0249,1.1103,15.637,7.915,-4.200
853287,1206,1851,1857,0.1375,-0.0199,1.1123,17.850,7.848,-4.527
853297,1200,1890,1907,0.1403,-0.0166,1.1268,19.959,7.757,-4.855
853307,1477,1842,1839,0.1450,-0.0151,1.1429,21.686,7.921,-5.132
853317,1207,1864,1906,0.1504,-0.0095,1.1589,22.928,8.543,-5.199
853327,1213,1847,1872,0.1515,0.0004,1.1759,23.350,9.329,-4.998
853337,1220,1871,1923,0.1495,0.0121,1.1816,22.983,10.402,-4.493
853347,1237,1848,1875,0.1420,0.0262,1.1792,21.757,11.368,-3.717
853357,1195,1875,1897,0.1323,0.0380,1.1721,19.746,12.045,-2.786
853367,1203,1854,1886,0.1245,0.0475,1.1623,17.097,12.392,-1.899
853377,1322,1843,1859,0.1169,0.0516,1.1512,14.100,12.478,-1.190
853387,1202,1859,1905,0.1121,0.0539,1.1441,11.115,12.339,-0.725
853397,1203,1877,1867,0.1073,0.0536,1.1389,8.448,11.901,-0.522
853407,1202,1857,1891,0.1064,0.0507,1.1379,6.445,11.364,-0.549
853417,1210,1859,1854,0.1057,0.0454,1.1408,5.079,10.756,-0.763
853427,1208,1871,1877,0.1058,0.0393,1.1435,4.281,10.268,-1.057
853437,1201,1845,1871,0.1069,0.0342,1.1445,3.802,9.879,-1.305
853447,1249,1861,1918,0.1073,0.0318,1.1448,3.453,9.615,-1.406
853457,1202,1871,1863,0.1069,0.0298,1.1482,3.112,9.406,-1.376
853467,1289,1853,1898,0.1055,0.0284,1.1482,2.681,9.266,-1.247
853477,1234,1887,1856,0.1030,0.0262,1.1479,2.280,9.228,-1.070
853487,1346,1867,1925,0.1015,0.0240,1.1483,2.088,9.170,-0.911
853497,1250,1885,1850,0.0996,0.0217,1.1467,2.166,9.240,-0.838
853507,1267,1854,1946,0.0980,0.0197,1.1474,2.450,9.297,-0.829
853517,1212,1876,1855,0.0961,0.0198,1.1475,2.894,9.406,-0.880
853527,1306,1865,1924,0.0928,0.0222,1.1489,3.432,9.466,-0.946
853537,1307,1870,1884,0.0895,0.0276,1.1482,4.043,9.587,-0.994
853547,1292,1871,1925,0.0865,0.0336,1.1484,4.529,9.658,-1.044
853557,1266,1882,1878,0.0838,0.0395,1.1493,4.757,9.623,-1.081
853567,1310,1871,1919,0.0816,0.0447,1.1500,4.576,9.490,-1.088
853577,1214,1873,1893,0.0793,0.0492,1.1507,3.969,9.315,-1.045
853587,1391,1853,1914,0.0772,0.0516,1.1509,3.010,9.085,-0.948
853597,1282,1889,1894,0.0762,0.0554,1.1494,1.850,8.822,-0.803
853607,1353,1864,1919,0.0747,0.0596,1.1489,0.655,8.523,-0.650
853617,1312,1901,1884,0.0727,0.0622,1.1487,-0.472,8.223,-0.548
853627,1374,1870,1928,0.0713,0.0633,1.1492,-1.561,7.976,-0.515
853637,1281,1879,1885,0.0703,0.0627,1.1485,-2.683,7.788,-0.546
853647,1343,1857,1932,0.0687,0.0600,1.1504,-3.838,7.596,-0.579
853657,1244,1898,1869,0.0686,0.0576,1.1522,-5.044,7.379,-0.595
853667,1338,1867,1928,0.0680,0.0549,1.1542,-6.275,7.271,-0.571
853677,1238,1910,1885,0.0680,0.0524,1.1532,-7.527,7.237,-0.511
853687,1346,1851,1920,0.0667,0.0498,1.1526,-8.740,7.277,-0.395
853697,1272,1912,1899,0.0652,0.0446,1.1515,-9.854,7.314,-0.287
853707,1331,1855,1925,0.0632,0.0389,1.1506,-10.781,7.308,-0.181
853717,1259,1919,1886,0.0624,0.0334,1.1498,-11.506,7.289,-0.072
853727,1339,1851,1932,0.0603,0.0289,1.1484,-12.050,7.222,0.081
853737,1222,1912,1894,0.0592,0.0255,1.1470,-12.466,7.159,0.260
853747,1216,1911,1937,0.0577,0.0239,1.1469,-12.761,7.082,0.432
853757,1262,1906,1893,0.0552,0.0213,1.1449,-12.948,7.029,0.579
853767,1307,1856,1908,0.0517,0.0173,1.1409,-13.008,6.965,0.706
853777,1245,1909,1906,0.0479,0.0134,1.1393,-12.908,6.752,0.850
853787,1307,1856,1908,0.0450,0.0099,1.1379,-12.701,6.395,0.999
853797,1242,1895,1904,0.0427,0.0079,1.1344,-12.398,5.993,1.162
853807,1294,1854,1858,0.0419,0.0056,1.1362,-11.987,5.392,1.313
853817,1208,1915,1892,0.0402,0.0028,1.1346,-11.435,4.775,1.424
853827,1211,1843,1853,0.0393,-0.0000,1.1345,-10.769,4.119,1.524
853837,1246,1872,1862,0.0392,-0.0036,1.1349,-10.063,3.433,1.619
853847,1221,1846,1867,0.0399,-0.0053,1.1374,-9.387,2.755,1.713
853857,1225,1907,1903,0.0419,-0.0059,1.1388,-8.741,2.155,1.805
853867,1259,1848,1879,0.0428,-0.0072,1.1396,-8.103,1.665,1.885
853877,1227,1898,1932,0.0435,-0.0078,1.1419,-7.429,1.286,1.954
853887,1274,1859,1892,0.0440,-0.0081,1.1428,-6.741,1.029,2.005
853897,1217,1915,1934,0.0440,-0.0090,1.1444,-6.103,0.865,2.036
853907,1291,1857,1893,0.0435,-0.0098,1.1474,-5.547,0.743,2.082
853917,1260,1916,1935,0.0436,-0.0088,1.1467,-5.108,0.673,2.134
853927,1301,1844,1847,0.0444,-0.0075,1.1477,-4.777,0.672,2.179
853937,1225,1892,1909,0.0442,-0.0075,1.1481,-4.543,0.686,2.214
853947,1278,1871,1904,0.0435,-0.0068,1.1477,-4.383,0.719,2.286
853957,1250,1901,1937,0.0426,-0.0065,1.1467,-4.264,0.744,2.386
853967,1343,1851,1887,0.0414,-0.0064,1.1457,-4.207,0.739,2.501
853977,1240,1906,1933,0.0407,-0.0055,1.1441,-4.221,0.713,2.602
853987,1320,1879,1884,0.0405,-0.0053,1.1448,-4.284,0.658,2.709
853997,1247,1929,1929,0.0409,-0.0056,1.1448,-4.399,0.553,2.803
854007,1319,1850,1876,0.0411,-0.0054,1.1435,-4.565,0.496,2.891
854017,1251,1910,1949,0.0419,-0.0060,1.1452,-4.772,0.437,2.954
854027,1318,1863,1881,0.0412,-0.0071,1.1439,-5.000,0.413,2.996
854037,1251,1902,1932,0.0407,-0.0080,1.1442,-5.199,0.386,3.035
854047,1318,1855,1877,0.0402,-0.0086,1.1437,-5.361,0.345,3.037
854057,1263,1912,1944,0.0402,-0.0093,1.1427,-5.504,0.313,2.988
854067,1316,1860,1893,0.0402,-0.0108,1.1425,-5.625,0.249,2.911
854077,1246,1903,1921,0.0402,-0.0130,1.1447,-5.716,0.177,2.844
854087,1331,1848,1874,0.0403,-0.0142,1.1450,-5.834,0.136,2.791
854097,1268,1904,1934,0.0392,-0.0155,1.1437,-5.963,0.114,2.732
854107,1414,1872,1883,0.0382,-0.0173,1.1432,-6.045,0.094,2.649
854117,1224,1923,1963,0.0375,-0.0189,1.1429,-6.063,0.082,2.544
854127,1276,1851,1897,0.0366,-0.0203,1.1424,-6.020,0.038,2.422
854137,1246,1887,1929,0.0359,-0.0214,1.1416,-5.913,-0.031,2.266
854147,1279,1866,1899,0.0350,-0.0225,1.1422,-5.720,-0.124,2.071
854157,1253,1908,1933,0.0350,-0.0239,1.1432,-5.477,-0.222,1.848
854167,1276,1876,1884,0.0352,-0.0254,1.1435,-5.193,-0.330,1.631
854177,1224,1902,1937,0.0370,-0.0278,1.1430,-4.874,-0.434,1.422
854187,1303,1850,1861,0.0372,-0.0293,1.1437,-4.492,-0.519,1.241
854197,1310,1919,1915,0.0378,-0.0301,1.1429,-4.034,-0.554,1.068
854207,1274,1856,1893,0.0383,-0.0309,1.1430,-3.528,-0.577,0.906
854217,1227,1907,1930,0.0380,-0.0304,1.1439,-3.017,-0.574,0.762
854227,1301,1843,1870,0.0368,-0.0303,1.1438,-2.530,-0.565,0.642
854237,1234,1917,1947,0.0374,-0.0291,1.1450,-2.110,-0.597,0.528
854247,1281,1856,1880,0.0371,-0.0275,1.1464,-1.792,-0.605,0.432
854257,1227,1916,1939,0.0377,-0.0265,1.1475,-1.538,-0.613,0.345
854267,1326,1844,1877,0.0377,-0.0257,1.1487,-1.358,-0.592,0.285
854277,1256,1880,1934,0.0383,-0.0248,1.1487,-1.271,-0.552,0.266
854287,1304,1853,1901,0.0373,-0.0236,1.1489,-1.291,-0.499,0.309
854297,1238,1926,1934,0.0373,-0.0227,1.1471,-1.390,-0.440,0.379
854307,1267,1845,1887,0.0375,-0.0219,1.1477,-1.557,-0.431,0.448
854317,1235,1914,1945,0.0372,-0.0216,1.1468,-1.785,-0.439,0.510
854327,1263,1849,1895,0.0380,-0.0225,1.1472,-2.057,-0.445,0.577
854337,1261,1907,1933,0.0372,-0.0239,1.1472,-2.349,-0.430,0.673
854347,1285,1860,1891,0.0374,-0.0247,1.1466,-2.628,-0.432,0.784
854357,1235,1905,1925,0.0376,-0.0259,1.1471,-2.883,-0.426,0.902
854367,1278,1861,1886,0.0382,-0.0269,1.1458,-3.067,-0.432,1.010
854377,1240,1907,1927,0.0379,-0.0272,1.1467,-3.211,-0.478,1.084
854387,1295,1855,1895,0.0382,-0.0286,1.1469,-3.301,-0.487,1.116
854397,1243,1901,1935,0.0374,-0.0300,1.1461,-3.351,-0.461,1.147
854407,1304,1853,1895,0.0366,-0.0314,1.1456,-3.356,-0.446,1.165
854417,1247,1908,1929,0.0366,-0.0324,1.1471,-3.304,-0.464,1.161
854427,1271,1856,1897,0.0375,-0.0336,1.1471,-3.170,-0.458,1.139
854437,1253,1887,1932,0.0371,-0.0339,1.1480,-2.998,-0.482,1.100
854447,1295,1864,1889,0.0369,-0.0345,1.1462,-2.803,-0.450,1.065
854457,1249,1878,1945,0.0366,-0.0342,1.1455,-2.573,-0.401,1.019
854467,1228,1882,1908,0.0350,-0.0336,1.1446,-2.340,-0.386,0.968
854477,1231,1901,1930,0.0346,-0.0342,1.1441,-2.081,-0.421,0.847
854487,1272,1861,1899,0.0356,-0.0339,1.1442,-1.852,-0.480,0.717
854497,1232,1886,1932,0.0356,-0.0343,1.1436,-1.619,-0.530,0.566
854507,1276,1846,1880,0.0366,-0.0344,1.1431,-1.339,-0.597,0.422
854517,1300,1871,1884,0.0376,-0.0357,1.1440,-1.052,-0.656,0.290
854527,1262,1847,1851,0.0378,-0.0364,1.1456,-0.776,-0.660,0.166
854537,1257,1875,1902,0.0379,-0.0352,1.1448,-0.519,-0.649,0.082
854547,1243,1854,1864,0.0379,-0.0337,1.1445,-0.292,-0.644,0.012
854557,1237,1897,1933,0.0376,-0.0330,1.1441,-0.106,-0.647,-0.036
854567,1253,1856,1882,0.0366,-0.0325,1.1430,0.072,-0.672,-0.106
854577,1233,1900,1940,0.0362,-0.0312,1.1443,0.205,-0.712,-0.164
854587,1478,1851,1891,0.0374,-0.0307,1.1453,0.263,-0.777,-0.208
854597,1237,1881,1938,0.0378,-0.0295,1.1464,0.224,-0.806,-0.208
854607,1282,1845,1850,0.0384,-0.0274,1.1475,0.078,-0.809,-0.162
854617,1258,1882,1941,0.0375,-0.0261,1.1486,-0.160,-0.761,-0.067
854627,1288,1861,1894,0.0375,-0.0250,1.1490,-0.459,-0.697,0.045
854637,1254,1888,1944,0.0372,-0.0241,1.1498,-0.794,-0.654,0.161
854647,1310,1848,1898,0.0369,-0.0237,1.1487,-1.175,-0.633,0.287
854657,1252,1897,1935,0.0368,-0.0246,1.1485,-1.629,-0.626,0.428
854667,1256,1871,1934,0.0366,-0.0258,1.1483,-2.111,-0.616,0.603
854677,1250,1945,1993,0.0373,-0.0265,1.1484,-2.610,-0.604,0.806
854687,1306,1853,1900,0.0370,-0.0277,1.1488,-3.120,-0.605,1.012
854697,1259,1895,1950,0.0372,-0.0302,1.1492,-3.610,-0.591,1.202
854707,1295,1859,1893,0.0377,-0.0317,1.1504,-4.046,-0.579,1.383
854717,1262,1904,1959,0.0383,-0.0326,1.1503,-4.405,-0.539,1.552
854727,1319,1851,1903,0.0379,-0.0339,1.1493,-4.686,-0.454,1.701
854737,1241,1911,1948,0.0378,-0.0345,1.1488,-4.908,-0.350,1.821
854747,1292,1861,1908,0.0375,-0.0356,1.1486,-5.089,-0.261,1.907
854757,1283,1911,1972,0.0376,-0.0372,1.1494,-5.265,-0.239,1.982
854767,1300,1855,1895,0.0370,-0.0381,1.1484,-5.459,-0.178,2.063
854777,1260,1896,1943,0.0360,-0.0394,1.1467,-5.622,-0.147,2.133
854787,1390,1855,1908,0.0352,-0.0409,1.1456,-5.750,-0.124,2.178
854797,1266,1911,1943,0.0343,-0.0424,1.1449,-5.813,-0.105,2.204
854807,1274,1860,1902,0.0340,-0.0434,1.1449,-5.817,-0.141,2.227
854817,1249,1914,1965,0.0339,-0.0436,1.1443,-5.787,-0.123,2.250
854827,1317,1855,1898,0.0336,-0.0440,1.1449,-5.766,-0.113,2.272
854837,1268,1888,1962,0.0334,-0.0439,1.1438,-5.760,-0.081,2.284
854847,1429,1846,1848,0.0330,-0.0443,1.1432,-5.764,-0.069,2.268
854857,1244,1901,1957,0.0326,-0.0456,1.1422,-5.738,-0.086,2.224
854867,1270,1855,1904,0.0319,-0.0461,1.1430,-5.668,-0.140,2.157
854877,1251,1897,1955,0.0321,-0.0478,1.1431,-5.608,-0.234,2.087
854887,1293,1855,1910,0.0316,-0.0484,1.1447,-5.525,-0.328,2.019
854897,1260,1887,1956,0.0317,-0.0486,1.1455,-5.457,-0.405,1.957
854907,1315,1859,1905,0.0320,-0.0491,1.1463,-5.410,-0.435,1.889
854917,1276,1908,1973,0.0328,-0.0499,1.1472,-5.416,-0.428,1.845
854927,1261,1864,1920,0.0332,-0.0496,1.1474,-5.490,-0.412,1.815
854937,1480,1949,2085,0.0329,-0.0495,1.1459,-5.678,-0.415,1.810
854947,1625,1887,2003,0.0332,-0.0501,1.1468,-5.978,-0.429,1.848
854957,1578,1946,2081,0.0327,-0.0508,1.1464,-6.375,-0.477,1.950
854967,1636,1885,2002,0.0323,-0.0521,1.1477,-6.811,-0.544,2.083
854977,1525,1936,2075,0.0326,-0.0534,1.1470,-7.234,-0.624,2.215
854987,1668,1899,2022,0.0323,-0.0563,1.1463,-7.586,-0.667,2.351
854997,1571,1939,2103,0.0332,-0.0590,1.1445,-7.842,-0.736,2.498
855007,1722,1899,2020,0.0332,-0.0617,1.1441,-7.990,-0.756,2.664
855017,1586,1930,2116,0.0335,-0.0631,1.1444,-8.047,-0.770,2.833
855027,1677,1881,2005,0.0337,-0.0658,1.1425,-8.035,-0.817,2.958
855037,1548,1946,2092,0.0347,-0.0679,1.1456,-7.879,-0.865,3.062
855047,1599,1895,1999,0.0339,-0.0702,1.1432,-7.685,-0.861,3.138
855057,1508,1961,2096,0.0337,-0.0726,1.1436,-7.314,-0.797,3.136
855067,1562,1891,1994,0.0341,-0.0749,1.1433,-6.891,-0.811,3.060
855077,1558,1943,2103,0.0343,-0.0767,1.1420,-6.448,-0.744,2.950
855087,1533,1931,2059,0.0333,-0.0783,1.1415,-5.959,-0.662,2.814
855097,1561,1956,2116,0.0334,-0.0783,1.1415,-5.384,-0.604,2.650
855107,1804,1901,2029,0.0335,-0.0786,1.1403,-4.778,-0.534,2.431
855117,1592,1954,2106,0.0330,-0.0779,1.1416,-4.124,-0.497,2.198
855127,1664,1907,2035,0.0323,-0.0768,1.1422,-3.493,-0.492,1.947
855137,1649,1938,2108,0.0316,-0.0763,1.1427,-2.923,-0.431,1.677
855147,1771,1872,1981,0.0316,-0.0750,1.1427,-2.461,-0.408,1.428
