4255317,1903,1710,1572,0.0771,0.0051,1.1449,-1.293,-0.915,-0.072
4255327,1902,1728,1703,0.0772,0.0051,1.1465,-1.209,-0.946,-0.062
4255337,1902,1708,1640,0.0772,0.0047,1.1449,-1.108,-0.920,-0.053
4255347,1903,1717,1605,0.0760,0.0052,1.1448,-0.980,-0.892,-0.026
4255357,1902,1708,1622,0.0770,0.0056,1.1452,-0.887,-0.923,-0.032
4255367,1902,1722,1624,0.0768,0.0055,1.1454,-0.809,-0.892,-0.062
4255377,1902,1710,1792,0.0766,0.0080,1.1445,-0.729,-0.826,-0.055
4255387,1903,1732,1658,0.0758,0.0095,1.1445,-0.632,-0.721,-0.032
4255397,1903,1710,1709,0.0751,0.0109,1.1442,-0.598,-0.680,-0.033
4255407,1901,1720,1671,0.0751,0.0120,1.1455,-0.662,-0.725,-0.027
4255417,1902,1717,1663,0.0749,0.0124,1.1464,-0.841,-0.793,-0.010
4255427,1904,1751,1665,0.0749,0.0111,1.1459,-1.087,-0.835,0.013
4255437,1903,1712,1693,0.0752,0.0090,1.1456,-1.315,-0.848,0.032
4255447,1902,1745,1635,0.0759,0.0086,1.1454,-1.480,-0.868,0.054
4255457,1904,1717,1665,0.0754,0.0082,1.1450,-1.563,-0.885,0.066
4255467,1903,1752,1605,0.0753,0.0075,1.1456,-1.579,-0.888,0.062
4255477,1902,1712,1822,0.0758,0.0078,1.1446,-1.529,-0.876,0.058
4255487,1903,1740,1657,0.0758,0.0079,1.1453,-1.461,-0.888,0.043
4255497,1902,1725,1662,0.0755,0.0072,1.1458,-1.399,-0.904,0.030
4255507,1903,1767,1585,0.0756,0.0065,1.1462,-1.372,-0.916,0.016
4255517,1904,1718,1741,0.0754,0.0063,1.1460,-1.384,-0.888,0.029
4255527,1903,1782,1610,0.0755,0.0070,1.1453,-1.426,-0.870,0.048
4255537,1903,1722,1743,0.0755,0.0074,1.1451,-1.491,-0.871,0.068
4255547,1904,1753,1671,0.0756,0.0071,1.1468,-1.554,-0.910,0.070
4255557,1901,1718,1654,0.0765,0.0067,1.1472,-1.604,-0.938,0.071
4255567,1903,1741,1831,0.0762,0.0064,1.1469,-1.641,-0.939,0.065
4255577,1902,1728,1707,0.0763,0.0060,1.1466,-1.683,-0.906,0.075
4255587,1903,1760,1666,0.0761,0.0056,1.1460,-1.724,-0.868,0.092
4255597,1903,1739,1731,0.0763,0.0053,1.1471,-1.763,-0.837,0.110
4255607,1903,1761,1725,0.0768,0.0049,1.1470,-1.798,-0.813,0.129
4255617,1903,1717,1819,0.0773,0.0036,1.1472,-1.812,-0.788,0.153
4255627,1903,1763,1725,0.0765,0.0032,1.1457,-1.807,-0.795,0.159
4255637,1904,1724,1765,0.0755,0.0023,1.1459,-1.739,-0.811,0.151
4255647,1903,1758,1714,0.0752,0.0024,1.1459,-1.633,-0.816,0.127
4255657,1902,1734,1813,0.0749,0.0022,1.1451,-1.487,-0.819,0.106
4255667,1903,1764,1730,0.0744,0.0019,1.1452,-1.309,-0.833,0.072
4255677,1902,1733,1762,0.0744,0.0016,1.1456,-1.124,-0.854,0.045
4255687,1903,1771,1729,0.0751,0.0016,1.1456,-0.968,-0.873,0.018
4255697,1901,1737,1751,0.0750,0.0017,1.1451,-0.810,-0.898,-0.014
4255707,1904,1779,1741,0.0754,0.0026,1.1449,-0.672,-0.908,-0.048
4255717,1904,1736,1777,0.0755,0.0035,1.1446,-0.550,-0.911,-0.075
4255727,1903,1773,1743,0.0750,0.0037,1.1438,-0.453,-0.894,-0.099
4255737,1901,1745,1768,0.0746,0.0036,1.1428,-0.352,-0.877,-0.134
4255747,1903,1780,1719,0.0740,0.0039,1.1437,-0.245,-0.879,-0.170
4255757,1904,1742,1759,0.0739,0.0041,1.1442,-0.142,-0.924,-0.205
4255767,1903,1782,1709,0.0746,0.0042,1.1456,-0.031,-0.975,-0.236
4255777,1904,1738,1858,0.0750,0.0039,1.1451,0.060,-1.039,-0.264
4255787,1904,1787,1747,0.0751,0.0041,1.1455,0.134,-1.058,-0.298
4255797,1903,1767,1764,0.0742,0.0038,1.1453,0.182,-1.092,-0.318
4255807,1901,1790,1780,0.0744,0.0030,1.1457,0.208,-1.142,-0.331
4255817,1903,1753,1809,0.0747,0.0036,1.1448,0.233,-1.203,-0.351
4255827,1903,1792,1761,0.0748,0.0053,1.1443,0.311,-1.223,-0.383
4255837,1902,1758,1731,0.0748,0.0071,1.1443,0.451,-1.283,-0.432
4255847,1902,1786,1760,0.0741,0.0070,1.1441,0.605,-1.343,-0.491
4255857,1902,1752,1792,0.0737,0.0071,1.1426,0.716,-1.414,-0.533
4255867,1902,1789,1830,0.0743,0.0076,1.1434,0.732,-1.545,-0.543
4255877,1902,1758,1825,0.0752,0.0068,1.1432,0.685,-1.704,-0.552
4255887,1903,1803,1778,0.0754,0.0070,1.1441,0.637,-1.840,-0.551
4255897,1903,1758,1827,0.0753,0.0066,1.1447,0.639,-1.974,-0.525
4255907,1903,1803,1798,0.0758,0.0057,1.1453,0.706,-2.070,-0.516
4255917,1903,1757,1837,0.0770,0.0051,1.1439,0.810,-2.153,-0.538
4255927,1903,1797,1804,0.0783,0.0050,1.1440,0.949,-2.226,-0.579
4255937,1904,1759,1851,0.0795,0.0053,1.1435,1.106,-2.267,-0.601
4255947,1902,1802,1845,0.0797,0.0070,1.1454,1.298,-2.283,-0.596
4255957,1904,1779,1822,0.0785,0.0084,1.1455,1.516,-2.253,-0.585
4255967,1903,1808,1848,0.0777,0.0105,1.1449,1.716,-2.223,-0.578
4255977,1903,1762,1825,0.0773,0.0128,1.1447,1.870,-2.230,-0.573
4255987,1902,1813,1815,0.0773,0.0134,1.1438,1.894,-2.327,-0.576
4255997,1903,1787,1845,0.0781,0.0131,1.1444,1.768,-2.444,-0.547
4256007,1905,1811,1697,0.0796,0.0121,1.1460,1.515,-2.552,-0.474
4256017,1903,1766,1863,0.0812,0.0128,1.1455,1.208,-2.610,-0.360
4256027,1903,1804,1850,0.0819,0.0124,1.1443,0.913,-2.617,-0.251
4256037,1904,1775,1861,0.0822,0.0108,1.1434,0.766,-2.589,-0.151
4256047,1903,1825,1830,0.0833,0.0077,1.1450,0.776,-2.576,-0.046
4256057,1904,1788,1869,0.0834,0.0083,1.1439,0.927,-2.546,0.111
4256067,1904,1794,1839,0.0829,0.0101,1.1458,1.123,-2.572,0.302
4256077,1903,1789,1890,0.0827,0.0120,1.1473,1.312,-2.556,0.423
4256087,1903,1796,1855,0.0829,0.0133,1.1486,1.391,-2.507,0.489
4256097,1902,1803,1894,0.0833,0.0153,1.1501,1.344,-2.425,0.548
4256107,1903,1817,1860,0.0845,0.0163,1.1511,1.119,-2.351,0.605
4256117,1904,1801,1890,0.0843,0.0170,1.1533,0.741,-2.244,0.679
4256127,1903,1832,1866,0.0839,0.0183,1.1540,0.230,-2.097,0.757
4256137,1903,1786,1911,0.0843,0.0201,1.1545,-0.329,-1.913,0.830
4256147,1902,1829,1865,0.0838,0.0221,1.1548,-0.928,-1.755,0.879
4256157,1903,1809,1911,0.0820,0.0234,1.1539,-1.540,-1.597,0.890
4256167,1903,1803,1884,0.0819,0.0238,1.1528,-2.139,-1.463,0.843
4256177,1904,1772,1932,0.0816,0.0245,1.1529,-2.747,-1.378,0.717
4256187,1903,1800,1918,0.0815,0.0238,1.1550,-3.430,-1.387,0.544
4256197,1903,1838,1905,0.0827,0.0230,1.1554,-4.146,-1.326,0.362
4256207,1903,1841,1906,0.0845,0.0220,1.1598,-4.899,-1.284,0.207
4256217,1906,1804,1930,0.0870,0.0203,1.1650,-5.692,-1.204,0.071
4256227,1902,1864,1898,0.0886,0.0180,1.1670,-6.531,-0.999,-0.067
4256237,1903,1789,1916,0.0881,0.0161,1.1663,-7.349,-0.724,-0.190
4256247,1904,1851,1910,0.0870,0.0133,1.1643,-8.089,-0.461,-0.285
4256257,1903,1769,1947,0.0846,0.0124,1.1580,-8.719,-0.196,-0.354
4256267,1902,1865,1915,0.0813,0.0110,1.1523,-9.229,-0.112,-0.399
4256277,1902,1846,1938,0.0774,0.0116,1.1439,-9.617,-0.141,-0.454
4256287,1904,1858,1948,0.0757,0.0104,1.1394,-9.949,-0.327,-0.570
4256297,1902,1854,1913,0.0744,0.0072,1.1336,-10.221,-0.617,-0.728
4256307,1903,1884,1949,0.0736,0.0046,1.1300,-10.386,-0.887,-0.877
4256317,1903,1824,1953,0.0739,0.0008,1.1321,-10.511,-1.229,-1.038
4256327,1903,1846,1976,0.0756,-0.0060,1.1349,-10.602,-1.569,-1.203
4256337,1902,1826,1961,0.0792,-0.0124,1.1363,-10.601,-1.832,-1.297
4256347,1910,1880,1969,0.0810,-0.0169,1.1350,-10.477,-2.016,-1.238
4256357,1901,1833,1959,0.0790,-0.0197,1.1319,-10.115,-2.262,-1.070
4256367,1902,1849,1997,0.0785,-0.0227,1.1307,-9.501,-2.683,-0.942
4256377,1904,1831,1958,0.0795,-0.0263,1.1295,-8.608,-3.129,-0.911
4256387,1911,1895,1974,0.0806,-0.0301,1.1277,-7.552,-3.533,-0.934
4256397,1902,1864,1954,0.0804,-0.0273,1.1231,-6.375,-3.765,-0.923
4256407,1902,1855,1994,0.0773,-0.0219,1.1221,-5.010,-4.061,-0.934
4256417,1903,1844,1971,0.0742,-0.0172,1.1201,-3.571,-4.452,-1.131
4256427,1904,1890,1980,0.0741,-0.0096,1.1229,-2.072,-4.993,-1.518
4256437,1904,1838,2000,0.0762,-0.0099,1.1251,-0.747,-5.609,-2.146
4256447,1903,1873,2023,0.0807,-0.0169,1.1308,0.091,-5.963,-2.830
4256457,1903,1857,1989,0.0861,-0.0202,1.1394,0.435,-6.177,-3.147
4256467,1906,1857,2036,0.0881,-0.0208,1.1485,0.392,-6.343,-2.942
4256477,1898,1853,2026,0.0887,-0.0189,1.1508,0.145,-6.251,-2.441
4256487,1908,1871,2012,0.0919,-0.0174,1.1485,-0.252,-6.212,-1.987
4256497,1900,1867,2000,0.0948,-0.0200,1.1471,-0.595,-6.222,-1.732
4256507,1901,1884,2008,0.0983,-0.0274,1.1517,-0.794,-6.351,-1.595
4256517,1904,1825,2036,0.1080,-0.0265,1.1472,-0.724,-6.106,-1.320
4256527,1903,1878,2027,0.1118,-0.0278,1.1542,-0.403,-5.564,-0.939
4256537,1901,1839,2034,0.1121,-0.0284,1.1605,-0.353,-5.139,-0.559
4256547,1904,1870,2019,0.1115,-0.0256,1.1623,-0.579,-4.234,-0.151
4256557,1899,1860,2060,0.1086,-0.0208,1.1609,-0.942,-3.318,0.195
4256567,1903,1921,2021,0.1062,-0.0182,1.1532,-1.380,-2.565,0.427
4256577,1903,1884,2035,0.1046,-0.0181,1.1459,-1.603,-2.073,0.567
4256587,1904,1943,1996,0.1044,-0.0195,1.1424,-1.662,-1.827,0.699
4256597,1907,1822,2064,0.1025,-0.0208,1.1401,-1.623,-1.570,0.888
4256607,1901,1874,2046,0.1001,-0.0201,1.1404,-1.569,-1.438,1.116
4256617,1903,1862,2083,0.0993,-0.0182,1.1419,-1.480,-1.380,1.346
4256627,1904,1906,2057,0.0994,-0.0183,1.1445,-1.430,-1.371,1.502
4256637,1903,1874,2091,0.1003,-0.0184,1.1453,-1.417,-1.322,1.567
4256647,1905,1993,2009,0.0996,-0.0188,1.1458,-1.375,-1.216,1.555
4256657,1904,1715,2100,0.0996,-0.0197,1.1440,-1.273,-1.171,1.534
4256667,1904,1791,2042,0.0993,-0.0200,1.1426,-1.124,-1.197,1.546
4256677,1905,1829,2115,0.0997,-0.0214,1.1424,-0.994,-1.395,1.633
4256687,1902,1899,2034,0.1025,-0.0250,1.1448,-0.929,-1.685,1.794
4256697,1903,1855,2156,0.1044,-0.0295,1.1469,-0.994,-1.900,2.045
4256707,1904,1923,2052,0.1058,-0.0330,1.1535,-1.142,-2.049,2.428
4256717,1904,1890,2135,0.1070,-0.0369,1.1587,-1.262,-2.071,2.892
4256727,1902,1900,2036,0.1098,-0.0408,1.1626,-1.314,-2.053,3.376
4256737,1904,1875,2135,0.1149,-0.0437,1.1619,-1.084,-1.836,3.861
4256747,1903,1901,2080,0.1221,-0.0464,1.1643,-0.690,-1.715,4.302
4256757,1901,1888,2122,0.1245,-0.0488,1.1648,-0.270,-1.506,4.806
4256767,1904,1883,2101,0.1230,-0.0456,1.1611,0.186,-1.119,5.387
4256777,1905,1813,2165,0.1166,-0.0432,1.1599,0.410,-0.787,5.898
4256787,1906,1843,2087,0.1120,-0.0401,1.1506,0.524,-0.506,6.280
4256797,1904,1785,2153,0.1056,-0.0368,1.1469,0.761,-0.482,6.522
4256807,1905,1760,2114,0.0988,-0.0353,1.1460,1.054,-0.608,6.614
4256817,1900,1814,2155,0.0980,-0.0442,1.1317,1.557,-0.449,6.604
4256827,1903,1818,2098,0.0982,-0.0512,1.1417,2.516,-0.598,6.857
4256837,1902,1766,2170,0.0977,-0.0452,1.1570,3.362,-0.837,7.551
4256847,1904,1728,2125,0.0933,-0.0235,1.1724,4.040,-0.292,8.398
4256857,1901,1717,2184,0.0909,-0.0042,1.1768,4.344,0.497,8.690
4256867,1904,1719,2172,0.0927,-0.0036,1.1872,4.187,1.108,8.195
4256877,1902,1712,2202,0.0954,-0.0141,1.1929,3.477,1.498,7.517
4256887,1903,1712,2150,0.0997,-0.0223,1.1906,2.906,2.287,7.435
4256897,1903,1762,2228,0.1017,-0.0246,1.1908,2.323,2.861,8.039
4256907,1904,1727,2160,0.1050,-0.0250,1.1913,1.266,3.161,8.848
4256917,1902,1729,2198,0.1084,-0.0244,1.1888,-0.443,3.380,9.445
4256927,1904,1717,2161,0.1116,-0.0244,1.1889,-2.243,3.592,9.809
4256937,1904,1719,2175,0.1182,-0.0292,1.1940,-3.722,3.737,10.047
4256947,1905,1714,2186,0.1248,-0.0374,1.1992,-4.715,4.089,10.359
4256957,1897,1723,2137,0.1342,-0.0459,1.2091,-5.338,4.426,10.913
4256967,1904,1722,2062,0.1458,-0.0539,1.2200,-5.762,4.972,11.785
4256977,1902,1772,2159,0.1535,-0.0564,1.2301,-6.222,5.722,12.974
4256987,1903,1732,2032,0.1563,-0.0527,1.2367,-6.649,6.668,14.395
4256997,1901,1727,2044,0.1529,-0.0452,1.2504,-7.013,7.671,15.819
4257007,1904,1734,1881,0.1436,-0.0379,1.2600,-7.334,8.911,17.110
4257017,1900,1855,1982,0.1361,-0.0308,1.2719,-7.591,10.315,18.233
4257027,1914,1853,1846,0.1292,-0.0255,1.2821,-8.197,11.643,19.267
4257037,1896,1913,1937,0.1255,-0.0235,1.2969,-9.424,12.972,20.366
4257047,1912,1902,1819,0.1239,-0.0241,1.3098,-11.637,14.244,21.729
4257057,1901,2068,1918,0.1239,-0.0242,1.3205,-14.930,15.834,23.487
4257067,1912,2075,1838,0.1229,-0.0236,1.3312,-19.462,17.513,25.633
4257077,1900,1794,1878,0.1197,-0.0221,1.3350,-25.123,19.488,28.030
4257087,1910,1993,1806,0.1164,-0.0222,1.3326,-31.796,21.566,30.505
4257097,1898,2000,1920,0.1125,-0.0252,1.3256,-39.120,23.681,32.996
4257107,1908,1930,1829,0.1088,-0.0340,1.3177,-46.834,25.678,35.535
4257117,1901,1929,1983,0.1042,-0.0481,1.3077,-54.672,27.626,38.193
4257127,1918,1771,1822,0.1000,-0.0668,1.2994,-62.666,29.523,41.043
4257137,1902,1715,1973,0.0961,-0.0882,1.2904,-70.860,31.411,44.154
4257147,1907,1721,1779,0.0913,-0.1103,1.2791,-79.229,33.276,47.555
4257157,1899,1768,1924,0.0791,-0.1253,1.2678,-87.459,35.110,51.192
4257167,1907,1722,1713,0.0635,-0.1247,1.2562,-95.021,36.879,54.524
4257177,1898,1730,1860,0.0597,-0.1586,1.2424,-101.773,38.622,56.602
4257187,1914,1750,1649,0.0569,-0.1962,1.2209,-107.199,40.284,58.213
4257197,1900,1727,1807,0.0537,-0.2297,1.2101,-111.251,41.991,60.248
4257207,1905,1751,1596,0.0458,-0.2520,1.1906,-113.931,43.685,62.893
4257217,1899,1779,1766,0.0352,-0.2706,1.1709,-115.278,45.670,65.760
4257227,1905,1787,1542,0.0246,-0.2943,1.1535,-115.687,47.423,68.392
4257237,1900,1729,1789,0.0153,-0.3244,1.1327,-115.286,49.274,70.749
4257247,1903,1744,1541,0.0060,-0.3548,1.1169,-114.339,50.852,73.023
4257257,1905,1718,1732,-0.0081,-0.3821,1.0959,-112.718,52.531,75.398
4257267,1906,1775,1475,-0.0238,-0.4036,1.0779,-110.422,54.022,77.928
4257277,1899,1735,1747,-0.0372,-0.4269,1.0660,-107.359,55.275,80.433
4257287,1904,1783,1490,-0.0535,-0.4466,1.0517,-103.540,56.358,82.919
4257297,1900,1720,1708,-0.0705,-0.4614,1.0367,-98.979,57.334,85.373
4257307,1906,1769,1467,-0.0861,-0.4732,1.0259,-93.742,58.082,87.750
4257317,1901,1748,1702,-0.1059,-0.4797,1.0178,-88.127,58.811,90.065
4257327,1904,1739,1466,-0.1267,-0.4763,1.0093,-82.403,59.468,92.307
4257337,1901,1757,1666,-0.1466,-0.4733,1.0009,-76.923,60.179,94.352
4257347,1976,1818,1471,-0.1667,-0.4650,0.9940,-71.960,60.813,96.219
4257357,1897,1747,1622,-0.1869,-0.4591,0.9890,-67.831,61.390,97.889
4257367,1903,1726,1471,-0.2056,-0.4563,0.9838,-64.939,61.835,99.420
4257377,1903,1729,1621,-0.2251,-0.4567,0.9705,-63.513,62.247,100.997
4257387,1903,1728,1469,-0.2437,-0.4617,0.9569,-63.539,62.093,102.866
4257397,1898,1757,1615,-0.2636,-0.4597,0.9408,-64.635,61.478,105.245
4257407,1902,1749,1518,-0.2823,-0.4557,0.9266,-66.527,60.165,108.072
4257417,1903,1788,1560,-0.3051,-0.4415,0.9039,-68.862,58.545,111.166
4257427,1902,1821,1500,-0.3274,-0.4227,0.8903,-71.523,56.441,114.206
4257437,1900,1785,1618,-0.3488,-0.4072,0.8768,-74.625,53.917,116.810
4257447,1902,1878,1558,-0.3712,-0.3998,0.8561,-78.473,51.139,118.852
4257457,1899,1762,1693,-0.3951,-0.4028,0.8335,-83.135,47.739,120.546
4257467,1906,1787,1599,-0.4160,-0.4124,0.8149,-88.426,43.593,122.198
4257477,1900,1745,1635,-0.4371,-0.4262,0.7971,-94.472,38.713,123.885
4257487,1907,1789,1575,-0.4603,-0.4443,0.7812,-100.791,33.144,125.592
4257497,1900,1758,1682,-0.4800,-0.4599,0.7725,-106.700,26.955,127.346
4257507,1911,1825,1629,-0.4931,-0.4689,0.7608,-111.460,20.541,129.185
4257517,1904,1733,1642,-0.5019,-0.4727,0.7465,-114.422,14.293,130.942
4257527,1903,1758,1562,-0.5055,-0.4732,0.7311,-115.307,8.351,132.573
4257537,1901,1726,1529,-0.5075,-0.4733,0.7124,-114.379,2.748,133.989
4257547,1903,1746,1600,-0.5026,-0.4750,0.6982,-112.168,-2.952,135.052
4257557,1897,1745,1776,-0.4941,-0.4753,0.6961,-108.826,-8.555,135.750
4257567,1921,1753,1486,-0.4875,-0.4710,0.7039,-104.666,-13.765,135.992
4257577,1901,1727,1646,-0.4850,-0.4604,0.7018,-99.178,-17.844,135.850
4257587,1905,1753,1545,-0.4859,-0.4399,0.7058,-92.445,-21.187,135.141
4257597,1899,1727,1478,-0.4838,-0.4255,0.7089,-84.433,-23.746,133.624
4257607,1902,1725,1478,-0.4751,-0.4142,0.7205,-75.767,-25.610,131.288
4257617,1901,1797,1627,-0.4723,-0.3937,0.7215,-66.710,-26.538,128.575
4257627,1905,1751,1526,-0.4683,-0.3592,0.7246,-57.665,-26.772,125.591
4257637,1900,1771,1753,-0.4685,-0.3192,0.7313,-49.099,-26.884,122.170
4257647,1901,1780,1509,-0.4690,-0.2849,0.7311,-41.177,-26.290,118.145
4257657,1901,1742,1659,-0.4714,-0.2616,0.7427,-34.409,-25.637,113.556
4257667,1916,1735,1555,-0.4816,-0.2407,0.7454,-28.839,-24.720,108.727
4257677,1898,1732,1622,-0.4921,-0.2180,0.7542,-24.263,-23.790,103.877
4257687,1908,1731,1652,-0.5030,-0.2040,0.7606,-20.827,-23.140,98.935
4257697,1902,1737,1638,-0.5150,-0.1929,0.7703,-18.194,-22.327,93.862
4257707,1903,1793,1599,-0.5281,-0.1762,0.7860,-16.314,-21.797,88.842
4257717,1903,1733,1614,-0.5391,-0.1670,0.7789,-14.847,-20.573,83.872
4257727,1905,1806,1654,-0.5495,-0.1592,0.7845,-14.109,-19.523,79.026
4257737,1902,1754,1684,-0.5598,-0.1658,0.7753,-14.239,-18.786,74.373
4257747,1910,1738,1598,-0.5742,-0.1606,0.7657,-14.491,-17.999,70.052
4257757,1899,1733,1621,-0.5812,-0.1653,0.7757,-15.178,-18.254,65.872
4257767,1902,1778,1658,-0.5874,-0.1748,0.7721,-15.958,-18.126,61.746
4257777,1910,1728,1653,-0.5934,-0.1758,0.7896,-16.674,-17.998,58.020
4257787,1904,1832,1600,-0.5960,-0.1843,0.8020,-17.404,-17.668,54.565
4257797,1900,1884,1651,-0.6010,-0.1851,0.8145,-17.981,-16.758,51.418
4257807,1904,1745,1679,-0.6045,-0.1877,0.8415,-18.938,-16.192,48.391
4257817,1899,1859,1528,-0.6094,-0.2004,0.8414,-19.876,-14.805,45.314
4257827,1911,1752,1613,-0.6161,-0.2223,0.8366,-20.683,-13.222,42.465
4257837,1900,1774,1563,-0.6229,-0.2396,0.8366,-20.982,-11.933,39.907
4257847,1898,1745,1515,-0.6271,-0.2628,0.8332,-20.388,-10.781,37.519
4257857,1902,1746,1876,-0.6357,-0.2683,0.8329,-18.265,-9.320,35.398
4257867,1906,2080,1800,-0.6428,-0.2651,0.8391,-15.089,-7.912,33.448
4257877,1900,1918,1797,-0.6515,-0.2636,0.8357,-11.346,-6.103,31.525
4257887,1897,1850,2013,-0.6588,-0.2559,0.8372,-8.015,-4.828,29.710
4257897,1901,1775,1539,-0.6643,-0.2706,0.8157,-5.319,-3.700,27.957
4257907,1903,1859,1558,-0.6684,-0.2757,0.8117,-3.036,-3.355,26.608
4257917,1897,1735,1811,-0.6769,-0.2591,0.8177,-1.016,-3.856,25.520
4257927,1908,1798,2372,-0.6787,-0.2380,0.8331,1.569,-4.261,24.162
4257937,1903,2078,1694,-0.6735,-0.2123,0.8554,4.580,-4.711,22.340
4257947,1897,1731,1612,-0.6739,-0.1955,0.8269,8.625,-3.843,20.053
4257957,1904,1730,3974,-0.6895,-0.1981,0.7676,13.608,-2.605,17.476
4257967,1900,1734,1502,-0.7139,-0.1761,0.7406,20.246,-2.599,14.724
4257977,1898,1745,1783,-0.7248,-0.1443,0.7590,28.719,-4.170,10.813
4257987,1904,1874,1649,-0.7244,-0.0605,0.8015,38.571,-5.568,5.738
4257997,1926,1745,1893,-0.6968,0.0529,0.8926,47.095,-6.380,-1.033
4258007,1897,1853,1509,-0.6377,0.1326,0.9785,51.350,-6.322,-10.260
4258017,1903,1889,1485,-0.5840,0.1837,0.9733,51.738,-3.292,-20.637
4258027,1896,2353,1553,-0.5494,0.2041,0.9333,49.997,0.431,-30.805
4258037,1903,2004,3086,-0.5453,0.2042,0.9284,47.854,3.117,-40.771
4258047,1895,1894,1756,-0.5637,0.1610,0.8715,45.880,5.411,-51.115
4258057,1897,1932,2060,-0.5879,0.1152,0.7888,45.615,7.656,-61.391
4258067,1896,1876,2166,-0.5922,0.0579,0.7959,45.702,6.619,-71.074
4258077,1895,1861,1519,-0.5889,0.0141,0.8112,44.728,3.119,-79.560
4258087,1903,2020,1663,-0.5797,-0.0117,0.7972,43.374,1.441,-86.335
4258097,1898,2052,1796,-0.5672,-0.0331,0.8380,39.047,-2.145,-91.656
4258107,1903,2061,1597,-0.5678,-0.0629,0.8339,32.457,-5.190,-96.086
4258117,1896,1960,1553,-0.5819,-0.1157,0.7751,25.137,-6.820,-99.829
4258127,1903,1745,2017,-0.5890,-0.2013,0.7876,16.748,-11.909,-101.786
4258137,1899,1872,1568,-0.5930,-0.2677,0.7834,9.555,-15.004,-102.420
4258147,1901,1850,1500,-0.5927,-0.3195,0.8451,2.283,-18.910,-101.670
4258157,1901,1745,1606,-0.5876,-0.3527,0.8684,-4.441,-20.813,-99.714
4258167,1899,1787,1624,-0.5729,-0.3791,0.9203,-10.549,-21.472,-96.948
4258177,1907,1905,1578,-0.5649,-0.4192,0.9289,-16.487,-21.034,-94.076
4258187,1895,1737,1534,-0.5558,-0.4815,0.9265,-20.781,-18.752,-91.289
4258197,1902,1932,1596,-0.5406,-0.5450,0.9811,-24.718,-17.993,-88.189
4258207,1900,1748,1512,-0.5365,-0.5870,0.9697,-27.784,-15.374,-84.504
4258217,1899,1774,1523,-0.5441,-0.6167,0.9327,-29.122,-11.182,-80.103
4258227,1897,1757,1523,-0.5578,-0.6443,0.9096,-28.944,-7.996,-74.985
4258237,1899,1772,1565,-0.5775,-0.6779,0.8508,-27.519,-5.030,-69.335
4258247,1905,1760,1488,-0.5886,-0.7240,0.8038,-25.129,-3.280,-63.037
4258257,1897,1787,1675,-0.5805,-0.7673,0.8271,-23.832,-4.524,-56.056
4258267,1901,1732,1627,-0.5639,-0.7845,0.8326,-24.161,-6.394,-48.244
4258277,1900,1746,1831,-0.5445,-0.7815,0.8490,-24.964,-7.369,-39.759
4258287,1899,1741,1494,-0.5230,-0.7694,0.8824,-26.024,-8.655,-31.152
4258297,1896,1743,1608,-0.4996,-0.7731,0.8964,-26.719,-8.243,-23.192
4258307,1914,1735,1514,-0.4788,-0.7995,0.9070,-27.081,-7.001,-15.862
4258317,1897,1773,1609,-0.4751,-0.8160,0.8818,-26.610,-4.519,-8.658
4258327,1898,1773,1567,-0.4795,-0.8259,0.8634,-25.059,-2.062,-1.235
4258337,1902,1729,1616,-0.4865,-0.8264,0.8440,-22.695,-0.498,6.470
4258347,1900,1730,1500,-0.4971,-0.8150,0.8210,-19.745,0.897,14.375
4258357,1903,1753,1669,-0.5050,-0.8006,0.8091,-16.738,1.390,22.340
4258367,1899,1781,1530,-0.5115,-0.7878,0.7905,-13.881,1.554,30.232
4258377,1904,1731,1603,-0.5196,-0.7665,0.7872,-11.543,1.221,38.130
4258387,1903,1731,1496,-0.5346,-0.7306,0.7679,-9.687,0.490,45.905
4258397,1900,1738,1754,-0.5415,-0.7025,0.7666,-7.732,-0.710,52.939
4258407,1899,1774,1499,-0.5379,-0.6903,0.7810,-6.186,-2.833,58.960
4258417,1902,1746,1653,-0.5374,-0.6701,0.7826,-4.404,-4.098,64.669
4258427,1901,1884,1579,-0.5388,-0.6382,0.7902,-2.411,-5.016,70.339
4258437,1899,1852,1756,-0.5435,-0.6045,0.7893,-0.347,-5.611,75.618
4258447,1898,1752,1573,-0.5503,-0.5746,0.7775,1.664,-5.951,80.295
4258457,1897,1763,1638,-0.5566,-0.5464,0.7720,3.732,-6.394,84.358
4258467,1904,1909,1750,-0.5608,-0.5036,0.7907,5.634,-7.497,87.831
4258477,1901,1743,2412,-0.5651,-0.4509,0.7885,7.494,-8.075,90.543
4258487,1897,1749,1677,-0.5545,-0.3970,0.8309,9.462,-8.734,92.232
4258497,1903,1731,1560,-0.5385,-0.3486,0.8607,10.742,-9.245,92.867
4258507,1897,2091,1525,-0.5285,-0.3084,0.8543,12.416,-7.459,92.760
4258517,1900,1798,1639,-0.5181,-0.2921,0.8702,13.181,-6.262,91.979
4258527,1899,2072,1583,-0.5189,-0.2865,0.8524,13.778,-4.537,90.710
4258537,1901,1788,1583,-0.5263,-0.2761,0.8312,15.039,-2.496,89.132
4258547,1898,1953,2366,-0.5375,-0.2688,0.8190,17.070,-1.349,87.006
4258557,1898,2056,1740,-0.5599,-0.2295,0.7963,20.311,-0.115,84.312
4258567,1904,1916,2172,-0.5756,-0.1752,0.7867,24.937,0.463,80.553
4258577,1903,1828,1809,-0.5810,-0.1288,0.7806,30.685,0.520,75.421
4258587,1904,1840,1515,-0.5846,-0.0492,0.7966,37.019,0.377,69.332
4258597,1897,2187,1932,-0.5849,0.0465,0.8118,42.897,0.504,61.973
4258607,1901,1806,3866,-0.5718,0.1250,0.8270,47.490,1.260,52.927
4258617,1903,1966,1616,-0.5634,0.1721,0.8059,49.897,1.798,42.527
4258627,1910,2143,2122,-0.5721,0.2017,0.7718,51.343,2.618,31.408
4258637,1904,1888,1624,-0.6024,0.2450,0.7561,52.314,1.860,19.666
4258647,1904,1965,1851,-0.6258,0.2803,0.7515,54.005,0.508,6.562
4258657,1901,1735,1956,-0.6237,0.3030,0.8056,54.922,-2.309,-7.516
4258667,1917,1767,1827,-0.6009,0.3256,0.8523,53.400,-5.188,-21.378
4258677,1900,1947,1670,-0.5596,0.3290,0.8740,48.477,-6.947,-34.467
4258687,1902,1821,2125,-0.5104,0.2875,0.9072,40.399,-8.656,-46.573
4258697,1895,2708,2694,-0.4589,0.2259,0.9103,30.794,-9.842,-57.077
4258707,1897,1897,1695,-0.4631,0.1354,0.7940,22.131,-7.256,-66.104
4258717,1897,1765,1528,-0.4671,-0.0305,0.8120,14.838,-7.435,-73.797
4258727,1916,2101,1565,-0.4809,-0.1465,0.8548,8.122,-11.430,-79.383
4258737,1896,2167,2075,-0.4951,-0.1984,0.8185,4.674,-10.963,-82.496
4258747,1901,1734,1493,-0.4936,-0.2352,0.8903,1.670,-12.912,-84.165
4258757,1902,1763,1563,-0.5073,-0.2473,0.8896,1.395,-12.570,-85.022
4258767,1897,1882,1688,-0.5225,-0.2387,0.9164,3.033,-10.683,-86.046
4258777,1895,1787,1585,-0.5304,-0.2381,0.9360,5.312,-9.048,-87.911
4258787,1915,1804,2171,-0.5422,-0.2514,0.9550,9.034,-5.735,-90.267
4258797,1900,1864,2215,-0.5532,-0.2667,0.9800,12.477,-3.049,-92.440
4258807,1903,1733,1722,-0.5607,-0.2828,0.9925,15.938,0.368,-94.242
4258817,1903,1866,1549,-0.5605,-0.2979,1.0231,18.880,3.260,-95.708
4258827,1898,1836,1647,-0.5599,-0.3118,1.0399,21.639,6.614,-96.842
4258837,1899,1762,1481,-0.5536,-0.3316,1.0606,24.134,10.236,-97.698
4258847,1900,1872,1800,-0.5588,-0.3527,1.0299,27.020,14.470,-98.429
4258857,1897,1871,1588,-0.5685,-0.3854,0.9968,31.753,19.146,-99.020
4258867,1895,1735,1549,-0.5721,-0.4269,0.9971,37.435,21.698,-99.476
4258877,1898,1759,1535,-0.5734,-0.4684,0.9667,43.474,24.108,-99.680
4258887,1901,1772,1586,-0.5704,-0.5059,0.9567,49.550,25.515,-99.215
4258897,1898,1776,1571,-0.5707,-0.5297,0.9578,55.389,26.124,-97.747
4258907,1903,1747,1534,-0.5685,-0.5356,0.9558,60.387,26.862,-95.226
4258917,1899,1780,1523,-0.5674,-0.5267,0.9610,64.260,27.211,-92.045
4258927,1902,1742,1611,-0.5671,-0.5109,0.9558,67.478,27.836,-88.703
4258937,1898,1751,1535,-0.5665,-0.5002,0.9424,70.564,28.581,-85.659
4258947,1901,1743,1596,-0.5658,-0.4877,0.9246,73.878,29.464,-83.041
4258957,1901,1745,1538,-0.5667,-0.4799,0.9036,77.342,30.176,-80.732
4258967,1902,1735,1614,-0.5693,-0.4717,0.8881,81.148,30.300,-78.375
4258977,1898,1768,1540,-0.5726,-0.4594,0.8671,85.330,29.927,-75.757
4258987,1903,1743,1614,-0.5818,-0.4443,0.8398,90.057,29.226,-73.032
4258997,1898,1783,1515,-0.5911,-0.4130,0.8123,95.586,27.884,-70.426
4259007,1901,1759,1645,-0.5999,-0.3816,0.7967,102.045,26.101,-68.310
4259017,1898,1752,1576,-0.6035,-0.3579,0.7954,108.886,23.816,-67.045
4259027,1904,1743,1557,-0.6043,-0.3331,0.7933,115.792,21.539,-66.504
4259037,1896,1739,1570,-0.5982,-0.3089,0.7896,122.569,19.493,-66.460
4259047,1903,1748,1635,-0.5874,-0.2843,0.7930,128.951,17.526,-66.741
4259057,1895,1735,1491,-0.5767,-0.2601,0.7944,134.901,15.609,-66.956
4259067,1900,1745,1626,-0.5669,-0.2377,0.8024,140.194,13.607,-66.889
4259077,1897,1736,1531,-0.5586,-0.2147,0.8066,144.608,11.592,-66.624
4259087,1904,1735,1622,-0.5537,-0.1934,0.8150,148.074,9.773,-66.416
4259097,1902,1830,1625,-0.5461,-0.1727,0.8216,150.403,7.674,-66.307
4259107,1903,1751,1641,-0.5382,-0.1447,0.8226,151.822,5.774,-66.202
4259117,1899,1793,1642,-0.5339,-0.1182,0.8227,152.344,3.858,-66.100
4259127,1902,1780,1597,-0.5325,-0.0870,0.8164,152.122,2.007,-66.004
4259137,1894,1740,1787,-0.5334,-0.0629,0.7981,151.074,0.223,-66.118
4259147,1904,1793,1837,-0.5331,-0.0389,0.7868,149.387,-2.167,-66.402
4259157,1898,1741,1586,-0.5366,-0.0182,0.7734,146.531,-5.422,-66.734
4259167,1899,1741,1572,-0.5375,0.0043,0.7549,142.685,-9.224,-66.978
4259177,1924,1896,1698,-0.5364,0.0260,0.7477,137.697,-14.333,-67.204
4259187,1901,1837,1606,-0.5330,0.0457,0.7469,131.507,-20.640,-67.512
4259197,1903,1763,1653,-0.5239,0.0600,0.7513,124.016,-27.618,-67.971
4259207,1900,1743,1593,-0.5089,0.0654,0.7553,115.163,-35.115,-68.619
4259217,1902,1764,1656,-0.4914,0.0669,0.7493,105.527,-42.546,-69.205
4259227,1900,1749,1612,-0.4736,0.0679,0.7507,95.458,-50.339,-69.401
4259237,1896,1766,1615,-0.4595,0.0724,0.7511,85.422,-58.189,-68.987
4259247,1903,1737,1699,-0.4466,0.0814,0.7538,75.573,-66.070,-67.996
4259257,1900,1769,1656,-0.4347,0.0949,0.7619,65.893,-74.098,-66.618
4259267,1902,1745,1670,-0.4195,0.1119,0.7738,56.205,-82.159,-65.077
4259277,1893,1744,1666,-0.3995,0.1155,0.7951,46.113,-90.100,-63.671
4259287,1903,1742,1697,-0.3762,0.1081,0.8295,35.070,-97.947,-62.335
4259297,1897,1751,1712,-0.3445,0.0912,0.8680,22.825,-105.204,-60.974
4259307,1901,1745,1724,-0.3045,0.0681,0.9100,9.420,-111.864,-59.614
4259317,1899,1764,1729,-0.2639,0.0449,0.9505,-4.649,-117.266,-58.232
4259327,1901,1746,1771,-0.2240,0.0227,0.9985,-18.303,-121.473,-56.953
4259337,1899,1819,1871,-0.1881,0.0027,1.0329,-30.220,-123.689,-55.875
4259347,1896,1863,1763,-0.1600,-0.0145,1.0617,-39.445,-124.190,-55.081
4259357,1897,1793,1790,-0.1319,-0.0357,1.0855,-46.161,-123.312,-54.727
4259367,1903,1789,1880,-0.1029,-0.0628,1.1166,-49.673,-121.741,-54.868
4259377,1895,1757,1856,-0.0758,-0.0993,1.1426,-51.256,-119.222,-55.273
4259387,1895,1752,1850,-0.0521,-0.1417,1.1697,-51.422,-116.316,-55.726
4259397,1904,1742,1938,-0.0304,-0.1870,1.1807,-50.601,-112.746,-55.947
4259407,1902,1755,1894,-0.0120,-0.2271,1.1788,-48.716,-108.758,-55.714
4259417,1893,1743,1926,0.0024,-0.2527,1.1774,-45.250,-104.691,-55.069
4259427,1906,1763,2085,0.0156,-0.2704,1.1777,-39.857,-100.604,-54.384
4259437,1893,1754,2152,0.0350,-0.2896,1.1921,-32.515,-96.498,-53.883
4259447,1904,1795,2108,0.0544,-0.3023,1.2189,-23.524,-92.323,-53.274
4259457,1896,1886,2043,0.0664,-0.3082,1.2389,-13.342,-87.694,-52.229
4259467,1904,1912,2066,0.0780,-0.3160,1.2612,-1.981,-82.993,-50.884
4259477,1899,1880,2064,0.0853,-0.3150,1.2726,9.717,-78.127,-49.076
4259487,1898,1873,2145,0.0874,-0.3003,1.2825,21.274,-73.321,-46.833
4259497,1897,1796,2024,0.0855,-0.2737,1.2769,32.123,-68.486,-44.508
4259507,1900,1798,2059,0.0835,-0.2394,1.2701,41.798,-63.799,-42.598
4259517,1899,1916,2004,0.0841,-0.2064,1.2693,49.953,-59.704,-41.298
4259527,1902,1914,2068,0.0890,-0.1742,1.2733,56.301,-56.004,-40.421
4259537,1898,1854,2066,0.0962,-0.1454,1.2785,60.469,-52.480,-39.627
4259547,1901,1811,2129,0.1036,-0.1200,1.2834,62.184,-49.202,-38.621
4259557,1894,1790,2099,0.1093,-0.0964,1.2854,61.383,-46.266,-37.210
4259567,1907,1869,2109,0.1138,-0.0732,1.2826,58.373,-43.637,-35.264
4259577,1896,1853,2165,0.1177,-0.0475,1.2749,53.404,-41.492,-32.842
4259587,1902,1906,2096,0.1202,-0.0257,1.2645,46.860,-39.659,-30.176
4259597,1900,1827,2137,0.1226,-0.0067,1.2498,39.153,-37.994,-27.543
4259607,1903,1872,2138,0.1276,0.0042,1.2378,30.675,-36.684,-25.129
4259617,1905,1805,2121,0.1317,0.0076,1.2236,21.779,-35.606,-22.954
4259627,1898,1891,2126,0.1359,0.0063,1.2107,12.855,-34.768,-20.965
4259637,1898,1740,2218,0.1389,0.0001,1.1993,4.219,-34.194,-19.085
4259647,1903,1944,2122,0.1425,-0.0098,1.1884,-3.749,-33.834,-17.337
4259657,1899,1797,2204,0.1474,-0.0200,1.1773,-10.732,-33.650,-15.691
4259667,1904,1985,2110,0.1497,-0.0262,1.1633,-16.518,-33.498,-14.132
4259677,1898,1832,2201,0.1502,-0.0286,1.1487,-20.961,-33.482,-12.669
4259687,1897,1986,2112,0.1485,-0.0306,1.1329,-24.096,-33.597,-11.438
4259697,1899,1895,2181,0.1475,-0.0350,1.1215,-26.099,-33.849,-10.564
4259707,1899,1926,2186,0.1479,-0.0432,1.1134,-27.255,-34.216,-10.116
4259717,1898,1895,2183,0.1515,-0.0523,1.1145,-27.688,-34.484,-10.017
4259727,1899,2065,2086,0.1642,-0.0616,1.1273,-27.289,-34.336,-10.378
4259737,1903,2036,2301,0.1776,-0.0701,1.1435,-26.488,-33.861,-10.753
4259747,1895,2038,2232,0.1914,-0.0798,1.1592,-25.339,-32.963,-11.064
4259757,1911,1843,2288,0.2030,-0.0913,1.1683,-23.870,-31.762,-11.271
4259767,1897,1954,2273,0.2121,-0.1028,1.1699,-22.104,-30.287,-11.321
4259777,1901,1926,2282,0.2162,-0.1130,1.1702,-20.236,-28.843,-11.243
4259787,1897,1965,2274,0.2187,-0.1220,1.1702,-18.384,-27.498,-11.090
4259797,1900,1892,2296,0.2195,-0.1274,1.1685,-16.622,-26.167,-10.877
4259807,1897,1979,2226,0.2502,-0.0805,1.1558,-14.834,-24.932,-10.584
4259817,1903,1939,2306,0.2397,-0.1035,1.1776,-12.052,-24.022,-11.136
4259827,1901,1958,2335,0.2427,-0.1263,1.1607,-7.433,-21.347,-12.123
4259837,1902,1910,2319,0.2434,-0.1338,1.1867,-3.376,-19.120,-11.934
4259847,1913,2086,2240,0.2307,-0.1244,1.1838,-0.729,-17.975,-10.860
4259857,1903,1916,2364,0.2261,-0.1112,1.1962,1.565,-15.892,-9.740
4259867,1899,1997,2304,0.2231,-0.1069,1.1940,2.941,-14.571,-9.043
4259877,1902,1995,2315,0.2203,-0.1041,1.1861,4.324,-12.562,-8.711
4259887,1899,2031,2262,0.2190,-0.1051,1.1911,4.979,-11.568,-8.659
4259897,1901,1960,2262,0.2171,-0.1061,1.1799,5.957,-9.960,-8.679
4259907,1897,1998,2297,0.2113,-0.1057,1.1831,6.762,-8.826,-8.565
4259917,1895,1945,2279,0.2076,-0.1040,1.1735,7.537,-7.422,-8.241
4259927,1894,2026,2270,0.2083,-0.1000,1.1748,8.309,-6.372,-7.683
4259937,1904,1933,2306,0.2030,-0.1005,1.1818,8.892,-5.530,-7.037
4259947,1900,2001,2271,0.2062,-0.0928,1.1742,9.171,-4.570,-6.360
4259957,1901,1944,2252,0.2071,-0.0865,1.1770,9.306,-3.804,-5.821
4259967,1898,2031,2270,0.2101,-0.0849,1.1752,8.906,-3.290,-5.662
4259977,1902,1921,2286,0.2129,-0.0885,1.1696,8.261,-2.451,-5.751
4259987,1901,2003,2267,0.2140,-0.0907,1.1616,7.627,-1.800,-5.807
4259997,1902,1924,2302,0.2136,-0.0931,1.1529,7.345,-1.074,-5.678
4260007,1903,2008,2262,0.2120,-0.0910,1.1440,7.326,-0.561,-5.419
4260017,1899,1940,2300,0.2099,-0.0884,1.1388,7.650,-0.138,-5.193
4260027,1903,2054,2239,0.2085,-0.0912,1.1363,8.199,0.192,-5.076
4260037,1902,1936,2282,0.2059,-0.0887,1.1316,8.972,0.710,-4.833
4260047,1898,2057,2238,0.2039,-0.0852,1.1311,9.677,0.982,-4.395
4260057,1904,1930,2310,0.2036,-0.0841,1.1302,10.251,1.232,-3.904
4260067,1898,1969,2238,0.2050,-0.0824,1.1288,10.621,1.429,-3.493
4260077,1902,1909,2330,0.2057,-0.0794,1.1272,10.985,1.689,-3.187
4260087,1897,2085,2244,0.2056,-0.0759,1.1257,11.461,1.879,-2.994
4260097,1903,1970,2254,0.2030,-0.0739,1.1212,12.147,2.046,-2.935
4260107,1898,2044,2200,0.2018,-0.0694,1.1187,13.135,2.216,-2.957
4260117,1906,1970,2281,0.1960,-0.0667,1.1116,14.271,2.288,-3.015
4260127,1901,2039,2216,0.1935,-0.0643,1.1126,15.655,2.098,-3.018
4260137,1903,1985,2284,0.1948,-0.0592,1.1182,16.896,1.717,-2.971
4260147,1903,2022,2202,0.1982,-0.0560,1.1282,17.876,1.435,-2.900
4260157,1901,1964,2298,0.2033,-0.0528,1.1369,18.513,1.140,-2.773
4260167,1901,2031,2197,0.2074,-0.0468,1.1444,18.924,1.138,-2.534
4260177,1902,2023,2303,0.2104,-0.0399,1.1537,18.905,1.136,-2.203
4260187,1903,2008,2233,0.2120,-0.0303,1.1581,18.597,1.254,-1.847
4260197,1900,1924,2309,0.2087,-0.0210,1.1583,17.789,1.283,-1.643
4260207,1903,2005,2213,0.2073,-0.0180,1.1573,16.522,1.331,-1.725
4260217,1902,1939,2288,0.2050,-0.0168,1.1484,15.107,1.476,-1.896
4260227,1900,1980,2181,0.2024,-0.0134,1.1446,13.806,1.543,-1.930
4260237,1902,1919,2268,0.1987,-0.0086,1.1378,12.606,1.574,-1.874
4260247,1902,1974,2276,0.1956,-0.0044,1.1325,11.677,1.549,-1.885
4260257,1900,1901,2241,0.1946,-0.0015,1.1302,11.036,1.411,-1.990
4260267,1901,1992,2242,0.1945,-0.0013,1.1303,10.572,1.302,-2.135
4260277,1895,1906,2130,0.1956,-0.0004,1.1310,10.193,1.210,-2.219
4260287,1903,2015,2426,0.1964,0.0012,1.1326,9.856,1.207,-2.192
4260297,1899,1975,1974,0.1952,0.0013,1.1323,9.548,1.290,-2.096
4260307,1902,1977,2456,0.1942,0.0018,1.1332,9.252,1.354,-1.976
4260317,1902,1921,1961,0.1952,0.0023,1.1335,8.966,1.357,-1.905
4260327,1913,2043,2376,0.1975,0.0013,1.1343,8.778,1.354,-1.884
4260337,1902,1896,1997,0.1995,0.0011,1.1336,8.691,1.386,-1.850
4260347,1901,1973,2292,0.1982,0.0042,1.1294,8.708,1.529,-1.743
4260357,1900,1946,1897,0.1936,0.0074,1.1241,8.861,1.648,-1.556
4260367,1902,1964,2255,0.1907,0.0115,1.1240,9.134,1.643,-1.340
4260377,1900,1906,1961,0.1926,0.0137,1.1284,9.339,1.591,-1.173
4260387,1901,1952,2211,0.1951,0.0162,1.1347,9.298,1.628,-1.024
4260397,1902,1890,1920,0.1978,0.0191,1.1428,8.998,1.796,-0.890
4260407,1899,1980,2097,0.2002,0.0207,1.1470,8.458,2.186,-0.758
4260417,1897,1888,1975,0.1987,0.0201,1.1474,7.842,2.745,-0.626
4260427,1901,1939,1942,0.1968,0.0185,1.1485,7.211,3.208,-0.471
4260437,1901,1912,2156,0.1945,0.0175,1.1444,6.660,3.685,-0.321
4260447,1903,1959,1954,0.1921,0.0162,1.1385,6.297,4.055,-0.203
4260457,1900,1897,2045,0.1890,0.0169,1.1331,6.248,4.356,-0.145
4260467,1899,1959,2078,0.1874,0.0181,1.1288,6.517,4.558,-0.128
4260477,1901,1945,1961,0.1859,0.0209,1.1269,7.153,4.692,-0.164
4260487,1902,1931,2001,0.1838,0.0224,1.1239,7.966,4.880,-0.308
4260497,1900,1908,1900,0.1817,0.0243,1.1239,8.899,4.946,-0.520
4260507,1902,1939,2004,0.1803,0.0268,1.1248,9.802,4.921,-0.739
4260517,1901,1884,2006,0.1786,0.0296,1.1271,10.567,4.852,-0.933
4260527,1900,1920,1964,0.1780,0.0338,1.1300,11.197,4.819,-1.127
4260537,1903,1883,1953,0.1809,0.0367,1.1393,11.630,4.685,-1.323
4260547,1902,1922,1950,0.1829,0.0394,1.1443,11.785,4.689,-1.434
4260557,1902,1872,1967,0.1809,0.0438,1.1434,11.601,4.949,-1.386
4260567,1901,1929,2005,0.1768,0.0472,1.1381,11.209,5.206,-1.248
4260577,1902,1876,1886,0.1739,0.0501,1.1354,10.732,5.269,-1.115
4260587,1900,1939,1962,0.1701,0.0531,1.1311,10.244,5.219,-0.991
4260597,1903,1878,1910,0.1674,0.0561,1.1309,9.751,4.933,-0.870
4260607,1903,1963,1933,0.1653,0.0602,1.1309,9.240,4.515,-0.777
4260617,1901,1879,1931,0.1637,0.0638,1.1319,8.684,4.090,-0.701
4260627,1904,1914,1916,0.1633,0.0683,1.1311,8.023,3.620,-0.618
4260637,1901,1874,1920,0.1633,0.0735,1.1321,7.238,3.151,-0.520
4260647,1903,1928,1886,0.1633,0.0762,1.1322,6.282,2.679,-0.432
4260657,1904,1816,1969,0.1630,0.0748,1.1339,5.217,2.260,-0.376
4260667,1901,1907,1873,0.1658,0.0702,1.1362,4.076,1.819,-0.323
4260677,1900,1830,1949,0.1683,0.0663,1.1386,2.961,1.540,-0.223
4260687,1902,1868,1884,0.1705,0.0623,1.1411,1.985,1.399,-0.054
4260697,1903,1835,1904,0.1712,0.0594,1.1424,1.258,1.466,0.148
4260707,1899,1879,1894,0.1705,0.0574,1.1397,0.826,1.604,0.345
4260717,1902,1831,1901,0.1684,0.0555,1.1346,0.654,1.715,0.474
4260727,1900,1895,1905,0.1670,0.0541,1.1314,0.793,1.759,0.537
4260737,1901,1845,1881,0.1653,0.0558,1.1284,1.194,1.751,0.591
4260747,1902,1871,1890,0.1639,0.0595,1.1288,1.698,1.720,0.651
4260757,1901,1842,1840,0.1633,0.0622,1.1321,2.178,1.695,0.643
4260767,1902,1874,1899,0.1633,0.0635,1.1334,2.551,1.758,0.557
4260777,1903,1835,1809,0.1640,0.0636,1.1346,2.776,1.854,0.466
4260787,1901,1886,1900,0.1632,0.0635,1.1357,2.824,1.976,0.394
4260797,1901,1796,1857,0.1627,0.0645,1.1379,2.813,2.054,0.385
4260807,1903,1883,1890,0.1617,0.0660,1.1359,2.755,2.183,0.426
4260817,1901,1844,1765,0.1597,0.0683,1.1356,2.695,2.281,0.468
4260827,1902,1875,1886,0.1571,0.0695,1.1331,2.676,2.369,0.472
4260837,1902,1826,1853,0.1562,0.0692,1.1317,2.699,2.368,0.423
4260847,1903,1863,1866,0.1565,0.0682,1.1329,2.764,2.270,0.331
4260857,1902,1830,1818,0.1563,0.0682,1.1326,2.827,2.122,0.217
4260867,1903,1872,1836,0.1563,0.0698,1.1329,2.864,1.953,0.146
4260877,1903,1811,1830,0.1554,0.0724,1.1333,2.917,1.829,0.119
4260887,1903,1878,1819,0.1541,0.0749,1.1334,2.912,1.737,0.083
4260897,1903,1837,1837,0.1532,0.0759,1.1320,2.825,1.651,0.030
4260907,1902,1873,1812,0.1530,0.0762,1.1318,2.696,1.528,-0.025
4260917,1901,1817,1818,0.1535,0.0765,1.1331,2.470,1.374,-0.077
4260927,1901,1868,1821,0.1542,0.0750,1.1351,2.148,1.204,-0.106
4260937,1903,1814,1814,0.1547,0.0747,1.1346,1.805,1.067,-0.101
4260947,1904,1878,1786,0.1546,0.0756,1.1358,1.517,0.987,-0.062
4260957,1901,1810,1808,0.1538,0.0768,1.1368,1.320,0.946,-0.027
4260967,1903,1873,1797,0.1538,0.0764,1.1363,1.243,0.944,-0.042
4260977,1901,1828,1792,0.1528,0.0762,1.1372,1.260,0.954,-0.095
4260987,1900,1854,1788,0.1525,0.0762,1.1374,1.290,0.946,-0.127
4260997,1902,1807,1801,0.1524,0.0764,1.1381,1.315,0.881,-0.129
4261007,1901,1862,1775,0.1524,0.0771,1.1374,1.308,0.820,-0.137
4261017,1903,1806,1810,0.1522,0.0766,1.1373,1.248,0.756,-0.177
4261027,1902,1845,1780,0.1521,0.0769,1.1364,1.141,0.723,-0.221
4261037,1902,1815,1784,0.1517,0.0781,1.1358,1.022,0.716,-0.240
4261047,1903,1844,1806,0.1507,0.0787,1.1373,0.914,0.732,-0.253
4261057,1903,1818,1751,0.1496,0.0784,1.1351,0.845,0.785,-0.269
4261067,1901,1858,1799,0.1498,0.0784,1.1346,0.804,0.806,-0.279
4261077,1901,1812,1767,0.1500,0.0790,1.1348,0.751,0.824,-0.298
4261087,1902,1865,1759,0.1498,0.0785,1.1357,0.695,0.861,-0.335
4261097,1902,1810,1746,0.1490,0.0774,1.1356,0.653,0.899,-0.368
4261107,1903,1850,1809,0.1490,0.0765,1.1363,0.676,0.888,-0.395
4261117,1902,1811,1746,0.1492,0.0764,1.1355,0.736,0.856,-0.431
4261127,1903,1863,1736,0.1489,0.0768,1.1346,0.868,0.791,-0.460
4261137,1902,1789,1801,0.1482,0.0784,1.1350,1.065,0.757,-0.492
4261147,1901,1851,1738,0.1472,0.0793,1.1344,1.283,0.734,-0.520
4261157,1902,1805,1758,0.1463,0.0805,1.1340,1.458,0.692,-0.517
4261167,1903,1852,1722,0.1460,0.0820,1.1344,1.539,0.608,-0.512
4261177,1902,1790,1759,0.1452,0.0835,1.1349,1.527,0.496,-0.520
4261187,1903,1858,1758,0.1452,0.0840,1.1351,1.447,0.356,-0.521
4261197,1903,1794,1740,0.1446,0.0842,1.1345,1.342,0.227,-0.518
4261207,1903,1840,1719,0.1440,0.0847,1.1346,1.232,0.097,-0.497
4261217,1902,1818,1725,0.1446,0.0856,1.1330,1.142,-0.029,-0.477
4261227,1901,1849,1703,0.1448,0.0861,1.1341,1.037,-0.166,-0.451
4261237,1903,1824,1741,0.1447,0.0855,1.1350,0.924,-0.317,-0.431
4261247,1902,1824,1702,0.1447,0.0852,1.1351,0.795,-0.433,-0.403
4261257,1903,1787,1726,0.1450,0.0852,1.1360,0.636,-0.530,-0.367
4261267,1902,1843,1692,0.1449,0.0844,1.1359,0.467,-0.578,-0.328
4261277,1902,1793,1720,0.1453,0.0848,1.1353,0.368,-0.585,-0.297
4261287,1902,1838,1694,0.1462,0.0835,1.1356,0.386,-0.584,-0.328
4261297,1902,1793,1713,0.1461,0.0834,1.1366,0.482,-0.569,-0.355
4261307,1902,1841,1719,0.1457,0.0850,1.1367,0.628,-0.514,-0.369
4261317,1902,1788,1698,0.1456,0.0860,1.1360,0.638,-0.441,-0.361
4261327,1904,1832,1685,0.1455,0.0858,1.1360,0.542,-0.389,-0.343
4261337,1903,1784,1679,0.1454,0.0858,1.1356,0.381,-0.379,-0.342
4261347,1903,1816,1661,0.1448,0.0852,1.1359,0.227,-0.352,-0.342
4261357,1904,1791,1692,0.1450,0.0843,1.1363,0.146,-0.332,-0.331
4261367,1903,1818,1669,0.1450,0.0834,1.1352,0.147,-0.290,-0.326
4261377,1901,1783,1669,0.1451,0.0822,1.1345,0.234,-0.228,-0.353
4261387,1903,1832,1656,0.1451,0.0815,1.1347,0.398,-0.147,-0.366
4261397,1900,1787,1702,0.1447,0.0805,1.1349,0.637,-0.083,-0.394
4261407,1904,1823,1651,0.1446,0.0805,1.1340,0.886,-0.048,-0.433
4261417,1902,1785,1658,0.1454,0.0818,1.1353,1.137,-0.028,-0.443
4261427,1902,1820,1654,0.1443,0.0852,1.1362,1.366,-0.030,-0.423
4261437,1903,1770,1663,0.1438,0.0879,1.1358,1.558,-0.009,-0.415
4261447,1902,1832,1643,0.1434,0.0899,1.1354,1.654,0.007,-0.432
4261457,1903,1780,1655,0.1424,0.0916,1.1356,1.666,0.047,-0.430
4261467,1903,1826,1637,0.1423,0.0927,1.1368,1.610,0.092,-0.419
4261477,1904,1767,1648,0.1418,0.0925,1.1374,1.474,0.164,-0.422
4261487,1903,1806,1625,0.1426,0.0923,1.1375,1.266,0.242,-0.414
4261497,1901,1773,1634,0.1427,0.0916,1.1373,1.035,0.304,-0.414
4261507,1902,1813,1621,0.1428,0.0904,1.1370,0.843,0.340,-0.414
4261517,1900,1762,1637,0.1427,0.0905,1.1361,0.709,0.364,-0.405
4261527,1904,1792,1616,0.1423,0.0900,1.1349,0.678,0.388,-0.385
4261537,1904,1763,1591,0.1423,0.0897,1.1346,0.710,0.403,-0.376
4261547,1903,1801,1609,0.1422,0.0903,1.1353,0.812,0.428,-0.391
4261557,1904,1763,1615,0.1423,0.0898,1.1357,0.963,0.478,-0.418
4261567,1903,1797,1588,0.1418,0.0897,1.1362,1.129,0.535,-0.427
4261577,1901,1757,1547,0.1408,0.0890,1.1364,1.297,0.598,-0.422
4261587,1903,1800,1577,0.1399,0.0899,1.1362,1.495,0.630,-0.413
4261597,1904,1781,1566,0.1389,0.0907,1.1370,1.693,0.655,-0.413
4261607,1904,1790,1567,0.1398,0.0936,1.1386,1.856,0.663,-0.439
4261617,1901,1768,1582,0.1395,0.0952,1.1389,1.932,0.661,-0.452
4261627,1903,1806,1565,0.1391,0.0976,1.1382,1.941,0.711,-0.454
4261637,1903,1753,1574,0.1379,0.0983,1.1371,1.845,0.750,-0.430
4261647,1903,1775,1558,0.1382,0.0994,1.1366,1.668,0.825,-0.377
4261657,1903,1754,1532,0.1371,0.0992,1.1363,1.404,0.880,-0.317
4261667,1903,1779,1563,0.1367,0.0990,1.1367,1.153,0.876,-0.266
4261677,1903,1761,1550,0.1362,0.0982,1.1374,0.919,0.898,-0.244
4261687,1902,1792,1542,0.1361,0.0972,1.1363,0.753,0.916,-0.250
4261697,1902,1746,1564,0.1364,0.0957,1.1359,0.729,0.963,-0.268
4261707,1905,1783,1531,0.1364,0.0955,1.1361,0.789,0.986,-0.283
