1770962,1860,1896,1774,0.7948,-0.4042,0.6213,5.770,-0.280,3.870
1770972,1855,1919,1921,0.7971,-0.4001,0.6202,5.968,-0.026,3.589
1770982,1885,1900,1802,0.7992,-0.3963,0.6185,6.091,0.254,3.309
1770992,1849,1908,1782,0.8014,-0.3923,0.6166,6.038,0.462,3.066
1771002,1887,1899,1771,0.8029,-0.3896,0.6133,5.746,0.629,2.842
1771012,1845,1902,1912,0.8038,-0.3865,0.6098,5.272,0.754,2.669
1771022,1897,1950,2197,0.8038,-0.3857,0.6061,4.651,0.782,2.556
1771032,1854,1908,1940,0.8033,-0.3848,0.6028,3.966,0.721,2.486
1771042,1873,1900,1761,0.8029,-0.3850,0.6030,3.273,0.564,2.465
1771052,1847,1905,2035,0.8031,-0.3858,0.6033,2.581,0.395,2.461
1771062,1896,1903,1810,0.8045,-0.3863,0.6040,2.002,0.254,2.472
1771072,1861,1923,1883,0.8052,-0.3895,0.6056,1.573,0.168,2.446
1771082,1900,1903,1873,0.8052,-0.3933,0.6060,1.357,0.140,2.417
1771092,1875,1899,1770,0.8044,-0.3957,0.6070,1.437,0.117,2.458
1771102,1877,1899,2107,0.8030,-0.3957,0.6077,1.825,0.118,2.498
1771112,1854,1897,1883,0.8012,-0.3963,0.6088,2.423,0.158,2.441
1771122,1885,1902,1945,0.7997,-0.3965,0.6120,3.501,0.149,2.283
1771132,1855,1918,1933,0.7981,-0.3973,0.6135,4.555,0.141,2.137
1771142,1861,1900,1777,0.7972,-0.3969,0.6165,5.506,0.129,2.058
1771152,1896,1940,1787,0.7960,-0.3956,0.6201,6.260,0.094,2.017
1771162,1861,1899,1771,0.7952,-0.3953,0.6247,6.770,0.082,1.976
1771172,1851,1904,1845,0.7939,-0.3934,0.6300,6.934,0.029,1.961
1771182,1862,1897,1899,0.7917,-0.3911,0.6324,6.860,0.138,1.959
1771192,1857,1902,1810,0.7894,-0.3912,0.6340,6.478,0.230,1.970
1771202,1869,1907,2032,0.7876,-0.3917,0.6350,5.913,0.287,2.048
1771212,1853,1902,1871,0.7860,-0.3925,0.6370,5.245,0.360,2.171
1771222,1868,1927,1771,0.7835,-0.3945,0.6383,4.461,0.378,2.311
1771232,1851,1904,1976,0.7833,-0.3984,0.6391,3.628,0.411,2.411
1771242,1880,1911,1769,0.7829,-0.4021,0.6418,2.818,0.411,2.483
1771252,1851,1897,1804,0.7829,-0.4052,0.6429,2.229,0.466,2.519
1771262,1866,1900,1942,0.7818,-0.4084,0.6460,1.948,0.605,2.531
1771272,1857,1901,1960,0.7805,-0.4100,0.6480,2.017,0.808,2.501
1771282,1863,1899,2023,0.7798,-0.4092,0.6508,2.436,1.075,2.454
1771292,1859,1929,1996,0.7799,-0.4077,0.6544,3.124,1.369,2.372
1771302,1938,1912,1921,0.7794,-0.4054,0.6566,3.957,1.729,2.255
1771312,1874,1908,2155,0.7798,-0.4019,0.6598,4.824,2.118,2.120
1771322,1888,1895,1816,0.7809,-0.3975,0.6630,5.561,2.519,1.962
1771332,1857,1910,2384,0.7830,-0.3931,0.6643,6.054,2.874,1.803
1771342,1885,1903,1952,0.7838,-0.3895,0.6652,6.151,3.199,1.635
1771352,1873,1898,1774,0.7852,-0.3876,0.6657,5.863,3.511,1.457
1771362,1904,1899,1865,0.7850,-0.3867,0.6616,5.265,3.859,1.288
1771372,1859,1917,1860,0.7851,-0.3838,0.6589,4.572,4.126,1.151
1771382,1912,1901,1806,0.7863,-0.3809,0.6580,3.794,4.260,1.029
1771392,1875,1902,1827,0.7882,-0.3786,0.6569,3.027,4.367,0.898
1771402,1893,1898,1989,0.7898,-0.3763,0.6570,2.301,4.468,0.769
1771412,1856,1919,1920,0.7920,-0.3738,0.6566,1.652,4.622,0.656
1771422,1853,1904,1783,0.7936,-0.3704,0.6568,1.005,4.796,0.536
1771432,1852,1925,2384,0.7950,-0.3684,0.6578,0.283,4.975,0.383
1771442,1991,1960,2040,0.7968,-0.3658,0.6570,-0.534,5.163,0.234
1771452,1851,1924,1969,0.7997,-0.3638,0.6587,-1.478,5.317,0.106
1771462,1973,1981,2140,0.8034,-0.3635,0.6624,-2.702,5.471,0.003
1771472,1865,1902,1910,0.8074,-0.3642,0.6653,-4.204,5.687,-0.032
1771482,1915,1916,1763,0.8128,-0.3651,0.6683,-6.011,5.907,-0.031
1771492,1849,1904,1771,0.8174,-0.3656,0.6695,-8.053,6.226,-0.089
1771502,1910,1905,1984,0.8189,-0.3637,0.6676,-10.080,6.624,-0.270
1771512,1859,1906,1761,0.8173,-0.3615,0.6619,-11.887,7.046,-0.628
1771522,1886,1900,1817,0.8140,-0.3580,0.6555,-13.428,7.382,-1.174
1771532,1852,1898,1946,0.8089,-0.3536,0.6494,-14.688,7.567,-1.909
1771542,1856,1914,2250,0.8052,-0.3475,0.6462,-15.717,7.648,-2.772
1771552,1866,1902,2017,0.8023,-0.3430,0.6456,-16.733,7.597,-3.717
1771562,1890,1898,1821,0.8011,-0.3421,0.6446,-17.938,7.501,-4.714
1771572,1859,1911,1855,0.8001,-0.3439,0.6440,-19.418,7.458,-5.646
1771582,1910,1900,1749,0.7973,-0.3472,0.6385,-21.146,7.518,-6.425
1771592,1851,1904,1762,0.7931,-0.3508,0.6307,-22.911,7.665,-7.041
1771602,1896,1899,1757,0.7865,-0.3555,0.6237,-24.641,7.632,-7.566
1771612,1857,1908,1749,0.7792,-0.3628,0.6164,-26.238,7.380,-8.111
1771622,1855,1901,1782,0.7732,-0.3724,0.6131,-27.652,6.919,-8.550
1771632,1854,1907,3269,0.7705,-0.3835,0.6107,-28.829,6.294,-8.809
1771642,1895,1899,1788,0.7701,-0.3974,0.6124,-29.780,5.570,-8.902
1771652,1878,1915,1893,0.7715,-0.4129,0.6174,-30.478,4.823,-8.832
1771662,1885,1898,1850,0.7715,-0.4277,0.6208,-30.765,4.225,-8.562
1771672,1849,1905,1803,0.7689,-0.4393,0.6225,-30.499,3.875,-8.118
1771682,1893,1900,1757,0.7643,-0.4509,0.6210,-29.547,3.752,-7.618
1771692,1849,1920,1899,0.7607,-0.4604,0.6192,-27.906,3.575,-7.098
1771702,1856,1905,2566,0.7568,-0.4670,0.6179,-25.614,3.268,-6.526
1771712,1855,1904,1972,0.7557,-0.4728,0.6194,-22.898,2.879,-5.964
1771722,1892,1901,1901,0.7556,-0.4783,0.6247,-19.998,2.401,-5.471
1771732,1859,1907,1856,0.7553,-0.4815,0.6282,-17.022,1.989,-5.033
1771742,1897,1917,1743,0.7554,-0.4842,0.6321,-14.131,1.623,-4.626
1771752,1857,1905,1950,0.7531,-0.4836,0.6349,-11.357,1.342,-4.219
1771762,1885,1899,1748,0.7502,-0.4809,0.6371,-8.732,1.227,-3.745
1771772,1856,1916,1781,0.7475,-0.4785,0.6374,-6.406,1.186,-3.211
1771782,1902,1900,1810,0.7454,-0.4754,0.6359,-4.478,1.159,-2.602
1771792,1856,1904,1895,0.7454,-0.4730,0.6352,-2.971,1.103,-1.917
1771802,1887,1898,1911,0.7458,-0.4714,0.6339,-1.846,1.002,-1.216
1771812,1856,1906,1747,0.7469,-0.4698,0.6313,-1.031,0.782,-0.555
1771822,1902,1903,2035,0.7485,-0.4696,0.6296,-0.345,0.396,0.016
1771832,1868,1905,1780,0.7506,-0.4702,0.6253,0.301,-0.134,0.446
1771842,1895,1900,1751,0.7513,-0.4709,0.6218,1.100,-0.850,0.732
1771852,1861,1901,1760,0.7538,-0.4701,0.6208,2.177,-1.785,0.900
1771862,1905,1897,1858,0.7562,-0.4683,0.6208,3.582,-2.841,0.926
1771872,1871,1918,1886,0.7592,-0.4662,0.6224,5.287,-3.955,0.781
1771882,1896,1918,1756,0.7624,-0.4621,0.6266,7.218,-5.131,0.464
1771892,1850,1904,1786,0.7674,-0.4558,0.6318,9.308,-6.293,0.020
1771902,1885,1901,1746,0.7726,-0.4497,0.6391,11.443,-7.322,-0.540
1771912,1854,1911,2044,0.7772,-0.4413,0.6447,13.609,-8.112,-1.131
1771922,1878,1899,1774,0.7803,-0.4294,0.6510,15.734,-8.625,-1.616
1771932,1852,1910,1759,0.7833,-0.4164,0.6559,17.637,-8.903,-2.000
1771942,1904,1899,1900,0.7870,-0.4028,0.6599,19.100,-8.987,-2.371
1771952,1855,1911,1901,0.7913,-0.3876,0.6638,19.972,-8.880,-2.654
1771962,1895,1900,1841,0.7952,-0.3718,0.6661,20.103,-8.572,-2.842
1771972,1855,1919,1862,0.7999,-0.3581,0.6677,19.286,-8.068,-3.062
1771982,1890,1900,2074,0.8042,-0.3466,0.6666,17.500,-7.373,-3.214
1771992,1863,1904,1831,0.8070,-0.3371,0.6633,14.819,-6.449,-3.236
1772002,1900,1900,1759,0.8085,-0.3328,0.6581,11.403,-5.394,-3.157
1772012,1884,1902,1851,0.8099,-0.3326,0.6500,7.418,-4.296,-2.970
1772022,1909,1902,1779,0.8082,-0.3366,0.6400,3.120,-3.170,-2.635
1772032,1860,1903,1789,0.8056,-0.3425,0.6288,-1.188,-2.111,-2.139
1772042,1874,1899,2012,0.8033,-0.3528,0.6160,-5.200,-1.207,-1.549
1772052,1857,1907,1745,0.8007,-0.3647,0.6032,-8.645,-0.567,-0.942
1772062,1894,1901,1783,0.7993,-0.3783,0.5945,-11.295,-0.197,-0.257
1772072,1863,1915,1868,0.7980,-0.3926,0.5875,-13.009,-0.018,0.466
1772082,1867,1899,1891,0.7971,-0.4065,0.5823,-13.742,-0.000,1.113
1772092,1863,1912,1779,0.7944,-0.4208,0.5801,-13.490,-0.155,1.611
1772102,1905,1902,1745,0.7908,-0.4343,0.5787,-12.275,-0.411,1.948
1772112,1854,1917,1791,0.7878,-0.4450,0.5787,-10.164,-0.745,2.235
1772122,1919,1904,1828,0.7843,-0.4535,0.5801,-7.304,-1.171,2.508
1772132,1855,1905,1936,0.7817,-0.4584,0.5819,-3.861,-1.688,2.767
1772142,1901,1900,1747,0.7790,-0.4588,0.5859,-0.037,-2.283,3.030
1772152,1855,1906,1957,0.7781,-0.4559,0.5932,3.876,-2.936,3.288
1772162,1891,1900,1834,0.7785,-0.4499,0.6007,7.597,-3.575,3.487
1772172,1906,1905,1748,0.7796,-0.4422,0.6082,10.871,-4.127,3.605
1772182,1892,1900,1811,0.7814,-0.4343,0.6171,13.528,-4.552,3.637
1772192,1861,1906,1884,0.7833,-0.4253,0.6233,15.509,-4.813,3.566
1772202,1903,1902,1987,0.7847,-0.4154,0.6335,16.816,-5.038,3.408
1772212,1859,1925,1836,0.7876,-0.4045,0.6429,17.394,-5.143,3.162
1772222,1904,1901,1946,0.7908,-0.3970,0.6500,17.234,-5.056,2.787
1772232,1862,1907,1790,0.7945,-0.3893,0.6575,16.333,-4.939,2.358
1772242,1911,1899,1744,0.7973,-0.3803,0.6591,14.915,-4.600,2.015
1772252,1860,1907,1773,0.7972,-0.3752,0.6616,12.977,-4.122,1.642
1772262,1890,1903,1751,0.7954,-0.3728,0.6580,10.693,-3.552,1.161
1772272,1864,1914,1784,0.7940,-0.3729,0.6569,8.251,-2.947,0.677
1772282,1897,1906,1785,0.7938,-0.3753,0.6531,5.729,-2.424,0.291
1772292,1863,1946,1802,0.7943,-0.3768,0.6503,3.341,-1.914,0.111
1772302,1908,1900,1790,0.7939,-0.3793,0.6453,1.231,-1.443,0.047
1772312,1878,1898,1815,0.7922,-0.3841,0.6420,-0.442,-0.923,0.007
1772322,1880,1900,1871,0.7916,-0.3894,0.6401,-1.702,-0.489,0.022
1772332,1867,1916,1903,0.7928,-0.3924,0.6349,-2.528,-0.095,0.134
1772342,1897,1900,1823,0.7942,-0.3946,0.6306,-2.952,0.216,0.301
1772352,1870,1908,1869,0.7937,-0.3984,0.6266,-2.994,0.483,0.485
1772362,1925,1906,1779,0.7926,-0.4012,0.6246,-2.718,0.692,0.680
1772372,1873,1906,2022,0.7925,-0.4021,0.6222,-2.286,0.800,0.893
1772382,1895,1904,1752,0.7923,-0.4030,0.6199,-1.746,0.863,1.087
1772392,1854,1915,1875,0.7938,-0.4033,0.6213,-1.206,0.807,1.251
1772402,1890,1903,2033,0.7941,-0.4018,0.6207,-0.709,0.767,1.407
1772412,1871,1909,1830,0.7940,-0.4014,0.6208,-0.336,0.735,1.509
1772422,1916,1899,1772,0.7948,-0.4002,0.6209,-0.122,0.684,1.541
1772432,1858,1905,1765,0.7956,-0.3990,0.6213,0.007,0.693,1.534
1772442,1903,1903,1784,0.7956,-0.3977,0.6238,0.006,0.681,1.465
1772452,1855,1916,1886,0.7956,-0.3964,0.6254,-0.069,0.738,1.311
1772462,1916,1905,2486,0.7950,-0.3945,0.6267,-0.207,0.806,1.082
1772472,1866,1910,1825,0.7952,-0.3942,0.6282,-0.456,0.886,0.803
1772482,1904,1900,1757,0.7953,-0.3943,0.6267,-0.837,1.015,0.537
1772492,1935,1925,2037,0.7942,-0.3942,0.6270,-1.343,1.183,0.312
1772502,1893,1914,2270,0.7929,-0.3948,0.6263,-1.929,1.373,0.112
1772512,1854,1909,1781,0.7917,-0.3956,0.6245,-2.583,1.552,-0.052
1772522,1914,1899,1745,0.7924,-0.3982,0.6231,-3.272,1.656,-0.167
1772532,1865,1916,1843,0.7922,-0.4007,0.6218,-3.905,1.727,-0.236
1772542,1937,1908,2433,0.7914,-0.4025,0.6203,-4.410,1.760,-0.288
1772552,1852,1903,1900,0.7898,-0.4043,0.6177,-4.709,1.763,-0.354
1772562,1896,1899,1785,0.7892,-0.4062,0.6180,-4.758,1.712,-0.427
1772572,1856,1914,1771,0.7892,-0.4083,0.6181,-4.610,1.548,-0.467
1772582,1895,1902,1753,0.7887,-0.4106,0.6199,-4.238,1.366,-0.439
1772592,1882,1911,1817,0.7884,-0.4105,0.6225,-3.716,1.143,-0.350
1772602,1912,1902,2095,0.7883,-0.4097,0.6232,-3.062,0.949,-0.252
1772612,1861,1918,1864,0.7884,-0.4076,0.6249,-2.331,0.740,-0.193
1772622,1891,1900,1865,0.7880,-0.4054,0.6251,-1.611,0.563,-0.164
1772632,1871,1911,1854,0.7881,-0.4035,0.6278,-0.939,0.413,-0.134
1772642,1902,1903,1823,0.7896,-0.4008,0.6329,-0.409,0.239,-0.084
1772652,1865,1906,1776,0.7919,-0.3973,0.6372,-0.083,0.135,-0.049
1772662,1916,1899,1764,0.7935,-0.3954,0.6393,0.052,0.105,-0.035
1772672,1863,1901,1765,0.7929,-0.3933,0.6409,-0.138,0.256,-0.094
1772682,1920,1899,1845,0.7916,-0.3932,0.6420,-0.440,0.391,-0.151
1772692,1901,1903,2296,0.7904,-0.3929,0.6417,-0.873,0.532,-0.161
1772702,1911,1903,2034,0.7904,-0.3935,0.6416,-1.368,0.672,-0.123
1772712,1863,1903,2339,0.7900,-0.3952,0.6393,-1.939,0.802,-0.066
1772722,1904,1899,1989,0.7897,-0.3961,0.6372,-2.575,0.900,-0.003
1772732,1870,1916,1872,0.7903,-0.3983,0.6363,-3.222,0.978,0.057
1772742,1913,1901,1755,0.7905,-0.4009,0.6338,-3.757,1.047,0.115
1772752,1864,1902,1792,0.7888,-0.4039,0.6317,-4.133,1.073,0.159
1772762,1920,1902,1784,0.7876,-0.4071,0.6292,-4.314,1.061,0.199
1772772,1878,1915,1779,0.7870,-0.4105,0.6273,-4.306,0.980,0.220
1772782,1964,1902,1749,0.7860,-0.4122,0.6259,-4.129,0.862,0.254
1772792,1901,1904,1880,0.7853,-0.4142,0.6255,-3.774,0.759,0.330
1772802,1924,1902,1763,0.7852,-0.4143,0.6248,-3.317,0.625,0.419
1772812,1870,1923,1894,0.7853,-0.4149,0.6257,-2.813,0.465,0.513
1772822,1935,1898,1946,0.7851,-0.4146,0.6271,-2.283,0.287,0.610
1772832,1885,1914,1758,0.7850,-0.4147,0.6275,-1.751,0.137,0.702
1772842,1976,1900,1809,0.7856,-0.4144,0.6298,-1.223,-0.018,0.787
1772852,1916,1904,1796,0.7861,-0.4137,0.6302,-0.721,-0.162,0.889
1772862,1991,1902,2477,0.7858,-0.4128,0.6303,-0.281,-0.307,0.991
1772872,1938,1910,1777,0.7866,-0.4116,0.6305,0.152,-0.431,1.098
1772882,1963,1901,1749,0.7853,-0.4106,0.6307,0.582,-0.529,1.225
1772892,1908,1910,1754,0.7848,-0.4103,0.6298,0.966,-0.660,1.369
1772902,1961,1901,1875,0.7851,-0.4092,0.6304,1.271,-0.814,1.543
1772912,1900,1909,1803,0.7852,-0.4079,0.6314,1.525,-0.949,1.759
1772922,1932,1902,1805,0.7858,-0.4070,0.6313,1.710,-1.088,1.997
1772932,1898,1905,1974,0.7862,-0.4067,0.6301,1.792,-1.223,2.219
1772942,1925,1916,1878,0.7867,-0.4067,0.6315,1.791,-1.364,2.407
1772952,1895,1908,1796,0.7869,-0.4073,0.6301,1.762,-1.499,2.576
1772962,1919,1899,1758,0.7863,-0.4083,0.6305,1.757,-1.592,2.729
1772972,1878,1907,1761,0.7863,-0.4084,0.6313,1.805,-1.657,2.872
1772982,1973,1900,1813,0.7868,-0.4085,0.6308,1.925,-1.708,2.978
1772992,1899,1907,1762,0.7865,-0.4091,0.6301,2.133,-1.735,3.059
1773002,1923,1900,1749,0.7862,-0.4087,0.6290,2.395,-1.754,3.117
1773012,1887,1925,1826,0.7856,-0.4094,0.6287,2.614,-1.754,3.158
1773022,1938,1901,2107,0.7851,-0.4091,0.6293,2.783,-1.742,3.204
1773032,1891,1912,1903,0.7847,-0.4094,0.6288,2.853,-1.740,3.227
1773042,1932,1902,2127,0.7837,-0.4092,0.6298,2.825,-1.729,3.235
1773052,1905,1899,1796,0.7852,-0.4103,0.6303,2.707,-1.708,3.213
1773062,1945,1901,1765,0.7872,-0.4113,0.6306,2.536,-1.677,3.164
1773072,1898,1913,1762,0.7881,-0.4117,0.6298,2.366,-1.636,3.105
1773082,1946,1902,1786,0.7864,-0.4116,0.6293,2.217,-1.548,3.017
1773092,1901,1909,1828,0.7845,-0.4116,0.6279,2.131,-1.432,2.888
1773102,1930,1903,2106,0.7839,-0.4118,0.6265,2.061,-1.339,2.743
1773112,1890,1905,1810,0.7849,-0.4124,0.6272,1.995,-1.295,2.600
1773122,1923,1902,1779,0.7848,-0.4130,0.6271,1.918,-1.240,2.494
1773132,1866,1908,1843,0.7851,-0.4121,0.6274,1.811,-1.180,2.409
1773142,1900,1898,1757,0.7856,-0.4117,0.6279,1.678,-1.076,2.293
1773152,1896,1912,2018,0.7860,-0.4113,0.6277,1.523,-0.951,2.141
1773162,1932,1904,1868,0.7866,-0.4104,0.6274,1.372,-0.797,1.983
1773172,1862,1903,1756,0.7861,-0.4104,0.6287,1.225,-0.652,1.832
1773182,1916,1899,1958,0.7868,-0.4117,0.6293,1.062,-0.514,1.696
1773192,1860,1918,2055,0.7873,-0.4123,0.6280,0.837,-0.414,1.594
1773202,1916,1899,1807,0.7867,-0.4130,0.6261,0.585,-0.312,1.553
1773212,1865,1918,1775,0.7871,-0.4129,0.6271,0.348,-0.239,1.543
1773222,1917,1901,1757,0.7862,-0.4133,0.6257,0.147,-0.166,1.535
1773232,1875,1907,2198,0.7857,-0.4128,0.6253,0.022,-0.096,1.526
1773242,1900,1899,1751,0.7859,-0.4133,0.6245,-0.001,-0.024,1.532
1773252,1860,1911,1771,0.7864,-0.4128,0.6250,0.034,0.018,1.528
1773262,1932,1900,1805,0.7868,-0.4125,0.6261,0.103,0.071,1.531
1773272,1868,1906,1767,0.7876,-0.4112,0.6264,0.160,0.179,1.514
1773282,1955,1901,1753,0.7873,-0.4107,0.6266,0.150,0.315,1.468
1773292,1884,1913,1794,0.7865,-0.4098,0.6280,0.060,0.477,1.431
1773302,1946,1901,1905,0.7866,-0.4099,0.6279,-0.095,0.637,1.409
1773312,1875,1905,1756,0.7869,-0.4098,0.6275,-0.317,0.815,1.428
1773322,1918,1902,1932,0.7870,-0.4097,0.6269,-0.569,0.984,1.489
1773332,1859,1932,1780,0.7869,-0.4087,0.6282,-0.856,1.162,1.568
1773342,1933,1901,1806,0.7872,-0.4087,0.6293,-1.134,1.380,1.634
1773352,1872,1909,1848,0.7878,-0.4090,0.6290,-1.415,1.595,1.648
1773362,1906,1901,2157,0.7877,-0.4100,0.6274,-1.659,1.821,1.640
1773372,1867,1907,1755,0.7866,-0.4108,0.6267,-1.882,2.057,1.631
1773382,1935,1902,1773,0.7859,-0.4103,0.6261,-2.057,2.255,1.612
1773392,1869,1913,2034,0.7852,-0.4106,0.6270,-2.246,2.426,1.589
1773402,1905,1901,1882,0.7845,-0.4120,0.6286,-2.478,2.567,1.564
1773412,1877,1915,1835,0.7834,-0.4135,0.6289,-2.751,2.680,1.538
1773422,1933,1900,1969,0.7827,-0.4149,0.6293,-3.040,2.766,1.542
1773432,1855,1923,1802,0.7815,-0.4154,0.6307,-3.310,2.832,1.556
1773442,1910,1901,1907,0.7803,-0.4157,0.6304,-3.519,2.881,1.559
1773452,1874,1906,1791,0.7796,-0.4175,0.6306,-3.658,2.928,1.504
1773462,1906,1900,1936,0.7783,-0.4181,0.6307,-3.721,2.961,1.447
1773472,1878,1924,2229,0.7765,-0.4195,0.6319,-3.742,2.979,1.446
1773482,1925,1902,1840,0.7759,-0.4196,0.6338,-3.767,2.977,1.458
1773492,1872,1917,1757,0.7748,-0.4205,0.6343,-3.837,2.975,1.438
1773502,1917,1902,1775,0.7742,-0.4223,0.6335,-3.983,2.945,1.388
1773512,1893,1912,1882,0.7736,-0.4230,0.6327,-4.164,2.920,1.388
1773522,1916,1903,1871,0.7716,-0.4238,0.6320,-4.318,2.881,1.407
1773532,1906,1922,2003,0.7706,-0.4247,0.6305,-4.435,2.820,1.451
1773542,1886,1901,1936,0.7708,-0.4262,0.6300,-4.454,2.730,1.505
1773552,1874,1904,1776,0.7706,-0.4284,0.6306,-4.376,2.587,1.565
1773562,1889,1901,1850,0.7717,-0.4306,0.6307,-4.210,2.429,1.632
1773572,1886,1903,1788,0.7719,-0.4316,0.6322,-3.964,2.270,1.708
1773582,1906,1900,1817,0.7721,-0.4331,0.6317,-3.636,2.127,1.790
1773592,1868,1915,1873,0.7717,-0.4340,0.6323,-3.195,1.993,1.870
1773602,1876,1905,1779,0.7705,-0.4343,0.6330,-2.662,1.826,1.955
1773612,1877,1908,1854,0.7694,-0.4336,0.6337,-2.053,1.640,2.039
1773622,1930,1903,1800,0.7700,-0.4332,0.6343,-1.443,1.417,2.118
1773632,1866,1907,1770,0.7698,-0.4319,0.6351,-0.864,1.218,2.223
1773642,1904,1901,2114,0.7704,-0.4305,0.6375,-0.354,1.048,2.366
1773652,1874,1916,1764,0.7701,-0.4296,0.6385,0.052,0.917,2.516
1773662,1911,1910,1782,0.7712,-0.4283,0.6387,0.365,0.794,2.661
1773672,1870,1907,1778,0.7708,-0.4268,0.6390,0.575,0.696,2.807
1773682,1896,1901,2156,0.7721,-0.4259,0.6406,0.698,0.629,2.931
1773692,1865,1922,1786,0.7722,-0.4252,0.6416,0.718,0.557,3.013
1773702,1933,1898,1807,0.7725,-0.4244,0.6421,0.638,0.541,3.035
1773712,1868,1912,1793,0.7719,-0.4243,0.6420,0.476,0.554,3.025
1773722,1943,1902,2264,0.7715,-0.4243,0.6425,0.266,0.607,3.012
1773732,1861,1927,1924,0.7714,-0.4240,0.6411,0.034,0.668,3.008
1773742,1902,1899,1797,0.7712,-0.4242,0.6393,-0.216,0.719,3.011
1773752,1860,1903,1796,0.7711,-0.4254,0.6380,-0.447,0.768,3.036
1773762,1872,1903,1836,0.7715,-0.4259,0.6363,-0.662,0.809,3.046
1773772,1861,1907,1842,0.7716,-0.4265,0.6352,-0.813,0.875,3.024
1773782,1873,1905,1952,0.7713,-0.4273,0.6349,-0.880,0.978,2.900
1773792,1877,1912,1980,0.7714,-0.4284,0.6340,-0.806,1.090,2.723
1773802,1947,1898,1795,0.7712,-0.4297,0.6338,-0.632,1.202,2.568
1773812,1867,1907,1930,0.7713,-0.4305,0.6339,-0.434,1.301,2.476
1773822,1904,1902,1811,0.7713,-0.4317,0.6343,-0.287,1.351,2.429
1773832,1871,1901,1762,0.7699,-0.4309,0.6328,-0.230,1.346,2.414
1773842,1922,1900,1902,0.7688,-0.4312,0.6316,-0.299,1.306,2.371
1773852,1855,1908,1756,0.7678,-0.4317,0.6314,-0.507,1.213,2.328
1773862,1909,1902,1821,0.7675,-0.4342,0.6310,-0.802,1.073,2.305
1773872,1869,1914,2086,0.7660,-0.4360,0.6300,-1.081,0.902,2.308
1773882,1886,1904,1879,0.7661,-0.4378,0.6290,-1.263,0.717,2.312
1773892,1853,1917,1897,0.7658,-0.4399,0.6298,-1.327,0.538,2.300
1773902,1895,1906,1931,0.7662,-0.4410,0.6309,-1.241,0.374,2.252
1773912,1861,1929,2156,0.7660,-0.4420,0.6330,-1.022,0.239,2.165
1773922,1910,1904,1921,0.7659,-0.4420,0.6355,-0.690,0.164,2.056
1773932,1862,1917,1989,0.7659,-0.4423,0.6380,-0.313,0.156,1.956
1773942,1900,1897,1789,0.7650,-0.4433,0.6404,0.041,0.183,1.864
1773952,1854,1904,1832,0.7643,-0.4416,0.6413,0.319,0.237,1.796
1773962,1896,1902,1802,0.7641,-0.4409,0.6410,0.449,0.324,1.736
1773972,1877,1913,1855,0.7637,-0.4401,0.6408,0.369,0.414,1.684
1773982,1894,1902,1813,0.7628,-0.4395,0.6396,0.130,0.536,1.655
1773992,1860,1915,1865,0.7619,-0.4394,0.6393,-0.237,0.697,1.660
1774002,1915,1903,1761,0.7616,-0.4395,0.6400,-0.673,0.863,1.678
1774012,1871,1909,1787,0.7611,-0.4402,0.6391,-1.128,1.037,1.704
1774022,1909,1903,1768,0.7619,-0.4410,0.6400,-1.543,1.185,1.737
1774032,1870,1906,1971,0.7627,-0.4434,0.6376,-1.871,1.337,1.788
1774042,1938,1905,1790,0.7625,-0.4430,0.6371,-2.072,1.515,1.835
1774052,1861,1908,1754,0.7623,-0.4422,0.6370,-2.174,1.685,1.827
1774062,1917,1902,1770,0.7621,-0.4423,0.6355,-2.201,1.843,1.770
1774072,1858,1908,1806,0.7614,-0.4422,0.6346,-2.166,1.981,1.716
1774082,1905,1905,1862,0.7611,-0.4423,0.6331,-2.096,2.102,1.681
1774092,1859,1903,1758,0.7606,-0.4425,0.6321,-2.041,2.201,1.635
1774102,1942,1903,2101,0.7609,-0.4419,0.6322,-2.039,2.273,1.591
1774112,1887,1903,1963,0.7610,-0.4415,0.6324,-2.070,2.306,1.553
1774122,1944,1927,1958,0.7611,-0.4421,0.6324,-2.124,2.325,1.502
1774132,1874,1899,1891,0.7612,-0.4434,0.6361,-2.196,2.350,1.457
1774142,1922,1901,1778,0.7612,-0.4447,0.6387,-2.218,2.441,1.442
1774152,1854,1904,1782,0.7602,-0.4441,0.6417,-2.134,2.582,1.419
1774162,1901,1900,1919,0.7592,-0.4445,0.6442,-1.955,2.745,1.362
1774172,1875,1908,2027,0.7588,-0.4446,0.6460,-1.684,2.888,1.259
1774182,1894,1903,2303,0.7577,-0.4437,0.6486,-1.370,2.997,1.148
1774192,1868,1908,1783,0.7574,-0.4442,0.6508,-1.074,3.068,1.011
1774202,1888,1902,1778,0.7568,-0.4441,0.6517,-0.873,3.104,0.850
1774212,1876,1912,1764,0.7559,-0.4431,0.6526,-0.795,3.129,0.703
1774222,1886,1899,1770,0.7549,-0.4435,0.6531,-0.884,3.136,0.584
1774232,1888,1904,1805,0.7532,-0.4442,0.6518,-1.204,3.062,0.565
1774242,1897,1901,2025,0.7524,-0.4451,0.6514,-1.526,2.975,0.588
1774252,1863,1907,1776,0.7512,-0.4464,0.6506,-1.827,2.878,0.632
1774262,1887,1903,1771,0.7502,-0.4472,0.6508,-2.035,2.755,0.702
1774272,1867,1911,1814,0.7499,-0.4480,0.6507,-2.097,2.612,0.783
1774282,1865,1901,1788,0.7497,-0.4490,0.6502,-2.016,2.479,0.849
1774292,1862,1903,1889,0.7503,-0.4502,0.6509,-1.819,2.338,0.896
1774302,1913,1906,2152,0.7507,-0.4514,0.6511,-1.572,2.179,0.917
1774312,1855,1918,1896,0.7504,-0.4519,0.6505,-1.310,2.035,0.949
1774322,1892,1901,1788,0.7514,-0.4527,0.6497,-1.024,1.899,0.997
1774332,1882,1909,1775,0.7506,-0.4528,0.6501,-0.772,1.764,1.057
1774342,1920,1899,1755,0.7499,-0.4528,0.6484,-0.535,1.631,1.120
1774352,1858,1910,1777,0.7498,-0.4537,0.6484,-0.335,1.470,1.170
1774362,1896,1899,1866,0.7492,-0.4538,0.6474,-0.160,1.288,1.218
1774372,1856,1913,1806,0.7484,-0.4531,0.6459,0.032,1.123,1.275
1774382,1898,1903,1771,0.7481,-0.4532,0.6460,0.237,0.926,1.325
1774392,1874,1912,1897,0.7485,-0.4538,0.6467,0.456,0.746,1.361
1774402,1897,1901,1816,0.7493,-0.4549,0.6464,0.696,0.563,1.390
1774412,1867,1917,2023,0.7505,-0.4559,0.6461,0.887,0.364,1.431
1774422,1894,1901,2009,0.7504,-0.4563,0.6452,1.151,0.217,1.491
1774432,1886,1904,1870,0.7504,-0.4566,0.6439,1.454,0.060,1.555
1774442,1907,1900,1794,0.7499,-0.4563,0.6440,1.764,-0.158,1.599
1774452,1860,1930,1979,0.7503,-0.4547,0.6439,2.071,-0.354,1.605
1774462,1923,1907,1828,0.7501,-0.4541,0.6428,2.328,-0.565,1.597
1774472,1879,1907,1809,0.7510,-0.4528,0.6429,2.590,-0.763,1.580
1774482,1896,1905,2102,0.7508,-0.4516,0.6432,2.819,-0.947,1.551
1774492,1869,1912,1771,0.7505,-0.4510,0.6437,2.989,-1.124,1.527
1774502,1913,1902,1920,0.7517,-0.4513,0.6444,3.104,-1.347,1.533
1774512,1883,1922,2014,0.7520,-0.4512,0.6454,3.188,-1.552,1.573
1774522,1907,1900,1961,0.7524,-0.4504,0.6467,3.260,-1.742,1.614
1774532,1867,1917,1777,0.7521,-0.4504,0.6469,3.372,-1.893,1.645
1774542,1906,1899,1877,0.7514,-0.4497,0.6480,3.554,-1.995,1.663
1774552,1872,1914,2045,0.7518,-0.4488,0.6482,3.815,-2.079,1.683
1774562,1917,1901,1766,0.7513,-0.4486,0.6485,4.105,-2.138,1.705
1774572,1867,1914,1923,0.7514,-0.4479,0.6489,4.387,-2.214,1.737
1774582,1924,1901,1956,0.7512,-0.4474,0.6491,4.578,-2.299,1.763
1774592,1881,1906,1795,0.7519,-0.4474,0.6498,4.677,-2.440,1.777
1774602,1917,1901,1892,0.7523,-0.4479,0.6493,4.685,-2.591,1.786
1774612,1880,1910,1895,0.7528,-0.4478,0.6510,4.665,-2.767,1.786
1774622,1903,1903,1760,0.7531,-0.4479,0.6526,4.666,-2.968,1.780
1774632,1871,1907,1933,0.7528,-0.4478,0.6523,4.729,-3.123,1.772
1774642,1902,1902,1768,0.7528,-0.4476,0.6536,4.853,-3.272,1.758
1774652,1878,1912,1756,0.7527,-0.4466,0.6526,5.025,-3.364,1.742
1774662,1895,1903,1950,0.7522,-0.4452,0.6531,5.279,-3.395,1.734
1774672,1883,1909,1765,0.7518,-0.4436,0.6544,5.579,-3.424,1.731
1774682,1898,1903,2172,0.7523,-0.4421,0.6544,5.823,-3.436,1.716
1774692,1869,1909,1786,0.7519,-0.4403,0.6546,5.977,-3.442,1.707
1774702,1907,1908,2250,0.7523,-0.4394,0.6558,6.019,-3.422,1.715
1774712,1877,1911,1938,0.7527,-0.4389,0.6565,5.966,-3.393,1.729
1774722,1883,1915,1814,0.7532,-0.4383,0.6573,5.781,-3.372,1.744
1774732,1887,1913,1780,0.7536,-0.4375,0.6561,5.498,-3.349,1.746
1774742,1886,1901,1839,0.7540,-0.4364,0.6567,5.175,-3.303,1.765
1774752,1886,1909,1773,0.7538,-0.4372,0.6554,4.829,-3.256,1.767
1774762,1914,1903,1761,0.7531,-0.4385,0.6534,4.489,-3.209,1.774
1774772,1894,1921,1783,0.7538,-0.4391,0.6519,4.221,-3.171,1.810
1774782,1897,1901,1789,0.7543,-0.4400,0.6510,4.051,-3.169,1.851
1774792,1891,1904,1823,0.7542,-0.4408,0.6496,3.964,-3.133,1.882
1774802,1899,1904,1989,0.7549,-0.4415,0.6493,3.939,-3.098,1.898
1774812,1871,1913,1857,0.7555,-0.4417,0.6486,3.963,-3.074,1.911
1774822,1923,1928,1958,0.7551,-0.4408,0.6455,4.029,-2.996,1.909
1774832,1908,1909,1830,0.7551,-0.4417,0.6477,4.093,-2.955,1.858
1774842,1911,1905,1886,0.7559,-0.4428,0.6481,4.089,-2.900,1.781
1774852,1889,1908,2134,0.7558,-0.4429,0.6480,4.051,-2.788,1.744
1774862,1911,1903,1793,0.7565,-0.4429,0.6499,3.968,-2.717,1.737
1774872,1896,1907,1768,0.7554,-0.4428,0.6487,3.884,-2.598,1.739
1774882,1906,1902,1963,0.7547,-0.4413,0.6491,3.785,-2.520,1.749
1774892,1887,1912,1909,0.7543,-0.4418,0.6477,3.679,-2.431,1.733
1774902,1898,1902,1885,0.7528,-0.4424,0.6475,3.596,-2.358,1.695
1774912,1895,1909,1795,0.7537,-0.4430,0.6462,3.505,-2.353,1.667
1774922,1895,1904,1867,0.7539,-0.4425,0.6451,3.462,-2.336,1.670
1774932,1884,1919,1829,0.7550,-0.4440,0.6472,3.459,-2.375,1.679
1774942,1908,1908,1995,0.7548,-0.4442,0.6474,3.498,-2.339,1.708
1774952,1880,1907,1878,0.7565,-0.4436,0.6499,3.538,-2.343,1.737
1774962,1909,1905,1759,0.7564,-0.4425,0.6477,3.567,-2.326,1.711
1774972,1883,1907,1805,0.7559,-0.4419,0.6495,3.701,-2.240,1.652
1774982,1908,1903,1871,0.7565,-0.4419,0.6501,3.792,-2.206,1.574
1774992,1887,1907,1848,0.7555,-0.4402,0.6494,3.948,-2.086,1.514
1775002,1929,1903,1809,0.7564,-0.4392,0.6512,4.039,-2.107,1.464
1775012,1903,1922,1797,0.7566,-0.4366,0.6483,4.114,-2.024,1.411
1775022,1890,1935,2415,0.7576,-0.4342,0.6501,4.109,-1.977,1.330
1775032,1867,1910,1825,0.7579,-0.4333,0.6493,4.003,-1.916,1.232
1775042,1941,1905,2403,0.7584,-0.4327,0.6502,3.849,-1.777,1.122
1775052,1885,1907,1791,0.7598,-0.4331,0.6501,3.554,-1.699,1.030
1775062,1924,1903,1780,0.7602,-0.4322,0.6490,3.267,-1.542,0.932
1775072,1885,1910,1765,0.7620,-0.4308,0.6510,2.949,-1.459,0.834
1775082,1905,1902,1773,0.7623,-0.4296,0.6496,2.664,-1.316,0.733
1775092,1888,1918,1862,0.7624,-0.4272,0.6469,2.393,-1.182,0.622
1775102,1924,1901,1757,0.7632,-0.4260,0.6463,2.103,-1.127,0.470
1775112,1886,1903,1778,0.7624,-0.4255,0.6426,1.827,-1.059,0.287
1775122,1903,1902,1906,0.7611,-0.4254,0.6416,1.602,-1.034,0.124
1775132,1929,1904,1768,0.7629,-0.4275,0.6414,1.340,-1.103,0.018
1775142,1900,1904,1863,0.7643,-0.4281,0.6401,1.093,-1.188,-0.002
1775152,1886,1910,1789,0.7668,-0.4286,0.6411,0.807,-1.322,-0.000
1775162,1924,1903,1782,0.7671,-0.4282,0.6406,0.543,-1.410,-0.038
1775172,1903,1912,1825,0.7668,-0.4276,0.6418,0.336,-1.460,-0.159
1775182,1898,1902,1808,0.7669,-0.4282,0.6404,0.210,-1.521,-0.344
1775192,1902,1914,1756,0.7662,-0.4283,0.6404,0.209,-1.550,-0.553
1775202,1918,1900,1874,0.7656,-0.4283,0.6429,0.315,-1.593,-0.733
1775212,1892,1907,2069,0.7642,-0.4283,0.6419,0.466,-1.587,-0.864
1775222,1926,1903,3115,0.7644,-0.4273,0.6428,0.614,-1.597,-0.925
1775232,1915,1915,1772,0.7658,-0.4277,0.6434,0.683,-1.630,-0.934
1775242,1905,1903,1788,0.7664,-0.4267,0.6454,0.669,-1.656,-0.891
1775252,1895,1909,1773,0.7662,-0.4259,0.6467,0.588,-1.717,-0.815
1775262,1933,1902,1804,0.7660,-0.4257,0.6466,0.479,-1.709,-0.756
1775272,1908,1911,1839,0.7652,-0.4249,0.6478,0.392,-1.690,-0.675
1775282,1924,1901,1759,0.7641,-0.4243,0.6491,0.359,-1.677,-0.566
1775292,1901,1917,1909,0.7631,-0.4245,0.6484,0.360,-1.613,-0.450
1775302,1928,1907,1996,0.7621,-0.4238,0.6479,0.381,-1.542,-0.300
1775312,1910,1962,2301,0.7625,-0.4235,0.6506,0.417,-1.522,-0.129
1775322,1923,1901,1811,0.7629,-0.4236,0.6505,0.385,-1.463,-0.001
1775332,1897,1912,1927,0.7641,-0.4246,0.6526,0.303,-1.423,0.091
1775342,1923,1905,1905,0.7650,-0.4255,0.6544,0.176,-1.367,0.135
1775352,1907,1920,2098,0.7649,-0.4260,0.6564,0.072,-1.260,0.139
1775362,1930,1902,1949,0.7643,-0.4257,0.6577,-0.030,-1.149,0.100
1775372,1900,1914,1760,0.7637,-0.4263,0.6592,-0.115,-1.049,0.030
1775382,1923,1903,1823,0.7633,-0.4281,0.6624,-0.256,-0.984,-0.057
1775392,1901,1910,1841,0.7628,-0.4292,0.6641,-0.419,-0.811,-0.162
1775402,1936,1903,1876,0.7609,-0.4301,0.6680,-0.536,-0.560,-0.256
1775412,1920,1935,1775,0.7594,-0.4318,0.6701,-0.588,-0.257,-0.349
1775422,1927,1906,2254,0.7584,-0.4323,0.6724,-0.596,0.085,-0.433
1775432,1899,1909,1964,0.7570,-0.4324,0.6747,-0.612,0.427,-0.504
1775442,1917,1910,1798,0.7549,-0.4318,0.6743,-0.627,0.771,-0.585
1775452,1925,1909,1761,0.7530,-0.4312,0.6745,-0.741,1.074,-0.682
1775462,1927,1905,1825,0.7523,-0.4311,0.6722,-0.966,1.312,-0.751
1775472,1924,1907,1978,0.7519,-0.4308,0.6698,-1.292,1.515,-0.784
1775482,1926,1902,1772,0.7517,-0.4292,0.6681,-1.720,1.657,-0.760
1775492,1906,1916,1816,0.7534,-0.4280,0.6662,-2.242,1.723,-0.703
1775502,1916,1903,1837,0.7543,-0.4282,0.6636,-2.860,1.771,-0.616
1775512,1893,1954,1833,0.7544,-0.4293,0.6591,-3.514,1.854,-0.505
1775522,1927,1903,1793,0.7547,-0.4303,0.6554,-4.123,1.888,-0.361
1775532,1900,1916,1795,0.7549,-0.4316,0.6503,-4.600,1.842,-0.159
1775542,1930,1903,1772,0.7553,-0.4342,0.6477,-4.893,1.717,0.051
1775552,1910,1932,1802,0.7556,-0.4358,0.6435,-4.956,1.548,0.268
1775562,1909,1904,1841,0.7550,-0.4380,0.6408,-4.761,1.337,0.482
1775572,1897,1914,1766,0.7556,-0.4389,0.6394,-4.342,1.096,0.659
1775582,1908,1905,2472,0.7560,-0.4409,0.6389,-3.750,0.866,0.820
1775592,1889,1917,2084,0.7564,-0.4425,0.6393,-3.030,0.643,0.977
1775602,1921,1904,1779,0.7580,-0.4429,0.6400,-2.266,0.425,1.112
1775612,1893,1934,1781,0.7592,-0.4424,0.6405,-1.496,0.185,1.218
1775622,1907,1907,1946,0.7597,-0.4412,0.6410,-0.788,-0.050,1.289
1775632,1895,1913,1776,0.7593,-0.4408,0.6421,-0.214,-0.263,1.318
1775642,1898,1904,1775,0.7590,-0.4396,0.6437,0.250,-0.436,1.323
1775652,1898,1938,1817,0.7584,-0.4389,0.6450,0.564,-0.594,1.309
1775662,1917,1903,1850,0.7583,-0.4382,0.6457,0.706,-0.733,1.281
1775672,1909,1917,1764,0.7583,-0.4371,0.6476,0.692,-0.815,1.244
1775682,1908,1900,1792,0.7582,-0.4367,0.6493,0.569,-0.822,1.195
1775692,1888,1910,1764,0.7574,-0.4364,0.6507,0.386,-0.754,1.115
1775702,1912,1901,1787,0.7568,-0.4373,0.6514,0.175,-0.595,1.003
1775712,1873,1938,1764,0.7566,-0.4377,0.6531,-0.033,-0.401,0.858
1775722,1913,1902,1970,0.7572,-0.4379,0.6527,-0.233,-0.207,0.714
1775732,1895,1917,1817,0.7563,-0.4391,0.6525,-0.407,-0.014,0.613
1775742,1903,1904,1816,0.7561,-0.4408,0.6528,-0.598,0.148,0.549
1775752,1896,1928,1840,0.7568,-0.4418,0.6506,-0.798,0.328,0.523
1775762,1908,1901,1784,0.7561,-0.4400,0.6500,-0.993,0.510,0.504
1775772,1900,1931,1778,0.7559,-0.4409,0.6489,-1.190,0.639,0.469
1775782,1914,1903,1942,0.7555,-0.4416,0.6475,-1.234,0.757,0.381
1775792,1896,1925,1904,0.7557,-0.4425,0.6465,-1.200,0.834,0.317
1775802,1890,1914,2791,0.7563,-0.4426,0.6459,-1.096,0.866,0.302
1775812,1902,1926,1948,0.7569,-0.4429,0.6453,-0.957,0.855,0.317
1775822,1897,1904,1870,0.7575,-0.4436,0.6438,-0.810,0.837,0.334
1775832,1915,1937,1810,0.7579,-0.4429,0.6432,-0.681,0.783,0.365
1775842,1880,1904,1773,0.7579,-0.4424,0.6418,-0.527,0.709,0.385
1775852,1895,1928,1838,0.7579,-0.4411,0.6421,-0.323,0.629,0.407
1775862,1886,1900,1796,0.7578,-0.4403,0.6414,-0.069,0.551,0.413
1775872,1890,1919,1762,0.7576,-0.4396,0.6406,0.219,0.485,0.410
1775882,1886,1904,1886,0.7591,-0.4382,0.6413,0.487,0.377,0.389
1775892,1886,1919,1762,0.7595,-0.4365,0.6428,0.722,0.286,0.367
1775902,1885,1906,1778,0.7596,-0.4351,0.6447,0.896,0.188,0.335
1775912,1930,1942,2236,0.7593,-0.4344,0.6454,1.013,0.098,0.291
1775922,1896,1904,1835,0.7590,-0.4335,0.6471,1.074,0.056,0.236
1775932,1881,1916,1844,0.7595,-0.4335,0.6473,1.028,0.008,0.188
1775942,1867,1913,1860,0.7593,-0.4339,0.6485,0.924,0.021,0.184
1775952,1884,1914,2023,0.7593,-0.4332,0.6511,0.766,0.013,0.210
1775962,1876,1909,1785,0.7595,-0.4323,0.6511,0.596,0.024,0.217
1775972,1894,1917,1774,0.7589,-0.4318,0.6517,0.412,0.055,0.172
1775982,1882,1903,1806,0.7590,-0.4323,0.6524,0.219,0.092,0.095
1775992,1892,1916,1765,0.7582,-0.4335,0.6522,0.062,0.162,0.027
1776002,1877,1902,1889,0.7580,-0.4332,0.6530,-0.090,0.251,-0.032
1776012,1882,1929,2322,0.7568,-0.4330,0.6522,-0.242,0.369,-0.061
1776022,1903,1902,1995,0.7561,-0.4333,0.6512,-0.394,0.471,-0.059
1776032,1894,1933,1829,0.7558,-0.4350,0.6501,-0.571,0.574,-0.058
1776042,1868,1903,1806,0.7551,-0.4364,0.6490,-0.763,0.639,-0.036
1776052,1892,1926,1783,0.7562,-0.4379,0.6487,-0.962,0.665,-0.014
1776062,1871,1903,1776,0.7575,-0.4382,0.6489,-1.091,0.656,-0.020
1776072,1878,1920,1767,0.7577,-0.4383,0.6485,-1.116,0.623,-0.065
1776082,1871,1905,1862,0.7571,-0.4384,0.6489,-1.034,0.604,-0.150
1776092,1895,1939,1763,0.7564,-0.4385,0.6480,-0.875,0.577,-0.256
1776102,1876,1908,1866,0.7563,-0.4377,0.6470,-0.673,0.525,-0.351
1776112,1868,1907,1811,0.7555,-0.4374,0.6468,-0.478,0.472,-0.406
1776122,1885,1902,1792,0.7557,-0.4371,0.6476,-0.323,0.413,-0.438
1776132,1872,1920,3896,0.7564,-0.4366,0.6482,-0.248,0.357,-0.453
1776142,1870,1904,1863,0.7563,-0.4366,0.6505,-0.231,0.333,-0.460
1776152,1889,1933,1804,0.7561,-0.4359,0.6510,-0.291,0.304,-0.470
1776162,1872,1903,1787,0.7574,-0.4359,0.6500,-0.365,0.332,-0.486
1776172,1873,1912,1793,0.7577,-0.4358,0.6509,-0.413,0.370,-0.520
1776182,1877,1903,1952,0.7577,-0.4350,0.6489,-0.393,0.450,-0.552
1776192,1921,1915,1962,0.7570,-0.4347,0.6490,-0.309,0.526,-0.593
1776202,1872,1911,1846,0.7560,-0.4342,0.6501,-0.219,0.592,-0.633
1776212,1901,1915,2034,0.7564,-0.4344,0.6511,-0.157,0.643,-0.662
1776222,1875,1903,1785,0.7560,-0.4343,0.6502,-0.166,0.688,-0.672
1776232,1908,1933,1787,0.7556,-0.4335,0.6501,-0.262,0.731,-0.692
1776242,1870,1903,1778,0.7541,-0.4328,0.6498,-0.474,0.750,-0.708
1776252,1894,1916,1776,0.7528,-0.4319,0.6494,-0.859,0.706,-0.737
1776262,1875,1903,1835,0.7523,-0.4309,0.6502,-1.546,0.551,-0.819
1776272,1903,1912,1823,0.7521,-0.4308,0.6496,-2.427,0.383,-0.909
1776282,1873,1903,1991,0.7527,-0.4337,0.6497,-3.334,0.257,-0.953
1776292,1898,1915,1971,0.7527,-0.4355,0.6485,-4.149,0.183,-0.898
1776302,1885,1901,1830,0.7536,-0.4391,0.6479,-4.730,0.144,-0.803
1776312,1898,1909,1797,0.7548,-0.4430,0.6494,-5.043,0.099,-0.696
1776322,1875,1902,1885,0.7549,-0.4443,0.6483,-4.977,0.182,-0.605
1776332,1898,1910,2049,0.7545,-0.4450,0.6491,-4.499,0.323,-0.545
1776342,1898,1899,1926,0.7545,-0.4460,0.6504,-3.701,0.443,-0.578
1776352,1908,1915,1771,0.7563,-0.4467,0.6513,-2.752,0.563,-0.660
1776362,1881,1901,1941,0.7565,-0.4464,0.6505,-1.740,0.712,-0.722
1776372,1913,1912,1976,0.7558,-0.4451,0.6530,-0.754,0.854,-0.806
1776382,1874,1904,1768,0.7552,-0.4440,0.6545,0.114,1.022,-0.890
1776392,1900,1913,1777,0.7553,-0.4413,0.6550,0.797,1.179,-0.927
1776402,1886,1903,1766,0.7548,-0.4394,0.6549,1.271,1.275,-0.965
1776412,1920,1918,2343,0.7540,-0.4381,0.6563,1.572,1.333,-1.007
1776422,1871,1903,1880,0.7532,-0.4366,0.6562,1.718,1.406,-1.022
1776432,1910,1916,1984,0.7538,-0.4355,0.6583,1.696,1.401,-1.026
1776442,1880,1905,1781,0.7556,-0.4336,0.6597,1.543,1.335,-1.010
1776452,1899,1910,2100,0.7566,-0.4315,0.6579,1.330,1.321,-0.971
1776462,1900,1913,2034,0.7564,-0.4303,0.6581,1.034,1.234,-0.950
1776472,1922,1910,1792,0.7542,-0.4286,0.6571,0.764,1.229,-1.002
1776482,1907,1920,2030,0.7536,-0.4308,0.6587,0.524,1.206,-1.097
1776492,1936,1908,1905,0.7555,-0.4328,0.6577,0.280,1.153,-1.172
1776502,1880,1902,1978,0.7568,-0.4325,0.6592,0.119,1.074,-1.153
1776512,1904,1903,2182,0.7582,-0.4323,0.6611,0.005,0.948,-1.100
1776522,1888,1903,1767,0.7574,-0.4318,0.6594,-0.013,0.939,-1.078
1776532,1928,1908,1902,0.7570,-0.4304,0.6599,-0.040,0.894,-1.104
1776542,1893,1902,1820,0.7562,-0.4310,0.6570,-0.086,0.827,-1.179
1776552,1929,1910,1812,0.7564,-0.4317,0.6580,-0.129,0.755,-1.250
1776562,1874,1918,1933,0.7568,-0.4318,0.6581,-0.169,0.656,-1.254
1776572,1908,1914,1781,0.7572,-0.4304,0.6583,-0.170,0.570,-1.202
1776582,1885,1902,2201,0.7576,-0.4302,0.6575,-0.202,0.447,-1.151
1776592,1988,1977,1766,0.7580,-0.4295,0.6560,-0.226,0.373,-1.127
1776602,1886,1904,2075,0.7580,-0.4284,0.6549,-0.236,0.311,-1.123
1776612,1917,1906,1818,0.7568,-0.4267,0.6532,-0.272,0.202,-1.146
1776622,1886,1904,1844,0.7571,-0.4252,0.6522,-0.426,0.052,-1.191
1776632,1922,1911,1988,0.7578,-0.4234,0.6501,-0.720,-0.118,-1.233
1776642,1881,1907,1976,0.7585,-0.4223,0.6506,-1.140,-0.293,-1.278
1776652,1933,1903,2002,0.7590,-0.4219,0.6497,-1.686,-0.475,-1.337
1776662,1893,1904,1987,0.7590,-0.4227,0.6480,-2.281,-0.579,-1.405
1776672,1949,1933,2131,0.7579,-0.4250,0.6455,-2.752,-0.634,-1.486
1776682,1891,1902,1846,0.7587,-0.4305,0.6460,-2.998,-0.704,-1.555
1776692,1949,1904,1770,0.7599,-0.4353,0.6435,-3.035,-0.775,-1.487
1776702,1899,1903,1774,0.7614,-0.4351,0.6454,-2.865,-0.948,-1.258
1776712,1982,1924,1795,0.7623,-0.4347,0.6471,-2.554,-1.130,-1.037
1776722,1924,1902,2053,0.7611,-0.4314,0.6448,-2.060,-1.157,-1.001
1776732,1960,1919,2061,0.7618,-0.4309,0.6463,-1.515,-1.160,-1.184
1776742,1919,1902,2002,0.7632,-0.4316,0.6454,-0.942,-1.137,-1.379
1776752,1948,1914,1785,0.7633,-0.4309,0.6464,-0.383,-1.125,-1.433
1776762,1890,1902,1771,0.7637,-0.4297,0.6485,0.107,-1.092,-1.344
1776772,1939,1927,1788,0.7641,-0.4273,0.6490,0.497,-1.010,-1.223
1776782,1883,1903,1791,0.7646,-0.4250,0.6512,0.747,-0.982,-1.177
1776792,1945,1907,1834,0.7653,-0.4244,0.6511,0.869,-0.954,-1.221
1776802,1904,1903,1904,0.7657,-0.4245,0.6517,0.884,-0.959,-1.325
1776812,1964,1910,1772,0.7648,-0.4246,0.6509,0.871,-0.988,-1.416
1776822,1905,1906,1934,0.7646,-0.4241,0.6515,0.890,-1.046,-1.450
1776832,1944,1901,1840,0.7649,-0.4231,0.6517,0.890,-1.165,-1.447
1776842,1930,1904,1813,0.7644,-0.4225,0.6522,0.858,-1.267,-1.427
1776852,1945,1913,1771,0.7638,-0.4221,0.6552,0.766,-1.383,-1.409
1776862,1895,1919,1775,0.7637,-0.4217,0.6564,0.623,-1.504,-1.403
1776872,1949,1901,1775,0.7639,-0.4212,0.6576,0.473,-1.582,-1.400
1776882,1902,1907,1809,0.7637,-0.4208,0.6591,0.379,-1.621,-1.433
1776892,1961,1912,1775,0.7626,-0.4205,0.6613,0.355,-1.614,-1.464
1776902,1893,1904,1962,0.7619,-0.4199,0.6618,0.390,-1.574,-1.460
1776912,1946,1905,1982,0.7609,-0.4200,0.6625,0.406,-1.497,-1.435
1776922,1915,1908,1967,0.7594,-0.4195,0.6623,0.369,-1.408,-1.365
1776932,1943,1907,1907,0.7596,-0.4190,0.6631,0.284,-1.315,-1.263
1776942,1895,1916,1788,0.7599,-0.4193,0.6631,0.130,-1.205,-1.133
1776952,1944,1912,1789,0.7605,-0.4208,0.6641,-0.116,-1.119,-0.975
1776962,1908,1902,1851,0.7601,-0.4224,0.6645,-0.429,-0.966,-0.803
1776972,1968,1916,1785,0.7593,-0.4230,0.6636,-0.741,-0.796,-0.623
1776982,1901,1910,1780,0.7593,-0.4240,0.6622,-0.983,-0.622,-0.463
1776992,1955,1903,2014,0.7588,-0.4240,0.6604,-1.129,-0.435,-0.328
1777002,1903,1900,1844,0.7581,-0.4258,0.6595,-1.213,-0.260,-0.210
1777012,1933,1903,1773,0.7581,-0.4268,0.6577,-1.246,-0.106,-0.072
1777022,1898,1911,2220,0.7581,-0.4269,0.6569,-1.249,0.030,0.084
1777032,1947,1905,2009,0.7595,-0.4273,0.6548,-1.261,0.155,0.215
1777042,1913,1902,1818,0.7597,-0.4286,0.6537,-1.286,0.257,0.291
1777052,1958,1903,1793,0.7604,-0.4294,0.6535,-1.336,0.333,0.331
1777062,1879,1905,1777,0.7604,-0.4299,0.6520,-1.419,0.402,0.344
1777072,1945,1904,2137,0.7598,-0.4303,0.6501,-1.504,0.454,0.342
1777082,1873,1927,1799,0.7595,-0.4310,0.6492,-1.571,0.472,0.341
1777092,1934,1903,1773,0.7601,-0.4325,0.6482,-1.612,0.457,0.328
1777102,1892,1906,1774,0.7596,-0.4325,0.6476,-1.637,0.420,0.303
1777112,1933,1905,2046,0.7597,-0.4325,0.6476,-1.630,0.388,0.316
1777122,1907,1904,1856,0.7594,-0.4327,0.6457,-1.560,0.341,0.330
1777132,1934,1916,1845,0.7587,-0.4333,0.6454,-1.441,0.292,0.344
1777142,1899,1905,1790,0.7594,-0.4337,0.6475,-1.298,0.196,0.353
1777152,1929,1903,1781,0.7589,-0.4335,0.6478,-1.154,0.117,0.380
1777162,1893,1901,2442,0.7582,-0.4335,0.6484,-0.983,0.059,0.418
1777172,1927,1902,1805,0.7574,-0.4333,0.6481,-0.778,0.022,0.466
1777182,1882,1910,1766,0.7571,-0.4337,0.6489,-0.542,0.001,0.524
1777192,1920,1902,1775,0.7572,-0.4338,0.6509,-0.335,-0.057,0.616
1777202,1872,1938,2158,0.7579,-0.4334,0.6534,-0.117,-0.086,0.720
1777212,1917,1915,1867,0.7579,-0.4331,0.6538,0.092,-0.084,0.830
1777222,1871,1915,1791,0.7581,-0.4334,0.6546,0.304,-0.077,0.909
1777232,1917,1902,1776,0.7578,-0.4335,0.6562,0.442,-0.093,0.987
1777242,1874,1916,1997,0.7583,-0.4321,0.6568,0.508,-0.100,1.060
1777252,1915,1905,1790,0.7580,-0.4319,0.6569,0.499,-0.095,1.104
1777262,1865,1905,1783,0.7578,-0.4313,0.6574,0.479,-0.083,1.141
1777272,1907,1900,1773,0.7570,-0.4300,0.6587,0.444,-0.066,1.168
1777282,1871,1912,1772,0.7572,-0.4287,0.6587,0.388,-0.056,1.186
1777292,1946,1946,2038,0.7569,-0.4289,0.6592,0.350,-0.039,1.192
1777302,1900,1914,2080,0.7569,-0.4274,0.6584,0.336,-0.019,1.199
1777312,1913,1902,1772,0.7574,-0.4274,0.6577,0.318,-0.006,1.196
1777322,1887,1907,1943,0.7582,-0.4279,0.6583,0.263,-0.012,1.167
1777332,1945,1904,1773,0.7583,-0.4282,0.6586,0.111,0.029,1.125
1777342,1863,1910,1877,0.7588,-0.4276,0.6566,-0.016,0.082,1.066
1777352,1912,1902,1796,0.7593,-0.4275,0.6556,-0.099,0.119,0.998
1777362,1881,1921,1886,0.7593,-0.4275,0.6531,-0.137,0.149,0.929
1777372,1925,1904,1810,0.7596,-0.4277,0.6525,-0.164,0.160,0.852
1777382,1879,1907,1830,0.7594,-0.4268,0.6515,-0.213,0.172,0.778
1777392,1968,1905,1781,0.7593,-0.4256,0.6507,-0.279,0.181,0.732
1777402,1882,1911,1772,0.7591,-0.4251,0.6510,-0.381,0.188,0.683
1777412,1931,1901,1879,0.7594,-0.4257,0.6503,-0.536,0.180,0.623
1777422,1882,1919,2104,0.7594,-0.4263,0.6489,-0.721,0.160,0.572
1777432,1957,1906,1913,0.7605,-0.4271,0.6486,-0.912,0.099,0.529
1777442,1888,1909,1821,0.7616,-0.4288,0.6490,-1.108,0.035,0.507
1777452,1917,1905,1776,0.7623,-0.4302,0.6503,-1.301,-0.051,0.497
1777462,1875,1910,1776,0.7621,-0.4297,0.6503,-1.414,-0.115,0.474
1777472,1904,1903,1773,0.7607,-0.4298,0.6499,-1.419,-0.157,0.428
1777482,1874,1925,1823,0.7599,-0.4306,0.6498,-1.326,-0.189,0.391
1777492,1917,1902,1937,0.7593,-0.4313,0.6509,-1.176,-0.211,0.366
1777502,1875,1911,1782,0.7582,-0.4319,0.6513,-1.035,-0.241,0.383
1777512,1911,1903,1782,0.7574,-0.4323,0.6495,-0.889,-0.248,0.432
1777522,1874,1920,1778,0.7569,-0.4321,0.6489,-0.762,-0.260,0.481
1777532,1900,1902,1809,0.7570,-0.4330,0.6489,-0.668,-0.324,0.510
1777542,1866,1909,1791,0.7584,-0.4341,0.6495,-0.654,-0.443,0.509
1777552,1909,1905,1788,0.7591,-0.4343,0.6488,-0.693,-0.586,0.508
1777562,1878,1909,2052,0.7590,-0.4341,0.6487,-0.720,-0.722,0.484
1777572,1908,1903,1828,0.7590,-0.4336,0.6471,-0.673,-0.851,0.448
1777582,1868,1914,1805,0.7591,-0.4342,0.6479,-0.528,-1.011,0.401
1777592,1877,1904,1776,0.7594,-0.4334,0.6484,-0.273,-1.189,0.367
1777602,1862,1920,1908,0.7605,-0.4327,0.6486,0.042,-1.341,0.353
1777612,1903,1904,1849,0.7608,-0.4307,0.6517,0.350,-1.483,0.313
1777622,1853,1917,1888,0.7616,-0.4282,0.6538,0.663,-1.615,0.255
1777632,1915,1905,1801,0.7621,-0.4259,0.6554,0.852,-1.728,0.170
1777642,1859,1909,1807,0.7624,-0.4244,0.6559,0.887,-1.791,0.084
1777652,1913,1904,1893,0.7628,-0.4224,0.6566,0.790,-1.793,0.043
1777662,1876,1903,1861,0.7628,-0.4213,0.6559,0.580,-1.770,0.031
1777672,1888,1903,1838,0.7639,-0.4207,0.6556,0.242,-1.745,0.010
1777682,1850,1917,2118,0.7644,-0.4213,0.6556,-0.219,-1.707,0.003
1777692,1889,1945,1834,0.7650,-0.4219,0.6541,-0.747,-1.636,0.004
1777702,1847,1922,1808,0.7646,-0.4225,0.6541,-1.332,-1.528,-0.012
1777712,1894,1903,1779,0.7636,-0.4240,0.6521,-1.902,-1.375,-0.028
1777722,1853,1912,1776,0.7617,-0.4258,0.6506,-2.432,-1.221,-0.029
1777732,1887,1905,1784,0.7601,-0.4275,0.6483,-2.908,-1.114,-0.005
1777742,1854,1914,2043,0.7586,-0.4283,0.6475,-3.295,-1.028,0.045
1777752,1849,1953,1942,0.7578,-0.4309,0.6469,-3.584,-0.978,0.106
1777762,1858,1906,1901,0.7584,-0.4334,0.6479,-3.815,-0.936,0.161
1777772,1880,1901,1808,0.7587,-0.4359,0.6469,-4.016,-0.924,0.233
1777782,1857,1918,1805,0.7589,-0.4382,0.6463,-4.123,-0.870,0.299
1777792,1889,1904,1779,0.7586,-0.4413,0.6470,-4.111,-0.830,0.349
1777802,1851,1911,1777,0.7576,-0.4435,0.6456,-3.943,-0.763,0.366
1777812,1903,1904,1777,0.7571,-0.4441,0.6445,-3.620,-0.718,0.345
1777822,1851,1913,1779,0.7565,-0.4453,0.6429,-3.204,-0.672,0.302
1777832,1864,1906,1807,0.7558,-0.4451,0.6419,-2.744,-0.627,0.246
1777842,1856,1930,2015,0.7554,-0.4449,0.6425,-2.287,-0.591,0.197
1777852,1888,1902,1804,0.7546,-0.4457,0.6442,-1.876,-0.546,0.153
1777862,1863,1903,2079,0.7546,-0.4456,0.6440,-1.569,-0.514,0.101
1777872,1883,1903,1901,0.7551,-0.4452,0.6445,-1.345,-0.470,0.058
1777882,1845,1912,1792,0.7562,-0.4455,0.6445,-1.205,-0.419,0.038
1777892,1882,1901,1784,0.7568,-0.4452,0.6445,-1.117,-0.359,0.034
1777902,1854,1916,1780,0.7572,-0.4453,0.6447,-1.035,-0.291,0.031
1777912,1879,1906,1915,0.7566,-0.4456,0.6443,-0.941,-0.243,0.014
1777922,1859,1952,1815,0.7562,-0.4446,0.6435,-0.792,-0.193,-0.007
1777932,1879,1905,1808,0.7555,-0.4448,0.6440,-0.610,-0.152,-0.018
1777942,1855,1904,1915,0.7551,-0.4443,0.6458,-0.424,-0.140,-0.020
1777952,1876,1902,1787,0.7564,-0.4448,0.6468,-0.248,-0.127,-0.001
1777962,1863,1904,2272,0.7573,-0.4450,0.6476,-0.088,-0.115,0.020
1777972,1866,1905,1982,0.7571,-0.4444,0.6478,0.070,-0.074,0.029
1777982,1849,1909,1836,0.7561,-0.4433,0.6474,0.242,-0.016,0.041
1777992,1847,1914,1775,0.7555,-0.4423,0.6489,0.443,0.062,0.066
1778002,1856,1901,1772,0.7541,-0.4412,0.6489,0.719,0.134,0.116
1778012,1857,1901,1787,0.7543,-0.4395,0.6492,0.997,0.192,0.167
1778022,1849,1902,1821,0.7550,-0.4375,0.6495,1.281,0.255,0.224
1778032,1873,1916,1773,0.7567,-0.4357,0.6509,1.481,0.320,0.278
1778042,1995,1949,1944,0.7580,-0.4332,0.6525,1.609,0.400,0.308
1778052,1858,1904,1825,0.7591,-0.4311,0.6537,1.613,0.494,0.306
1778062,1853,1918,1943,0.7603,-0.4279,0.6533,1.521,0.623,0.243
1778072,1906,1901,1889,0.7621,-0.4260,0.6540,1.338,0.734,0.144
1778082,1860,1911,1808,0.7629,-0.4237,0.6551,1.102,0.811,0.013
1778092,1868,1901,1860,0.7632,-0.4213,0.6556,0.875,0.957,-0.145
1778102,1863,1907,1792,0.7638,-0.4209,0.6582,0.667,1.153,-0.330
1778112,1859,1906,1813,0.7644,-0.4199,0.6580,0.561,1.393,-0.534
1778122,1856,1903,1840,0.7645,-0.4183,0.6592,0.517,1.651,-0.759
1778132,1875,1936,1948,0.7645,-0.4181,0.6601,0.512,1.901,-0.978
1778142,1889,1901,2031,0.7639,-0.4192,0.6592,0.492,2.140,-1.131
1778152,1857,1908,1826,0.7635,-0.4191,0.6582,0.391,2.291,-1.192
1778162,1875,1904,2049,0.7628,-0.4207,0.6573,0.190,2.380,-1.173
1778172,1861,1902,1789,0.7621,-0.4216,0.6562,-0.152,2.409,-1.128
1778182,1855,1903,2128,0.7612,-0.4230,0.6566,-0.617,2.410,-1.086
1778192,1872,1902,1832,0.7597,-0.4237,0.6559,-1.132,2.391,-1.070
1778202,1868,1910,1852,0.7592,-0.4265,0.6567,-1.612,2.361,-1.091
1778212,1852,1906,1803,0.7588,-0.4283,0.6576,-1.968,2.318,-1.107
1778222,1899,1907,1855,0.7585,-0.4304,0.6579,-2.126,2.325,-1.117
1778232,1869,1905,1814,0.7573,-0.4330,0.6577,-2.136,2.337,-1.118
1778242,1849,1902,1885,0.7570,-0.4341,0.6584,-2.055,2.328,-1.112
1778252,1875,1930,1781,0.7562,-0.4361,0.6584,-1.937,2.341,-1.128
1778262,1855,1902,3027,0.7558,-0.4377,0.6583,-1.784,2.389,-1.151
1778272,1863,1908,1788,0.7541,-0.4378,0.6591,-1.625,2.409,-1.173
1778282,1847,1906,1815,0.7518,-0.4384,0.6588,-1.502,2.433,-1.199
1778292,1850,1912,2023,0.7509,-0.4387,0.6584,-1.414,2.437,-1.231
1778302,1873,1905,1791,0.7507,-0.4385,0.6582,-1.356,2.411,-1.252
1778312,1912,1909,1775,0.7500,-0.4385,0.6576,-1.338,2.395,-1.234
1778322,1853,1903,1965,0.7502,-0.4383,0.6583,-1.391,2.359,-1.184
1778332,1898,1904,1960,0.7508,-0.4371,0.6593,-1.506,2.343,-1.121
1778342,1848,1906,1905,0.7505,-0.4375,0.6579,-1.662,2.363,-1.093
1778352,1909,1906,3615,0.7505,-0.4363,0.6582,-1.817,2.361,-1.120
1778362,1864,1903,2029,0.7509,-0.4359,0.6578,-1.929,2.358,-1.137
1778372,1858,1900,1784,0.7514,-0.4355,0.6588,-2.058,2.371,-1.151
1778382,1869,1903,1821,0.7516,-0.4337,0.6592,-2.151,2.424,-1.139
1778392,1920,1903,1799,0.7518,-0.4323,0.6581,-2.216,2.492,-1.124
1778402,1858,1899,2720,0.7514,-0.4302,0.6565,-2.327,2.544,-1.171
1778412,1885,1903,1856,0.7530,-0.4293,0.6574,-2.496,2.550,-1.294
1778422,1861,1909,2307,0.7550,-0.4306,0.6566,-2.749,2.544,-1.457
1778432,1877,1903,1776,0.7559,-0.4296,0.6542,-2.934,2.630,-1.544
1778442,1852,1899,1899,0.7572,-0.4296,0.6520,-3.157,2.690,-1.570
1778452,1888,1909,1857,0.7586,-0.4291,0.6511,-3.301,2.730,-1.560
1778462,1858,1901,1785,0.7589,-0.4288,0.6500,-3.306,2.751,-1.532
1778472,1882,1904,1769,0.7582,-0.4282,0.6477,-3.259,2.745,-1.531
1778482,1859,1902,2330,0.7585,-0.4309,0.6450,-3.200,2.682,-1.554
1778492,1868,1902,2004,0.7583,-0.4310,0.6451,-3.188,2.500,-1.534
1778502,1863,1901,2143,0.7574,-0.4298,0.6410,-3.061,2.338,-1.470
1778512,1882,1917,1970,0.7582,-0.4309,0.6398,-3.026,2.080,-1.461
1778522,1860,1914,1851,0.7594,-0.4318,0.6377,-2.916,1.731,-1.423
1778532,1902,1914,1844,0.7598,-0.4333,0.6369,-2.720,1.415,-1.332
1778542,1862,1912,1975,0.7597,-0.4335,0.6355,-2.442,1.074,-1.215
1778552,1889,1904,1828,0.7614,-0.4353,0.6353,-2.130,0.721,-1.091
1778562,1869,1903,1954,0.7626,-0.4367,0.6364,-1.802,0.351,-0.965
1778572,1891,1906,1801,0.7633,-0.4377,0.6363,-1.500,0.040,-0.851
1778582,1866,1901,2111,0.7638,-0.4376,0.6357,-1.196,-0.226,-0.739
1778592,1902,1905,1835,0.7644,-0.4385,0.6348,-0.938,-0.505,-0.629
1778602,1874,1902,1854,0.7656,-0.4397,0.6337,-0.711,-0.764,-0.531
1778612,1877,1903,1859,0.7651,-0.4396,0.6320,-0.490,-1.038,-0.427
1778622,1892,1903,1870,0.7640,-0.4396,0.6309,-0.238,-1.287,-0.312
1778632,1910,1906,1781,0.7637,-0.4392,0.6281,0.102,-1.510,-0.219
1778642,1907,1901,1932,0.7632,-0.4388,0.6278,0.560,-1.705,-0.165
1778652,1951,1916,1832,0.7634,-0.4372,0.6292,1.153,-1.884,-0.144
1778662,1856,1903,1887,0.7634,-0.4368,0.6286,1.862,-2.040,-0.160
1778672,1946,1917,2230,0.7641,-0.4357,0.6287,2.654,-2.154,-0.178
1778682,1854,1906,1805,0.7656,-0.4339,0.6298,3.483,-2.238,-0.199
1778692,1941,1903,1925,0.7669,-0.4325,0.6314,4.320,-2.282,-0.230
1778702,1864,1903,1917,0.7678,-0.4306,0.6322,5.085,-2.321,-0.251
1778712,1899,1910,1914,0.7688,-0.4280,0.6336,5.725,-2.338,-0.250
1778722,1850,1902,1797,0.7697,-0.4260,0.6355,6.215,-2.343,-0.229
1778732,1953,1908,2302,0.7705,-0.4240,0.6377,6.580,-2.297,-0.172
1778742,1898,1901,1809,0.7717,-0.4211,0.6378,6.844,-2.229,-0.095
1778752,1932,1909,1802,0.7723,-0.4185,0.6390,7.035,-2.142,-0.008
1778762,1856,1909,1871,0.7723,-0.4160,0.6410,7.139,-2.066,0.050
1778772,1977,1909,1816,0.7726,-0.4134,0.6428,7.175,-1.954,0.085
1778782,1859,1905,2799,0.7743,-0.4111,0.6461,7.125,-1.832,0.078
1778792,1922,1916,2386,0.7742,-0.4098,0.6491,6.975,-1.691,0.067
1778802,1938,1904,1825,0.7749,-0.4093,0.6503,6.724,-1.504,0.075
1778812,1904,1902,1839,0.7748,-0.4088,0.6526,6.266,-1.344,0.150
1778822,1854,1906,1994,0.7763,-0.4036,0.6544,5.788,-1.197,0.271
1778832,1907,1903,1875,0.7772,-0.4042,0.6542,5.237,-0.915,0.235
1778842,1881,1902,1920,0.7778,-0.4054,0.6588,4.684,-0.711,0.147
1778852,1904,1906,2003,0.7785,-0.4056,0.6556,4.218,-0.469,0.116
1778862,1888,1900,1820,0.7777,-0.4074,0.6546,3.818,-0.189,0.151
1778872,1920,1900,2237,0.7770,-0.4031,0.6558,3.451,-0.019,0.287
1778882,1854,1901,1937,0.7759,-0.4001,0.6567,2.937,0.031,0.217
1778892,1892,1906,1781,0.7752,-0.3990,0.6569,2.314,0.111,0.050
1778902,1878,1901,1782,0.7756,-0.3994,0.6581,1.746,0.264,-0.097
1778912,1899,1901,1887,0.7744,-0.3995,0.6589,1.126,0.409,-0.150
1778922,1854,1904,2157,0.7734,-0.3975,0.6589,0.608,0.576,-0.085
1778932,1906,1904,1795,0.7731,-0.3964,0.6590,0.123,0.669,0.016
1778942,1852,1903,1772,0.7731,-0.3960,0.6570,-0.293,0.798,0.080
1778952,1928,1905,1870,0.7733,-0.3957,0.6583,-0.710,0.883,0.107
1778962,1856,1903,1794,0.7735,-0.3949,0.6586,-1.138,0.968,0.099
1778972,1909,1907,1783,0.7740,-0.3946,0.6603,-1.572,1.054,0.030
1778982,1859,1910,1802,0.7751,-0.3946,0.6612,-2.024,1.169,-0.103
1778992,1884,1903,1805,0.7747,-0.3958,0.6620,-2.452,1.311,-0.264
1779002,1857,1905,2474,0.7746,-0.3980,0.6629,-2.912,1.439,-0.439
1779012,1885,1902,1801,0.7735,-0.3972,0.6620,-3.419,1.561,-0.565
1779022,1908,1900,1850,0.7721,-0.3983,0.6603,-3.967,1.635,-0.662
1779032,1913,1903,1777,0.7717,-0.3983,0.6620,-4.564,1.638,-0.741
1779042,1851,1919,1880,0.7717,-0.3978,0.6623,-5.194,1.621,-0.840
1779052,1870,1901,1857,0.7712,-0.3995,0.6604,-5.846,1.590,-0.945
1779062,1857,1900,1801,0.7713,-0.4013,0.6610,-6.503,1.503,-1.037
1779072,1901,1902,1768,0.7704,-0.4029,0.6608,-7.094,1.431,-1.086
1779082,1896,1931,1891,0.7693,-0.4044,0.6612,-7.600,1.349,-1.155
1779092,1877,1901,1826,0.7687,-0.4052,0.6614,-7.998,1.301,-1.270
1779102,1904,1911,1784,0.7681,-0.4063,0.6618,-8.286,1.280,-1.403
1779112,1883,1902,2011,0.7673,-0.4074,0.6615,-8.504,1.232,-1.507
1779122,1874,1900,1912,0.7660,-0.4092,0.6599,-8.640,1.195,-1.569
1779132,1885,1901,1788,0.7642,-0.4105,0.6579,-8.745,1.132,-1.603
1779142,1857,1901,1801,0.7634,-0.4106,0.6564,-8.858,1.005,-1.620
1779152,1911,1907,1986,0.7614,-0.4104,0.6519,-8.990,0.835,-1.647
1779162,1852,1905,1843,0.7606,-0.4112,0.6495,-9.237,0.580,-1.719
1779172,1886,1901,1891,0.7603,-0.4108,0.6486,-9.541,0.290,-1.812
1779182,1888,1904,1913,0.7610,-0.4114,0.6482,-9.858,0.008,-1.945
1779192,1911,1899,1817,0.7624,-0.4143,0.6493,-10.185,-0.285,-2.157
1779202,1858,1901,2378,0.7641,-0.4162,0.6494,-10.507,-0.504,-2.384
1779212,1870,1903,1775,0.7655,-0.4188,0.6504,-10.805,-0.699,-2.570
1779222,1858,1898,1876,0.7654,-0.4204,0.6496,-11.057,-0.769,-2.714
1779232,1895,1907,1961,0.7638,-0.4223,0.6482,-11.298,-0.826,-2.829
1779242,1856,1912,2063,0.7631,-0.4246,0.6451,-11.593,-0.865,-2.957
1779252,1919,1901,1831,0.7614,-0.4268,0.6421,-11.944,-0.881,-3.055
1779262,1874,1897,2086,0.7593,-0.4286,0.6388,-12.394,-0.928,-3.079
1779272,1883,1902,1926,0.7580,-0.4321,0.6351,-12.961,-1.016,-3.027
1779282,1857,1912,1872,0.7569,-0.4364,0.6315,-13.612,-1.200,-2.889
1779292,1897,1899,1973,0.7554,-0.4402,0.6293,-14.289,-1.419,-2.700
1779302,1852,1907,1901,0.7546,-0.4440,0.6263,-14.920,-1.666,-2.490
1779312,1880,1902,1776,0.7540,-0.4490,0.6255,-15.418,-1.986,-2.278
1779322,1852,1907,1967,0.7532,-0.4534,0.6229,-15.637,-2.303,-2.085
1779332,1887,1899,1833,0.7537,-0.4577,0.6215,-15.554,-2.672,-1.937
1779342,1865,1907,1981,0.7529,-0.4639,0.6221,-15.053,-3.189,-2.039
1779352,1917,1899,1834,0.7531,-0.4673,0.6223,-14.277,-3.673,-2.203
1779362,1866,1902,2133,0.7536,-0.4705,0.6236,-13.104,-4.082,-2.086
1779372,1907,1905,1824,0.7549,-0.4724,0.6260,-11.769,-4.436,-1.973
1779382,1849,1903,1778,0.7558,-0.4723,0.6275,-10.271,-4.779,-1.850
1779392,1879,1902,1856,0.7564,-0.4715,0.6292,-8.723,-5.046,-1.784
1779402,1884,1910,2344,0.7561,-0.4701,0.6334,-7.196,-5.270,-1.761
1779412,1881,1902,1932,0.7552,-0.4657,0.6387,-5.705,-5.401,-1.768
1779422,1852,1907,2115,0.7547,-0.4611,0.6466,-4.354,-5.429,-1.897
1779432,1887,1902,1810,0.7553,-0.4561,0.6590,-3.134,-5.479,-2.166
1779442,1853,1901,2566,0.7582,-0.4553,0.6787,-2.030,-5.383,-2.629
1779452,1945,1902,1976,0.7612,-0.4579,0.6960,-1.160,-4.880,-3.223
1779462,1855,1908,2003,0.7621,-0.4620,0.7085,-0.503,-3.845,-3.783
1779472,1909,1904,1863,0.7607,-0.4647,0.7142,-0.075,-2.607,-4.147
1779482,1862,1903,1920,0.7572,-0.4635,0.7147,0.364,-1.204,-4.197
1779492,1905,1901,1775,0.7534,-0.4588,0.7123,0.717,0.095,-3.955
1779502,1847,1902,1775,0.7484,-0.4486,0.7059,0.863,1.141,-3.506
1779512,1896,1901,1772,0.7454,-0.4397,0.6989,0.516,1.878,-3.047
1779522,1861,1901,1784,0.7427,-0.4352,0.6918,-0.386,2.414,-2.736
1779532,1863,1912,1955,0.7416,-0.4343,0.6830,-1.853,2.803,-2.466
1779542,1862,1918,4042,0.7419,-0.4324,0.6729,-3.755,3.057,-2.069
1779552,1883,1901,1823,0.7430,-0.4322,0.6638,-5.914,3.171,-1.550
1779562,1882,1899,1812,0.7470,-0.4332,0.6583,-8.143,3.070,-0.952
1779572,1885,1900,1794,0.7508,-0.4358,0.6488,-10.318,2.910,-0.337
1779582,1846,1906,2104,0.7553,-0.4387,0.6405,-12.355,2.629,0.251
1779592,1897,1914,1831,0.7592,-0.4415,0.6309,-14.090,2.327,0.767
1779602,1890,1903,1785,0.7619,-0.4437,0.6211,-15.376,2.011,1.160
1779612,1924,1904,1775,0.7646,-0.4463,0.6118,-16.144,1.665,1.455
1779622,1868,1905,1907,0.7664,-0.4473,0.6026,-16.337,1.291,1.675
1779632,1941,1926,1906,0.7686,-0.4477,0.5922,-16.009,0.888,1.806
1779642,1870,1899,2028,0.7709,-0.4507,0.5858,-15.248,0.441,1.855
1779652,1882,1904,1856,0.7727,-0.4531,0.5788,-14.199,-0.015,1.866
1779662,1857,1905,1831,0.7760,-0.4533,0.5739,-12.967,-0.457,1.894
1779672,1896,1917,1805,0.7793,-0.4544,0.5689,-11.721,-0.924,1.914
1779682,1843,1900,1783,0.7819,-0.4548,0.5645,-10.545,-1.327,1.855
1779692,1870,1903,1873,0.7821,-0.4566,0.5631,-9.431,-1.702,1.703
1779702,1863,1901,1782,0.7826,-0.4578,0.5613,-8.394,-2.054,1.451
1779712,1895,1900,1857,0.7831,-0.4589,0.5595,-7.384,-2.335,1.153
1779722,1898,1903,1812,0.7819,-0.4582,0.5590,-6.424,-2.606,0.849
1779732,1925,1914,1786,0.7808,-0.4585,0.5594,-5.503,-2.868,0.547
1779742,1859,1903,1872,0.7803,-0.4582,0.5616,-4.652,-3.120,0.251
1779752,1901,1902,1837,0.7810,-0.4585,0.5628,-3.895,-3.276,-0.031
1779762,1860,1902,1930,0.7817,-0.4594,0.5660,-3.263,-3.345,-0.283
1779772,1936,1907,1775,0.7829,-0.4605,0.5691,-2.777,-3.268,-0.498
1779782,1854,1920,1925,0.7832,-0.4611,0.5726,-2.378,-3.080,-0.675
1779792,1901,1903,1883,0.7815,-0.4602,0.5768,-2.069,-2.836,-0.852
1779802,1856,1904,1769,0.7808,-0.4598,0.5787,-1.864,-2.526,-1.068
1779812,1939,1905,1774,0.7802,-0.4584,0.5831,-1.809,-2.240,-1.341
1779822,1855,1904,1823,0.7794,-0.4572,0.5863,-1.886,-1.922,-1.652
1779832,1905,1901,2129,0.7777,-0.4563,0.5909,-2.086,-1.580,-1.966
1779842,1873,1902,1777,0.7755,-0.4558,0.5946,-2.418,-1.182,-2.243
1779852,1888,1920,2290,0.7741,-0.4553,0.5983,-2.835,-0.762,-2.486
1779862,1858,1903,1852,0.7743,-0.4552,0.6043,-3.341,-0.362,-2.706
1779872,1949,1938,1854,0.7758,-0.4561,0.6089,-3.907,0.044,-2.903
1779882,1859,1901,1806,0.7777,-0.4570,0.6136,-4.520,0.510,-3.059
1779892,1908,1903,1773,0.7774,-0.4566,0.6168,-5.138,1.012,-3.190
1779902,1856,1918,1770,0.7760,-0.4554,0.6172,-5.774,1.507,-3.321
1779912,1895,1903,1843,0.7745,-0.4551,0.6160,-6.377,1.956,-3.489
1779922,1871,1906,1772,0.7729,-0.4550,0.6173,-7.018,2.319,-3.700
1779932,1910,1909,1776,0.7719,-0.4542,0.6187,-7.659,2.612,-3.932
1779942,1858,1926,1851,0.7722,-0.4538,0.6210,-8.305,2.893,-4.187
1779952,1919,1906,1773,0.7728,-0.4546,0.6221,-8.933,3.156,-4.435
1779962,1889,1903,1838,0.7725,-0.4551,0.6227,-9.483,3.395,-4.640
1779972,1940,1906,2183,0.7720,-0.4560,0.6219,-9.978,3.602,-4.820
1779982,1877,1903,1845,0.7713,-0.4564,0.6224,-10.421,3.743,-4.969
1779992,1941,1901,1876,0.7716,-0.4570,0.6213,-10.789,3.868,-5.072
1780002,1871,1906,1810,0.7716,-0.4574,0.6208,-11.082,3.936,-5.157
1780012,1954,1911,1842,0.7716,-0.4588,0.6188,-11.326,3.940,-5.214
1780022,1883,1903,1953,0.7707,-0.4601,0.6168,-11.475,3.940,-5.252
1780032,1910,1903,1879,0.7702,-0.4603,0.6150,-11.512,3.941,-5.290
1780042,1871,1900,1971,0.7694,-0.4608,0.6136,-11.419,3.893,-5.322
1780052,1903,1903,1797,0.7701,-0.4614,0.6126,-11.227,3.811,-5.318
1780062,1864,1900,1877,0.7704,-0.4606,0.6106,-10.946,3.736,-5.228
1780072,1893,1915,2220,0.7712,-0.4611,0.6075,-10.670,3.687,-5.118
1780082,1871,1907,1833,0.7712,-0.4630,0.6059,-10.480,3.599,-5.012
1780092,1892,1905,1829,0.7724,-0.4646,0.6026,-10.290,3.483,-4.880
1780102,1851,1928,1894,0.7730,-0.4660,0.6005,-10.081,3.342,-4.759
1780112,1932,1905,1996,0.7727,-0.4678,0.5975,-9.782,3.131,-4.678
1780122,1890,1901,1811,0.7727,-0.4699,0.5961,-9.385,2.800,-4.643
1780132,1908,1903,1776,0.7733,-0.4711,0.5941,-8.879,2.410,-4.569
1780142,1890,1903,1774,0.7736,-0.4716,0.5932,-8.304,2.034,-4.492
1780152,1898,1902,1853,0.7726,-0.4721,0.5920,-7.676,1.662,-4.443
1780162,1881,1904,1965,0.7732,-0.4728,0.5923,-7.001,1.327,-4.423
1780172,1939,1902,1904,0.7731,-0.4724,0.5916,-6.299,1.006,-4.357
1780182,1884,1902,1903,0.7724,-0.4717,0.5900,-5.563,0.742,-4.281
1780192,1875,1904,2587,0.7726,-0.4725,0.5909,-4.796,0.463,-4.213
1780202,1886,1908,1819,0.7735,-0.4729,0.5899,-4.025,0.148,-4.132
1780212,1933,1904,1906,0.7738,-0.4737,0.5905,-3.302,-0.158,-3.997
1780222,1873,1902,1823,0.7746,-0.4747,0.5900,-2.663,-0.457,-3.799
1780232,1910,1912,1774,0.7741,-0.4754,0.5894,-2.124,-0.718,-3.585
1780242,1869,1904,1775,0.7744,-0.4761,0.5903,-1.673,-0.972,-3.375
1780252,1915,1906,1789,0.7734,-0.4771,0.5889,-1.243,-1.228,-3.168
1780262,1866,1902,1775,0.7731,-0.4779,0.5881,-0.772,-1.490,-2.932
1780272,1972,1922,1778,0.7722,-0.4783,0.5872,-0.233,-1.763,-2.665
1780282,1866,1900,1887,0.7720,-0.4791,0.5872,0.376,-2.045,-2.371
1780292,1896,1904,1801,0.7727,-0.4793,0.5872,1.039,-2.297,-2.076
1780302,1868,1905,2112,0.7735,-0.4798,0.5878,1.724,-2.534,-1.798
1780312,1908,1901,1802,0.7743,-0.4788,0.5894,2.429,-2.733,-1.512
1780322,1882,1902,1784,0.7751,-0.4783,0.5898,3.097,-2.886,-1.219
1780332,1927,1903,1775,0.7750,-0.4786,0.5892,3.724,-3.011,-0.908
1780342,1868,1905,1814,0.7750,-0.4768,0.5905,4.333,-3.100,-0.581
1780352,1908,1902,1797,0.7750,-0.4741,0.5897,4.959,-3.165,-0.256
1780362,1882,1908,1901,0.7750,-0.4715,0.5904,5.535,-3.202,0.041
1780372,1894,1909,1863,0.7745,-0.4698,0.5932,6.006,-3.207,0.332
1780382,1871,1903,2173,0.7744,-0.4689,0.5959,6.334,-3.174,0.632
1780392,1905,1903,1832,0.7754,-0.4664,0.5996,6.488,-3.066,0.921
1780402,1848,1903,1806,0.7766,-0.4651,0.6033,6.425,-2.906,1.182
1780412,1945,1906,1783,0.7782,-0.4633,0.6038,6.200,-2.678,1.430
1780422,1887,1908,1857,0.7784,-0.4631,0.6059,5.856,-2.444,1.689
1780432,1924,1904,1924,0.7781,-0.4637,0.6055,5.463,-2.187,1.977
1780442,1867,1907,2037,0.7768,-0.4629,0.6033,5.116,-1.916,2.298
1780452,1894,1904,1858,0.7773,-0.4627,0.6034,4.696,-1.767,2.629
1780462,1856,1903,1796,0.7782,-0.4598,0.6032,4.318,-1.707,2.932
1780472,1933,1904,1839,0.7779,-0.4580,0.6011,4.045,-1.595,3.159
1780482,1854,1903,1906,0.7792,-0.4593,0.6014,3.902,-1.554,3.265
1780492,1895,1917,1940,0.7813,-0.4599,0.6014,3.895,-1.530,3.287
1780502,1865,1924,2072,0.7816,-0.4586,0.5990,4.111,-1.440,3.280
1780512,1960,1909,2017,0.7824,-0.4582,0.5985,4.491,-1.336,3.213
1780522,1872,1902,1824,0.7849,-0.4584,0.5988,4.948,-1.282,3.085
1780532,1858,1901,1789,0.7847,-0.4555,0.5966,5.421,-1.215,3.005
1780542,2000,1904,1779,0.7853,-0.4524,0.5916,5.849,-1.121,2.954
1780552,1996,1903,1904,0.7854,-0.4516,0.5888,6.153,-1.110,2.882
1780562,2570,1968,1813,0.7851,-0.4480,0.5854,6.435,-1.158,2.823
1780572,1889,1903,1781,0.7848,-0.4443,0.5829,6.593,-1.251,2.764
1780582,1882,1907,1960,0.7857,-0.4430,0.5809,6.601,-1.420,2.609
1780592,1918,1906,1905,0.7866,-0.4408,0.5810,6.488,-1.669,2.397
1780602,1884,1906,1803,0.7880,-0.4376,0.5776,6.370,-1.846,2.170
1780612,1963,1904,2044,0.7889,-0.4354,0.5768,6.323,-1.989,1.879
1780622,1879,1904,1821,0.7899,-0.4341,0.5762,6.401,-2.135,1.535
1780632,1913,1905,1777,0.7923,-0.4347,0.5754,6.583,-2.283,1.201
1780642,1859,1902,1804,0.7942,-0.4343,0.5753,6.782,-2.469,0.924
1780652,1884,1915,1926,0.7932,-0.4321,0.5743,6.994,-2.590,0.754
1780662,1858,1902,1954,0.7921,-0.4309,0.5750,7.085,-2.702,0.654
1780672,1916,1913,1898,0.7918,-0.4290,0.5779,6.994,-2.865,0.616
1780682,1872,1905,1848,0.7926,-0.4265,0.5813,6.683,-3.015,0.610
1780692,1888,1901,1843,0.7928,-0.4263,0.5841,6.261,-3.050,0.565
1780702,1867,1903,2088,0.7943,-0.4260,0.5864,5.834,-2.997,0.484
1780712,1923,1907,1890,0.7951,-0.4256,0.5892,5.488,-2.893,0.396
1780722,1866,1903,1835,0.7946,-0.4262,0.5915,5.265,-2.720,0.306
1780732,1893,1902,1835,0.7943,-0.4266,0.5933,5.107,-2.534,0.199
1780742,1853,1903,1836,0.7944,-0.4256,0.5948,4.925,-2.317,0.075
1780752,1892,1902,1788,0.7936,-0.4246,0.5986,4.627,-2.099,-0.071
