2070357,1923,1914,1907,0.1190,0.3838,1.0711,0.234,0.151,1.556
2070367,1877,1903,1916,0.1181,0.3826,1.0688,0.342,0.247,1.545
2070377,1924,1910,1903,0.1192,0.3857,1.0660,0.677,0.454,1.563
2070387,1902,1903,1912,0.1194,0.3873,1.0679,0.774,0.495,1.531
2070397,1926,1913,1905,0.1188,0.3887,1.0659,0.937,0.581,1.478
2070407,1877,1904,1909,0.1178,0.3918,1.0640,1.121,0.729,1.449
2070417,1916,1910,1904,0.1171,0.3905,1.0671,0.995,0.620,1.442
2070427,1880,1904,1915,0.1166,0.3889,1.0668,0.851,0.563,1.455
2070437,1938,1909,1904,0.1166,0.3878,1.0681,0.698,0.516,1.510
2070447,1879,1904,1911,0.1166,0.3857,1.0713,0.415,0.349,1.569
2070457,1923,1911,1901,0.1163,0.3864,1.0699,0.282,0.323,1.626
2070467,1875,1902,1914,0.1161,0.3883,1.0671,0.256,0.343,1.703
2070477,1932,1911,1903,0.1163,0.3910,1.0665,0.202,0.222,1.795
2070487,1871,1904,1912,0.1162,0.3938,1.0659,0.214,0.112,1.932
2070497,1923,1910,1904,0.1168,0.3953,1.0675,0.077,-0.060,2.124
2070507,1862,1903,1906,0.1178,0.3954,1.0691,-0.345,-0.278,2.332
2070517,1921,1909,1904,0.1177,0.3943,1.0700,-0.837,-0.420,2.546
2070527,1878,1904,1912,0.1178,0.3925,1.0695,-1.358,-0.563,2.783
2070537,1934,1911,1904,0.1175,0.3913,1.0700,-1.886,-0.797,3.057
2070547,1875,1904,1904,0.1178,0.3915,1.0677,-2.228,-0.946,3.329
2070557,1972,1921,1904,0.1179,0.3924,1.0653,-2.368,-1.120,3.597
2070567,1897,1906,1915,0.1181,0.3944,1.0682,-2.647,-1.467,3.895
2070577,1923,1926,1904,0.1172,0.3970,1.0688,-2.934,-1.769,4.239
2070587,1893,1902,1911,0.1140,0.3967,1.0673,-3.227,-2.012,4.628
2070597,1896,1923,1904,0.1133,0.3972,1.0684,-3.691,-2.437,5.111
2070607,1873,1906,1912,0.1135,0.3945,1.0682,-4.178,-2.972,5.679
2070617,1919,1909,1904,0.1152,0.3913,1.0695,-4.739,-3.547,6.254
2070627,1868,1900,1915,0.1173,0.3886,1.0693,-5.265,-4.042,6.816
2070637,1865,1914,1906,0.1210,0.3875,1.0700,-5.732,-4.464,7.374
2070647,1883,1904,1913,0.1234,0.3866,1.0718,-6.083,-4.801,7.900
2070657,1916,1916,1903,0.1259,0.3843,1.0727,-6.523,-5.091,8.347
2070667,1878,1904,1916,0.1292,0.3813,1.0708,-6.824,-5.224,8.778
2070677,1963,1923,1903,0.1315,0.3782,1.0721,-7.074,-5.168,9.156
2070687,1883,1903,1914,0.1338,0.3739,1.0766,-7.424,-5.090,9.488
2070697,1955,1913,1904,0.1358,0.3711,1.0762,-7.635,-4.800,9.745
2070707,1938,1903,1910,0.1373,0.3673,1.0753,-7.760,-4.422,9.889
2070717,1894,1918,1903,0.1407,0.3612,1.0742,-7.899,-4.136,9.875
2070727,1879,1904,1918,0.1435,0.3530,1.0770,-7.976,-3.892,9.780
2070737,1921,1911,1903,0.1456,0.3527,1.0826,-7.963,-3.791,9.775
2070747,1881,1908,1920,0.1443,0.3521,1.0783,-7.938,-3.378,9.685
2070757,1924,1918,1903,0.1439,0.3534,1.0766,-7.850,-2.956,9.477
2070767,1868,1928,1911,0.1454,0.3539,1.0788,-8.023,-2.754,9.128
2070777,1920,1919,1903,0.1461,0.3548,1.0740,-8.014,-2.482,8.685
2070787,1876,1906,1920,0.1483,0.3540,1.0746,-7.940,-2.252,8.130
2070797,1912,1912,1903,0.1469,0.3432,1.0800,-7.883,-2.160,7.409
2070807,1872,1908,1917,0.1490,0.3397,1.0762,-7.558,-1.806,6.760
2070817,1913,1917,1903,0.1515,0.3440,1.0735,-6.718,-1.307,6.313
2070827,1870,1908,1915,0.1510,0.3409,1.0794,-6.156,-1.029,5.674
2070837,1926,1920,1901,0.1493,0.3369,1.0759,-5.332,-0.428,4.998
2070847,1867,1908,1919,0.1436,0.3306,1.0725,-4.088,0.411,4.549
2070857,1921,1918,1904,0.1411,0.3319,1.0712,-3.214,0.936,4.507
2070867,1875,1908,1918,0.1399,0.3368,1.0677,-2.263,1.387,4.819
2070877,1925,1917,1904,0.1408,0.3424,1.0672,-1.355,1.618,5.213
2070887,1874,1909,1913,0.1424,0.3475,1.0699,-0.493,1.702,5.620
2070897,1915,1919,1904,0.1427,0.3535,1.0734,0.417,1.847,6.038
2070907,1879,1911,1918,0.1427,0.3574,1.0752,1.182,2.055,6.449
2070917,1926,1920,1903,0.1422,0.3612,1.0755,1.710,2.246,6.799
2070927,1872,1909,1911,0.1412,0.3639,1.0759,1.925,2.392,7.029
2070937,1925,1919,1902,0.1372,0.3625,1.0746,1.835,2.527,7.107
2070947,1875,1909,1908,0.1358,0.3612,1.0734,1.590,2.587,7.094
2070957,1921,1917,1904,0.1331,0.3583,1.0760,1.167,2.503,6.993
2070967,1890,1912,1914,0.1328,0.3541,1.0769,0.748,2.306,6.857
2070977,1909,1918,1903,0.1348,0.3504,1.0769,0.524,2.271,6.637
2070987,1864,1907,1913,0.1351,0.3472,1.0762,0.518,2.333,6.357
2070997,1882,1918,1903,0.1330,0.3428,1.0763,0.603,2.445,6.008
2071007,1886,1918,1909,0.1332,0.3402,1.0767,0.849,2.590,5.643
2071017,1900,1918,1903,0.1324,0.3403,1.0770,1.404,2.745,5.343
2071027,1871,1899,1912,0.1328,0.3403,1.0789,1.976,2.779,5.076
2071037,2159,1934,1905,0.1337,0.3413,1.0810,2.504,2.717,4.836
2071047,1859,1918,1910,0.1345,0.3461,1.0829,2.955,2.639,4.688
2071057,1929,1910,1904,0.1353,0.3518,1.0845,3.125,2.513,4.588
2071067,1899,1904,1919,0.1355,0.3581,1.0866,3.014,2.369,4.535
2071077,1896,1915,1903,0.1350,0.3622,1.0878,2.624,2.178,4.527
2071087,1871,1905,1913,0.1339,0.3650,1.0891,1.951,1.906,4.543
2071097,2317,1923,1905,0.1331,0.3673,1.0904,1.099,1.622,4.600
2071107,2190,1921,1933,0.1338,0.3687,1.0908,0.091,1.298,4.669
2071117,1876,1938,1903,0.1345,0.3672,1.0929,-1.116,0.880,4.733
2071127,1869,1920,1916,0.1344,0.3654,1.0935,-2.383,0.475,4.783
2071137,1875,1985,1916,0.1345,0.3626,1.0908,-3.602,0.172,4.851
2071147,1864,1933,1906,0.1353,0.3632,1.0913,-4.704,-0.143,5.001
2071157,1890,1934,1910,0.1350,0.3629,1.0986,-5.928,-0.675,5.197
2071167,2203,1903,1936,0.1353,0.3660,1.0953,-6.867,-0.859,5.346
2071177,2154,1933,1920,0.1315,0.3671,1.0925,-7.668,-0.995,5.434
2071187,1861,1905,1920,0.1312,0.3660,1.0969,-8.905,-1.431,5.432
2071197,1902,1927,1904,0.1321,0.3643,1.0942,-10.044,-1.569,5.366
2071207,1881,1923,1922,0.1335,0.3606,1.0978,-11.087,-1.549,5.276
2071217,2168,1933,1905,0.1361,0.3516,1.1021,-12.265,-1.425,5.113
2071227,1941,1913,1922,0.1390,0.3414,1.0985,-12.798,-0.786,4.951
2071237,1858,1923,1906,0.1422,0.3287,1.1036,-13.156,-0.177,4.864
2071247,1949,1897,1929,0.1441,0.3150,1.1085,-13.356,0.448,4.877
2071257,1861,1918,1903,0.1463,0.3043,1.1066,-12.883,1.452,5.047
2071267,1908,1902,1933,0.1421,0.2957,1.1036,-11.876,2.615,5.365
2071277,1877,1918,1905,0.1403,0.2956,1.1025,-10.488,3.675,5.806
2071287,1856,1909,1935,0.1352,0.2953,1.0986,-8.940,4.604,6.174
2071297,1897,1913,1906,0.1357,0.2956,1.0977,-7.132,5.441,6.372
2071307,1857,1917,1937,0.1356,0.2992,1.0947,-5.217,6.296,6.419
2071317,1930,1907,1911,0.1374,0.3039,1.0919,-3.407,7.115,6.414
2071327,1870,1926,1976,0.1343,0.3065,1.0899,-2.104,7.834,6.366
2071337,1859,1912,1908,0.1352,0.3114,1.0856,-1.278,8.354,6.402
2071347,1867,1925,1940,0.1300,0.3180,1.0735,-0.743,8.862,6.524
2071357,2100,1936,1906,0.1270,0.3214,1.0756,-0.944,8.658,6.669
2071367,1867,1917,1949,0.1227,0.3210,1.0736,-1.553,8.381,6.805
2071377,1901,1923,1916,0.1230,0.3170,1.0787,-2.490,7.942,6.959
2071387,1884,1909,1946,0.1243,0.3118,1.0898,-4.162,7.475,7.164
2071397,1936,1933,1914,0.1262,0.3092,1.0973,-5.647,7.350,7.578
2071407,1926,1927,1947,0.1304,0.3110,1.1028,-7.232,7.590,8.116
2071417,1856,1942,1908,0.1336,0.3100,1.1158,-9.121,7.849,8.587
2071427,1884,1964,1958,0.1349,0.3043,1.1192,-10.901,8.453,8.854
2071437,1939,1946,1915,0.1368,0.2986,1.1155,-12.206,9.192,8.976
2071447,1883,1938,1942,0.1337,0.2934,1.1149,-13.418,9.789,8.969
2071457,1897,1933,1920,0.1330,0.2883,1.1150,-14.470,10.019,8.923
2071467,1928,1918,1959,0.1320,0.2835,1.1077,-15.029,10.259,8.947
2071477,1867,1921,1934,0.1343,0.2797,1.1108,-15.660,10.081,9.178
2071487,1866,1917,1974,0.1401,0.2800,1.1158,-16.430,9.787,9.669
2071497,1960,1929,1928,0.1399,0.2739,1.1236,-17.478,9.683,10.316
2071507,2000,1902,1974,0.1380,0.2696,1.1288,-18.604,9.563,11.318
2071517,2226,1904,1943,0.1369,0.2635,1.1339,-20.467,9.472,12.557
2071527,1907,1909,1968,0.1351,0.2605,1.1342,-22.647,9.275,14.042
2071537,2015,1935,1921,0.1385,0.2470,1.1326,-24.902,9.026,15.648
2071547,1863,1945,1960,0.1382,0.2651,1.1410,-27.650,8.546,17.196
2071557,1886,1983,1918,0.1356,0.2568,1.1387,-30.489,8.304,18.149
2071567,1881,1940,1955,0.1368,0.2393,1.1459,-32.762,8.024,18.889
2071577,2303,1935,1930,0.1345,0.2328,1.1505,-34.478,7.801,19.918
2071587,2230,1925,1987,0.1273,0.2305,1.1531,-35.318,7.543,21.049
2071597,1941,1946,1918,0.1343,0.2196,1.1632,-35.610,7.028,21.704
2071607,1923,1959,1976,0.1347,0.2174,1.1870,-35.414,6.522,21.967
2071617,1867,1965,1921,0.1440,0.2245,1.2176,-33.834,6.879,22.236
2071627,1889,1933,1955,0.1620,0.2228,1.2547,-31.366,8.153,22.229
2071637,2094,1951,1915,0.1777,0.2143,1.2914,-27.665,10.678,22.163
2071647,1953,1922,1965,0.1893,0.2166,1.3203,-22.765,14.237,22.508
2071657,1986,1951,1923,0.1921,0.2214,1.3510,-18.203,18.198,22.939
2071667,1894,1936,1955,0.1908,0.2206,1.3731,-14.457,22.723,23.103
2071677,2135,1917,1904,0.1860,0.2102,1.3853,-11.466,27.406,23.160
2071687,1964,1920,1944,0.1800,0.2007,1.3962,-9.542,31.794,23.388
2071697,1984,1906,1938,0.1696,0.1941,1.3950,-7.591,36.803,24.282
2071707,2049,1897,1947,0.1594,0.1916,1.3950,-5.851,41.342,25.268
2071717,1880,1903,1926,0.1494,0.1909,1.3958,-4.227,45.513,26.266
2071727,1900,1905,1946,0.1411,0.1919,1.4040,-2.791,49.385,27.328
2071737,1891,1906,1904,0.1341,0.1971,1.4196,-1.670,53.091,28.590
2071747,1915,1903,1958,0.1248,0.2026,1.4316,-0.657,56.967,30.077
2071757,1875,1925,1903,0.1144,0.2077,1.4396,0.174,61.066,31.588
2071767,2086,1932,1938,0.1024,0.2082,1.4427,0.576,65.211,32.937
2071777,1861,1928,1905,0.0908,0.2080,1.4440,0.907,69.236,34.103
2071787,2132,1916,1974,0.0768,0.2067,1.4413,1.422,73.125,35.064
2071797,1861,1944,1930,0.0641,0.2070,1.4361,2.439,76.905,35.866
2071807,1884,1967,1936,0.0500,0.2062,1.4274,3.968,80.582,36.509
2071817,1942,2011,1909,0.0395,0.2046,1.4225,5.637,83.849,37.131
2071827,1884,1956,1947,0.0315,0.1987,1.4186,6.977,86.876,37.938
2071837,1857,1948,1940,0.0225,0.1918,1.4164,7.577,89.754,39.290
2071847,1894,1907,1911,0.0133,0.1879,1.4254,6.740,92.390,41.690
2071857,1998,1952,1925,0.0034,0.1849,1.4393,4.055,94.959,45.040
2071867,2143,2060,1904,-0.0021,0.1790,1.4584,-0.389,97.421,49.158
2071877,2312,2073,1935,-0.0024,0.1702,1.4842,-6.418,99.853,53.724
2071887,1940,2058,1977,-0.0003,0.1576,1.4948,-13.376,102.754,58.398
2071897,1862,1956,1928,0.0027,0.1434,1.4960,-20.338,106.241,63.115
2071907,2195,1949,2035,0.0144,0.1191,1.4914,-26.788,110.005,67.672
2071917,2339,2072,2250,0.0321,0.0599,1.4757,-32.265,113.647,70.839
2071927,2216,2111,1995,0.0475,-0.0335,1.4478,-37.239,117.011,72.469
2071937,2584,2212,2080,0.0635,-0.1333,1.4117,-41.023,120.305,75.314
2071947,1950,2090,1954,0.0752,-0.2285,1.3723,-43.064,123.917,80.807
2071957,2189,2325,2018,0.0815,-0.2986,1.3239,-43.164,128.436,89.268
2071967,2072,1905,2174,0.0906,-0.3552,1.2712,-39.227,133.435,99.670
2071977,2051,1962,1947,0.1015,-0.4003,1.2026,-31.463,139.039,110.843
2071987,2142,2051,2012,0.1131,-0.4396,1.1210,-21.116,144.399,121.712
2071997,1955,2100,1929,0.1181,-0.4705,1.0386,-9.464,148.913,132.240
2072007,2962,2214,2063,0.1220,-0.4859,0.9644,2.359,152.554,143.415
2072017,2006,2045,2002,0.1209,-0.4824,0.8897,14.310,155.736,155.409
2072027,2554,2092,1918,0.1073,-0.4442,0.8156,26.337,158.662,167.870
2072037,2216,2236,1912,0.0723,-0.3525,0.7198,39.590,161.991,180.711
2072047,1868,2080,2116,0.0156,-0.2080,0.5916,55.396,166.318,192.892
2072057,1852,2112,2000,-0.0530,-0.0470,0.4290,75.813,170.482,201.801
2072067,1961,2230,1932,-0.1021,0.0979,0.2633,98.631,171.450,205.846
2072077,1899,1890,1984,-0.1715,0.2627,0.1945,121.346,166.151,205.191
2072087,1980,2072,2071,-0.2181,0.4700,0.1664,141.505,157.350,203.261
2072097,1997,1905,1922,-0.2398,0.7096,0.1115,160.842,149.808,201.046
2072107,2080,1935,1901,-0.2172,0.9268,0.0677,177.680,142.781,194.723
2072117,2434,1930,1959,-0.2030,1.0198,0.0369,186.135,132.090,176.943
2072127,1966,1926,2099,-0.2084,1.0136,0.0597,186.588,117.201,150.264
2072137,2150,1927,1919,-0.2441,1.0081,0.0752,181.925,103.411,125.905
2072147,2042,1922,1962,-0.2652,1.0392,0.0665,173.860,93.648,111.200
2072157,1864,1923,1901,-0.2644,1.0722,0.0803,160.628,84.891,102.361
2072167,1954,1922,1903,-0.2637,1.0570,0.1374,140.653,74.035,92.199
2072177,1936,1922,1903,-0.2703,1.0191,0.1982,116.673,62.881,80.983
2072187,1913,1924,2035,-0.2731,0.9837,0.2467,92.160,54.079,72.581
2072197,2111,1923,1902,-0.2748,0.9477,0.2799,67.959,47.354,66.889
2072207,1915,1923,2103,-0.2834,0.9032,0.3066,45.548,41.458,61.474
2072217,2063,1921,1907,-0.3002,0.8617,0.3311,25.838,36.327,56.276
2072227,2072,1922,1994,-0.3176,0.8224,0.3469,10.456,32.097,51.840
2072237,2320,1921,1902,-0.3294,0.7828,0.3566,-0.586,28.861,48.430
2072247,1859,1921,1966,-0.3451,0.7573,0.3828,-8.063,25.701,45.443
2072257,1940,1921,1903,-0.3576,0.7425,0.4098,-12.142,22.952,43.036
2072267,1854,1922,1970,-0.3725,0.7402,0.4294,-12.802,21.338,41.173
2072277,2246,1922,1907,-0.3864,0.7558,0.4468,-10.937,20.251,39.602
2072287,2300,1922,1994,-0.3956,0.7697,0.4570,-7.087,19.485,37.757
2072297,1958,1922,1899,-0.4030,0.7807,0.4664,-2.300,18.605,35.025
2072307,1862,1922,1905,-0.4170,0.8075,0.4546,2.095,17.658,31.966
2072317,1887,1922,1912,-0.4225,0.8437,0.4120,7.349,17.255,29.684
2072327,2272,1921,1964,-0.4072,0.8571,0.3963,12.831,15.611,26.798
2072337,2517,1925,1912,-0.4091,0.8507,0.4135,16.248,11.321,21.253
2072347,1866,1924,1944,-0.4234,0.8447,0.4181,19.437,7.190,15.512
2072357,1922,1922,1938,-0.4175,0.8579,0.4208,22.370,4.611,13.684
2072367,2027,1921,1908,-0.4066,0.8612,0.4381,23.296,2.036,12.998
2072377,1989,1922,1906,-0.4091,0.8496,0.4638,21.938,-1.136,10.499
2072387,1863,1920,1945,-0.4096,0.8347,0.4942,18.685,-3.936,8.223
2072397,1974,1920,1913,-0.4100,0.8216,0.5188,14.231,-5.673,7.429
2072407,2507,1922,2064,-0.4129,0.8172,0.5375,9.160,-6.584,7.589
2072417,1958,1921,1908,-0.4137,0.8183,0.5531,4.162,-7.079,8.217
2072427,1935,1920,1924,-0.4114,0.8196,0.5619,0.009,-7.199,8.759
2072437,2022,1921,1959,-0.4107,0.8170,0.5671,-2.690,-6.906,8.758
2072447,1957,1920,1900,-0.4105,0.8152,0.5719,-3.882,-6.303,8.262
2072457,1947,1923,2140,-0.4141,0.8145,0.5748,-3.638,-5.363,7.525
2072467,2258,1920,1949,-0.4193,0.8163,0.5805,-2.409,-4.341,6.648
2072477,1852,1921,1952,-0.4251,0.8154,0.5793,-0.562,-3.260,5.605
2072487,1954,1921,1915,-0.4277,0.8106,0.5811,1.593,-2.301,4.248
2072497,1871,1918,1903,-0.4285,0.8062,0.5854,3.496,-1.578,2.865
2072507,2028,1924,1904,-0.4310,0.8031,0.5807,5.585,-0.536,1.695
2072517,2092,1921,1902,-0.4317,0.8054,0.5733,7.438,0.742,1.001
2072527,1850,1923,1914,-0.4328,0.8044,0.5656,8.520,1.806,0.389
2072537,1896,1922,1904,-0.4384,0.8002,0.5546,8.837,2.588,-0.685
2072547,1885,1919,1969,-0.4457,0.7992,0.5433,8.252,3.115,-1.556
2072557,1867,1920,1927,-0.4475,0.8005,0.5324,6.892,3.491,-1.755
2072567,2032,1921,1901,-0.4491,0.7994,0.5287,4.808,3.394,-1.950
2072577,1900,1922,1935,-0.4468,0.7953,0.5361,2.184,2.645,-2.267
2072587,1955,1920,1905,-0.4429,0.7863,0.5477,-0.539,1.683,-2.511
2072597,1998,1920,1963,-0.4426,0.7743,0.5522,-3.210,1.044,-2.678
2072607,1865,1919,1994,-0.4429,0.7679,0.5527,-5.746,0.685,-2.363
2072617,1850,1918,1901,-0.4406,0.7614,0.5551,-8.204,0.370,-1.564
2072627,1879,1915,2010,-0.4400,0.7479,0.5610,-10.368,-0.158,-1.165
2072637,2037,1921,1903,-0.4434,0.7360,0.5754,-12.038,-0.949,-1.178
2072647,1948,1919,2043,-0.4451,0.7297,0.5860,-12.586,-1.399,-0.803
2072657,1857,1920,1929,-0.4449,0.7270,0.5909,-11.970,-1.333,0.017
2072667,2330,1919,1977,-0.4455,0.7287,0.5971,-10.753,-1.245,0.695
2072677,1866,1919,1932,-0.4419,0.7340,0.6123,-9.511,-1.327,1.223
2072687,2006,1920,1939,-0.4403,0.7388,0.6253,-8.360,-1.220,1.452
2072697,1950,1919,2129,-0.4369,0.7447,0.6318,-7.268,-0.720,1.425
2072707,1943,1921,2024,-0.4338,0.7487,0.6333,-6.493,0.046,1.298
2072717,1858,1921,1920,-0.4339,0.7439,0.6266,-6.057,0.898,0.873
2072727,2339,1918,1954,-0.4339,0.7373,0.6220,-6.280,1.307,0.238
2072737,1998,1917,1901,-0.4359,0.7333,0.6221,-6.852,1.319,-0.184
2072747,1841,1920,2066,-0.4381,0.7322,0.6197,-7.064,1.365,-0.093
2072757,1863,1920,1905,-0.4415,0.7379,0.6136,-6.924,1.477,0.388
2072767,1949,1919,1934,-0.4424,0.7429,0.6072,-6.678,1.528,0.958
2072777,1900,1920,1905,-0.4431,0.7390,0.6047,-6.813,1.137,0.987
2072787,1930,1919,1956,-0.4469,0.7341,0.6120,-7.467,0.105,0.566
2072797,2064,1917,1898,-0.4471,0.7339,0.6209,-8.068,-0.836,0.762
2072807,2030,1918,1901,-0.4469,0.7343,0.6300,-8.207,-1.446,1.385
2072817,1870,1919,1973,-0.4471,0.7373,0.6411,-8.232,-2.114,1.906
2072827,2023,1918,1899,-0.4444,0.7418,0.6535,-7.966,-2.723,2.384
2072837,1842,1919,1902,-0.4424,0.7449,0.6601,-7.298,-2.986,2.714
2072847,2075,1919,1998,-0.4398,0.7472,0.6665,-6.358,-2.992,2.912
2072857,1978,1919,1902,-0.4383,0.7539,0.6758,-5.500,-2.893,3.120
2072867,2070,1919,1906,-0.4370,0.7605,0.6790,-4.589,-2.479,3.341
2072877,1972,1920,1963,-0.4375,0.7636,0.6779,-3.583,-1.811,3.311
2072887,1841,1921,1937,-0.4385,0.7680,0.6783,-2.919,-1.241,3.051
2072897,1949,1918,2020,-0.4392,0.7708,0.6752,-2.299,-0.658,2.716
2072907,1989,1920,2135,-0.4396,0.7714,0.6698,-1.648,0.009,2.290
2072917,2280,1921,2377,-0.4396,0.7691,0.6637,-1.252,0.577,1.793
2072927,1917,1920,1942,-0.4404,0.7609,0.6500,-0.875,1.132,1.205
2072937,2043,1918,1898,-0.4404,0.7502,0.6400,-0.646,1.408,0.609
2072947,2108,1918,1947,-0.4430,0.7437,0.6356,-0.672,1.322,0.287
2072957,1923,1916,1971,-0.4444,0.7434,0.6257,-0.264,1.444,0.606
2072967,1994,1917,1899,-0.4423,0.7469,0.6147,0.546,1.668,1.377
2072977,1941,1920,1914,-0.4412,0.7485,0.6078,1.234,1.466,1.692
2072987,1870,1918,1939,-0.4413,0.7454,0.6053,1.706,0.887,1.425
2072997,1962,1922,1907,-0.4377,0.7461,0.6092,1.764,0.241,1.380
2073007,1974,1918,1901,-0.4318,0.7492,0.6155,1.436,-0.190,1.824
2073017,2178,1917,1932,-0.4290,0.7520,0.6234,0.839,-0.370,2.221
2073027,1945,1919,1901,-0.4277,0.7550,0.6290,0.215,-0.298,2.431
2073037,1848,1918,1903,-0.4284,0.7572,0.6307,-0.408,-0.018,2.484
2073047,2108,1919,2024,-0.4288,0.7599,0.6355,-1.132,0.303,2.450
2073057,1855,1918,1925,-0.4292,0.7619,0.6365,-1.806,0.690,2.310
2073067,2143,1918,1902,-0.4287,0.7612,0.6371,-2.187,1.178,2.046
2073077,1839,1915,1987,-0.4287,0.7576,0.6374,-2.343,1.706,1.696
2073087,2016,1919,1917,-0.4315,0.7530,0.6377,-2.248,2.215,1.263
2073097,2513,1919,1899,-0.4319,0.7524,0.6380,-1.934,2.757,1.086
2073107,2142,1918,1903,-0.4336,0.7515,0.6341,-1.422,3.357,1.108
2073117,2280,1917,1962,-0.4377,0.7547,0.6297,-0.863,3.862,1.125
2073127,1891,1919,1922,-0.4400,0.7580,0.6251,-0.325,4.237,1.254
2073137,2311,1919,1907,-0.4417,0.7597,0.6187,0.183,4.472,1.303
2073147,2049,1918,2026,-0.4417,0.7589,0.6155,0.458,4.451,1.265
2073157,1995,1920,1900,-0.4414,0.7546,0.6151,0.446,4.249,1.243
2073167,2002,1919,1933,-0.4423,0.7485,0.6129,0.299,3.995,1.226
2073177,2109,1920,1898,-0.4442,0.7432,0.6115,0.172,3.720,1.342
2073187,1842,1917,1958,-0.4441,0.7437,0.6145,-0.094,3.316,1.801
2073197,1981,1918,1909,-0.4444,0.7463,0.6142,-0.225,2.990,2.376
2073207,2382,1921,1908,-0.4432,0.7511,0.6145,-0.242,2.698,2.942
2073217,2024,1912,1959,-0.4418,0.7531,0.6149,-0.328,2.306,3.362
2073227,2009,1918,1963,-0.4408,0.7505,0.6132,-0.523,1.841,3.432
2073237,2107,1918,1914,-0.4397,0.7477,0.6192,-0.945,1.207,3.458
2073247,1851,1918,1929,-0.4374,0.7483,0.6280,-1.432,0.581,3.709
2073257,1865,1918,1908,-0.4316,0.7497,0.6385,-1.742,0.199,4.037
2073267,2086,1916,1914,-0.4270,0.7538,0.6451,-1.876,0.149,4.298
2073277,1858,1918,1933,-0.4249,0.7591,0.6469,-1.746,0.481,4.387
2073287,1898,1918,1927,-0.4237,0.7632,0.6487,-1.527,0.998,4.302
2073297,1844,1920,1908,-0.4253,0.7661,0.6488,-1.284,1.495,3.894
2073307,1858,1918,1939,-0.4263,0.7674,0.6486,-1.022,1.929,3.281
2073317,1962,1918,1969,-0.4271,0.7652,0.6469,-0.685,2.390,2.571
2073327,1951,1918,1905,-0.4284,0.7596,0.6449,-0.262,2.819,1.783
2073337,1846,1918,1895,-0.4324,0.7532,0.6434,0.017,3.156,1.068
2073347,2414,1918,1900,-0.4375,0.7486,0.6346,0.293,3.493,0.570
2073357,2110,1918,1906,-0.4413,0.7466,0.6279,0.448,3.660,0.469
2073367,1982,1917,1898,-0.4451,0.7446,0.6234,0.240,3.052,0.535
2073377,2309,1919,1972,-0.4457,0.7460,0.6215,-0.035,2.327,0.917
2073387,1982,1918,1906,-0.4449,0.7476,0.6170,-0.173,1.637,1.373
2073397,2039,1919,1935,-0.4448,0.7489,0.6180,-0.395,0.808,1.638
2073407,1835,1919,1904,-0.4434,0.7508,0.6235,-0.716,-0.136,1.844
2073417,2006,1914,1914,-0.4422,0.7507,0.6270,-1.009,-0.905,1.968
2073427,1888,1919,1909,-0.4392,0.7522,0.6322,-1.201,-1.474,2.030
2073437,1855,1918,1897,-0.4362,0.7548,0.6403,-1.447,-1.919,2.037
2073447,1924,1917,1917,-0.4344,0.7569,0.6448,-1.489,-1.997,1.912
2073457,2100,1918,1898,-0.4325,0.7598,0.6499,-1.397,-1.802,1.684
2073467,1925,1920,1948,-0.4307,0.7631,0.6568,-1.368,-1.478,1.298
2073477,2331,1918,1897,-0.4307,0.7672,0.6565,-1.109,-0.810,0.671
2073487,1840,1918,1946,-0.4316,0.7727,0.6530,-0.609,0.131,-0.035
2073497,1889,1917,1902,-0.4332,0.7820,0.6506,-0.087,1.146,-0.688
2073507,1838,1917,1925,-0.4348,0.7867,0.6397,0.530,2.271,-1.517
2073517,2063,1918,1913,-0.4405,0.7870,0.6287,1.029,3.226,-2.746
2073527,1944,1917,1929,-0.4453,0.7912,0.6246,0.894,3.645,-3.956
2073537,2012,1917,1915,-0.4515,0.7973,0.6144,0.627,4.041,-4.866
2073547,1991,1920,1914,-0.4539,0.8035,0.6026,0.344,4.531,-5.567
2073557,2305,1917,1907,-0.4571,0.8094,0.5968,-0.472,4.637,-6.505
2073567,1875,1919,1926,-0.4599,0.8135,0.5886,-1.738,4.537,-7.853
2073577,1837,1916,1899,-0.4620,0.8196,0.5778,-3.207,4.527,-9.225
2073587,2035,1916,1906,-0.4600,0.8270,0.5676,-5.054,4.550,-10.463
2073597,1996,1918,1905,-0.4591,0.8334,0.5558,-7.296,4.503,-11.944
2073607,1904,1912,1936,-0.4602,0.8404,0.5377,-9.731,4.445,-13.843
2073617,1893,1918,1921,-0.4607,0.8513,0.5147,-12.269,4.414,-15.838
2073627,1944,1914,1917,-0.4614,0.8676,0.4907,-15.022,4.224,-18.092
2073637,2061,1916,1905,-0.4602,0.8867,0.4668,-17.861,3.734,-20.833
2073647,1850,1927,1905,-0.4571,0.9013,0.4409,-20.647,2.831,-24.145
2073657,1962,1916,1907,-0.4602,0.9119,0.4219,-23.221,0.908,-28.651
2073667,1857,1917,1911,-0.4661,0.9255,0.4020,-25.305,-1.814,-33.363
2073677,1967,1918,1909,-0.4703,0.9345,0.3805,-26.289,-5.050,-38.164
2073687,1846,1916,1909,-0.4776,0.9362,0.3590,-26.535,-9.076,-43.769
2073697,1872,1915,1899,-0.4814,0.9340,0.3408,-25.991,-14.008,-49.909
2073707,1862,1917,1905,-0.4811,0.9293,0.3206,-24.607,-19.385,-56.033
2073717,1987,1916,1895,-0.4794,0.9188,0.2993,-22.702,-25.085,-62.410
2073727,1919,1918,1921,-0.4765,0.9003,0.2823,-20.665,-31.378,-69.146
2073737,1863,1917,1932,-0.4757,0.8814,0.2736,-18.657,-38.316,-75.841
2073747,2039,1919,1905,-0.4695,0.8623,0.2706,-16.678,-45.561,-81.907
2073757,1975,1909,1948,-0.4655,0.8407,0.2659,-15.014,-52.858,-87.601
2073767,1874,1916,1959,-0.4626,0.8198,0.2592,-13.968,-60.297,-93.132
2073777,2001,1915,1901,-0.4529,0.7961,0.2511,-13.802,-67.842,-98.103
2073787,1833,1912,1903,-0.4414,0.7644,0.2427,-14.805,-75.585,-102.915
2073797,1839,1916,1903,-0.4270,0.7285,0.2421,-16.993,-83.737,-107.656
2073807,1832,1920,1927,-0.4096,0.6919,0.2521,-20.025,-92.186,-111.655
2073817,2104,1919,2011,-0.3919,0.6541,0.2675,-23.421,-100.604,-114.965
2073827,1876,1918,1914,-0.3726,0.6128,0.2845,-26.819,-108.715,-117.780
2073837,1886,1916,1901,-0.3536,0.5716,0.3038,-30.228,-116.476,-120.197
2073847,1951,1913,1905,-0.3317,0.5290,0.3232,-33.515,-123.842,-122.296
2073857,2031,1917,1903,-0.3072,0.4833,0.3418,-36.547,-130.779,-124.101
2073867,1913,1918,1922,-0.2826,0.4329,0.3649,-39.151,-137.556,-125.763
2073877,1874,1918,1916,-0.2606,0.3888,0.3987,-41.019,-144.351,-126.823
2073887,1935,1919,1924,-0.2372,0.3530,0.4352,-41.956,-150.676,-126.839
2073897,1866,1918,1927,-0.2153,0.3199,0.4674,-41.893,-156.182,-126.373
2073907,1837,1915,1906,-0.1957,0.2907,0.5023,-41.053,-161.297,-126.093
2073917,2005,1917,1901,-0.1743,0.2694,0.5335,-39.854,-166.230,-125.928
2073927,2122,1918,1900,-0.1551,0.2419,0.5743,-38.065,-170.842,-126.026
2073937,1834,1934,1899,-0.1301,0.2168,0.6110,-35.397,-174.886,-125.894
2073947,1845,1926,1900,-0.1005,0.1909,0.6484,-33.003,-178.437,-124.855
2073957,2042,1928,1904,-0.0718,0.1643,0.6831,-31.574,-181.923,-123.239
2073967,1883,1929,1948,-0.0404,0.1396,0.7364,-31.273,-186.006,-120.865
2073977,1881,1934,1912,-0.0069,0.1288,0.8114,-32.418,-189.637,-117.229
2073987,1934,1918,1920,0.0260,0.1318,0.8905,-33.882,-191.915,-112.470
2073997,1840,1929,1905,0.0641,0.1419,0.9786,-35.645,-192.412,-107.630
2074007,1968,1923,1899,0.0979,0.1418,1.0552,-38.569,-191.016,-103.549
2074017,1936,1923,1899,0.1322,0.1313,1.1148,-41.743,-187.666,-100.293
2074027,1884,1922,1898,0.1628,0.1154,1.1620,-44.990,-182.677,-97.539
2074037,2005,1951,1914,0.1909,0.0904,1.2031,-48.926,-177.063,-94.983
2074047,2252,1927,1904,0.2169,0.0611,1.2432,-53.177,-170.965,-92.462
2074057,1990,1920,1928,0.2399,0.0325,1.2893,-57.088,-164.473,-89.648
2074067,2015,1911,1900,0.2582,0.0095,1.3294,-60.269,-157.267,-86.344
2074077,2014,1913,1899,0.2688,-0.0061,1.3495,-62.279,-148.801,-82.533
2074087,1828,1905,1896,0.2714,-0.0171,1.3608,-63.681,-139.859,-78.313
2074097,1828,1926,1937,0.2688,-0.0235,1.3746,-65.280,-131.669,-73.964
2074107,1936,1932,1905,0.2641,-0.0311,1.3926,-67.149,-124.514,-69.763
2074117,1934,1935,1919,0.2585,-0.0420,1.4006,-68.904,-118.159,-65.924
2074127,1837,1933,1902,0.2470,-0.0552,1.4125,-70.292,-112.556,-62.427
2074137,1836,1932,1939,0.2435,-0.0558,1.4197,-71.415,-107.549,-58.896
2074147,1868,1916,1899,0.2438,-0.0624,1.4260,-70.546,-103.106,-55.588
2074157,1994,1926,1919,0.2551,-0.0818,1.4246,-67.752,-98.593,-52.869
2074167,1832,1918,1911,0.2546,-0.0893,1.4250,-63.634,-94.513,-50.293
2074177,1864,1934,1909,0.2572,-0.0881,1.4248,-58.029,-90.549,-47.261
2074187,2117,1920,1902,0.2605,-0.0925,1.4300,-51.070,-86.766,-44.266
2074197,1959,1933,1928,0.2720,-0.1038,1.4454,-43.115,-83.397,-41.732
2074207,1949,1895,1915,0.2865,-0.1188,1.4550,-33.981,-80.000,-39.800
2074217,1941,1914,1900,0.3009,-0.1354,1.4629,-23.308,-76.359,-38.294
2074227,2135,1905,1918,0.3133,-0.1497,1.4644,-11.573,-71.945,-36.302
2074237,1830,1907,1908,0.3185,-0.1487,1.4521,1.617,-66.652,-33.393
2074247,1999,1894,1966,0.3199,-0.1296,1.4314,15.953,-60.893,-29.804
2074257,1908,1888,1933,0.3085,-0.1007,1.4001,30.789,-54.900,-26.181
2074267,1900,1910,1975,0.2897,-0.0578,1.3758,45.500,-49.502,-22.730
2074277,1959,1902,1933,0.2677,-0.0093,1.3532,58.776,-44.899,-19.521
2074287,1852,1907,1972,0.2534,0.0415,1.3349,70.471,-40.927,-16.730
2074297,1841,1919,1956,0.2494,0.0866,1.3226,79.565,-37.755,-14.855
2074307,1853,1922,2004,0.2445,0.1232,1.3098,85.733,-35.268,-14.475
2074317,1908,1932,1958,0.2406,0.1607,1.2956,89.397,-33.018,-14.488
2074327,1884,1907,2019,0.2376,0.1951,1.2797,90.650,-30.828,-14.166
2074337,1961,1955,1984,0.2367,0.2269,1.2645,89.770,-28.813,-13.674
2074347,1872,1918,1989,0.2315,0.2499,1.2493,86.830,-27.049,-13.412
2074357,1836,1917,1950,0.2276,0.2690,1.2361,82.109,-25.658,-13.274
2074367,1879,1923,1964,0.2236,0.2851,1.2236,76.006,-24.572,-13.136
2074377,1897,1934,1917,0.2214,0.2969,1.2093,68.966,-23.694,-12.979
2074387,1861,1932,1983,0.2231,0.3058,1.1954,61.354,-22.932,-12.799
2074397,1892,1918,1919,0.2253,0.3118,1.1809,53.502,-22.254,-12.524
2074407,1834,1928,1971,0.2291,0.3133,1.1712,45.756,-21.449,-12.066
2074417,1872,1919,1926,0.2381,0.3141,1.1790,37.706,-20.865,-11.172
2074427,1968,1937,1985,0.2470,0.3124,1.1836,29.310,-19.783,-9.920
2074437,1966,1942,1973,0.2522,0.3130,1.1783,21.381,-17.793,-8.396
2074447,2042,1925,1989,0.2549,0.3145,1.1853,12.868,-15.854,-6.904
2074457,1877,1909,1938,0.2496,0.3166,1.1784,4.497,-13.615,-5.626
2074467,1839,1931,2002,0.2387,0.3154,1.1527,-2.560,-10.921,-4.737
2074477,1945,1929,1927,0.2293,0.3064,1.1343,-9.110,-9.066,-4.404
2074487,1844,1927,2003,0.2207,0.2893,1.1158,-14.908,-8.051,-4.530
2074497,1882,1940,1943,0.2151,0.2719,1.0923,-19.253,-7.320,-4.792
2074507,1880,1911,1953,0.2119,0.2540,1.0750,-22.489,-7.177,-4.957
2074517,1920,1949,1942,0.2085,0.2382,1.0641,-24.629,-7.572,-5.016
2074527,1858,1927,2040,0.2085,0.2260,1.0547,-25.408,-8.276,-4.922
2074537,1893,1940,1965,0.2109,0.2150,1.0540,-25.146,-9.276,-4.720
2074547,1837,1925,1984,0.2159,0.2072,1.0544,-23.987,-10.292,-4.458
2074557,1922,1932,1975,0.2220,0.2032,1.0531,-22.093,-11.052,-4.167
2074567,1833,1920,2023,0.2285,0.1996,1.0538,-19.867,-11.718,-3.902
2074577,1913,1925,2014,0.2346,0.1974,1.0548,-17.411,-12.241,-3.724
2074587,1834,1935,2191,0.2262,0.2488,1.0786,-13.953,-12.543,-3.471
2074597,1954,1921,2214,0.2591,0.2419,1.1371,-10.043,-13.602,-5.149
2074607,1847,1944,2159,0.2558,0.1987,1.1553,-4.170,-13.776,-10.158
2074617,1843,1935,2137,0.2656,0.1731,1.1592,4.307,-12.226,-12.736
2074627,1890,1920,2121,0.2651,0.1581,1.1715,12.499,-10.722,-12.820
2074637,2197,1934,2068,0.2647,0.1610,1.1875,20.290,-9.298,-11.586
2074647,1849,1920,2095,0.2659,0.1710,1.1930,27.426,-7.564,-9.897
2074657,1838,1906,1986,0.2697,0.1750,1.2037,33.617,-5.592,-8.184
2074667,1848,1947,2094,0.2675,0.1910,1.2176,38.772,-3.608,-6.310
2074677,1875,1911,1942,0.2575,0.2168,1.2024,43.033,-1.062,-3.844
2074687,1858,1920,2031,0.2574,0.2559,1.1841,45.808,1.342,-0.604
2074697,1843,1912,1944,0.2511,0.2768,1.1692,46.209,2.403,0.864
2074707,1856,1917,1994,0.2482,0.2946,1.1505,45.589,2.721,1.485
2074717,1838,1932,1939,0.2418,0.3086,1.1242,44.525,3.174,1.967
2074727,1876,1919,2069,0.2329,0.3271,1.1025,42.892,3.176,2.616
2074737,1856,1934,1975,0.2263,0.3461,1.0845,40.665,2.699,3.190
2074747,1960,1914,1996,0.2214,0.3602,1.0700,38.066,1.966,3.591
2074757,2257,1929,1974,0.2203,0.3670,1.0600,34.696,1.109,3.813
2074767,1839,1925,1992,0.2231,0.3701,1.0590,30.592,-0.064,3.901
2074777,1945,1924,1933,0.2282,0.3689,1.0636,26.043,-1.291,3.823
2074787,1834,1913,1994,0.2331,0.3642,1.0688,21.583,-2.179,3.690
2074797,1837,1909,1972,0.2378,0.3603,1.0699,17.655,-2.542,3.646
2074807,1842,1917,2016,0.2447,0.3595,1.0629,14.626,-2.408,3.641
2074817,1854,1904,1923,0.2476,0.3585,1.0609,12.281,-2.211,3.489
2074827,1846,1917,2000,0.2485,0.3509,1.0564,10.241,-2.056,2.974
2074837,1861,1903,1914,0.2484,0.3447,1.0461,8.909,-1.692,2.350
2074847,1843,1913,2017,0.2458,0.3407,1.0487,7.729,-1.529,1.827
2074857,1916,1907,1905,0.2470,0.3356,1.0515,6.644,-1.584,1.443
2074867,1849,1909,1919,0.2501,0.3343,1.0579,6.123,-1.409,1.189
2074877,1835,1920,1922,0.2504,0.3319,1.0660,5.885,-1.066,0.966
2074887,1870,1907,1991,0.2517,0.3280,1.0678,5.904,-0.473,0.697
2074897,1877,1923,1936,0.2508,0.3262,1.0665,6.149,0.356,0.455
2074907,1872,1914,1987,0.2488,0.3278,1.0641,6.411,1.029,0.249
2074917,1852,1922,2006,0.2476,0.3300,1.0653,6.641,1.405,-0.069
2074927,1880,1919,1964,0.2482,0.3290,1.0611,7.050,1.823,-0.552
2074937,1894,1920,1934,0.2467,0.3273,1.0626,7.584,2.178,-1.045
2074947,1870,1911,1969,0.2449,0.3281,1.0659,7.936,2.290,-1.402
2074957,2020,1929,1945,0.2438,0.3308,1.0675,8.541,2.486,-1.630
2074967,1851,1912,1990,0.2429,0.3351,1.0692,9.117,2.622,-1.790
2074977,1894,1925,1895,0.2419,0.3395,1.0696,9.801,2.780,-1.883
2074987,1867,1909,1943,0.2398,0.3451,1.0660,10.479,3.010,-1.833
2074997,1944,1924,1930,0.2382,0.3530,1.0656,10.752,3.013,-1.699
2075007,1851,1910,1896,0.2375,0.3602,1.0648,10.826,2.919,-1.511
2075017,1862,1923,1904,0.2364,0.3652,1.0630,10.698,2.821,-1.330
2075027,1840,1908,1935,0.2364,0.3691,1.0642,10.390,2.708,-1.167
2075037,1865,1922,1934,0.2352,0.3733,1.0651,9.943,2.603,-1.010
2075047,1836,1910,1978,0.2346,0.3755,1.0630,9.443,2.651,-0.914
2075057,1897,1923,1899,0.2331,0.3757,1.0587,8.914,2.829,-0.802
2075067,1845,1907,1920,0.2341,0.3765,1.0586,8.240,2.842,-0.601
2075077,1858,1922,1929,0.2328,0.3766,1.0586,7.474,2.736,-0.483
2075087,1836,1906,1941,0.2311,0.3766,1.0611,6.769,2.638,-0.438
2075097,1882,1918,1898,0.2304,0.3762,1.0626,6.038,2.446,-0.422
2075107,1841,1913,1988,0.2285,0.3757,1.0618,5.371,2.233,-0.378
2075117,1855,1922,1895,0.2268,0.3763,1.0587,4.900,2.043,-0.277
2075127,1865,1907,1929,0.2252,0.3775,1.0598,4.522,1.688,-0.167
2075137,1858,1918,1958,0.2241,0.3787,1.0608,4.328,1.270,-0.049
2075147,1868,1906,1961,0.2240,0.3804,1.0596,4.319,0.904,0.101
2075157,1912,1916,1927,0.2240,0.3824,1.0587,4.153,0.453,0.277
2075167,1865,1902,1968,0.2237,0.3840,1.0560,3.862,0.039,0.445
2075177,1840,1926,1910,0.2251,0.3868,1.0541,3.480,-0.257,0.713
2075187,1851,1904,1904,0.2268,0.3870,1.0536,2.974,-0.532,0.954
2075197,1857,1922,1900,0.2277,0.3855,1.0535,2.471,-0.762,0.934
2075207,1877,1909,1973,0.2295,0.3826,1.0534,1.913,-0.971,0.775
2075217,1850,1928,1894,0.2299,0.3801,1.0542,1.327,-1.146,0.600
2075227,1857,1905,1955,0.2302,0.3784,1.0531,0.876,-1.239,0.435
2075237,1872,1921,1897,0.2303,0.3763,1.0500,0.626,-1.268,0.324
2075247,1888,1904,1941,0.2327,0.3744,1.0511,0.518,-1.358,0.282
2075257,1881,1923,1897,0.2339,0.3732,1.0524,0.627,-1.344,0.274
2075267,1863,1912,1908,0.2346,0.3734,1.0512,0.992,-1.121,0.286
2075277,1876,1932,1905,0.2338,0.3741,1.0521,1.316,-0.862,0.300
2075287,1835,1907,1911,0.2330,0.3739,1.0511,1.619,-0.544,0.260
2075297,1854,1919,1901,0.2328,0.3755,1.0508,1.906,-0.243,0.226
2075307,1845,1906,1929,0.2325,0.3767,1.0528,2.125,-0.014,0.189
2075317,1872,1926,1894,0.2328,0.3781,1.0518,2.352,0.238,0.110
2075327,1835,1903,1928,0.2324,0.3800,1.0511,2.559,0.500,0.024
2075337,1884,1922,1901,0.2305,0.3819,1.0503,2.646,0.792,-0.068
2075347,1851,1912,1911,0.2309,0.3835,1.0499,2.588,1.031,-0.180
2075357,1922,1922,1896,0.2300,0.3830,1.0519,2.331,1.194,-0.328
2075367,1844,1918,2037,0.2287,0.3839,1.0501,2.126,1.424,-0.494
2075377,1841,1925,1916,0.2280,0.3841,1.0492,2.006,1.634,-0.666
2075387,1863,1916,1915,0.2276,0.3839,1.0515,1.781,1.738,-0.836
2075397,1863,1928,1902,0.2261,0.3828,1.0511,1.649,1.858,-0.985
2075407,1874,1921,1897,0.2246,0.3826,1.0505,1.598,1.984,-1.137
2075417,1893,1930,1899,0.2235,0.3824,1.0520,1.527,2.005,-1.235
2075427,1857,1909,2010,0.2220,0.3833,1.0509,1.536,2.070,-1.270
2075437,1855,1930,1943,0.2216,0.3844,1.0488,1.645,2.135,-1.250
2075447,1848,1904,1973,0.2208,0.3854,1.0504,1.728,2.092,-1.191
2075457,1849,1925,1898,0.2211,0.3869,1.0495,1.882,2.066,-1.068
2075467,1856,1921,1923,0.2207,0.3886,1.0487,2.091,2.077,-0.878
2075477,1852,1920,1892,0.2214,0.3905,1.0498,2.149,2.063,-0.703
2075487,1918,1908,1951,0.2219,0.3918,1.0489,2.069,2.087,-0.586
2075497,1978,1921,1935,0.2206,0.3922,1.0492,1.892,2.168,-0.537
2075507,1877,1918,1893,0.2193,0.3908,1.0517,1.532,2.223,-0.558
2075517,1850,1934,1896,0.2189,0.3897,1.0510,1.131,2.306,-0.607
2075527,1868,1905,1977,0.2177,0.3868,1.0510,0.788,2.436,-0.638
2075537,1861,1917,1890,0.2172,0.3853,1.0515,0.476,2.473,-0.610
2075547,1840,1905,1922,0.2165,0.3838,1.0524,0.317,2.471,-0.541
2075557,1854,1917,1891,0.2164,0.3825,1.0523,0.350,2.464,-0.444
2075567,1853,1910,1914,0.2166,0.3831,1.0522,0.523,2.435,-0.311
2075577,1872,1933,1902,0.2156,0.3836,1.0508,0.716,2.428,-0.216
2075587,1871,1913,1938,0.2155,0.3842,1.0507,0.810,2.405,-0.181
2075597,1851,1930,1895,0.2146,0.3847,1.0513,0.891,2.376,-0.187
2075607,1846,1913,1916,0.2124,0.3845,1.0522,0.947,2.347,-0.254
2075617,1859,1925,1931,0.2109,0.3834,1.0531,0.979,2.248,-0.318
2075627,1960,1909,1913,0.2103,0.3829,1.0530,0.977,2.049,-0.354
2075637,1844,1920,1934,0.2100,0.3831,1.0539,0.939,1.739,-0.319
2075647,1867,1910,1905,0.2087,0.3833,1.0533,0.871,1.383,-0.235
2075657,1859,1920,1893,0.2082,0.3857,1.0537,0.868,1.000,-0.078
2075667,1866,1907,1896,0.2089,0.3888,1.0536,0.876,0.611,0.118
2075677,1897,1919,1921,0.2098,0.3906,1.0528,0.840,0.261,0.305
2075687,1861,1904,1923,0.2098,0.3919,1.0522,0.666,-0.003,0.449
2075697,1878,1928,1899,0.2100,0.3925,1.0512,0.402,-0.209,0.539
2075707,1845,1912,1900,0.2108,0.3921,1.0529,0.096,-0.387,0.608
2075717,1840,1931,1959,0.2105,0.3900,1.0527,-0.224,-0.499,0.675
2075727,1841,1909,1952,0.2097,0.3882,1.0531,-0.451,-0.556,0.744
2075737,1864,1917,1900,0.2108,0.3861,1.0511,-0.548,-0.591,0.804
2075747,1847,1908,1914,0.2108,0.3852,1.0516,-0.510,-0.636,0.900
2075757,1884,1927,1899,0.2113,0.3850,1.0509,-0.363,-0.671,1.016
2075767,1852,1911,1897,0.2109,0.3858,1.0527,-0.216,-0.734,1.133
2075777,1860,1922,1895,0.2112,0.3872,1.0521,-0.081,-0.831,1.215
2075787,1883,1906,1903,0.2121,0.3876,1.0522,-0.022,-0.917,1.239
2075797,1865,1928,1898,0.2125,0.3869,1.0533,-0.060,-1.026,1.213
2075807,1844,1917,1928,0.2125,0.3871,1.0531,-0.164,-1.108,1.198
2075817,1888,1930,1907,0.2125,0.3879,1.0515,-0.186,-1.068,1.180
2075827,1840,1921,2072,0.2139,0.3873,1.0533,-0.220,-1.064,1.154
2075837,1850,1929,1943,0.2144,0.3858,1.0553,-0.299,-1.055,1.137
2075847,1845,1907,1894,0.2143,0.3855,1.0529,-0.262,-0.886,1.122
2075857,1874,1927,1903,0.2145,0.3865,1.0522,-0.177,-0.687,1.119
2075867,1853,1910,1898,0.2146,0.3863,1.0524,-0.111,-0.521,1.097
2075877,1903,1933,1901,0.2138,0.3873,1.0504,-0.009,-0.297,1.062
2075887,1856,1906,1898,0.2129,0.3880,1.0500,0.025,-0.135,1.034
2075897,1873,1936,1908,0.2129,0.3871,1.0521,-0.035,-0.072,0.994
2075907,1858,1915,1897,0.2120,0.3855,1.0525,-0.046,0.031,0.940
2075917,1861,1929,1906,0.2117,0.3842,1.0519,-0.018,0.140,0.921
2075927,1857,1908,1897,0.2114,0.3837,1.0523,-0.008,0.190,0.927
2075937,1900,1933,1900,0.2108,0.3843,1.0514,0.032,0.214,0.955
2075947,1834,1903,1900,0.2112,0.3850,1.0504,0.108,0.222,1.006
