9962772,1667,1887,1952,0.1965,-0.0656,1.1299,0.026,-1.304,-0.135
9962782,1679,1873,1857,0.1967,-0.0639,1.1301,0.248,-1.296,-0.123
9962792,1682,1881,1880,0.1966,-0.0616,1.1326,0.304,-1.276,-0.103
9962802,1693,1890,1869,0.1967,-0.0607,1.1329,0.139,-1.289,-0.115
9962812,1661,1876,1903,0.1963,-0.0606,1.1351,-0.208,-1.286,-0.138
9962822,1681,1872,1962,0.1964,-0.0625,1.1333,-0.726,-1.332,-0.176
9962832,1684,1872,1855,0.1952,-0.0652,1.1322,-1.194,-1.319,-0.165
9962842,1692,1877,2001,0.1950,-0.0660,1.1321,-1.437,-1.377,-0.088
9962852,1662,1877,1869,0.1950,-0.0671,1.1306,-1.356,-1.389,-0.014
9962862,1708,1882,1872,0.1947,-0.0675,1.1294,-1.032,-1.369,0.029
9962872,1670,1874,1900,0.1950,-0.0673,1.1302,-0.613,-1.371,0.090
9962882,1688,1872,1885,0.1943,-0.0664,1.1307,-0.259,-1.379,0.174
9962892,1666,1887,1870,0.1939,-0.0655,1.1296,-0.090,-1.348,0.263
9962902,1686,1875,1883,0.1932,-0.0648,1.1277,-0.106,-1.312,0.310
9962912,1663,1873,2120,0.1940,-0.0646,1.1274,-0.209,-1.342,0.347
9962922,1680,1875,1938,0.1953,-0.0649,1.1306,-0.345,-1.438,0.357
9962932,1677,1875,1997,0.1959,-0.0653,1.1304,-0.477,-1.481,0.322
9962942,1688,1873,1877,0.1965,-0.0663,1.1291,-0.515,-1.435,0.267
9962952,1667,1870,1999,0.1966,-0.0667,1.1286,-0.475,-1.418,0.232
9962962,1689,1873,1880,0.1964,-0.0671,1.1264,-0.358,-1.418,0.237
9962972,1666,1878,1873,0.1954,-0.0664,1.1279,-0.224,-1.433,0.272
9962982,1667,1872,1946,0.1960,-0.0664,1.1286,-0.118,-1.435,0.328
9962992,1669,1876,1858,0.1972,-0.0655,1.1282,-0.084,-1.437,0.380
9963002,1701,1874,1923,0.1969,-0.0650,1.1279,-0.164,-1.441,0.395
9963012,1677,1874,1856,0.1975,-0.0659,1.1301,-0.285,-1.459,0.342
9963022,1707,1875,2014,0.1974,-0.0670,1.1308,-0.436,-1.426,0.260
9963032,1667,1883,1942,0.1971,-0.0680,1.1307,-0.514,-1.377,0.181
9963042,1700,1877,1919,0.1970,-0.0689,1.1304,-0.461,-1.338,0.135
9963052,1672,1879,1871,0.1971,-0.0692,1.1310,-0.269,-1.316,0.146
9963062,1682,1875,1871,0.1966,-0.0679,1.1312,-0.045,-1.298,0.206
9963072,1673,1878,1986,0.1961,-0.0666,1.1306,0.124,-1.285,0.285
9963082,1672,1880,1863,0.1964,-0.0659,1.1296,0.131,-1.287,0.329
9963092,1681,1889,1862,0.1963,-0.0673,1.1298,-0.021,-1.278,0.317
9963102,1693,1883,1885,0.1969,-0.0676,1.1293,-0.239,-1.262,0.267
9963112,1668,1898,1881,0.1970,-0.0679,1.1296,-0.392,-1.232,0.218
9963122,1706,1877,1967,0.1971,-0.0679,1.1305,-0.444,-1.199,0.202
9963132,1677,1874,1878,0.1967,-0.0673,1.1305,-0.394,-1.157,0.207
9963142,1680,1877,1856,0.1963,-0.0672,1.1300,-0.310,-1.142,0.224
9963152,1675,1884,1872,0.1965,-0.0673,1.1317,-0.271,-1.119,0.242
9963162,1677,1880,1935,0.1968,-0.0671,1.1308,-0.312,-1.113,0.236
9963172,1670,1883,1856,0.1964,-0.0674,1.1307,-0.380,-1.139,0.221
9963182,1680,1904,1866,0.1970,-0.0684,1.1302,-0.438,-1.146,0.181
9963192,1681,1873,1912,0.1975,-0.0691,1.1295,-0.432,-1.148,0.144
9963202,1725,1878,1870,0.1976,-0.0693,1.1283,-0.323,-1.098,0.126
9963212,1669,1898,1865,0.1979,-0.0682,1.1301,-0.174,-1.066,0.134
9963222,1737,1873,1881,0.1975,-0.0670,1.1285,-0.016,-0.975,0.145
9963232,1671,1922,1929,0.1974,-0.0656,1.1287,0.098,-0.910,0.151
9963242,1750,1873,1951,0.1968,-0.0655,1.1280,0.128,-0.931,0.152
9963252,1676,1880,1881,0.1966,-0.0656,1.1293,0.077,-0.986,0.159
9963262,1714,1875,1998,0.1964,-0.0668,1.1298,-0.093,-1.035,0.144
9963272,1671,1898,1874,0.1968,-0.0677,1.1296,-0.267,-1.009,0.134
9963282,1689,1874,1869,0.1968,-0.0683,1.1281,-0.383,-1.051,0.133
9963292,1677,1879,1880,0.1972,-0.0682,1.1272,-0.400,-1.044,0.131
9963302,1698,1874,1911,0.1979,-0.0681,1.1266,-0.267,-1.019,0.135
9963312,1683,1874,1862,0.1978,-0.0671,1.1263,-0.036,-0.939,0.152
9963322,1706,1879,1857,0.1979,-0.0655,1.1272,0.169,-0.879,0.169
9963332,1678,1890,1983,0.1975,-0.0642,1.1272,0.268,-0.812,0.200
9963342,1681,1893,1929,0.1971,-0.0640,1.1278,0.200,-0.732,0.219
9963352,1676,1879,2011,0.1974,-0.0651,1.1283,0.016,-0.689,0.232
9963362,1693,1876,1871,0.1975,-0.0657,1.1266,-0.200,-0.587,0.254
9963372,1683,1874,1887,0.1979,-0.0656,1.1274,-0.402,-0.544,0.281
9963382,1732,1870,1858,0.1972,-0.0653,1.1265,-0.509,-0.522,0.307
9963392,1677,1901,1934,0.1979,-0.0661,1.1267,-0.521,-0.495,0.318
9963402,1696,1879,1905,0.1980,-0.0674,1.1271,-0.510,-0.484,0.295
9963412,1674,1881,1950,0.1978,-0.0683,1.1277,-0.510,-0.407,0.273
9963422,1707,1873,1899,0.1972,-0.0692,1.1281,-0.520,-0.310,0.275
9963432,1673,1885,2540,0.1970,-0.0708,1.1277,-0.522,-0.227,0.290
9963442,1722,1882,1871,0.1964,-0.0716,1.1287,-0.495,-0.177,0.311
9963452,1677,1883,1867,0.1959,-0.0709,1.1280,-0.450,-0.133,0.332
9963462,1679,1887,1856,0.1954,-0.0699,1.1279,-0.374,-0.076,0.339
9963472,1691,1872,1896,0.1950,-0.0683,1.1274,-0.211,-0.017,0.335
9963482,1716,1877,1855,0.1933,-0.0669,1.1267,0.006,0.011,0.291
9963492,1685,1888,1882,0.1934,-0.0656,1.1275,0.208,0.009,0.234
9963502,1714,1875,1879,0.1934,-0.0648,1.1297,0.305,-0.032,0.189
9963512,1685,1896,1960,0.1935,-0.0644,1.1292,0.274,-0.010,0.177
9963522,1733,1872,1856,0.1930,-0.0652,1.1277,0.133,0.002,0.203
9963532,1675,1891,1868,0.1925,-0.0657,1.1270,-0.079,-0.021,0.261
9963542,1715,1876,1908,0.1918,-0.0668,1.1267,-0.288,-0.094,0.333
9963552,1679,1878,2131,0.1921,-0.0676,1.1262,-0.428,-0.147,0.399
9963562,1707,1875,1869,0.1918,-0.0681,1.1274,-0.420,-0.233,0.447
9963572,1689,1885,1861,0.1918,-0.0699,1.1284,-0.310,-0.296,0.486
9963582,1787,1876,1856,0.1915,-0.0700,1.1288,-0.127,-0.335,0.529
9963592,1680,1917,1860,0.1903,-0.0693,1.1298,0.092,-0.427,0.585
9963602,1705,1874,1866,0.1906,-0.0692,1.1284,0.267,-0.486,0.604
9963612,1680,1875,1919,0.1912,-0.0691,1.1296,0.361,-0.593,0.599
9963622,1703,1875,1874,0.1913,-0.0684,1.1307,0.357,-0.721,0.573
9963632,1678,1879,1864,0.1920,-0.0698,1.1315,0.303,-0.804,0.527
9963642,1699,1873,1875,0.1922,-0.0701,1.1299,0.234,-0.846,0.486
9963652,1679,1876,1861,0.1919,-0.0691,1.1293,0.275,-0.867,0.459
9963662,1695,1880,1858,0.1911,-0.0667,1.1303,0.398,-0.902,0.431
9963672,1678,1890,1864,0.1905,-0.0642,1.1299,0.545,-0.891,0.389
9963682,1740,1881,1864,0.1904,-0.0635,1.1314,0.620,-0.929,0.342
9963692,1678,1879,1872,0.1907,-0.0628,1.1330,0.529,-0.990,0.272
9963702,1683,1873,1855,0.1916,-0.0607,1.1341,0.253,-1.092,0.196
9963712,1715,1891,1866,0.1927,-0.0586,1.1317,-0.123,-1.174,0.081
9963722,1681,1897,1857,0.1915,-0.0573,1.1334,-0.736,-1.269,-0.102
9963732,1735,1887,1859,0.1922,-0.0597,1.1325,-1.579,-1.331,-0.289
9963742,1689,1876,1857,0.1928,-0.0638,1.1316,-2.432,-1.241,-0.372
9963752,1754,1904,1891,0.1934,-0.0652,1.1300,-2.859,-1.179,-0.293
9963762,1722,1878,1873,0.1934,-0.0672,1.1289,-2.943,-1.115,-0.202
9963772,1696,1895,1875,0.1937,-0.0702,1.1315,-2.781,-1.142,-0.142
9963782,1679,1897,1855,0.1942,-0.0715,1.1321,-2.479,-1.113,-0.052
9963792,1841,1903,1860,0.1939,-0.0720,1.1332,-2.078,-1.116,0.124
9963802,1690,1884,1855,0.1939,-0.0710,1.1324,-1.714,-1.080,0.347
9963812,1751,1873,1856,0.1933,-0.0705,1.1350,-1.474,-1.094,0.572
9963822,1830,1873,1855,0.1928,-0.0709,1.1370,-1.398,-1.095,0.810
9963832,1680,1878,1856,0.1909,-0.0714,1.1402,-1.339,-1.065,1.158
9963842,1693,1883,1856,0.1900,-0.0723,1.1482,-1.186,-1.158,1.676
9963852,2245,1952,1894,0.1875,-0.0734,1.1538,-0.838,-1.256,2.459
9963862,1698,1894,1861,0.1858,-0.0751,1.1576,-0.247,-1.369,3.596
9963872,1791,1884,1861,0.1835,-0.0737,1.1639,0.504,-1.754,5.095
9963882,1849,1883,1870,0.1847,-0.0684,1.1712,1.184,-2.243,6.841
9963892,1788,1906,1866,0.1826,-0.0681,1.1856,1.354,-2.736,8.610
9963902,1702,1875,1856,0.1826,-0.0705,1.1856,0.614,-2.782,10.340
9963912,1692,1901,1909,0.1847,-0.0764,1.1836,-0.862,-2.254,12.165
9963922,1856,1892,1858,0.1821,-0.0815,1.1793,-2.796,-1.574,14.037
9963932,1815,1891,1899,0.1960,-0.0912,1.1691,-4.747,-0.753,15.725
9963942,1748,1874,1860,0.2040,-0.0948,1.1579,-6.113,0.291,17.157
9963952,1685,1910,1874,0.2094,-0.0996,1.1534,-6.769,1.183,18.064
9963962,1696,1890,1869,0.2110,-0.1065,1.1408,-6.952,2.733,18.352
9963972,1850,1924,1885,0.2125,-0.1116,1.1335,-7.060,4.065,18.291
9963982,1797,1911,1856,0.2092,-0.1178,1.1261,-6.975,5.354,18.242
9963992,1853,1925,1890,0.2062,-0.1244,1.1247,-6.709,6.370,18.423
9964002,1711,1873,1857,0.2063,-0.1296,1.1234,-5.940,7.391,18.940
9964012,1751,1879,1857,0.2060,-0.1378,1.1369,-4.930,8.098,19.681
9964022,1915,1918,1874,0.2049,-0.1437,1.1334,-3.653,9.274,20.577
9964032,1774,1928,1893,0.2063,-0.1416,1.1444,-2.618,10.149,21.592
9964042,1909,1955,1873,0.2048,-0.1308,1.1473,-1.545,11.022,22.646
9964052,1703,1886,1858,0.2060,-0.1359,1.1607,-0.452,12.002,23.329
9964062,1751,1935,1861,0.2021,-0.1283,1.1592,0.482,13.086,24.011
9964072,1812,1907,1863,0.1971,-0.1210,1.1639,1.141,14.240,24.575
9964082,1755,1873,1868,0.1921,-0.1186,1.1696,1.153,14.991,24.816
9964092,1734,1877,1863,0.1874,-0.1115,1.1692,0.855,16.048,24.917
9964102,1779,1878,1887,0.1870,-0.1059,1.1815,0.298,16.703,24.903
9964112,1817,1877,1887,0.1958,-0.0966,1.1936,-0.376,17.545,24.893
9964122,1721,1893,1857,0.1976,-0.0929,1.2132,-1.556,18.210,25.248
9964132,1711,1928,1929,0.1917,-0.0979,1.2186,-4.107,19.482,25.884
9964142,1804,1874,1857,0.1861,-0.1031,1.2316,-8.074,20.622,26.736
9964152,1754,1878,1857,0.1806,-0.1050,1.2397,-13.128,22.025,27.650
9964162,2059,1889,1863,0.1768,-0.1081,1.2465,-19.036,23.639,28.537
9964172,1748,1896,1857,0.1726,-0.1195,1.2499,-25.219,25.432,29.411
9964182,1835,1908,1878,0.1701,-0.1349,1.2541,-31.109,27.268,30.466
9964192,1689,1890,1857,0.1664,-0.1477,1.2525,-36.410,29.223,31.829
9964202,2294,1992,1864,0.1590,-0.1577,1.2465,-40.829,31.313,33.358
9964212,2076,1937,1856,0.1471,-0.1653,1.2386,-44.133,33.344,34.853
9964222,1992,1889,1893,0.1378,-0.1765,1.2217,-45.814,35.396,36.076
9964232,1740,1880,1861,0.1355,-0.2001,1.2360,-46.855,36.481,36.942
9964242,2461,1998,1876,0.1308,-0.2136,1.2254,-47.080,37.953,37.923
9964252,1766,1877,1869,0.1256,-0.2258,1.2305,-47.269,39.700,38.990
9964262,1916,1875,1857,0.1199,-0.2375,1.2317,-47.379,41.261,40.095
9964272,2062,1959,1872,0.1139,-0.2471,1.2248,-47.147,43.371,41.274
9964282,1951,1917,1871,0.1077,-0.2577,1.2234,-46.628,45.203,42.573
9964292,1752,1920,1876,0.0997,-0.2663,1.2155,-45.862,47.115,43.915
9964302,1778,1887,1865,0.0918,-0.2742,1.2117,-45.066,48.897,45.302
9964312,2229,1890,1858,0.0830,-0.2793,1.2053,-44.574,50.534,46.728
9964322,1718,1897,1865,0.0739,-0.2829,1.1947,-44.622,52.139,48.222
9964332,2196,2020,1884,0.0650,-0.2853,1.1947,-45.246,53.405,49.831
9964342,1955,1895,1868,0.0557,-0.2913,1.1898,-46.625,54.654,51.621
9964352,2045,1895,1866,0.0459,-0.2991,1.1813,-48.775,56.130,53.587
9964362,1862,1904,1858,0.0353,-0.3071,1.1742,-51.525,57.585,55.741
9964372,1716,1892,1857,0.0233,-0.3139,1.1587,-54.387,59.334,58.045
9964382,1732,1946,1858,0.0106,-0.3231,1.1452,-56.930,61.010,60.414
9964392,1708,1913,1872,-0.0019,-0.3337,1.1303,-58.910,62.544,62.767
9964402,1804,1879,1857,-0.0133,-0.3439,1.1141,-60.087,63.950,65.082
9964412,1948,1966,1927,-0.0245,-0.3519,1.1030,-60.472,65.159,67.305
9964422,1700,1887,1859,-0.0339,-0.3626,1.0969,-60.326,66.146,69.343
9964432,1819,1895,1869,-0.0448,-0.3695,1.0864,-59.857,67.123,71.256
9964442,1774,1884,1866,-0.0555,-0.3757,1.0770,-59.296,67.976,73.152
9964452,1703,1910,1899,-0.0685,-0.3818,1.0708,-58.845,68.671,75.045
9964462,1689,1930,1871,-0.0824,-0.3892,1.0627,-58.651,69.354,76.941
9964472,2350,1923,1873,-0.0975,-0.3972,1.0551,-58.781,69.929,78.862
9964482,1852,1922,1859,-0.1138,-0.4028,1.0434,-59.272,70.371,80.825
9964492,1754,1967,1885,-0.1278,-0.4059,1.0330,-60.101,70.525,82.901
9964502,1725,1968,1875,-0.1430,-0.4046,1.0207,-61.300,70.387,85.161
9964512,1690,1908,1894,-0.1602,-0.4034,1.0098,-62.880,70.011,87.603
9964522,1709,2003,1919,-0.1765,-0.4032,0.9999,-65.111,69.258,90.093
9964532,1925,1984,1908,-0.1898,-0.4095,0.9890,-68.122,68.266,92.527
9964542,1812,1878,1865,-0.2038,-0.4158,0.9776,-72.156,66.966,94.899
9964552,1934,1877,1893,-0.2175,-0.4231,0.9662,-76.870,65.372,97.396
9964562,1892,1917,1865,-0.2301,-0.4148,0.9438,-81.983,63.528,100.005
9964572,1687,1882,1872,-0.2521,-0.4113,0.9288,-86.782,61.617,102.375
9964582,2014,1970,1869,-0.2711,-0.4069,0.9057,-91.405,59.456,104.337
9964592,1954,1911,1917,-0.2913,-0.4112,0.8809,-95.624,57.245,105.643
9964602,1765,1902,1876,-0.3068,-0.4195,0.8582,-99.201,54.630,106.747
9964612,1694,1988,1894,-0.3251,-0.4345,0.8299,-102.242,51.892,107.773
9964622,2263,2045,1909,-0.3406,-0.4468,0.8039,-104.352,48.800,109.217
9964632,1736,1941,1859,-0.3588,-0.4602,0.7821,-106.048,45.165,111.009
9964642,1718,1913,1914,-0.3719,-0.4660,0.7560,-107.139,41.218,113.376
9964652,1743,1957,1912,-0.3867,-0.4775,0.7293,-108.035,37.050,115.948
9964662,1806,1951,1887,-0.3988,-0.4932,0.7050,-108.749,32.454,118.864
9964672,1723,1879,1921,-0.4121,-0.5191,0.6825,-109.550,27.500,122.305
9964682,1943,2003,1866,-0.4241,-0.5438,0.6667,-110.379,22.208,126.746
9964692,1729,1880,1870,-0.4382,-0.5540,0.6718,-111.428,16.467,132.377
9964702,1811,1966,1861,-0.4537,-0.5517,0.6740,-112.479,10.933,138.986
9964712,2055,1948,1878,-0.4715,-0.5357,0.6602,-113.201,6.069,145.665
9964722,1723,1877,1858,-0.4902,-0.5095,0.6482,-113.731,1.068,151.729
9964732,1700,2132,1909,-0.5032,-0.4730,0.6425,-114.152,-4.324,156.566
9964742,2002,2140,1870,-0.5108,-0.4437,0.6438,-114.035,-9.831,159.714
9964752,1696,1900,1876,-0.5153,-0.4250,0.6539,-113.108,-15.243,161.246
9964762,1806,1883,1886,-0.5186,-0.4150,0.6657,-111.194,-19.991,161.843
9964772,1700,1876,1860,-0.5236,-0.4055,0.6690,-108.342,-23.670,162.065
9964782,1771,1910,1895,-0.5318,-0.3930,0.6671,-104.578,-26.487,162.078
9964792,2009,1944,1962,-0.5430,-0.3793,0.6583,-100.053,-28.729,161.714
9964802,1746,1937,1871,-0.5563,-0.3618,0.6463,-94.814,-30.785,160.807
9964812,1947,1972,1874,-0.5698,-0.3438,0.6329,-88.714,-32.930,159.380
9964822,1820,1923,1864,-0.5838,-0.3223,0.6200,-81.931,-35.445,157.357
9964832,1852,1986,1879,-0.5928,-0.2995,0.6216,-74.434,-38.646,154.887
9964842,1847,2091,1917,-0.6017,-0.2755,0.6363,-66.665,-42.217,152.001
9964852,1726,1944,1938,-0.6025,-0.2500,0.6527,-58.925,-45.720,148.909
9964862,1918,1986,1860,-0.6047,-0.2253,0.6732,-51.797,-48.908,145.589
9964872,1734,2037,1902,-0.6057,-0.1995,0.6932,-45.378,-51.580,142.245
9964882,1689,1894,1869,-0.6046,-0.1810,0.7089,-39.968,-53.717,138.810
9964892,1692,1875,1898,-0.6046,-0.1644,0.7270,-35.707,-55.603,135.490
9964902,1984,1921,1904,-0.6073,-0.1454,0.7429,-32.511,-57.368,132.452
9964912,1738,1987,1860,-0.6098,-0.1287,0.7515,-30.318,-58.987,129.490
9964922,1793,2006,1897,-0.6148,-0.1132,0.7640,-28.840,-60.743,126.451
9964932,1744,2166,1861,-0.6203,-0.0957,0.7759,-28.167,-62.858,123.337
9964942,1807,1897,1933,-0.6295,-0.0741,0.7925,-27.904,-65.088,119.958
9964952,1952,2195,1865,-0.6233,-0.0701,0.8095,-28.183,-67.505,116.108
9964962,1725,2069,1864,-0.6122,-0.0735,0.8294,-29.002,-69.845,112.126
9964972,1726,2099,1875,-0.6019,-0.0740,0.8489,-29.970,-71.767,108.922
9964982,1981,1881,1952,-0.5959,-0.0717,0.8769,-31.575,-73.460,106.292
9964992,2293,1872,2011,-0.5898,-0.0653,0.9056,-33.701,-74.849,103.953
9965002,1920,2179,2014,-0.5817,-0.0631,0.9356,-35.920,-75.466,101.532
9965012,1849,1972,1918,-0.5747,-0.0607,0.9631,-38.192,-75.289,99.097
9965022,1769,1876,1863,-0.5712,-0.0577,0.9843,-40.232,-74.006,96.698
9965032,1915,1998,1896,-0.5692,-0.0509,1.0085,-42.101,-72.224,94.292
9965042,1886,2105,1861,-0.5668,-0.0408,1.0342,-43.816,-70.348,91.831
9965052,1747,1881,1896,-0.5633,-0.0286,1.0523,-44.914,-68.028,89.297
9965062,1690,2016,1901,-0.5551,-0.0209,1.0677,-45.512,-65.532,86.532
9965072,1978,2099,1939,-0.5493,-0.0126,1.0845,-45.729,-62.932,83.659
9965082,1724,1944,1876,-0.5458,-0.0055,1.0933,-45.537,-59.915,80.837
9965092,1917,1909,1881,-0.5454,-0.0070,1.0878,-45.107,-56.440,77.783
9965102,1703,1954,2024,-0.5484,-0.0087,1.0754,-44.344,-52.875,74.515
9965112,1760,1904,1932,-0.5511,-0.0131,1.0686,-42.980,-49.747,71.093
9965122,1831,2000,2057,-0.5546,-0.0189,1.0635,-40.919,-46.942,67.512
9965132,1690,1872,2141,-0.5573,-0.0138,1.0585,-38.386,-44.387,64.094
9965142,1989,1877,1860,-0.5593,-0.0126,1.0505,-35.612,-41.929,60.806
9965152,2052,1872,1896,-0.5607,-0.0077,1.0422,-33.336,-39.955,57.683
9965162,1746,1876,2175,-0.5645,0.0011,1.0279,-31.529,-38.441,55.021
9965172,1744,1924,1888,-0.5672,0.0062,1.0124,-30.476,-38.241,52.003
9965182,2434,2047,1963,-0.5651,0.0068,1.0112,-29.818,-38.828,49.045
9965192,1784,1893,2040,-0.5633,0.0044,1.0235,-29.837,-39.975,46.275
9965202,1847,1871,2023,-0.5592,-0.0020,1.0285,-30.482,-40.845,43.678
9965212,1923,1994,1902,-0.5565,-0.0166,1.0310,-31.686,-41.159,41.104
9965222,2339,1997,1904,-0.5555,-0.0297,1.0390,-33.366,-41.290,38.802
9965232,1766,1914,2053,-0.5547,-0.0351,1.0385,-35.214,-41.090,36.910
9965242,2096,1967,1879,-0.5496,-0.0418,1.0325,-36.893,-40.589,35.156
9965252,1890,1909,1890,-0.5429,-0.0513,1.0298,-38.237,-40.120,33.291
9965262,1784,1874,2195,-0.5346,-0.0606,1.0320,-38.833,-39.549,31.463
9965272,1815,1888,1892,-0.5277,-0.0698,1.0322,-38.838,-38.654,29.671
9965282,1780,1886,1884,-0.5226,-0.0787,1.0239,-38.253,-37.414,28.044
9965292,1711,1871,1886,-0.5166,-0.0842,1.0177,-37.189,-36.134,26.548
9965302,1833,1997,1859,-0.5077,-0.0928,1.0156,-35.957,-35.142,25.058
9965312,2219,1920,1907,-0.4989,-0.0998,1.0176,-34.703,-34.276,23.630
9965322,2432,2109,1859,-0.4935,-0.1027,1.0181,-33.545,-33.366,22.273
9965332,3227,1951,1937,-0.4877,-0.1110,1.0044,-32.325,-32.170,20.727
9965342,2657,1876,1905,-0.4811,-0.1246,0.9896,-30.693,-30.974,18.989
9965352,1875,1937,1924,-0.4684,-0.1397,0.9989,-28.869,-30.572,17.370
9965362,1758,1928,2087,-0.4605,-0.1544,1.0085,-27.200,-30.268,15.985
9965372,2839,1945,1886,-0.4581,-0.1719,1.0042,-25.210,-29.200,14.803
9965382,1781,1884,1863,-0.4589,-0.1772,1.0113,-22.845,-28.166,13.740
9965392,2147,2106,2052,-0.4591,-0.1577,0.9747,-19.327,-26.813,12.716
9965402,1886,2064,1859,-0.4473,-0.1354,0.9771,-12.532,-24.955,11.570
9965412,2805,2099,1865,-0.3983,-0.1246,1.1543,-6.859,-26.118,10.778
9965422,1843,1878,2031,-0.3709,-0.0880,1.1766,-5.323,-23.459,11.138
9965432,3104,2171,1860,-0.3574,-0.0805,1.1719,-8.477,-15.367,11.440
9965442,1828,1980,2125,-0.3509,-0.0765,1.2080,-15.440,-9.630,10.328
9965452,2032,1900,1963,-0.3589,-0.0769,1.1596,-20.310,-2.113,7.978
9965462,3981,2052,1913,-0.3709,-0.0841,1.1091,-21.524,5.234,4.561
9965472,1724,1930,1870,-0.3932,-0.1244,1.0560,-19.197,10.926,0.127
9965482,3007,1898,1877,-0.4200,-0.1801,0.9918,-13.360,15.525,-4.509
9965492,1797,1871,1880,-0.4487,-0.2312,0.9325,-4.907,18.578,-8.308
9965502,1719,1909,1859,-0.4710,-0.2565,0.8818,5.144,19.716,-10.740
9965512,1645,1883,1860,-0.4893,-0.2628,0.8430,15.754,19.079,-11.992
9965522,1652,1872,1898,-0.5053,-0.2630,0.8272,25.278,16.640,-12.395
9965532,1885,1888,1942,-0.5183,-0.2565,0.8229,32.487,12.838,-11.950
9965542,1622,1891,1938,-0.5212,-0.2499,0.8260,36.497,8.190,-10.575
9965552,1904,1936,1881,-0.5173,-0.2260,0.8530,36.773,2.691,-7.970
9965562,1773,1898,1953,-0.5118,-0.1935,0.8976,32.424,-3.341,-4.316
9965572,1761,1915,1872,-0.5048,-0.1657,0.9362,24.076,-8.604,-0.423
9965582,2372,2022,1901,-0.5003,-0.1552,0.9704,12.961,-12.907,3.149
9965592,1823,1895,1955,-0.4978,-0.1678,0.9868,1.014,-16.081,6.029
9965602,2751,1904,2098,-0.5003,-0.1941,0.9709,-9.665,-17.939,8.258
9965612,1829,1979,1872,-0.5142,-0.2220,0.9535,-17.340,-19.436,10.323
9965622,1635,1967,1860,-0.5169,-0.1944,0.9979,-22.059,-22.129,12.968
9965632,1678,1910,1879,-0.4971,-0.1352,1.0867,-23.506,-24.812,15.710
9965642,1879,1873,1891,-0.4654,-0.0858,1.1523,-22.076,-24.636,17.274
9965652,2297,1924,1869,-0.4329,-0.0562,1.1761,-20.395,-21.464,17.194
9965662,2302,1944,1883,-0.4155,-0.0485,1.1860,-19.027,-16.920,15.658
9965672,1977,1898,1873,-0.4122,-0.0540,1.1676,-17.392,-11.727,13.000
9965682,1916,1887,1866,-0.4198,-0.0686,1.1342,-14.287,-6.346,9.420
9965692,1632,1877,1867,-0.4322,-0.0889,1.0921,-9.140,-1.745,5.681
9965702,2180,1891,1900,-0.4475,-0.1241,1.0427,-2.630,2.093,1.891
9965712,1798,1893,1945,-0.4561,-0.1446,1.0083,4.179,4.534,-0.857
9965722,2110,1903,1873,-0.4625,-0.1557,0.9743,9.563,5.645,-2.404
9965732,2667,1905,1976,-0.4651,-0.1620,0.9428,12.984,5.812,-3.062
9965742,2610,1963,1861,-0.4666,-0.1684,0.9321,13.823,4.550,-3.105
9965752,2389,1926,1908,-0.4700,-0.1732,0.9249,12.462,2.523,-2.693
9965762,3007,1921,1873,-0.4738,-0.1727,0.9148,9.533,0.290,-1.933
9965772,2935,1901,1904,-0.4745,-0.1774,0.9035,5.679,-2.286,-1.070
9965782,2900,1897,1875,-0.4705,-0.1803,0.9122,1.484,-5.458,-0.271
9965792,2246,1902,1878,-0.4589,-0.1833,0.9421,-2.486,-9.005,0.589
9965802,2440,1872,2086,-0.4491,-0.1899,0.9653,-5.759,-11.544,1.277
9965812,1830,1885,1875,-0.4476,-0.1995,0.9708,-8.045,-12.662,1.657
9965822,1669,1916,1860,-0.4478,-0.1997,0.9586,-8.636,-12.934,1.753
9965832,2124,1872,1871,-0.4629,-0.1744,0.9672,-5.969,-13.043,2.028
9965842,1959,1873,1861,-0.4385,-0.1707,1.0587,-1.280,-13.817,2.087
9965852,1872,1965,1868,-0.4243,-0.1363,1.1249,1.795,-13.664,2.393
9965862,1742,1900,1905,-0.4091,-0.1014,1.1659,2.965,-10.027,3.266
9965872,1851,1981,1882,-0.3925,-0.0739,1.2014,0.804,-6.468,3.078
9965882,2414,1975,1860,-0.3884,-0.0638,1.1734,-2.019,-0.964,1.887
9965892,2686,1875,1865,-0.3966,-0.0676,1.1429,-4.233,4.214,-0.179
9965902,2333,1949,1875,-0.4167,-0.0848,1.0955,-4.938,8.638,-2.894
9965912,1866,1882,1877,-0.4385,-0.1042,1.0463,-3.421,12.008,-5.928
9965922,2446,2070,1886,-0.4574,-0.1302,1.0084,0.533,13.841,-8.877
9965932,2447,1877,1864,-0.4720,-0.1510,0.9714,5.741,14.494,-11.385
9965942,2409,1946,1860,-0.4863,-0.1581,0.9416,11.022,14.052,-13.042
9965952,1561,1872,1859,-0.4948,-0.1631,0.9216,15.177,12.357,-13.945
9965962,1777,1892,1883,-0.4958,-0.1701,0.9161,17.582,9.552,-14.130
9965972,1609,1930,1945,-0.4980,-0.1697,0.9264,17.755,6.020,-13.594
9965982,1821,1890,1865,-0.4945,-0.1677,0.9361,15.768,2.414,-12.286
9965992,1632,1872,1986,-0.4886,-0.1708,0.9542,11.321,-1.273,-10.560
9966002,1658,1898,2040,-0.4874,-0.1669,0.9667,5.375,-4.552,-8.180
9966012,1809,1899,1944,-0.4879,-0.1635,0.9750,-1.204,-7.200,-5.493
9966022,1569,1885,1897,-0.4832,-0.1640,1.0005,-7.993,-9.836,-2.877
9966032,1559,1877,1859,-0.4749,-0.1680,1.0277,-14.391,-12.143,-0.445
9966042,1915,1922,1860,-0.4679,-0.1832,1.0330,-19.556,-13.143,1.676
9966052,1558,1934,1869,-0.4653,-0.2063,1.0297,-23.090,-13.352,3.452
9966062,1972,1912,1859,-0.4711,-0.2238,1.0280,-24.540,-13.251,5.169
9966072,1552,1887,1862,-0.4719,-0.1968,1.0428,-23.793,-12.953,7.148
9966082,1637,1897,1877,-0.4542,-0.1541,1.0939,-21.088,-12.467,8.779
9966092,1529,1898,1861,-0.4280,-0.1120,1.1397,-17.392,-10.984,9.289
9966102,1932,2028,1883,-0.4044,-0.0821,1.1485,-14.308,-7.179,8.672
9966112,1569,1961,1885,-0.3922,-0.0764,1.1593,-12.746,-2.805,6.823
9966122,1926,1880,1866,-0.3936,-0.0818,1.1349,-11.915,2.159,4.268
9966132,1527,1877,1981,-0.4041,-0.0987,1.0881,-10.707,7.227,1.256
9966142,1724,1937,1860,-0.4150,-0.1275,1.0436,-8.288,11.170,-1.736
9966152,2794,1926,1865,-0.4283,-0.1652,1.0091,-5.245,13.620,-4.497
9966162,1710,1892,1898,-0.4404,-0.1961,0.9706,-2.021,15.004,-6.463
9966172,2268,1977,1959,-0.4526,-0.2164,0.9348,0.708,15.325,-7.423
9966182,1565,1925,1944,-0.4643,-0.2326,0.9133,2.443,14.325,-7.642
9966192,1795,1874,1903,-0.4724,-0.2395,0.8954,3.359,12.257,-7.277
9966202,2055,1916,1936,-0.4770,-0.2483,0.8763,3.735,9.655,-6.669
9966212,2300,2154,1938,-0.4751,-0.2505,0.8845,3.662,6.091,-5.827
9966222,2450,1965,1866,-0.4700,-0.2441,0.9168,3.132,1.887,-4.724
9966232,1526,1878,1990,-0.4663,-0.2379,0.9370,2.607,-1.237,-3.712
9966242,1534,1881,1859,-0.4668,-0.2368,0.9455,2.342,-3.164,-2.951
9966252,1592,1878,1873,-0.4728,-0.2240,0.9365,2.673,-4.456,-2.373
9966262,1573,1872,1869,-0.4777,-0.1765,0.9351,5.089,-5.467,-1.528
9966272,1744,1987,1863,-0.4530,-0.1695,1.0188,8.565,-7.139,-1.320
9966282,1703,1883,1888,-0.4359,-0.1364,1.1050,9.358,-8.282,-0.940
9966292,1653,1982,1870,-0.4270,-0.0846,1.1176,7.611,-5.248,0.369
9966302,2041,1910,1873,-0.4131,-0.0689,1.1346,2.377,-2.642,0.051
9966312,1888,1895,1867,-0.4085,-0.0838,1.1259,-3.431,0.337,-1.962
9966322,1879,1873,1858,-0.4142,-0.1009,1.1069,-7.851,3.528,-4.315
9966332,1607,1921,1876,-0.4281,-0.1261,1.0738,-9.916,6.385,-6.534
9966342,1980,1873,1864,-0.4398,-0.1628,1.0417,-9.294,8.571,-8.884
9966352,1770,1875,1878,-0.4452,-0.1903,1.0259,-5.700,9.689,-10.898
9966362,1588,1875,1861,-0.4493,-0.2080,1.0008,0.462,10.671,-12.576
9966372,2997,1934,1892,-0.4519,-0.2127,0.9780,7.754,11.407,-14.191
9966382,1544,1871,1874,-0.4533,-0.2013,0.9789,14.966,11.047,-15.693
9966392,1595,1965,1867,-0.4541,-0.1808,0.9874,21.344,10.301,-17.222
9966402,1651,1880,1863,-0.4523,-0.1551,0.9983,26.350,9.658,-18.831
9966412,2559,1964,1868,-0.4499,-0.1283,1.0157,29.421,8.997,-20.587
9966422,1615,1872,1861,-0.4461,-0.1011,1.0313,30.639,8.575,-22.531
9966432,1545,1872,1861,-0.4428,-0.0761,1.0484,30.164,8.393,-24.812
9966442,1685,1886,1861,-0.4393,-0.0572,1.0641,28.396,8.369,-27.515
9966452,1624,1881,1861,-0.4364,-0.0403,1.0802,25.794,8.524,-30.608
9966462,1680,1874,1860,-0.4352,-0.0274,1.0976,22.807,8.902,-34.071
9966472,1661,1876,1867,-0.4329,-0.0196,1.1141,19.807,9.527,-37.900
9966482,1593,1882,1883,-0.4313,-0.0149,1.1280,17.170,10.514,-42.022
9966492,1806,1888,1872,-0.4301,-0.0146,1.1387,15.407,11.898,-46.355
9966502,1646,1871,1862,-0.4318,-0.0118,1.1460,14.784,13.669,-50.911
9966512,1747,1875,1867,-0.4308,-0.0158,1.1455,15.544,15.868,-55.728
9966522,1716,1876,1861,-0.4354,-0.0260,1.1397,17.210,18.158,-60.997
9966532,1663,1932,1869,-0.4335,-0.0370,1.1368,19.556,20.166,-66.198
9966542,1794,1897,1866,-0.4308,-0.0488,1.1427,22.105,21.862,-71.335
9966552,1533,1901,1862,-0.4311,-0.0532,1.1301,25.767,24.291,-76.213
9966562,1613,2025,1861,-0.4337,-0.0569,1.1222,30.242,26.885,-80.942
9966572,1930,1910,1869,-0.4339,-0.0633,1.1220,34.978,29.026,-85.561
9966582,1578,1886,1863,-0.4370,-0.0719,1.1090,39.846,31.379,-90.105
9966592,1559,1927,1871,-0.4403,-0.0753,1.0926,44.761,33.673,-94.377
9966602,1861,2047,1863,-0.4470,-0.0798,1.0769,49.332,35.447,-98.561
9966612,1579,1879,1870,-0.4503,-0.0856,1.0604,53.721,36.767,-102.642
9966622,1663,1872,1863,-0.4544,-0.0953,1.0454,57.737,37.619,-106.635
9966632,1612,1891,1891,-0.4559,-0.1043,1.0356,61.488,37.986,-110.301
9966642,1559,1897,1861,-0.4566,-0.1117,1.0321,64.929,37.908,-113.570
9966652,1561,1909,1863,-0.4568,-0.1169,1.0351,67.982,37.574,-116.424
9966662,1535,1966,1870,-0.4558,-0.1170,1.0428,70.564,37.214,-118.800
9966672,2094,1912,1861,-0.4513,-0.1181,1.0491,72.586,37.066,-120.758
9966682,1535,1884,1871,-0.4477,-0.1189,1.0487,73.943,37.223,-122.405
9966692,1641,2109,1864,-0.4494,-0.1165,1.0397,74.700,37.695,-123.759
9966702,1542,2030,1868,-0.4538,-0.1157,1.0228,75.033,38.324,-125.071
9966712,1774,2022,1865,-0.4600,-0.1160,0.9990,75.291,38.313,-126.929
9966722,1603,1925,1866,-0.4640,-0.1239,0.9842,75.590,37.640,-128.830
9966732,1871,1959,1870,-0.4597,-0.1347,0.9879,75.459,36.123,-130.640
9966742,1535,1945,1872,-0.4536,-0.1462,0.9985,74.724,34.580,-131.877
9966752,1588,1927,1861,-0.4464,-0.1516,1.0141,72.893,33.332,-132.249
9966762,1655,1899,1889,-0.4427,-0.1573,1.0232,69.860,32.643,-132.033
9966772,1587,1900,1903,-0.4400,-0.1642,1.0264,66.130,32.519,-131.581
9966782,1674,1906,1866,-0.4360,-0.1727,1.0340,62.035,32.390,-131.092
9966792,1638,1871,1907,-0.4366,-0.1796,1.0336,57.981,32.363,-130.811
9966802,1653,1969,1931,-0.4332,-0.1897,1.0271,54.600,32.587,-130.792
9966812,1714,1893,1881,-0.4278,-0.1980,1.0311,51.545,32.597,-131.078
9966822,1554,1920,1873,-0.4177,-0.2143,1.0362,48.695,32.580,-131.643
9966832,1535,1878,1864,-0.4008,-0.2402,1.0411,45.734,32.874,-132.479
9966842,1568,1870,1897,-0.3867,-0.2724,1.0405,42.566,33.406,-133.267
9966852,1548,1994,1878,-0.3798,-0.3011,1.0257,39.590,34.379,-133.786
9966862,1784,1929,1876,-0.3853,-0.3184,1.0045,37.441,35.435,-133.921
9966872,1619,1906,1894,-0.3926,-0.3380,0.9762,36.502,36.167,-133.820
9966882,1789,1883,1875,-0.4082,-0.3521,0.9447,37.088,36.451,-133.591
9966892,1628,1934,1876,-0.4304,-0.3497,0.9001,39.714,36.233,-132.566
9966902,1702,1872,1876,-0.4577,-0.3387,0.8440,44.346,35.473,-131.262
9966912,1594,1872,1884,-0.4773,-0.3277,0.7975,50.381,33.227,-130.313
9966922,1809,1921,1884,-0.4866,-0.3090,0.7575,57.178,29.437,-129.797
9966932,1599,1873,1891,-0.4887,-0.3038,0.7296,64.425,24.668,-129.780
9966942,1596,1872,1940,-0.4778,-0.2955,0.7234,71.141,18.732,-130.260
9966952,1712,1912,1915,-0.4645,-0.2826,0.7239,77.804,12.609,-130.885
9966962,1585,1890,1861,-0.4511,-0.2651,0.7413,84.178,6.542,-131.711
9966972,2063,1886,1886,-0.4360,-0.2498,0.7650,90.064,0.668,-132.689
9966982,1535,1875,1886,-0.4224,-0.2420,0.7766,95.657,-4.392,-133.817
9966992,1663,1873,1878,-0.4070,-0.2377,0.7849,100.824,-9.188,-134.689
9967002,1598,1890,1871,-0.3934,-0.2340,0.7931,105.355,-14.060,-135.067
9967012,1685,1929,1907,-0.3762,-0.2318,0.8000,108.816,-19.090,-134.915
9967022,1893,1918,1888,-0.3597,-0.2284,0.7931,111.162,-23.806,-134.481
9967032,1718,1872,1878,-0.3409,-0.2193,0.8022,112.144,-28.890,-133.750
9967042,1631,1872,1862,-0.3207,-0.2060,0.8206,111.730,-34.350,-132.760
9967052,1588,1885,1878,-0.2998,-0.1935,0.8359,110.228,-39.406,-131.607
9967062,1713,1871,1860,-0.2771,-0.1841,0.8655,107.304,-44.555,-130.273
9967072,1701,1869,1975,-0.2556,-0.1754,0.8910,102.938,-49.445,-128.712
9967082,1545,1873,1879,-0.2325,-0.1723,0.9222,97.104,-53.838,-126.931
9967092,1616,1916,1961,-0.2104,-0.1702,0.9485,89.924,-57.734,-124.960
9967102,1545,1871,1932,-0.1917,-0.1727,0.9620,81.800,-60.659,-122.841
9967112,1588,1934,1959,-0.1697,-0.1824,0.9833,72.944,-63.180,-120.588
9967122,1658,1885,1885,-0.1501,-0.1929,0.9927,63.550,-65.095,-118.133
9967132,1796,1872,1888,-0.1292,-0.2060,1.0005,54.172,-66.246,-115.468
9967142,1535,1875,1902,-0.1083,-0.2203,1.0061,44.907,-67.200,-112.629
9967152,1596,1881,1895,-0.0882,-0.2320,1.0034,36.230,-67.628,-109.534
9967162,1909,1890,1863,-0.0694,-0.2442,1.0099,28.499,-68.012,-106.244
9967172,1601,1915,1948,-0.0541,-0.2518,1.0143,21.871,-68.214,-102.728
9967182,1592,1877,1922,-0.0375,-0.2539,1.0205,16.488,-68.180,-99.109
9967192,1871,1952,1909,-0.0251,-0.2551,1.0374,12.219,-68.088,-95.675
9967202,1568,1871,1880,-0.0128,-0.2547,1.0457,8.774,-67.588,-92.507
9967212,2031,1880,1892,0.0014,-0.2582,1.0613,5.791,-66.766,-89.714
9967222,1614,1872,1881,0.0191,-0.2483,1.0624,3.373,-65.508,-87.171
9967232,1589,1872,1879,0.0298,-0.2651,1.0707,2.063,-63.965,-85.161
9967242,1629,1872,1896,0.0351,-0.2717,1.0709,1.697,-62.253,-83.472
9967252,1585,1910,1867,0.0370,-0.2735,1.0786,2.302,-60.600,-81.735
9967262,1823,1899,1866,0.0381,-0.2735,1.0824,3.377,-58.956,-80.174
9967272,1823,1877,1889,0.0386,-0.2700,1.0887,4.878,-57.389,-78.744
9967282,1827,1895,1901,0.0438,-0.2695,1.0919,6.505,-56.037,-77.485
9967292,1850,1907,1873,0.0512,-0.2697,1.0997,8.075,-54.881,-76.295
9967302,1545,1873,1868,0.0609,-0.2718,1.1091,9.711,-54.207,-75.000
9967312,1581,1895,1931,0.0719,-0.2729,1.1217,11.048,-53.762,-73.447
9967322,1760,1872,1869,0.0812,-0.2739,1.1357,11.909,-53.566,-71.550
9967332,1645,1930,1938,0.0951,-0.2731,1.1518,11.919,-53.500,-69.405
9967342,1659,1883,1864,0.1067,-0.2742,1.1647,10.793,-53.287,-67.171
9967352,1956,1961,1929,0.1168,-0.2762,1.1744,8.942,-52.969,-64.763
9967362,1677,2117,1863,0.1257,-0.2730,1.1747,6.380,-52.303,-62.187
9967372,1794,1907,1866,0.1345,-0.2707,1.1820,3.536,-51.773,-59.593
9967382,1585,1878,1868,0.1399,-0.2688,1.1829,0.652,-51.053,-57.126
9967392,1587,1923,1908,0.1461,-0.2711,1.1905,-2.083,-50.244,-54.864
9967402,1810,1871,1909,0.1511,-0.2664,1.1965,-4.640,-49.443,-52.786
9967412,1761,1878,1903,0.1592,-0.2652,1.2009,-6.713,-48.374,-51.000
9967422,1558,1898,1871,0.1669,-0.2637,1.2043,-8.027,-47.203,-49.516
9967432,1567,1897,1871,0.1751,-0.2671,1.2010,-8.694,-45.772,-48.292
9967442,1657,1875,1865,0.1840,-0.2757,1.1987,-8.930,-44.355,-47.281
9967452,1737,1931,1909,0.1923,-0.2835,1.1951,-8.613,-42.919,-46.287
9967462,1617,1873,1875,0.2010,-0.2890,1.1959,-7.821,-41.512,-45.202
9967472,1580,1896,1867,0.2084,-0.2922,1.1970,-6.768,-40.085,-44.026
9967482,2012,2071,1870,0.2134,-0.2942,1.1950,-5.497,-38.474,-42.763
9967492,1896,1903,1888,0.2171,-0.2975,1.1904,-4.078,-36.757,-41.433
9967502,1636,1929,1876,0.2215,-0.2998,1.1827,-2.582,-35.063,-40.035
9967512,1662,1964,1889,0.2257,-0.2998,1.1725,-0.943,-33.420,-38.530
9967522,1584,1880,1880,0.2269,-0.2975,1.1683,0.825,-31.954,-36.959
9967532,1627,1903,1887,0.2328,-0.2942,1.1590,2.615,-30.623,-35.462
9967542,1561,1874,1863,0.2482,-0.3098,1.1886,4.276,-29.572,-33.867
9967552,1624,1913,1909,0.2644,-0.2978,1.2297,4.936,-29.181,-31.185
9967562,1555,1879,1872,0.2749,-0.2571,1.2676,4.379,-27.023,-27.602
9967572,1755,1927,1916,0.2955,-0.2961,1.3320,2.496,-25.604,-26.011
9967582,1712,1893,1862,0.3133,-0.3230,1.3000,2.520,-20.500,-24.058
9967592,1581,1906,1909,0.3003,-0.3495,1.3317,0.188,-17.036,-21.049
9967602,1564,1895,1964,0.2832,-0.3686,1.2728,-1.833,-12.954,-17.513
9967612,1573,1887,1876,0.2710,-0.3603,1.2469,-0.321,-9.224,-13.693
9967622,1578,1871,1895,0.2509,-0.3504,1.2314,3.005,-7.728,-10.417
9967632,1564,1893,1885,0.2312,-0.3310,1.1739,7.010,-4.959,-8.066
9967642,1596,1891,1869,0.2239,-0.3034,1.1654,11.329,-4.373,-6.302
9967652,1573,1901,1885,0.2199,-0.2723,1.1426,15.844,-4.302,-5.009
9967662,1562,1871,1892,0.2186,-0.2532,1.1318,19.947,-4.083,-4.324
9967672,1570,1885,1869,0.2125,-0.2311,1.1183,23.303,-4.034,-4.036
9967682,1583,1883,1880,0.2082,-0.2117,1.1125,26.014,-4.110,-4.050
9967692,1566,1877,1872,0.2074,-0.1953,1.1081,28.086,-4.355,-4.394
9967702,1563,1871,1873,0.2078,-0.1845,1.1123,29.535,-4.563,-5.045
9967712,1619,1872,1922,0.2107,-0.1759,1.1171,30.317,-4.818,-5.877
9967722,1577,1890,1867,0.2126,-0.1705,1.1210,30.406,-4.730,-6.687
9967732,1579,1905,1877,0.2140,-0.1641,1.1250,29.961,-4.570,-7.316
9967742,1624,1875,1893,0.2150,-0.1560,1.1247,29.231,-4.194,-7.758
9967752,1725,1918,1904,0.2157,-0.1458,1.1260,28.385,-3.706,-8.101
9967762,1577,1876,1876,0.2178,-0.1359,1.1268,27.421,-3.195,-8.433
9967772,1571,1873,1885,0.2206,-0.1268,1.1308,26.328,-2.682,-8.777
9967782,1574,1878,1868,0.2216,-0.1175,1.1328,25.150,-2.132,-9.055
9967792,1602,1879,1882,0.2209,-0.1076,1.1313,23.762,-1.468,-9.275
9967802,1571,1874,1871,0.2216,-0.0978,1.1242,22.116,-0.815,-9.466
9967812,1570,1890,1868,0.2230,-0.0876,1.1237,20.228,-0.456,-9.707
9967822,1605,1877,1894,0.2221,-0.0785,1.1241,18.240,-0.191,-10.019
9967832,1592,1898,1876,0.2229,-0.0726,1.1243,16.217,0.111,-10.421
9967842,1571,1870,1884,0.2230,-0.0705,1.1229,14.284,0.467,-10.897
9967852,1596,1881,1870,0.2221,-0.0725,1.1295,12.348,0.668,-11.442
9967862,1583,1872,1862,0.2221,-0.0782,1.1303,10.204,0.785,-12.022
9967872,1597,1892,2012,0.2218,-0.0853,1.1316,8.004,0.818,-12.439
9967882,1569,1871,1872,0.2204,-0.0923,1.1364,5.810,0.554,-12.548
9967892,1714,1887,1914,0.2175,-0.0964,1.1357,3.867,0.280,-12.301
9967902,1572,1877,1878,0.2143,-0.0969,1.1349,2.256,-0.030,-11.827
9967912,1635,1892,1916,0.2129,-0.0977,1.1407,1.066,-0.502,-11.314
9967922,1573,1871,1862,0.2144,-0.1014,1.1398,0.353,-0.857,-10.900
9967932,1600,1916,2041,0.2156,-0.1042,1.1372,0.124,-0.994,-10.532
9967942,1579,1899,1889,0.2151,-0.1070,1.1357,0.318,-1.175,-10.139
9967952,1604,1889,1909,0.2153,-0.1117,1.1333,0.856,-1.301,-9.702
9967962,1574,1878,1887,0.2146,-0.1131,1.1316,1.766,-1.357,-9.193
9967972,1632,1902,1881,0.2143,-0.1131,1.1311,3.000,-1.462,-8.634
9967982,1572,1872,1921,0.2139,-0.1130,1.1260,4.413,-1.444,-8.130
9967992,1579,1873,1865,0.2136,-0.1118,1.1254,5.898,-1.420,-7.661
9968002,1576,1873,1926,0.2152,-0.1102,1.1261,7.290,-1.449,-7.236
9968012,1578,1872,1879,0.2164,-0.1073,1.1219,8.430,-1.368,-6.835
9968022,1578,1871,2031,0.2172,-0.1028,1.1217,9.192,-1.298,-6.433
9968032,1586,1871,1935,0.2180,-0.0947,1.1230,9.649,-1.218,-6.012
9968042,1584,1874,1941,0.2180,-0.0884,1.1244,9.855,-1.104,-5.611
9968052,1591,1885,1885,0.2181,-0.0836,1.1232,9.799,-0.924,-5.237
9968062,1600,1891,2058,0.2184,-0.0804,1.1236,9.455,-0.794,-4.944
9968072,1611,1886,1890,0.2194,-0.0781,1.1226,8.820,-0.717,-4.741
9968082,1575,1873,1869,0.2188,-0.0756,1.1260,8.065,-0.685,-4.535
9968092,1583,1878,1879,0.2199,-0.0741,1.1276,7.167,-0.668,-4.313
9968102,1582,1872,1873,0.2212,-0.0721,1.1258,6.244,-0.589,-4.098
9968112,1688,1892,1939,0.2221,-0.0712,1.1241,5.384,-0.553,-3.895
9968122,1586,1872,1866,0.2208,-0.0733,1.1190,4.653,-0.456,-3.718
9968132,1576,1870,1865,0.2206,-0.0727,1.1222,4.125,-0.485,-3.460
9968142,1574,1871,1981,0.2200,-0.0719,1.1251,3.722,-0.531,-3.146
9968152,1590,1872,1867,0.2180,-0.0693,1.1236,3.279,-0.389,-2.797
9968162,1599,1876,1872,0.2176,-0.0683,1.1259,2.782,-0.387,-2.507
9968172,1679,1924,1901,0.2175,-0.0693,1.1220,2.113,-0.349,-2.320
9968182,1621,1898,1873,0.2163,-0.0711,1.1220,1.487,-0.413,-2.151
9968192,1602,1886,1864,0.2173,-0.0723,1.1281,0.925,-0.562,-1.938
9968202,1579,1874,1865,0.2184,-0.0716,1.1324,0.434,-0.678,-1.634
9968212,1603,1887,1891,0.2183,-0.0703,1.1314,-0.006,-0.576,-1.321
9968222,1581,1873,1868,0.2179,-0.0715,1.1298,-0.447,-0.541,-1.107
9968232,1581,1872,1865,0.2182,-0.0769,1.1266,-0.857,-0.545,-1.019
9968242,1587,1873,1930,0.2178,-0.0806,1.1231,-1.052,-0.530,-0.906
9968252,1639,1895,1878,0.2170,-0.0799,1.1225,-0.964,-0.633,-0.676
9968262,1580,1874,1917,0.2172,-0.0758,1.1266,-0.523,-0.776,-0.248
9968272,1636,1903,1866,0.2185,-0.0730,1.1274,-0.283,-0.839,0.121
9968282,1585,1895,1960,0.2189,-0.0729,1.1255,-0.325,-0.820,0.382
9968292,1648,1886,1904,0.2196,-0.0742,1.1252,-0.600,-0.860,0.541
9968302,1582,1872,1868,0.2192,-0.0746,1.1243,-0.946,-0.876,0.657
9968312,1649,1901,2112,0.2178,-0.0730,1.1230,-1.249,-0.949,0.785
9968322,1589,1905,1897,0.2180,-0.0712,1.1224,-1.498,-1.009,0.912
9968332,1622,1873,1894,0.2186,-0.0707,1.1257,-1.819,-1.121,0.980
9968342,1588,1873,1879,0.2193,-0.0723,1.1259,-2.317,-1.185,0.998
9968352,1625,1885,1866,0.2197,-0.0734,1.1236,-2.982,-1.094,0.972
9968362,1689,1933,2043,0.2201,-0.0752,1.1246,-3.747,-1.028,0.894
9968372,1599,1873,1868,0.2201,-0.0777,1.1224,-4.445,-0.927,0.756
9968382,1765,1956,2192,0.2205,-0.0801,1.1217,-4.957,-0.811,0.602
9968392,1586,1872,1980,0.2210,-0.0834,1.1225,-5.281,-0.786,0.448
9968402,1589,1876,1868,0.2207,-0.0873,1.1244,-5.441,-0.758,0.296
9968412,1635,1879,1875,0.2204,-0.0899,1.1237,-5.417,-0.736,0.192
9968422,1582,1878,1913,0.2200,-0.0905,1.1241,-5.196,-0.709,0.165
9968432,1771,1878,1902,0.2199,-0.0907,1.1248,-4.769,-0.761,0.152
9968442,1584,1877,1874,0.2193,-0.0908,1.1254,-4.157,-0.797,0.132
9968452,1624,1879,1874,0.2186,-0.0912,1.1258,-3.405,-0.795,0.102
9968462,1587,1894,1864,0.2179,-0.0918,1.1275,-2.632,-0.779,0.058
9968472,1602,1871,2235,0.2177,-0.0925,1.1265,-1.909,-0.757,0.017
9968482,1590,1876,1878,0.2178,-0.0924,1.1248,-1.264,-0.775,-0.028
9968492,1612,1876,2085,0.2171,-0.0932,1.1276,-0.656,-0.807,-0.094
9968502,1593,1880,1942,0.2165,-0.0937,1.1276,-0.098,-0.883,-0.151
9968512,1591,1872,2038,0.2165,-0.0926,1.1250,0.478,-0.845,-0.191
9968522,1586,1890,1890,0.2165,-0.0900,1.1263,1.022,-0.937,-0.242
9968532,1601,1872,1972,0.2171,-0.0896,1.1256,1.557,-0.963,-0.315
9968542,1591,1877,1980,0.2184,-0.0887,1.1261,2.069,-1.020,-0.382
9968552,1656,1873,1910,0.2181,-0.0868,1.1223,2.546,-1.003,-0.423
9968562,1587,1876,1907,0.2176,-0.0845,1.1218,2.934,-0.958,-0.465
9968572,1602,1871,2043,0.2177,-0.0819,1.1199,3.203,-0.969,-0.501
9968582,1590,1879,1874,0.2177,-0.0793,1.1193,3.324,-0.921,-0.492
9968592,1635,1891,1906,0.2174,-0.0771,1.1218,3.219,-0.975,-0.490
9968602,1589,1871,1932,0.2176,-0.0754,1.1211,2.919,-0.958,-0.516
9968612,1640,1892,1936,0.2176,-0.0734,1.1223,2.503,-0.925,-0.545
9968622,1597,1871,1902,0.2187,-0.0733,1.1226,2.020,-0.939,-0.572
9968632,1676,1888,1930,0.2192,-0.0742,1.1237,1.453,-0.905,-0.595
9968642,1616,1895,1933,0.2192,-0.0759,1.1257,0.849,-0.908,-0.578
9968652,1615,1872,1879,0.2191,-0.0753,1.1233,0.231,-0.818,-0.512
9968662,1595,1872,1870,0.2191,-0.0755,1.1233,-0.289,-0.758,-0.460
9968672,1833,1904,1963,0.2195,-0.0782,1.1229,-0.667,-0.757,-0.443
9968682,1593,1884,1945,0.2186,-0.0799,1.1231,-0.864,-0.735,-0.392
9968692,1605,1871,1985,0.2178,-0.0804,1.1239,-0.919,-0.745,-0.277
9968702,1592,1872,1916,0.2170,-0.0802,1.1246,-0.904,-0.745,-0.153
9968712,1606,1872,1887,0.2162,-0.0801,1.1257,-0.851,-0.724,-0.022
9968722,1596,1893,1964,0.2157,-0.0799,1.1267,-0.817,-0.760,0.064
9968732,1734,1947,2146,0.2163,-0.0801,1.1254,-0.838,-0.823,0.062
9968742,1598,1889,1902,0.2169,-0.0818,1.1256,-0.894,-0.888,0.011
9968752,1623,1872,1866,0.2166,-0.0823,1.1257,-0.920,-0.935,-0.043
9968762,1592,1904,2025,0.2169,-0.0809,1.1261,-0.905,-0.950,-0.063
9968772,1641,1886,1977,0.2173,-0.0801,1.1241,-0.903,-0.939,-0.080
9968782,1591,1922,2038,0.2170,-0.0807,1.1247,-0.938,-0.938,-0.120
9968792,1595,1871,1878,0.2166,-0.0817,1.1247,-1.029,-1.002,-0.185
9968802,1593,1886,1866,0.2175,-0.0825,1.1252,-1.084,-1.045,-0.206
9968812,1712,1899,2031,0.2176,-0.0825,1.1259,-1.080,-1.086,-0.177
9968822,1624,1921,1916,0.2171,-0.0820,1.1247,-1.023,-1.081,-0.157
9968832,1657,1884,2044,0.2172,-0.0825,1.1247,-0.915,-1.101,-0.170
9968842,1651,1908,2035,0.2181,-0.0834,1.1241,-0.799,-1.160,-0.186
9968852,1629,1878,1883,0.2179,-0.0824,1.1245,-0.728,-1.178,-0.155
9968862,1602,1884,1927,0.2186,-0.0818,1.1246,-0.763,-1.151,-0.104
9968872,1597,1875,1932,0.2181,-0.0814,1.1237,-0.850,-1.044,-0.047
9968882,1606,1888,1860,0.2185,-0.0819,1.1243,-0.934,-0.958,-0.013
9968892,1647,1875,2011,0.2178,-0.0832,1.1237,-1.027,-0.911,-0.006
9968902,1597,1878,1939,0.2175,-0.0840,1.1244,-1.097,-0.846,0.030
9968912,1599,1885,2007,0.2165,-0.0834,1.1235,-1.081,-0.786,0.076
9968922,1612,1877,1923,0.2163,-0.0839,1.1230,-0.977,-0.768,0.119
9968932,1625,1873,2077,0.2176,-0.0850,1.1211,-0.900,-0.766,0.133
9968942,1671,1886,1866,0.2178,-0.0850,1.1202,-0.878,-0.768,0.116
9968952,1616,1871,1894,0.2183,-0.0856,1.1219,-0.891,-0.822,0.097
9968962,1601,1888,1967,0.2191,-0.0856,1.1219,-0.897,-0.842,0.089
9968972,1800,1872,2005,0.2181,-0.0849,1.1216,-0.883,-0.816,0.123
9968982,1620,1897,1929,0.2167,-0.0841,1.1225,-0.858,-0.773,0.145
9968992,1619,1878,2178,0.2158,-0.0846,1.1208,-0.861,-0.775,0.152
9969002,1609,1872,1867,0.2156,-0.0840,1.1217,-0.890,-0.803,0.169
9969012,1678,1876,1877,0.2156,-0.0842,1.1241,-0.946,-0.865,0.176
9969022,1645,1872,1912,0.2158,-0.0847,1.1244,-0.997,-0.893,0.179
9969032,1639,1895,1908,0.2154,-0.0860,1.1237,-1.073,-0.890,0.203
9969042,1626,1873,2028,0.2150,-0.0859,1.1240,-1.158,-0.928,0.237
9969052,1629,1883,1924,0.2158,-0.0865,1.1241,-1.204,-0.943,0.284
9969062,1605,1904,1870,0.2156,-0.0871,1.1230,-1.173,-0.913,0.314
9969072,1713,1914,1942,0.2162,-0.0871,1.1214,-1.018,-0.860,0.366
9969082,1634,1971,2120,0.2159,-0.0865,1.1209,-0.786,-0.805,0.459
9969092,1647,1878,1872,0.2157,-0.0851,1.1220,-0.515,-0.784,0.563
9969102,1602,1905,1904,0.2159,-0.0844,1.1247,-0.347,-0.764,0.615
9969112,1659,1891,1910,0.2162,-0.0844,1.1259,-0.335,-0.750,0.611
9969122,1635,1874,1922,0.2176,-0.0858,1.1243,-0.461,-0.699,0.568
9969132,1601,1886,1972,0.2175,-0.0859,1.1246,-0.609,-0.653,0.525
9969142,1610,1880,1885,0.2173,-0.0858,1.1222,-0.706,-0.594,0.502
9969152,1651,1882,1891,0.2166,-0.0859,1.1220,-0.734,-0.563,0.492
9969162,1633,1875,2054,0.2165,-0.0859,1.1231,-0.768,-0.563,0.488
9969172,1602,1872,1892,0.2159,-0.0855,1.1205,-0.824,-0.497,0.478
9969182,1607,1874,1986,0.2152,-0.0862,1.1213,-0.892,-0.498,0.455
9969192,1678,1884,1861,0.2156,-0.0865,1.1210,-0.952,-0.522,0.427
9969202,1604,1871,1967,0.2152,-0.0859,1.1217,-1.037,-0.519,0.410
9969212,1613,1878,1875,0.2158,-0.0864,1.1238,-1.122,-0.668,0.360
9969222,1607,1890,1964,0.2167,-0.0874,1.1236,-1.196,-0.711,0.288
9969232,1603,1884,1912,0.2173,-0.0903,1.1235,-1.232,-0.775,0.229
9969242,1603,1876,1868,0.2167,-0.0909,1.1197,-1.197,-0.818,0.229
9969252,1895,1887,2266,0.2163,-0.0903,1.1198,-1.042,-0.855,0.270
9969262,1603,1885,1896,0.2152,-0.0890,1.1207,-0.758,-0.888,0.337
9969272,1644,1874,1918,0.2149,-0.0876,1.1212,-0.474,-0.933,0.387
9969282,1664,1872,1868,0.2143,-0.0875,1.1237,-0.345,-0.993,0.358
9969292,1609,1873,1873,0.2144,-0.0880,1.1257,-0.320,-1.019,0.276
9969302,1683,1923,2039,0.2135,-0.0889,1.1264,-0.340,-0.995,0.177
9969312,1695,1874,2199,0.2128,-0.0888,1.1265,-0.357,-0.998,0.077
9969322,1606,1879,1950,0.2135,-0.0902,1.1273,-0.373,-1.096,-0.044
9969332,1696,1885,1864,0.2142,-0.0914,1.1291,-0.368,-1.180,-0.154
9969342,1627,1876,1901,0.2148,-0.0923,1.1279,-0.318,-1.206,-0.236
9969352,1639,1871,1864,0.2147,-0.0919,1.1270,-0.159,-1.181,-0.313
9969362,1838,1929,1866,0.2154,-0.0915,1.1263,0.074,-1.198,-0.394
9969372,1671,1875,1924,0.2156,-0.0916,1.1238,0.428,-1.134,-0.458
9969382,1638,1878,1891,0.2162,-0.0909,1.1252,0.862,-1.129,-0.509
9969392,1727,1873,1891,0.2160,-0.0892,1.1244,1.315,-1.086,-0.505
9969402,1630,1882,1906,0.2153,-0.0863,1.1229,1.653,-0.980,-0.428
9969412,1640,1874,1949,0.2145,-0.0832,1.1238,1.825,-0.993,-0.333
9969422,1611,1892,1906,0.2138,-0.0808,1.1234,1.788,-0.969,-0.279
9969432,1665,1874,1861,0.2141,-0.0804,1.1258,1.572,-0.987,-0.274
9969442,1611,1928,1873,0.2142,-0.0810,1.1255,1.211,-0.998,-0.274
9969452,1628,1908,2096,0.2137,-0.0812,1.1246,0.756,-0.985,-0.236
9969462,1614,1891,1861,0.2140,-0.0803,1.1252,0.283,-1.053,-0.167
9969472,1618,1872,1900,0.2151,-0.0812,1.1264,-0.130,-1.097,-0.085
9969482,1616,1879,1870,0.2153,-0.0825,1.1278,-0.446,-1.127,-0.011
9969492,1629,1879,1900,0.2156,-0.0842,1.1262,-0.646,-1.106,0.070
9969502,1615,1922,2067,0.2152,-0.0855,1.1251,-0.722,-1.089,0.152
9969512,1633,1872,2132,0.2156,-0.0862,1.1248,-0.655,-1.092,0.235
9969522,1640,1902,1976,0.2158,-0.0857,1.1252,-0.482,-1.119,0.350
9969532,1617,1873,1860,0.2160,-0.0849,1.1255,-0.258,-1.148,0.490
9969542,1612,1900,1953,0.2153,-0.0846,1.1262,-0.085,-1.141,0.629
9969552,1656,1872,1882,0.2155,-0.0841,1.1266,-0.046,-1.166,0.740
9969562,1661,1887,1867,0.2157,-0.0849,1.1264,-0.098,-1.158,0.827
9969572,1694,1878,2002,0.2158,-0.0847,1.1258,-0.186,-1.163,0.894
9969582,1619,1872,1946,0.2152,-0.0845,1.1237,-0.276,-1.153,0.942
9969592,1654,1871,2029,0.2152,-0.0845,1.1248,-0.356,-1.166,0.991
9969602,1617,1903,2002,0.2156,-0.0845,1.1234,-0.482,-1.151,1.023
9969612,1654,1871,1862,0.2164,-0.0848,1.1242,-0.674,-1.122,1.012
9969622,1614,1905,2034,0.2156,-0.0866,1.1249,-0.932,-1.130,0.964
9969632,1688,1873,1959,0.2154,-0.0877,1.1230,-1.145,-1.072,0.927
9969642,1657,1884,1898,0.2157,-0.0883,1.1232,-1.287,-1.110,0.909
9969652,1629,1872,1930,0.2155,-0.0889,1.1227,-1.333,-1.147,0.905
9969662,1615,1887,1858,0.2161,-0.0893,1.1247,-1.296,-1.208,0.898
9969672,1628,1876,1898,0.2157,-0.0901,1.1247,-1.176,-1.291,0.883
