10017472,1734,1868,1915,0.2446,0.0389,1.1199,-1.681,-1.514,-0.767
10017482,1691,1972,1942,0.2465,0.0389,1.1207,-1.399,-1.433,-0.710
10017492,1752,1880,1875,0.2464,0.0390,1.1225,-1.020,-1.352,-0.594
10017502,1649,1908,1910,0.2457,0.0397,1.1252,-0.760,-1.268,-0.448
10017512,1639,1890,1891,0.2452,0.0392,1.1234,-0.583,-1.165,-0.291
10017522,1655,1877,1876,0.2454,0.0391,1.1217,-0.542,-1.072,-0.105
10017532,1662,1870,1874,0.2456,0.0400,1.1214,-0.541,-1.094,0.116
10017542,1646,1886,1939,0.2446,0.0427,1.1202,-0.597,-1.065,0.343
10017552,1653,1868,1876,0.2434,0.0457,1.1230,-0.709,-1.029,0.525
10017562,1638,1883,1892,0.2431,0.0466,1.1243,-0.844,-1.020,0.637
10017572,1768,1880,1876,0.2425,0.0459,1.1247,-1.010,-1.000,0.731
10017582,1677,1898,1996,0.2427,0.0442,1.1245,-1.200,-1.027,0.850
10017592,1773,1877,1905,0.2421,0.0414,1.1222,-1.408,-1.010,1.015
10017602,1647,1890,1889,0.2421,0.0403,1.1229,-1.591,-0.974,1.210
10017612,1644,1871,1874,0.2415,0.0386,1.1234,-1.712,-0.919,1.412
10017622,1658,1903,1877,0.2425,0.0378,1.1209,-1.781,-0.888,1.580
10017632,1660,1878,1897,0.2431,0.0374,1.1220,-1.795,-0.890,1.705
10017642,1648,1874,1893,0.2435,0.0376,1.1238,-1.806,-0.916,1.767
10017652,1697,1869,1875,0.2436,0.0365,1.1243,-1.806,-0.877,1.750
10017662,1642,1937,1894,0.2433,0.0355,1.1243,-1.717,-0.793,1.704
10017672,1647,1872,1877,0.2423,0.0345,1.1247,-1.477,-0.749,1.677
10017682,1701,1906,1900,0.2415,0.0343,1.1271,-1.078,-0.739,1.730
10017692,1667,1870,1888,0.2407,0.0337,1.1260,-0.613,-0.679,1.878
10017702,1669,1903,1877,0.2403,0.0337,1.1266,-0.083,-0.618,2.144
10017712,1644,1876,1887,0.2403,0.0356,1.1280,0.385,-0.640,2.503
10017722,1642,1927,1901,0.2403,0.0362,1.1269,0.771,-0.645,2.946
10017732,1957,1882,1876,0.2402,0.0368,1.1280,1.022,-0.834,3.488
10017742,1717,1879,1889,0.2405,0.0381,1.1303,1.132,-1.169,4.137
10017752,1766,1896,1899,0.2415,0.0371,1.1327,1.097,-1.494,4.865
10017762,1650,1905,1888,0.2427,0.0352,1.1311,0.921,-1.790,5.737
10017772,1768,1871,1874,0.2431,0.0339,1.1278,0.633,-1.960,6.861
10017782,1714,1890,1888,0.2448,0.0322,1.1318,0.241,-2.193,8.316
10017792,1748,1871,1877,0.2487,0.0301,1.1306,-0.292,-2.214,10.172
10017802,1832,1872,1876,0.2560,0.0287,1.1315,-1.045,-2.184,12.449
10017812,1978,1915,1883,0.2612,0.0318,1.1388,-2.030,-2.254,15.147
10017822,1774,1873,1882,0.2629,0.0368,1.1405,-3.245,-2.126,18.212
10017832,1930,1869,1875,0.2628,0.0394,1.1492,-4.926,-1.887,21.379
10017842,1726,1879,1883,0.2624,0.0353,1.1574,-7.215,-1.668,24.552
10017852,1989,1924,1875,0.2664,0.0320,1.1612,-10.162,-1.367,27.710
10017862,2034,1871,1883,0.2728,0.0223,1.1659,-13.503,-1.069,30.751
10017872,2043,1874,1874,0.2776,0.0076,1.1636,-16.975,-0.562,33.833
10017882,1654,1985,1898,0.2820,0.0039,1.1680,-19.989,0.136,37.111
10017892,1844,1926,1899,0.2813,0.0012,1.1703,-22.460,1.286,40.147
10017902,1756,1988,1874,0.2803,-0.0009,1.1702,-24.235,3.199,42.588
10017912,1751,1870,1881,0.2795,-0.0098,1.1672,-25.472,5.605,44.207
10017922,1686,1943,1908,0.2763,-0.0206,1.1565,-26.278,8.605,45.039
10017932,1799,1873,1879,0.2697,-0.0310,1.1485,-26.371,11.746,45.303
10017942,1659,1953,1897,0.2625,-0.0418,1.1320,-25.765,14.855,45.070
10017952,1645,1964,1876,0.2613,-0.0532,1.1332,-24.167,17.367,44.639
10017962,1945,1958,1900,0.2519,-0.0627,1.1274,-22.477,19.902,44.203
10017972,1722,1872,1875,0.2406,-0.0679,1.1254,-20.909,22.165,43.872
10017982,1649,1935,1893,0.2320,-0.0713,1.1230,-19.910,24.242,43.512
10017992,1714,1873,1884,0.2235,-0.0746,1.1204,-19.672,25.993,43.075
10018002,1865,1887,1877,0.2203,-0.0774,1.1239,-20.150,27.223,42.625
10018012,1686,1873,1875,0.2197,-0.0728,1.1290,-21.414,28.243,42.138
10018022,1676,1904,1882,0.2148,-0.0813,1.1323,-22.903,29.165,41.704
10018032,1675,1913,1888,0.2064,-0.0864,1.1376,-24.903,30.128,41.473
10018042,1895,1916,1881,0.1977,-0.0951,1.1449,-27.339,30.817,41.414
10018052,1783,1903,1881,0.1889,-0.0950,1.1472,-30.165,31.445,41.511
10018062,1977,1884,1881,0.1818,-0.0941,1.1532,-33.471,31.782,41.652
10018072,2164,1875,1875,0.1771,-0.0993,1.1619,-37.091,31.857,41.752
10018082,1647,1895,1880,0.1738,-0.1084,1.1739,-41.165,31.831,41.856
10018092,1722,1903,1880,0.1713,-0.1173,1.1890,-45.867,31.798,42.056
10018102,1666,1904,1891,0.1687,-0.1283,1.2059,-51.372,31.856,42.347
10018112,2162,1919,1878,0.1662,-0.1458,1.2126,-57.573,32.367,42.722
10018122,1697,1892,1909,0.1634,-0.1646,1.2242,-64.027,33.012,43.294
10018132,2044,1960,1878,0.1564,-0.1794,1.2238,-70.309,33.888,44.165
10018142,1660,1881,1890,0.1519,-0.1954,1.2085,-75.518,35.201,45.133
10018152,1746,1884,1878,0.1480,-0.2249,1.2193,-80.284,35.778,45.911
10018162,1645,1905,1889,0.1445,-0.2561,1.2055,-83.874,36.670,46.859
10018172,1691,1948,1879,0.1375,-0.2842,1.2042,-86.935,37.613,47.898
10018182,1744,1935,1880,0.1297,-0.3117,1.2025,-89.268,38.153,49.164
10018192,2156,1869,1886,0.1224,-0.3360,1.2010,-90.548,38.905,50.652
10018202,1731,1905,1882,0.1152,-0.3529,1.1976,-90.538,39.584,52.337
10018212,1925,1927,1877,0.1070,-0.3760,1.1878,-89.234,40.730,53.845
10018222,1718,1889,1916,0.1007,-0.3992,1.1892,-86.883,41.658,55.102
10018232,1828,1931,1896,0.0937,-0.4197,1.1788,-83.426,42.918,56.277
10018242,1942,2030,1923,0.0854,-0.4365,1.1712,-78.912,44.333,57.428
10018252,1763,1910,1888,0.0726,-0.4450,1.1599,-73.457,45.725,58.469
10018262,1669,1872,1890,0.0612,-0.4543,1.1480,-66.760,47.199,59.283
10018272,1651,1872,1878,0.0498,-0.4638,1.1419,-59.255,48.404,59.741
10018282,1747,1913,1881,0.0360,-0.4703,1.1339,-51.072,49.482,59.900
10018292,1841,1921,1887,0.0249,-0.4844,1.1317,-42.635,50.398,59.816
10018302,2102,1881,1909,0.0169,-0.4969,1.1245,-34.200,51.347,59.868
10018312,1840,1874,1886,0.0066,-0.5041,1.1239,-26.211,52.250,60.340
10018322,1739,1872,1887,-0.0045,-0.5054,1.1200,-18.585,53.225,61.327
10018332,1694,1970,1881,-0.0163,-0.5013,1.1114,-11.275,54.471,62.636
10018342,1726,1920,1891,-0.0273,-0.4932,1.1076,-4.388,55.578,64.000
10018352,1811,1874,1877,-0.0385,-0.4793,1.1013,1.855,56.639,65.281
10018362,1742,1890,1883,-0.0490,-0.4639,1.0958,7.215,57.557,66.425
10018372,1658,1967,1884,-0.0603,-0.4501,1.0937,11.515,58.356,67.430
10018382,1758,1870,1901,-0.0715,-0.4378,1.0922,14.507,59.177,68.422
10018392,1674,1875,1884,-0.0826,-0.4286,1.0897,16.069,60.055,69.573
10018402,1987,2034,1933,-0.0949,-0.4181,1.0880,16.120,60.896,70.950
10018412,1799,1948,1884,-0.1071,-0.4055,1.0816,14.821,61.728,72.497
10018422,1700,1944,1898,-0.1196,-0.3965,1.0752,12.285,62.501,74.042
10018432,1699,1871,1876,-0.1336,-0.3891,1.0712,8.829,63.080,75.591
10018442,1648,1935,1906,-0.1464,-0.3848,1.0623,4.595,63.601,77.151
10018452,1763,1872,1878,-0.1612,-0.3814,1.0495,-0.106,64.073,78.702
10018462,1949,1873,1900,-0.1766,-0.3791,1.0377,-4.986,64.322,80.394
10018472,1788,1873,1885,-0.1931,-0.3741,1.0186,-9.816,64.378,82.229
10018482,1695,1912,1896,-0.2076,-0.3686,1.0020,-14.388,64.195,84.139
10018492,1663,1871,1904,-0.2220,-0.3633,0.9872,-18.859,63.575,86.014
10018502,1834,1932,1877,-0.2394,-0.3546,0.9770,-23.182,62.646,87.880
10018512,1675,1870,1878,-0.2582,-0.3467,0.9678,-27.441,61.525,89.611
10018522,1824,1871,1900,-0.2769,-0.3418,0.9643,-31.363,60.413,91.113
10018532,1763,1880,1877,-0.2950,-0.3409,0.9595,-34.822,59.216,92.460
10018542,1877,2004,1905,-0.3119,-0.3434,0.9423,-37.428,58.378,93.675
10018552,2047,1988,1903,-0.3275,-0.3513,0.9336,-39.001,57.442,94.815
10018562,1947,1870,1893,-0.3402,-0.3566,0.9189,-39.405,56.435,96.055
10018572,1648,1917,1959,-0.3493,-0.3627,0.9053,-38.449,55.551,97.502
10018582,1714,1874,1931,-0.3572,-0.3577,0.8947,-36.252,54.484,99.099
10018592,1800,1896,1876,-0.3682,-0.3515,0.8842,-32.778,53.577,100.531
10018602,1761,1879,1895,-0.3784,-0.3440,0.8778,-28.089,52.636,101.565
10018612,1711,2068,1933,-0.3904,-0.3363,0.8631,-22.281,52.056,102.147
10018622,1721,1961,1934,-0.4011,-0.3282,0.8568,-15.718,51.407,102.252
10018632,1834,1904,1888,-0.4110,-0.3207,0.8502,-8.722,50.667,102.101
10018642,1709,1871,1898,-0.4221,-0.3071,0.8431,-1.574,50.007,101.836
10018652,1703,1881,1909,-0.4339,-0.2873,0.8357,5.722,49.391,101.640
10018662,1714,1886,1941,-0.4473,-0.2629,0.8329,12.945,48.849,101.361
10018672,1806,1931,1891,-0.4602,-0.2365,0.8332,19.798,48.220,100.864
10018682,1713,1914,1936,-0.4718,-0.2117,0.8286,26.255,47.780,100.055
10018692,1920,1902,1896,-0.4825,-0.1881,0.8223,32.044,47.403,99.033
10018702,1684,1895,1909,-0.4930,-0.1615,0.8172,36.935,46.889,98.027
10018712,1747,1875,1885,-0.5065,-0.1331,0.8117,40.761,46.226,96.988
10018722,1864,1871,1921,-0.5139,-0.1075,0.8092,43.445,45.438,95.873
10018732,2053,1870,1891,-0.5222,-0.0871,0.8053,44.905,44.566,94.535
10018742,1765,1879,1947,-0.5291,-0.0693,0.8098,45.203,43.458,93.220
10018752,1979,1880,1902,-0.5329,-0.0560,0.8146,44.198,42.170,92.078
10018762,1697,1886,1908,-0.5412,-0.0400,0.8126,42.193,41.107,91.243
10018772,1878,1905,1904,-0.5514,-0.0235,0.8062,39.259,40.047,90.761
10018782,1747,1870,1928,-0.5609,-0.0049,0.8051,35.510,38.667,90.544
10018792,1677,1952,1887,-0.5699,0.0139,0.8011,31.177,37.274,90.529
10018802,1702,2000,1884,-0.5775,0.0319,0.8013,26.333,35.782,90.603
10018812,1774,1881,1898,-0.5853,0.0478,0.8064,20.852,34.099,90.650
10018822,1681,1908,1909,-0.5886,0.0626,0.8061,14.884,32.565,90.658
10018832,1721,1968,1895,-0.5926,0.0773,0.8035,8.343,31.146,90.577
10018842,1867,1872,1907,-0.5963,0.0901,0.8036,1.463,29.630,90.531
10018852,2215,1871,1890,-0.6001,0.0978,0.8090,-5.712,27.909,90.523
10018862,1865,1895,1886,-0.6010,0.0932,0.8120,-13.206,26.112,90.747
10018872,1703,1955,1903,-0.6018,0.0882,0.8136,-21.057,24.374,91.533
10018882,1705,2075,1876,-0.6048,0.0909,0.8093,-29.194,22.689,93.135
10018892,1762,1887,1908,-0.6170,0.1091,0.8087,-37.284,20.963,95.467
10018902,1668,2012,1941,-0.6223,0.1629,0.7980,-45.308,19.157,97.989
10018912,1962,2439,1877,-0.6356,0.2074,0.7962,-52.983,17.289,99.093
10018922,2022,1990,1901,-0.6512,0.2530,0.8122,-60.701,14.844,98.670
10018932,1855,1937,1879,-0.6585,0.2789,0.8255,-68.072,12.842,96.479
10018942,1681,2103,1877,-0.6587,0.2909,0.8343,-74.595,11.663,93.298
10018952,1810,1971,1900,-0.6545,0.2809,0.8293,-80.576,11.470,89.918
10018962,1807,1871,1918,-0.6550,0.2697,0.8200,-86.118,11.870,87.157
10018972,1939,2074,1877,-0.6633,0.2512,0.8083,-92.171,12.111,85.214
10018982,1698,2013,1898,-0.6760,0.2168,0.7947,-101.178,11.021,84.310
10018992,1738,2000,1901,-0.6855,0.1854,0.7753,-110.410,9.046,84.216
10019002,2471,1870,1930,-0.6893,0.1556,0.7632,-119.481,5.975,84.863
10019012,1670,2229,1931,-0.7020,0.1290,0.7614,-128.033,1.930,85.829
10019022,1852,1967,1879,-0.7069,0.1060,0.7633,-136.180,-2.799,86.848
10019032,1721,1957,1887,-0.7048,0.0926,0.7757,-143.807,-8.147,87.706
10019042,1674,1909,1905,-0.7043,0.0868,0.7702,-150.431,-12.923,87.979
10019052,1812,1881,1950,-0.7009,0.0846,0.7807,-155.962,-17.735,87.427
10019062,1908,1879,1887,-0.6967,0.0763,0.8014,-160.015,-22.603,85.830
10019072,1871,1868,1879,-0.6946,0.0665,0.8191,-162.014,-26.667,83.402
10019082,1692,1938,1922,-0.6896,0.0572,0.8417,-161.667,-29.959,80.456
10019092,1797,1923,1884,-0.6832,0.0413,0.8622,-159.197,-32.516,77.097
10019102,1655,1934,1888,-0.6802,0.0216,0.8671,-154.746,-33.884,73.475
10019112,2147,1871,1884,-0.6748,-0.0086,0.8678,-148.620,-34.605,69.832
10019122,1975,1879,1898,-0.6694,-0.0418,0.8717,-141.269,-35.231,66.406
10019132,1981,1935,1894,-0.6648,-0.0662,0.8783,-132.718,-35.811,63.685
10019142,1702,1879,1879,-0.6609,-0.0801,0.8928,-123.281,-36.440,61.499
10019152,1833,2033,1891,-0.6555,-0.0934,0.9103,-113.389,-37.088,59.456
10019162,2432,1912,1991,-0.6506,-0.1042,0.9238,-103.306,-37.268,57.404
10019172,1779,1972,1887,-0.6461,-0.1139,0.9321,-93.557,-37.055,55.360
10019182,1979,1935,1886,-0.6418,-0.1210,0.9431,-84.344,-36.639,53.453
10019192,1928,1921,1911,-0.6406,-0.1256,0.9475,-75.614,-35.836,51.801
10019202,1798,1938,1897,-0.6379,-0.1328,0.9463,-67.356,-34.707,50.398
10019212,1972,1887,1878,-0.6335,-0.1439,0.9477,-59.858,-33.760,49.358
10019222,2400,1901,1938,-0.6248,-0.1519,0.9562,-53.362,-33.110,48.885
10019232,1667,1883,1879,-0.6205,-0.1486,0.9674,-48.074,-32.686,49.064
10019242,1910,1947,1899,-0.6197,-0.1361,0.9723,-43.786,-32.084,49.556
10019252,1856,2067,1904,-0.6158,-0.1220,0.9780,-40.309,-31.406,49.946
10019262,1992,1916,1887,-0.6072,-0.1133,0.9855,-37.384,-30.772,50.153
10019272,1773,1867,1922,-0.6047,-0.1078,0.9874,-35.163,-29.812,50.104
10019282,2115,1968,1954,-0.6007,-0.1079,0.9790,-33.341,-28.570,50.059
10019292,2093,1871,1908,-0.5985,-0.1018,0.9705,-31.924,-27.492,50.099
10019302,1817,1888,1900,-0.5960,-0.0968,0.9669,-30.525,-26.735,50.218
10019312,1729,1971,1886,-0.5907,-0.0935,0.9630,-28.999,-26.114,50.249
10019322,1949,1873,1963,-0.5863,-0.0909,0.9614,-27.394,-25.484,50.171
10019332,1672,1925,1909,-0.5820,-0.0759,0.9687,-25.778,-25.002,50.234
10019342,1916,1955,1908,-0.5791,-0.0608,0.9733,-24.446,-24.350,50.122
10019352,1873,1915,1884,-0.5773,-0.0483,0.9713,-23.266,-23.399,49.612
10019362,1832,1875,1880,-0.5744,-0.0382,0.9699,-22.091,-22.652,48.816
10019372,1838,1881,1903,-0.5770,-0.0313,0.9649,-20.819,-21.880,47.711
10019382,1878,1933,1890,-0.5756,-0.0261,0.9696,-19.367,-21.152,46.454
10019392,1894,1872,1877,-0.5684,-0.0229,0.9893,-18.413,-20.999,45.237
10019402,1669,1890,1917,-0.5631,-0.0176,0.9957,-17.814,-20.167,44.334
10019412,1680,1883,1906,-0.5582,-0.0036,0.9994,-17.759,-18.632,43.639
10019422,1664,1900,1898,-0.5523,0.0131,1.0111,-18.540,-17.403,42.841
10019432,1695,1899,1882,-0.5471,0.0302,1.0043,-19.373,-15.716,41.636
10019442,1703,1898,1899,-0.5472,0.0440,0.9933,-20.306,-13.789,39.803
10019452,1663,1901,1887,-0.5458,0.0503,0.9927,-21.305,-12.437,37.389
10019462,2000,1880,1899,-0.5484,0.0550,0.9859,-22.177,-11.227,34.603
10019472,1773,1941,1883,-0.5499,0.0521,0.9775,-22.675,-10.083,31.623
10019482,1676,1871,1878,-0.5484,0.0391,0.9735,-23.144,-9.365,28.387
10019492,1735,1870,2029,-0.5492,0.0244,0.9672,-23.181,-8.710,25.270
10019502,1659,1898,1907,-0.5504,0.0114,0.9643,-22.941,-8.191,22.452
10019512,1667,1871,1894,-0.5499,-0.0003,0.9654,-22.548,-7.876,19.912
10019522,2082,1875,1898,-0.5475,-0.0101,0.9651,-21.991,-7.479,17.639
10019532,1865,1885,1880,-0.5467,-0.0174,0.9661,-21.577,-7.059,15.491
10019542,2102,1891,1878,-0.5458,-0.0231,0.9652,-21.278,-6.680,13.390
10019552,2232,2007,1939,-0.5458,-0.0371,0.9522,-20.717,-6.052,11.182
10019562,1851,1895,2088,-0.5453,-0.0472,0.9491,-19.799,-5.724,9.176
10019572,1693,1897,1886,-0.5438,-0.0564,0.9532,-18.657,-5.818,7.540
10019582,2139,1925,2200,-0.5405,-0.0614,0.9643,-17.242,-6.001,6.152
10019592,4095,1922,1963,-0.5365,-0.0584,0.9751,-15.547,-6.021,4.984
10019602,2307,1869,2051,-0.5331,-0.0559,0.9834,-13.563,-5.576,3.771
10019612,2096,1959,2280,-0.5319,-0.0619,0.9858,-11.528,-4.726,2.356
10019622,1818,1865,1904,-0.5350,-0.0753,0.9677,-9.460,-3.519,0.759
10019632,2008,1947,1973,-0.5448,-0.0928,0.9276,-6.893,-2.215,-0.855
10019642,1709,1884,1896,-0.5523,-0.1114,0.8668,-3.296,-1.660,-2.553
10019652,2247,1893,1875,-0.5724,-0.1034,0.8412,2.654,-2.389,-3.732
10019662,2353,1948,1889,-0.5717,-0.0783,0.8991,9.138,-4.857,-4.244
10019672,1730,1867,1960,-0.5595,-0.0401,0.9757,13.011,-7.357,-4.113
10019682,2383,1993,1932,-0.5406,0.0077,1.0310,13.733,-7.535,-3.612
10019692,2024,1914,2019,-0.5190,0.0450,1.0696,10.711,-5.755,-3.760
10019702,2330,1879,1898,-0.5067,0.0561,1.0842,4.629,-2.895,-5.361
10019712,1982,1893,1881,-0.5079,0.0447,1.0680,-1.800,0.637,-8.157
10019722,1648,1894,1923,-0.5186,0.0107,1.0342,-6.381,4.242,-11.433
10019732,1692,1880,1910,-0.5327,-0.0502,1.0005,-8.437,7.004,-14.807
10019742,1986,2050,1933,-0.5496,-0.1120,0.9615,-7.333,8.952,-17.450
10019752,1795,1990,2078,-0.5663,-0.1613,0.9189,-2.882,10.371,-18.724
10019762,1664,1955,1918,-0.5801,-0.1940,0.8864,3.393,10.604,-18.770
10019772,1657,1868,1907,-0.5898,-0.2141,0.8651,10.466,9.711,-17.759
10019782,1669,1930,1939,-0.5957,-0.2185,0.8608,16.965,8.002,-15.643
10019792,1786,1976,1986,-0.5914,-0.1988,0.8886,21.417,5.458,-12.355
10019802,1818,1903,1970,-0.5869,-0.1628,0.9235,22.676,2.862,-8.432
10019812,1808,1892,1888,-0.5822,-0.1282,0.9404,20.644,1.265,-4.682
10019822,1683,1898,1965,-0.5747,-0.1237,0.9494,15.594,0.141,-1.666
10019832,2104,1895,1890,-0.5752,-0.1431,0.9602,8.293,-1.174,0.763
10019842,1804,1898,1892,-0.5837,-0.1663,0.9476,0.883,-1.984,3.496
10019852,1893,1870,1978,-0.6000,-0.1939,0.9079,-5.220,-2.418,6.394
10019862,1767,1909,1920,-0.6116,-0.2165,0.8734,-8.761,-3.543,9.240
10019872,2032,1870,1881,-0.6196,-0.1955,0.8744,-9.010,-5.904,12.449
10019882,2453,1876,1907,-0.6167,-0.1212,0.9105,-6.589,-8.700,15.808
10019892,2031,1906,1898,-0.6003,-0.0448,0.9519,-3.554,-10.468,17.559
10019902,1667,1872,1924,-0.5705,0.0194,1.0028,-1.139,-11.391,17.395
10019912,1658,1868,1876,-0.5470,0.0573,1.0393,-0.521,-10.723,15.431
10019922,1676,1869,1915,-0.5297,0.0806,1.0580,-1.565,-8.566,12.520
10019932,1881,1949,1919,-0.5231,0.0817,1.0669,-3.656,-5.640,8.922
10019942,1724,1868,1880,-0.5206,0.0644,1.0635,-5.480,-2.337,5.046
10019952,1819,1870,1894,-0.5244,0.0301,1.0395,-6.407,1.208,1.026
10019962,1844,1870,1878,-0.5321,-0.0164,1.0080,-6.227,4.480,-2.798
10019972,1710,1924,1876,-0.5422,-0.0641,0.9730,-5.114,6.927,-5.945
10019982,1825,1870,1886,-0.5508,-0.1048,0.9402,-3.261,8.456,-7.977
10019992,1658,1873,1877,-0.5581,-0.1375,0.9167,-1.133,8.988,-8.887
10020002,1784,1868,1902,-0.5666,-0.1600,0.8990,1.003,8.732,-8.798
10020012,2282,1921,1878,-0.5742,-0.1766,0.8754,3.005,8.097,-8.037
10020022,2166,1920,1892,-0.5809,-0.1902,0.8549,4.621,7.077,-6.833
10020032,3044,1936,1922,-0.5826,-0.1957,0.8495,5.612,5.327,-5.196
10020042,1870,1882,1880,-0.5820,-0.1930,0.8510,5.877,3.178,-3.245
10020052,2325,1968,1887,-0.5760,-0.1933,0.8429,5.872,1.317,-1.294
10020062,2989,1967,1940,-0.5720,-0.1934,0.8537,5.717,-0.709,0.459
10020072,2087,1871,1984,-0.5641,-0.1913,0.8754,5.473,-2.978,2.091
10020082,4095,2164,1923,-0.5552,-0.1787,0.9005,5.711,-4.765,3.647
10020092,3031,2056,1936,-0.5449,-0.1528,0.9356,6.415,-6.135,5.241
10020102,2352,1874,1951,-0.5405,-0.1340,0.9572,7.522,-6.472,6.489
10020112,1558,1954,1887,-0.5476,-0.1308,0.9529,8.874,-5.671,7.214
10020122,1347,1888,1886,-0.5544,-0.1216,0.9150,10.955,-4.554,7.796
10020132,3855,2015,1888,-0.5767,-0.0900,0.9129,15.537,-3.674,8.837
10020142,1212,1901,1879,-0.5769,-0.0352,0.9722,21.043,-4.180,10.202
10020152,1392,1926,1940,-0.5779,0.0182,1.0066,24.780,-3.949,10.775
10020162,1629,1898,1899,-0.5638,0.0604,1.0397,26.653,-2.180,10.781
10020172,2070,1955,1883,-0.5400,0.0876,1.0876,23.935,-1.119,9.985
10020182,1470,2018,1911,-0.5273,0.1189,1.0846,18.540,1.451,8.635
10020192,2013,1959,1939,-0.5269,0.1409,1.0775,12.384,4.533,6.456
10020202,1289,2099,1951,-0.5321,0.1452,1.0689,7.006,6.946,3.209
10020212,1364,1897,1876,-0.5475,0.1204,1.0352,3.654,9.743,-1.118
10020222,1371,1871,1888,-0.5645,0.0783,0.9988,2.343,12.032,-5.800
10020232,1323,1872,1884,-0.5775,0.0236,0.9709,3.087,13.293,-9.901
10020242,1731,1879,1895,-0.5869,-0.0251,0.9369,5.515,14.000,-12.855
10020252,1330,1878,1877,-0.5956,-0.0613,0.9019,9.118,14.003,-14.394
10020262,1228,1868,1888,-0.6019,-0.0850,0.8910,13.129,12.632,-14.692
10020272,1532,1879,1885,-0.6023,-0.0933,0.8874,16.944,10.366,-14.024
10020282,1232,1948,1928,-0.6077,-0.1014,0.8686,20.392,8.427,-12.781
10020292,1365,1889,1896,-0.6167,-0.1094,0.8385,22.910,6.486,-11.150
10020302,1336,1983,2137,-0.6222,-0.1189,0.8284,24.276,3.548,-9.039
10020312,1267,1897,1894,-0.6235,-0.1110,0.8454,24.318,-0.357,-6.262
10020322,1222,1991,1878,-0.6214,-0.0826,0.8738,23.136,-4.412,-2.875
10020332,1243,1921,1890,-0.6116,-0.0615,0.9089,20.549,-8.036,0.185
10020342,1973,1869,1905,-0.5976,-0.0578,0.9329,16.309,-10.972,2.556
10020352,1569,2002,1889,-0.5891,-0.0716,0.9176,11.329,-12.420,4.549
10020362,1238,1880,1923,-0.5937,-0.0737,0.9165,6.204,-13.552,6.843
10020372,1216,1889,1884,-0.6074,-0.0097,0.9304,1.030,-14.751,9.904
10020382,1299,1872,1888,-0.5988,0.0771,0.9802,-2.551,-15.403,12.499
10020392,1280,1924,1924,-0.5769,0.1510,1.0422,-6.438,-16.057,12.727
10020402,1396,1907,1909,-0.5480,0.1858,1.0570,-9.592,-14.043,10.318
10020412,1495,1915,1876,-0.5278,0.1669,1.0712,-14.146,-11.103,5.697
10020422,1480,1893,1894,-0.5207,0.1242,1.0487,-18.895,-7.428,0.706
10020432,1277,1904,1883,-0.5280,0.0741,1.0007,-22.132,-2.997,-3.567
10020442,1233,1886,1893,-0.5356,0.0224,0.9752,-23.601,-0.316,-6.966
10020452,1258,1877,1879,-0.5422,-0.0504,0.9432,-22.181,1.599,-9.979
10020462,1350,1966,1922,-0.5488,-0.1193,0.9186,-18.399,2.993,-12.078
10020472,1312,1868,1879,-0.5549,-0.1605,0.9084,-13.458,3.332,-12.270
10020482,1318,1870,1884,-0.5612,-0.1825,0.8960,-8.635,3.289,-10.928
10020492,1600,1871,1885,-0.5691,-0.1894,0.8910,-4.641,2.983,-8.565
10020502,1367,1871,1877,-0.5746,-0.1851,0.8859,-1.918,2.220,-5.528
10020512,1285,1891,1878,-0.5753,-0.1686,0.8861,-0.286,1.073,-2.073
10020522,1598,1901,1913,-0.5735,-0.1499,0.8981,0.150,-0.670,1.313
10020532,1229,1871,1887,-0.5707,-0.1303,0.9096,-0.317,-2.441,4.279
10020542,1452,1925,1900,-0.5685,-0.1065,0.9189,-1.155,-3.851,6.759
10020552,2714,1981,1891,-0.5656,-0.0815,0.9291,-2.161,-5.140,8.633
10020562,1282,2015,1902,-0.5628,-0.0593,0.9372,-2.979,-6.061,9.806
10020572,1282,2032,1876,-0.5581,-0.0416,0.9557,-3.654,-6.816,10.341
10020582,1662,1895,1879,-0.5511,-0.0280,0.9805,-4.315,-7.550,10.343
10020592,1684,1902,1878,-0.5501,-0.0293,0.9736,-4.654,-7.118,9.200
10020602,1271,1869,1880,-0.5547,-0.0391,0.9497,-4.270,-6.714,7.572
10020612,1285,1949,1891,-0.5620,-0.0432,0.9056,-1.730,-6.496,5.786
10020622,1247,1925,1891,-0.5797,-0.0238,0.9065,3.719,-7.214,4.158
10020632,1323,1917,1892,-0.5811,0.0280,0.9484,10.834,-8.889,2.403
10020642,1315,1876,1911,-0.5725,0.0511,0.9739,18.299,-9.161,-0.559
10020652,1235,1912,1880,-0.5530,0.0661,1.0210,23.933,-8.838,-3.838
10020662,2163,1869,1878,-0.5417,0.0676,1.0446,26.511,-7.601,-6.711
10020672,1563,1879,1877,-0.5421,0.0668,1.0329,26.547,-5.062,-8.700
10020682,1355,1932,1879,-0.5501,0.0512,1.0130,23.985,-3.173,-10.275
10020692,1370,1896,1877,-0.5608,0.0221,0.9816,20.506,-2.138,-11.469
10020702,1588,1874,1912,-0.5701,-0.0219,0.9583,16.789,-2.049,-12.245
10020712,1323,2019,1893,-0.5747,-0.0614,0.9543,13.192,-3.123,-12.152
10020722,1460,1870,1908,-0.5784,-0.0829,0.9546,10.121,-4.412,-10.918
10020732,1235,1869,1881,-0.5799,-0.0859,0.9526,7.702,-5.419,-8.758
10020742,1725,1923,1880,-0.5784,-0.0836,0.9513,5.752,-6.222,-6.292
10020752,1418,1885,1876,-0.5753,-0.0804,0.9507,4.274,-6.863,-3.904
10020762,1244,1875,1886,-0.5717,-0.0740,0.9452,3.116,-7.447,-1.666
10020772,1257,1870,1885,-0.5682,-0.0694,0.9347,2.325,-7.965,0.290
10020782,1288,1943,1921,-0.5644,-0.0671,0.9343,1.580,-8.845,1.865
10020792,1261,1924,1878,-0.5595,-0.0622,0.9358,1.222,-9.852,3.286
10020802,1259,1887,1877,-0.5534,-0.0548,0.9474,1.493,-10.713,4.675
10020812,1247,1882,1878,-0.5467,-0.0422,0.9717,1.870,-11.517,5.976
10020822,1270,1901,1886,-0.5386,-0.0314,0.9863,2.223,-11.503,7.112
10020832,1267,1871,1876,-0.5304,-0.0212,1.0005,2.360,-10.842,8.098
10020842,1239,1869,1878,-0.5299,0.0050,1.0153,2.067,-10.018,9.014
10020852,1470,1939,1877,-0.5276,0.0349,1.0150,1.685,-8.444,9.419
10020862,1580,1875,1880,-0.5220,0.0569,1.0291,1.120,-6.941,8.897
10020872,1275,1880,1890,-0.5172,0.0822,1.0347,0.227,-5.553,7.692
10020882,1305,1872,1886,-0.5152,0.0988,1.0182,-0.531,-3.284,5.880
10020892,1325,1895,1878,-0.5123,0.0974,1.0200,-1.989,-1.752,3.493
10020902,1369,1895,1888,-0.5126,0.0813,1.0148,-3.908,-0.655,0.937
10020912,1246,1871,1877,-0.5174,0.0608,0.9953,-5.597,0.828,-1.364
10020922,1546,1935,1910,-0.5222,0.0381,0.9883,-6.976,1.592,-3.279
10020932,1444,1893,1892,-0.5272,0.0126,0.9791,-7.542,1.856,-4.963
10020942,1278,1871,1896,-0.5307,-0.0131,0.9654,-6.826,2.204,-6.392
10020952,1306,1926,1880,-0.5332,-0.0390,0.9593,-5.141,2.341,-7.448
10020962,1330,1874,1915,-0.5386,-0.0571,0.9581,-2.871,2.402,-8.015
10020972,1320,1871,1881,-0.5441,-0.0659,0.9576,-0.481,2.593,-8.065
10020982,1278,1882,1898,-0.5465,-0.0716,0.9561,1.671,2.790,-7.755
10020992,1625,1900,1885,-0.5484,-0.0742,0.9545,3.314,2.744,-7.204
10021002,1293,1869,1893,-0.5511,-0.0744,0.9531,4.290,2.498,-6.426
10021012,1305,1868,1877,-0.5537,-0.0697,0.9530,4.485,2.057,-5.412
10021022,1351,1898,1885,-0.5558,-0.0622,0.9564,4.005,1.369,-4.281
10021032,1342,1880,1880,-0.5553,-0.0544,0.9643,3.179,0.526,-3.133
10021042,1320,1932,1913,-0.5545,-0.0446,0.9699,2.361,-0.111,-2.024
10021052,1299,1870,1888,-0.5535,-0.0342,0.9717,1.708,-0.482,-1.053
10021062,1293,1898,1892,-0.5518,-0.0246,0.9767,1.157,-0.836,-0.360
10021072,1370,1869,1880,-0.5499,-0.0181,0.9794,0.741,-1.123,-0.004
10021082,1340,1929,1904,-0.5491,-0.0113,0.9794,0.524,-1.232,0.064
10021092,1274,1870,1879,-0.5479,-0.0042,0.9817,0.460,-1.373,-0.060
10021102,1576,1870,1898,-0.5489,0.0022,0.9848,0.596,-1.544,-0.386
10021112,1316,1871,1879,-0.5499,0.0090,0.9871,0.977,-1.690,-0.896
10021122,1491,1898,1883,-0.5525,0.0144,0.9862,1.569,-1.964,-1.648
10021132,1310,1869,1877,-0.5544,0.0165,0.9848,2.335,-2.335,-2.656
10021142,1511,1876,1881,-0.5555,0.0155,0.9855,3.238,-2.828,-3.784
10021152,1311,1909,1888,-0.5566,0.0132,0.9879,4.230,-3.456,-4.892
10021162,1434,1870,1898,-0.5573,0.0111,0.9955,5.372,-4.097,-5.875
10021172,1304,1941,1878,-0.5577,0.0104,1.0055,6.516,-4.773,-6.702
10021182,1546,1931,1916,-0.5579,0.0114,1.0108,7.581,-5.232,-7.392
10021192,1350,1870,1885,-0.5582,0.0111,1.0141,8.501,-5.454,-8.014
10021202,1561,1893,1903,-0.5578,0.0119,1.0179,9.229,-5.683,-8.645
10021212,1302,1867,1881,-0.5583,0.0142,1.0229,9.914,-5.923,-9.353
10021222,1304,1918,1888,-0.5573,0.0166,1.0304,10.627,-6.160,-10.172
10021232,1291,1869,1886,-0.5545,0.0219,1.0383,11.542,-6.245,-11.144
10021242,1380,1869,1894,-0.5512,0.0265,1.0473,12.706,-6.079,-12.227
10021252,1519,1873,1900,-0.5489,0.0328,1.0534,14.144,-5.567,-13.393
10021262,1284,1921,1908,-0.5473,0.0397,1.0576,15.866,-4.786,-14.622
10021272,1662,1888,1888,-0.5455,0.0468,1.0574,17.852,-3.770,-15.997
10021282,1263,1879,1892,-0.5452,0.0529,1.0580,20.010,-2.646,-17.559
10021292,1393,1910,1886,-0.5443,0.0625,1.0625,22.144,-1.605,-19.310
10021302,1265,1871,1905,-0.5425,0.0750,1.0643,24.158,-0.476,-21.251
10021312,1284,1905,1890,-0.5414,0.0901,1.0619,25.968,0.910,-23.425
10021322,1512,1948,1929,-0.5397,0.1016,1.0628,27.272,2.264,-25.842
10021332,1829,1960,1882,-0.5394,0.1118,1.0616,28.075,3.561,-28.498
10021342,1355,2041,1896,-0.5378,0.1187,1.0579,28.299,4.787,-31.353
10021352,1364,1915,1878,-0.5368,0.1204,1.0522,27.904,5.777,-34.389
10021362,1387,1868,1912,-0.5367,0.1174,1.0462,27.150,6.555,-37.603
10021372,1457,1889,1882,-0.5368,0.1107,1.0415,26.292,6.991,-40.940
10021382,1578,1868,1918,-0.5331,0.1007,1.0363,25.602,7.194,-44.287
10021392,1397,1868,1881,-0.5268,0.0914,1.0445,25.232,7.121,-47.576
10021402,1423,1870,1878,-0.5267,0.0843,1.0388,25.929,7.572,-50.871
10021412,1274,1879,1880,-0.5251,0.0772,1.0350,27.802,8.337,-54.202
10021422,1398,1916,1915,-0.5298,0.0736,1.0298,30.566,9.044,-57.623
10021432,1364,1871,1878,-0.5295,0.0653,1.0212,34.081,9.877,-61.027
10021442,1458,1892,1918,-0.5264,0.0586,1.0180,37.965,10.482,-64.363
10021452,1289,1975,1908,-0.5268,0.0548,1.0054,42.522,11.495,-67.559
10021462,1542,2208,1882,-0.5262,0.0514,1.0001,47.202,12.292,-70.644
10021472,1598,2192,1878,-0.5271,0.0517,0.9987,51.727,12.760,-73.639
10021482,1464,1939,1884,-0.5267,0.0569,0.9942,56.236,13.356,-76.441
10021492,1611,1912,1895,-0.5265,0.0582,0.9985,60.184,13.682,-79.180
10021502,1388,1933,1903,-0.5230,0.0597,1.0028,63.447,13.835,-81.741
10021512,1420,1901,1886,-0.5242,0.0610,0.9899,66.308,14.519,-84.155
10021522,1327,1886,1898,-0.5212,0.0544,0.9820,68.533,14.951,-86.431
10021532,1290,1896,1878,-0.5251,0.0576,0.9804,70.102,14.960,-88.403
10021542,1276,1883,1891,-0.5301,0.0622,0.9722,71.374,15.170,-90.069
10021552,1305,1867,1901,-0.5330,0.0642,0.9670,71.822,15.207,-91.841
10021562,1297,1919,1889,-0.5340,0.0629,0.9687,71.601,14.868,-93.539
10021572,1392,1923,1909,-0.5341,0.0668,0.9717,70.655,14.286,-94.868
10021582,1325,1923,1906,-0.5334,0.0737,0.9723,69.220,13.759,-95.680
10021592,1510,1869,1877,-0.5314,0.0799,0.9833,66.948,13.104,-96.132
10021602,1380,1903,1908,-0.5281,0.0803,0.9900,63.521,12.534,-96.336
10021612,1337,1888,1885,-0.5293,0.0747,0.9863,59.076,12.514,-96.260
10021622,1565,1873,1906,-0.5317,0.0672,0.9850,53.390,12.432,-95.860
10021632,1321,1879,1914,-0.5382,0.0590,0.9776,46.596,12.207,-95.286
10021642,1282,1903,1914,-0.5495,0.0518,0.9598,39.200,11.903,-94.742
10021652,1335,1910,1881,-0.5606,0.0452,0.9378,31.682,11.181,-94.441
10021662,1314,1956,1914,-0.5685,0.0363,0.9191,24.633,9.921,-94.609
10021672,1474,1932,1900,-0.5707,0.0238,0.9107,18.297,8.020,-95.214
10021682,1835,1941,1916,-0.5676,0.0077,0.9081,12.824,5.922,-96.106
10021692,1311,1872,1900,-0.5605,-0.0075,0.9188,8.242,3.887,-96.994
10021702,1414,1867,1922,-0.5509,-0.0213,0.9300,4.584,2.420,-97.658
10021712,1419,1874,1881,-0.5430,-0.0333,0.9372,1.909,1.883,-98.130
10021722,1602,1870,1922,-0.5370,-0.0442,0.9417,0.125,2.057,-98.537
10021732,1610,1893,1914,-0.5338,-0.0525,0.9389,-0.722,2.849,-99.129
10021742,1408,1877,1897,-0.5327,-0.0584,0.9311,-0.658,3.857,-100.039
10021752,1319,1905,1908,-0.5339,-0.0647,0.9253,0.258,4.806,-101.466
10021762,1804,1939,1960,-0.5380,-0.0718,0.9085,2.119,5.572,-103.439
10021772,1310,1873,1880,-0.5409,-0.0843,0.8909,4.874,5.986,-106.146
10021782,1380,1871,1951,-0.5399,-0.0989,0.8760,8.616,5.825,-109.274
10021792,1530,1865,1886,-0.5387,-0.1122,0.8584,13.402,5.410,-112.618
10021802,1385,1871,1935,-0.5408,-0.1231,0.8383,19.250,4.812,-116.041
10021812,1312,1870,1910,-0.5414,-0.1328,0.8228,26.026,3.753,-119.379
10021822,1619,1924,1912,-0.5418,-0.1394,0.8104,33.558,2.149,-122.578
10021832,1446,1872,1943,-0.5427,-0.1417,0.7966,41.801,0.190,-125.777
10021842,1960,1910,1960,-0.5394,-0.1527,0.7828,50.656,-2.173,-129.173
10021852,1698,1894,1950,-0.5304,-0.1669,0.7693,59.854,-5.026,-132.641
10021862,1563,1867,1964,-0.5193,-0.1835,0.7528,69.160,-8.277,-135.780
10021872,1345,1875,1932,-0.5042,-0.2057,0.7452,77.975,-11.985,-138.437
10021882,1331,1907,2060,-0.4842,-0.2358,0.7523,85.826,-16.364,-140.295
10021892,1310,1899,1932,-0.4613,-0.2578,0.7713,92.184,-21.285,-140.987
10021902,1495,1924,1895,-0.4391,-0.2638,0.7913,97.127,-26.107,-140.281
10021912,1346,1883,1919,-0.4173,-0.2530,0.8201,100.811,-30.677,-138.324
10021922,1504,1891,1955,-0.4003,-0.2335,0.8375,103.599,-34.616,-135.658
10021932,1770,1966,1885,-0.3835,-0.2199,0.8436,105.610,-37.786,-132.829
10021942,1374,1868,1931,-0.3612,-0.2178,0.8493,106.493,-40.666,-129.999
10021952,1737,1870,1885,-0.3454,-0.2114,0.8493,106.067,-43.279,-127.033
10021962,1602,1866,1936,-0.3339,-0.2039,0.8540,104.366,-45.637,-124.008
10021972,1497,1907,1896,-0.3172,-0.1923,0.8647,101.582,-48.000,-121.127
10021982,1458,1872,1921,-0.3019,-0.1802,0.8747,98.319,-50.078,-118.421
10021992,1324,1908,1882,-0.2869,-0.1656,0.8843,94.873,-51.769,-115.804
10022002,1994,1886,1892,-0.2747,-0.1558,0.8905,91.468,-53.112,-113.304
10022012,1483,1873,1891,-0.2623,-0.1488,0.8912,88.143,-54.276,-110.878
10022022,1302,1881,1937,-0.2532,-0.1431,0.8861,84.902,-55.464,-108.500
10022032,1338,1874,1878,-0.2465,-0.1370,0.8880,81.538,-57.034,-106.088
10022042,1318,1974,1996,-0.2382,-0.1309,0.8967,77.774,-59.055,-103.773
10022052,1414,1876,1880,-0.2264,-0.1257,0.9133,73.549,-61.340,-101.640
10022062,1308,1878,1958,-0.2116,-0.1194,0.9330,68.852,-63.614,-99.733
10022072,1803,1894,1879,-0.1950,-0.1174,0.9442,63.905,-65.345,-97.863
10022082,1658,1880,1942,-0.1753,-0.1191,0.9557,58.844,-66.980,-95.814
10022092,1587,1892,1878,-0.1588,-0.1221,0.9675,53.815,-68.386,-93.431
10022102,1338,1874,1909,-0.1456,-0.1212,0.9868,49.012,-69.880,-90.592
10022112,1459,1869,1885,-0.1349,-0.1182,0.9982,44.300,-70.964,-87.549
10022122,1321,1885,1936,-0.1250,-0.1140,1.0077,39.666,-71.795,-84.570
10022132,1452,1873,1895,-0.1165,-0.1090,1.0169,35.139,-72.518,-81.855
10022142,1420,1870,1904,-0.1090,-0.1056,1.0242,30.761,-73.088,-79.420
10022152,1328,1869,1932,-0.0982,-0.1026,1.0359,26.590,-73.653,-77.259
10022162,1299,1900,1946,-0.0865,-0.0998,1.0500,22.651,-74.274,-75.356
10022172,1447,1882,1920,-0.0667,-0.1007,1.0696,18.235,-74.976,-73.666
10022182,1367,1930,1915,-0.0430,-0.1075,1.0953,13.844,-75.558,-72.232
10022192,1416,1941,1880,-0.0205,-0.1202,1.1176,9.178,-75.742,-70.824
10022202,1832,1972,1936,0.0008,-0.1323,1.1447,4.380,-75.604,-69.149
10022212,1455,1867,1897,0.0189,-0.1414,1.1570,-0.423,-74.858,-67.191
10022222,1544,1935,1895,0.0325,-0.1490,1.1659,-4.880,-73.536,-65.182
10022232,1349,1868,1889,0.0429,-0.1572,1.1702,-8.781,-72.110,-63.353
10022242,1367,1984,1934,0.0521,-0.1683,1.1695,-11.740,-70.435,-61.765
10022252,1476,1871,1878,0.0598,-0.1775,1.1737,-13.692,-69.004,-60.262
10022262,1363,1920,1910,0.0650,-0.1812,1.1787,-14.632,-67.554,-58.697
10022272,1442,1901,1880,0.0697,-0.1861,1.1890,-14.729,-66.142,-57.133
10022282,1419,1890,1889,0.0768,-0.1902,1.1992,-14.305,-64.637,-55.563
10022292,1318,1867,1877,0.0837,-0.1955,1.2019,-13.560,-63.046,-53.892
10022302,1322,1907,1908,0.0875,-0.1759,1.2048,-12.695,-61.202,-52.251
10022312,1402,1887,1887,0.1001,-0.1793,1.2038,-11.491,-59.480,-51.231
10022322,1566,1917,1913,0.1124,-0.1840,1.2002,-9.703,-57.506,-50.551
10022332,1455,1886,1887,0.1212,-0.1915,1.1948,-7.837,-55.673,-49.948
10022342,1318,1887,1898,0.1298,-0.1912,1.1974,-5.952,-54.202,-49.204
10022352,1431,1871,1879,0.1372,-0.1898,1.2021,-4.063,-52.943,-48.356
10022362,1426,1915,1932,0.1424,-0.1921,1.2075,-1.990,-51.629,-47.454
10022372,1345,1869,1876,0.1503,-0.1924,1.2101,-0.173,-50.370,-46.566
10022382,1365,1867,1879,0.1587,-0.1988,1.2022,1.006,-48.950,-45.777
10022392,1529,1914,1882,0.1671,-0.2026,1.2044,1.690,-47.784,-44.812
10022402,1335,1942,1909,0.1759,-0.2023,1.2058,2.189,-46.743,-43.543
10022412,1318,1869,1886,0.1832,-0.2032,1.2052,2.683,-45.519,-42.050
10022422,1315,1917,1909,0.1895,-0.2037,1.2045,3.317,-44.319,-40.414
10022432,1367,1869,1879,0.1943,-0.2047,1.2045,4.100,-43.032,-38.688
10022442,1372,1939,1971,0.1996,-0.2018,1.2059,5.015,-41.881,-36.802
10022452,1348,1874,1878,0.2045,-0.2014,1.2054,5.873,-40.683,-34.897
10022462,1330,1900,1930,0.2104,-0.2002,1.2066,6.539,-39.517,-33.073
10022472,1792,2036,1883,0.2157,-0.1995,1.2043,7.090,-38.235,-31.376
10022482,1377,2059,1922,0.2224,-0.1985,1.2035,7.787,-36.946,-29.771
10022492,1806,1948,1882,0.2271,-0.1950,1.2039,8.614,-35.622,-28.331
10022502,1577,2034,1895,0.2313,-0.1958,1.2024,9.478,-34.230,-27.157
10022512,1320,1904,2020,0.2352,-0.1922,1.1985,10.577,-32.793,-26.098
10022522,1353,1968,1966,0.2388,-0.1904,1.1915,12.035,-31.220,-25.022
10022532,1318,1865,1871,0.2411,-0.1870,1.1830,13.864,-29.786,-23.813
10022542,1359,1918,1951,0.2406,-0.1830,1.1722,15.775,-28.409,-22.518
10022552,1340,1906,1877,0.2385,-0.1792,1.1631,17.419,-27.322,-21.133
10022562,1337,2028,1961,0.2365,-0.1635,1.1575,18.683,-26.591,-19.493
10022572,1452,1891,1909,0.2362,-0.1537,1.1554,19.080,-26.036,-18.077
10022582,1430,2006,1910,0.2544,-0.1648,1.1839,18.990,-25.944,-17.017
10022592,1420,1900,1913,0.2781,-0.1496,1.2732,17.584,-26.720,-15.227
10022602,1326,1892,1880,0.2875,-0.1065,1.3137,14.016,-25.937,-12.119
10022612,1772,1870,1943,0.2951,-0.0749,1.3481,8.412,-23.032,-8.903
10022622,1358,1906,2062,0.2951,-0.0694,1.3647,0.367,-19.865,-6.959
10022632,1331,1870,1881,0.2891,-0.0742,1.3541,-8.472,-15.719,-6.141
10022642,1329,1902,1910,0.2841,-0.0923,1.3322,-17.456,-12.114,-6.209
10022652,1493,1908,1912,0.2783,-0.1225,1.2921,-24.807,-8.890,-6.627
10022662,1327,1915,1939,0.2708,-0.1535,1.2566,-29.290,-6.607,-6.810
10022672,1340,1865,1929,0.2612,-0.1775,1.2167,-30.157,-4.978,-6.479
10022682,1358,1944,1897,0.2540,-0.1961,1.1700,-27.634,-3.719,-5.864
10022692,1344,1868,1886,0.2484,-0.2011,1.1365,-22.490,-3.358,-5.274
10022702,1327,1924,1919,0.2435,-0.2006,1.1109,-15.628,-3.668,-5.050
10022712,1334,1871,1940,0.2395,-0.1976,1.0948,-7.909,-4.248,-5.373
10022722,1329,1927,1972,0.2362,-0.1917,1.0877,0.048,-5.041,-6.049
10022732,1336,1868,1876,0.2317,-0.1868,1.0919,7.448,-5.785,-6.810
10022742,1330,1930,1938,0.2329,-0.1716,1.1120,13.541,-6.602,-7.390
10022752,1391,1868,2095,0.2322,-0.1525,1.1181,17.858,-6.734,-7.845
10022762,1329,1903,1876,0.2307,-0.1316,1.1234,20.684,-6.494,-8.325
10022772,1331,1867,1917,0.2322,-0.1131,1.1284,22.087,-6.297,-8.949
10022782,1330,1912,1974,0.2344,-0.0973,1.1365,22.446,-6.219,-9.760
10022792,1342,1890,1908,0.2351,-0.0844,1.1409,22.167,-6.097,-10.691
10022802,1333,1939,1896,0.2356,-0.0736,1.1437,21.440,-5.866,-11.566
10022812,1357,1872,1883,0.2380,-0.0663,1.1448,20.237,-5.770,-12.308
10022822,1338,1930,1969,0.2410,-0.0595,1.1381,18.537,-5.605,-12.904
10022832,1351,1867,1957,0.2460,-0.0569,1.1386,16.479,-5.575,-13.424
10022842,1334,1898,1946,0.2501,-0.0598,1.1287,14.265,-5.380,-13.970
10022852,1392,1872,1898,0.2550,-0.0629,1.1289,12.395,-5.284,-14.443
10022862,1340,1892,1887,0.2573,-0.0683,1.1246,10.947,-5.195,-14.806
10022872,1406,1860,1890,0.2584,-0.0713,1.1199,10.036,-4.868,-14.992
10022882,1354,1896,1918,0.2606,-0.0736,1.1214,9.645,-4.803,-14.984
10022892,1390,1864,1921,0.2615,-0.0754,1.1155,9.673,-4.489,-14.768
10022902,1348,1900,1916,0.2611,-0.0722,1.1162,10.170,-4.156,-14.339
10022912,1360,1868,1905,0.2617,-0.0701,1.1156,11.021,-3.857,-13.841
10022922,1338,1908,1958,0.2618,-0.0657,1.1132,12.147,-3.384,-13.289
10022932,1389,1866,1920,0.2612,-0.0583,1.1144,13.326,-3.156,-12.717
10022942,1359,1948,2023,0.2600,-0.0528,1.1140,14.508,-2.804,-12.206
10022952,1359,1870,1876,0.2585,-0.0476,1.1160,15.378,-2.493,-11.754
10022962,1367,1898,1891,0.2563,-0.0404,1.1189,15.914,-2.233,-11.293
10022972,1362,1869,1876,0.2551,-0.0345,1.1223,16.091,-2.067,-10.825
10022982,1348,1917,1940,0.2539,-0.0287,1.1269,15.906,-1.948,-10.390
10022992,1359,1873,1998,0.2548,-0.0230,1.1298,15.466,-1.906,-9.921
10023002,1358,1881,1959,0.2556,-0.0208,1.1269,14.801,-1.781,-9.392
10023012,1357,1900,1891,0.2567,-0.0176,1.1271,13.869,-1.760,-8.762
10023022,1409,1866,1919,0.2557,-0.0138,1.1214,12.751,-1.751,-8.048
10023032,1352,1844,1897,0.2545,-0.0098,1.1202,11.472,-1.753,-7.338
10023042,1350,1903,1892,0.2548,-0.0063,1.1228,10.044,-1.929,-6.742
10023052,1361,1865,2055,0.2558,-0.0028,1.1248,8.457,-2.066,-6.284
10023062,1384,1870,1918,0.2567,-0.0023,1.1272,6.687,-2.240,-5.940
10023072,1368,1867,1948,0.2574,-0.0029,1.1255,4.754,-2.299,-5.669
10023082,1345,1895,1945,0.2586,-0.0053,1.1250,2.711,-2.301,-5.465
10023092,1368,1872,1899,0.2598,-0.0096,1.1203,0.664,-2.214,-5.282
10023102,1360,1884,1943,0.2605,-0.0125,1.1174,-1.138,-2.125,-5.093
10023112,1356,1872,1944,0.2611,-0.0157,1.1153,-2.552,-2.019,-4.890
10023122,1353,1878,1876,0.2619,-0.0194,1.1157,-3.531,-1.977,-4.698
10023132,1351,1911,1897,0.2626,-0.0230,1.1155,-4.178,-1.856,-4.546
10023142,1367,1935,1935,0.2640,-0.0262,1.1171,-4.581,-1.716,-4.420
10023152,1397,1871,1901,0.2654,-0.0285,1.1170,-4.799,-1.569,-4.299
10023162,1369,1884,1882,0.2667,-0.0313,1.1190,-4.748,-1.353,-4.156
10023172,1723,1869,1884,0.2673,-0.0339,1.1201,-4.433,-1.077,-3.970
10023182,1386,1936,1892,0.2674,-0.0359,1.1207,-3.788,-0.744,-3.718
10023192,1384,1867,1887,0.2683,-0.0369,1.1195,-2.921,-0.419,-3.431
10023202,1356,1932,1949,0.2695,-0.0393,1.1166,-1.849,-0.066,-3.128
10023212,1407,1868,1882,0.2687,-0.0387,1.1194,-0.651,0.196,-2.776
10023222,1357,1903,1988,0.2686,-0.0366,1.1220,0.604,0.454,-2.384
10023232,1368,1867,1969,0.2666,-0.0352,1.1209,1.847,0.899,-2.005
10023242,1361,1927,2000,0.2638,-0.0344,1.1231,2.996,1.286,-1.702
10023252,1356,1892,1899,0.2623,-0.0341,1.1220,4.063,1.565,-1.476
10023262,1358,1925,1973,0.2605,-0.0340,1.1202,5.038,1.752,-1.292
10023272,1367,1869,1907,0.2584,-0.0316,1.1174,6.001,1.753,-1.125
10023282,1359,1931,1879,0.2561,-0.0274,1.1165,7.053,1.617,-0.938
10023292,1359,1920,2199,0.2547,-0.0214,1.1178,8.108,1.318,-0.732
10023302,1359,1900,2035,0.2545,-0.0153,1.1191,8.942,1.009,-0.557
10023312,1386,1871,1888,0.2551,-0.0106,1.1221,9.312,0.703,-0.482
10023322,1359,1903,1921,0.2557,-0.0075,1.1228,9.139,0.443,-0.517
10023332,1394,1864,1873,0.2558,-0.0048,1.1224,8.509,0.312,-0.623
10023342,1356,1919,2036,0.2554,-0.0046,1.1200,7.582,0.197,-0.776
10023352,1375,1869,1902,0.2542,-0.0040,1.1154,6.552,0.155,-0.941
10023362,1380,1907,1910,0.2538,-0.0027,1.1163,5.566,-0.016,-1.069
10023372,1378,1871,1876,0.2540,0.0006,1.1210,4.735,-0.269,-1.156
10023382,1370,1903,1945,0.2546,-0.0002,1.1242,3.996,-0.442,-1.241
10023392,1388,1862,1883,0.2551,-0.0017,1.1251,3.317,-0.512,-1.332
10023402,1361,1934,2033,0.2554,-0.0034,1.1211,2.688,-0.539,-1.423
10023412,1366,1877,2092,0.2545,-0.0050,1.1163,2.231,-0.539,-1.482
10023422,1380,1927,1930,0.2550,-0.0046,1.1180,2.030,-0.690,-1.442
10023432,1378,1872,1892,0.2555,-0.0029,1.1226,2.009,-0.889,-1.282
10023442,1361,1915,1900,0.2562,-0.0017,1.1283,1.941,-1.051,-1.086
10023452,1386,1871,1875,0.2561,-0.0013,1.1285,1.662,-1.057,-0.958
10023462,1375,1934,1874,0.2556,-0.0021,1.1223,1.184,-0.965,-0.951
10023472,1366,1874,2004,0.2554,-0.0046,1.1163,0.685,-0.883,-1.023
10023482,1375,1913,1954,0.2547,-0.0058,1.1151,0.468,-0.901,-1.008
10023492,1471,1875,1916,0.2554,-0.0042,1.1179,0.565,-1.021,-0.820
10023502,1366,1919,1962,0.2555,-0.0018,1.1204,0.697,-1.079,-0.549
10023512,1389,1871,1914,0.2563,-0.0016,1.1227,0.577,-1.016,-0.381
10023522,1375,1922,1923,0.2560,-0.0037,1.1203,0.204,-0.865,-0.378
10023532,1403,1863,1957,0.2560,-0.0058,1.1161,-0.231,-0.710,-0.437
10023542,1374,1882,1951,0.2554,-0.0068,1.1166,-0.470,-0.694,-0.449
10023552,1388,1868,1984,0.2544,-0.0077,1.1146,-0.401,-0.697,-0.359
10023562,1377,1877,1931,0.2548,-0.0061,1.1160,-0.146,-0.776,-0.197
10023572,1387,1884,2363,0.2555,-0.0042,1.1182,0.083,-0.841,-0.062
10023582,1384,1938,1975,0.2567,-0.0023,1.1201,0.095,-0.882,0.015
10023592,1393,1882,1883,0.2564,-0.0008,1.1238,-0.162,-0.910,0.021
10023602,1451,1951,2046,0.2556,-0.0005,1.1239,-0.594,-0.836,-0.020
10023612,1377,1868,2008,0.2549,-0.0009,1.1261,-1.094,-0.747,-0.066
10023622,1391,1895,1937,0.2544,-0.0028,1.1259,-1.501,-0.660,-0.132
10023632,1444,1866,2212,0.2549,-0.0069,1.1254,-1.778,-0.522,-0.217
10023642,1375,1928,1966,0.2559,-0.0115,1.1273,-1.793,-0.337,-0.276
10023652,1444,1871,1919,0.2570,-0.0157,1.1267,-1.478,-0.089,-0.323
10023662,1613,1894,1918,0.2569,-0.0193,1.1227,-0.777,0.240,-0.332
10023672,1384,1869,1907,0.2553,-0.0210,1.1226,0.288,0.474,-0.314
10023682,1380,1907,1921,0.2551,-0.0223,1.1231,1.653,0.625,-0.296
10023692,1416,1868,1873,0.2558,-0.0220,1.1200,3.158,0.780,-0.290
10023702,1398,1868,1887,0.2550,-0.0197,1.1181,4.796,0.895,-0.287
10023712,1400,1868,1924,0.2534,-0.0161,1.1154,6.430,0.944,-0.251
10023722,1381,1919,1916,0.2519,-0.0110,1.1165,7.901,0.923,-0.160
10023732,1379,1903,1991,0.2518,-0.0020,1.1175,9.050,0.864,-0.016
10023742,1400,1917,1966,0.2519,0.0057,1.1179,9.665,0.686,0.062
10023752,1402,1885,1876,0.2506,0.0121,1.1164,9.751,0.625,0.037
10023762,1379,1916,1916,0.2503,0.0176,1.1227,9.296,0.402,-0.066
10023772,1400,1880,1873,0.2507,0.0215,1.1250,8.356,0.177,-0.230
10023782,1379,1903,1903,0.2521,0.0218,1.1266,7.125,0.110,-0.424
10023792,1402,1868,2006,0.2516,0.0194,1.1240,5.835,0.073,-0.617
10023802,1382,1928,1984,0.2510,0.0174,1.1211,4.784,-0.039,-0.704
10023812,1405,1872,1879,0.2512,0.0164,1.1225,4.083,-0.280,-0.696
10023822,1394,1913,1973,0.2520,0.0175,1.1250,3.650,-0.519,-0.591
10023832,1412,1868,1899,0.2522,0.0195,1.1230,3.307,-0.598,-0.428
10023842,1385,1892,1873,0.2511,0.0203,1.1207,2.903,-0.539,-0.283
10023852,1390,1871,1914,0.2504,0.0216,1.1202,2.429,-0.533,-0.165
10023862,1517,1970,1926,0.2501,0.0231,1.1202,1.919,-0.603,-0.015
10023872,1414,1872,1873,0.2501,0.0244,1.1232,1.341,-0.746,0.170
10023882,1385,1912,1931,0.2510,0.0240,1.1265,0.625,-0.926,0.315
10023892,1409,1877,1893,0.2497,0.0219,1.1251,-0.194,-0.878,0.369
10023902,1387,1911,1885,0.2496,0.0207,1.1249,-1.041,-0.849,0.349
10023912,1403,1871,1881,0.2490,0.0177,1.1207,-1.818,-0.852,0.303
10023922,1392,1917,1988,0.2488,0.0146,1.1171,-2.352,-0.816,0.273
10023932,1391,1892,1922,0.2498,0.0120,1.1185,-2.574,-0.958,0.304
10023942,1398,1998,1888,0.2496,0.0114,1.1197,-2.510,-1.047,0.372
10023952,1392,1883,1908,0.2502,0.0115,1.1242,-2.334,-1.148,0.445
10023962,1392,1890,1946,0.2505,0.0099,1.1244,-2.234,-1.165,0.446
10023972,1400,1869,1897,0.2504,0.0083,1.1232,-2.144,-1.091,0.388
10023982,1401,1898,2053,0.2502,0.0071,1.1232,-1.963,-1.055,0.354
10023992,1436,1872,1882,0.2502,0.0060,1.1213,-1.655,-0.995,0.351
10024002,1393,1904,1885,0.2506,0.0059,1.1206,-1.276,-0.956,0.371
10024012,1429,1866,1880,0.2512,0.0064,1.1202,-0.881,-0.929,0.411
10024022,1552,1940,2184,0.2515,0.0085,1.1221,-0.478,-0.853,0.486
10024032,1422,1868,1898,0.2515,0.0104,1.1225,-0.154,-0.757,0.563
10024042,1392,1916,2072,0.2512,0.0119,1.1212,0.049,-0.585,0.652
10024052,1399,1874,1872,0.2496,0.0131,1.1219,0.113,-0.442,0.752
10024062,1392,1907,1930,0.2473,0.0150,1.1215,0.058,-0.403,0.863
10024072,1435,1868,1872,0.2472,0.0169,1.1227,-0.174,-0.441,0.933
10024082,1411,1893,1895,0.2467,0.0172,1.1216,-0.613,-0.458,0.934
10024092,1403,1921,1902,0.2460,0.0175,1.1245,-1.293,-0.529,0.862
10024102,1393,1957,1895,0.2451,0.0163,1.1225,-2.111,-0.600,0.705
10024112,1501,1880,1904,0.2451,0.0140,1.1235,-3.009,-0.649,0.480
10024122,1394,1915,1934,0.2460,0.0105,1.1243,-3.861,-0.847,0.190
10024132,1407,1883,1956,0.2459,0.0064,1.1230,-4.575,-0.923,-0.175
10024142,1399,1897,2052,0.2467,0.0025,1.1246,-5.041,-1.075,-0.598
10024152,1457,1871,1947,0.2473,-0.0016,1.1247,-5.212,-1.197,-1.066
10024162,1407,1924,1956,0.2479,-0.0062,1.1251,-5.048,-1.292,-1.558
10024172,1421,1899,1881,0.2484,-0.0098,1.1251,-4.589,-1.410,-2.040
10024182,1406,1906,1879,0.2491,-0.0125,1.1238,-3.817,-1.495,-2.464
10024192,1401,1884,1902,0.2504,-0.0137,1.1246,-2.715,-1.570,-2.770
10024202,1432,1935,1879,0.2502,-0.0137,1.1226,-1.394,-1.533,-2.960
10024212,1441,1864,1955,0.2499,-0.0105,1.1212,0.060,-1.493,-3.065
10024222,1417,1905,2239,0.2513,-0.0049,1.1202,1.491,-1.535,-3.107
10024232,1444,1868,1983,0.2522,-0.0009,1.1217,2.809,-1.585,-3.159
10024242,1404,1891,1911,0.2518,0.0017,1.1230,3.714,-1.589,-3.219
10024252,1429,1883,1897,0.2517,0.0068,1.1234,4.332,-1.581,-3.232
10024262,1416,1875,1963,0.2514,0.0097,1.1227,4.508,-1.539,-3.217
10024272,1406,1880,1900,0.2520,0.0120,1.1223,4.465,-1.445,-3.140
10024282,1454,1933,1934,0.2522,0.0148,1.1211,4.225,-1.371,-2.996
10024292,1415,1885,1962,0.2528,0.0157,1.1196,3.837,-1.226,-2.817
10024302,1413,1938,1992,0.2524,0.0173,1.1176,3.411,-1.092,-2.568
10024312,1412,1873,2034,0.2508,0.0189,1.1156,2.994,-0.938,-2.250
10024322,1435,1885,2057,0.2501,0.0204,1.1144,2.562,-0.805,-1.896
10024332,1428,1867,1884,0.2499,0.0231,1.1169,2.048,-0.777,-1.537
10024342,1410,1873,2274,0.2494,0.0243,1.1186,1.346,-0.774,-1.213
10024352,1408,1907,1888,0.2496,0.0233,1.1204,0.497,-0.765,-0.950
10024362,1412,1920,1987,0.2489,0.0211,1.1212,-0.461,-0.753,-0.791
10024372,1407,1885,1877,0.2491,0.0178,1.1203,-1.389,-0.753,-0.681
10024382,1419,1886,1921,0.2482,0.0148,1.1185,-2.129,-0.703,-0.571
10024392,1471,1871,1884,0.2474,0.0126,1.1205,-2.566,-0.724,-0.446
10024402,1409,1907,1890,0.2479,0.0098,1.1206,-2.753,-0.803,-0.317
10024412,1471,1868,1872,0.2483,0.0085,1.1219,-2.759,-0.854,-0.226
10024422,1409,1936,1909,0.2489,0.0059,1.1212,-2.643,-0.898,-0.205
10024432,1571,1872,2065,0.2478,0.0043,1.1194,-2.406,-0.909,-0.216
10024442,1411,1876,2621,0.2473,0.0054,1.1177,-2.068,-0.977,-0.239
10024452,1417,1865,1890,0.2462,0.0091,1.1190,-1.693,-1.145,-0.276
10024462,1404,1920,1955,0.2457,0.0123,1.1232,-1.464,-1.395,-0.372
10024472,1517,1871,1871,0.2455,0.0137,1.1267,-1.567,-1.584,-0.620
10024482,1414,1882,1874,0.2466,0.0113,1.1274,-2.037,-1.743,-1.070
10024492,1419,1878,2313,0.2482,0.0064,1.1274,-2.733,-1.837,-1.659
10024502,1416,1918,2087,0.2496,0.0023,1.1257,-3.318,-1.875,-2.230
10024512,1446,1867,1981,0.2510,-0.0013,1.1241,-3.483,-1.886,-2.637
10024522,1427,1907,1959,0.2509,-0.0039,1.1203,-3.133,-1.856,-2.885
10024532,1415,1896,2185,0.2528,-0.0053,1.1194,-2.358,-1.834,-2.960
10024542,1421,1874,2390,0.2535,-0.0042,1.1193,-1.343,-1.795,-2.935
10024552,1670,1905,1987,0.2548,-0.0050,1.1185,-0.201,-1.692,-2.861
10024562,1417,1944,2173,0.2557,-0.0048,1.1181,0.863,-1.558,-2.743
10024572,1466,1873,2259,0.2550,0.0006,1.1196,1.884,-1.437,-2.477
10024582,1423,1880,2151,0.2542,0.0043,1.1214,2.586,-1.360,-2.130
10024592,1441,1868,2029,0.2533,0.0099,1.1205,3.042,-1.141,-1.675
10024602,1421,1873,1925,0.2522,0.0164,1.1263,3.160,-1.082,-1.128
10024612,1473,1879,1899,0.2511,0.0216,1.1281,2.907,-1.013,-0.594
10024622,1486,1962,2327,0.2506,0.0240,1.1286,2.279,-0.935,-0.159
10024632,1471,1871,1967,0.2508,0.0240,1.1312,1.408,-0.891,0.164
10024642,1419,1910,1943,0.2502,0.0230,1.1337,0.385,-0.902,0.390
10024652,1488,1894,2982,0.2498,0.0217,1.1344,-0.742,-0.834,0.499
10024662,1423,1910,1884,0.2486,0.0184,1.1369,-1.815,-0.798,0.534
10024672,1453,1874,1965,0.2490,0.0160,1.1384,-2.731,-0.762,0.574
10024682,1420,1944,1996,0.2475,0.0147,1.1380,-3.394,-0.658,0.638
10024692,1429,1880,1973,0.2458,0.0118,1.1328,-3.765,-0.468,0.660
10024702,1424,1902,1881,0.2454,0.0079,1.1320,-3.950,-0.357,0.609
10024712,1429,1873,1966,0.2454,0.0063,1.1291,-3.855,-0.320,0.499
10024722,1422,1899,1936,0.2477,0.0036,1.1259,-3.648,-0.239,0.315
10024732,1463,1868,1878,0.2498,0.0016,1.1246,-3.304,-0.206,0.090
10024742,1453,2000,2248,0.2505,0.0008,1.1215,-2.899,-0.077,-0.119
10024752,1425,1901,2280,0.2511,-0.0004,1.1166,-2.434,0.049,-0.302
10024762,1451,1869,2231,0.2515,-0.0015,1.1171,-1.962,0.108,-0.477
10024772,1486,1867,2044,0.2540,-0.0027,1.1166,-1.579,0.136,-0.640
10024782,1426,1878,2166,0.2547,-0.0026,1.1184,-1.287,0.234,-0.797
10024792,1495,1868,1870,0.2537,-0.0013,1.1172,-1.128,0.334,-0.960
10024802,1467,1942,2074,0.2526,0.0011,1.1144,-0.986,0.524,-1.115
10024812,1488,1852,2195,0.2517,0.0019,1.1130,-0.826,0.550,-1.249
10024822,1428,1925,1913,0.2494,0.0026,1.1116,-0.689,0.538,-1.352
10024832,1460,1868,2014,0.2481,0.0024,1.1121,-0.645,0.461,-1.445
10024842,1427,1897,1875,0.2476,0.0032,1.1107,-0.707,0.415,-1.515
10024852,1434,1905,2206,0.2476,0.0039,1.1095,-0.844,0.362,-1.535
10024862,1456,1881,2282,0.2468,0.0044,1.1062,-1.065,0.337,-1.524
