5295717,2130,2012,2077,0.0598,0.1578,1.1267,-1.035,-2.195,-1.847
5295727,2098,1938,2092,0.0588,0.1541,1.1273,-0.398,-2.480,-2.110
5295737,2035,1953,2082,0.0597,0.1505,1.1267,0.278,-2.785,-2.341
5295747,2016,1935,2080,0.0591,0.1489,1.1273,1.023,-3.169,-2.472
5295757,2066,1952,2091,0.0594,0.1479,1.1279,1.900,-3.486,-2.473
5295767,1975,1915,2084,0.0591,0.1471,1.1269,2.625,-3.744,-2.484
5295777,2070,2004,2088,0.0598,0.1485,1.1279,3.261,-4.066,-2.399
5295787,2075,2003,2102,0.0611,0.1493,1.1295,3.758,-4.349,-2.213
5295797,2107,2003,2092,0.0620,0.1481,1.1286,4.044,-4.630,-2.226
5295807,2136,1924,2078,0.0639,0.1472,1.1304,4.354,-4.982,-2.244
5295817,2290,2017,2124,0.0662,0.1459,1.1309,4.990,-5.323,-2.173
5295827,2081,1940,2079,0.0680,0.1442,1.1308,5.506,-5.622,-2.151
5295837,2101,2046,2127,0.0712,0.1435,1.1304,6.096,-5.838,-2.091
5295847,2052,2024,2114,0.0739,0.1461,1.1340,6.758,-5.992,-1.902
5295857,2107,2034,2140,0.0793,0.1484,1.1362,7.469,-6.026,-1.629
5295867,2026,1935,2092,0.0820,0.1469,1.1358,7.947,-5.900,-1.576
5295877,2156,2007,2101,0.0848,0.1508,1.1356,8.280,-5.767,-1.425
5295887,2020,1933,2088,0.0868,0.1550,1.1374,8.560,-5.519,-1.078
5295897,2095,2031,2115,0.0886,0.1569,1.1360,8.819,-5.101,-0.896
5295907,1967,1980,2086,0.0868,0.1599,1.1380,9.042,-4.792,-0.777
5295917,2152,1995,2118,0.0870,0.1642,1.1418,9.049,-4.519,-0.564
5295927,2063,1931,2086,0.0875,0.1679,1.1417,9.062,-4.020,-0.306
5295937,2319,2076,2117,0.0871,0.1716,1.1415,8.823,-3.436,-0.025
5295947,2073,2005,2082,0.0844,0.1787,1.1417,8.312,-2.950,0.297
5295957,2030,2035,2133,0.0852,0.1855,1.1381,7.703,-2.442,0.689
5295967,2062,1946,2086,0.0830,0.1887,1.1385,6.790,-2.007,0.776
5295977,1979,1928,2075,0.0817,0.1916,1.1407,5.777,-1.725,0.669
5295987,2121,1910,2088,0.0820,0.1917,1.1373,4.865,-1.323,0.486
5295997,2092,2035,2101,0.0818,0.1940,1.1399,3.849,-1.075,0.307
5296007,2091,1942,2085,0.0813,0.1942,1.1430,2.820,-0.906,0.124
5296017,2048,1986,2103,0.0805,0.1913,1.1428,1.869,-0.546,-0.226
5296027,2061,2035,2096,0.0792,0.1889,1.1436,0.825,-0.252,-0.583
5296037,2161,2090,2106,0.0784,0.1866,1.1469,-0.227,-0.051,-0.730
5296047,2082,2089,2094,0.0784,0.1855,1.1457,-1.183,0.372,-0.636
5296057,2048,2043,2097,0.0794,0.1864,1.1477,-2.186,0.730,-0.468
5296067,2087,1992,2110,0.0790,0.1855,1.1496,-3.298,1.040,-0.308
5296077,2064,2008,2099,0.0800,0.1865,1.1521,-4.363,1.472,-0.183
5296087,2078,2001,2090,0.0820,0.1840,1.1558,-5.576,1.852,-0.103
5296097,2230,2029,2120,0.0821,0.1795,1.1535,-7.199,2.313,-0.304
5296107,1960,1957,2080,0.0829,0.1788,1.1601,-8.924,2.621,-0.311
5296117,2054,1993,2101,0.0845,0.1730,1.1572,-10.928,3.042,-0.312
5296127,2068,1982,2117,0.0827,0.1682,1.1563,-12.869,3.418,-0.426
5296137,2102,2025,2107,0.0825,0.1625,1.1585,-14.840,3.654,-0.074
5296147,1988,1879,2070,0.0817,0.1566,1.1540,-16.809,3.952,0.338
5296157,2095,1962,2116,0.0849,0.1528,1.1481,-18.751,4.127,0.956
5296167,2003,1923,2080,0.0832,0.1520,1.1437,-20.889,4.243,1.448
5296177,2105,2056,2113,0.0817,0.1544,1.1466,-22.835,4.170,2.026
5296187,2088,1940,2070,0.0786,0.1522,1.1440,-24.803,4.077,2.201
5296197,2086,2062,2114,0.0777,0.1488,1.1427,-26.623,3.894,1.932
5296207,2030,1958,2089,0.0804,0.1420,1.1478,-28.576,3.555,1.664
5296217,2051,1971,2089,0.0834,0.1322,1.1503,-30.416,3.491,1.238
5296227,2062,1963,2095,0.0869,0.1205,1.1567,-32.110,3.610,0.838
5296237,2026,2054,2108,0.0886,0.1078,1.1562,-33.921,3.969,0.637
5296247,2173,1929,2100,0.0925,0.1039,1.1585,-35.144,4.624,0.933
5296257,2013,1939,2072,0.0933,0.1013,1.1611,-36.456,5.290,1.405
5296267,2095,2280,2158,0.0906,0.0949,1.1611,-37.717,5.847,1.264
5296277,2217,2332,2191,0.0884,0.0865,1.1573,-39.079,6.415,1.056
5296287,2035,2139,2110,0.0833,0.0826,1.1458,-40.443,6.859,0.932
5296297,2052,1922,2077,0.0867,0.0850,1.1465,-41.852,7.217,1.221
5296307,1960,1976,2093,0.0908,0.0793,1.1531,-43.663,7.369,0.898
5296317,1963,1961,2105,0.0960,0.0659,1.1664,-45.359,7.819,-0.096
5296327,2037,1983,2072,0.1118,0.0507,1.1903,-47.111,8.684,-0.349
5296337,2204,1902,2068,0.1203,0.0287,1.2260,-49.703,10.270,-0.124
5296347,1959,2002,2118,0.1240,0.0020,1.2422,-53.217,12.746,0.764
5296357,2332,2154,2129,0.1224,-0.0165,1.2537,-58.517,15.723,2.968
5296367,1955,2257,2090,0.1164,-0.0243,1.2632,-65.660,18.366,6.323
5296377,1997,1996,2162,0.1094,-0.0327,1.2692,-74.580,20.637,10.231
5296387,1961,2103,2068,0.0959,-0.0496,1.2632,-85.450,22.717,14.181
5296397,2122,2063,2123,0.0862,-0.0632,1.2552,-97.093,24.149,18.362
5296407,2089,1726,2098,0.0740,-0.0798,1.2462,-109.405,25.248,22.727
5296417,2001,1895,2105,0.0666,-0.0939,1.2444,-121.438,25.930,27.256
5296427,2161,2032,2101,0.0615,-0.1189,1.2427,-131.940,26.586,31.705
5296437,1966,2360,2235,0.0590,-0.1585,1.2419,-140.483,27.414,35.872
5296447,1965,2203,2151,0.0559,-0.2034,1.2388,-147.082,28.597,39.886
5296457,2039,2022,2204,0.0548,-0.2497,1.2465,-152.357,29.873,43.873
5296467,2144,2031,2138,0.0493,-0.2981,1.2586,-155.757,31.062,47.422
5296477,2079,1986,2262,0.0451,-0.3449,1.2680,-157.181,33.060,50.920
5296487,2152,1873,2173,0.0456,-0.3922,1.2741,-156.574,35.650,54.041
5296497,2399,1997,2205,0.0467,-0.4318,1.2660,-153.534,39.015,56.629
5296507,2210,2073,2088,0.0418,-0.4619,1.2552,-147.552,42.754,58.857
5296517,1988,1932,2180,0.0432,-0.5025,1.2496,-139.090,46.353,60.617
5296527,2256,1844,2120,0.0396,-0.5436,1.2490,-128.476,49.963,61.793
5296537,2108,2078,2179,0.0263,-0.5779,1.2435,-116.553,53.806,63.392
5296547,2005,2113,2144,0.0175,-0.6072,1.2422,-104.253,57.932,66.112
5296557,2035,2172,2200,0.0079,-0.6322,1.2426,-91.840,62.358,69.502
5296567,2362,1855,2066,-0.0051,-0.6464,1.2337,-80.139,66.975,73.014
5296577,2114,1960,2147,-0.0214,-0.6470,1.2134,-68.833,71.623,76.687
5296587,2092,1828,2073,-0.0386,-0.6405,1.1969,-58.172,76.003,80.665
5296597,2056,1970,2158,-0.0561,-0.6312,1.1882,-48.323,79.838,84.739
5296607,2108,2086,2154,-0.0717,-0.6215,1.1754,-39.347,83.576,88.796
5296617,2044,2044,2143,-0.0885,-0.6059,1.1596,-31.546,87.270,92.803
5296627,2006,2082,2157,-0.1067,-0.5825,1.1402,-24.995,90.808,96.686
5296637,2137,1978,2144,-0.1274,-0.5583,1.1184,-19.734,94.082,100.144
5296647,2032,1836,2143,-0.1460,-0.5354,1.1002,-15.637,96.780,103.091
5296657,2064,2053,2176,-0.1677,-0.5132,1.0789,-12.575,99.123,105.637
5296667,1996,1942,2096,-0.1903,-0.4925,1.0558,-10.438,101.070,107.848
5296677,2095,1945,2148,-0.2162,-0.4649,1.0319,-9.215,102.445,109.942
5296687,2104,1773,2091,-0.2411,-0.4346,1.0118,-8.613,103.359,112.057
5296697,2017,1984,2133,-0.2660,-0.4029,0.9894,-8.514,103.953,114.081
5296707,2232,1916,2161,-0.2887,-0.3742,0.9649,-8.613,104.553,115.848
5296717,1964,2046,2160,-0.3079,-0.3514,0.9383,-9.233,104.989,117.183
5296727,2104,1957,2151,-0.3263,-0.3287,0.9158,-10.422,104.895,117.982
5296737,2057,1829,2158,-0.3442,-0.2990,0.8941,-11.931,104.495,118.727
5296747,2119,1731,2077,-0.3629,-0.2668,0.8640,-13.071,104.059,119.251
5296757,2138,1932,2131,-0.3855,-0.2370,0.8414,-13.612,103.221,119.091
5296767,2477,1607,2076,-0.4080,-0.2115,0.8219,-13.510,101.934,118.078
5296777,2357,1904,2107,-0.4346,-0.1895,0.8018,-12.606,100.660,116.335
5296787,2122,1855,2259,-0.4589,-0.1712,0.7761,-10.872,99.435,114.005
5296797,2262,1908,2101,-0.4820,-0.1591,0.7551,-8.351,97.870,111.014
5296807,2549,1618,2065,-0.5074,-0.1495,0.7411,-4.899,95.902,107.380
5296817,2000,1692,2090,-0.5376,-0.1365,0.7202,-0.062,94.134,103.543
5296827,2219,1648,2067,-0.5686,-0.1251,0.6858,6.756,92.765,99.458
5296837,2157,1916,2154,-0.5974,-0.1157,0.6563,15.608,91.336,94.674
5296847,1980,1825,2101,-0.6189,-0.1165,0.6317,26.739,89.889,89.069
5296857,2044,1739,2379,-0.6440,-0.1218,0.6080,40.139,88.674,82.685
5296867,2312,1855,2063,-0.6659,-0.1296,0.5862,55.759,87.982,76.333
5296877,2606,1968,2064,-0.6868,-0.1360,0.5624,73.598,88.033,70.724
5296887,2358,1842,2066,-0.7081,-0.1353,0.5537,93.270,88.259,66.060
5296897,2002,1837,2136,-0.7271,-0.1160,0.5523,113.912,88.641,63.000
5296907,3119,1586,2081,-0.7436,-0.0890,0.5364,134.727,89.694,60.744
5296917,1980,1989,2147,-0.7617,-0.0637,0.5164,154.686,90.929,57.834
5296927,2127,1901,2201,-0.7772,-0.0398,0.5023,172.938,91.480,53.804
5296937,2186,1923,2101,-0.8041,-0.0158,0.4834,188.154,91.150,48.371
5296947,2235,1658,2329,-0.8133,-0.0002,0.4535,200.326,90.925,42.221
5296957,1956,1647,2300,-0.8130,-0.0097,0.4324,210.064,90.059,35.436
5296967,2155,1878,2653,-0.8069,-0.0389,0.4222,217.855,87.346,28.139
5296977,1988,1939,2124,-0.8075,-0.0561,0.4016,224.087,84.387,23.129
5296987,2367,1981,2083,-0.8013,-0.0479,0.3544,229.073,82.304,22.132
5296997,2460,1942,2234,-0.7975,-0.0210,0.3117,233.062,79.722,23.428
5297007,3861,1725,2201,-0.7903,0.0141,0.2739,236.253,75.610,25.713
5297017,2469,1915,2144,-0.7835,0.0493,0.2416,235.758,70.050,28.475
5297027,2252,1965,2234,-0.7738,0.0817,0.2103,231.188,63.525,31.921
5297037,2081,1737,2216,-0.7692,0.1093,0.1748,222.733,56.172,35.776
5297047,2401,1874,2279,-0.7572,0.1339,0.1315,210.452,48.076,40.407
5297057,2338,1840,2065,-0.7511,0.1632,0.0937,195.177,38.835,45.926
5297067,3116,1585,2062,-0.7425,0.2121,0.0665,178.305,28.383,52.664
5297077,2184,1633,2237,-0.7384,0.2700,0.0456,161.215,17.332,60.013
5297087,2792,1700,2522,-0.7463,0.3378,0.0162,144.038,5.892,66.152
5297097,2233,1720,2107,-0.7565,0.4016,-0.0206,127.681,-5.726,70.037
5297107,2760,1806,2137,-0.7696,0.4523,-0.0662,112.399,-17.779,71.062
5297117,2111,1779,2152,-0.7973,0.4943,-0.1043,97.983,-31.265,69.304
5297127,2070,1769,2091,-0.8185,0.5330,-0.1210,84.775,-46.703,66.218
5297137,2296,1832,2117,-0.8277,0.5635,-0.1179,73.128,-63.442,62.388
5297147,2171,1669,2217,-0.8251,0.5723,-0.1002,62.993,-80.688,57.149
5297157,1986,1592,2295,-0.8100,0.5722,-0.0657,53.958,-97.642,51.432
5297167,2105,1981,2085,-0.7846,0.5840,-0.0038,45.612,-113.744,47.039
5297177,2815,2049,2180,-0.7411,0.6044,0.0927,37.157,-128.763,44.326
5297187,2146,1844,2295,-0.6867,0.6206,0.2375,27.525,-142.784,42.129
5297197,2307,1757,2478,-0.6220,0.6361,0.4256,16.012,-155.183,39.975
5297207,2380,1849,2109,-0.5614,0.6531,0.5663,3.245,-162.801,38.027
5297217,2108,1794,2837,-0.5044,0.6667,0.6585,-9.118,-164.730,35.842
5297227,4095,1953,2066,-0.4355,0.6765,0.7855,-23.687,-164.568,33.725
5297237,1836,1683,2097,-0.3821,0.6625,0.8876,-39.592,-162.676,29.862
5297247,2464,1782,2228,-0.3398,0.6281,0.9739,-53.896,-157.377,25.620
5297257,2000,1716,2133,-0.3100,0.5718,1.0895,-67.133,-150.670,21.856
5297267,1762,1961,2134,-0.2986,0.5106,1.1873,-77.896,-141.809,19.148
5297277,2342,2180,2326,-0.3024,0.4586,1.2561,-85.039,-130.959,17.626
5297287,2260,1670,2092,-0.3190,0.4113,1.2983,-89.508,-118.968,16.343
5297297,1796,2005,2215,-0.3422,0.3660,1.3105,-91.017,-106.268,14.541
5297307,1966,2053,2316,-0.3695,0.3229,1.3161,-89.615,-93.707,12.196
5297317,1918,2016,2111,-0.4028,0.2937,1.3082,-84.895,-81.544,9.745
5297327,2289,2067,2062,-0.4365,0.2721,1.2890,-77.068,-69.776,7.383
5297337,1787,1851,2290,-0.4634,0.2593,1.2706,-67.232,-58.833,5.396
5297347,1952,1973,2439,-0.4828,0.2525,1.2487,-55.594,-48.472,3.834
5297357,2092,2058,2601,-0.4970,0.2489,1.2377,-43.214,-38.990,2.573
5297367,1754,1922,2508,-0.5072,0.2414,1.2186,-31.032,-30.366,1.635
5297377,2510,2057,2191,-0.5165,0.2401,1.1848,-19.502,-22.371,0.976
5297387,2507,1863,2131,-0.5251,0.2442,1.1544,-9.169,-15.716,0.444
5297397,1747,1776,2149,-0.5337,0.2530,1.1255,-0.430,-10.310,0.184
5297407,2261,2073,2196,-0.5398,0.2658,1.0940,6.844,-5.665,0.556
5297417,2960,2113,2056,-0.5449,0.2813,1.0728,12.644,-1.795,1.326
5297427,2053,2091,2204,-0.5472,0.3009,1.0491,17.129,1.493,2.396
5297437,2242,1965,2092,-0.5465,0.3247,1.0211,20.552,4.397,3.529
5297447,1821,2000,2083,-0.5440,0.3425,1.0059,22.405,6.619,4.424
5297457,1881,2061,2248,-0.5403,0.3529,0.9985,22.444,8.090,5.042
5297467,1963,1767,2107,-0.5389,0.3672,0.9835,20.398,9.622,5.816
5297477,2905,2179,2256,-0.5356,0.3769,0.9741,17.641,10.817,6.462
5297487,2489,2066,2073,-0.5305,0.3800,0.9691,14.314,11.714,6.946
5297497,2323,1822,2063,-0.5246,0.3802,0.9654,10.788,12.657,7.345
5297507,1804,1690,2267,-0.5191,0.3799,0.9604,7.409,13.710,7.663
5297517,2644,2021,2074,-0.5140,0.3775,0.9529,4.569,14.920,7.814
5297527,2315,1891,2077,-0.5106,0.3711,0.9475,2.234,16.160,7.829
5297537,1800,1933,2067,-0.5084,0.3670,0.9439,0.548,17.362,7.811
5297547,2572,1750,2241,-0.5060,0.3610,0.9381,-0.206,18.718,7.807
5297557,2686,1849,2112,-0.5044,0.3541,0.9368,-0.455,20.060,7.744
5297567,2037,1889,2297,-0.5049,0.3502,0.9298,-0.315,21.378,7.611
5297577,1783,1786,2115,-0.5071,0.3500,0.9166,0.588,22.983,7.430
5297587,1767,1827,2151,-0.5096,0.3505,0.9184,1.543,24.323,7.174
5297597,1906,1599,2063,-0.5129,0.3531,0.9177,2.543,25.518,6.924
5297607,1997,1720,2142,-0.5172,0.3538,0.9061,3.979,27.074,6.683
5297617,1815,1761,2090,-0.5221,0.3553,0.9010,4.711,28.308,6.395
5297627,2753,1594,2056,-0.5279,0.3584,0.8939,4.914,29.330,6.130
5297637,1726,1844,2219,-0.5347,0.3645,0.8811,5.223,30.435,5.995
5297647,2705,2046,2215,-0.5425,0.3683,0.8710,5.293,31.354,5.896
5297657,2648,1937,2190,-0.5499,0.3687,0.8652,4.952,31.965,5.773
5297667,1954,1761,2140,-0.5586,0.3671,0.8542,4.312,32.427,5.665
5297677,2218,1817,2070,-0.5695,0.3643,0.8388,3.740,32.871,5.553
5297687,2191,1857,2195,-0.5792,0.3649,0.8308,3.268,32.958,5.585
5297697,1870,1781,2182,-0.5862,0.3696,0.8196,3.134,32.823,5.837
5297707,1725,1664,2087,-0.5917,0.3742,0.8080,3.338,32.683,6.061
5297717,2620,2124,2075,-0.5978,0.3822,0.8045,3.458,32.262,6.169
5297727,3324,1598,2189,-0.6059,0.3901,0.7992,3.604,31.796,6.133
5297737,1723,1832,2169,-0.6147,0.3949,0.7904,3.732,31.362,5.920
5297747,1798,1735,2153,-0.6212,0.3949,0.7828,3.555,30.736,5.538
5297757,2011,2083,2083,-0.6262,0.3970,0.7774,3.225,29.972,5.092
5297767,1722,1845,2321,-0.6299,0.4037,0.7755,2.992,29.097,4.725
5297777,1902,1918,2074,-0.6335,0.4064,0.7703,2.820,28.297,4.314
5297787,2844,1641,2154,-0.6375,0.4066,0.7672,2.500,27.505,3.783
5297797,1800,1810,2085,-0.6405,0.4110,0.7649,2.031,26.538,3.218
5297807,2223,1717,2067,-0.6433,0.4152,0.7551,1.724,25.710,2.576
5297817,1786,1714,2268,-0.6459,0.4159,0.7499,1.364,24.753,1.800
5297827,2010,1668,2166,-0.6483,0.4158,0.7476,0.886,23.537,0.916
5297837,2193,1881,2099,-0.6510,0.4150,0.7418,0.399,22.385,-0.040
5297847,2293,1675,2056,-0.6541,0.4154,0.7396,-0.177,21.114,-0.949
5297857,2083,2044,2087,-0.6575,0.4172,0.7361,-0.666,19.890,-1.691
5297867,1739,1735,2098,-0.6608,0.4229,0.7315,-0.883,18.823,-2.354
5297877,1783,1917,2124,-0.6650,0.4274,0.7244,-0.906,17.789,-3.111
5297887,2062,1833,2064,-0.6668,0.4294,0.7215,-0.972,16.608,-4.004
5297897,2239,1912,2102,-0.6686,0.4302,0.7238,-1.173,15.207,-5.123
5297907,1728,1644,2165,-0.6683,0.4312,0.7251,-1.436,13.847,-6.190
5297917,1711,1952,2070,-0.6669,0.4278,0.7232,-1.640,12.761,-7.168
5297927,1880,2011,2079,-0.6688,0.4216,0.7254,-2.038,11.606,-8.328
5297937,3118,1920,2096,-0.6719,0.4164,0.7264,-2.586,10.378,-9.353
5297947,1872,1826,2060,-0.6735,0.4144,0.7235,-2.988,9.374,-9.848
5297957,1676,1964,2094,-0.6753,0.4114,0.7216,-3.367,8.411,-10.166
5297967,1978,1764,2065,-0.6771,0.4037,0.7245,-3.851,7.251,-10.750
5297977,1899,1839,2057,-0.6781,0.3921,0.7306,-4.387,5.960,-11.447
5297987,1849,1852,2123,-0.6785,0.3813,0.7328,-4.787,4.781,-11.907
5297997,2195,1806,2061,-0.6789,0.3734,0.7308,-4.929,3.905,-11.985
5298007,2141,1644,2127,-0.6752,0.3692,0.7369,-4.896,2.999,-11.762
5298017,1730,1700,2060,-0.6725,0.3646,0.7491,-4.820,2.046,-11.591
5298027,2072,1767,2315,-0.6731,0.3595,0.7541,-4.654,1.417,-11.617
5298037,1731,1855,2142,-0.6731,0.3543,0.7542,-4.393,1.141,-11.578
5298047,2033,1928,2159,-0.6760,0.3491,0.7533,-4.151,0.855,-11.530
5298057,1716,1805,2144,-0.6769,0.3474,0.7545,-3.768,0.576,-11.388
5298067,1849,1937,2083,-0.6746,0.3473,0.7603,-3.208,0.323,-11.120
5298077,1671,1765,2072,-0.6729,0.3459,0.7683,-2.624,0.158,-11.156
5298087,1668,1851,2217,-0.6709,0.3462,0.7762,-2.059,0.274,-11.317
5298097,2482,1812,2059,-0.6692,0.3457,0.7874,-1.740,0.499,-11.527
5298107,1931,1853,2078,-0.6716,0.3409,0.7914,-1.642,0.986,-11.972
5298117,1755,1954,2065,-0.6736,0.3335,0.7900,-1.688,1.628,-12.416
5298127,1782,1837,2059,-0.6769,0.3237,0.7899,-2.005,2.170,-12.784
5298137,1914,1902,2113,-0.6808,0.3183,0.7910,-2.387,2.569,-12.932
5298147,1858,1712,2157,-0.6816,0.3165,0.7890,-2.573,3.082,-12.616
5298157,1900,1637,2412,-0.6830,0.3130,0.7842,-2.636,3.681,-12.175
5298167,2141,1724,2062,-0.6855,0.3068,0.7846,-2.853,3.980,-11.992
5298177,2178,1887,2152,-0.6895,0.2984,0.7836,-3.076,4.204,-11.897
5298187,2008,1980,2053,-0.6924,0.2928,0.7796,-3.151,4.546,-11.484
5298197,3041,1945,2045,-0.6937,0.2870,0.7761,-3.003,4.826,-10.736
5298207,1707,1856,2120,-0.6972,0.2844,0.7749,-2.715,4.968,-9.938
5298217,2035,1984,2383,-0.6982,0.2870,0.7727,-2.215,5.003,-8.984
5298227,2376,1681,2067,-0.6989,0.2896,0.7674,-1.529,5.122,-7.903
5298237,2213,1764,2322,-0.7003,0.2902,0.7684,-1.087,4.998,-7.080
5298247,1834,1772,2358,-0.7027,0.2883,0.7668,-1.034,4.655,-6.463
5298257,2643,1735,2242,-0.7061,0.2834,0.7583,-1.175,4.448,-5.791
5298267,1808,1842,2045,-0.7102,0.2767,0.7502,-1.546,4.074,-5.053
5298277,1949,1749,2050,-0.7126,0.2754,0.7481,-1.849,3.421,-4.168
5298287,1962,1786,2149,-0.7134,0.2778,0.7427,-1.722,2.905,-2.980
5298297,1857,1820,2118,-0.7130,0.2848,0.7407,-1.291,2.465,-1.740
5298307,1761,1827,2097,-0.7120,0.2913,0.7444,-0.816,1.789,-0.857
5298317,1734,1735,2272,-0.7115,0.2975,0.7455,-0.260,1.196,-0.384
5298327,1703,1900,2108,-0.7099,0.3004,0.7471,0.282,0.773,-0.175
5298337,2557,1907,2048,-0.7083,0.3037,0.7498,0.655,0.291,-0.092
5298347,2470,1719,2266,-0.7066,0.3044,0.7507,0.939,-0.157,-0.114
5298357,1675,1841,2050,-0.7072,0.3020,0.7486,1.121,-0.499,-0.237
5298367,2576,1830,2098,-0.7065,0.3002,0.7495,1.079,-0.868,-0.326
5298377,2175,1930,2173,-0.7028,0.3024,0.7564,0.953,-1.269,-0.156
5298387,1855,1841,2120,-0.6995,0.3064,0.7638,0.771,-1.566,0.192
5298397,1936,1668,2087,-0.6972,0.3096,0.7632,0.467,-1.531,0.358
5298407,1806,1727,2155,-0.6946,0.3088,0.7656,-0.052,-1.434,0.191
5298417,1699,1791,2348,-0.6952,0.3061,0.7730,-0.818,-1.548,-0.149
5298427,2342,1808,2091,-0.6954,0.3042,0.7718,-1.424,-1.455,-0.373
5298437,1688,1706,2218,-0.6945,0.3014,0.7692,-1.832,-1.184,-0.354
5298447,1928,1756,2155,-0.6954,0.2981,0.7714,-2.291,-1.185,-0.333
5298457,1780,1791,2099,-0.6971,0.2949,0.7721,-2.648,-1.209,-0.322
5298467,1843,1801,2080,-0.6989,0.2917,0.7706,-2.747,-1.057,-0.144
5298477,1979,1998,2187,-0.6997,0.2895,0.7708,-2.663,-0.974,0.120
5298487,1856,1783,2153,-0.7018,0.2860,0.7701,-2.391,-0.918,0.301
5298497,1940,1648,2128,-0.7030,0.2865,0.7736,-2.023,-0.953,0.579
5298507,1793,1799,2144,-0.7034,0.2902,0.7768,-1.432,-0.898,1.077
5298517,1719,1843,2081,-0.7047,0.2932,0.7793,-0.615,-0.618,1.511
5298527,1846,1638,2205,-0.7074,0.2960,0.7790,0.160,-0.358,1.694
5298537,2570,1788,2207,-0.7104,0.2983,0.7767,0.985,-0.054,1.773
5298547,2487,2000,2103,-0.7120,0.3014,0.7774,1.756,0.120,1.845
5298557,1764,1775,2043,-0.7128,0.3053,0.7781,2.385,0.209,1.880
5298567,1816,1788,2490,-0.7129,0.3083,0.7781,2.913,0.334,1.864
5298577,1728,1775,2119,-0.7131,0.3090,0.7788,3.283,0.436,1.750
5298587,1998,1784,2103,-0.7140,0.3102,0.7835,3.467,0.497,1.566
5298597,2313,1646,2133,-0.7162,0.3150,0.7861,3.480,0.610,1.504
5298607,1738,1789,2067,-0.7162,0.3214,0.7830,3.374,0.928,1.644
5298617,1929,1731,2047,-0.7159,0.3243,0.7818,2.988,1.162,1.604
5298627,1774,1833,2118,-0.7176,0.3196,0.7836,2.226,1.072,1.124
5298637,1695,1782,2167,-0.7194,0.3137,0.7839,1.321,0.977,0.664
5298647,1749,1766,2041,-0.7170,0.3100,0.7847,0.414,1.029,0.607
5298657,1826,1805,2089,-0.7155,0.3107,0.7855,-0.363,1.122,0.805
5298667,1757,1648,2194,-0.7156,0.3135,0.7842,-0.794,1.399,1.129
5298677,1882,1890,2106,-0.7156,0.3141,0.7819,-1.044,1.725,1.267
5298687,1673,1836,2059,-0.7166,0.3126,0.7853,-1.278,1.850,1.056
5298697,1993,1807,2038,-0.7165,0.3130,0.7878,-1.329,2.048,0.889
5298707,1731,1811,2049,-0.7160,0.3134,0.7822,-1.031,2.582,0.860
5298717,2870,1783,2042,-0.7166,0.3123,0.7814,-0.588,3.044,0.741
5298727,1710,1866,2039,-0.7175,0.3118,0.7864,-0.105,3.307,0.505
5298737,1769,1792,2039,-0.7182,0.3130,0.7866,0.496,3.748,0.365
5298747,1835,1743,2040,-0.7180,0.3159,0.7831,1.002,4.345,0.386
5298757,1772,1848,2100,-0.7180,0.3192,0.7827,1.154,4.791,0.287
5298767,1695,1782,2040,-0.7213,0.3221,0.7842,0.910,5.075,-0.012
5298777,1808,1702,2059,-0.7242,0.3288,0.7858,0.475,5.441,-0.195
5298787,1757,1778,2077,-0.7255,0.3383,0.7875,-0.366,5.818,-0.131
5298797,1675,1822,2039,-0.7273,0.3444,0.7794,-1.887,6.149,-0.176
5298807,2153,1836,2067,-0.7323,0.3362,0.7621,-4.028,6.261,-0.668
5298817,1795,1823,2037,-0.7337,0.3217,0.7600,-7.429,5.621,-1.394
5298827,1794,1847,2040,-0.7331,0.3144,0.7786,-11.810,4.175,-1.681
5298837,1802,1805,2050,-0.7355,0.3179,0.7796,-15.777,3.528,-0.790
5298847,1691,1792,2065,-0.7264,0.3220,0.7736,-19.286,3.836,0.845
5298857,2204,1881,2044,-0.7227,0.3099,0.7898,-23.592,3.496,1.538
5298867,1717,1770,2067,-0.7264,0.2863,0.8058,-28.220,2.860,0.941
5298877,1884,1888,2037,-0.7254,0.2772,0.8028,-31.704,3.379,1.533
5298887,1735,1748,2043,-0.7188,0.2784,0.7891,-33.740,4.730,3.447
5298897,1766,1794,2041,-0.7130,0.2746,0.7792,-34.836,5.630,4.766
5298907,1732,1754,2064,-0.7089,0.2714,0.7829,-35.569,5.807,5.247
5298917,1778,1808,2043,-0.7065,0.2814,0.7888,-36.090,6.095,5.861
5298927,1686,1822,2067,-0.7005,0.2971,0.7995,-37.148,6.662,6.676
5298937,1777,1789,2047,-0.6968,0.3086,0.8101,-39.879,7.130,6.630
5298947,1813,1778,2056,-0.6955,0.3139,0.8124,-44.527,7.687,5.766
5298957,1777,1752,2037,-0.6936,0.3165,0.8161,-51.084,8.073,4.887
5298967,1721,1844,2068,-0.6931,0.3134,0.8235,-59.372,8.085,4.152
5298977,1707,1743,2038,-0.6933,0.3044,0.8212,-68.707,8.108,3.727
5298987,1803,1794,2040,-0.6932,0.2934,0.8064,-78.680,8.266,4.051
5298997,1707,1758,2035,-0.6925,0.2788,0.7914,-89.182,8.166,4.819
5299007,1765,1965,2033,-0.6907,0.2687,0.7845,-99.792,7.626,5.980
5299017,1839,1775,2034,-0.6845,0.2588,0.7803,-110.060,6.808,7.316
5299027,1757,1900,2047,-0.6831,0.2467,0.7666,-119.469,6.080,8.339
5299037,1705,1738,2043,-0.6793,0.2355,0.7443,-127.634,5.456,9.353
5299047,1773,1935,2054,-0.6775,0.2261,0.7244,-134.445,4.534,10.233
5299057,1811,1963,2096,-0.6767,0.2131,0.7050,-139.917,3.186,10.624
5299067,1680,1872,2035,-0.6758,0.1928,0.6854,-143.938,1.335,10.497
5299077,1883,1962,2067,-0.6726,0.1630,0.6693,-146.555,-1.235,9.817
5299087,1695,1742,2035,-0.6699,0.1321,0.6609,-147.578,-4.419,8.795
5299097,1934,1842,2037,-0.6647,0.1076,0.6591,-146.597,-7.613,8.151
5299107,1693,1815,2037,-0.6633,0.0815,0.6444,-140.917,-10.573,6.919
5299117,1696,1783,2060,-0.6598,0.0548,0.6289,-133.293,-13.113,5.243
5299127,1744,1790,2069,-0.6521,0.0273,0.6287,-124.337,-15.852,3.186
5299137,1749,1829,2039,-0.6466,0.0008,0.6391,-114.307,-18.622,0.762
5299147,1822,1822,2034,-0.6446,-0.0130,0.6513,-103.328,-20.986,-1.409
5299157,1744,1800,2029,-0.6449,-0.0115,0.6585,-91.516,-22.810,-2.927
5299167,1738,1821,2078,-0.6474,-0.0001,0.6662,-79.272,-24.418,-4.437
5299177,1797,1854,2034,-0.6506,0.0165,0.6828,-67.181,-26.146,-6.642
5299187,1754,1781,2033,-0.6512,0.0315,0.7007,-55.747,-27.769,-9.616
5299197,1944,1896,2035,-0.6472,0.0426,0.7076,-45.272,-28.858,-13.217
5299207,1867,1766,2035,-0.6437,0.0488,0.7110,-35.998,-29.602,-17.322
5299217,1807,1890,2032,-0.6388,0.0529,0.7176,-27.949,-30.413,-21.740
5299227,1781,1786,2044,-0.6361,0.0522,0.7225,-20.991,-31.254,-26.194
5299237,1899,1839,2044,-0.6377,0.0530,0.7297,-15.185,-32.260,-30.501
5299247,1844,1820,2049,-0.6416,0.0563,0.7341,-10.627,-33.405,-34.363
5299257,1962,1865,2032,-0.6469,0.0597,0.7377,-7.645,-34.936,-37.970
5299267,1802,1819,2038,-0.6548,0.0647,0.7449,-6.394,-37.045,-41.508
5299277,1908,1813,2035,-0.6568,0.0670,0.7517,-6.895,-39.660,-45.050
5299287,2093,1837,2080,-0.6564,0.0649,0.7566,-8.897,-42.623,-48.798
5299297,2060,1806,2042,-0.6549,0.0590,0.7629,-12.044,-45.852,-52.608
5299307,1820,1827,2039,-0.6498,0.0513,0.7637,-15.779,-49.175,-56.216
5299317,1807,1831,2036,-0.6461,0.0399,0.7469,-19.430,-52.351,-59.596
5299327,1913,1816,2127,-0.6450,0.0256,0.7207,-22.598,-55.861,-62.836
5299337,1689,1826,2031,-0.6462,0.0097,0.7038,-25.331,-60.609,-66.393
5299347,1847,1780,2065,-0.6463,-0.0142,0.6840,-26.872,-66.295,-70.581
5299357,1720,1802,2044,-0.6399,-0.0419,0.6733,-26.760,-72.828,-75.079
5299367,1850,1784,2050,-0.6214,-0.0743,0.6831,-25.248,-80.270,-79.748
5299377,1825,1810,2030,-0.5936,-0.1141,0.7277,-22.320,-88.044,-84.582
5299387,1740,1831,2031,-0.5486,-0.1501,0.7954,-18.911,-95.294,-88.805
5299397,1711,1797,2033,-0.5157,-0.1876,0.8448,-14.278,-100.179,-92.480
5299407,1872,1739,2034,-0.4993,-0.2108,0.8724,-6.211,-101.786,-94.827
5299417,1785,1759,2040,-0.4666,-0.2083,0.8883,5.726,-100.923,-94.721
5299427,1670,1700,2049,-0.4397,-0.2166,0.9090,19.723,-99.577,-94.795
5299437,2030,1849,2035,-0.4259,-0.2347,0.9284,35.073,-98.425,-96.564
5299447,1820,1768,2034,-0.4107,-0.2359,0.9319,52.007,-96.723,-97.647
5299457,1732,1885,2037,-0.3783,-0.2325,0.9264,69.439,-94.807,-97.442
5299467,2113,1722,2086,-0.3494,-0.2294,0.9398,85.213,-94.522,-97.910
5299477,1720,1849,2056,-0.3194,-0.2226,0.9591,98.787,-95.743,-98.808
5299487,1678,1734,2030,-0.2881,-0.2098,0.9762,110.351,-97.409,-98.794
5299497,2641,1765,2050,-0.2611,-0.1944,0.9881,119.549,-99.277,-97.794
5299507,1845,1800,2030,-0.2315,-0.1762,1.0177,126.124,-101.629,-95.960
5299517,1800,1838,2057,-0.1986,-0.1634,1.0556,129.608,-104.334,-93.356
5299527,1744,1800,2035,-0.1726,-0.1559,1.0867,130.427,-106.379,-90.316
5299537,1743,1852,2038,-0.1349,-0.1460,1.1198,128.444,-107.710,-86.118
5299547,2014,1762,2082,-0.1035,-0.1401,1.1549,123.375,-108.428,-81.341
5299557,1759,1853,2047,-0.0690,-0.1255,1.1914,115.659,-108.684,-76.033
5299567,1777,1720,2088,-0.0396,-0.1093,1.2179,106.117,-108.153,-70.458
5299577,2210,1877,2080,-0.0123,-0.0995,1.2352,95.814,-106.666,-65.084
5299587,1731,1761,2038,0.0125,-0.0918,1.2562,84.924,-104.886,-59.948
5299597,1680,1890,2131,0.0286,-0.0913,1.2690,74.046,-102.513,-55.169
5299607,1665,1807,2040,0.0424,-0.0952,1.2795,64.165,-99.537,-50.547
5299617,1708,1870,2051,0.0557,-0.1019,1.2954,54.655,-96.468,-46.066
5299627,1743,1845,2040,0.0661,-0.1040,1.3065,45.864,-93.049,-41.668
5299637,1768,1905,2096,0.0757,-0.1021,1.3122,38.154,-89.183,-37.355
5299647,1681,1809,2070,0.0848,-0.0947,1.3267,31.011,-85.151,-33.363
5299657,1841,2011,2102,0.0919,-0.0870,1.3276,24.702,-80.678,-29.804
5299667,1763,1755,2076,0.1022,-0.0844,1.3238,19.823,-75.759,-26.952
5299677,1673,1846,2141,0.1098,-0.0861,1.3265,15.659,-71.097,-24.744
5299687,1885,1777,2093,0.1208,-0.0865,1.3209,12.805,-66.426,-22.921
5299697,1744,1906,2112,0.1288,-0.0850,1.3190,11.180,-61.854,-21.296
5299707,1938,1838,2115,0.1319,-0.0921,1.3235,10.228,-57.626,-20.051
5299717,1751,1956,2105,0.1352,-0.1032,1.3162,10.421,-53.060,-18.967
5299727,1736,1812,2112,0.1393,-0.1034,1.3113,11.893,-48.613,-17.534
5299737,1815,1949,2138,0.1397,-0.0989,1.3079,13.927,-44.281,-15.865
5299747,1747,1829,2112,0.1385,-0.0897,1.2996,16.448,-39.939,-14.147
5299757,1815,1954,2135,0.1375,-0.0796,1.2987,18.551,-35.944,-12.418
5299767,1730,1870,2090,0.1334,-0.0682,1.2943,20.428,-32.228,-10.807
5299777,1745,1940,2137,0.1277,-0.0530,1.2873,22.341,-28.567,-9.023
5299787,1875,1844,2146,0.1220,-0.0372,1.2774,24.012,-25.211,-7.134
5299797,1893,1903,2136,0.1150,-0.0230,1.2651,25.291,-22.211,-5.544
5299807,1712,1876,2035,0.1103,-0.0078,1.2590,26.019,-19.729,-4.155
5299817,1877,1873,2095,0.1041,0.0090,1.2509,25.880,-17.666,-2.926
5299827,1701,1862,2076,0.1008,0.0304,1.2416,25.234,-15.814,-1.708
5299837,1807,1963,2102,0.0959,0.0430,1.2305,24.067,-14.188,-0.958
5299847,1810,1848,2045,0.1010,0.0552,1.2111,22.528,-12.944,-1.066
5299857,1904,1923,2034,0.1036,0.0649,1.2079,21.543,-12.009,-1.202
5299867,1680,1814,2056,0.0962,0.0507,1.1983,20.737,-11.193,-2.779
5299877,1684,1832,2078,0.0885,0.0419,1.1888,20.647,-10.585,-4.506
5299887,1788,1817,2046,0.0895,0.0535,1.1838,21.095,-9.882,-3.783
5299897,1771,1900,2030,0.0902,0.0653,1.1788,21.768,-9.108,-2.566
5299907,1728,1817,2044,0.0886,0.0676,1.1733,22.246,-8.755,-2.710
5299917,1811,1911,2071,0.0890,0.0672,1.1631,22.958,-8.204,-3.071
5299927,1735,1804,2032,0.0940,0.0751,1.1573,23.588,-7.881,-2.851
5299937,1845,1948,2058,0.0920,0.0840,1.1459,24.315,-7.415,-2.448
5299947,1679,1786,2029,0.0931,0.0923,1.1361,24.973,-7.130,-2.154
5299957,1833,1872,2027,0.0943,0.0998,1.1338,25.169,-7.446,-2.083
5299967,1774,1812,2028,0.0960,0.1050,1.1284,25.114,-7.798,-2.102
5299977,1717,1882,2107,0.0986,0.1094,1.1291,24.805,-8.284,-2.148
5299987,1734,1797,2026,0.1006,0.1111,1.1376,25.009,-9.032,-2.217
5299997,1785,1880,2065,0.1098,0.1149,1.1390,26.087,-9.186,-1.873
5300007,1762,1799,2043,0.1144,0.1146,1.1401,27.077,-9.014,-1.855
5300017,1737,1853,2039,0.1139,0.1101,1.1406,27.135,-8.998,-2.643
5300027,1744,1777,2065,0.1124,0.1097,1.1339,26.919,-8.677,-3.326
5300037,2014,1904,2081,0.1145,0.1135,1.1277,26.758,-8.262,-3.321
5300047,1763,1779,2033,0.1152,0.1119,1.1279,26.725,-8.237,-3.320
5300057,1811,1884,2048,0.1136,0.1110,1.1296,27.087,-8.483,-3.502
5300067,1728,1839,2061,0.1170,0.1150,1.1383,28.083,-8.640,-3.010
5300077,1855,1893,2067,0.1202,0.1164,1.1434,29.488,-8.561,-2.409
5300087,1743,1808,2029,0.1167,0.1161,1.1446,31.253,-8.261,-2.256
5300097,1822,1891,2022,0.1216,0.1239,1.1517,33.285,-7.976,-1.634
5300107,1713,1813,2028,0.1210,0.1286,1.1466,35.345,-7.300,-0.928
5300117,1819,1864,2065,0.1169,0.1370,1.1318,37.510,-6.420,-0.483
5300127,1748,1786,2030,0.1197,0.1564,1.1291,39.498,-6.048,0.513
5300137,1807,1872,2059,0.1196,0.1730,1.1238,41.351,-5.960,1.056
5300147,1809,1788,2023,0.1175,0.1799,1.1225,43.100,-6.025,0.557
5300157,1846,1846,2053,0.1159,0.1822,1.1280,44.172,-6.392,-0.367
5300167,1744,1779,2029,0.1168,0.1895,1.1335,44.948,-6.579,-0.504
5300177,1881,1867,2045,0.1193,0.2048,1.1341,45.456,-6.393,0.451
5300187,1741,1777,2029,0.1220,0.2306,1.1290,45.863,-5.994,1.906
5300197,1790,1857,2055,0.1237,0.2531,1.1249,46.043,-5.668,2.864
5300207,1716,1783,2024,0.1224,0.2567,1.1293,45.627,-5.869,2.192
5300217,1848,1841,2056,0.1151,0.2525,1.1164,44.291,-5.889,0.621
5300227,1738,1791,2032,0.1162,0.2640,1.1103,43.053,-5.592,0.817
5300237,1887,1889,2044,0.1189,0.2841,1.1142,41.115,-5.780,2.100
5300247,1758,1788,2021,0.1179,0.2897,1.1139,38.857,-6.128,2.154
5300257,1796,1862,2057,0.1155,0.2911,1.1094,36.168,-6.342,1.819
5300267,1728,1756,2028,0.1196,0.3026,1.1125,33.315,-6.710,2.065
5300277,1837,1859,2057,0.1271,0.3144,1.1203,30.388,-7.141,2.441
5300287,1767,1794,2026,0.1261,0.3168,1.1292,27.688,-7.190,2.268
5300297,1816,1849,2038,0.1279,0.3118,1.1316,24.854,-6.911,1.681
5300307,1757,1788,2037,0.1317,0.3085,1.1279,22.326,-6.172,1.384
5300317,1855,1875,2042,0.1405,0.3081,1.1336,19.785,-5.479,1.903
5300327,1732,1789,2027,0.1391,0.2976,1.1361,17.018,-5.014,1.782
5300337,1784,1841,2070,0.1311,0.2881,1.1257,14.393,-4.165,1.370
5300347,1756,1788,2029,0.1320,0.2955,1.1153,12.339,-3.056,2.330
5300357,1838,1857,2067,0.1324,0.3033,1.1074,10.650,-2.274,3.473
5300367,1757,1783,2033,0.1276,0.3028,1.1003,9.481,-1.887,3.433
5300377,1834,1837,2072,0.1265,0.3052,1.0960,8.966,-1.634,3.271
5300387,1754,1769,2018,0.1292,0.3077,1.0945,8.938,-1.426,3.423
5300397,1821,1833,2042,0.1311,0.3081,1.0960,9.107,-1.286,3.372
5300407,1751,1766,2025,0.1330,0.3077,1.0981,9.299,-1.152,3.233
5300417,1849,1866,2038,0.1347,0.3063,1.0998,9.453,-0.897,3.230
5300427,1726,1778,2025,0.1354,0.3065,1.1016,9.485,-0.638,3.328
5300437,1830,1848,2045,0.1359,0.3085,1.1023,9.344,-0.422,3.489
5300447,1760,1769,2026,0.1351,0.3116,1.1002,9.126,-0.132,3.643
5300457,1845,1843,2033,0.1344,0.3160,1.0978,8.889,0.133,3.785
5300467,1756,1769,2029,0.1331,0.3176,1.0959,8.459,0.241,3.739
5300477,1832,1837,2031,0.1337,0.3183,1.0894,7.954,0.284,3.534
5300487,1757,1793,2021,0.1331,0.3202,1.0893,7.730,0.267,3.595
5300497,1841,1859,2039,0.1336,0.3186,1.0872,7.152,0.093,3.619
5300507,1731,1782,2019,0.1316,0.3168,1.0867,6.769,-0.107,3.482
5300517,1839,1845,2025,0.1337,0.3260,1.0934,6.574,-0.334,4.037
5300527,1743,1799,2023,0.1357,0.3288,1.0966,6.483,-0.399,4.432
5300537,1862,1864,2029,0.1303,0.3259,1.0923,6.426,-0.275,3.948
5300547,1760,1780,2013,0.1326,0.3265,1.0890,6.248,-0.227,3.801
5300557,1856,1865,2025,0.1362,0.3295,1.0889,5.719,-0.328,3.974
5300567,1749,1781,2031,0.1413,0.3357,1.0925,5.198,-0.515,4.067
5300577,1838,1850,2019,0.1435,0.3361,1.0989,4.742,-0.601,3.847
5300587,1753,1757,2016,0.1415,0.3336,1.0919,4.518,-0.253,3.149
5300597,1913,1861,2105,0.1417,0.3330,1.0873,4.341,0.295,2.686
5300607,1758,1781,2027,0.1418,0.3310,1.0892,3.743,0.519,2.197
5300617,1856,1841,2032,0.1404,0.3274,1.0874,3.235,0.728,1.569
5300627,1748,1763,2018,0.1401,0.3268,1.0857,3.066,1.111,1.290
5300637,1849,1866,2028,0.1399,0.3268,1.0857,3.048,1.417,1.184
5300647,1763,1781,2021,0.1380,0.3243,1.0858,3.152,1.660,0.867
5300657,1835,1835,2037,0.1379,0.3201,1.0830,3.436,1.976,0.499
5300667,1772,1775,2031,0.1343,0.3166,1.0844,4.000,2.228,0.211
5300677,1825,1827,2016,0.1348,0.3183,1.0890,4.614,2.324,0.191
5300687,1751,1750,2015,0.1323,0.3185,1.0852,5.474,2.736,0.161
5300697,1835,1854,2024,0.1304,0.3218,1.0872,6.392,3.060,0.180
5300707,1759,1783,2016,0.1276,0.3226,1.0856,7.140,3.247,-0.087
5300717,1854,1856,2024,0.1276,0.3254,1.0851,7.730,3.439,-0.122
5300727,1749,1784,2014,0.1277,0.3297,1.0858,7.978,3.405,0.018
5300737,1823,1842,2028,0.1252,0.3317,1.0841,8.061,3.325,-0.015
5300747,1751,1763,2015,0.1225,0.3389,1.0829,8.061,3.199,0.106
5300757,1836,1856,2015,0.1236,0.3420,1.0783,8.045,3.075,0.420
5300767,1800,1780,2021,0.1215,0.3428,1.0727,7.738,2.892,0.419
5300777,1774,1859,2034,0.1219,0.3515,1.0809,6.992,2.238,0.614
5300787,1741,1782,2014,0.1230,0.3575,1.0841,5.973,1.721,0.949
5300797,1826,1858,2031,0.1226,0.3616,1.0819,5.383,1.583,0.955
5300807,1754,1763,2014,0.1243,0.3590,1.0877,4.870,1.297,0.849
5300817,1824,1858,2029,0.1223,0.3525,1.0850,4.237,1.062,0.415
5300827,1742,1806,2014,0.1224,0.3513,1.0828,3.674,1.042,0.314
5300837,1836,1856,2055,0.1257,0.3515,1.0852,2.939,0.877,0.527
5300847,1759,1782,2058,0.1234,0.3469,1.0836,2.358,0.762,0.232
5300857,1839,1876,2024,0.1210,0.3434,1.0809,2.213,0.786,-0.063
5300867,1753,1793,2012,0.1225,0.3439,1.0814,2.317,0.803,0.128
5300877,1831,1837,2033,0.1228,0.3439,1.0828,2.533,0.830,0.286
5300887,1745,1781,2013,0.1219,0.3442,1.0809,2.775,0.859,0.299
5300897,1819,1823,2040,0.1218,0.3459,1.0782,2.987,0.852,0.396
5300907,1725,1808,2014,0.1210,0.3469,1.0803,3.292,0.743,0.516
5300917,1828,1850,2029,0.1230,0.3504,1.0816,3.460,0.634,0.824
5300927,1755,1812,2013,0.1232,0.3517,1.0802,3.612,0.680,0.909
5300937,1837,1853,2022,0.1226,0.3530,1.0805,3.571,0.739,0.875
5300947,1756,1780,2020,0.1224,0.3534,1.0813,3.397,0.773,0.878
5300957,1837,1833,2025,0.1215,0.3521,1.0807,3.210,0.929,0.877
5300967,1745,1800,2009,0.1221,0.3518,1.0818,2.979,1.006,0.948
5300977,1831,1856,2030,0.1204,0.3516,1.0823,2.776,1.003,0.949
5300987,1741,1781,2025,0.1209,0.3518,1.0803,2.783,1.131,0.981
5300997,1816,1838,2027,0.1216,0.3526,1.0795,2.889,1.271,1.091
5301007,1763,1794,2011,0.1209,0.3533,1.0813,2.954,1.283,1.100
5301017,1854,1854,2037,0.1202,0.3550,1.0821,3.034,1.276,1.061
5301027,1730,1779,2011,0.1199,0.3560,1.0812,3.125,1.325,1.080
5301037,1820,1844,2025,0.1196,0.3567,1.0798,3.164,1.347,1.103
5301047,1767,1768,2029,0.1182,0.3570,1.0809,3.084,1.305,1.030
5301057,1852,1812,2020,0.1171,0.3587,1.0807,2.953,1.261,1.011
5301067,1744,1789,2013,0.1172,0.3602,1.0793,2.818,1.232,0.970
5301077,1841,1852,2013,0.1163,0.3602,1.0785,2.757,1.237,0.830
5301087,1745,1785,2011,0.1171,0.3606,1.0783,2.658,1.205,0.754
5301097,1841,1839,2015,0.1169,0.3602,1.0795,2.505,1.103,0.634
5301107,1753,1779,2013,0.1164,0.3585,1.0783,2.427,1.089,0.464
5301117,1843,1837,2047,0.1170,0.3594,1.0780,2.350,1.121,0.508
5301127,1754,1771,2009,0.1172,0.3602,1.0776,2.214,1.097,0.571
5301137,1840,1826,2015,0.1166,0.3595,1.0757,2.106,1.056,0.479
5301147,1742,1786,2031,0.1154,0.3597,1.0762,2.076,0.976,0.418
5301157,1838,1839,2008,0.1167,0.3601,1.0747,2.014,0.751,0.375
5301167,1773,1755,2008,0.1115,0.3613,1.0712,1.843,0.787,0.310
5301177,1838,1842,2024,0.1144,0.3671,1.0794,1.273,0.671,0.528
5301187,1736,1786,2010,0.1164,0.3653,1.0865,0.709,0.431,0.439
5301197,1828,1849,2034,0.1108,0.3585,1.0782,0.787,0.669,-0.047
5301207,1732,1771,2005,0.1110,0.3616,1.0757,1.061,0.998,0.217
5301217,1826,1830,2020,0.1124,0.3629,1.0798,0.896,0.852,0.504
5301227,1742,1770,2031,0.1103,0.3585,1.0781,0.836,0.726,0.076
5301237,1865,1840,2009,0.1114,0.3576,1.0789,1.084,0.755,-0.102
5301247,1752,1775,2020,0.1116,0.3592,1.0807,1.353,0.761,0.048
5301257,1837,1843,2017,0.1097,0.3601,1.0794,1.565,0.806,0.022
5301267,1748,1774,2011,0.1102,0.3613,1.0805,1.701,0.823,-0.030
5301277,1843,1825,2017,0.1110,0.3619,1.0813,1.729,0.836,-0.118
5301287,1748,1769,2015,0.1102,0.3613,1.0803,1.749,0.869,-0.309
5301297,1839,1844,2025,0.1099,0.3629,1.0784,1.779,0.944,-0.354
5301307,1752,1780,2021,0.1101,0.3642,1.0771,1.839,1.007,-0.263
5301317,1835,1862,2025,0.1111,0.3640,1.0769,1.841,1.001,-0.260
5301327,1721,1818,2013,0.1103,0.3639,1.0787,1.803,0.964,-0.321
5301337,1842,1853,2018,0.1103,0.3640,1.0782,1.812,0.979,-0.291
5301347,1743,1782,2006,0.1090,0.3638,1.0767,1.819,1.034,-0.194
5301357,1852,1825,2012,0.1082,0.3629,1.0753,1.767,0.990,-0.084
5301367,1745,1791,2005,0.1094,0.3640,1.0760,1.661,0.875,0.099
5301377,1812,1820,2013,0.1085,0.3643,1.0763,1.528,0.746,0.318
5301387,1757,1783,2014,0.1085,0.3657,1.0754,1.357,0.613,0.562
5301397,1842,1842,2016,0.1093,0.3669,1.0740,1.154,0.523,0.849
5301407,1744,1791,2013,0.1104,0.3663,1.0744,0.921,0.438,1.098
5301417,1834,1862,2006,0.1103,0.3655,1.0742,0.682,0.374,1.321
5301427,1739,1778,2007,0.1105,0.3651,1.0753,0.523,0.404,1.589
5301437,1838,1845,2019,0.1103,0.3641,1.0736,0.481,0.546,1.848
5301447,1746,1797,2010,0.1100,0.3629,1.0735,0.527,0.723,2.085
5301457,1837,1826,2004,0.1105,0.3615,1.0748,0.659,0.925,2.246
5301467,1737,1790,2008,0.1098,0.3593,1.0761,0.900,1.207,2.324
5301477,1850,1849,2008,0.1087,0.3573,1.0792,1.173,1.486,2.329
5301487,1744,1772,2011,0.1059,0.3557,1.0791,1.519,1.765,2.296
5301497,1847,1832,2022,0.1033,0.3562,1.0756,1.973,2.047,2.328
5301507,1751,1760,2013,0.1017,0.3583,1.0749,2.494,2.132,2.427
5301517,1854,1840,2008,0.1003,0.3612,1.0778,2.988,1.988,2.498
5301527,1755,1764,2015,0.0992,0.3641,1.0790,3.385,1.740,2.537
5301537,1866,1810,2016,0.0984,0.3660,1.0773,3.597,1.411,2.571
5301547,1771,1751,2002,0.0973,0.3697,1.0763,3.549,0.958,2.682
5301557,1853,1834,2012,0.0973,0.3751,1.0765,3.258,0.375,2.978
5301567,1753,1766,2016,0.0975,0.3785,1.0759,2.797,-0.286,3.156
5301577,1851,1804,2018,0.0984,0.3789,1.0736,2.113,-1.036,3.118
5301587,1738,1771,2008,0.1026,0.3807,1.0749,1.260,-1.870,3.158
5301597,1856,1821,2012,0.1062,0.3792,1.0762,0.253,-2.656,3.149
5301607,1747,1775,2002,0.1102,0.3761,1.0758,-0.811,-3.230,3.001
5301617,1840,1801,2013,0.1130,0.3738,1.0767,-1.853,-3.589,2.907
5301627,1744,1754,2005,0.1146,0.3706,1.0778,-2.794,-3.731,2.791
5301637,1855,1808,2005,0.1149,0.3667,1.0767,-3.430,-3.595,2.566
5301647,1760,1765,2003,0.1162,0.3628,1.0745,-3.710,-3.294,2.326
5301657,1868,1825,2027,0.1187,0.3586,1.0771,-3.664,-2.930,2.071
5301667,1740,1765,2005,0.1191,0.3545,1.0794,-3.307,-2.434,1.676
5301677,1797,1800,2009,0.1181,0.3509,1.0776,-2.697,-1.756,1.215
5301687,1774,1760,2024,0.1177,0.3504,1.0795,-1.931,-0.956,0.869
5301697,1838,1811,2015,0.1159,0.3502,1.0804,-1.063,-0.107,0.519
5301707,1742,1774,2014,0.1134,0.3510,1.0782,-0.091,0.716,0.083
5301717,1861,1822,2027,0.1116,0.3543,1.0769,0.882,1.390,-0.236
5301727,1776,1760,2005,0.1108,0.3575,1.0777,1.727,1.968,-0.504
5301737,1840,1825,2025,0.1083,0.3589,1.0770,2.476,2.498,-0.848
5301747,1762,1774,2011,0.1071,0.3617,1.0769,3.015,2.890,-1.133
5301757,1850,1821,2016,0.1052,0.3634,1.0759,3.359,3.212,-1.336
5301767,1775,1768,2002,0.1034,0.3660,1.0741,3.632,3.542,-1.449
5301777,1859,1803,2011,0.1026,0.3694,1.0721,3.843,3.754,-1.524
5301787,1803,1757,2033,0.1023,0.3700,1.0717,3.913,3.797,-1.760
5301797,1866,1826,2006,0.0995,0.3710,1.0661,3.966,3.798,-2.042
5301807,1763,1777,2002,0.0998,0.3773,1.0646,3.805,3.791,-2.050
5301817,1869,1826,2003,0.1040,0.3791,1.0671,2.791,3.355,-2.210
5301827,1769,1750,2004,0.0991,0.3832,1.0627,1.056,3.190,-2.512
5301837,1856,1844,2034,0.0996,0.4039,1.0678,-1.073,3.115,-1.894
5301847,1786,1771,1997,0.1069,0.4087,1.0835,-3.389,2.657,-1.487
5301857,1842,1834,2028,0.1005,0.3917,1.0769,-5.462,2.521,-2.586
5301867,1764,1781,2023,0.0979,0.3805,1.0683,-6.895,2.939,-3.141
5301877,1848,1810,2011,0.1032,0.3695,1.0812,-8.134,2.913,-3.040
5301887,1749,1777,2007,0.1055,0.3508,1.0943,-8.951,2.604,-3.639
5301897,1868,1823,2011,0.0998,0.3355,1.0825,-8.606,3.251,-3.912
5301907,1754,1763,2002,0.0910,0.3320,1.0675,-7.109,4.204,-3.367
5301917,1851,1812,2009,0.0878,0.3478,1.0773,-5.803,4.417,-2.286
5301927,1743,1774,2012,0.0887,0.3472,1.0892,-4.539,4.205,-1.958
5301937,1854,1825,2031,0.0743,0.3409,1.0638,-3.076,4.619,-2.623
5301947,1759,1750,2103,0.0767,0.3528,1.0707,-1.611,4.648,-1.742
5301957,1858,1824,2009,0.0838,0.3683,1.0896,-0.971,3.664,-0.181
5301967,1829,1760,2004,0.0724,0.3587,1.0781,-0.501,3.334,-0.539
5301977,1861,1815,2001,0.0696,0.3590,1.0744,-0.551,2.679,-0.870
5301987,1755,1762,2007,0.0777,0.3684,1.0870,-1.052,1.405,0.021
5301997,1863,1804,2017,0.0760,0.3624,1.0792,-1.404,0.621,0.044
5302007,1749,1776,2003,0.0749,0.3587,1.0751,-1.495,-0.004,-0.305
5302017,1851,1808,2002,0.0821,0.3625,1.0874,-1.906,-1.180,0.174
5302027,1749,1771,2000,0.0832,0.3570,1.0833,-2.236,-1.832,0.241
5302037,1856,1806,2000,0.0859,0.3524,1.0783,-2.369,-2.098,0.128
5302047,1745,1781,2048,0.0927,0.3531,1.0876,-2.747,-2.723,0.477
5302057,1848,1823,2003,0.0929,0.3473,1.0868,-2.988,-3.054,0.483
5302067,1743,1769,2011,0.0928,0.3431,1.0825,-2.885,-2.911,0.375
5302077,1851,1811,2007,0.0961,0.3435,1.0867,-2.816,-2.893,0.616
5302087,1738,1771,2003,0.0956,0.3403,1.0877,-2.675,-2.791,0.542
5302097,1853,1825,2011,0.0939,0.3392,1.0836,-2.215,-2.396,0.281
5302107,1739,1748,2005,0.0961,0.3452,1.0864,-1.718,-2.138,0.442
5302117,1859,1812,2007,0.0963,0.3481,1.0883,-1.393,-2.019,0.378
5302127,1738,1784,1999,0.0932,0.3466,1.0842,-1.053,-1.771,-0.106
5302137,1860,1821,2018,0.0949,0.3496,1.0847,-0.772,-1.630,-0.231
5302147,1745,1788,2001,0.0955,0.3530,1.0878,-0.750,-1.677,-0.152
5302157,1880,1824,2003,0.0925,0.3508,1.0854,-0.843,-1.717,-0.502
5302167,1761,1762,2000,0.0903,0.3499,1.0837,-0.935,-1.715,-0.775
5302177,1858,1819,2041,0.0917,0.3557,1.0838,-1.004,-1.708,-0.459
5302187,1743,1777,2000,0.0910,0.3553,1.0841,-1.118,-1.828,-0.351
5302197,1839,1825,2013,0.0873,0.3515,1.0849,-1.271,-2.007,-0.614
5302207,1758,1767,2000,0.0859,0.3518,1.0852,-1.354,-2.082,-0.364
