2433202,1535,1874,1691,-0.0709,-0.1747,1.1247,-1.839,-0.225,0.380
2433212,1592,1881,1726,-0.0692,-0.1748,1.1252,-1.900,-0.314,0.474
2433222,1532,1872,1640,-0.0679,-0.1739,1.1229,-1.986,-0.407,0.575
2433232,1588,1895,1631,-0.0673,-0.1733,1.1197,-1.990,-0.457,0.624
2433242,1532,1874,2194,-0.0652,-0.1733,1.1197,-1.960,-0.579,0.601
2433252,1593,1883,2640,-0.0650,-0.1729,1.1189,-1.863,-0.692,0.553
2433262,1531,1876,2554,-0.0653,-0.1721,1.1191,-1.683,-0.757,0.531
2433272,1600,1886,1625,-0.0666,-0.1710,1.1178,-1.491,-0.837,0.531
2433282,1516,1880,1816,-0.0683,-0.1695,1.1167,-1.268,-0.877,0.520
2433292,1585,1878,1712,-0.0677,-0.1687,1.1176,-1.064,-0.950,0.490
2433302,1535,1882,1880,-0.0671,-0.1690,1.1204,-0.890,-1.035,0.457
2433312,1539,1877,1683,-0.0664,-0.1699,1.1229,-0.721,-1.072,0.412
2433322,1531,1872,1825,-0.0667,-0.1718,1.1245,-0.622,-1.090,0.354
2433332,1605,1884,2748,-0.0663,-0.1744,1.1258,-0.631,-1.113,0.313
2433342,1534,1876,1974,-0.0662,-0.1757,1.1288,-0.781,-1.140,0.292
2433352,1613,1895,1855,-0.0654,-0.1752,1.1315,-0.973,-1.127,0.297
2433362,1560,1873,2290,-0.0633,-0.1746,1.1333,-1.195,-1.100,0.267
2433372,1580,1879,2183,-0.0617,-0.1743,1.1346,-1.455,-1.068,0.222
2433382,1547,1873,1717,-0.0600,-0.1726,1.1349,-1.781,-0.960,0.181
2433392,1597,1878,1637,-0.0599,-0.1714,1.1335,-2.148,-0.807,0.143
2433402,1558,1873,2075,-0.0596,-0.1704,1.1325,-2.578,-0.658,0.079
2433412,1645,1890,1748,-0.0603,-0.1686,1.1294,-3.024,-0.547,0.014
2433422,1562,1873,1625,-0.0621,-0.1678,1.1268,-3.435,-0.473,-0.074
2433432,1601,1886,1877,-0.0622,-0.1668,1.1272,-3.871,-0.458,-0.188
2433442,1537,1877,1891,-0.0623,-0.1672,1.1257,-4.418,-0.491,-0.292
2433452,1570,1876,1664,-0.0622,-0.1684,1.1254,-5.101,-0.503,-0.374
2433462,1528,1878,1670,-0.0620,-0.1702,1.1274,-5.902,-0.530,-0.434
2433472,1566,1885,1718,-0.0624,-0.1723,1.1318,-6.761,-0.565,-0.487
2433482,1535,1874,2163,-0.0643,-0.1750,1.1359,-7.665,-0.558,-0.540
2433492,1586,1879,1661,-0.0662,-0.1797,1.1418,-8.815,-0.436,-0.627
2433502,1531,1878,2100,-0.0670,-0.1864,1.1442,-9.948,-0.225,-0.721
2433512,1619,1876,1630,-0.0671,-0.1930,1.1452,-11.010,0.087,-0.743
2433522,1520,1875,1935,-0.0663,-0.1984,1.1466,-11.865,0.459,-0.673
2433532,1600,1880,2048,-0.0670,-0.2025,1.1469,-12.426,0.865,-0.556
2433542,1550,1872,1631,-0.0671,-0.2067,1.1488,-12.681,1.297,-0.440
2433552,1573,1875,1852,-0.0669,-0.2086,1.1495,-12.629,1.764,-0.356
2433562,1522,1872,1901,-0.0681,-0.2114,1.1479,-12.157,2.398,-0.379
2433572,1580,1923,1794,-0.0685,-0.2166,1.1451,-11.315,3.048,-0.475
2433582,1533,1875,1681,-0.0691,-0.2200,1.1454,-10.122,3.628,-0.541
2433592,1817,1903,1728,-0.0694,-0.2232,1.1446,-8.549,4.255,-0.568
2433602,1515,1892,1767,-0.0702,-0.2256,1.1497,-6.546,5.072,-0.633
2433612,1783,1890,1740,-0.0691,-0.2303,1.1524,-4.066,6.054,-0.831
2433622,1637,1886,1661,-0.0683,-0.2463,1.1308,-0.518,7.809,-1.412
2433632,1556,1873,1992,-0.0665,-0.2641,1.1140,4.265,9.386,-2.202
2433642,1517,1883,1761,-0.0657,-0.2813,1.0963,10.325,10.316,-2.882
2433652,1564,1880,2036,-0.0686,-0.2907,1.0748,17.872,11.169,-3.384
2433662,1529,1885,1899,-0.0679,-0.2974,1.0684,26.475,11.186,-3.487
2433672,1535,1873,1734,-0.0734,-0.2736,1.0678,35.664,10.821,-2.945
2433682,1534,1874,1711,-0.0787,-0.2493,1.0643,44.629,10.750,-2.186
2433692,1538,1888,1844,-0.0822,-0.2211,1.0768,51.836,10.243,-1.470
2433702,1551,1891,1651,-0.0849,-0.2013,1.0864,56.907,9.785,-0.837
2433712,1515,1876,1669,-0.0859,-0.1863,1.0968,59.620,9.514,-0.218
2433722,1521,1876,1636,-0.0886,-0.1704,1.1057,60.011,9.242,0.464
2433732,1596,1933,1644,-0.0923,-0.1539,1.1087,58.860,8.992,1.302
2433742,1587,1882,1966,-0.0971,-0.1358,1.1155,56.618,8.548,2.297
2433752,1721,1906,1716,-0.1014,-0.1179,1.1283,53.321,7.852,3.411
2433762,1517,1908,2212,-0.1055,-0.0960,1.1405,49.040,7.213,4.532
2433772,1529,1877,1651,-0.1065,-0.0750,1.1517,43.960,6.681,5.524
2433782,1626,1924,2026,-0.1063,-0.0572,1.1614,38.418,6.307,6.214
2433792,1529,1895,1711,-0.1030,-0.0430,1.1694,32.723,6.129,6.515
2433802,1564,1902,1639,-0.0983,-0.0354,1.1763,27.207,6.091,6.478
2433812,1517,1961,1737,-0.0938,-0.0299,1.1794,22.201,6.307,6.229
2433822,1598,1875,1648,-0.0896,-0.0244,1.1845,17.820,6.589,5.849
2433832,1659,1892,1914,-0.0873,-0.0219,1.1856,14.148,7.085,5.378
2433842,1611,1892,1903,-0.0845,-0.0217,1.1873,11.173,7.790,4.801
2433852,1690,1938,1645,-0.0832,-0.0258,1.1901,8.855,8.518,4.166
2433862,1625,1880,2135,-0.0849,-0.0298,1.1909,7.203,9.386,3.575
2433872,1535,1879,1878,-0.0862,-0.0326,1.1931,6.126,10.264,3.062
2433882,1523,1874,1900,-0.0881,-0.0384,1.1968,5.452,11.164,2.644
2433892,1515,1873,1738,-0.0912,-0.0445,1.2012,5.010,12.196,2.331
2433902,1707,1889,1975,-0.0937,-0.0512,1.2056,4.521,13.308,2.203
2433912,1531,1886,1680,-0.0972,-0.0561,1.2075,3.869,14.504,2.212
2433922,1625,1876,2122,-0.1003,-0.0613,1.2067,3.069,15.790,2.271
2433932,1525,1893,1644,-0.1042,-0.0659,1.2036,2.161,17.026,2.374
2433942,1959,1881,1705,-0.1098,-0.0698,1.1985,1.219,18.219,2.547
2433952,1601,1877,1913,-0.1163,-0.0732,1.1967,0.305,19.202,2.866
2433962,1617,1887,1774,-0.1234,-0.0761,1.1891,-0.622,20.099,3.400
2433972,1514,1882,1753,-0.1272,-0.0798,1.1877,-1.613,20.724,4.228
2433982,1582,1895,1709,-0.1288,-0.0803,1.1894,-2.996,21.101,5.332
2433992,1602,1920,1677,-0.1315,-0.0797,1.1894,-4.942,21.588,6.563
2434002,1523,1879,1759,-0.1360,-0.0774,1.1931,-7.375,22.133,7.767
2434012,1554,1919,1704,-0.1421,-0.0713,1.1986,-10.027,22.934,8.860
2434022,1518,1916,1685,-0.1499,-0.0645,1.2065,-12.864,23.886,9.714
2434032,1566,1878,1926,-0.1601,-0.0594,1.2063,-15.844,25.189,10.215
2434042,1524,1892,1913,-0.1695,-0.0590,1.2117,-18.892,26.533,10.360
2434052,1521,1917,1946,-0.1775,-0.0622,1.2146,-21.944,27.819,10.292
2434062,1693,1925,2392,-0.1858,-0.0683,1.2145,-24.798,29.423,10.130
2434072,1698,1906,1792,-0.1948,-0.0780,1.2168,-27.324,31.078,10.015
2434082,1577,1909,1683,-0.2052,-0.0889,1.2125,-29.349,33.041,9.928
2434092,1521,1903,1783,-0.2159,-0.1005,1.2073,-30.818,35.037,9.875
2434102,1532,1875,1855,-0.2270,-0.1118,1.2016,-31.732,36.914,9.838
2434112,1522,1895,2021,-0.2383,-0.1239,1.1946,-32.088,38.742,9.904
2434122,1522,1874,1824,-0.2478,-0.1361,1.1903,-31.979,40.392,10.211
2434132,1523,1877,1870,-0.2560,-0.1479,1.1912,-31.568,41.931,10.849
2434142,1532,1923,2401,-0.2637,-0.1570,1.1888,-31.132,43.497,11.848
2434152,1582,1879,1708,-0.2716,-0.1645,1.1861,-30.887,45.087,13.190
2434162,1705,1884,1831,-0.2780,-0.1684,1.1862,-31.075,46.549,14.753
2434172,1544,1904,1917,-0.2839,-0.1763,1.1775,-31.538,48.198,16.278
2434182,1535,1882,1700,-0.2890,-0.1859,1.1660,-32.103,49.916,17.647
2434192,1520,1876,2017,-0.2941,-0.1966,1.1588,-32.667,51.400,18.929
2434202,1529,1909,2520,-0.2985,-0.2087,1.1520,-32.981,52.777,20.223
2434212,1577,1922,1820,-0.3033,-0.2205,1.1474,-33.075,54.076,21.582
2434222,1537,1923,1626,-0.3078,-0.2309,1.1435,-32.955,55.273,23.092
2434232,1535,1875,1638,-0.3118,-0.2400,1.1410,-32.622,56.370,24.806
2434242,1702,1970,1845,-0.3154,-0.2476,1.1403,-32.207,57.490,26.717
2434252,1575,1872,1631,-0.3200,-0.2546,1.1406,-31.920,58.609,28.789
2434262,1562,1878,2411,-0.3239,-0.2625,1.1436,-31.905,59.761,30.974
2434272,1535,1875,1839,-0.3251,-0.2717,1.1464,-32.308,61.029,33.233
2434282,1554,1874,1721,-0.3291,-0.2804,1.1419,-32.964,62.661,35.566
2434292,1582,1872,2045,-0.3338,-0.2848,1.1396,-33.658,64.381,37.992
2434302,1749,1908,1701,-0.3416,-0.2897,1.1284,-34.087,66.339,40.426
2434312,1602,1873,1965,-0.3538,-0.2898,1.1110,-33.946,68.508,42.804
2434322,1553,1886,1752,-0.3676,-0.2856,1.1011,-33.192,70.350,45.166
2434332,1584,1886,1809,-0.3815,-0.2806,1.0890,-31.741,72.072,47.460
2434342,1527,1888,1888,-0.3965,-0.2765,1.0742,-29.858,73.835,49.624
2434352,1548,1898,1949,-0.4119,-0.2711,1.0591,-27.905,75.502,51.738
2434362,1523,1894,1913,-0.4274,-0.2620,1.0462,-25.955,76.956,53.902
2434372,1572,1903,2049,-0.4428,-0.2526,1.0301,-24.228,78.290,56.066
2434382,1535,1879,1845,-0.4584,-0.2397,1.0130,-22.784,79.397,58.238
2434392,1679,1892,1801,-0.4722,-0.2273,1.0020,-21.702,80.044,60.341
2434402,1664,1882,1994,-0.4850,-0.2148,0.9898,-20.864,80.478,62.307
2434412,1596,1895,1953,-0.4970,-0.2016,0.9763,-20.405,80.804,64.125
2434422,1544,1932,2121,-0.5084,-0.1886,0.9623,-20.350,80.947,65.774
2434432,1545,1920,2137,-0.5196,-0.1733,0.9508,-20.563,80.880,67.292
2434442,1656,1878,1630,-0.5319,-0.1583,0.9358,-20.919,80.758,68.660
2434452,1564,1873,1662,-0.5447,-0.1425,0.9220,-21.457,80.545,69.837
2434462,1548,1884,1726,-0.5558,-0.1281,0.9115,-22.262,80.155,70.800
2434472,1530,1872,1783,-0.5673,-0.1140,0.9001,-23.312,79.644,71.523
2434482,1601,1887,1802,-0.5803,-0.1013,0.8854,-24.674,79.147,72.016
2434492,1535,1909,1669,-0.5923,-0.0903,0.8701,-26.399,78.513,72.343
2434502,1619,1898,1645,-0.6037,-0.0755,0.8536,-28.331,77.728,72.583
2434512,1599,1918,1655,-0.6127,-0.0653,0.8434,-30.559,76.667,72.536
2434522,1547,1889,1669,-0.6200,-0.0623,0.8327,-33.284,75.477,72.232
2434532,1620,1887,1800,-0.6251,-0.0634,0.8243,-36.400,74.223,71.918
2434542,1909,1910,1906,-0.6300,-0.0621,0.8282,-40.056,72.637,71.790
2434552,1594,1872,1910,-0.6374,-0.0663,0.8232,-44.277,71.413,71.681
2434562,1582,1885,1777,-0.6472,-0.0673,0.8048,-48.446,70.731,71.807
2434572,1561,1878,1956,-0.6566,-0.0699,0.7843,-52.621,69.991,72.186
2434582,1574,1886,1643,-0.6639,-0.0737,0.7651,-56.547,69.040,72.763
2434592,1533,1916,1952,-0.6711,-0.0758,0.7462,-60.129,67.935,73.504
2434602,1687,1912,1705,-0.6765,-0.0779,0.7315,-63.296,66.615,74.210
2434612,1638,1872,1752,-0.6808,-0.0858,0.7204,-65.870,65.239,74.671
2434622,1533,1946,1860,-0.6827,-0.1008,0.7079,-67.949,63.863,74.878
2434632,1600,1881,2110,-0.6865,-0.1156,0.6959,-69.292,62.606,75.106
2434642,2012,1879,2251,-0.6914,-0.1264,0.6798,-69.680,61.453,75.580
2434652,1914,1891,1848,-0.7000,-0.1321,0.6654,-68.857,60.328,76.355
2434662,1581,1872,1882,-0.7074,-0.1318,0.6536,-66.754,59.151,77.345
2434672,1711,1875,2589,-0.7152,-0.1270,0.6375,-63.336,58.208,78.329
2434682,1546,1879,2259,-0.7223,-0.1182,0.6252,-58.638,57.269,79.059
2434692,1571,1886,1686,-0.7260,-0.1102,0.6200,-52.792,56.298,79.310
2434702,1981,1873,1773,-0.7289,-0.1025,0.6130,-46.012,55.609,79.125
2434712,1665,1934,1843,-0.7336,-0.0927,0.6049,-38.402,55.359,78.693
2434722,1787,1874,2310,-0.7373,-0.0818,0.5999,-30.357,55.378,78.115
2434732,2109,1921,1799,-0.7424,-0.0702,0.5824,-22.180,55.768,77.447
2434742,1909,1896,1963,-0.7468,-0.0523,0.5671,-13.805,56.161,76.815
2434752,1539,1896,1931,-0.7507,-0.0354,0.5569,-5.949,56.111,76.072
2434762,1652,1887,1754,-0.7530,-0.0190,0.5447,1.360,56.015,75.092
2434772,1674,1896,1977,-0.7552,-0.0025,0.5339,7.963,55.883,73.792
2434782,1688,1874,1804,-0.7560,0.0164,0.5269,14.071,55.572,72.356
2434792,1543,1929,1772,-0.7573,0.0332,0.5222,19.590,55.183,70.751
2434802,1562,1923,1938,-0.7588,0.0502,0.5170,24.424,54.786,69.096
2434812,1599,1876,1871,-0.7622,0.0666,0.5088,28.529,54.431,67.589
2434822,1535,1928,1710,-0.7648,0.0881,0.4964,31.683,53.995,66.339
2434832,1757,1940,1714,-0.7705,0.1102,0.4786,33.862,53.494,65.273
2434842,1725,1874,2288,-0.7746,0.1333,0.4679,35.119,52.516,64.361
2434852,2020,1872,1782,-0.7787,0.1594,0.4642,35.446,50.984,63.468
2434862,1804,1960,1975,-0.7860,0.1865,0.4567,35.200,49.381,62.416
2434872,2321,1927,1936,-0.7929,0.2103,0.4547,34.642,47.716,61.024
2434882,1820,1914,1943,-0.7974,0.2260,0.4536,33.653,46.101,59.131
2434892,1610,1901,1785,-0.8010,0.2391,0.4570,32.281,44.670,56.976
2434902,1548,1871,2330,-0.8023,0.2481,0.4690,30.422,43.320,54.944
2434912,1601,1873,1735,-0.8061,0.2636,0.4829,27.884,42.376,53.379
2434922,1973,1881,1668,-0.8131,0.2830,0.4959,24.468,41.860,52.348
2434932,1539,1871,1881,-0.8239,0.3103,0.4913,20.287,41.823,51.653
2434942,1679,1874,1959,-0.8381,0.3406,0.4658,15.515,42.223,50.862
2434952,1535,1874,1769,-0.8528,0.3657,0.4345,10.434,42.302,49.545
2434962,1539,1874,1764,-0.8656,0.3823,0.4080,5.400,41.596,47.482
2434972,1628,1907,1807,-0.8766,0.3896,0.3872,1.168,40.303,44.871
2434982,1613,1932,1841,-0.8845,0.3899,0.3742,-1.912,38.627,42.025
2434992,1625,1883,1784,-0.8944,0.3849,0.3598,-3.748,36.904,39.096
2435002,1670,1899,1828,-0.9062,0.3785,0.3427,-3.768,34.807,35.872
2435012,1689,1971,1698,-0.9166,0.3778,0.3341,-3.078,32.568,33.053
2435022,1547,1876,2374,-0.9215,0.3766,0.3357,-2.040,30.085,30.370
2435032,1552,1902,1669,-0.9184,0.3741,0.3419,-1.152,27.413,27.563
2435042,2012,1873,1685,-0.9118,0.3764,0.3504,-0.329,24.902,24.831
2435052,1588,1934,1873,-0.8938,0.3817,0.3826,0.369,22.448,22.353
2435062,1958,1880,1777,-0.8770,0.3942,0.4177,-0.018,19.946,20.167
2435072,1653,1873,1682,-0.8793,0.4009,0.3980,-0.485,19.892,17.917
2435082,2330,1883,1736,-0.8918,0.3950,0.3532,-1.186,21.144,14.933
2435092,1589,1876,1914,-0.9019,0.3876,0.3358,-2.016,20.488,11.655
2435102,1749,1989,1872,-0.9129,0.3772,0.3248,-2.343,18.717,8.372
2435112,1925,1880,1686,-0.9201,0.3633,0.3141,-1.732,16.702,5.187
2435122,2875,1935,1755,-0.9198,0.3406,0.3045,-0.315,14.565,1.770
2435132,1777,1910,2122,-0.9182,0.3116,0.2958,2.403,12.545,-1.503
2435142,1775,1878,1699,-0.9147,0.2844,0.2933,5.661,10.508,-4.107
2435152,1742,1925,1788,-0.9117,0.2683,0.2947,9.074,8.546,-5.583
2435162,1536,2227,2027,-0.9095,0.2705,0.3196,12.187,6.298,-5.811
2435172,1611,1874,2087,-0.9113,0.2953,0.3564,14.315,3.751,-5.167
2435182,1524,2001,1876,-0.9166,0.3361,0.3695,15.631,2.340,-4.580
2435192,1682,2639,2030,-0.9240,0.3697,0.3823,16.086,1.684,-4.854
2435202,1607,1946,1713,-0.9343,0.3827,0.3992,15.446,1.024,-6.025
2435212,1629,2116,2376,-0.9493,0.3883,0.3896,14.035,1.364,-7.261
2435222,1714,2047,2948,-0.9660,0.3823,0.3558,12.037,2.424,-8.127
2435232,1665,1914,1818,-0.9710,0.3670,0.3412,9.442,2.386,-8.829
2435242,1684,1880,1692,-0.9539,0.3292,0.3703,6.202,0.528,-9.754
2435252,2038,1905,1727,-0.9039,0.2683,0.4441,2.402,-2.166,-10.699
2435262,2466,2032,1721,-0.8840,0.2327,0.4909,-2.581,-3.574,-10.183
2435272,2407,1897,1786,-0.9038,0.2524,0.3942,-4.224,0.458,-7.964
2435282,1905,1897,1662,-0.9382,0.2733,0.3347,-3.677,4.162,-6.291
2435292,2434,2026,2098,-0.9522,0.2824,0.3627,-2.769,2.683,-5.741
2435302,2748,1923,1905,-0.9603,0.2777,0.3557,-1.667,1.264,-6.400
2435312,1915,1983,2059,-0.9646,0.2689,0.3380,-0.207,0.828,-7.374
2435322,1846,1940,1675,-0.9657,0.2669,0.3340,1.713,-0.038,-8.259
2435332,1815,1873,1707,-0.9663,0.2680,0.3340,4.782,-0.655,-9.103
2435342,1667,1954,1703,-0.9677,0.2730,0.3397,8.617,-1.037,-9.924
2435352,2048,1905,1680,-0.9687,0.2821,0.3507,13.101,-1.046,-10.661
2435362,2145,2367,1672,-0.9613,0.2954,0.3838,17.751,-1.246,-11.188
2435372,1570,2017,1732,-0.9580,0.3125,0.4343,21.398,-1.739,-11.505
2435382,1845,1872,1726,-0.9679,0.3266,0.4450,23.534,-0.595,-12.036
2435392,1523,1881,1669,-0.9933,0.3351,0.4200,24.013,2.271,-12.653
2435402,1611,1875,2289,-1.0240,0.3420,0.3991,22.717,4.682,-12.691
2435412,1541,1898,1853,-1.0547,0.3497,0.3843,20.050,6.227,-11.940
2435422,1867,1888,1926,-1.0691,0.3595,0.3704,16.704,6.925,-10.574
2435432,1714,1959,2068,-1.0599,0.3574,0.3846,13.174,6.507,-9.648
2435442,1700,1901,2248,-1.0369,0.3207,0.4132,9.761,5.680,-9.854
2435452,1634,1960,1918,-1.0165,0.2752,0.4362,7.367,6.094,-10.308
2435462,2324,2114,1785,-1.0062,0.2277,0.4163,5.369,7.834,-9.921
2435472,1911,1930,1668,-1.0070,0.1796,0.3603,3.294,10.759,-8.733
2435482,1582,2099,2074,-1.0051,0.1597,0.3542,0.528,11.530,-6.198
2435492,2111,1917,1737,-1.0070,0.1849,0.3670,-2.245,10.337,-2.317
2435502,1597,1926,1758,-1.0100,0.2122,0.3317,-3.290,10.502,0.915
2435512,1568,2004,1716,-0.9996,0.2093,0.3179,-2.402,10.542,2.218
2435522,2251,1909,1874,-0.9842,0.1850,0.3343,-0.466,9.440,2.340
2435532,2754,1989,1789,-0.9753,0.1715,0.3248,2.285,9.215,2.737
2435542,1537,1904,1894,-0.9662,0.1741,0.3100,5.121,9.384,3.846
2435552,1685,2073,1700,-0.9540,0.1835,0.3111,7.657,8.541,5.240
2435562,2086,1884,2113,-0.9476,0.1906,0.3134,10.098,7.596,6.259
2435572,1979,1891,1734,-0.9516,0.1996,0.3070,12.453,7.146,6.959
2435582,1812,2055,1836,-0.9711,0.2131,0.2942,14.668,7.393,7.837
2435592,1849,1915,1801,-0.9839,0.2480,0.2870,16.108,7.487,9.319
2435602,1631,1871,1682,-0.9833,0.2792,0.2591,16.566,7.457,10.781
2435612,1784,1906,1715,-0.9599,0.2844,0.2800,15.755,6.253,11.202
2435622,2117,1912,1992,-0.9208,0.2536,0.3376,12.905,3.723,10.366
2435632,1916,1893,1734,-0.8879,0.2123,0.3540,9.400,3.417,9.447
2435642,1739,1873,1754,-0.8839,0.1840,0.3598,5.071,4.024,9.905
2435652,1705,1995,1843,-0.8975,0.2047,0.3114,0.709,5.210,11.979
2435662,2632,1912,1707,-0.9217,0.2120,0.2337,-2.495,7.228,13.154
2435672,1662,1878,1722,-0.9122,0.2127,0.2534,-5.089,5.072,13.310
2435682,2721,1936,1700,-0.8985,0.2052,0.2690,-6.552,1.959,12.983
2435692,1835,1934,2020,-0.8926,0.2088,0.2506,-5.914,1.260,12.605
2435702,1835,1916,1921,-0.8859,0.2274,0.2609,-4.120,0.347,12.375
2435712,2143,1940,1882,-0.8771,0.2447,0.2763,-1.479,-0.875,11.827
2435722,1849,1918,2396,-0.8667,0.2579,0.2882,1.441,-1.446,10.751
2435732,1869,1959,2146,-0.8668,0.2843,0.3061,4.067,-2.024,9.714
2435742,2128,2344,2368,-0.8846,0.3012,0.2557,6.800,-0.808,8.560
2435752,2029,2193,2894,-0.9238,0.3016,0.1893,9.108,1.317,6.981
2435762,1536,2006,2350,-0.9475,0.3150,0.2026,9.892,-0.104,6.231
2435772,1969,2009,2344,-0.9504,0.3293,0.2190,9.558,-2.968,6.358
2435782,1718,1968,1768,-0.9242,0.3303,0.2709,8.231,-5.877,6.359
2435792,1958,1950,1976,-0.8612,0.2840,0.3946,4.848,-9.420,5.624
2435802,1964,1883,1863,-0.8151,0.2558,0.4761,-1.502,-11.771,5.475
2435812,1652,1874,1872,-0.8174,0.2933,0.3828,-7.461,-8.183,7.295
2435822,2412,1903,1961,-0.8691,0.3056,0.2413,-10.737,-0.950,7.577
2435832,1569,1890,2542,-0.8823,0.2720,0.2634,-14.971,-1.714,5.647
2435842,2552,1974,1765,-0.8862,0.2190,0.2982,-19.949,-6.267,3.537
2435852,1703,1992,2254,-0.8916,0.1944,0.2683,-22.526,-7.771,3.036
2435862,2100,1886,1777,-0.8932,0.1952,0.2626,-23.540,-9.039,3.588
2435872,2264,1873,2090,-0.8898,0.2138,0.2916,-21.856,-11.069,4.303
2435882,2973,2031,1821,-0.8923,0.2415,0.2974,-17.682,-11.707,4.484
2435892,1843,1996,1856,-0.9001,0.2754,0.2995,-11.985,-11.222,4.103
2435902,1803,1939,2412,-0.8995,0.3126,0.3270,-6.144,-11.332,3.263
2435912,1713,2136,1824,-0.8929,0.3466,0.3564,-1.042,-11.349,1.930
2435922,1613,2166,2810,-0.8938,0.3646,0.3799,2.524,-10.591,0.358
2435932,1828,1927,3377,-0.9157,0.3733,0.3863,3.265,-9.051,-1.163
2435942,1632,1927,2639,-0.9462,0.3707,0.3220,2.603,-5.415,-2.562
2435952,2043,2061,1733,-0.9541,0.3499,0.3073,0.545,-3.616,-3.835
2435962,1777,1911,1767,-0.9183,0.3109,0.3758,-4.024,-6.306,-4.332
2435972,1728,1873,2007,-0.8774,0.2390,0.4307,-10.126,-8.089,-4.334
2435982,2201,1892,2603,-0.8561,0.2454,0.4581,-17.247,-8.724,-1.694
2435992,2000,1941,1735,-0.8858,0.2483,0.3296,-22.118,-4.473,0.974
2436002,2289,1935,1804,-0.9053,0.2233,0.2604,-25.368,-1.335,1.711
2436012,2151,1878,2395,-0.9051,0.1748,0.3167,-29.326,-5.132,1.956
2436022,2075,1871,1741,-0.9072,0.1480,0.3090,-32.128,-8.012,3.058
2436032,1729,2070,1773,-0.9139,0.1476,0.2650,-32.945,-8.245,5.233
2436042,3096,1900,2008,-0.9121,0.1609,0.2777,-32.260,-10.153,7.650
2436052,2385,2088,1942,-0.9081,0.1774,0.2986,-30.058,-12.428,9.418
2436062,2156,1872,1946,-0.9057,0.1954,0.2950,-26.268,-13.105,10.431
2436072,1475,1895,1731,-0.8903,0.2097,0.3131,-21.793,-13.757,10.976
2436082,2072,2148,1883,-0.8692,0.2331,0.3737,-17.734,-15.699,11.618
2436092,1497,1908,1975,-0.8624,0.2768,0.4591,-14.914,-17.741,12.820
2436102,1727,1869,1867,-0.8798,0.3256,0.4835,-13.419,-16.689,13.466
2436112,1469,1913,2855,-0.9203,0.3652,0.4237,-12.496,-12.010,13.092
2436122,1571,2206,1787,-0.9643,0.3874,0.3448,-12.743,-7.448,12.154
2436132,1477,1917,1898,-0.9719,0.3816,0.2735,-15.150,-6.465,11.133
2436142,1716,2053,1729,-0.9578,0.3538,0.2629,-19.612,-9.473,9.857
2436152,1628,1881,1878,-0.9183,0.3357,0.3521,-25.379,-16.491,9.173
2436162,1498,1869,1760,-0.8892,0.2910,0.3863,-30.094,-20.820,8.273
2436172,1520,1914,1731,-0.8733,0.2422,0.3703,-32.685,-21.189,7.047
2436182,1924,2174,1716,-0.8572,0.2006,0.3609,-34.812,-22.511,6.439
2436192,1557,1882,2164,-0.8484,0.1497,0.2779,-35.471,-22.511,6.262
2436202,1605,1873,1932,-0.8247,0.0745,0.2838,-35.894,-24.001,7.013
2436212,1749,1878,2158,-0.8056,0.1152,0.4192,-38.517,-30.976,11.804
2436222,2584,2119,1828,-0.8151,0.2077,0.4083,-39.366,-33.666,18.663
2436232,2180,1892,1784,-0.8266,0.2794,0.3685,-38.832,-32.310,22.479
2436242,1961,1968,1898,-0.8071,0.2874,0.4538,-38.829,-35.356,22.521
2436252,2000,2056,1847,-0.7974,0.2626,0.4870,-38.420,-37.213,20.293
2436262,1646,1871,1731,-0.8059,0.2418,0.4525,-36.454,-35.137,18.236
2436272,1526,1867,1945,-0.7982,0.2365,0.4699,-34.390,-34.380,17.296
2436282,1708,1984,1931,-0.7852,0.2453,0.5254,-32.164,-35.276,17.232
2436292,1506,1920,2163,-0.7822,0.2750,0.5651,-29.684,-35.074,17.659
2436302,2084,1893,2625,-0.7996,0.3104,0.5440,-26.769,-32.287,17.925
2436312,1636,1937,3393,-0.8286,0.3251,0.5022,-24.270,-28.333,17.365
2436322,1658,1951,2549,-0.8492,0.3373,0.5143,-23.623,-26.833,16.860
2436332,1491,2115,2585,-0.8529,0.3269,0.4866,-24.748,-26.026,16.692
2436342,1712,1877,1868,-0.8357,0.2992,0.4839,-27.429,-25.433,16.560
2436352,1569,1871,1772,-0.7963,0.2646,0.5605,-32.720,-28.114,16.885
2436362,1705,1867,1798,-0.7431,0.2188,0.6405,-37.668,-29.271,17.579
2436372,1486,1868,2064,-0.7034,0.2071,0.6775,-44.026,-29.214,19.786
2436382,1616,1868,2208,-0.7258,0.2675,0.5803,-48.645,-25.576,24.376
2436392,1647,1933,2007,-0.7747,0.2946,0.4251,-49.215,-19.399,27.526
2436402,3440,2008,1708,-0.7820,0.2815,0.4309,-51.415,-21.353,27.667
2436412,1777,1873,1790,-0.7809,0.2242,0.4555,-53.967,-27.278,26.149
2436422,1562,1884,1740,-0.7735,0.1774,0.4482,-54.299,-31.037,24.974
2436432,1818,1887,1997,-0.7724,0.1555,0.4679,-52.941,-34.411,25.176
2436442,2769,1994,1819,-0.7662,0.1764,0.4996,-49.020,-37.463,26.633
2436452,1806,1920,1857,-0.7597,0.2234,0.5234,-43.538,-39.696,28.594
2436462,1529,1928,1793,-0.7569,0.3093,0.5500,-37.311,-41.601,30.281
2436472,1492,1930,1745,-0.7487,0.3969,0.5820,-31.292,-43.548,30.294
2436482,1811,2187,1741,-0.7328,0.4499,0.6152,-26.021,-45.068,27.750
2436492,1526,2442,2279,-0.7126,0.4587,0.6481,-22.303,-45.818,23.259
2436502,1572,1910,1686,-0.7046,0.4230,0.6757,-22.764,-44.947,18.571
2436512,1697,2125,2603,-0.7148,0.3877,0.6957,-25.695,-43.979,15.697
2436522,1596,2010,1828,-0.7263,0.3574,0.6825,-29.793,-42.348,14.480
2436532,1735,1945,1890,-0.7203,0.3333,0.6925,-33.865,-41.324,14.457
2436542,1532,1913,1679,-0.6685,0.2965,0.8106,-38.902,-42.905,15.180
2436552,1674,1895,1731,-0.6276,0.2898,0.8776,-46.775,-44.625,17.150
2436562,1612,1929,1790,-0.6200,0.3236,0.7787,-52.541,-40.913,20.011
2436572,1558,1871,1853,-0.6337,0.3376,0.6754,-56.335,-36.604,21.257
2436582,1930,1875,2138,-0.6237,0.3167,0.6896,-60.126,-38.271,20.188
2436592,1866,1898,1775,-0.6158,0.2562,0.7081,-63.063,-41.146,17.767
2436602,3011,2114,1649,-0.6199,0.2131,0.6996,-64.186,-42.355,16.140
2436612,1753,1902,1722,-0.6284,0.1803,0.6875,-62.856,-42.980,15.761
2436622,1561,1880,1748,-0.6222,0.1678,0.7063,-59.113,-44.210,16.000
2436632,1603,1909,1796,-0.6036,0.1821,0.7461,-54.050,-45.823,16.309
2436642,2183,1987,1803,-0.5835,0.2293,0.7869,-47.956,-46.461,16.355
2436652,1871,2070,2084,-0.5694,0.2788,0.8166,-41.400,-45.428,15.488
2436662,1522,1869,1776,-0.5504,0.3128,0.8538,-35.414,-43.060,13.149
2436672,1566,2129,1828,-0.5379,0.3251,0.8934,-31.718,-40.666,9.879
2436682,1827,2540,1753,-0.5433,0.3426,0.8911,-29.748,-37.308,6.695
2436692,1661,1990,1962,-0.5603,0.3501,0.9070,-28.857,-33.611,3.829
2436702,1636,2319,3242,-0.5926,0.3557,0.9133,-30.329,-30.603,1.336
2436712,1753,2259,1650,-0.6145,0.3341,0.8260,-30.854,-25.278,-1.114
2436722,1842,2135,1658,-0.6122,0.2995,0.8268,-31.916,-22.468,-3.254
2436732,1528,1864,1832,-0.5894,0.2763,0.8875,-34.839,-23.782,-4.329
2436742,1533,1888,1681,-0.5642,0.2481,0.8836,-37.358,-21.919,-5.652
2436752,1577,1872,1746,-0.5332,0.2151,0.9451,-41.035,-20.727,-6.880
2436762,1568,1904,1765,-0.5515,0.2481,0.9219,-45.399,-19.617,-6.691
2436772,1539,1871,1701,-0.5938,0.2758,0.8133,-45.282,-14.745,-6.852
2436782,1488,1869,1698,-0.6189,0.2717,0.8051,-46.960,-14.565,-8.691
2436792,2793,1951,1626,-0.6257,0.2219,0.7927,-48.215,-16.918,-11.646
2436802,1588,1903,1828,-0.6211,0.1580,0.7814,-49.064,-18.760,-14.681
2436812,2936,1899,1751,-0.6141,0.1257,0.8047,-49.150,-21.819,-16.080
2436822,1568,1873,2513,-0.6141,0.1218,0.8189,-46.920,-23.897,-16.312
2436832,1851,1973,2094,-0.6156,0.1408,0.8378,-42.692,-25.124,-16.277
2436842,1494,2225,1715,-0.6205,0.1587,0.8653,-37.856,-26.114,-17.031
2436852,1529,1870,1625,-0.6278,0.1681,0.9008,-33.382,-26.638,-18.898
2436862,1592,2568,1616,-0.6297,0.1704,0.9447,-29.768,-26.753,-21.014
2436872,1527,2631,1641,-0.6379,0.1692,0.9622,-27.416,-25.839,-22.519
2436882,1696,1910,1895,-0.6604,0.1614,0.9605,-26.461,-24.001,-23.192
2436892,1759,1892,2734,-0.6651,0.1627,0.9621,-26.702,-22.371,-23.055
2436902,1677,1962,1830,-0.6513,0.1496,0.9690,-26.824,-20.637,-22.556
2436912,1595,1912,1811,-0.6122,0.1416,1.0372,-27.149,-19.913,-21.660
2436922,1607,1896,1725,-0.5762,0.1187,1.0991,-28.750,-19.284,-20.570
2436932,1910,1922,2046,-0.5816,0.1371,1.0798,-30.496,-16.349,-18.942
2436942,1488,2545,1631,-0.6100,0.1416,0.9989,-30.971,-11.623,-18.364
2436952,1683,1991,1625,-0.6313,0.1288,0.9870,-30.935,-9.281,-19.457
2436962,1489,2070,2158,-0.6367,0.0838,1.0019,-30.466,-9.039,-21.307
2436972,1487,1991,1760,-0.6350,0.0324,1.0135,-29.127,-7.626,-22.857
2436982,1801,1938,1745,-0.6230,0.0098,1.0441,-27.960,-5.890,-23.003
2436992,1605,1876,1654,-0.6077,0.0147,1.0719,-26.221,-3.188,-21.909
2437002,1491,1892,1919,-0.5920,0.0326,1.0695,-23.893,1.396,-20.311
2437012,1663,1890,2065,-0.5791,0.0518,1.0724,-22.313,5.777,-19.008
2437022,3099,1866,1816,-0.5758,0.0668,1.0736,-21.955,9.318,-18.811
2437032,2217,1873,1645,-0.5829,0.0702,1.0670,-21.803,12.607,-20.045
2437042,2017,1954,1915,-0.5962,0.0572,1.0603,-20.976,15.556,-22.568
2437052,2432,1872,1625,-0.6096,0.0317,1.0489,-18.833,18.512,-25.816
2437062,1867,1869,1990,-0.6215,0.0052,1.0402,-15.634,21.482,-29.237
2437072,2231,1864,1874,-0.6294,-0.0115,1.0175,-11.753,24.550,-32.491
2437082,1679,1895,1800,-0.6354,-0.0146,0.9951,-6.444,27.807,-35.421
2437092,2718,1976,1638,-0.6423,-0.0129,0.9838,0.262,30.878,-38.062
2437102,1612,1884,1622,-0.6528,-0.0094,0.9679,7.938,34.104,-40.502
2437112,1646,1877,1808,-0.6636,-0.0059,0.9601,15.885,37.146,-42.752
2437122,1623,2489,1649,-0.6749,-0.0077,0.9586,23.337,39.741,-44.739
2437132,1493,1905,1787,-0.6933,-0.0056,0.9505,29.674,42.121,-46.097
2437142,2303,1997,1737,-0.7146,0.0037,0.9554,34.153,43.461,-46.853
2437152,1761,2013,2066,-0.7371,0.0090,0.9658,36.440,44.419,-47.563
2437162,1839,1864,1666,-0.7591,0.0225,0.9654,36.897,46.018,-48.069
2437172,1604,1896,2023,-0.7690,0.0221,0.9499,36.447,48.715,-48.313
2437182,1776,1868,2028,-0.7724,0.0108,0.9426,34.683,50.966,-48.163
2437192,1649,1864,1748,-0.7604,-0.0302,0.8997,31.601,52.768,-47.617
2437202,1610,1878,1857,-0.7681,-0.0694,0.8435,27.744,53.768,-46.348
2437212,1534,1866,1941,-0.7777,-0.0704,0.8289,24.690,51.312,-43.783
2437222,1504,1908,1644,-0.7993,-0.0707,0.7782,23.130,49.358,-42.018
2437232,1894,1900,1633,-0.8177,-0.0640,0.7419,24.326,47.774,-40.951
2437242,1624,1898,1835,-0.8301,-0.0638,0.7330,27.877,45.656,-40.109
2437252,2400,1934,1642,-0.8413,-0.0703,0.7344,32.111,43.619,-39.356
2437262,1796,1868,1678,-0.8520,-0.0750,0.7250,35.321,42.067,-38.527
2437272,1601,1876,1929,-0.8619,-0.0700,0.7204,37.933,40.835,-37.461
2437282,1603,1973,1698,-0.8665,-0.0570,0.7301,40.174,39.256,-36.089
2437292,1752,1870,1686,-0.8709,-0.0512,0.7309,42.246,38.303,-34.961
2437302,1678,1902,1796,-0.8706,-0.0446,0.7411,44.157,37.709,-33.985
2437312,2221,2191,1656,-0.8717,-0.0343,0.7681,45.511,37.116,-32.828
2437322,1691,2096,2148,-0.8857,-0.0202,0.7739,46.186,37.445,-31.407
2437332,1838,1912,1696,-0.9026,-0.0094,0.7748,45.887,38.114,-29.837
2437342,1488,1878,1623,-0.9218,0.0025,0.7874,44.618,38.670,-28.151
2437352,1524,1968,3350,-0.9337,0.0239,0.7921,42.995,39.669,-26.059
2437362,1898,1892,2077,-0.9334,0.0191,0.7672,41.899,42.299,-24.163
2437372,1499,1889,2095,-0.9238,0.0054,0.7814,40.522,44.444,-22.342
2437382,1929,1881,1691,-0.9046,-0.0204,0.7632,39.021,46.462,-20.258
2437392,2000,1870,1626,-0.9118,-0.0434,0.7187,37.882,49.579,-17.838
2437402,1794,2059,1645,-0.9259,-0.0253,0.7033,37.281,49.755,-14.386
2437412,2311,1867,1707,-0.9457,-0.0074,0.6430,38.500,50.399,-11.842
2437422,4095,2115,1753,-0.9518,-0.0037,0.6313,40.994,49.900,-10.638
2437432,1744,1934,1637,-0.9532,-0.0164,0.6261,44.555,48.572,-10.165
2437442,1844,1878,2000,-0.9510,-0.0414,0.6018,49.034,48.450,-9.951
2437452,1404,1861,1918,-0.9488,-0.0621,0.5898,53.116,48.262,-9.376
2437462,1299,1894,1816,-0.9423,-0.0713,0.5822,57.631,48.189,-8.031
2437472,1478,1914,1933,-0.9349,-0.0705,0.5867,62.291,48.160,-6.085
2437482,1546,1864,1656,-0.9310,-0.0591,0.5915,66.561,48.264,-3.695
2437492,1368,2624,1648,-0.9374,-0.0319,0.5977,69.816,47.929,-0.740
2437502,1463,1864,2648,-0.9492,-0.0018,0.6093,71.413,46.840,2.335
2437512,1676,2313,1927,-0.9702,0.0397,0.6291,70.843,45.844,5.006
2437522,1423,1985,1669,-0.9753,0.0843,0.6007,68.876,46.601,7.428
2437532,1451,1881,1913,-0.9725,0.1094,0.5898,66.318,48.649,9.297
2437542,1380,1867,1934,-0.9519,0.1091,0.5880,61.811,49.753,10.758
2437552,1686,1865,1651,-0.9311,0.0548,0.5161,56.208,51.474,11.823
2437562,1491,1882,1883,-0.9349,0.0446,0.5051,50.197,49.529,14.018
2437572,1392,1919,1703,-0.9494,0.0513,0.4421,46.339,46.062,16.705
2437582,1335,1937,2426,-0.9747,0.0577,0.3641,45.971,44.420,17.749
2437592,2849,1882,1733,-0.9728,0.0662,0.3922,47.699,39.623,17.939
2437602,1742,1864,2095,-0.9628,0.0732,0.4053,50.811,35.226,17.775
2437612,1713,1899,1656,-0.9524,0.0847,0.3899,53.359,32.831,17.590
2437622,1307,1861,2034,-0.9402,0.1105,0.3928,54.380,30.103,17.653
2437632,1415,1860,1950,-0.9316,0.1448,0.3949,54.580,27.400,17.775
2437642,1326,1867,1725,-0.9240,0.1763,0.4050,54.061,24.797,17.474
2437652,1370,2109,1977,-0.9173,0.1898,0.4152,52.907,22.274,16.506
2437662,1506,1878,1975,-0.9066,0.1938,0.4133,51.601,20.187,15.227
2437672,1459,1874,1747,-0.8998,0.2010,0.4148,50.093,18.054,14.051
2437682,1581,2309,1780,-0.8962,0.2136,0.4037,47.950,15.976,12.934
2437692,1358,1883,1714,-0.8949,0.2276,0.3819,45.272,14.274,11.574
2437702,1321,1899,2772,-0.8867,0.2296,0.3831,42.074,12.204,9.880
2437712,1311,1865,1682,-0.8760,0.2362,0.4310,38.053,9.470,8.416
2437722,1309,1916,1748,-0.8692,0.2630,0.4392,33.891,8.512,7.591
2437732,1323,1899,1789,-0.8587,0.2781,0.4106,29.571,9.552,6.293
2437742,1722,1906,1666,-0.8302,0.2579,0.4109,24.503,9.381,3.869
2437752,1314,1875,1916,-0.8070,0.2104,0.4101,19.161,7.656,1.439
2437762,1672,1861,2251,-0.7955,0.2138,0.4161,14.210,3.977,0.773
2437772,1315,2010,1798,-0.8069,0.2219,0.3405,10.711,2.032,0.248
2437782,1419,1862,1986,-0.8100,0.2144,0.2964,8.619,-0.281,-1.812
2437792,1521,1867,1743,-0.8039,0.1830,0.3050,7.685,-4.916,-5.032
2437802,1314,1867,1959,-0.7965,0.1724,0.2825,8.447,-8.672,-8.629
2437812,1328,1864,1841,-0.7871,0.1387,0.2450,10.423,-11.298,-12.388
2437822,1316,1863,1700,-0.7721,0.1027,0.2497,12.586,-14.867,-15.700
2437832,1316,1862,1766,-0.7603,0.0948,0.2820,15.067,-19.161,-17.422
2437842,1352,1862,1847,-0.7531,0.1226,0.3172,17.703,-22.771,-17.871
2437852,1351,1862,1898,-0.7483,0.1675,0.3580,19.883,-25.689,-18.341
2437862,1430,1893,1816,-0.7422,0.2071,0.3883,21.558,-27.590,-20.005
2437872,1322,1872,1741,-0.7402,0.2298,0.4026,22.476,-28.393,-23.034
2437882,1416,1865,2286,-0.7406,0.2353,0.4149,22.064,-28.929,-26.932
2437892,1451,1861,2231,-0.7424,0.2281,0.4316,19.928,-29.791,-31.024
2437902,1407,1860,2583,-0.7473,0.2148,0.4505,16.542,-30.886,-34.764
2437912,1342,1871,1763,-0.7538,0.2003,0.4674,12.750,-31.921,-37.910
2437922,1322,1864,1940,-0.7641,0.1886,0.4818,9.350,-32.802,-40.484
2437932,1469,1860,2191,-0.7744,0.1804,0.4931,6.845,-33.583,-42.628
2437942,1325,1873,2291,-0.7876,0.1751,0.4963,5.471,-34.213,-44.592
2437952,1339,1885,2219,-0.7996,0.1711,0.4966,5.345,-34.835,-46.592
2437962,1336,1870,2230,-0.8069,0.1658,0.5104,6.157,-35.962,-48.717
2437972,1334,1862,1844,-0.8110,0.1580,0.5251,7.293,-37.379,-50.932
2437982,1326,1862,1738,-0.8154,0.1492,0.5278,8.836,-38.495,-53.040
2437992,1329,1862,2356,-0.8181,0.1384,0.5360,10.471,-39.820,-54.923
2438002,1325,1862,1933,-0.8208,0.1269,0.5449,12.031,-41.389,-56.559
2438012,1500,1876,1690,-0.8253,0.1215,0.5454,14.407,-43.145,-58.190
2438022,1325,1872,2556,-0.8276,0.1083,0.5478,16.764,-45.216,-59.942
2438032,1351,1861,2237,-0.8268,0.0924,0.5443,19.367,-47.323,-61.657
2438042,1479,1863,1798,-0.8217,0.0735,0.5448,21.903,-49.782,-63.096
2438052,1356,1867,2019,-0.8137,0.0547,0.5505,23.940,-52.856,-64.070
2438062,1703,1907,2639,-0.8045,0.0407,0.5566,25.383,-56.214,-64.445
2438072,1483,1860,2740,-0.7950,0.0325,0.5631,26.424,-59.728,-64.192
2438082,1328,1860,1680,-0.7877,0.0289,0.5717,27.176,-63.381,-63.516
2438092,1419,1876,2089,-0.7796,0.0286,0.5814,27.756,-66.996,-62.700
2438102,1359,1862,2151,-0.7716,0.0299,0.5926,28.325,-70.430,-61.968
2438112,1328,1860,2510,-0.7632,0.0336,0.6028,28.920,-73.672,-61.527
2438122,1474,1867,1676,-0.7582,0.0391,0.6098,29.588,-76.658,-61.499
2438132,1476,1870,2129,-0.7525,0.0436,0.6188,30.511,-79.574,-61.949
2438142,1336,1869,2545,-0.7463,0.0441,0.6267,31.678,-82.445,-62.889
2438152,1372,1865,1685,-0.7376,0.0423,0.6351,33.319,-85.232,-64.132
2438162,1384,1861,1685,-0.7262,0.0375,0.6487,35.375,-88.042,-65.468
2438172,1345,1863,1943,-0.7122,0.0319,0.6669,37.520,-90.788,-66.763
2438182,1339,1860,1949,-0.6965,0.0270,0.6912,39.297,-93.326,-67.902
2438192,1339,1871,2177,-0.6806,0.0232,0.7243,40.347,-95.626,-68.818
2438202,1364,1873,1810,-0.6647,0.0207,0.7613,40.408,-97.493,-69.572
2438212,1353,1864,1750,-0.6524,0.0178,0.7919,39.456,-98.576,-70.281
2438222,1369,1870,2105,-0.6391,0.0128,0.8132,37.772,-98.940,-70.997
2438232,1449,1864,2020,-0.6263,0.0052,0.8280,35.597,-98.991,-71.719
2438242,1490,1863,1927,-0.6138,-0.0019,0.8339,33.175,-98.906,-72.421
2438252,1512,1867,1795,-0.6004,-0.0106,0.8354,30.676,-98.905,-73.160
2438262,1345,1863,2172,-0.5874,-0.0214,0.8354,28.058,-99.171,-74.068
2438272,1496,1869,2362,-0.5735,-0.0407,0.8371,25.483,-99.663,-75.217
2438282,1427,1876,2042,-0.5561,-0.0674,0.8472,22.854,-100.357,-76.538
2438292,1527,1898,2032,-0.5361,-0.1001,0.8643,20.072,-101.303,-77.657
2438302,1665,1884,2493,-0.5144,-0.1329,0.8938,17.166,-102.325,-78.142
2438312,1360,1869,1798,-0.4945,-0.1674,0.9272,13.719,-103.148,-77.802
2438322,1499,1881,2046,-0.4751,-0.1887,0.9617,9.792,-103.276,-76.580
2438332,1355,1866,2220,-0.4608,-0.2116,0.9806,5.744,-102.425,-74.769
2438342,1462,1866,1702,-0.4436,-0.2369,0.9961,1.946,-100.995,-72.654
2438352,1351,1897,2140,-0.4250,-0.2879,0.9952,-1.681,-99.248,-70.342
2438362,1384,1898,2453,-0.4136,-0.3021,0.9913,-4.691,-97.103,-67.247
2438372,1362,1901,1877,-0.4031,-0.3145,0.9830,-6.350,-94.734,-63.979
2438382,1345,1885,1725,-0.3881,-0.3272,0.9899,-7.133,-92.876,-61.089
2438392,1458,1894,2096,-0.3707,-0.3359,0.9933,-6.310,-91.011,-58.411
2438402,1743,1887,2166,-0.3563,-0.3394,0.9951,-3.649,-88.793,-55.715
2438412,1720,1865,2092,-0.3465,-0.3342,1.0060,0.120,-86.724,-53.043
2438422,1376,1941,2509,-0.3385,-0.3317,1.0195,4.589,-84.579,-50.700
2438432,1344,1866,1915,-0.3313,-0.3276,1.0325,9.378,-82.295,-48.703
2438442,1565,1938,2394,-0.3252,-0.3225,1.0520,14.352,-80.062,-46.874
2438452,1373,1874,1857,-0.3187,-0.3123,1.0801,19.448,-77.880,-44.885
2438462,1343,1873,2310,-0.3123,-0.2995,1.1059,24.064,-75.493,-42.842
2438472,1376,1865,1710,-0.3080,-0.2846,1.1261,28.101,-72.775,-40.849
2438482,1450,1918,2143,-0.3016,-0.2692,1.1450,31.235,-70.084,-38.944
2438492,1534,1862,2530,-0.2953,-0.2556,1.1617,33.394,-67.432,-37.232
2438502,1395,1916,1846,-0.2853,-0.2418,1.1836,34.428,-65.032,-35.630
2438512,1370,1862,1803,-0.2745,-0.2318,1.1981,34.364,-62.693,-34.132
2438522,1606,1872,1697,-0.2650,-0.2201,1.2051,33.533,-60.233,-32.754
2438532,1419,1873,1603,-0.2558,-0.2083,1.2138,32.092,-58.011,-31.509
2438542,1352,1891,1837,-0.2465,-0.1966,1.2164,30.467,-55.885,-30.476
2438552,1366,1962,1995,-0.2399,-0.1875,1.2139,29.091,-53.697,-29.597
2438562,1352,1922,1772,-0.2341,-0.1829,1.2129,28.009,-51.655,-28.715
2438572,1410,1890,1950,-0.2272,-0.1758,1.2093,27.239,-49.698,-27.643
2438582,1358,1912,2291,-0.2206,-0.1679,1.2072,26.723,-47.874,-26.407
2438592,1355,1872,1866,-0.2121,-0.1602,1.2132,26.209,-46.394,-25.088
2438602,1891,1926,2170,-0.2027,-0.1532,1.2175,25.624,-45.004,-23.742
2438612,1536,1874,1908,-0.1935,-0.1450,1.2178,24.856,-43.528,-22.434
2438622,1358,1913,1983,-0.1837,-0.1394,1.2196,23.789,-42.224,-21.264
2438632,1388,1894,1832,-0.1752,-0.1333,1.2195,22.497,-40.991,-20.196
2438642,1514,1966,1946,-0.1674,-0.1292,1.2168,21.123,-39.687,-19.231
2438652,1387,1864,1831,-0.1586,-0.1307,1.2158,19.727,-38.412,-18.376
2438662,1551,1878,2164,-0.1498,-0.1314,1.2146,18.495,-37.130,-17.507
2438672,1471,1882,1916,-0.1416,-0.1311,1.2133,17.594,-35.804,-16.600
2438682,1377,1901,1905,-0.1315,-0.1311,1.2135,17.004,-34.533,-15.731
2438692,1540,1872,2088,-0.1226,-0.1300,1.2134,16.701,-33.185,-14.948
2438702,1399,1899,2045,-0.1158,-0.1283,1.2118,16.528,-31.837,-14.262
2438712,1355,1868,1724,-0.1110,-0.1267,1.2096,16.330,-30.530,-13.697
2438722,1700,1960,1712,-0.1066,-0.1272,1.2067,16.032,-29.307,-13.203
2438732,1623,1872,1840,-0.1010,-0.1303,1.2027,15.615,-28.108,-12.666
2438742,1359,1938,1868,-0.0964,-0.1324,1.1984,14.945,-26.935,-11.958
2438752,1381,1863,1716,-0.0917,-0.1325,1.1964,13.984,-25.800,-11.037
2438762,1500,1933,2008,-0.0887,-0.1313,1.1923,12.643,-24.646,-10.026
2438772,1379,1867,1860,-0.0867,-0.1285,1.1872,10.979,-23.552,-8.947
2438782,1381,1903,2483,-0.0874,-0.1289,1.1763,9.137,-22.485,-7.884
2438792,1363,1870,2261,-0.0875,-0.1313,1.1671,7.264,-21.522,-6.861
2438802,1362,1882,2248,-0.0862,-0.1331,1.1632,5.446,-20.856,-5.799
2438812,1364,1863,1837,-0.0847,-0.1346,1.1557,3.901,-20.242,-4.682
2438822,1371,1893,1885,-0.0805,-0.1391,1.1461,2.739,-19.552,-3.488
2438832,1361,1881,2234,-0.0768,-0.1427,1.1547,1.686,-19.042,-2.025
2438842,1384,1929,1893,-0.0764,-0.1373,1.1677,0.117,-18.490,-0.155
2438852,1383,1869,2263,-0.0803,-0.1317,1.1694,-1.824,-17.184,1.693
2438862,1398,1891,2288,-0.0812,-0.1281,1.1826,-4.250,-15.898,3.131
2438872,1362,1872,1873,-0.0812,-0.1247,1.1853,-6.896,-14.495,4.016
2438882,1365,1921,2104,-0.0823,-0.1256,1.1768,-9.201,-12.705,4.385
2438892,1371,1862,1834,-0.0838,-0.1301,1.1713,-11.231,-11.319,4.409
2438902,1378,1910,1641,-0.0864,-0.1365,1.1610,-12.600,-10.081,4.345
2438912,1363,1885,1902,-0.0876,-0.1425,1.1536,-13.294,-9.011,4.385
2438922,1387,1889,1954,-0.0885,-0.1451,1.1531,-13.562,-8.310,4.592
2438932,1499,1865,1640,-0.0895,-0.1463,1.1455,-13.382,-7.504,4.813
2438942,1432,1915,1983,-0.0866,-0.1465,1.1418,-13.109,-6.846,4.981
2438952,1392,1868,1648,-0.0850,-0.1449,1.1400,-12.956,-6.425,5.124
2438962,1405,1899,2059,-0.0837,-0.1430,1.1361,-12.987,-6.008,5.245
2438972,1367,1872,1597,-0.0826,-0.1400,1.1389,-13.381,-5.829,5.381
2438982,1372,1889,2326,-0.0816,-0.1380,1.1453,-14.073,-5.779,5.532
2438992,1376,1869,1653,-0.0810,-0.1382,1.1475,-15.005,-5.616,5.640
2439002,1386,1909,2545,-0.0801,-0.1388,1.1513,-16.181,-5.352,5.665
2439012,1385,1863,1940,-0.0812,-0.1370,1.1564,-17.621,-5.098,5.594
2439022,1375,1889,1824,-0.0835,-0.1362,1.1620,-19.120,-4.721,5.349
2439032,1378,1871,2007,-0.0881,-0.1399,1.1664,-20.654,-4.233,4.887
2439042,1405,1894,1814,-0.0952,-0.1449,1.1704,-22.038,-3.725,4.338
2439052,1386,1868,1662,-0.1005,-0.1520,1.1749,-23.177,-3.290,3.827
2439062,1380,1913,2248,-0.1021,-0.1635,1.1784,-24.041,-2.956,3.341
2439072,1406,1869,1892,-0.1029,-0.1741,1.1782,-24.536,-2.618,3.035
2439082,1411,1927,2141,-0.1015,-0.1823,1.1783,-24.623,-2.335,2.998
2439092,1376,1871,1647,-0.0997,-0.1889,1.1777,-24.306,-2.064,3.192
2439102,1403,1901,1988,-0.0976,-0.1908,1.1757,-23.547,-1.715,3.510
2439112,1399,1866,2006,-0.0947,-0.1935,1.1712,-22.410,-1.253,3.773
2439122,1389,1894,1961,-0.0921,-0.1982,1.1657,-21.035,-0.787,3.886
2439132,1379,1868,2081,-0.0899,-0.2026,1.1605,-19.588,-0.393,3.925
2439142,1390,1892,1616,-0.0872,-0.2056,1.1509,-18.210,-0.053,3.933
2439152,1385,1862,1931,-0.0847,-0.2080,1.1457,-17.100,0.126,3.951
2439162,1382,1884,2120,-0.0824,-0.2090,1.1390,-16.303,0.266,4.061
2439172,1376,1863,1951,-0.0814,-0.2090,1.1314,-15.823,0.553,4.243
2439182,1391,1912,2123,-0.0827,-0.2075,1.1209,-15.699,0.809,4.449
2439192,1391,1865,2141,-0.0851,-0.2030,1.1121,-15.819,0.959,4.619
2439202,1392,1896,1814,-0.0890,-0.2005,1.0972,-15.945,1.111,4.575
2439212,1390,1873,1862,-0.0919,-0.2039,1.0841,-15.900,1.142,4.215
2439222,1409,1918,2233,-0.0929,-0.2115,1.0768,-15.587,0.876,3.716
2439232,1389,1865,1837,-0.0922,-0.2182,1.0730,-14.934,0.408,3.273
2439242,1392,1890,1604,-0.0910,-0.2227,1.0730,-13.955,-0.159,2.977
2439252,1383,1864,1620,-0.0890,-0.2248,1.0744,-12.564,-0.654,2.796
2439262,1431,1906,1619,-0.0871,-0.2274,1.0785,-10.932,-1.157,2.632
2439272,1388,1866,1634,-0.0845,-0.2282,1.0838,-9.274,-1.635,2.423
2439282,1385,1883,1642,-0.0824,-0.2302,1.0880,-7.616,-1.867,2.155
2439292,1398,1863,1871,-0.0812,-0.2319,1.0947,-6.135,-2.005,1.846
2439302,1402,1902,1924,-0.0810,-0.2322,1.1019,-4.910,-2.133,1.539
2439312,1386,1865,1707,-0.0819,-0.2330,1.1087,-4.024,-2.213,1.193
2439322,1392,1910,1968,-0.0826,-0.2373,1.1202,-3.544,-2.421,0.832
2439332,1386,1867,2033,-0.0821,-0.2405,1.1270,-3.373,-2.520,0.539
2439342,1386,1884,2259,-0.0819,-0.2415,1.1300,-3.295,-2.400,0.432
2439352,1395,1864,1690,-0.0799,-0.2415,1.1347,-3.334,-2.279,0.497
2439362,1398,1892,1966,-0.0794,-0.2395,1.1358,-3.379,-2.046,0.649
2439372,1398,1866,1926,-0.0782,-0.2356,1.1347,-3.339,-1.652,0.843
2439382,1390,1892,1952,-0.0774,-0.2310,1.1335,-3.209,-1.239,1.005
2439392,1415,1864,1608,-0.0776,-0.2267,1.1299,-3.010,-0.805,1.093
2439402,1393,1889,2195,-0.0778,-0.2240,1.1253,-2.819,-0.383,1.075
2439412,1390,1870,1675,-0.0787,-0.2239,1.1196,-2.701,-0.036,0.971
2439422,1393,1884,1658,-0.0796,-0.2248,1.1130,-2.669,0.190,0.835
2439432,1395,1863,2057,-0.0799,-0.2243,1.1098,-2.802,0.192,0.757
2439442,1403,1887,1663,-0.0800,-0.2263,1.1106,-3.146,0.001,0.756
2439452,1409,1864,1808,-0.0805,-0.2271,1.1086,-3.655,-0.173,0.822
2439462,1393,1902,2015,-0.0827,-0.2283,1.1084,-4.330,-0.343,0.875
2439472,1393,1871,1718,-0.0841,-0.2301,1.1081,-5.124,-0.534,0.878
2439482,1401,1888,1855,-0.0859,-0.2319,1.1089,-5.937,-0.755,0.907
2439492,1404,1866,2352,-0.0856,-0.2337,1.1117,-6.777,-1.047,0.974
2439502,1419,1890,1756,-0.0852,-0.2366,1.1112,-7.506,-1.246,1.044
2439512,1400,1865,1992,-0.0852,-0.2375,1.1112,-8.047,-1.388,1.101
2439522,1424,1911,2343,-0.0851,-0.2405,1.1092,-8.230,-1.492,1.089
2439532,1406,1866,1952,-0.0827,-0.2450,1.1080,-8.209,-1.612,1.061
2439542,1404,1892,1756,-0.0820,-0.2491,1.1092,-8.036,-1.759,1.059
2439552,1421,1865,1755,-0.0811,-0.2533,1.1069,-7.754,-1.780,1.072
2439562,1395,1873,1992,-0.0808,-0.2560,1.1037,-7.383,-1.726,1.128
2439572,1409,1866,1826,-0.0805,-0.2574,1.1065,-7.004,-1.765,1.222
2439582,1398,1889,2219,-0.0824,-0.2584,1.1048,-6.553,-1.711,1.346
2439592,1408,1864,2087,-0.0832,-0.2587,1.1040,-6.096,-1.574,1.491
2439602,1419,1891,1862,-0.0844,-0.2579,1.1043,-5.623,-1.546,1.667
2439612,1405,1863,2146,-0.0849,-0.2584,1.1031,-5.123,-1.501,1.780
2439622,1410,1886,2270,-0.0847,-0.2595,1.1030,-4.619,-1.477,1.806
2439632,1413,1865,1818,-0.0833,-0.2604,1.1041,-4.078,-1.467,1.791
2439642,1406,1884,1972,-0.0822,-0.2612,1.1030,-3.472,-1.387,1.784
2439652,1405,1865,2104,-0.0809,-0.2621,1.1026,-2.825,-1.293,1.758
2439662,1433,1894,1810,-0.0806,-0.2624,1.1028,-2.191,-1.235,1.717
2439672,1416,1862,1887,-0.0798,-0.2625,1.1046,-1.519,-1.226,1.650
2439682,1434,1899,1886,-0.0796,-0.2626,1.1051,-0.890,-1.262,1.570
2439692,1415,1864,1748,-0.0783,-0.2620,1.1067,-0.344,-1.351,1.465
2439702,1429,1895,2276,-0.0761,-0.2601,1.1109,0.161,-1.456,1.367
2439712,1416,1863,1730,-0.0739,-0.2588,1.1142,0.615,-1.475,1.293
2439722,1410,1898,1684,-0.0727,-0.2574,1.1144,1.047,-1.325,1.221
2439732,1404,1865,2174,-0.0732,-0.2553,1.1121,1.475,-1.077,1.165
2439742,1414,1893,2061,-0.0753,-0.2529,1.1080,1.952,-0.803,1.075
2439752,1429,1871,1864,-0.0772,-0.2518,1.1045,2.438,-0.661,0.929
2439762,1410,1926,2555,-0.0792,-0.2516,1.1012,2.900,-0.641,0.709
2439772,1407,1866,2212,-0.0817,-0.2509,1.0987,3.369,-0.711,0.477
2439782,1430,1884,1996,-0.0841,-0.2497,1.0992,3.730,-0.941,0.303
2439792,1449,1873,1761,-0.0864,-0.2469,1.0992,4.006,-1.193,0.144
2439802,1409,1889,1719,-0.0872,-0.2445,1.1012,4.206,-1.415,-0.029
2439812,1413,1866,1860,-0.0858,-0.2438,1.1055,4.235,-1.683,-0.235
2439822,1423,1894,2172,-0.0849,-0.2446,1.1075,4.122,-1.870,-0.475
2439832,1417,1865,1682,-0.0826,-0.2451,1.1103,3.927,-1.986,-0.700
2439842,1496,1926,2234,-0.0804,-0.2478,1.1125,3.688,-2.013,-0.872
2439852,1421,1867,2105,-0.0782,-0.2495,1.1153,3.479,-1.910,-0.954
2439862,1424,1884,1637,-0.0773,-0.2506,1.1167,3.275,-1.746,-0.949
2439872,1421,1864,1959,-0.0773,-0.2521,1.1164,3.107,-1.511,-0.931
2439882,1410,1889,2202,-0.0771,-0.2534,1.1157,2.983,-1.267,-0.926
2439892,1423,1868,1806,-0.0780,-0.2547,1.1147,2.916,-1.067,-0.877
2439902,1417,1879,2017,-0.0785,-0.2552,1.1137,2.832,-0.931,-0.741
2439912,1414,1867,1684,-0.0790,-0.2544,1.1098,2.675,-0.867,-0.528
2439922,1443,1901,2034,-0.0798,-0.2532,1.1070,2.510,-0.841,-0.292
2439932,1452,1871,1970,-0.0798,-0.2515,1.1024,2.354,-0.894,-0.077
2439942,1419,1882,1784,-0.0794,-0.2496,1.1027,2.149,-1.071,0.091
2439952,1428,1865,2050,-0.0789,-0.2477,1.1016,1.913,-1.292,0.229
2439962,1426,1871,1770,-0.0772,-0.2449,1.0999,1.666,-1.490,0.358
2439972,1426,1863,1609,-0.0761,-0.2421,1.0990,1.419,-1.674,0.437
2439982,1426,1883,2412,-0.0755,-0.2396,1.1019,1.191,-1.864,0.471
2439992,1424,1867,1931,-0.0734,-0.2390,1.1033,0.964,-2.081,0.463
2440002,1423,1873,1622,-0.0728,-0.2388,1.1042,0.818,-2.188,0.418
2440012,1461,1869,1738,-0.0720,-0.2380,1.1055,0.794,-2.170,0.350
2440022,1423,1887,2180,-0.0719,-0.2366,1.1062,0.808,-2.150,0.305
2440032,1446,1872,1998,-0.0727,-0.2386,1.1080,0.855,-2.109,0.280
2440042,1422,1874,1890,-0.0721,-0.2408,1.1123,0.889,-2.099,0.287
2440052,1429,1866,1636,-0.0735,-0.2430,1.1160,0.929,-2.044,0.299
2440062,1421,1875,1871,-0.0731,-0.2453,1.1184,0.995,-1.934,0.266
2440072,1425,1867,1827,-0.0715,-0.2469,1.1214,1.030,-1.860,0.201
2440082,1424,1887,2142,-0.0692,-0.2480,1.1214,1.079,-1.702,0.148
2440092,1436,1868,2146,-0.0681,-0.2471,1.1200,1.164,-1.456,0.145
2440102,1423,1873,1765,-0.0663,-0.2448,1.1169,1.301,-1.226,0.165
2440112,1434,1863,1690,-0.0663,-0.2423,1.1135,1.511,-0.994,0.114
2440122,1422,1871,1801,-0.0664,-0.2401,1.1098,1.803,-0.868,-0.025
2440132,1444,1869,1613,-0.0666,-0.2378,1.1060,2.157,-0.824,-0.183
2440142,1424,1887,2100,-0.0678,-0.2370,1.1055,2.489,-0.840,-0.320
2440152,1432,1864,1828,-0.0680,-0.2364,1.1088,2.612,-0.968,-0.402
2440162,1426,1886,2103,-0.0692,-0.2347,1.1109,2.559,-1.029,-0.439
2440172,1433,1867,2003,-0.0700,-0.2326,1.1108,2.381,-1.029,-0.443
2440182,1464,1880,1873,-0.0712,-0.2319,1.1102,2.103,-1.061,-0.455
2440192,1485,1868,1641,-0.0718,-0.2330,1.1120,1.710,-1.053,-0.473
2440202,1426,1878,1972,-0.0740,-0.2344,1.1105,1.286,-1.015,-0.468
2440212,1435,1864,1953,-0.0763,-0.2370,1.1134,0.815,-1.053,-0.432
2440222,1434,1875,1948,-0.0777,-0.2392,1.1163,0.356,-1.137,-0.391
2440232,1446,1867,1888,-0.0785,-0.2404,1.1174,-0.054,-1.177,-0.336
2440242,1428,1874,1905,-0.0789,-0.2418,1.1183,-0.480,-1.189,-0.249
2440252,1449,1866,1856,-0.0774,-0.2419,1.1211,-0.946,-1.157,-0.096
2440262,1435,1884,2122,-0.0763,-0.2417,1.1205,-1.419,-1.081,0.073
2440272,1450,1865,1660,-0.0753,-0.2413,1.1223,-1.853,-1.001,0.210
2440282,1440,1884,1710,-0.0737,-0.2415,1.1201,-2.183,-0.877,0.297
2440292,1441,1868,2196,-0.0730,-0.2408,1.1172,-2.354,-0.724,0.362
2440302,1436,1875,1993,-0.0724,-0.2415,1.1148,-2.476,-0.610,0.415
2440312,1433,1866,2001,-0.0737,-0.2424,1.1097,-2.483,-0.498,0.453
2440322,1497,1928,1892,-0.0758,-0.2441,1.1049,-2.432,-0.423,0.472
2440332,1448,1864,1942,-0.0761,-0.2453,1.1039,-2.332,-0.479,0.476
2440342,1432,1878,1858,-0.0760,-0.2472,1.1022,-2.163,-0.577,0.493
2440352,1480,1870,1827,-0.0757,-0.2483,1.1028,-1.978,-0.721,0.505
2440362,1428,1876,1747,-0.0741,-0.2483,1.1027,-1.794,-0.896,0.510
2440372,1429,1869,1910,-0.0733,-0.2485,1.1015,-1.636,-1.072,0.535
2440382,1431,1873,1841,-0.0727,-0.2486,1.1017,-1.518,-1.242,0.560
2440392,1445,1865,1609,-0.0717,-0.2477,1.1013,-1.455,-1.381,0.594
2440402,1428,1872,1773,-0.0703,-0.2460,1.1010,-1.386,-1.479,0.620
2440412,1439,1864,1647,-0.0707,-0.2458,1.1012,-1.267,-1.565,0.621
2440422,1439,1875,1702,-0.0712,-0.2459,1.1026,-1.121,-1.658,0.628
2440432,1503,1868,1668,-0.0710,-0.2453,1.1044,-0.924,-1.703,0.665
2440442,1447,1877,1807,-0.0719,-0.2452,1.1052,-0.707,-1.677,0.742
2440452,1442,1865,1712,-0.0710,-0.2449,1.1068,-0.517,-1.696,0.855
2440462,1436,1872,1781,-0.0700,-0.2452,1.1086,-0.320,-1.717,0.940
2440472,1439,1866,2004,-0.0685,-0.2450,1.1099,-0.155,-1.688,0.945
2440482,1439,1870,2484,-0.0660,-0.2466,1.1123,-0.040,-1.661,0.912
2440492,1450,1861,1756,-0.0646,-0.2469,1.1151,0.026,-1.598,0.886
2440502,1437,1878,1649,-0.0636,-0.2462,1.1167,0.022,-1.467,0.844
2440512,1455,1872,1824,-0.0626,-0.2456,1.1178,-0.059,-1.368,0.758
2440522,1440,1885,1977,-0.0635,-0.2455,1.1173,-0.180,-1.263,0.625
2440532,1437,1866,1816,-0.0623,-0.2451,1.1179,-0.270,-1.150,0.470
2440542,1444,1878,1840,-0.0630,-0.2446,1.1152,-0.319,-1.011,0.317
2440552,1454,1866,1874,-0.0630,-0.2447,1.1134,-0.293,-0.897,0.164
2440562,1445,1871,2115,-0.0636,-0.2442,1.1121,-0.195,-0.826,0.036
2440572,1461,1869,1889,-0.0647,-0.2444,1.1098,-0.024,-0.754,-0.076
2440582,1444,1877,1631,-0.0652,-0.2447,1.1086,0.170,-0.685,-0.170
2440592,1442,1865,1858,-0.0666,-0.2458,1.1081,0.351,-0.676,-0.216
2440602,1441,1870,1744,-0.0679,-0.2459,1.1083,0.476,-0.727,-0.231
2440612,1463,1870,2039,-0.0700,-0.2460,1.1096,0.523,-0.762,-0.207
2440622,1449,1875,1887,-0.0719,-0.2450,1.1103,0.512,-0.760,-0.169
2440632,1445,1870,2076,-0.0724,-0.2461,1.1121,0.365,-0.768,-0.132
2440642,1464,1898,1895,-0.0727,-0.2468,1.1132,0.127,-0.792,-0.088
2440652,1443,1864,1924,-0.0731,-0.2474,1.1128,-0.136,-0.791,-0.029
2440662,1445,1874,2037,-0.0727,-0.2482,1.1134,-0.436,-0.799,0.028
2440672,1461,1866,1886,-0.0723,-0.2484,1.1155,-0.750,-0.798,0.081
2440682,1463,1866,1970,-0.0726,-0.2490,1.1146,-1.021,-0.737,0.148
2440692,1474,1867,1706,-0.0727,-0.2486,1.1142,-1.260,-0.674,0.212
