2500702,1791,1877,1765,-0.0946,-0.3404,1.0708,-0.802,-0.494,1.061
2500712,1846,1867,1764,-0.0943,-0.3403,1.0679,-1.217,-0.539,0.871
2500722,1816,1866,1917,-0.0941,-0.3419,1.0663,-1.642,-0.692,0.696
2500732,1745,1876,1635,-0.0936,-0.3446,1.0672,-1.951,-0.847,0.497
2500742,1804,1867,1718,-0.0928,-0.3475,1.0673,-2.066,-0.920,0.310
2500752,1708,1901,2067,-0.0924,-0.3504,1.0664,-2.057,-0.975,0.133
2500762,1799,1877,1621,-0.0923,-0.3533,1.0680,-1.962,-0.985,-0.014
2500772,1750,1884,1740,-0.0928,-0.3547,1.0680,-1.768,-0.985,-0.108
2500782,1845,1873,1763,-0.0933,-0.3559,1.0696,-1.419,-1.010,-0.198
2500792,1733,1877,1688,-0.0928,-0.3583,1.0691,-0.871,-0.926,-0.306
2500802,1792,1871,1954,-0.0909,-0.3591,1.0715,-0.173,-0.860,-0.340
2500812,1752,1896,1664,-0.0886,-0.3570,1.0724,0.527,-0.768,-0.296
2500822,1828,1867,1760,-0.0876,-0.3553,1.0698,1.272,-0.503,-0.232
2500832,1763,1884,1786,-0.0875,-0.3536,1.0692,2.071,-0.256,-0.175
2500842,1814,1870,1810,-0.0876,-0.3526,1.0676,2.790,-0.069,-0.152
2500852,1743,1903,1610,-0.0881,-0.3515,1.0644,3.340,0.130,-0.139
2500862,1807,1867,1814,-0.0894,-0.3479,1.0632,3.654,0.251,-0.091
2500872,1757,1876,1653,-0.0900,-0.3449,1.0662,3.769,0.222,-0.068
2500882,1820,1867,1671,-0.0900,-0.3446,1.0684,3.641,0.214,-0.136
2500892,1765,1878,1675,-0.0895,-0.3443,1.0700,3.272,0.182,-0.247
2500902,1816,1868,1763,-0.0894,-0.3453,1.0732,2.637,-0.007,-0.338
2500912,1758,1890,1718,-0.0891,-0.3460,1.0778,1.910,-0.124,-0.442
2500922,1823,1868,1652,-0.0900,-0.3479,1.0788,1.132,-0.169,-0.530
2500932,1751,1887,2020,-0.0903,-0.3480,1.0811,0.381,-0.255,-0.596
2500942,1828,1871,1720,-0.0907,-0.3495,1.0806,-0.248,-0.356,-0.641
2500952,1760,1893,1904,-0.0906,-0.3519,1.0789,-0.719,-0.453,-0.671
2500962,1828,1866,1618,-0.0910,-0.3546,1.0788,-1.097,-0.556,-0.629
2500972,1770,1876,1710,-0.0916,-0.3541,1.0761,-1.308,-0.658,-0.492
2500982,1821,1867,1778,-0.0915,-0.3527,1.0743,-1.387,-0.847,-0.309
2500992,1754,1902,2151,-0.0906,-0.3509,1.0724,-1.357,-1.055,-0.135
2501002,1824,1871,1653,-0.0898,-0.3482,1.0700,-1.298,-1.253,0.028
2501012,1821,1874,1804,-0.0889,-0.3448,1.0677,-1.302,-1.474,0.186
2501022,1840,1864,1631,-0.0892,-0.3425,1.0674,-1.457,-1.742,0.312
2501032,1754,1889,1666,-0.0890,-0.3429,1.0669,-1.761,-2.018,0.355
2501042,1831,1866,1714,-0.0884,-0.3441,1.0700,-2.183,-2.240,0.323
2501052,1775,1899,1716,-0.0882,-0.3469,1.0729,-2.699,-2.447,0.259
2501062,1830,1870,1854,-0.0881,-0.3500,1.0756,-3.344,-2.577,0.205
2501072,1757,1910,1624,-0.0882,-0.3539,1.0788,-4.119,-2.576,0.187
2501082,1832,1867,1760,-0.0879,-0.3578,1.0846,-4.999,-2.487,0.248
2501092,1751,1906,1672,-0.0892,-0.3618,1.0838,-6.036,-2.282,0.385
2501102,1831,1867,1671,-0.0909,-0.3642,1.0849,-7.151,-2.058,0.576
2501112,1762,1890,1745,-0.0913,-0.3652,1.0887,-8.264,-1.990,0.829
2501122,1828,1870,2181,-0.0914,-0.3643,1.0896,-9.318,-1.801,1.104
2501132,1780,1898,1825,-0.0920,-0.3633,1.0905,-10.364,-1.552,1.381
2501142,1861,1867,1732,-0.0919,-0.3610,1.0898,-11.438,-1.289,1.600
2501152,1840,1889,1766,-0.0909,-0.3612,1.0895,-12.604,-0.919,1.682
2501162,1740,1875,1797,-0.0898,-0.3643,1.0875,-13.883,-0.514,1.691
2501172,1812,1906,1675,-0.0890,-0.3669,1.0868,-15.230,-0.188,1.684
2501182,1729,1890,1749,-0.0889,-0.3716,1.0821,-16.676,0.150,1.685
2501192,2017,1921,1650,-0.0893,-0.3775,1.0773,-18.228,0.464,1.753
2501202,1853,1867,1669,-0.0886,-0.3834,1.0775,-20.071,0.452,2.003
2501212,2094,1963,2061,-0.0909,-0.3897,1.0729,-22.281,0.341,2.455
2501222,2008,1905,1912,-0.0942,-0.3952,1.0708,-24.884,0.144,3.099
2501232,1775,1884,1637,-0.0970,-0.3999,1.0707,-28.034,-0.355,3.935
2501242,1831,1913,2015,-0.1010,-0.4041,1.0706,-31.627,-0.845,4.993
2501252,1688,1955,1626,-0.1034,-0.4068,1.0747,-35.827,-1.407,6.225
2501262,1795,1900,1767,-0.1056,-0.4053,1.0793,-40.527,-1.848,7.558
2501272,1850,1957,1676,-0.1082,-0.4041,1.0813,-45.584,-1.864,8.749
2501282,1737,1868,1914,-0.1094,-0.4094,1.0795,-50.737,-1.607,9.562
2501292,1697,1944,1703,-0.1081,-0.4207,1.0715,-55.593,-1.162,9.957
2501302,2094,1873,1766,-0.1048,-0.4385,1.0629,-59.918,-0.756,10.013
2501312,2247,2032,1624,-0.1010,-0.4590,1.0543,-63.234,-0.374,9.891
2501322,1800,2031,1714,-0.0995,-0.4794,1.0421,-65.097,0.225,9.647
2501332,1805,2036,1638,-0.0971,-0.5045,1.0316,-65.232,0.893,9.303
2501342,2297,1903,1704,-0.0966,-0.5252,1.0187,-63.492,1.687,8.953
2501352,1722,1902,1961,-0.0976,-0.5452,1.0064,-59.979,2.528,8.696
2501362,1769,1877,2013,-0.0960,-0.5602,1.0032,-55.172,3.217,8.589
2501372,1914,1948,1716,-0.0974,-0.5763,1.0004,-49.561,3.990,8.678
2501382,1787,1945,1662,-0.0964,-0.5864,1.0044,-43.494,4.890,9.079
2501392,1899,1921,1743,-0.0926,-0.6059,1.0082,-37.688,5.889,9.751
2501402,1934,1872,2216,-0.0881,-0.6206,1.0065,-32.621,7.075,10.791
2501412,1734,1934,1681,-0.0851,-0.6240,1.0077,-28.420,8.086,12.314
2501422,1884,1898,1785,-0.0837,-0.6236,1.0159,-24.973,8.764,14.075
2501432,1726,1899,2043,-0.0861,-0.6251,1.0172,-22.143,9.552,15.726
2501442,1898,1867,2250,-0.0897,-0.6273,1.0150,-19.802,10.469,17.299
2501452,1735,1930,1636,-0.0955,-0.6258,1.0191,-18.173,11.111,18.960
2501462,1704,1893,1618,-0.1034,-0.6243,1.0235,-17.364,11.765,20.627
2501472,1722,1969,1842,-0.1119,-0.6237,1.0271,-17.245,12.550,22.310
2501482,2077,1953,1753,-0.1196,-0.6270,1.0308,-17.764,13.417,24.016
2501492,1754,1945,1863,-0.1279,-0.6314,1.0351,-18.811,14.395,25.778
2501502,1782,1948,1621,-0.1359,-0.6332,1.0371,-20.153,15.476,27.610
2501512,1785,1938,1659,-0.1452,-0.6348,1.0415,-21.530,16.506,29.441
2501522,1829,1908,1652,-0.1535,-0.6381,1.0480,-22.702,17.618,31.219
2501532,1882,1910,1776,-0.1622,-0.6443,1.0530,-23.581,18.978,32.928
2501542,1873,1871,1725,-0.1709,-0.6527,1.0570,-24.059,20.493,34.635
2501552,1760,1878,1665,-0.1769,-0.6612,1.0625,-24.068,22.124,36.451
2501562,2024,1863,2021,-0.1826,-0.6681,1.0662,-23.523,23.931,38.430
2501572,1814,1932,2049,-0.1882,-0.6737,1.0681,-22.509,25.951,40.572
2501582,1990,1865,2007,-0.1950,-0.6751,1.0665,-21.036,28.178,42.852
2501592,1816,2016,1655,-0.2026,-0.6757,1.0664,-19.285,30.471,45.209
2501602,1778,1880,1711,-0.2112,-0.6750,1.0629,-17.456,32.847,47.528
2501612,1769,1944,1644,-0.2215,-0.6750,1.0551,-15.632,35.325,49.730
2501622,1984,1923,1738,-0.2308,-0.6745,1.0481,-13.853,37.695,51.855
2501632,1812,1937,2091,-0.2407,-0.6741,1.0390,-12.177,39.911,53.918
2501642,1777,2006,1636,-0.2501,-0.6723,1.0282,-10.539,42.032,55.973
2501652,1743,1939,1616,-0.2594,-0.6687,1.0174,-8.946,44.078,58.019
2501662,1759,2049,1738,-0.2689,-0.6631,1.0066,-7.314,46.037,60.116
2501672,1700,1865,1763,-0.2770,-0.6578,0.9973,-5.860,47.811,62.204
2501682,1696,1870,1806,-0.2841,-0.6521,0.9889,-4.674,49.437,64.275
2501692,1715,1932,2254,-0.2913,-0.6459,0.9792,-3.808,50.969,66.396
2501702,1697,1872,1830,-0.2976,-0.6389,0.9726,-3.274,52.341,68.598
2501712,1723,1871,1836,-0.3047,-0.6323,0.9636,-3.024,53.700,70.812
2501722,1685,1975,1880,-0.3122,-0.6280,0.9499,-2.921,55.116,73.018
2501732,1854,1900,2239,-0.3185,-0.6265,0.9390,-3.090,56.313,75.180
2501742,1690,1888,1629,-0.3272,-0.6265,0.9249,-3.516,57.406,77.322
2501752,1786,1974,2245,-0.3355,-0.6262,0.9103,-4.037,58.392,79.595
2501762,1725,1878,2059,-0.3441,-0.6230,0.8997,-4.553,59.041,82.042
2501772,1747,1924,1974,-0.3520,-0.6171,0.8892,-5.012,59.485,84.602
2501782,1686,1886,1856,-0.3603,-0.6068,0.8797,-5.367,59.858,87.194
2501792,1821,1881,2106,-0.3704,-0.5950,0.8707,-5.643,60.209,89.726
2501802,1793,1914,2279,-0.3797,-0.5787,0.8614,-5.948,60.509,92.060
2501812,1723,1955,1683,-0.3916,-0.5610,0.8534,-6.078,60.789,94.186
2501822,1799,1985,1790,-0.4039,-0.5464,0.8429,-5.952,61.140,96.051
2501832,1867,1886,2198,-0.4152,-0.5340,0.8315,-5.607,61.549,97.697
2501842,1694,1932,2199,-0.4245,-0.5264,0.8240,-5.161,61.816,99.201
2501852,1693,1904,2539,-0.4313,-0.5172,0.8198,-4.799,61.873,100.737
2501862,1687,1866,1736,-0.4405,-0.5057,0.8096,-4.288,62.201,102.343
2501872,1792,1945,2166,-0.4489,-0.4924,0.8027,-3.572,62.669,103.940
2501882,1907,1871,1969,-0.4567,-0.4765,0.7981,-2.769,63.041,105.519
2501892,1735,1946,2367,-0.4682,-0.4551,0.7878,-1.768,63.614,107.025
2501902,1729,1871,1654,-0.4801,-0.4277,0.7785,-0.596,64.179,108.387
2501912,1760,1951,2230,-0.4942,-0.3999,0.7717,0.690,64.697,109.500
2501922,1836,1897,2090,-0.5097,-0.3680,0.7625,2.077,65.389,110.219
2501932,1801,1861,1694,-0.5231,-0.3447,0.7484,3.452,66.178,110.351
2501942,1884,1876,1802,-0.5360,-0.3284,0.7324,4.672,66.712,109.975
2501952,1750,1932,2257,-0.5438,-0.3115,0.7157,6.200,67.130,109.490
2501962,1696,1907,2062,-0.5554,-0.2940,0.7015,7.777,67.387,108.967
2501972,1735,1912,1940,-0.5717,-0.2677,0.6875,10.054,67.306,108.443
2501982,1851,1904,2184,-0.5888,-0.2369,0.6674,12.357,67.169,107.840
2501992,1699,1894,2199,-0.6085,-0.2090,0.6528,14.555,66.859,107.013
2502002,1701,1882,2511,-0.6274,-0.1815,0.6382,16.598,66.286,105.978
2502012,1691,1896,2281,-0.6441,-0.1535,0.6263,18.536,65.551,104.722
2502022,1875,1915,2122,-0.6617,-0.1268,0.6171,20.287,64.731,103.280
2502032,1831,1865,2184,-0.6776,-0.1016,0.6076,21.851,63.811,101.622
2502042,1800,1864,2228,-0.6923,-0.0768,0.5975,23.231,62.863,99.753
2502052,1699,1934,1885,-0.7050,-0.0582,0.5844,24.444,61.878,97.687
2502062,1847,1864,1826,-0.7160,-0.0402,0.5722,25.586,60.935,95.454
2502072,1751,1868,1975,-0.7294,-0.0271,0.5551,26.579,60.033,93.151
2502082,1810,1899,2669,-0.7395,-0.0098,0.5420,27.663,58.996,91.007
2502092,1705,1871,2250,-0.7517,0.0076,0.5313,28.613,57.693,88.988
2502102,1703,1887,2179,-0.7626,0.0288,0.5221,29.580,56.253,87.052
2502112,1776,1881,2203,-0.7748,0.0499,0.5141,30.394,54.730,85.064
2502122,1875,1888,2375,-0.7818,0.0688,0.5076,30.996,53.131,82.958
2502132,1984,1921,2324,-0.7891,0.0879,0.5023,31.205,51.510,80.677
2502142,1764,1917,2336,-0.7973,0.1029,0.4921,31.214,50.133,78.263
2502152,1733,1890,1951,-0.8059,0.1170,0.4866,30.990,48.673,75.802
2502162,1828,1868,2115,-0.8130,0.1272,0.4821,30.456,47.108,73.331
2502172,1739,1905,2122,-0.8205,0.1377,0.4723,29.658,45.645,70.876
2502182,1915,1881,1845,-0.8274,0.1460,0.4665,28.665,44.142,68.474
2502192,1772,1871,2514,-0.8317,0.1558,0.4618,27.584,42.432,66.155
2502202,1723,2016,2304,-0.8365,0.1647,0.4542,26.415,40.761,63.882
2502212,1700,1875,2137,-0.8404,0.1747,0.4493,25.352,39.097,61.663
2502222,1691,1929,2473,-0.8476,0.1819,0.4443,24.227,37.341,59.450
2502232,1695,1940,2221,-0.8548,0.1942,0.4342,23.278,35.757,57.413
2502242,1729,1961,2272,-0.8628,0.2028,0.4123,22.051,34.230,55.393
2502252,1722,1888,1978,-0.8706,0.2131,0.3868,20.768,32.572,53.473
2502262,1706,1863,1977,-0.8774,0.2209,0.3678,19.452,30.416,51.649
2502272,1805,1878,3052,-0.8798,0.2301,0.3628,18.099,27.562,49.938
2502282,1765,1867,1737,-0.8829,0.2392,0.3725,16.843,24.490,48.346
2502292,1797,1962,1700,-0.8853,0.2519,0.3918,15.656,21.516,46.890
2502302,1696,1992,2088,-0.8759,0.2573,0.4224,14.258,18.924,45.276
2502312,1705,1882,2052,-0.8629,0.2614,0.4716,11.566,16.101,43.690
2502322,1702,1873,1847,-0.8462,0.2665,0.4939,7.349,14.049,42.397
2502332,1700,1878,2061,-0.8388,0.2607,0.4677,1.617,13.891,40.894
2502342,2107,1866,1692,-0.8361,0.2611,0.4612,-4.839,13.364,39.439
2502352,1699,1871,1785,-0.8396,0.2646,0.4612,-10.884,11.882,38.302
2502362,1790,1867,2220,-0.8516,0.2681,0.4341,-15.571,11.241,37.042
2502372,2545,1894,1848,-0.8620,0.2641,0.4142,-18.871,10.346,35.345
2502382,3858,2062,1743,-0.8677,0.2558,0.4023,-20.470,8.604,33.266
2502392,2202,1871,2127,-0.8721,0.2443,0.3863,-19.982,6.932,30.951
2502402,1732,1870,1652,-0.8739,0.2333,0.3838,-17.849,5.031,28.653
2502412,1708,1950,1647,-0.8725,0.2241,0.3854,-14.468,3.251,26.415
2502422,1827,1927,2005,-0.8703,0.2318,0.4056,-9.715,1.657,24.570
2502432,2084,1885,1984,-0.8664,0.2616,0.4447,-3.821,0.120,23.323
2502442,1894,1921,2043,-0.8700,0.3045,0.4691,2.580,-0.205,22.033
2502452,1882,1873,1791,-0.8785,0.3484,0.4732,8.750,0.898,20.076
2502462,1730,1891,1810,-0.8877,0.3811,0.4725,14.004,2.300,17.139
2502472,1693,1897,1747,-0.8956,0.3931,0.4743,17.726,3.420,13.290
2502482,1704,2051,1960,-0.9033,0.3884,0.4759,20.005,4.469,9.239
2502492,1707,1912,2580,-0.9129,0.3752,0.4730,21.529,5.749,5.683
2502502,1769,1891,1714,-0.9178,0.3561,0.4692,22.280,6.829,2.796
2502512,1695,1883,1816,-0.9255,0.3420,0.4650,22.552,7.776,0.750
2502522,1777,1868,1673,-0.9331,0.3464,0.4576,22.695,8.525,-0.227
2502532,1848,1864,2085,-0.9299,0.3524,0.4315,22.468,8.962,-0.941
2502542,1840,1871,2156,-0.9246,0.3483,0.4199,21.602,8.483,-2.102
2502552,2060,2185,1645,-0.9227,0.3533,0.4346,19.762,6.512,-3.284
2502562,2521,1868,2259,-0.9292,0.3564,0.4339,17.880,5.190,-4.445
2502572,1929,1915,2252,-0.9386,0.3512,0.4416,15.466,4.265,-5.743
2502582,1986,1869,1718,-0.9457,0.3464,0.4435,12.585,3.528,-6.634
2502592,1847,1898,2222,-0.9487,0.3317,0.4198,9.268,3.404,-7.216
2502602,2746,1983,1639,-0.9485,0.3104,0.4034,5.338,2.878,-7.745
2502612,1733,1896,1959,-0.9461,0.2865,0.4077,1.173,1.412,-8.093
2502622,2117,1940,1926,-0.9426,0.2677,0.4227,-2.456,-0.261,-8.092
2502632,2889,2011,1780,-0.9414,0.2588,0.4473,-5.204,-1.682,-7.690
2502642,1853,1867,1911,-0.9422,0.2564,0.4644,-6.881,-2.384,-7.072
2502652,2260,1972,1942,-0.9449,0.2495,0.4532,-7.796,-1.939,-6.759
2502662,1802,1908,1898,-0.9466,0.2396,0.4407,-7.987,-1.215,-6.802
2502672,1946,2222,1945,-0.9413,0.2319,0.4505,-7.669,-1.312,-6.942
2502682,1747,2077,1963,-0.9332,0.2188,0.4707,-6.715,-1.544,-7.199
2502692,1816,2024,1706,-0.9270,0.2079,0.5046,-5.395,-1.419,-7.409
2502702,2019,2275,2071,-0.9256,0.2160,0.5206,-3.785,-0.506,-7.178
2502712,1869,1899,1745,-0.9439,0.2264,0.5162,-1.261,2.254,-6.615
2502722,1762,1877,1695,-0.9655,0.2471,0.5175,0.767,4.849,-5.354
2502732,1808,2061,1693,-0.9812,0.2434,0.4598,2.279,8.438,-4.087
2502742,1900,1865,1867,-0.9779,0.2386,0.4475,2.842,10.596,-3.001
2502752,1969,1868,1651,-0.9524,0.2347,0.4944,2.487,9.767,-1.872
2502762,2138,1899,1749,-0.9245,0.2138,0.5333,2.646,9.843,-1.117
2502772,1813,1927,3232,-0.9253,0.2154,0.5292,2.144,11.084,-0.064
2502782,3171,1870,1759,-0.9448,0.2090,0.4400,3.861,14.991,0.547
2502792,2584,1897,2435,-0.9598,0.1943,0.4138,6.006,17.000,0.255
2502802,2170,1957,3017,-0.9643,0.1968,0.4414,8.269,15.455,0.616
2502812,1770,1955,2288,-0.9701,0.2082,0.4193,10.786,15.305,1.260
2502822,3804,1918,2024,-0.9720,0.2281,0.4061,13.295,15.635,1.812
2502832,1784,1891,1759,-0.9707,0.2467,0.4195,16.057,14.943,1.890
2502842,1844,1866,2335,-0.9715,0.2529,0.4120,19.614,15.136,1.160
2502852,2240,1938,2541,-0.9722,0.2483,0.4078,23.535,15.909,0.014
2502862,1737,2299,2766,-0.9688,0.2450,0.4333,27.178,16.051,-0.735
2502872,1848,2109,2110,-0.9689,0.2566,0.4600,29.867,16.179,-0.677
2502882,2022,1882,2721,-0.9856,0.2790,0.4418,31.628,17.731,-0.027
2502892,1856,1892,3513,-1.0160,0.3091,0.3995,32.341,20.289,0.999
2502902,1699,2318,1776,-1.0359,0.3318,0.3524,31.986,22.179,2.203
2502912,2152,1872,1716,-1.0263,0.3451,0.3703,29.914,21.218,3.047
2502922,2012,1976,2050,-0.9867,0.3110,0.4279,25.766,18.671,3.049
2502932,1686,1930,2162,-0.9531,0.2849,0.4858,20.069,17.018,3.093
2502942,2121,1938,2354,-0.9488,0.2975,0.4319,13.544,17.911,4.098
2502952,2543,1873,2909,-0.9729,0.2669,0.2966,10.651,23.090,3.131
2502962,2541,1873,2537,-0.9804,0.2109,0.3014,7.508,22.483,0.974
2502972,2218,1876,2437,-0.9918,0.1565,0.3120,4.793,18.374,0.410
2502982,2391,1874,1852,-1.0040,0.1282,0.2462,3.996,17.216,1.681
2502992,2156,1974,1720,-0.9947,0.1291,0.2476,4.463,14.208,4.289
2503002,2084,1867,1937,-0.9775,0.1456,0.2890,6.859,9.641,7.127
2503012,2176,1940,2306,-0.9652,0.1794,0.3087,11.783,7.409,9.555
2503022,1946,1997,1873,-0.9614,0.2220,0.3185,17.726,6.883,11.324
2503032,2234,2010,2169,-0.9637,0.2589,0.2968,24.045,7.823,12.039
2503042,2496,1871,1767,-0.9602,0.2806,0.2895,29.570,8.890,11.602
2503052,1771,2040,1791,-0.9499,0.3089,0.3677,32.504,7.255,11.109
2503062,2134,1871,1911,-0.9497,0.3465,0.4002,32.762,6.498,10.851
2503072,2074,1927,1952,-0.9620,0.3490,0.3052,32.915,10.846,9.582
2503082,2758,2401,2086,-0.9727,0.3389,0.2810,32.136,13.323,7.727
2503092,1876,1979,2039,-0.9668,0.3305,0.2972,30.439,11.684,6.385
2503102,1933,1870,1987,-0.9427,0.2772,0.2662,29.084,11.418,4.553
2503112,1917,1937,2263,-0.9076,0.2431,0.3457,26.725,8.380,3.359
2503122,1909,1873,2272,-0.8930,0.2497,0.3618,24.359,5.793,3.642
2503132,1927,2079,2055,-0.9125,0.2448,0.2370,26.199,10.140,3.397
2503142,1852,1894,2283,-0.9120,0.2317,0.2509,28.168,10.185,3.022
2503152,2314,1891,1872,-0.9056,0.2099,0.2827,27.707,6.289,2.786
2503162,3515,1881,2518,-0.9115,0.2034,0.2365,27.347,5.830,3.103
2503172,1724,1909,1827,-0.9116,0.2171,0.2385,26.339,4.612,4.379
2503182,2039,1903,2527,-0.9102,0.2291,0.2575,25.228,2.392,5.469
2503192,1668,2060,2493,-0.9103,0.2430,0.2598,24.684,1.439,5.862
2503202,1978,1936,3179,-0.9069,0.2612,0.2666,24.712,0.805,5.875
2503212,2271,2167,2754,-0.8980,0.2738,0.2790,25.412,0.303,5.550
2503222,1636,1920,4095,-0.8977,0.2892,0.3239,25.376,-0.824,5.449
2503232,1837,2253,3120,-0.9212,0.3299,0.3458,23.763,-1.016,6.073
2503242,2548,2003,2652,-0.9593,0.3631,0.2462,21.904,2.759,6.569
2503252,1687,1870,2722,-0.9799,0.3989,0.2106,19.434,4.733,6.529
2503262,1890,2258,3134,-0.9671,0.3995,0.2340,14.535,1.521,5.601
2503272,2539,2087,2427,-0.9343,0.3396,0.2469,8.723,-0.705,3.046
2503282,1669,1862,2202,-0.8994,0.3211,0.3596,0.612,-5.457,1.654
2503292,1651,1922,2532,-0.9001,0.3059,0.3057,-6.855,-5.665,1.142
2503302,1959,1874,2255,-0.9292,0.2644,0.1895,-11.112,-0.364,-0.305
2503312,2256,1883,2648,-0.9315,0.2348,0.2412,-15.993,-2.926,-0.859
2503322,1787,1860,2603,-0.9381,0.1990,0.2511,-20.146,-6.809,-0.528
2503332,2053,1911,2330,-0.9404,0.1899,0.2299,-22.072,-7.899,0.919
2503342,2685,1898,2291,-0.9356,0.1983,0.2593,-22.994,-10.232,3.197
2503352,1565,1925,2168,-0.9316,0.2156,0.2628,-21.911,-11.433,5.167
2503362,1572,1873,2246,-0.9274,0.2345,0.2575,-19.659,-11.287,6.354
2503372,1938,1866,2314,-0.9192,0.2546,0.2740,-17.040,-11.409,7.024
2503382,1695,1964,2726,-0.9167,0.2830,0.2993,-14.697,-11.541,7.473
2503392,1629,1889,2172,-0.9302,0.3189,0.3017,-13.159,-10.708,7.804
2503402,2193,1939,1882,-0.9620,0.3553,0.2738,-12.689,-8.378,7.463
2503412,1624,2173,3083,-0.9811,0.3741,0.2461,-13.177,-6.536,6.472
2503422,2081,1860,3300,-0.9779,0.3714,0.2455,-14.876,-6.697,4.725
2503432,2225,2042,2160,-0.9515,0.3315,0.2508,-17.435,-8.061,2.313
2503442,1686,1933,2511,-0.9009,0.2394,0.2719,-20.976,-9.362,-0.688
2503452,1796,1956,2858,-0.8539,0.1887,0.3897,-26.500,-13.418,-1.678
2503462,3516,1969,2146,-0.8472,0.1817,0.3664,-32.453,-14.059,0.257
2503472,2658,1937,2562,-0.8604,0.1786,0.3596,-36.124,-13.476,2.927
2503482,2965,1873,2123,-0.8612,0.1642,0.3738,-39.802,-16.773,5.233
2503492,1884,1992,2797,-0.8553,0.1721,0.3463,-41.647,-17.644,7.710
2503502,2234,1874,2747,-0.8472,0.1896,0.3408,-42.495,-18.273,10.045
2503512,2976,2019,2403,-0.8382,0.2042,0.3497,-41.579,-18.737,11.470
2503522,2766,1903,2204,-0.8342,0.2030,0.3397,-39.460,-17.991,11.718
2503532,1546,1866,2346,-0.8234,0.2072,0.3518,-36.564,-17.238,11.577
2503542,1655,1912,2609,-0.8223,0.2326,0.4113,-34.197,-17.769,11.928
2503552,1667,1942,3009,-0.8409,0.2758,0.4249,-31.996,-16.649,12.627
2503562,1936,2492,2210,-0.8605,0.2897,0.3453,-29.433,-12.246,12.290
2503572,2485,1916,4090,-0.8602,0.2889,0.3412,-27.590,-10.161,11.119
2503582,2888,1940,2438,-0.8449,0.2885,0.4047,-27.985,-12.042,10.174
2503592,1745,1939,2767,-0.8322,0.2687,0.3550,-29.314,-11.264,9.234
2503602,3910,1907,2933,-0.8095,0.2024,0.3078,-31.070,-9.203,7.944
2503612,1765,1873,2878,-0.7909,0.1829,0.3939,-34.758,-12.601,8.702
2503622,1753,1924,3039,-0.8024,0.1905,0.3580,-37.657,-13.825,11.124
2503632,1615,1880,2867,-0.8195,0.1931,0.2823,-38.367,-11.846,13.214
2503642,2206,1860,3032,-0.8099,0.1795,0.3412,-39.864,-15.599,14.786
2503652,1647,2032,3245,-0.8018,0.1668,0.3749,-40.875,-19.475,15.991
2503662,1692,1863,2696,-0.8044,0.1751,0.3572,-40.579,-20.036,17.558
2503672,2670,2064,2954,-0.8049,0.1903,0.3603,-40.259,-20.961,19.336
2503682,1985,1921,2753,-0.8031,0.1984,0.3657,-40.146,-22.528,20.700
2503692,2217,1906,2828,-0.8010,0.2066,0.3753,-39.972,-24.042,21.773
2503702,1649,1862,2675,-0.7960,0.2193,0.4051,-39.751,-25.969,22.781
2503712,1783,1908,2956,-0.7877,0.2329,0.4326,-39.151,-27.513,23.590
2503722,1553,1875,3215,-0.7882,0.2569,0.4541,-38.208,-28.341,24.283
2503732,1625,1960,2923,-0.7933,0.2814,0.4587,-37.273,-28.371,24.598
2503742,1575,1933,3069,-0.8016,0.2833,0.4631,-37.128,-28.054,24.337
2503752,1550,2296,2710,-0.8157,0.3020,0.4628,-38.015,-27.829,24.646
2503762,1699,1952,2518,-0.8326,0.3211,0.4177,-38.695,-26.672,25.645
2503772,1560,1898,2497,-0.8301,0.3412,0.4202,-40.183,-27.544,26.381
2503782,1683,1876,2843,-0.8090,0.3348,0.4442,-42.438,-30.693,26.286
2503792,1612,1934,2823,-0.7859,0.3049,0.4487,-43.566,-32.550,25.206
2503802,1826,1872,2449,-0.7586,0.2661,0.4892,-44.114,-34.820,24.210
2503812,2184,2133,2882,-0.7275,0.2287,0.5344,-44.424,-37.169,24.031
2503822,1930,1866,2515,-0.7077,0.2204,0.5611,-44.985,-38.503,25.190
2503832,1755,1901,2034,-0.7062,0.2374,0.5262,-45.802,-38.213,27.359
2503842,1631,1914,2059,-0.7214,0.2447,0.4597,-46.565,-36.756,28.987
2503852,1628,1863,2324,-0.7204,0.2496,0.4730,-47.942,-38.867,30.328
2503862,1953,1885,3151,-0.7117,0.2494,0.5109,-49.360,-43.045,31.475
2503872,1943,1906,2412,-0.6923,0.2519,0.5413,-49.567,-46.181,32.339
2503882,1965,1935,3195,-0.6734,0.2591,0.5740,-48.429,-48.325,32.951
2503892,1799,1953,2455,-0.6545,0.2797,0.5973,-45.159,-49.112,33.511
2503902,1581,1865,2438,-0.6327,0.3070,0.6200,-40.918,-49.101,33.793
2503912,1767,1923,2063,-0.6052,0.3370,0.6617,-37.456,-49.463,33.600
2503922,1611,1946,3138,-0.5817,0.3690,0.7030,-35.434,-49.721,32.961
2503932,1702,1954,2282,-0.5676,0.3994,0.7161,-34.545,-48.613,31.854
2503942,1553,2034,1739,-0.5694,0.4191,0.7112,-34.580,-46.191,30.018
2503952,1606,2157,3563,-0.5847,0.4281,0.7143,-35.537,-43.773,27.647
2503962,1535,1867,2256,-0.6068,0.4183,0.6823,-36.868,-41.155,25.026
2503972,1610,2048,2450,-0.6252,0.3892,0.6484,-38.288,-38.952,22.338
2503982,2115,1869,2094,-0.6279,0.3565,0.6517,-40.443,-39.422,20.222
2503992,1588,1873,2085,-0.6191,0.3170,0.6629,-42.217,-40.858,18.520
2504002,1651,1879,2553,-0.5955,0.2925,0.7207,-43.763,-43.635,17.565
2504012,1703,1888,2130,-0.5671,0.2904,0.8037,-45.042,-46.437,17.375
2504022,1535,1915,2107,-0.5422,0.3190,0.8670,-46.473,-47.374,17.662
2504032,1788,1903,1759,-0.5423,0.3659,0.8624,-48.435,-45.140,17.813
2504042,1628,1886,2060,-0.5626,0.3885,0.8151,-50.745,-40.917,16.719
2504052,1862,1935,2025,-0.5836,0.3830,0.7899,-54.764,-38.541,14.141
2504062,3349,1924,2083,-0.6037,0.3556,0.7657,-58.837,-37.593,10.831
2504072,2020,1867,1654,-0.6145,0.3085,0.7658,-61.714,-37.674,7.430
2504082,1771,1862,1892,-0.6116,0.2528,0.7978,-63.521,-39.136,4.597
2504092,1588,1899,2267,-0.6018,0.2045,0.8286,-63.552,-40.069,2.893
2504102,1650,1917,1939,-0.5873,0.1948,0.8910,-62.379,-40.767,2.908
2504112,1767,1901,1779,-0.5775,0.2207,0.9515,-61.329,-40.874,4.047
2504122,1551,1860,1603,-0.5768,0.2674,0.9721,-60.683,-38.797,4.941
2504132,1549,2075,2049,-0.5814,0.3008,0.9798,-61.295,-35.889,4.605
2504142,1539,1879,2060,-0.5845,0.3139,0.9820,-63.352,-33.149,2.927
2504152,1535,1874,1603,-0.5900,0.3103,0.9802,-66.266,-30.548,0.681
2504162,1573,2109,1804,-0.6014,0.2955,0.9825,-69.068,-27.991,-1.340
2504172,1788,1877,2140,-0.6172,0.2866,0.9672,-70.718,-25.149,-2.668
2504182,1544,1867,1679,-0.6345,0.2809,0.9229,-70.492,-22.074,-3.816
2504192,1581,1937,1613,-0.6492,0.2669,0.8838,-68.505,-20.120,-5.550
2504202,1535,1860,1984,-0.6581,0.2429,0.8736,-65.067,-19.873,-7.960
2504212,1779,1900,2527,-0.6551,0.2277,0.9072,-60.803,-21.285,-10.325
2504222,1634,1925,1756,-0.6384,0.2198,0.9707,-56.630,-23.438,-12.363
2504232,1598,1868,1600,-0.6012,0.2176,1.0604,-53.547,-24.778,-14.162
2504242,1708,1937,1608,-0.5842,0.2393,1.1204,-52.888,-24.467,-14.946
2504252,1568,1877,1686,-0.5931,0.2824,1.0825,-52.432,-19.962,-15.119
2504262,1664,1870,2175,-0.6161,0.3123,1.0294,-52.534,-14.919,-16.472
2504272,1786,1891,2276,-0.6330,0.3145,0.9997,-53.199,-12.731,-19.783
2504282,1827,1860,2277,-0.6559,0.2677,0.9330,-52.222,-10.409,-25.146
2504292,1999,1888,1683,-0.6698,0.1965,0.9126,-49.501,-9.565,-31.060
2504302,1591,1868,1796,-0.6743,0.1213,0.9264,-45.841,-10.756,-36.011
2504312,1558,1872,1983,-0.6761,0.0678,0.9320,-40.732,-11.255,-39.295
2504322,1540,1985,2194,-0.6694,0.0585,0.9679,-35.054,-11.766,-40.588
2504332,1599,1908,2020,-0.6563,0.0855,1.0159,-29.772,-11.999,-40.734
2504342,1630,1939,1835,-0.6448,0.1357,1.0460,-25.523,-10.551,-40.916
2504352,1587,1906,1720,-0.6383,0.1816,1.0629,-22.960,-7.610,-41.983
2504362,1780,2215,1588,-0.6339,0.2048,1.0812,-22.113,-3.977,-44.274
2504372,1573,1905,1830,-0.6348,0.1990,1.0872,-22.606,0.330,-47.527
2504382,1579,2158,1857,-0.6397,0.1708,1.0638,-23.398,5.605,-51.269
2504392,1717,1965,1683,-0.6425,0.1325,1.0305,-23.885,10.718,-54.833
2504402,1653,2005,1854,-0.6460,0.0961,1.0016,-23.720,14.667,-57.725
2504412,1635,2101,1843,-0.6481,0.0632,0.9585,-22.248,18.216,-59.792
2504422,1732,1871,2302,-0.6465,0.0305,0.9590,-19.633,21.021,-61.008
2504432,1559,1872,1728,-0.6399,0.0135,1.0262,-17.810,22.551,-61.278
2504442,1554,1862,2325,-0.6355,0.0109,1.1105,-17.358,25.858,-60.982
2504452,1682,1892,1962,-0.6276,-0.0024,1.0824,-18.500,32.888,-60.565
2504462,1745,1870,2107,-0.6540,0.0000,1.0844,-20.761,38.964,-59.012
2504472,1870,1877,2164,-0.6838,-0.0217,1.0753,-24.621,42.193,-57.209
2504482,1740,1862,1611,-0.7155,-0.0612,1.0227,-29.370,45.374,-56.615
2504492,1748,2057,1605,-0.7380,-0.1158,1.0017,-32.809,46.646,-56.924
2504502,2817,2050,1750,-0.7584,-0.1729,0.9595,-32.426,48.138,-57.456
2504512,1596,1901,1586,-0.7765,-0.2238,0.9206,-28.056,50.428,-57.825
2504522,2310,1953,2189,-0.7913,-0.2650,0.8934,-20.996,52.331,-57.789
2504532,1904,1877,1765,-0.8075,-0.2867,0.8663,-11.342,54.817,-57.240
2504542,1605,1867,1791,-0.8278,-0.2831,0.8508,0.368,57.367,-56.080
2504552,1696,2054,1795,-0.8425,-0.2758,0.8373,13.535,60.123,-54.775
2504562,1671,1959,1735,-0.8493,-0.2700,0.8362,27.091,62.932,-53.659
2504572,1557,1862,1806,-0.8559,-0.2475,0.8436,40.073,65.381,-52.092
2504582,1663,1889,2239,-0.8640,-0.2250,0.8372,51.805,68.494,-50.161
2504592,1616,1896,1755,-0.8717,-0.2091,0.8387,61.229,71.356,-48.080
2504602,1556,1879,2061,-0.8802,-0.1941,0.8226,68.110,73.920,-45.729
2504612,1570,1899,1956,-0.8895,-0.1875,0.8081,72.515,76.180,-43.202
2504622,1659,1901,1733,-0.9030,-0.1695,0.8035,74.939,77.670,-40.334
2504632,1638,1876,2279,-0.9098,-0.1550,0.7734,76.067,79.789,-37.326
2504642,1706,1879,1826,-0.9049,-0.1592,0.7410,76.477,82.235,-34.532
2504652,1834,1874,2045,-0.9002,-0.1713,0.6904,76.044,83.789,-31.459
2504662,2209,1870,1720,-0.9199,-0.1646,0.6613,75.667,84.206,-27.589
2504672,2111,1996,2127,-0.9346,-0.1639,0.6192,74.810,82.540,-23.881
2504682,2164,1907,1610,-0.9479,-0.1647,0.5614,74.895,80.547,-21.137
2504692,1712,1867,1707,-0.9563,-0.1707,0.5364,76.474,77.146,-18.941
2504702,2073,1868,1618,-0.9636,-0.1799,0.4946,79.489,73.928,-16.967
2504712,1881,2103,1821,-0.9641,-0.1763,0.4717,83.339,70.735,-14.909
2504722,2672,1871,1833,-0.9618,-0.1556,0.4549,87.569,67.221,-12.614
2504732,2118,1860,1668,-0.9488,-0.1304,0.4234,92.242,64.771,-10.293
2504742,1736,1868,1936,-0.9380,-0.1042,0.4012,96.590,62.483,-7.946
2504752,2419,1935,2255,-0.9385,-0.0816,0.4011,100.252,59.362,-5.606
2504762,1574,1890,1798,-0.9436,-0.0707,0.4205,103.097,55.190,-3.782
2504772,1623,1870,1762,-0.9461,-0.0671,0.4403,105.086,50.525,-2.776
2504782,1667,1893,1669,-0.9482,-0.0647,0.4576,106.671,46.249,-2.347
2504792,1904,2522,2316,-0.9609,-0.0555,0.4630,108.047,43.186,-2.334
2504802,1745,1863,1645,-0.9629,-0.0522,0.4449,108.747,41.424,-2.192
2504812,1608,2142,2881,-0.9665,-0.0402,0.4124,108.300,40.544,-1.415
2504822,1557,1907,1813,-0.9762,-0.0150,0.3905,106.011,39.539,0.143
2504832,1588,1945,2404,-0.9783,0.0242,0.3857,101.864,38.014,2.370
2504842,1611,1899,1812,-0.9680,0.0675,0.4036,96.054,36.213,4.584
2504852,1630,1886,1780,-0.9469,0.0975,0.4482,88.512,34.504,5.977
2504862,1602,1860,2004,-0.9252,0.0939,0.4574,79.408,34.191,5.947
2504872,1997,1893,2379,-0.9098,0.0699,0.4483,70.391,34.811,5.140
2504882,1766,1891,1696,-0.8861,-0.0005,0.3918,62.166,34.556,4.740
2504892,1697,1914,1745,-0.8884,0.0041,0.4144,54.902,30.666,6.616
2504902,1697,1928,1722,-0.9074,0.0004,0.3471,48.249,27.909,8.675
2504912,1642,1886,1828,-0.9224,0.0034,0.2875,42.335,25.472,9.580
2504922,1564,1910,2016,-0.9211,0.0169,0.3219,37.920,19.323,10.594
2504932,1709,1903,1934,-0.9142,0.0304,0.3203,35.124,14.377,11.181
2504942,1652,1882,1625,-0.9018,0.0438,0.3094,32.731,10.948,10.981
2504952,1631,1920,1709,-0.8881,0.0523,0.3265,30.554,7.041,10.301
2504962,1573,1874,1695,-0.8791,0.0610,0.3257,29.503,4.163,9.425
2504972,1670,1922,1940,-0.8694,0.0758,0.3217,29.595,2.126,8.554
2504982,1567,1873,1756,-0.8553,0.0972,0.3440,30.030,-0.606,7.687
2504992,1610,1930,2063,-0.8367,0.1225,0.3787,30.539,-3.645,6.712
2505002,1599,1930,2002,-0.8194,0.1451,0.4023,30.959,-6.125,5.381
2505012,2284,1865,1680,-0.8130,0.1615,0.3960,31.351,-8.250,2.641
2505022,1571,1870,1760,-0.8126,0.1754,0.3817,32.111,-10.406,-0.400
2505032,1829,1883,1665,-0.8129,0.1815,0.3603,33.663,-12.866,-3.699
2505042,1566,1882,1767,-0.8100,0.1825,0.3452,36.399,-15.606,-7.284
2505052,1582,1877,1691,-0.8051,0.1813,0.3465,40.292,-18.871,-10.914
2505062,1570,1862,1713,-0.8011,0.1849,0.3453,45.565,-21.826,-14.440
2505072,1606,1869,1693,-0.7969,0.1922,0.3447,51.908,-24.447,-17.880
2505082,1868,1861,1717,-0.7922,0.1967,0.3481,58.904,-26.939,-21.445
2505092,1605,1890,1669,-0.7888,0.2015,0.3521,65.978,-29.458,-25.156
2505102,1560,1869,1696,-0.7833,0.2096,0.3640,72.895,-32.159,-28.858
2505112,1592,1906,2170,-0.7813,0.2182,0.3767,78.927,-35.150,-32.501
2505122,1570,1862,2560,-0.7784,0.2283,0.3863,83.911,-38.251,-36.017
2505132,1591,1981,1645,-0.7773,0.2366,0.3920,87.396,-41.543,-39.444
2505142,1878,1869,1749,-0.7735,0.2441,0.3949,89.496,-45.127,-42.625
2505152,1566,1889,1715,-0.7708,0.2502,0.4026,90.004,-49.138,-45.517
2505162,1799,1881,1660,-0.7678,0.2547,0.4159,89.000,-53.542,-48.019
2505172,1594,1904,2167,-0.7657,0.2573,0.4253,86.357,-58.035,-50.223
2505182,1702,1865,1689,-0.7643,0.2570,0.4322,82.191,-62.518,-52.179
2505192,1566,1870,1955,-0.7624,0.2538,0.4338,76.639,-67.181,-53.868
2505202,1631,1865,1782,-0.7613,0.2488,0.4258,69.894,-72.036,-55.326
2505212,1619,1895,2329,-0.7591,0.2425,0.4147,62.454,-77.444,-56.526
2505222,1609,1861,1803,-0.7524,0.2337,0.4134,54.504,-83.816,-57.522
2505232,1583,1876,1864,-0.7421,0.2212,0.4221,46.281,-90.831,-58.254
2505242,1744,1875,1744,-0.7306,0.2115,0.4484,37.593,-98.231,-58.590
2505252,1783,1861,1714,-0.7209,0.2066,0.4890,27.989,-105.635,-58.461
2505262,1619,1872,1636,-0.7128,0.2092,0.5275,17.284,-112.493,-58.003
2505272,1765,1860,1955,-0.7024,0.2093,0.5639,5.246,-118.903,-57.659
2505282,1608,1872,1659,-0.6877,0.2064,0.5938,-8.071,-125.032,-57.772
2505292,1674,1881,1912,-0.6709,0.1993,0.6198,-21.989,-130.856,-58.385
2505302,1660,1877,1746,-0.6515,0.1858,0.6459,-36.049,-136.427,-59.623
2505312,1589,1859,1826,-0.6293,0.1628,0.6697,-49.713,-141.602,-61.487
2505322,1808,1886,1677,-0.6042,0.1272,0.7039,-62.694,-146.370,-64.029
2505332,1604,1870,2114,-0.5744,0.0797,0.7483,-74.844,-150.591,-66.937
2505342,1606,1941,1748,-0.5436,0.0283,0.7867,-85.834,-153.315,-69.813
2505352,2046,1862,1914,-0.5194,-0.0195,0.8236,-95.293,-154.418,-72.308
2505362,1883,1858,1762,-0.4995,-0.0599,0.8540,-102.830,-154.173,-74.342
2505372,1605,1871,1947,-0.4829,-0.1021,0.8734,-107.879,-152.601,-76.241
2505382,1597,1923,2075,-0.4652,-0.1464,0.8901,-110.357,-150.260,-78.266
2505392,1632,1903,1627,-0.4473,-0.1922,0.9083,-110.191,-147.503,-80.484
2505402,1977,1862,2001,-0.4222,-0.2390,0.9252,-107.136,-144.169,-82.922
2505412,1614,1883,1663,-0.3965,-0.2842,0.9423,-101.414,-140.436,-85.563
2505422,1695,1873,2176,-0.3618,-0.3359,0.9608,-93.107,-136.295,-88.282
2505432,1715,1892,1706,-0.3294,-0.3801,0.9808,-82.362,-131.637,-90.694
2505442,1800,1867,2556,-0.3001,-0.4129,1.0054,-69.358,-126.499,-92.360
2505452,1823,1897,1668,-0.2714,-0.4451,1.0231,-54.937,-120.662,-93.407
2505462,1725,1864,1952,-0.2523,-0.4525,1.0377,-39.710,-114.541,-93.635
2505472,1702,1873,1982,-0.2446,-0.4544,1.0422,-23.702,-108.320,-93.007
2505482,1847,1860,1612,-0.2389,-0.4595,1.0459,-8.403,-102.427,-92.426
2505492,1588,1864,2562,-0.2304,-0.4597,1.0466,6.061,-97.311,-91.598
2505502,1700,1868,2958,-0.2243,-0.4502,1.0425,19.343,-92.522,-90.417
2505512,1574,1866,2038,-0.2128,-0.4399,1.0535,30.733,-88.735,-88.884
2505522,1715,1868,2257,-0.1996,-0.4285,1.0712,39.689,-85.611,-87.124
2505532,1605,1861,1955,-0.1860,-0.4148,1.0925,46.203,-82.775,-84.871
2505542,2032,1877,1846,-0.1729,-0.3999,1.1202,49.848,-80.318,-82.065
2505552,1943,1860,1759,-0.1640,-0.3868,1.1462,50.506,-78.027,-78.888
2505562,1637,1865,2661,-0.1581,-0.3767,1.1668,48.437,-75.643,-75.616
2505572,1658,1861,1894,-0.1526,-0.3728,1.1832,44.256,-73.346,-72.420
2505582,1642,1864,1988,-0.1438,-0.3753,1.1956,38.681,-71.083,-69.455
2505592,1639,1914,2594,-0.1359,-0.3801,1.2036,32.606,-68.736,-66.549
2505602,1615,1875,2472,-0.1313,-0.3857,1.2071,26.830,-66.200,-63.549
2505612,1581,1871,1988,-0.1207,-0.3911,1.2117,21.716,-63.578,-60.371
2505622,1585,1873,1677,-0.1106,-0.3994,1.2124,17.083,-60.829,-57.194
2505632,1626,1914,1829,-0.0992,-0.4088,1.2106,13.074,-57.988,-54.080
2505642,1730,1908,1645,-0.0865,-0.4197,1.2163,9.662,-55.412,-51.083
2505652,1583,1865,1698,-0.0735,-0.4322,1.2216,7.052,-52.992,-48.127
2505662,1606,1953,1895,-0.0619,-0.4441,1.2209,5.345,-50.412,-45.158
2505672,1588,1863,1845,-0.0509,-0.4528,1.2158,4.597,-47.659,-42.098
2505682,1830,1884,1625,-0.0438,-0.4555,1.2093,4.829,-44.912,-38.870
2505692,1958,1861,1624,-0.0400,-0.4535,1.2041,5.956,-42.128,-35.473
2505702,1590,1905,2092,-0.0392,-0.4467,1.1970,7.765,-39.413,-32.043
2505712,1836,1867,1809,-0.0358,-0.4343,1.1965,10.162,-36.944,-28.784
2505722,1795,1894,1732,-0.0320,-0.4230,1.1980,12.864,-34.757,-25.883
2505732,1677,1873,1902,-0.0260,-0.4121,1.1996,15.705,-32.579,-23.379
2505742,1622,1902,2330,-0.0210,-0.4008,1.2034,18.245,-30.527,-21.122
2505752,1581,1860,1589,-0.0174,-0.3882,1.2051,20.435,-28.462,-18.958
2505762,1579,1881,1729,-0.0170,-0.3748,1.2067,22.150,-26.313,-16.881
2505772,1581,1886,1720,-0.0171,-0.3609,1.2062,23.328,-24.174,-14.857
2505782,1594,1888,1876,-0.0180,-0.3464,1.2026,23.890,-22.049,-12.917
2505792,1583,1881,2134,-0.0200,-0.3323,1.1970,23.832,-20.040,-11.134
2505802,1580,1874,1839,-0.0223,-0.3184,1.1907,23.125,-18.311,-9.571
2505812,1749,1863,1934,-0.0247,-0.3036,1.1875,21.858,-16.915,-8.163
2505822,1587,1881,1976,-0.0293,-0.2863,1.1957,20.008,-15.842,-6.893
2505832,1579,1869,1596,-0.0214,-0.2826,1.2135,17.541,-14.949,-5.955
2505842,1583,1878,2020,-0.0145,-0.2902,1.2186,14.625,-13.359,-5.248
2505852,1580,1869,2014,-0.0178,-0.2929,1.2293,11.966,-11.220,-4.033
2505862,1580,1874,1588,-0.0228,-0.2876,1.2447,8.915,-9.298,-2.290
2505872,1584,1866,1843,-0.0264,-0.2758,1.2480,5.828,-7.038,-0.478
2505882,1637,1870,1839,-0.0291,-0.2618,1.2462,2.556,-4.887,1.077
2505892,1650,1890,1613,-0.0352,-0.2503,1.2272,-0.465,-2.800,2.197
2505902,1583,1860,1777,-0.0421,-0.2433,1.2016,-3.024,-0.891,2.770
2505912,1582,1860,1583,-0.0484,-0.2428,1.1798,-5.157,0.350,2.786
2505922,1607,1975,1693,-0.0541,-0.2450,1.1602,-6.619,1.037,2.488
2505932,1584,1883,2149,-0.0578,-0.2467,1.1439,-7.522,1.315,2.116
2505942,1598,1903,2087,-0.0584,-0.2494,1.1312,-8.022,1.271,1.834
2505952,1729,1860,1746,-0.0580,-0.2510,1.1178,-8.183,1.201,1.716
2505962,1603,1876,1907,-0.0563,-0.2522,1.1062,-8.271,1.047,1.769
2505972,1592,1867,1900,-0.0538,-0.2535,1.1004,-8.448,0.781,1.901
2505982,1659,1885,2185,-0.0515,-0.2564,1.0984,-8.744,0.509,1.989
2505992,1585,1865,1679,-0.0489,-0.2589,1.0953,-9.014,0.377,2.036
2506002,1615,1917,1944,-0.0477,-0.2614,1.0931,-9.237,0.392,2.040
2506012,1585,1865,1589,-0.0468,-0.2643,1.0902,-9.457,0.558,1.947
2506022,1587,1891,1811,-0.0464,-0.2685,1.0849,-9.764,0.813,1.761
2506032,1597,1861,1792,-0.0456,-0.2745,1.0798,-10.268,1.070,1.538
2506042,1584,1883,1887,-0.0464,-0.2801,1.0759,-10.964,1.339,1.307
2506052,1584,1864,1861,-0.0485,-0.2854,1.0717,-11.736,1.575,1.114
2506062,1584,1886,2091,-0.0502,-0.2915,1.0677,-12.437,1.701,1.006
2506072,1586,1869,2216,-0.0511,-0.2958,1.0639,-13.063,1.722,0.924
2506082,1592,1883,2350,-0.0516,-0.2971,1.0617,-13.600,1.652,0.850
2506092,1594,1861,2417,-0.0523,-0.2985,1.0612,-14.054,1.478,0.731
2506102,1590,1887,2427,-0.0523,-0.3004,1.0599,-14.391,1.295,0.540
2506112,1587,1860,2120,-0.0527,-0.3021,1.0602,-14.540,1.136,0.266
2506122,1658,1879,1922,-0.0526,-0.3049,1.0621,-14.558,0.925,-0.078
2506132,1594,1874,1858,-0.0520,-0.3078,1.0673,-14.469,0.673,-0.419
2506142,1833,1965,1951,-0.0512,-0.3116,1.0731,-14.361,0.438,-0.691
2506152,1774,1861,1820,-0.0512,-0.3136,1.0785,-14.295,0.254,-0.860
2506162,1599,1862,1673,-0.0543,-0.3168,1.0837,-14.323,0.083,-0.975
2506172,1596,2044,1623,-0.0578,-0.3207,1.0906,-14.405,-0.263,-1.054
2506182,1822,1875,1761,-0.0585,-0.3233,1.1042,-14.428,-0.908,-1.043
2506192,1631,1859,1778,-0.0585,-0.3273,1.1204,-14.303,-1.546,-0.991
2506202,1615,1874,1841,-0.0568,-0.3314,1.1301,-13.978,-1.930,-0.894
2506212,1585,1861,1704,-0.0547,-0.3314,1.1410,-13.541,-2.170,-0.695
2506222,1588,1862,2458,-0.0513,-0.3314,1.1526,-13.066,-2.310,-0.444
2506232,1592,1861,2005,-0.0484,-0.3312,1.1613,-12.526,-2.205,-0.219
2506242,1610,1866,1743,-0.0427,-0.3316,1.1653,-11.907,-1.878,0.016
2506252,1590,1863,1711,-0.0374,-0.3313,1.1647,-11.270,-1.357,0.272
2506262,1590,1870,1997,-0.0347,-0.3305,1.1560,-10.604,-0.590,0.523
2506272,1592,1860,1606,-0.0332,-0.3291,1.1455,-9.941,0.293,0.735
2506282,1600,1901,1874,-0.0338,-0.3270,1.1319,-9.246,1.172,0.865
2506292,1589,1865,1918,-0.0374,-0.3269,1.1163,-8.536,1.904,0.896
2506302,1593,1916,1733,-0.0418,-0.3278,1.1012,-7.786,2.369,0.839
2506312,1590,1864,1961,-0.0458,-0.3301,1.0843,-7.033,2.596,0.719
2506322,1602,1886,1655,-0.0498,-0.3331,1.0730,-6.358,2.502,0.614
2506332,1595,1862,2232,-0.0532,-0.3360,1.0659,-5.796,2.142,0.581
2506342,1597,1888,1789,-0.0562,-0.3376,1.0591,-5.393,1.656,0.657
2506352,1595,1864,1904,-0.0584,-0.3370,1.0557,-5.126,1.077,0.789
2506362,1592,1867,1588,-0.0595,-0.3383,1.0570,-4.990,0.419,0.878
2506372,1599,1860,2148,-0.0594,-0.3401,1.0601,-4.931,-0.214,0.868
2506382,1603,1879,1595,-0.0573,-0.3435,1.0659,-4.885,-0.754,0.782
2506392,1597,1865,1712,-0.0537,-0.3491,1.0751,-4.900,-1.202,0.705
2506402,1602,1889,2450,-0.0502,-0.3521,1.0778,-4.850,-1.285,0.748
2506412,1605,1872,2104,-0.0488,-0.3518,1.0757,-4.588,-0.987,0.901
2506422,1604,1880,1680,-0.0480,-0.3498,1.0744,-4.057,-0.643,1.065
2506432,1599,1861,1670,-0.0463,-0.3481,1.0709,-3.275,-0.270,1.086
2506442,1616,1888,1798,-0.0453,-0.3486,1.0694,-2.241,0.165,0.931
2506452,1599,1861,2327,-0.0466,-0.3501,1.0656,-1.000,0.619,0.649
2506462,1625,1912,2167,-0.0493,-0.3504,1.0622,0.329,0.958,0.333
2506472,1598,1861,1859,-0.0511,-0.3501,1.0623,1.578,1.058,0.095
2506482,1602,1885,1838,-0.0524,-0.3481,1.0653,2.641,1.004,-0.056
2506492,1623,1872,2495,-0.0525,-0.3451,1.0676,3.467,0.915,-0.144
2506502,1602,1881,1585,-0.0533,-0.3424,1.0691,4.050,0.801,-0.208
2506512,1601,1862,1723,-0.0528,-0.3391,1.0736,4.458,0.624,-0.246
2506522,1600,1891,1643,-0.0519,-0.3377,1.0771,4.690,0.398,-0.326
2506532,1608,1861,1875,-0.0494,-0.3363,1.0799,4.897,0.282,-0.434
2506542,1617,1909,2067,-0.0480,-0.3342,1.0829,5.177,0.263,-0.475
2506552,1600,1869,2766,-0.0476,-0.3327,1.0844,5.515,0.299,-0.497
2506562,1620,1883,1573,-0.0462,-0.3317,1.0852,5.896,0.412,-0.507
2506572,1629,1863,2091,-0.0446,-0.3300,1.0868,6.274,0.574,-0.510
2506582,1624,1884,2136,-0.0460,-0.3293,1.0881,6.614,0.763,-0.493
2506592,1600,1859,2012,-0.0482,-0.3293,1.0882,6.905,1.009,-0.498
2506602,1609,1887,2499,-0.0503,-0.3310,1.0888,7.062,1.210,-0.517
2506612,1623,1868,2106,-0.0516,-0.3318,1.0905,7.066,1.364,-0.436
2506622,1615,1874,1736,-0.0522,-0.3309,1.0964,6.923,1.497,-0.247
2506632,1608,1863,1618,-0.0526,-0.3303,1.1049,6.569,1.548,-0.009
2506642,1619,1883,1713,-0.0543,-0.3312,1.1057,6.168,1.774,0.169
2506652,1604,1862,1785,-0.0570,-0.3314,1.1035,5.947,2.119,0.294
2506662,1607,1887,2212,-0.0593,-0.3307,1.1038,5.864,2.173,0.413
2506672,1604,1863,1971,-0.0609,-0.3294,1.1057,5.983,1.966,0.499
2506682,1611,1881,1658,-0.0596,-0.3269,1.1029,6.322,1.768,0.597
2506692,1634,1863,1714,-0.0575,-0.3234,1.1007,6.739,1.572,0.727
2506702,1615,1889,1900,-0.0554,-0.3171,1.0963,7.205,1.418,0.874
2506712,1601,1863,1882,-0.0533,-0.3107,1.0949,7.518,1.290,0.939
2506722,1646,1919,2086,-0.0527,-0.3060,1.0915,7.608,1.156,0.900
2506732,1611,1863,2124,-0.0547,-0.3023,1.0882,7.433,1.053,0.765
2506742,1623,1902,1737,-0.0567,-0.2995,1.0853,6.901,0.831,0.574
2506752,1604,1863,1788,-0.0588,-0.2986,1.0822,6.046,0.507,0.375
2506762,1614,1877,1726,-0.0607,-0.2987,1.0810,4.925,0.117,0.190
2506772,1608,1867,1587,-0.0610,-0.3008,1.0818,3.586,-0.368,0.063
2506782,1682,1938,1957,-0.0598,-0.3029,1.0785,2.272,-0.731,-0.019
2506792,1605,1867,2131,-0.0582,-0.3051,1.0757,1.088,-1.058,-0.042
2506802,1614,1890,1839,-0.0561,-0.3063,1.0820,0.089,-1.510,0.028
2506812,1605,1863,1766,-0.0561,-0.3078,1.0879,-0.656,-1.831,0.134
2506822,1613,1914,2160,-0.0565,-0.3098,1.0890,-1.091,-1.831,0.178
2506832,1605,1873,1805,-0.0574,-0.3128,1.0914,-1.303,-1.773,0.161
2506842,1613,1889,1880,-0.0581,-0.3172,1.0947,-1.270,-1.718,0.140
2506852,1605,1864,2091,-0.0580,-0.3220,1.0963,-1.001,-1.583,0.183
2506862,1628,1899,1895,-0.0569,-0.3245,1.0979,-0.515,-1.381,0.326
2506872,1609,1869,1719,-0.0564,-0.3247,1.0956,0.183,-1.095,0.537
2506882,1659,1895,2120,-0.0555,-0.3219,1.0931,1.014,-0.840,0.736
2506892,1614,1866,1706,-0.0540,-0.3199,1.0908,1.855,-0.671,0.837
2506902,1631,1910,1941,-0.0524,-0.3171,1.0921,2.634,-0.578,0.839
2506912,1614,1869,1770,-0.0508,-0.3149,1.0942,3.234,-0.554,0.817
2506922,1615,1905,1602,-0.0502,-0.3117,1.0938,3.630,-0.486,0.761
2506932,1622,1867,1848,-0.0493,-0.3081,1.0960,3.774,-0.434,0.706
2506942,1619,1889,1925,-0.0484,-0.3040,1.0956,3.670,-0.413,0.655
2506952,1614,1869,1707,-0.0490,-0.3002,1.0943,3.403,-0.368,0.577
2506962,1622,1903,1619,-0.0492,-0.2987,1.0945,2.973,-0.394,0.463
2506972,1618,1868,1678,-0.0500,-0.2975,1.0927,2.441,-0.429,0.318
2506982,1626,1905,2463,-0.0506,-0.2985,1.0909,1.887,-0.437,0.145
2506992,1616,1864,1705,-0.0517,-0.3003,1.0928,1.316,-0.502,0.005
2507002,1650,1913,2530,-0.0538,-0.3022,1.0933,0.796,-0.563,-0.053
2507012,1615,1866,2167,-0.0553,-0.3044,1.0919,0.376,-0.554,-0.056
2507022,1654,1907,1678,-0.0561,-0.3066,1.0905,0.052,-0.576,-0.069
2507032,1612,1879,1711,-0.0566,-0.3084,1.0908,-0.117,-0.644,-0.083
2507042,1630,1908,2092,-0.0572,-0.3107,1.0912,-0.146,-0.718,-0.103
2507052,1618,1863,1710,-0.0572,-0.3122,1.0911,-0.025,-0.773,-0.129
2507062,1616,1907,1689,-0.0570,-0.3138,1.0920,0.177,-0.784,-0.145
2507072,1619,1869,1627,-0.0575,-0.3149,1.0938,0.403,-0.785,-0.160
2507082,1617,1923,1728,-0.0577,-0.3145,1.0968,0.617,-0.811,-0.150
2507092,1626,1888,2332,-0.0586,-0.3127,1.0988,0.747,-0.841,-0.103
