
1350772,1882,1937,1903,0.1776,0.3613,1.0688,-0.081,-0.112,0.119
1350782,1935,1909,1924,0.1774,0.3613,1.0679,-0.093,-0.086,0.097
1350792,1909,1933,1903,0.1768,0.3619,1.0697,-0.096,-0.082,0.105
1350802,1947,1909,1904,0.1758,0.3625,1.0698,-0.076,-0.036,0.128
1350812,1871,1938,1919,0.1762,0.3622,1.0686,-0.061,-0.036,0.150
1350822,1943,1904,1918,0.1768,0.3631,1.0688,-0.062,-0.081,0.170
1350832,1864,1952,1913,0.1760,0.3641,1.0679,-0.068,-0.119,0.194
1350842,1905,1927,1927,0.1770,0.3647,1.0680,-0.087,-0.162,0.219
1350852,1891,1934,1903,0.1779,0.3639,1.0693,-0.144,-0.212,0.224
1350862,1924,1910,1908,0.1775,0.3633,1.0688,-0.254,-0.271,0.217
1350872,1922,1936,1903,0.1777,0.3626,1.0682,-0.352,-0.293,0.206
1350882,1937,1929,1905,0.1773,0.3618,1.0686,-0.406,-0.335,0.207
1350892,1895,1939,1904,0.1772,0.3606,1.0685,-0.411,-0.345,0.201
1350902,1915,1936,1905,0.1773,0.3592,1.0692,-0.380,-0.354,0.213
1350912,1853,1970,1908,0.1773,0.3590,1.0701,-0.350,-0.368,0.228
1350922,1924,1910,1934,0.1766,0.3595,1.0702,-0.293,-0.355,0.247
1350932,1874,1964,1912,0.1763,0.3599,1.0700,-0.230,-0.317,0.275
1350942,1958,1911,1924,0.1768,0.3619,1.0712,-0.182,-0.323,0.283
1350952,1889,1940,1903,0.1769,0.3626,1.0697,-0.141,-0.316,0.275
1350962,1961,1909,1923,0.1771,0.3628,1.0688,-0.133,-0.297,0.273
1350972,1887,1934,1912,0.1769,0.3632,1.0684,-0.139,-0.291,0.266
1350982,1955,1911,1936,0.1764,0.3636,1.0668,-0.211,-0.310,0.251
1350992,1925,1934,1922,0.1766,0.3643,1.0668,-0.267,-0.305,0.234
1351002,1922,1922,1908,0.1759,0.3640,1.0670,-0.289,-0.282,0.207
1351012,1881,1970,1903,0.1762,0.3630,1.0667,-0.265,-0.262,0.195
1351022,1939,1919,1938,0.1759,0.3617,1.0670,-0.210,-0.282,0.186
1351032,1913,1914,1910,0.1760,0.3629,1.0687,-0.153,-0.323,0.182
1351042,1967,1905,1952,0.1765,0.3645,1.0698,-0.103,-0.354,0.193
1351052,1902,1931,1906,0.1775,0.3642,1.0690,-0.079,-0.365,0.196
1351062,1942,1905,1920,0.1777,0.3636,1.0687,-0.138,-0.406,0.189
1351072,1919,1923,1915,0.1773,0.3632,1.0697,-0.287,-0.421,0.180
1351082,1951,1903,1935,0.1775,0.3619,1.0685,-0.433,-0.416,0.173
1351092,1877,1912,1935,0.1779,0.3608,1.0687,-0.477,-0.418,0.172
1351102,1942,1908,1909,0.1781,0.3597,1.0695,-0.437,-0.433,0.159
1351112,1875,1935,1941,0.1781,0.3595,1.0690,-0.332,-0.393,0.150
1351122,1937,1897,1951,0.1783,0.3605,1.0698,-0.194,-0.372,0.146
1351132,1881,1921,1903,0.1776,0.3607,1.0704,-0.078,-0.334,0.138
1351142,1942,1902,1926,0.1774,0.3606,1.0695,-0.031,-0.308,0.132
1351152,1873,1917,1904,0.1771,0.3608,1.0697,-0.076,-0.328,0.121
1351162,1932,1899,1905,0.1771,0.3619,1.0700,-0.172,-0.362,0.124
1351172,1916,1919,1905,0.1765,0.3623,1.0696,-0.241,-0.376,0.154
1351182,1933,1903,1905,0.1768,0.3622,1.0693,-0.262,-0.372,0.181
1351192,1895,1904,1904,0.1769,0.3617,1.0686,-0.282,-0.373,0.206
1351202,1902,1904,1955,0.1780,0.3622,1.0681,-0.286,-0.344,0.238
1351212,1877,1915,1906,0.1772,0.3621,1.0682,-0.269,-0.292,0.247
1351222,1890,1896,1909,0.1774,0.3615,1.0681,-0.246,-0.260,0.234
1351232,1873,1908,1903,0.1776,0.3612,1.0685,-0.242,-0.263,0.213
1351242,1917,1900,1903,0.1776,0.3618,1.0678,-0.220,-0.263,0.196
1351252,1898,1904,1905,0.1778,0.3628,1.0674,-0.161,-0.283,0.185
1351262,1885,1899,1904,0.1778,0.3626,1.0677,-0.108,-0.307,0.157
1351272,1871,1903,1905,0.1776,0.3625,1.0684,-0.087,-0.310,0.144
1351282,1882,1908,1903,0.1778,0.3631,1.0674,-0.134,-0.328,0.138
1351292,1857,1910,1917,0.1780,0.3633,1.0684,-0.193,-0.319,0.142
1351302,1888,1898,1903,0.1780,0.3623,1.0682,-0.207,-0.319,0.153
1351312,1861,1906,1903,0.1780,0.3614,1.0676,-0.191,-0.305,0.167
1351322,1881,1902,1903,0.1770,0.3619,1.0686,-0.149,-0.285,0.184
1351332,1849,1917,1903,0.1771,0.3631,1.0679,-0.095,-0.252,0.200
1351342,1935,1901,1903,0.1773,0.3640,1.0684,-0.031,-0.218,0.209
1351352,1873,1901,1907,0.1779,0.3645,1.0688,0.007,-0.184,0.212
1351362,1880,1910,1904,0.1780,0.3651,1.0694,-0.012,-0.172,0.198
1351372,1858,1923,2055,0.1784,0.3646,1.0692,-0.074,-0.157,0.172
1351382,1924,1907,1904,0.1777,0.3642,1.0681,-0.151,-0.143,0.142
1351392,1860,1902,1927,0.1775,0.3637,1.0672,-0.183,-0.137,0.138
1351402,1868,1903,1905,0.1776,0.3623,1.0676,-0.189,-0.155,0.153
1351412,1864,1903,1908,0.1781,0.3616,1.0676,-0.181,-0.162,0.170
1351422,1881,1908,1903,0.1784,0.3610,1.0669,-0.210,-0.146,0.189
1351432,1878,1901,1915,0.1780,0.3601,1.0680,-0.280,-0.121,0.209
1351442,1867,1908,1915,0.1778,0.3596,1.0697,-0.342,-0.084,0.236
1351452,1872,1897,1924,0.1780,0.3584,1.0699,-0.408,-0.045,0.261
1351462,1866,1902,1903,0.1770,0.3584,1.0688,-0.404,0.031,0.263
1351472,1868,1903,1903,0.1762,0.3593,1.0696,-0.311,0.061,0.252
1351482,1876,1912,1901,0.1745,0.3610,1.0674,-0.103,0.060,0.220
1351492,1865,1899,1904,0.1747,0.3636,1.0670,0.154,0.024,0.185
1351502,1874,1923,1904,0.1753,0.3662,1.0672,0.358,-0.051,0.143
1351512,1875,1899,1905,0.1761,0.3687,1.0686,0.400,-0.162,0.131
1351522,1865,1910,1916,0.1759,0.3692,1.0685,0.269,-0.224,0.157
1351532,1869,1902,1911,0.1750,0.3674,1.0681,-0.001,-0.283,0.196
1351542,1857,1910,1903,0.1762,0.3649,1.0675,-0.349,-0.349,0.239
1351552,1889,1899,1915,0.1760,0.3625,1.0679,-0.651,-0.413,0.284
1351562,1880,1934,1905,0.1768,0.3603,1.0675,-0.807,-0.430,0.330
1351572,1892,1897,1911,0.1774,0.3590,1.0682,-0.751,-0.424,0.369
1351582,1857,1919,1903,0.1773,0.3593,1.0678,-0.548,-0.377,0.390
1351592,1930,1910,1947,0.1775,0.3606,1.0679,-0.274,-0.287,0.380
1351602,1856,1919,1915,0.1768,0.3612,1.0684,-0.050,-0.234,0.352
1351612,1908,1899,1921,0.1772,0.3617,1.0693,0.046,-0.202,0.269
1351622,1876,1923,1907,0.1776,0.3625,1.0683,0.059,-0.170,0.188
1351632,1888,1900,1903,0.1780,0.3623,1.0688,0.009,-0.153,0.101
1351642,1872,1907,1903,0.1789,0.3616,1.0685,-0.045,-0.143,0.038
1351652,1870,1899,1926,0.1789,0.3612,1.0687,-0.106,-0.106,0.011
1351662,1900,1940,1950,0.1789,0.3610,1.0697,-0.146,-0.047,0.015
1351672,1862,1901,1911,0.1781,0.3598,1.0690,-0.175,0.020,0.031
1351682,1890,1918,1903,0.1778,0.3593,1.0689,-0.200,0.073,0.051
1351692,1862,1895,1917,0.1784,0.3597,1.0680,-0.210,0.095,0.073
1351702,1867,1915,1904,0.1778,0.3612,1.0668,-0.161,0.098,0.080
1351712,1869,1901,1929,0.1780,0.3616,1.0676,-0.080,0.050,0.079
1351722,1877,1925,1910,0.1780,0.3628,1.0682,-0.007,0.014,0.062
1351732,1869,1904,1908,0.1776,0.3635,1.0672,0.035,-0.005,0.040
1351742,1864,1913,1902,0.1773,0.3635,1.0671,0.034,-0.028,0.015
1351752,1868,1901,1971,0.1776,0.3646,1.0678,0.005,-0.051,0.017
1351762,1859,1925,1903,0.1766,0.3652,1.0667,-0.013,-0.049,0.033
1351772,1872,1898,1924,0.1764,0.3644,1.0659,-0.025,-0.062,0.040
1351782,1866,1900,1907,0.1765,0.3645,1.0666,-0.052,-0.101,0.072
1351792,1863,1903,1905,0.1760,0.3648,1.0672,-0.096,-0.123,0.126
1351802,1865,1918,1901,0.1763,0.3644,1.0673,-0.146,-0.130,0.183
1351812,1858,1901,1918,0.1764,0.3642,1.0685,-0.210,-0.162,0.246
1351822,1860,1914,1917,0.1763,0.3636,1.0682,-0.277,-0.198,0.287
1351832,1862,1899,1924,0.1766,0.3615,1.0672,-0.374,-0.217,0.322
1351842,1854,1915,1908,0.1770,0.3608,1.0677,-0.454,-0.215,0.359
1351852,1893,1901,1955,0.1769,0.3599,1.0672,-0.478,-0.205,0.388
1351862,1856,1922,1902,0.1775,0.3598,1.0676,-0.427,-0.177,0.397
1351872,1855,1895,1954,0.1778,0.3591,1.0684,-0.332,-0.170,0.392
1351882,1892,1937,1905,0.1771,0.3596,1.0689,-0.223,-0.151,0.379
1351892,1856,1903,1910,0.1763,0.3615,1.0690,-0.104,-0.104,0.365
1351902,1852,1923,1904,0.1756,0.3635,1.0692,-0.030,-0.130,0.336
1351912,1860,1903,1909,0.1757,0.3645,1.0676,-0.005,-0.139,0.302
1351922,1877,1926,1918,0.1756,0.3651,1.0674,0.006,-0.155,0.284
1351932,1894,1900,1910,0.1756,0.3650,1.0666,-0.075,-0.207,0.252
1351942,1854,1928,1903,0.1761,0.3647,1.0671,-0.225,-0.259,0.226
1351952,1859,1907,1910,0.1761,0.3641,1.0661,-0.335,-0.278,0.207
1351962,1854,1936,1903,0.1779,0.3624,1.0648,-0.420,-0.294,0.188
1351972,1897,1906,1905,0.1779,0.3611,1.0670,-0.462,-0.306,0.189
1351982,1853,1902,1949,0.1774,0.3607,1.0691,-0.452,-0.286,0.212
1351992,1869,1898,1933,0.1771,0.3596,1.0687,-0.408,-0.245,0.240
1352002,1855,1943,1904,0.1772,0.3595,1.0688,-0.359,-0.220,0.257
1352012,1866,1904,1921,0.1776,0.3603,1.0709,-0.300,-0.223,0.265
1352022,1844,1934,1905,0.1766,0.3608,1.0710,-0.233,-0.216,0.260
1352032,1874,1906,1920,0.1757,0.3613,1.0700,-0.146,-0.209,0.240
1352042,1846,1937,1904,0.1755,0.3610,1.0711,-0.056,-0.213,0.198
1352052,1873,1900,1937,0.1762,0.3612,1.0710,0.037,-0.205,0.163
1352062,1849,1912,1921,0.1761,0.3621,1.0691,0.112,-0.206,0.129
1352072,1869,1903,1928,0.1761,0.3631,1.0699,0.162,-0.189,0.114
1352082,1845,1937,1956,0.1763,0.3641,1.0689,0.178,-0.172,0.115
1352092,1874,1903,1920,0.1767,0.3647,1.0679,0.160,-0.142,0.144
1352102,1848,1919,1920,0.1764,0.3641,1.0687,0.108,-0.141,0.172
1352112,1867,1914,1917,0.1769,0.3638,1.0694,0.018,-0.133,0.192
1352122,1856,1918,1913,0.1757,0.3631,1.0686,-0.051,-0.114,0.216
1352132,1900,1902,1922,0.1758,0.3632,1.0677,-0.091,-0.118,0.226
1352142,1850,1921,1904,0.1757,0.3636,1.0679,-0.081,-0.146,0.219
1352152,1870,1899,1987,0.1760,0.3634,1.0682,-0.031,-0.177,0.201
1352162,1863,1919,1903,0.1749,0.3630,1.0676,0.031,-0.163,0.190
1352172,1868,1898,1944,0.1750,0.3630,1.0677,0.059,-0.180,0.182
1352182,1860,1931,1903,0.1753,0.3632,1.0678,0.018,-0.242,0.173
1352192,1873,1902,1904,0.1749,0.3630,1.0671,-0.029,-0.254,0.169
1352202,1869,1910,1917,0.1754,0.3626,1.0671,-0.077,-0.288,0.169
1352212,1882,1900,1917,0.1755,0.3621,1.0687,-0.146,-0.328,0.192
1352222,1861,1932,1934,0.1762,0.3619,1.0675,-0.240,-0.308,0.211
1352232,1880,1910,1927,0.1763,0.3621,1.0697,-0.307,-0.313,0.233
1352242,1847,1933,1905,0.1764,0.3620,1.0688,-0.313,-0.309,0.260
1352252,1891,1896,1964,0.1755,0.3624,1.0703,-0.295,-0.276,0.279
1352262,1852,1930,1904,0.1756,0.3621,1.0700,-0.269,-0.272,0.281
1352272,1884,1903,1934,0.1755,0.3629,1.0690,-0.242,-0.301,0.268
1352282,1853,1938,1906,0.1756,0.3625,1.0690,-0.191,-0.293,0.249
1352292,1887,1910,1932,0.1757,0.3633,1.0695,-0.179,-0.313,0.239
1352302,1846,1922,1911,0.1757,0.3638,1.0687,-0.170,-0.336,0.228
1352312,1891,1915,1922,0.1759,0.3647,1.0685,-0.156,-0.340,0.214
1352322,1851,1945,1926,0.1772,0.3646,1.0678,-0.159,-0.329,0.194
1352332,1873,1917,1929,0.1775,0.3641,1.0670,-0.181,-0.297,0.174
1352342,1870,1931,1903,0.1773,0.3631,1.0678,-0.223,-0.249,0.165
1352352,1916,1899,1943,0.1773,0.3634,1.0688,-0.253,-0.225,0.175
1352362,1846,1944,1903,0.1769,0.3628,1.0661,-0.229,-0.210,0.191
1352372,1871,1905,1918,0.1768,0.3616,1.0675,-0.191,-0.210,0.213
1352382,1853,1946,1903,0.1768,0.3626,1.0676,-0.176,-0.252,0.251
1352392,1914,1905,1922,0.1771,0.3641,1.0682,-0.169,-0.268,0.295
1352402,1853,1932,1906,0.1769,0.3641,1.0681,-0.183,-0.263,0.319
1352412,1907,1917,1908,0.1770,0.3636,1.0670,-0.228,-0.274,0.334
1352422,1872,1937,1904,0.1772,0.3626,1.0667,-0.279,-0.271,0.351
1352432,1903,1906,1921,0.1765,0.3622,1.0672,-0.300,-0.259,0.351
1352442,1912,1932,1905,0.1766,0.3624,1.0674,-0.268,-0.251,0.340
1352452,1933,1905,1910,0.1774,0.3630,1.0669,-0.171,-0.220,0.323
1352462,1861,1954,1903,0.1766,0.3632,1.0661,-0.050,-0.189,0.321
1352472,1918,1904,1921,0.1768,0.3628,1.0675,0.037,-0.151,0.322
1352482,1892,1924,1929,0.1775,0.3639,1.0669,0.070,-0.116,0.328
1352492,1911,1905,1918,0.1774,0.3640,1.0671,0.013,-0.105,0.317
1352502,1849,1935,1910,0.1769,0.3647,1.0670,-0.082,-0.077,0.296
1352512,1909,1907,1935,0.1767,0.3649,1.0676,-0.162,-0.098,0.289
1352522,1852,1935,1908,0.1770,0.3630,1.0676,-0.234,-0.159,0.262
1352532,1955,1898,1921,0.1773,0.3618,1.0658,-0.307,-0.212,0.232
1352542,1859,1935,1910,0.1767,0.3617,1.0666,-0.330,-0.246,0.227
1352552,1935,1906,1930,0.1762,0.3618,1.0664,-0.289,-0.271,0.241
1352562,1876,1943,1918,0.1769,0.3625,1.0679,-0.187,-0.290,0.251
1352572,1955,1911,1924,0.1776,0.3625,1.0661,-0.085,-0.294,0.257
1352582,1904,1918,1907,0.1772,0.3625,1.0661,-0.027,-0.319,0.259
1352592,1950,1904,1925,0.1771,0.3628,1.0666,-0.059,-0.364,0.258
1352602,1866,1955,1906,0.1772,0.3637,1.0664,-0.113,-0.355,0.255
1352612,1928,1933,1921,0.1778,0.3641,1.0664,-0.148,-0.331,0.251
1352622,1875,1930,1949,0.1774,0.3627,1.0654,-0.189,-0.296,0.248
1352632,1926,1904,1942,0.1770,0.3634,1.0650,-0.199,-0.284,0.253
1352642,1874,1936,1905,0.1765,0.3630,1.0655,-0.198,-0.331,0.259
1352652,1947,1902,1942,0.1757,0.3617,1.0663,-0.170,-0.345,0.258
1352662,1907,1939,1904,0.1756,0.3608,1.0667,-0.171,-0.384,0.253
1352672,1945,1899,1948,0.1766,0.3618,1.0665,-0.191,-0.415,0.253
1352682,1896,1948,1904,0.1768,0.3618,1.0677,-0.231,-0.481,0.247
1352692,1976,1905,1919,0.1774,0.3618,1.0682,-0.251,-0.488,0.243
1352702,1913,1928,1905,0.1773,0.3623,1.0673,-0.240,-0.453,0.239
1352712,1957,1903,1930,0.1773,0.3622,1.0667,-0.195,-0.402,0.226
1352722,1926,1936,1903,0.1778,0.3629,1.0665,-0.142,-0.376,0.204
1352732,1955,1901,1905,0.1783,0.3637,1.0663,-0.098,-0.335,0.192
1352742,1898,1916,1904,0.1777,0.3641,1.0661,-0.084,-0.289,0.182
1352752,1986,1896,2030,0.1774,0.3641,1.0667,-0.103,-0.257,0.176
1352762,1903,1936,1904,0.1767,0.3640,1.0685,-0.182,-0.289,0.188
1352772,1958,1902,1917,0.1774,0.3634,1.0688,-0.279,-0.345,0.201
1352782,1861,1930,1903,0.1777,0.3613,1.0688,-0.353,-0.386,0.200
1352792,1918,1900,1915,0.1775,0.3601,1.0681,-0.405,-0.436,0.189
1352802,1881,1931,1903,0.1777,0.3598,1.0692,-0.417,-0.453,0.193
1352812,1939,1905,1920,0.1776,0.3607,1.0680,-0.358,-0.470,0.197
1352822,1883,1936,1913,0.1775,0.3608,1.0672,-0.237,-0.482,0.203
1352832,2008,1899,1920,0.1775,0.3624,1.0690,-0.080,-0.463,0.214
1352842,1892,1909,1903,0.1763,0.3635,1.0682,0.007,-0.462,0.231
1352852,1946,1910,1923,0.1766,0.3635,1.0687,-0.045,-0.477,0.244
1352862,1885,1934,1903,0.1768,0.3635,1.0674,-0.108,-0.469,0.250
1352872,1957,1901,1976,0.1767,0.3631,1.0683,-0.190,-0.506,0.257
1352882,1899,1949,1914,0.1774,0.3621,1.0695,-0.283,-0.561,0.240
1352892,1910,1904,1923,0.1774,0.3615,1.0686,-0.336,-0.588,0.226
1352902,1867,1941,1902,0.1778,0.3615,1.0685,-0.329,-0.589,0.216
1352912,1949,1907,1906,0.1784,0.3617,1.0688,-0.270,-0.591,0.217
1352922,1900,1936,1904,0.1781,0.3632,1.0697,-0.178,-0.593,0.224
1352932,1908,1899,1928,0.1777,0.3631,1.0694,-0.111,-0.569,0.226
1352942,1904,1923,1903,0.1773,0.3635,1.0691,-0.100,-0.528,0.218
1352952,1934,1898,1925,0.1782,0.3635,1.0694,-0.145,-0.487,0.226
1352962,1909,1909,1908,0.1777,0.3633,1.0691,-0.211,-0.437,0.233
1352972,1946,1903,1923,0.1779,0.3633,1.0663,-0.233,-0.381,0.229
1352982,1888,1916,1910,0.1781,0.3625,1.0663,-0.256,-0.350,0.209
1352992,1958,1896,1914,0.1781,0.3629,1.0672,-0.221,-0.304,0.201
1353002,1965,1920,1908,0.1781,0.3640,1.0676,-0.166,-0.243,0.202
1353012,1912,1903,1904,0.1779,0.3633,1.0681,-0.112,-0.220,0.195
1353022,1850,1926,1906,0.1782,0.3640,1.0685,-0.139,-0.261,0.197
1353032,1939,1904,1917,0.1775,0.3642,1.0687,-0.173,-0.301,0.217
1353042,1866,1918,1902,0.1775,0.3642,1.0687,-0.224,-0.361,0.245
1353052,1943,1903,1921,0.1777,0.3633,1.0691,-0.284,-0.426,0.280
1353062,1889,1914,1904,0.1777,0.3625,1.0676,-0.321,-0.489,0.311
1353072,1920,1901,1909,0.1786,0.3625,1.0680,-0.379,-0.517,0.330
1353082,1884,1933,1904,0.1788,0.3617,1.0686,-0.428,-0.532,0.345
1353092,1926,1902,1924,0.1792,0.3620,1.0675,-0.442,-0.519,0.352
1353102,1901,1917,1902,0.1796,0.3608,1.0672,-0.440,-0.501,0.344
1353112,1916,1898,1912,0.1798,0.3603,1.0669,-0.406,-0.459,0.330
1353122,1874,1922,1924,0.1795,0.3605,1.0680,-0.351,-0.432,0.325
1353132,1885,1904,1913,0.1791,0.3615,1.0680,-0.254,-0.367,0.327
1353142,1893,1922,1906,0.1796,0.3627,1.0677,-0.150,-0.343,0.323
1353152,1931,1900,1929,0.1790,0.3636,1.0672,-0.079,-0.299,0.312
1353162,1895,1921,1905,0.1790,0.3644,1.0679,-0.041,-0.208,0.281
1353172,1917,1905,1902,0.1789,0.3639,1.0689,-0.085,-0.151,0.223
1353182,1908,1900,1904,0.1789,0.3638,1.0683,-0.179,-0.106,0.180
1353192,1942,1897,1910,0.1779,0.3629,1.0683,-0.272,-0.076,0.150
1353202,1882,1912,1903,0.1777,0.3623,1.0669,-0.325,-0.077,0.140
1353212,1940,1900,1904,0.1780,0.3618,1.0671,-0.322,-0.110,0.156
1353222,1904,1910,1906,0.1782,0.3613,1.0684,-0.258,-0.164,0.171
1353232,1933,1901,1905,0.1783,0.3621,1.0681,-0.191,-0.204,0.175
1353242,1887,1901,1902,0.1787,0.3625,1.0703,-0.169,-0.248,0.187
1353252,1931,1901,1916,0.1780,0.3630,1.0692,-0.191,-0.271,0.211
1353262,1884,1916,1907,0.1789,0.3631,1.0692,-0.242,-0.278,0.220
1353272,1942,1899,1907,0.1795,0.3623,1.0696,-0.342,-0.275,0.231
1353282,1891,1907,1903,0.1797,0.3619,1.0686,-0.441,-0.253,0.232
1353292,1938,1893,1904,0.1792,0.3611,1.0681,-0.480,-0.210,0.218
1353302,1908,1916,1903,0.1797,0.3607,1.0677,-0.433,-0.164,0.199
1353312,1926,1902,1913,0.1791,0.3608,1.0685,-0.335,-0.127,0.166
1353322,1866,1932,1937,0.1795,0.3608,1.0681,-0.212,-0.086,0.136
1353332,1953,1899,1909,0.1794,0.3614,1.0670,-0.089,-0.030,0.113
1353342,1866,1913,1907,0.1797,0.3620,1.0670,-0.021,0.007,0.075
1353352,1885,1895,1958,0.1795,0.3620,1.0661,0.005,0.053,0.037
1353362,1882,1903,1903,0.1792,0.3624,1.0658,0.030,0.095,0.024
1353372,1917,1901,1903,0.1788,0.3626,1.0660,0.023,0.118,0.008
1353382,1873,1913,1905,0.1785,0.3631,1.0669,-0.000,0.151,0.003
1353392,1922,1896,1911,0.1774,0.3637,1.0668,0.019,0.211,0.029
1353402,1872,1909,1904,0.1775,0.3632,1.0672,0.033,0.224,0.069
1353412,1895,1914,1902,0.1772,0.3627,1.0669,-0.002,0.218,0.111
1353422,1878,1914,1905,0.1776,0.3638,1.0677,-0.051,0.204,0.156
1353432,1881,1895,1909,0.1775,0.3647,1.0681,-0.110,0.180,0.203
1353442,1864,1919,1909,0.1772,0.3635,1.0681,-0.145,0.146,0.220
1353452,1923,1896,1908,0.1776,0.3619,1.0678,-0.228,0.076,0.222
1353462,1950,1908,1945,0.1775,0.3625,1.0683,-0.307,0.017,0.223
1353472,1937,1900,1907,0.1780,0.3621,1.0684,-0.345,-0.012,0.218
1353482,1932,1912,1912,0.1779,0.3617,1.0686,-0.287,-0.041,0.220
1353492,1969,1899,1922,0.1780,0.3617,1.0675,-0.206,-0.055,0.230
1353502,1913,1903,1925,0.1777,0.3617,1.0686,-0.098,-0.050,0.251
1353512,1950,1899,1921,0.1788,0.3625,1.0696,-0.073,-0.067,0.262
1353522,1876,1918,1924,0.1789,0.3637,1.0698,-0.118,-0.013,0.269
1353532,1948,1900,1906,0.1782,0.3641,1.0698,-0.190,0.046,0.275
1353542,1880,1917,1917,0.1772,0.3648,1.0691,-0.230,0.111,0.282
1353552,1927,1898,1904,0.1768,0.3632,1.0692,-0.252,0.126,0.258
1353562,1921,1914,1918,0.1781,0.3626,1.0695,-0.268,0.087,0.217
1353572,1932,1896,1907,0.1789,0.3631,1.0686,-0.265,0.047,0.208
1353582,1889,1901,1903,0.1787,0.3628,1.0665,-0.200,0.052,0.202
1353592,1922,1898,1926,0.1788,0.3627,1.0671,-0.111,0.050,0.186
1353602,1867,1906,1912,0.1786,0.3625,1.0672,-0.065,0.037,0.150
1353612,1883,1896,1918,0.1780,0.3622,1.0676,-0.051,0.059,0.132
1353622,1879,1903,1942,0.1768,0.3622,1.0683,-0.084,0.074,0.132
1353632,1932,1897,1904,0.1761,0.3626,1.0680,-0.130,0.061,0.134
1353642,1853,1910,1904,0.1756,0.3624,1.0675,-0.152,0.038,0.139
1353652,1907,1900,1930,0.1760,0.3615,1.0675,-0.171,0.008,0.147
1353662,1847,1904,1905,0.1761,0.3621,1.0691,-0.218,-0.060,0.152
1353672,1866,1899,1904,0.1771,0.3622,1.0699,-0.277,-0.145,0.157
1353682,1859,1905,1902,0.1768,0.3621,1.0702,-0.306,-0.200,0.161
1353692,1903,1895,1905,0.1765,0.3620,1.0696,-0.288,-0.262,0.160
1353702,1856,1900,1910,0.1761,0.3616,1.0687,-0.263,-0.313,0.145
1353712,1908,1900,1918,0.1764,0.3623,1.0699,-0.237,-0.380,0.140
1353722,1890,1905,1904,0.1759,0.3625,1.0702,-0.199,-0.396,0.152
1353732,1945,1904,2033,0.1761,0.3629,1.0704,-0.172,-0.359,0.149
1353742,1858,1907,1900,0.1762,0.3623,1.0674,-0.143,-0.287,0.153
1353752,1902,1900,1911,0.1766,0.3614,1.0665,-0.147,-0.248,0.160
1353762,1861,1904,1904,0.1765,0.3616,1.0674,-0.184,-0.227,0.160
1353772,1876,1898,1906,0.1768,0.3613,1.0674,-0.166,-0.201,0.151
1353782,1860,1914,1900,0.1771,0.3611,1.0684,-0.147,-0.250,0.127
1353792,1903,1902,1907,0.1780,0.3610,1.0672,-0.132,-0.273,0.097
1353802,1879,1928,1905,0.1783,0.3606,1.0672,-0.144,-0.313,0.091
1353812,1955,1899,1910,0.1777,0.3609,1.0673,-0.166,-0.315,0.088
1353822,1864,1918,1901,0.1776,0.3625,1.0683,-0.167,-0.296,0.101
1353832,1894,1899,1933,0.1785,0.3625,1.0688,-0.151,-0.262,0.114
1353842,1853,1945,1903,0.1781,0.3622,1.0666,-0.117,-0.205,0.140
1353852,1920,1902,1913,0.1779,0.3630,1.0688,-0.074,-0.147,0.163
1353862,1910,1933,1902,0.1771,0.3628,1.0680,-0.060,-0.100,0.189
1353872,1907,1898,1923,0.1766,0.3635,1.0683,-0.050,-0.075,0.205
1353882,1870,1919,1906,0.1765,0.3639,1.0684,-0.059,-0.092,0.210
1353892,1884,1913,1911,0.1765,0.3630,1.0689,-0.090,-0.123,0.191
1353902,1895,1932,1903,0.1770,0.3630,1.0688,-0.158,-0.187,0.180
1353912,1912,1904,1917,0.1776,0.3625,1.0683,-0.214,-0.236,0.161
1353922,1850,1944,1910,0.1775,0.3630,1.0686,-0.228,-0.277,0.151
1353932,1892,1914,1925,0.1768,0.3631,1.0682,-0.176,-0.287,0.150
1353942,1880,1942,1912,0.1770,0.3633,1.0698,-0.132,-0.305,0.152
1353952,1909,1915,1916,0.1763,0.3639,1.0686,-0.101,-0.294,0.152
1353962,1872,1937,1909,0.1758,0.3638,1.0683,-0.091,-0.287,0.143
1353972,1890,1905,1919,0.1764,0.3642,1.0695,-0.136,-0.269,0.136
1353982,1883,1931,1904,0.1765,0.3641,1.0685,-0.213,-0.233,0.142
1353992,1952,1927,1906,0.1768,0.3634,1.0674,-0.273,-0.192,0.153
1354002,1935,1928,1924,0.1771,0.3614,1.0680,-0.317,-0.173,0.150
1354012,1917,1915,1934,0.1777,0.3604,1.0673,-0.315,-0.156,0.137
1354022,1874,1944,1905,0.1781,0.3613,1.0687,-0.248,-0.120,0.141
1354032,1933,1897,1950,0.1781,0.3610,1.0688,-0.124,-0.082,0.153
1354042,1941,1933,1921,0.1779,0.3618,1.0699,-0.013,-0.050,0.168
1354052,1937,1912,1919,0.1775,0.3621,1.0700,0.035,-0.078,0.171
1354062,1911,1937,1904,0.1774,0.3629,1.0704,-0.012,-0.127,0.190
1354072,1916,1905,1923,0.1774,0.3639,1.0705,-0.090,-0.161,0.225
1354082,1888,1943,1902,0.1775,0.3645,1.0690,-0.165,-0.241,0.237
1354092,1943,1912,1930,0.1776,0.3632,1.0696,-0.225,-0.307,0.235
1354102,1875,1940,1906,0.1785,0.3628,1.0681,-0.304,-0.378,0.232
1354112,1943,1924,1918,0.1788,0.3633,1.0678,-0.358,-0.397,0.232
1354122,1878,1958,1903,0.1785,0.3633,1.0675,-0.350,-0.395,0.225
1354132,1945,1909,1939,0.1780,0.3630,1.0675,-0.302,-0.355,0.224
1354142,1930,1924,1907,0.1781,0.3623,1.0674,-0.245,-0.293,0.208
1354152,1953,1928,1909,0.1781,0.3618,1.0668,-0.181,-0.231,0.179
1354162,1916,1928,1903,0.1782,0.3616,1.0666,-0.156,-0.196,0.154
1354172,1947,1905,1908,0.1779,0.3622,1.0671,-0.177,-0.193,0.130
1354182,1912,1926,1906,0.1783,0.3637,1.0670,-0.199,-0.180,0.126
1354192,1956,1905,1937,0.1776,0.3636,1.0677,-0.181,-0.177,0.126
1354202,1918,1938,1909,0.1774,0.3626,1.0677,-0.155,-0.177,0.092
1354212,1964,1900,1926,0.1779,0.3620,1.0673,-0.158,-0.211,0.064
1354222,1890,1935,1909,0.1774,0.3623,1.0680,-0.173,-0.226,0.050
1354232,1933,1909,1932,0.1769,0.3630,1.0690,-0.149,-0.220,0.049
1354242,1896,1940,1905,0.1773,0.3632,1.0688,-0.077,-0.217,0.056
1354252,1951,1904,1953,0.1773,0.3629,1.0692,-0.029,-0.228,0.069
1354262,1882,1920,1904,0.1772,0.3636,1.0693,-0.004,-0.237,0.093
1354272,1941,1901,1917,0.1768,0.3636,1.0677,-0.011,-0.214,0.124
1354282,1870,1925,1904,0.1772,0.3632,1.0678,-0.069,-0.196,0.146
1354292,1937,1903,1907,0.1775,0.3627,1.0682,-0.127,-0.192,0.160
1354302,1872,1921,1906,0.1773,0.3627,1.0678,-0.191,-0.200,0.179
1354312,1948,1905,1915,0.1775,0.3629,1.0673,-0.250,-0.221,0.206
1354322,1894,1909,1902,0.1775,0.3631,1.0673,-0.260,-0.211,0.230
1354332,1949,1904,1903,0.1772,0.3626,1.0672,-0.224,-0.199,0.247
1354342,1895,1914,1909,0.1768,0.3625,1.0661,-0.207,-0.196,0.248
1354352,1881,1903,1929,0.1772,0.3625,1.0660,-0.190,-0.199,0.255
1354362,1870,1910,1904,0.1769,0.3632,1.0679,-0.168,-0.200,0.262
1354372,1880,1898,1905,0.1773,0.3629,1.0682,-0.138,-0.178,0.264
1354382,1892,1905,1939,0.1773,0.3624,1.0679,-0.126,-0.159,0.260
1354392,1894,1899,1918,0.1770,0.3626,1.0678,-0.178,-0.155,0.246
1354402,1879,1904,1904,0.1776,0.3628,1.0684,-0.256,-0.161,0.243
1354412,1901,1900,1912,0.1777,0.3637,1.0681,-0.303,-0.143,0.237
1354422,1859,1916,1913,0.1779,0.3632,1.0670,-0.272,-0.169,0.222
1354432,1912,1900,1904,0.1791,0.3634,1.0683,-0.282,-0.240,0.217
1354442,1868,1915,1903,0.1789,0.3633,1.0685,-0.307,-0.265,0.225
1354452,1892,1902,1909,0.1777,0.3638,1.0699,-0.313,-0.248,0.241
1354462,1857,1914,1904,0.1769,0.3639,1.0688,-0.300,-0.215,0.245
1354472,1896,1902,1916,0.1773,0.3631,1.0684,-0.297,-0.220,0.243
1354482,1855,1901,1904,0.1776,0.3633,1.0689,-0.307,-0.242,0.240
1354492,1906,1904,1940,0.1773,0.3630,1.0683,-0.315,-0.237,0.230
1354502,1851,1905,1904,0.1759,0.3623,1.0688,-0.295,-0.241,0.230
1354512,1870,1902,1903,0.1757,0.3625,1.0692,-0.275,-0.258,0.231
1354522,1850,1914,1931,0.1753,0.3623,1.0675,-0.236,-0.282,0.244
1354532,1881,1902,1905,0.1769,0.3624,1.0685,-0.195,-0.314,0.249
1354542,1861,1901,1906,0.1773,0.3617,1.0703,-0.207,-0.356,0.249
1354552,1898,1904,1904,0.1770,0.3624,1.0689,-0.256,-0.390,0.259
1354562,1869,1898,1904,0.1767,0.3626,1.0699,-0.302,-0.405,0.262
1354572,1877,1903,1915,0.1768,0.3624,1.0707,-0.301,-0.393,0.248
1354582,1866,1898,1904,0.1773,0.3615,1.0712,-0.292,-0.386,0.226
1354592,1897,1901,1902,0.1766,0.3604,1.0710,-0.288,-0.365,0.216
1354602,1872,1899,1904,0.1766,0.3603,1.0699,-0.283,-0.340,0.217
1354612,1895,1905,1930,0.1769,0.3605,1.0705,-0.275,-0.315,0.231
1354622,1860,1900,1902,0.1763,0.3610,1.0692,-0.242,-0.296,0.235
1354632,1871,1914,1903,0.1761,0.3612,1.0689,-0.191,-0.279,0.237
1354642,1865,1901,1910,0.1763,0.3613,1.0697,-0.140,-0.285,0.223
1354652,1881,1921,1917,0.1766,0.3626,1.0682,-0.115,-0.281,0.223
1354662,1873,1896,1915,0.1760,0.3628,1.0671,-0.091,-0.276,0.219
1354672,1865,1907,1903,0.1767,0.3634,1.0667,-0.075,-0.308,0.201
1354682,1867,1904,1928,0.1762,0.3629,1.0677,-0.102,-0.345,0.211
1354692,1860,1904,1904,0.1769,0.3633,1.0661,-0.154,-0.350,0.236
1354702,1862,1905,1922,0.1777,0.3627,1.0679,-0.211,-0.339,0.252
1354712,1867,1915,1901,0.1772,0.3626,1.0689,-0.274,-0.325,0.253
1354722,1861,1900,1909,0.1777,0.3623,1.0695,-0.324,-0.302,0.256
1354732,1873,1917,1904,0.1779,0.3625,1.0694,-0.334,-0.307,0.258
1354742,1869,1903,1908,0.1780,0.3621,1.0686,-0.311,-0.294,0.258
1354752,1883,1911,1903,0.1770,0.3616,1.0695,-0.281,-0.299,0.246
1354762,1878,1900,1930,0.1773,0.3630,1.0676,-0.238,-0.309,0.238
1354772,1870,1917,1903,0.1771,0.3645,1.0675,-0.185,-0.331,0.235
1354782,1893,1899,1934,0.1777,0.3647,1.0677,-0.150,-0.363,0.201
1354792,1864,1905,1902,0.1781,0.3642,1.0672,-0.162,-0.399,0.167
1354802,1885,1899,1922,0.1777,0.3632,1.0672,-0.191,-0.398,0.149
1354812,1866,1908,1905,0.1773,0.3625,1.0676,-0.222,-0.379,0.147
1354822,1906,1901,1927,0.1771,0.3626,1.0661,-0.228,-0.342,0.166
1354832,1867,1906,1931,0.1771,0.3616,1.0665,-0.197,-0.287,0.191
1354842,1900,1900,1912,0.1770,0.3616,1.0680,-0.141,-0.232,0.223
1354852,1871,1908,1904,0.1771,0.3621,1.0678,-0.095,-0.178,0.245
1354862,1875,1899,1925,0.1771,0.3625,1.0695,-0.081,-0.163,0.244
1354872,1869,1924,1904,0.1775,0.3625,1.0692,-0.128,-0.136,0.221
1354882,1868,1904,1906,0.1770,0.3622,1.0678,-0.183,-0.145,0.209
1354892,1871,1919,1902,0.1767,0.3624,1.0682,-0.235,-0.172,0.187
1354902,1875,1899,1943,0.1769,0.3626,1.0671,-0.227,-0.198,0.174
1354912,1867,1914,1903,0.1764,0.3631,1.0679,-0.199,-0.232,0.160
1354922,1859,1902,1919,0.1764,0.3623,1.0684,-0.179,-0.270,0.142
1354932,1863,1904,1903,0.1767,0.3627,1.0686,-0.141,-0.317,0.161
1354942,1856,1903,1927,0.1770,0.3631,1.0679,-0.133,-0.329,0.180
1354952,1871,1930,1912,0.1776,0.3640,1.0681,-0.153,-0.351,0.193
1354962,1868,1898,1904,0.1772,0.3634,1.0682,-0.196,-0.365,0.216
1354972,1888,1916,1906,0.1772,0.3633,1.0689,-0.254,-0.388,0.232
1354982,1858,1901,1926,0.1769,0.3633,1.0681,-0.309,-0.407,0.248
1354992,1861,1904,1924,0.1778,0.3621,1.0694,-0.336,-0.435,0.259
1355002,1907,1901,1903,0.1776,0.3619,1.0687,-0.329,-0.441,0.258
1355012,1873,1911,1908,0.1767,0.3622,1.0685,-0.291,-0.424,0.263
1355022,1876,1897,2018,0.1771,0.3626,1.0695,-0.258,-0.398,0.256
1355032,1869,1928,1902,0.1771,0.3621,1.0693,-0.247,-0.369,0.252
1355042,1859,1896,1932,0.1770,0.3619,1.0690,-0.273,-0.339,0.249
1355052,1853,1919,1920,0.1774,0.3616,1.0679,-0.318,-0.310,0.227
1355062,1874,1899,1918,0.1769,0.3618,1.0692,-0.348,-0.283,0.206
1355072,1863,1924,1903,0.1776,0.3619,1.0680,-0.328,-0.255,0.204
1355082,1865,1905,1915,0.1780,0.3621,1.0686,-0.244,-0.226,0.214
1355092,1867,1912,1903,0.1775,0.3620,1.0682,-0.155,-0.199,0.209
1355102,1858,1906,1918,0.1773,0.3622,1.0674,-0.098,-0.195,0.202
1355112,1861,1917,1925,0.1764,0.3625,1.0673,-0.093,-0.170,0.211
1355122,1867,1902,1917,0.1761,0.3630,1.0681,-0.130,-0.189,0.220
1355132,1855,1905,1903,0.1765,0.3623,1.0689,-0.184,-0.215,0.222
1355142,1868,1896,1967,0.1769,0.3622,1.0686,-0.244,-0.246,0.228
1355152,1899,1925,1908,0.1769,0.3619,1.0685,-0.277,-0.247,0.228
1355162,1870,1900,1909,0.1767,0.3623,1.0680,-0.275,-0.260,0.225
1355172,1856,1927,1903,0.1766,0.3620,1.0695,-0.250,-0.274,0.218
1355182,1882,1900,1952,0.1769,0.3617,1.0708,-0.237,-0.306,0.204
1355192,1861,1928,1905,0.1774,0.3617,1.0716,-0.228,-0.341,0.209
1355202,1856,1909,1923,0.1769,0.3614,1.0707,-0.221,-0.353,0.229
1355212,1853,1917,1905,0.1777,0.3623,1.0699,-0.222,-0.355,0.249
1355222,1872,1905,1905,0.1787,0.3630,1.0691,-0.238,-0.354,0.265
1355232,1872,1941,1906,0.1783,0.3633,1.0688,-0.236,-0.316,0.276
1355242,1862,1910,1921,0.1781,0.3626,1.0689,-0.228,-0.263,0.279
1355252,1855,1922,1905,0.1778,0.3621,1.0670,-0.238,-0.224,0.275
1355262,1852,1901,1906,0.1772,0.3623,1.0673,-0.255,-0.197,0.272
1355272,1862,1936,1904,0.1769,0.3619,1.0668,-0.252,-0.182,0.240
1355282,1880,1897,1952,0.1769,0.3614,1.0671,-0.193,-0.162,0.206
1355292,1854,1933,1926,0.1768,0.3611,1.0677,-0.130,-0.158,0.174
1355302,1871,1903,1904,0.1774,0.3617,1.0683,-0.083,-0.172,0.163
1355312,1852,1924,1910,0.1777,0.3627,1.0677,-0.038,-0.175,0.157
1355322,1885,1903,1937,0.1771,0.3622,1.0675,-0.030,-0.175,0.151
1355332,1852,1926,1918,0.1773,0.3621,1.0692,-0.072,-0.184,0.136
1355342,1872,1899,1922,0.1770,0.3616,1.0687,-0.148,-0.194,0.132
1355352,1854,1930,1902,0.1779,0.3616,1.0689,-0.206,-0.197,0.140
1355362,1871,1903,1929,0.1784,0.3613,1.0683,-0.225,-0.203,0.135
1355372,1855,1928,1903,0.1776,0.3622,1.0684,-0.209,-0.199,0.136
1355382,1850,1906,1948,0.1777,0.3623,1.0678,-0.157,-0.160,0.134
1355392,1874,1916,1923,0.1770,0.3626,1.0682,-0.117,-0.122,0.139
1355402,1909,1899,1908,0.1767,0.3629,1.0688,-0.116,-0.118,0.151
1355412,1874,1936,1916,0.1766,0.3631,1.0685,-0.145,-0.117,0.153
1355422,1891,1903,1998,0.1771,0.3633,1.0684,-0.191,-0.145,0.145
1355432,1852,1918,1905,0.1772,0.3623,1.0680,-0.230,-0.166,0.136
1355442,1886,1901,1927,0.1773,0.3618,1.0685,-0.258,-0.172,0.112
1355452,1848,1940,1905,0.1770,0.3612,1.0687,-0.253,-0.163,0.094
1355462,1901,1898,1985,0.1770,0.3611,1.0680,-0.210,-0.145,0.101
1355472,1847,1944,1903,0.1776,0.3613,1.0678,-0.150,-0.107,0.131
1355482,1882,1902,1930,0.1782,0.3609,1.0667,-0.078,-0.048,0.154
1355492,1847,1949,1930,0.1788,0.3613,1.0668,0.006,-0.014,0.178
1355502,1887,1902,1921,0.1784,0.3621,1.0673,0.024,0.028,0.193
1355512,1845,1934,1903,0.1782,0.3628,1.0673,0.038,0.122,0.211
1355522,1891,1901,1936,0.1785,0.3634,1.0672,0.042,0.159,0.219
1355532,1858,1928,1904,0.1784,0.3635,1.0686,-0.003,0.126,0.216
1355542,1920,1901,1937,0.1784,0.3631,1.0691,-0.041,0.072,0.220
1355552,1845,1952,1907,0.1780,0.3628,1.0693,-0.116,-0.007,0.233
1355562,1881,1902,1937,0.1781,0.3610,1.0671,-0.156,-0.035,0.223
1355572,1856,1934,1902,0.1778,0.3623,1.0667,-0.186,-0.050,0.235
1355582,1898,1902,1936,0.1776,0.3639,1.0668,-0.154,-0.076,0.250
1355592,1871,1907,1920,0.1770,0.3634,1.0677,-0.109,-0.071,0.250
1355602,1893,1903,1932,0.1768,0.3630,1.0669,-0.081,-0.040,0.240
1355612,1864,1928,1925,0.1769,0.3633,1.0675,-0.095,-0.053,0.224
1355622,1892,1906,1953,0.1776,0.3632,1.0681,-0.131,-0.075,0.211
1355632,1854,1933,1904,0.1775,0.3637,1.0674,-0.180,-0.064,0.204
1355642,1912,1911,1928,0.1777,0.3638,1.0657,-0.255,-0.051,0.195
1355652,1861,1931,1904,0.1782,0.3637,1.0659,-0.317,-0.062,0.182
1355662,1905,1911,1922,0.1780,0.3634,1.0655,-0.351,-0.061,0.167
1355672,1854,1931,1925,0.1785,0.3633,1.0666,-0.363,-0.078,0.152
1355682,1887,1904,1904,0.1783,0.3618,1.0683,-0.383,-0.036,0.134
1355692,1851,1941,1918,0.1774,0.3623,1.0659,-0.360,0.030,0.124
1355702,1875,1904,1964,0.1778,0.3619,1.0670,-0.309,0.058,0.131
1355712,1850,1935,1913,0.1783,0.3624,1.0676,-0.229,0.054,0.149
1355722,1902,1908,1916,0.1782,0.3621,1.0681,-0.181,0.103,0.166
1355732,1852,1959,1904,0.1783,0.3624,1.0682,-0.159,0.115,0.190
1355742,1910,1909,1902,0.1781,0.3628,1.0681,-0.160,0.190,0.208
1355752,1853,1931,1907,0.1771,0.3623,1.0703,-0.191,0.205,0.215
1355762,1873,1908,1934,0.1770,0.3632,1.0712,-0.216,0.224,0.230
1355772,1878,1937,1902,0.1769,0.3623,1.0705,-0.228,0.205,0.239
1355782,1901,1908,1930,0.1777,0.3604,1.0689,-0.258,0.169,0.237
1355792,1850,1934,1904,0.1779,0.3607,1.0704,-0.283,0.134,0.237
1355802,1897,1903,1947,0.1772,0.3607,1.0697,-0.311,0.112,0.244
1355812,1852,1953,1907,0.1764,0.3608,1.0688,-0.251,0.164,0.252
1355822,1900,1914,1940,0.1758,0.3605,1.0687,-0.180,0.133,0.259
1355832,1870,1934,1903,0.1757,0.3611,1.0694,-0.131,0.122,0.275
1355842,1939,1901,1936,0.1753,0.3613,1.0710,-0.157,0.078,0.290
1355852,1870,1934,1919,0.1753,0.3619,1.0704,-0.190,0.060,0.298
1355862,1923,1902,2004,0.1748,0.3616,1.0692,-0.252,0.006,0.298
1355872,1858,1940,1931,0.1751,0.3617,1.0683,-0.318,-0.049,0.299
1355882,1926,1904,1913,0.1754,0.3620,1.0692,-0.365,-0.086,0.290
1355892,1897,1932,1903,0.1751,0.3626,1.0701,-0.358,-0.071,0.287
1355902,1908,1909,1920,0.1759,0.3614,1.0695,-0.315,-0.072,0.280
1355912,1858,1951,1908,0.1759,0.3608,1.0693,-0.290,-0.095,0.250
1355922,1951,1898,1951,0.1760,0.3606,1.0695,-0.274,-0.126,0.233
1355932,1910,1945,1919,0.1761,0.3611,1.0706,-0.230,-0.168,0.235
1355942,1900,1911,1943,0.1758,0.3616,1.0701,-0.160,-0.195,0.234
1355952,1892,1936,1935,0.1766,0.3625,1.0700,-0.097,-0.248,0.238
1355962,1930,1918,1933,0.1769,0.3636,1.0691,-0.066,-0.275,0.266
1355972,1850,1945,1931,0.1770,0.3639,1.0681,-0.148,-0.290,0.314
1355982,1937,1914,1941,0.1768,0.3643,1.0681,-0.256,-0.260,0.355
1355992,1899,1943,1914,0.1764,0.3639,1.0687,-0.367,-0.252,0.391
1356002,1932,1906,1930,0.1765,0.3623,1.0678,-0.459,-0.241,0.398
1356012,1893,1917,1914,0.1764,0.3602,1.0675,-0.498,-0.293,0.378
1356022,1919,1911,1921,0.1772,0.3611,1.0675,-0.469,-0.378,0.359
1356032,1885,1950,1923,0.1772,0.3616,1.0677,-0.393,-0.454,0.340
1356042,1939,1904,1934,0.1775,0.3623,1.0684,-0.264,-0.510,0.327
1356052,1925,1921,1906,0.1774,0.3624,1.0683,-0.174,-0.525,0.311
1356062,1952,1914,1939,0.1773,0.3632,1.0678,-0.136,-0.516,0.300
1356072,1865,1942,1903,0.1784,0.3629,1.0671,-0.152,-0.516,0.291
1356082,1986,1900,1940,0.1789,0.3624,1.0671,-0.225,-0.510,0.281
1356092,1918,1923,1903,0.1780,0.3623,1.0675,-0.290,-0.470,0.268
1356102,1940,1903,1924,0.1774,0.3611,1.0678,-0.321,-0.421,0.261
1356112,1889,1947,1903,0.1774,0.3610,1.0672,-0.314,-0.380,0.250
1356122,1966,1904,1917,0.1778,0.3610,1.0694,-0.292,-0.389,0.222
1356132,1924,1913,1903,0.1772,0.3607,1.0696,-0.254,-0.379,0.180
1356142,1928,1899,1912,0.1771,0.3608,1.0694,-0.196,-0.330,0.144
1356152,1875,1939,1905,0.1770,0.3606,1.0689,-0.168,-0.337,0.120
1356162,1945,1914,1949,0.1767,0.3615,1.0697,-0.168,-0.372,0.113
1356172,1904,1923,1911,0.1759,0.3624,1.0690,-0.189,-0.366,0.114
1356182,1928,1900,1931,0.1767,0.3620,1.0689,-0.232,-0.368,0.136
1356192,1882,1943,1903,0.1763,0.3620,1.0681,-0.248,-0.358,0.174
1356202,1972,1904,1936,0.1768,0.3622,1.0686,-0.255,-0.393,0.216
1356212,1884,1935,1908,0.1760,0.3625,1.0695,-0.289,-0.389,0.249
1356222,1989,1903,1948,0.1756,0.3630,1.0693,-0.318,-0.350,0.292
1356232,1888,1937,1902,0.1751,0.3625,1.0694,-0.353,-0.297,0.336
1356242,1933,1902,1920,0.1749,0.3615,1.0703,-0.373,-0.280,0.366
1356252,1872,1927,1904,0.1758,0.3615,1.0704,-0.354,-0.316,0.395
1356262,1916,1905,1906,0.1755,0.3609,1.0696,-0.311,-0.350,0.418
1356272,1886,1928,1904,0.1756,0.3606,1.0695,-0.306,-0.416,0.420
1356282,1967,1902,1924,0.1765,0.3609,1.0706,-0.306,-0.476,0.412
1356292,1895,1936,1904,0.1763,0.3615,1.0705,-0.298,-0.498,0.409
1356302,1970,1899,1916,0.1766,0.3613,1.0693,-0.301,-0.506,0.407
1356312,1884,1926,1923,0.1770,0.3610,1.0684,-0.350,-0.539,0.386
1356322,1998,1895,1921,0.1773,0.3594,1.0686,-0.398,-0.539,0.359
1356332,1887,1920,1919,0.1779,0.3588,1.0692,-0.417,-0.524,0.344
1356342,1943,1896,1923,0.1779,0.3587,1.0701,-0.367,-0.506,0.342
1356352,1912,1936,1916,0.1771,0.3589,1.0687,-0.276,-0.506,0.326
1356362,1955,1902,1913,0.1769,0.3595,1.0680,-0.157,-0.505,0.311
1356372,1904,1920,1925,0.1772,0.3609,1.0683,-0.055,-0.537,0.304
1356382,1956,1912,1923,0.1767,0.3618,1.0686,-0.027,-0.574,0.286
1356392,1883,1935,1903,0.1766,0.3629,1.0687,-0.081,-0.627,0.270
1356402,1902,1905,1912,0.1777,0.3626,1.0693,-0.190,-0.677,0.248
1356412,1870,1917,1903,0.1778,0.3621,1.0693,-0.319,-0.689,0.244
1356422,1912,1903,1917,0.1787,0.3626,1.0696,-0.390,-0.674,0.253
1356432,1865,1926,1918,0.1789,0.3615,1.0701,-0.389,-0.641,0.262
1356442,1923,1903,1907,0.1795,0.3603,1.0700,-0.364,-0.560,0.261
1356452,1872,1914,1904,0.1794,0.3614,1.0678,-0.273,-0.487,0.291
1356462,1935,1900,1913,0.1785,0.3616,1.0672,-0.225,-0.395,0.293
1356472,1901,1911,1903,0.1779,0.3621,1.0665,-0.167,-0.293,0.278
1356482,1970,1898,1906,0.1778,0.3614,1.0672,-0.169,-0.248,0.252
1356492,1864,1912,1904,0.1780,0.3612,1.0668,-0.212,-0.198,0.212
1356502,1912,1901,1912,0.1779,0.3605,1.0680,-0.285,-0.191,0.168
1356512,1884,1906,1910,0.1776,0.3604,1.0673,-0.340,-0.205,0.137
1356522,1906,1906,1920,0.1780,0.3609,1.0675,-0.323,-0.250,0.134
1356532,1871,1922,1903,0.1782,0.3607,1.0684,-0.256,-0.340,0.150
1356542,1956,1894,1914,0.1778,0.3613,1.0690,-0.228,-0.411,0.161
1356552,1879,1916,1906,0.1787,0.3618,1.0680,-0.224,-0.417,0.184
1356562,1944,1899,1935,0.1783,0.3618,1.0686,-0.217,-0.432,0.208
1356572,1884,1919,1905,0.1783,0.3618,1.0687,-0.235,-0.426,0.206
1356582,1963,1897,1931,0.1781,0.3610,1.0694,-0.285,-0.409,0.185
1356592,1864,1920,1908,0.1773,0.3602,1.0698,-0.306,-0.370,0.151
1356602,1921,1903,1929,0.1784,0.3599,1.0697,-0.282,-0.366,0.110
1356612,1893,1915,1905,0.1789,0.3599,1.0699,-0.199,-0.381,0.071
1356622,1915,1903,1910,0.1781,0.3602,1.0708,-0.098,-0.441,0.026
1356632,1876,1941,1904,0.1775,0.3608,1.0703,-0.003,-0.493,-0.013
1356642,1923,1897,1903,0.1783,0.3622,1.0698,0.025,-0.559,-0.039
1356652,1911,1913,1904,0.1784,0.3628,1.0692,-0.013,-0.607,-0.045
1356662,1924,1900,1913,0.1783,0.3630,1.0686,-0.096,-0.606,-0.041
1356672,1854,1908,1910,0.1784,0.3631,1.0678,-0.186,-0.588,-0.019
1356682,1922,1896,1912,0.1788,0.3634,1.0677,-0.239,-0.565,0.024
1356692,1917,1894,1903,0.1783,0.3631,1.0675,-0.271,-0.522,0.067
1356702,1916,1898,1921,0.1789,0.3633,1.0663,-0.248,-0.450,0.118
1356712,1876,1913,1918,0.1784,0.3636,1.0667,-0.213,-0.393,0.158
1356722,1917,1896,1909,0.1781,0.3627,1.0656,-0.182,-0.304,0.187
1356732,1903,1901,1904,0.1780,0.3626,1.0667,-0.195,-0.227,0.216
1356742,1925,1895,1908,0.1776,0.3624,1.0672,-0.263,-0.194,0.238
1356752,1878,1916,1904,0.1779,0.3614,1.0669,-0.326,-0.161,0.241
1356762,1926,1907,1908,0.1781,0.3601,1.0671,-0.345,-0.155,0.225
1356772,1869,1923,1904,0.1792,0.3601,1.0679,-0.315,-0.164,0.192
1356782,1956,1897,1918,0.1786,0.3599,1.0671,-0.264,-0.164,0.147
1356792,1901,1908,1903,0.1793,0.3598,1.0678,-0.159,-0.148,0.135
1356802,1907,1897,1929,0.1788,0.3615,1.0690,-0.044,-0.154,0.147
1356812,1859,1917,1928,0.1781,0.3627,1.0694,0.046,-0.146,0.167
1356822,1922,1896,1910,0.1786,0.3627,1.0693,0.066,-0.141,0.207
1356832,1881,1914,1904,0.1785,0.3637,1.0690,0.007,-0.158,0.261
1356842,1920,1900,1902,0.1780,0.3642,1.0694,-0.078,-0.178,0.322
1356852,1861,1916,1907,0.1780,0.3632,1.0695,-0.165,-0.192,0.358
1356862,1988,1904,1979,0.1780,0.3630,1.0677,-0.242,-0.219,0.407
1356872,1883,1914,1903,0.1782,0.3626,1.0681,-0.303,-0.240,0.436
1356882,1916,1900,1904,0.1782,0.3622,1.0681,-0.331,-0.271,0.460
1356892,1893,1915,1911,0.1786,0.3626,1.0687,-0.356,-0.320,0.484
1356902,1922,1899,1904,0.1784,0.3616,1.0692,-0.375,-0.355,0.495
1356912,1904,1904,1930,0.1787,0.3614,1.0693,-0.388,-0.375,0.502
1356922,1947,1898,1911,0.1790,0.3609,1.0694,-0.413,-0.365,0.517
1356932,1872,1931,1937,0.1794,0.3609,1.0684,-0.430,-0.339,0.527
1356942,1971,1898,1903,0.1799,0.3611,1.0674,-0.430,-0.280,0.528
1356952,1865,1924,1932,0.1795,0.3617,1.0666,-0.403,-0.202,0.519
1356962,1975,1899,1991,0.1792,0.3607,1.0679,-0.343,-0.116,0.502
1356972,1935,1902,1913,0.1793,0.3598,1.0684,-0.253,-0.036,0.463
1356982,1943,1898,1903,0.1785,0.3602,1.0681,-0.122,0.041,0.417
1356992,1890,1899,1904,0.1787,0.3608,1.0692,0.001,0.070,0.375
1357002,1927,1896,1903,0.1786,0.3610,1.0694,0.075,0.053,0.309
1357012,1917,1906,1908,0.1784,0.3605,1.0695,0.098,0.025,0.246
1357022,1949,1896,1907,0.1785,0.3612,1.0686,0.046,-0.010,0.184
1357032,1859,1908,1903,0.1790,0.3612,1.0665,-0.015,-0.014,0.140
1357042,1920,1897,1908,0.1785,0.3609,1.0671,-0.113,-0.043,0.098
1357052,1864,1902,1904,0.1790,0.3606,1.0676,-0.201,-0.055,0.063
1357062,1943,1903,1930,0.1793,0.3596,1.0671,-0.239,-0.030,0.037
1357072,1864,1905,1935,0.1800,0.3597,1.0672,-0.210,0.031,0.005
1357082,1911,1895,1902,0.1798,0.3600,1.0671,-0.129,0.084,-0.019
1357092,1902,1907,1904,0.1790,0.3610,1.0677,-0.009,0.131,-0.018
1357102,1920,1898,1903,0.1786,0.3616,1.0670,0.099,0.173,-0.019
1357112,1874,1907,1906,0.1781,0.3617,1.0673,0.129,0.161,-0.029
1357122,1923,1900,1917,0.1773,0.3626,1.0679,0.098,0.149,-0.013
1357132,1862,1904,1915,0.1771,0.3627,1.0682,0.035,0.147,-0.009
1357142,1891,1898,1904,0.1772,0.3633,1.0668,-0.050,0.120,-0.012
1357152,1856,1908,1904,0.1762,0.3627,1.0668,-0.134,0.063,-0.023
1357162,1880,1898,1923,0.1760,0.3617,1.0668,-0.166,0.022,-0.019
1357172,1845,1921,1905,0.1764,0.3620,1.0674,-0.138,0.021,-0.007
1357182,1928,1898,1906,0.1763,0.3625,1.0670,-0.085,-0.024,0.017
1357192,1854,1913,1904,0.1767,0.3630,1.0673,-0.030,-0.060,0.050
1357202,1906,1899,1913,0.1766,0.3638,1.0665,0.030,-0.074,0.083
1357212,1852,1905,1904,0.1762,0.3636,1.0667,0.027,-0.103,0.121
1357222,1879,1897,1903,0.1758,0.3635,1.0665,-0.074,-0.155,0.161
1357232,1850,1926,1905,0.1772,0.3633,1.0671,-0.223,-0.198,0.184
1357242,1926,1900,1907,0.1787,0.3626,1.0674,-0.330,-0.209,0.196
1357252,1870,1926,1911,0.1790,0.3615,1.0679,-0.374,-0.185,0.207
1357262,1860,1913,1930,0.1787,0.3615,1.0675,-0.341,-0.166,0.228
1357272,1846,1910,1906,0.1784,0.3613,1.0672,-0.277,-0.132,0.260
1357282,1915,1904,1907,0.1784,0.3611,1.0700,-0.225,-0.147,0.292
1357292,1853,1930,1903,0.1776,0.3616,1.0698,-0.199,-0.161,0.311
1357302,1899,1904,1913,0.1777,0.3618,1.0697,-0.184,-0.188,0.335
1357312,1855,1925,1903,0.1782,0.3611,1.0688,-0.190,-0.243,0.342
1357322,1889,1901,1945,0.1782,0.3608,1.0700,-0.212,-0.270,0.347
1357332,1863,1930,1903,0.1778,0.3614,1.0687,-0.230,-0.275,0.351
1357342,1935,1930,1905,0.1780,0.3614,1.0700,-0.241,-0.281,0.348
1357352,1896,1911,1911,0.1771,0.3614,1.0715,-0.276,-0.275,0.339
1357362,1928,1903,1915,0.1768,0.3617,1.0696,-0.265,-0.206,0.337
1357372,1866,1929,1904,0.1774,0.3621,1.0702,-0.256,-0.185,0.334
1357382,1914,1905,1918,0.1780,0.3621,1.0694,-0.262,-0.186,0.322
1357392,1899,1933,1904,0.1773,0.3612,1.0688,-0.245,-0.161,0.308
1357402,1937,1899,1939,0.1770,0.3606,1.0679,-0.254,-0.151,0.261
1357412,1857,1927,1904,0.1772,0.3604,1.0684,-0.284,-0.131,0.218
1357422,1941,1905,1909,0.1773,0.3618,1.0678,-0.285,-0.092,0.207
1357432,1851,1954,1927,0.1773,0.3616,1.0672,-0.200,-0.034,0.187
1357442,1925,1903,1958,0.1772,0.3605,1.0680,-0.125,-0.048,0.161
1357452,1895,1933,1913,0.1765,0.3601,1.0686,-0.082,-0.105,0.132
1357462,1960,1910,1938,0.1766,0.3612,1.0694,-0.097,-0.177,0.122
1357472,1884,1952,1904,0.1768,0.3626,1.0694,-0.096,-0.210,0.141
1357482,1894,1909,1946,0.1771,0.3631,1.0694,-0.102,-0.250,0.164
1357492,1867,1949,1914,0.1770,0.3627,1.0682,-0.160,-0.267,0.194
1357502,1940,1905,1929,0.1777,0.3618,1.0672,-0.248,-0.282,0.209
1357512,1865,1955,1903,0.1782,0.3631,1.0671,-0.296,-0.275,0.232
1357522,1932,1926,1904,0.1782,0.3624,1.0683,-0.320,-0.267,0.241
1357532,1914,1950,1906,0.1779,0.3610,1.0673,-0.305,-0.210,0.238
1357542,1936,1913,1935,0.1778,0.3596,1.0681,-0.279,-0.181,0.211
1357552,1907,1955,1904,0.1766,0.3592,1.0674,-0.245,-0.187,0.174
1357562,1949,1911,1921,0.1768,0.3604,1.0667,-0.128,-0.214,0.135
1357572,1866,1939,1916,0.1775,0.3615,1.0675,-0.055,-0.248,0.097
1357582,1936,1917,1924,0.1780,0.3626,1.0677,-0.017,-0.261,0.070
1357592,1900,1936,1904,0.1779,0.3626,1.0672,-0.040,-0.246,0.044
1357602,1920,1904,1920,0.1779,0.3623,1.0668,-0.111,-0.206,0.020
1357612,1930,1917,1931,0.1775,0.3618,1.0656,-0.178,-0.167,0.008
1357622,1956,1912,1919,0.1779,0.3617,1.0654,-0.221,-0.153,0.017
1357632,1911,1944,1919,0.1777,0.3621,1.0669,-0.212,-0.163,0.064
1357642,1949,1907,1922,0.1771,0.3619,1.0667,-0.167,-0.155,0.109
1357652,1895,1936,1903,0.1773,0.3629,1.0680,-0.096,-0.146,0.153
1357662,1958,1917,1908,0.1774,0.3633,1.0688,-0.085,-0.184,0.191
1357672,1885,1950,1904,0.1763,0.3631,1.0666,-0.056,-0.169,0.231
1357682,1951,1910,1918,0.1768,0.3631,1.0673,-0.087,-0.254,0.239
1357692,1928,1910,1944,0.1770,0.3630,1.0675,-0.160,-0.343,0.231
1357702,1996,1900,1915,0.1771,0.3624,1.0676,-0.248,-0.406,0.232
1357712,1898,1937,1905,0.1776,0.3623,1.0680,-0.316,-0.394,0.225
1357722,1999,1909,2010,0.1786,0.3624,1.0685,-0.365,-0.405,0.232
1357732,1896,1933,1904,0.1791,0.3616,1.0663,-0.344,-0.348,0.251
1357742,1896,1904,1908,0.1793,0.3623,1.0673,-0.304,-0.338,0.265
1357752,1927,1924,1905,0.1796,0.3626,1.0663,-0.254,-0.340,0.281
1357762,1939,1902,1908,0.1794,0.3632,1.0673,-0.199,-0.278,0.302
1357772,1921,1923,1904,0.1785,0.3627,1.0681,-0.152,-0.179,0.312
1357782,1960,1898,1953,0.1780,0.3613,1.0692,-0.141,-0.152,0.317
1357792,1875,1921,1903,0.1778,0.3618,1.0682,-0.165,-0.181,0.311
1357802,1919,1908,1927,0.1780,0.3608,1.0685,-0.180,-0.164,0.293
1357812,1866,1907,1925,0.1780,0.3609,1.0682,-0.176,-0.201,0.279
1357822,1982,1901,1917,0.1790,0.3616,1.0673,-0.130,-0.252,0.284
1357832,1894,1908,1904,0.1784,0.3625,1.0686,-0.071,-0.303,0.290
1357842,1911,1897,1919,0.1778,0.3619,1.0687,0.010,-0.274,0.307
1357852,1900,1904,1904,0.1782,0.3627,1.0687,0.005,-0.257,0.305
1357862,1971,1902,1919,0.1781,0.3627,1.0685,-0.064,-0.182,0.288
