4820827,1868,2093,1983,0.0503,0.3796,1.0735,0.491,-0.929,1.753
4820837,1839,2108,1955,0.0518,0.3807,1.0764,0.457,-1.001,1.817
4820847,1840,2024,1979,0.0520,0.3805,1.0758,0.455,-1.025,1.833
4820857,1842,2098,1933,0.0516,0.3799,1.0758,0.413,-1.049,1.710
4820867,1866,2014,1980,0.0519,0.3785,1.0757,0.366,-1.122,1.575
4820877,1839,2077,1947,0.0526,0.3790,1.0747,0.342,-1.108,1.603
4820887,1870,1991,1981,0.0529,0.3798,1.0727,0.367,-1.019,1.711
4820897,1842,2061,1941,0.0536,0.3808,1.0721,0.393,-1.001,1.756
4820907,1860,2013,1970,0.0537,0.3819,1.0724,0.388,-1.036,1.717
4820917,1837,2053,1926,0.0532,0.3819,1.0697,0.407,-0.969,1.643
4820927,1860,1975,1967,0.0530,0.3822,1.0675,0.428,-0.891,1.638
4820937,1840,2027,1924,0.0541,0.3812,1.0703,0.370,-1.000,1.667
4820947,1836,1954,1976,0.0532,0.3787,1.0723,0.319,-1.141,1.597
4820957,1839,2023,1928,0.0522,0.3780,1.0726,0.323,-1.146,1.568
4820967,1859,1949,1963,0.0526,0.3782,1.0740,0.319,-1.120,1.709
4820977,1834,1923,1928,0.0538,0.3784,1.0737,0.355,-1.045,1.838
4820987,1878,1950,1967,0.0543,0.3791,1.0725,0.425,-0.960,1.914
4820997,1851,1971,1937,0.0543,0.3791,1.0736,0.436,-0.966,1.908
4821007,1855,1961,1961,0.0531,0.3802,1.0717,0.448,-0.929,1.816
4821017,1841,1997,1913,0.0511,0.3813,1.0698,0.467,-0.851,1.817
4821027,1866,1938,1947,0.0529,0.3825,1.0715,0.446,-0.899,1.954
4821037,1853,1994,1905,0.0540,0.3821,1.0749,0.413,-1.023,2.019
4821047,1853,1952,1946,0.0542,0.3798,1.0745,0.386,-1.080,1.912
4821057,1880,1981,1906,0.0534,0.3785,1.0739,0.356,-1.047,1.812
4821067,1842,1967,1947,0.0547,0.3787,1.0742,0.322,-1.030,1.893
4821077,1838,1971,1918,0.0556,0.3779,1.0749,0.326,-1.047,1.940
4821087,1831,1955,1953,0.0552,0.3774,1.0738,0.394,-1.001,1.820
4821097,1853,1972,1907,0.0541,0.3770,1.0727,0.468,-0.903,1.748
4821107,1912,1915,1952,0.0554,0.3791,1.0738,0.483,-0.827,1.835
4821117,1866,1958,1901,0.0539,0.3797,1.0727,0.504,-0.715,1.881
4821127,1861,1918,1939,0.0529,0.3809,1.0716,0.538,-0.595,1.866
4821137,1844,1949,1912,0.0537,0.3821,1.0730,0.504,-0.604,1.933
4821147,1874,1912,1955,0.0538,0.3814,1.0740,0.468,-0.622,1.932
4821157,1839,1936,1908,0.0543,0.3807,1.0735,0.460,-0.591,1.866
4821167,1869,1898,1944,0.0552,0.3801,1.0754,0.437,-0.612,1.860
4821177,1847,1962,1878,0.0553,0.3809,1.0750,0.452,-0.598,1.803
4821187,1861,1903,1935,0.0551,0.3800,1.0753,0.504,-0.522,1.740
4821197,1851,1949,1897,0.0547,0.3793,1.0758,0.525,-0.473,1.742
4821207,1858,1896,1942,0.0542,0.3798,1.0748,0.503,-0.435,1.784
4821217,1856,1948,1896,0.0543,0.3800,1.0748,0.493,-0.392,1.816
4821227,1869,1886,1938,0.0544,0.3807,1.0744,0.465,-0.399,1.844
4821237,1840,1948,1899,0.0548,0.3797,1.0750,0.441,-0.429,1.847
4821247,1861,1892,1944,0.0542,0.3797,1.0757,0.425,-0.416,1.841
4821257,1847,1957,1896,0.0543,0.3801,1.0764,0.410,-0.405,1.860
4821267,1858,1889,1934,0.0545,0.3796,1.0777,0.417,-0.492,1.826
4821277,1846,1929,1901,0.0543,0.3800,1.0787,0.447,-0.538,1.788
4821287,1870,1901,1933,0.0556,0.3804,1.0774,0.480,-0.528,1.797
4821297,1839,1961,1902,0.0551,0.3804,1.0789,0.445,-0.540,1.798
4821307,1890,1901,1938,0.0553,0.3795,1.0751,0.252,-0.524,1.766
4821317,1845,1967,1889,0.0553,0.3789,1.0729,0.140,-0.572,1.658
4821327,1849,1906,1938,0.0556,0.3781,1.0728,0.059,-0.695,1.575
4821337,1847,1968,1876,0.0557,0.3777,1.0721,0.068,-0.762,1.479
4821347,1872,1906,1941,0.0558,0.3770,1.0742,0.115,-0.834,1.427
4821357,1842,1960,1897,0.0556,0.3766,1.0738,0.141,-0.791,1.381
4821367,1861,1913,1935,0.0554,0.3771,1.0740,0.131,-0.770,1.337
4821377,1867,1952,1897,0.0558,0.3775,1.0726,0.105,-0.784,1.306
4821387,1856,1914,1940,0.0555,0.3786,1.0714,0.121,-0.798,1.264
4821397,1855,1971,1900,0.0558,0.3786,1.0722,0.157,-0.813,1.262
4821407,1867,1921,1936,0.0569,0.3791,1.0728,0.158,-0.867,1.273
4821417,1854,1963,1892,0.0570,0.3787,1.0743,0.145,-0.912,1.189
4821427,1869,1888,1938,0.0571,0.3781,1.0749,0.127,-0.890,1.114
4821437,1853,1956,1896,0.0570,0.3787,1.0750,0.089,-0.825,1.095
4821447,1859,1903,1942,0.0561,0.3783,1.0737,0.096,-0.736,1.062
4821457,1845,1961,1901,0.0558,0.3786,1.0730,0.147,-0.668,1.035
4821467,1857,1909,1929,0.0554,0.3794,1.0744,0.214,-0.624,1.052
4821477,1871,1944,1902,0.0557,0.3800,1.0748,0.289,-0.590,1.087
4821487,1870,1940,1936,0.0559,0.3799,1.0759,0.334,-0.565,1.078
4821497,1845,1960,1897,0.0551,0.3794,1.0753,0.331,-0.524,1.001
4821507,1861,1937,1940,0.0543,0.3800,1.0741,0.325,-0.451,0.954
4821517,1854,1962,1901,0.0550,0.3822,1.0735,0.334,-0.394,1.083
4821527,1866,1907,1942,0.0565,0.3833,1.0747,0.281,-0.442,1.220
4821537,1853,1962,1904,0.0554,0.3828,1.0746,0.194,-0.512,1.159
4821547,1867,1881,1951,0.0550,0.3820,1.0744,0.082,-0.514,1.090
4821557,1848,1962,1901,0.0555,0.3813,1.0734,-0.048,-0.522,1.120
4821567,1857,1906,1940,0.0566,0.3799,1.0753,-0.197,-0.578,1.167
4821577,1849,1969,1894,0.0575,0.3786,1.0755,-0.345,-0.635,1.185
4821587,1858,1909,1945,0.0563,0.3773,1.0754,-0.429,-0.656,1.181
4821597,1854,1986,1893,0.0564,0.3774,1.0755,-0.437,-0.636,1.237
4821607,1865,1920,1939,0.0567,0.3779,1.0763,-0.389,-0.575,1.398
4821617,1850,1956,1901,0.0569,0.3786,1.0752,-0.339,-0.469,1.588
4821627,1865,1920,1967,0.0565,0.3805,1.0752,-0.297,-0.364,1.795
4821637,1845,1975,1899,0.0565,0.3810,1.0779,-0.361,-0.446,1.871
4821647,1863,1888,1945,0.0560,0.3800,1.0748,-0.446,-0.434,1.812
4821657,1850,1994,1900,0.0559,0.3806,1.0742,-0.555,-0.405,1.904
4821667,1857,1937,1956,0.0564,0.3800,1.0740,-0.808,-0.481,1.945
4821677,1844,1978,1900,0.0571,0.3790,1.0722,-1.021,-0.498,1.878
4821687,1866,1907,1956,0.0583,0.3808,1.0769,-1.198,-0.595,2.050
4821697,1847,1975,1915,0.0566,0.3794,1.0790,-1.412,-0.675,2.057
4821707,1864,1926,1948,0.0525,0.3772,1.0732,-1.482,-0.543,1.829
4821717,1854,1967,1907,0.0567,0.3798,1.0737,-1.613,-0.507,2.087
4821727,1854,1926,1956,0.0617,0.3819,1.0777,-1.791,-0.662,2.411
4821737,1848,1915,1917,0.0596,0.3772,1.0793,-1.939,-0.815,2.016
4821747,1871,1938,1955,0.0570,0.3736,1.0806,-2.091,-0.886,1.538
4821757,1834,1975,1914,0.0587,0.3736,1.0805,-2.284,-0.783,1.677
4821767,1829,1900,1965,0.0614,0.3755,1.0798,-2.398,-0.573,1.996
4821777,1839,1926,1923,0.0620,0.3761,1.0812,-2.495,-0.484,2.069
4821787,1885,1920,1959,0.0603,0.3754,1.0824,-2.629,-0.478,1.899
4821797,1845,1961,1931,0.0575,0.3739,1.0825,-2.780,-0.355,1.615
4821807,1854,2007,1955,0.0581,0.3753,1.0841,-2.920,-0.155,1.590
4821817,1862,2054,1926,0.0602,0.3787,1.0865,-3.073,-0.001,1.852
4821827,1927,2233,1911,0.0602,0.3802,1.0865,-3.150,0.114,1.870
4821837,1826,1979,1911,0.0631,0.3831,1.0930,-3.229,0.188,1.854
4821847,1868,1891,1965,0.0621,0.3833,1.0948,-3.733,0.390,1.665
4821857,1885,1930,1913,0.0572,0.3866,1.0922,-4.282,0.774,1.387
4821867,1825,1968,1943,0.0584,0.3940,1.0957,-5.097,0.917,1.754
4821877,2025,1956,1911,0.0603,0.3946,1.1095,-6.328,0.680,1.897
4821887,1832,1980,1941,0.0600,0.3918,1.1165,-8.058,0.349,1.376
4821897,1927,1918,1913,0.0570,0.3996,1.1196,-9.948,0.401,1.456
4821907,1872,1986,1949,0.0638,0.4072,1.1357,-12.261,0.283,2.303
4821917,1832,1941,1903,0.0643,0.3991,1.1378,-14.932,0.019,2.237
4821927,1895,1910,1938,0.0595,0.3938,1.1405,-17.924,0.053,2.363
4821937,1824,1934,1903,0.0619,0.3888,1.1499,-22.270,-0.278,3.611
4821947,1934,1891,1940,0.0620,0.3748,1.1452,-27.025,-0.294,5.102
4821957,1853,1908,1895,0.0613,0.3646,1.1616,-32.366,-0.617,7.491
4821967,1970,1956,1944,0.0557,0.3570,1.1739,-38.617,-0.779,10.563
4821977,1916,1915,1906,0.0497,0.3568,1.1758,-45.000,0.169,14.328
4821987,1981,1994,1943,0.0542,0.3660,1.1856,-52.430,1.485,18.897
4821997,1959,1929,1920,0.0522,0.3643,1.1908,-60.996,2.829,21.947
4822007,1835,2007,1950,0.0528,0.3715,1.2062,-70.196,4.247,23.808
4822017,1818,1972,1971,0.0535,0.3716,1.2250,-79.329,5.900,25.099
4822027,1880,2033,1981,0.0555,0.3551,1.2269,-87.269,8.537,24.897
4822037,1853,2130,1923,0.0537,0.3327,1.2264,-93.166,11.704,23.280
4822047,1862,2142,1953,0.0611,0.3034,1.2351,-97.177,14.597,20.947
4822057,1884,2159,1936,0.0646,0.2697,1.2476,-98.716,17.536,18.110
4822067,1847,2067,1957,0.0665,0.2360,1.2660,-97.925,20.526,15.185
4822077,1824,2236,1893,0.0684,0.2072,1.2800,-94.530,24.047,12.538
4822087,1837,2049,1930,0.0719,0.1800,1.2876,-88.795,28.025,9.833
4822097,1835,2167,1864,0.0755,0.1539,1.3026,-81.668,31.820,6.901
4822107,1849,2196,1867,0.0710,0.1294,1.3150,-73.638,35.571,3.830
4822117,1936,2190,1842,0.0619,0.1113,1.3262,-64.973,39.622,1.245
4822127,1903,1935,1901,0.0517,0.0983,1.3333,-56.309,43.937,-0.420
4822137,1828,2076,1840,0.0389,0.0883,1.3340,-47.919,48.365,-1.680
4822147,1914,1955,1867,0.0262,0.0802,1.3353,-40.167,52.619,-2.671
4822157,1832,1810,1851,0.0132,0.0761,1.3371,-33.179,56.683,-3.347
4822167,2055,1901,1857,0.0023,0.0722,1.3375,-27.068,60.629,-3.677
4822177,1899,1995,1839,-0.0074,0.0674,1.3398,-22.009,64.408,-3.682
4822187,1870,2152,1843,-0.0192,0.0654,1.3407,-18.298,68.032,-3.247
4822197,1915,2000,1836,-0.0335,0.0665,1.3401,-16.070,71.407,-2.308
4822207,1927,1899,1857,-0.0469,0.0685,1.3351,-15.479,74.447,-0.857
4822217,1827,1900,1839,-0.0627,0.0720,1.3346,-16.368,77.173,0.844
4822227,1901,1840,1861,-0.0741,0.0764,1.3386,-18.898,79.720,2.951
4822237,2004,2093,1836,-0.0887,0.0781,1.3303,-22.529,82.581,5.082
4822247,2019,2045,1840,-0.0999,0.0719,1.3143,-26.831,85.733,6.926
4822257,1825,2000,1841,-0.1118,0.0617,1.3024,-31.587,88.503,8.185
4822267,1935,1962,1838,-0.1266,0.0457,1.2881,-36.353,91.014,9.004
4822277,1958,2067,1870,-0.1392,0.0295,1.2695,-40.519,93.363,10.147
4822287,1890,1980,1843,-0.1510,0.0116,1.2488,-43.703,95.519,11.861
4822297,1887,1980,1906,-0.1624,-0.0062,1.2260,-45.682,97.365,13.879
4822307,1896,1889,1901,-0.1768,-0.0222,1.2012,-46.733,98.762,16.070
4822317,1873,1918,1984,-0.1916,-0.0321,1.1838,-47.113,99.654,18.625
4822327,1823,1866,1936,-0.2014,-0.0387,1.1692,-47.273,100.346,21.866
4822337,1822,1742,1889,-0.2157,-0.0443,1.1546,-47.247,101.018,25.173
4822347,1857,1662,1845,-0.2323,-0.0427,1.1464,-47.653,101.672,28.466
4822357,1829,1680,1855,-0.2426,-0.0472,1.1336,-48.473,102.477,31.380
4822367,1930,1635,1881,-0.2595,-0.0584,1.1068,-49.450,103.516,33.322
4822377,1823,1737,1910,-0.2787,-0.0665,1.0775,-50.152,104.245,34.811
4822387,1831,1731,1897,-0.3023,-0.0550,1.0443,-50.147,104.628,36.598
4822397,1844,1669,1899,-0.3114,-0.0464,1.0146,-48.411,105.211,39.013
4822407,1907,1558,1836,-0.3182,-0.0534,1.0099,-46.431,104.331,39.660
4822417,1899,1700,1850,-0.3366,-0.0810,0.9900,-44.033,102.655,37.641
4822427,1879,1587,1843,-0.3586,-0.1025,0.9608,-41.003,101.448,36.101
4822437,1870,1571,1839,-0.3696,-0.1078,0.9453,-37.952,100.229,37.215
4822447,1822,1565,1873,-0.3820,-0.1125,0.9318,-34.958,98.922,39.180
4822457,1904,1652,1845,-0.3982,-0.1195,0.9162,-32.150,97.480,40.508
4822467,1875,1566,1869,-0.4099,-0.1242,0.9091,-29.681,95.770,41.976
4822477,1820,1649,1838,-0.4221,-0.1214,0.9038,-27.534,94.196,44.151
4822487,1819,1567,1875,-0.4359,-0.1120,0.8904,-25.621,92.966,46.804
4822497,1980,1636,1838,-0.4494,-0.1001,0.8780,-24.025,91.874,49.528
4822507,1821,1576,1876,-0.4620,-0.0909,0.8664,-22.778,90.556,51.720
4822517,1849,1655,1838,-0.4764,-0.0845,0.8582,-21.844,88.994,53.122
4822527,1821,1642,1856,-0.4895,-0.0783,0.8491,-21.342,87.348,54.246
4822537,1989,1587,1839,-0.5022,-0.0721,0.8339,-20.956,85.883,55.302
4822547,1843,1576,1871,-0.5145,-0.0658,0.8189,-20.783,84.328,56.232
4822557,1966,1583,1838,-0.5273,-0.0602,0.8131,-20.660,82.365,56.840
4822567,1827,1582,1854,-0.5393,-0.0547,0.8075,-20.488,80.266,57.242
4822577,1820,1669,1838,-0.5513,-0.0510,0.8033,-20.040,78.243,57.587
4822587,1945,1588,1883,-0.5640,-0.0463,0.8046,-19.652,76.274,58.029
4822597,1855,1611,1837,-0.5775,-0.0414,0.8014,-19.346,74.557,58.508
4822607,1923,1582,1845,-0.5915,-0.0334,0.7971,-19.096,73.161,59.148
4822617,2137,1605,1843,-0.6039,-0.0264,0.7958,-19.063,71.831,59.858
4822627,1943,1571,1838,-0.6142,-0.0222,0.7955,-19.247,70.482,60.349
4822637,1826,1648,1839,-0.6264,-0.0192,0.7954,-19.587,69.354,60.809
4822647,2031,1572,1842,-0.6358,-0.0148,0.7905,-19.955,68.475,61.458
4822657,1819,1571,1839,-0.6466,-0.0106,0.7837,-20.373,67.768,62.233
4822667,1883,1621,1840,-0.6551,-0.0069,0.7757,-20.826,67.011,62.847
4822677,2388,1629,1841,-0.6663,-0.0021,0.7683,-21.084,66.228,63.396
4822687,1939,1575,1850,-0.6758,0.0057,0.7613,-21.126,65.452,64.197
4822697,1829,1623,1839,-0.6839,0.0147,0.7541,-20.873,64.792,65.091
4822707,2106,1589,1874,-0.6902,0.0241,0.7472,-20.413,64.150,65.675
4822717,2157,1713,1867,-0.6957,0.0340,0.7417,-19.751,63.505,65.897
4822727,1839,1578,1839,-0.6984,0.0431,0.7366,-18.697,62.976,65.983
4822737,1823,1597,1838,-0.7004,0.0544,0.7324,-17.257,62.632,66.146
4822747,1864,1636,1845,-0.7002,0.0675,0.7307,-15.617,62.441,66.386
4822757,1895,1584,1840,-0.7017,0.0823,0.7288,-13.978,62.490,66.562
4822767,2193,1650,1841,-0.7034,0.0989,0.7295,-12.605,62.750,66.574
4822777,1826,1607,1843,-0.7046,0.1181,0.7279,-11.586,63.348,66.532
4822787,1850,1578,1841,-0.7051,0.1357,0.7190,-10.975,64.239,66.283
4822797,1947,1679,1839,-0.7074,0.1485,0.7047,-10.681,65.205,65.542
4822807,2063,1676,1837,-0.7127,0.1619,0.6905,-10.786,65.892,64.454
4822817,1840,1575,1838,-0.7194,0.1735,0.6749,-11.300,66.266,63.121
4822827,1826,1584,1840,-0.7260,0.1799,0.6571,-11.959,66.387,61.489
4822837,1840,1654,1846,-0.7309,0.1848,0.6403,-12.614,66.229,59.745
4822847,2125,1682,1842,-0.7323,0.1907,0.6294,-13.274,65.794,58.201
4822857,1844,1673,1850,-0.7320,0.1959,0.6241,-13.940,65.182,56.771
4822867,1991,1581,1842,-0.7308,0.2009,0.6192,-14.565,64.448,55.244
4822877,1857,1596,1839,-0.7319,0.2101,0.6099,-15.153,64.057,53.877
4822887,2094,1580,1857,-0.7315,0.2227,0.6023,-15.540,64.014,52.789
4822897,1823,1595,1844,-0.7314,0.2379,0.5989,-15.945,64.005,51.645
4822907,1922,1583,1842,-0.7332,0.2498,0.5881,-16.228,64.328,50.017
4822917,1885,1622,1840,-0.7340,0.2559,0.5756,-16.417,64.807,47.764
4822927,1966,1598,1840,-0.7334,0.2555,0.5660,-16.568,65.170,44.817
4822937,1828,1631,1850,-0.7398,0.2560,0.5542,-16.439,65.559,41.422
4822947,1844,1593,1844,-0.7447,0.2563,0.5386,-15.718,66.256,38.258
4822957,1824,1611,1839,-0.7521,0.2546,0.5211,-14.336,67.022,35.091
4822967,2182,1590,1846,-0.7592,0.2485,0.5026,-12.378,67.637,31.611
4822977,1856,1583,1840,-0.7687,0.2407,0.4890,-9.887,67.945,27.902
4822987,1884,1584,1838,-0.7763,0.2318,0.4756,-7.151,68.122,24.480
4822997,2034,1602,1857,-0.7852,0.2237,0.4577,-4.067,68.370,21.521
4823007,1839,1613,1842,-0.8020,0.2254,0.4364,-0.133,68.617,19.217
4823017,2334,1623,1839,-0.8193,0.2275,0.4120,3.479,68.586,17.170
4823027,2028,1583,1841,-0.8364,0.2267,0.3867,6.780,68.170,15.003
4823037,2375,1581,1872,-0.8509,0.2233,0.3641,9.650,67.118,12.745
4823047,2125,1674,1904,-0.8636,0.2199,0.3460,12.176,65.424,10.719
4823057,1968,1609,1959,-0.8764,0.2180,0.3293,14.414,63.307,9.118
4823067,1849,1599,1846,-0.8893,0.2187,0.3133,16.281,60.914,7.986
4823077,1950,1674,1933,-0.9042,0.2200,0.2976,17.657,58.326,7.087
4823087,1839,1583,2159,-0.9197,0.2199,0.2794,18.320,55.497,6.202
4823097,2397,1597,1895,-0.9334,0.2194,0.2664,18.473,52.466,5.613
4823107,1822,1593,1956,-0.9427,0.2222,0.2590,18.107,49.221,5.610
4823117,1958,1596,1866,-0.9503,0.2230,0.2491,17.625,46.041,6.069
4823127,1866,1607,1869,-0.9543,0.2228,0.2492,16.988,42.717,6.894
4823137,1999,1622,1852,-0.9567,0.2253,0.2649,15.764,38.877,7.791
4823147,2059,1605,1858,-0.9593,0.2329,0.2755,14.446,35.515,8.993
4823157,1947,1587,1845,-0.9615,0.2474,0.2742,13.205,33.202,10.644
4823167,2195,1586,1850,-0.9661,0.2582,0.2740,12.054,31.189,11.879
4823177,1879,1633,1873,-0.9637,0.2758,0.2717,10.230,29.197,12.536
4823187,1841,1652,1994,-0.9616,0.2941,0.2848,8.471,26.909,12.476
4823197,2389,1583,1839,-0.9554,0.3131,0.3023,7.024,24.923,12.179
4823207,1914,1617,1860,-0.9541,0.3250,0.3054,6.229,23.981,11.165
4823217,2154,1677,1898,-0.9591,0.3335,0.2906,5.675,23.962,9.495
4823227,2053,1662,1839,-0.9627,0.3391,0.2721,5.340,24.154,7.600
4823237,2035,1589,1877,-0.9664,0.3352,0.2567,4.849,24.073,5.322
4823247,1961,1648,1874,-0.9722,0.3245,0.2374,3.736,23.405,2.335
4823257,1837,1586,1863,-0.9743,0.3158,0.2154,2.079,22.344,-0.197
4823267,2045,1643,1862,-0.9722,0.3154,0.1942,0.019,20.933,-1.422
4823277,2274,1658,2036,-0.9682,0.3205,0.1753,-2.512,18.860,-2.004
4823287,1820,1587,1839,-0.9692,0.3226,0.1576,-5.251,16.178,-2.810
4823297,1833,1589,1944,-0.9706,0.3236,0.1442,-8.420,13.035,-3.899
4823307,2444,1593,1871,-0.9735,0.3116,0.1255,-11.750,9.325,-5.653
4823317,1821,1623,1843,-0.9745,0.2842,0.0941,-15.303,5.273,-7.930
4823327,1906,1622,1914,-0.9753,0.2501,0.0554,-19.062,0.608,-9.989
4823337,2489,1608,2116,-0.9798,0.2181,0.0164,-22.804,-5.002,-10.961
4823347,2138,1611,1847,-0.9840,0.1895,-0.0237,-26.255,-11.676,-10.580
4823357,2866,1640,2213,-0.9900,0.1593,-0.0772,-29.112,-19.216,-9.262
4823367,2297,1592,1879,-0.9983,0.1241,-0.1334,-31.059,-28.067,-7.630
4823377,2057,1707,1874,-1.0062,0.0850,-0.1775,-32.332,-39.388,-5.708
4823387,1832,1722,2005,-1.0150,0.0510,-0.1955,-32.947,-53.503,-3.176
4823397,1825,1620,1843,-1.0140,0.0206,-0.1947,-32.265,-69.366,0.423
4823407,2094,1597,1878,-0.9970,-0.0127,-0.1801,-29.870,-85.782,5.230
4823417,2093,1627,1914,-0.9683,-0.0536,-0.1571,-26.534,-102.308,10.983
4823427,1914,1811,1867,-0.9288,-0.0885,-0.1115,-23.085,-118.862,18.230
4823437,1874,1639,1878,-0.8806,-0.0936,-0.0223,-20.529,-135.042,28.353
4823447,1834,1713,1847,-0.8230,-0.0695,0.0849,-19.266,-149.641,41.199
4823457,1903,1617,1840,-0.7617,-0.0259,0.2089,-19.884,-161.727,55.020
4823467,2083,1710,1845,-0.7029,0.0377,0.3452,-22.841,-171.276,68.272
4823477,1826,1590,1892,-0.6420,0.1140,0.4881,-28.019,-177.964,80.383
4823487,1962,1607,1847,-0.5850,0.2014,0.6311,-35.234,-181.506,90.678
4823497,2308,1653,1842,-0.5380,0.2922,0.7645,-44.116,-181.803,98.104
4823507,2036,1652,1843,-0.4972,0.3775,0.8845,-54.096,-178.952,102.055
4823517,2242,1648,1844,-0.4621,0.4424,0.9795,-64.976,-173.321,102.240
4823527,1856,1752,1866,-0.4395,0.4809,1.0654,-75.878,-165.704,98.433
4823537,1900,1615,1842,-0.4181,0.4998,1.1489,-86.605,-156.688,92.311
4823547,2074,1613,1861,-0.4019,0.5000,1.2240,-96.540,-146.260,84.495
4823557,1871,1599,1859,-0.3909,0.4882,1.2841,-104.911,-134.407,75.701
4823567,1956,1637,1839,-0.3818,0.4702,1.3300,-111.413,-121.115,66.878
4823577,1843,1597,1863,-0.3710,0.4467,1.3607,-115.397,-106.763,58.274
4823587,1806,1720,1840,-0.3592,0.4184,1.3752,-116.749,-91.424,49.921
4823597,1836,1615,1849,-0.3543,0.3864,1.3771,-115.612,-75.640,41.622
4823607,1821,1610,1880,-0.3539,0.3568,1.3725,-111.985,-59.698,33.678
4823617,1850,1598,1856,-0.3530,0.3338,1.3568,-106.002,-43.650,26.777
4823627,1840,1667,1846,-0.3554,0.3125,1.3225,-97.470,-27.506,20.487
4823637,2111,1606,1871,-0.3591,0.2895,1.2892,-87.084,-12.199,14.025
4823647,1828,1655,1850,-0.3685,0.2641,1.2557,-75.482,1.792,6.977
4823657,1979,1602,1893,-0.3814,0.2413,1.2195,-62.755,14.722,-0.105
4823667,1828,1709,1876,-0.3964,0.2227,1.1814,-49.382,26.668,-6.460
4823677,1991,1688,1855,-0.4109,0.2116,1.1469,-35.991,37.365,-12.082
4823687,1810,1654,1856,-0.4277,0.2032,1.1147,-23.148,46.846,-17.338
4823697,1811,1599,1888,-0.4477,0.1968,1.0846,-11.119,55.181,-22.396
4823707,1807,1619,1869,-0.4680,0.1928,1.0577,-0.171,62.487,-27.010
4823717,1837,1607,1870,-0.4892,0.1901,1.0333,9.526,69.005,-31.174
4823727,1830,1684,1857,-0.5098,0.1881,1.0110,17.855,74.905,-34.957
4823737,1818,1669,1906,-0.5324,0.1892,0.9908,24.934,80.199,-38.386
4823747,1923,1728,1857,-0.5521,0.1926,0.9686,30.561,84.934,-41.407
4823757,1845,1704,1877,-0.5750,0.1926,0.9449,34.794,89.152,-44.587
4823767,1902,1734,1871,-0.5993,0.1902,0.9208,37.879,92.902,-47.878
4823777,1847,1713,1909,-0.6249,0.1853,0.8929,40.105,96.320,-50.866
4823787,1808,1661,1850,-0.6510,0.1780,0.8614,41.522,99.375,-53.388
4823797,1817,1807,1839,-0.6756,0.1665,0.8278,42.303,101.778,-55.786
4823807,2120,1728,1852,-0.7001,0.1486,0.7953,42.586,103.574,-57.947
4823817,1822,1769,1870,-0.7248,0.1282,0.7610,42.530,104.864,-59.502
4823827,2070,1756,1871,-0.7491,0.1062,0.7226,42.325,105.848,-60.217
4823837,2372,1647,1889,-0.7752,0.0835,0.6814,42.167,106.561,-60.066
4823847,1990,1781,1845,-0.7995,0.0632,0.6431,42.041,106.739,-59.035
4823857,1823,1769,1856,-0.8236,0.0470,0.6065,42.016,106.371,-57.215
4823867,1894,1863,1882,-0.8467,0.0351,0.5658,42.207,105.546,-54.757
4823877,2165,1692,1917,-0.8671,0.0278,0.5337,42.398,104.061,-51.875
4823887,1817,1703,1903,-0.8860,0.0219,0.5046,42.464,101.999,-48.921
4823897,1828,1736,1851,-0.9027,0.0175,0.4718,42.666,99.758,-45.974
4823907,2052,1777,1927,-0.9170,0.0139,0.4362,42.950,97.504,-42.882
4823917,2017,1697,1900,-0.9310,0.0103,0.3977,43.140,95.054,-40.001
4823927,1812,1800,1879,-0.9455,0.0005,0.3593,43.097,92.161,-37.578
4823937,1824,1750,1855,-0.9604,-0.0090,0.3302,42.861,88.509,-35.346
4823947,2022,1778,1842,-0.9787,-0.0160,0.3049,42.562,84.448,-32.822
4823957,2227,1727,1865,-0.9913,-0.0249,0.2763,42.311,80.420,-29.906
4823967,1820,1801,1842,-1.0045,-0.0373,0.2406,41.948,76.339,-27.018
4823977,1836,1716,1907,-1.0165,-0.0504,0.2005,41.455,71.973,-24.081
4823987,1999,1748,1851,-1.0260,-0.0611,0.1573,40.842,67.272,-20.581
4823997,1867,1617,1965,-1.0333,-0.0678,0.1124,39.940,61.961,-16.435
4824007,2045,1822,1841,-1.0391,-0.0727,0.0704,38.608,55.712,-11.989
4824017,1958,1789,1862,-1.0472,-0.0760,0.0252,36.997,48.581,-7.424
4824027,2093,1838,1862,-1.0560,-0.0754,-0.0214,35.456,40.749,-2.504
4824037,2148,1680,1904,-1.0638,-0.0659,-0.0638,33.313,32.130,2.999
4824047,1987,1758,1844,-1.0763,-0.0520,-0.1023,31.096,22.410,8.026
4824057,2025,1762,1893,-1.0915,-0.0335,-0.1409,29.193,11.899,12.693
4824067,2208,1712,2104,-1.1040,-0.0168,-0.1724,27.818,0.498,17.130
4824077,1931,1863,1883,-1.1069,-0.0070,-0.2004,26.022,-11.919,21.208
4824087,1866,1883,1853,-1.0997,-0.0114,-0.2122,22.945,-25.838,24.468
4824097,2773,1727,2000,-1.0772,-0.0250,-0.1943,17.840,-41.385,27.649
4824107,1847,1749,1914,-1.0553,-0.0327,-0.1625,11.390,-57.005,31.702
4824117,1959,1755,1908,-1.0334,-0.0314,-0.1427,4.213,-71.400,37.010
4824127,2447,2021,1840,-1.0074,-0.0239,-0.1223,-3.295,-84.933,42.917
4824137,1899,1607,1923,-0.9757,-0.0214,-0.0777,-10.931,-98.788,48.138
4824147,2182,1790,1922,-0.9393,-0.0261,-0.0099,-18.308,-112.975,52.346
4824157,1818,1673,1921,-0.8989,-0.0349,0.0616,-25.002,-126.173,56.469
4824167,1835,1774,1897,-0.8571,-0.0386,0.1328,-31.012,-137.552,61.499
4824177,1846,1696,1888,-0.8045,-0.0294,0.2152,-37.018,-147.425,67.865
4824187,1908,1641,1873,-0.7502,-0.0047,0.3288,-43.683,-156.198,74.911
4824197,1927,1774,1902,-0.6924,0.0306,0.4579,-51.429,-163.615,81.383
4824207,1882,1814,1878,-0.6367,0.0702,0.5813,-59.204,-168.264,86.852
4824217,1889,1628,1950,-0.5803,0.1201,0.6999,-66.741,-169.607,91.851
4824227,1969,1823,1856,-0.5253,0.1758,0.8142,-74.529,-168.272,96.091
4824237,1822,1657,1918,-0.4772,0.2292,0.9161,-82.446,-164.651,98.249
4824247,1959,1744,1842,-0.4443,0.2719,1.0052,-89.991,-158.650,97.792
4824257,1918,1680,1890,-0.4134,0.3074,1.0853,-96.326,-150.939,95.381
4824267,2087,1789,1843,-0.3898,0.3314,1.1580,-101.450,-141.687,91.459
4824277,1895,1679,1874,-0.3705,0.3441,1.2221,-105.286,-131.122,86.024
4824287,1882,1795,1852,-0.3506,0.3460,1.2681,-107.239,-119.346,79.408
4824297,1833,1662,1888,-0.3327,0.3401,1.3005,-106.955,-106.437,72.040
4824307,1856,1821,1840,-0.3153,0.3264,1.3256,-104.980,-93.003,64.097
4824317,1892,1687,1855,-0.3028,0.3076,1.3351,-101.424,-79.309,55.708
4824327,1952,1757,1874,-0.2973,0.2883,1.3357,-96.044,-65.391,47.402
4824337,1848,1656,1849,-0.2916,0.2699,1.3229,-89.267,-51.467,39.968
4824347,1810,1774,1939,-0.2971,0.2508,1.2994,-81.010,-37.969,32.782
4824357,1841,1679,1862,-0.3061,0.2373,1.2791,-71.916,-25.450,26.019
4824367,2199,1806,1849,-0.3200,0.2265,1.2519,-61.985,-13.862,19.898
4824377,1881,1673,1901,-0.3346,0.2196,1.2187,-51.417,-3.097,14.324
4824387,1815,1833,1858,-0.3498,0.2157,1.1839,-40.779,6.443,9.071
4824397,1841,1691,1900,-0.3672,0.2105,1.1465,-30.350,14.559,3.564
4824407,1851,1782,1886,-0.3877,0.2029,1.1098,-20.310,21.200,-2.250
4824417,1809,1708,1886,-0.4108,0.1934,1.0736,-10.797,26.424,-7.978
4824427,1858,1771,1858,-0.4357,0.1835,1.0384,-1.737,30.402,-13.409
4824437,1851,1741,1901,-0.4657,0.1744,1.0047,6.886,33.277,-18.384
4824447,1826,1707,1850,-0.4952,0.1693,0.9796,14.849,35.007,-22.688
4824457,1987,1717,1855,-0.5260,0.1691,0.9557,21.902,35.741,-26.350
4824467,1806,1738,1864,-0.5586,0.1692,0.9290,28.350,35.813,-29.764
4824477,1873,1675,1890,-0.5873,0.1730,0.9088,34.239,35.107,-32.719
4824487,1842,1748,1865,-0.6113,0.1777,0.8994,39.405,33.573,-35.229
4824497,1835,1709,1850,-0.6328,0.1783,0.8904,43.862,31.643,-37.755
4824507,1864,1718,1878,-0.6518,0.1770,0.8801,47.715,29.696,-40.136
4824517,1810,1687,1881,-0.6649,0.1775,0.8698,51.043,27.758,-41.885
4824527,2184,1861,1851,-0.6737,0.1804,0.8612,53.944,25.799,-43.044
4824537,1935,1707,1891,-0.6816,0.1839,0.8483,56.571,23.900,-43.980
4824547,1893,1803,1845,-0.6912,0.1892,0.8358,59.071,22.033,-44.787
4824557,1832,1686,1881,-0.7018,0.1972,0.8249,61.552,19.976,-45.400
4824567,1956,1695,1973,-0.7140,0.2075,0.8132,64.125,17.728,-45.933
4824577,1817,1698,1868,-0.7281,0.2192,0.7994,66.832,15.433,-46.576
4824587,1905,1766,1856,-0.7388,0.2294,0.7791,69.770,13.080,-47.396
4824597,1855,1733,1871,-0.7475,0.2393,0.7594,72.938,10.504,-48.361
4824607,1815,1741,1852,-0.7504,0.2474,0.7336,76.313,7.606,-49.554
4824617,1881,1723,1855,-0.7509,0.2529,0.7101,79.975,4.238,-51.062
4824627,1875,1761,1845,-0.7471,0.2572,0.6922,83.915,0.341,-52.756
4824637,2076,1651,1887,-0.7412,0.2604,0.6739,88.335,-3.692,-54.598
4824647,1860,1731,1841,-0.7361,0.2639,0.6546,93.546,-7.694,-56.656
4824657,1812,1745,1870,-0.7275,0.2690,0.6406,99.338,-11.912,-58.747
4824667,2039,1762,1848,-0.7169,0.2736,0.6270,105.491,-16.244,-60.961
4824677,2005,1678,1894,-0.7008,0.2805,0.6086,113.605,-21.284,-63.638
4824687,1882,1751,1841,-0.6858,0.2845,0.5922,121.464,-26.230,-66.267
4824697,2059,1680,1860,-0.6728,0.2856,0.5723,129.007,-31.283,-68.921
4824707,1894,1670,1850,-0.6609,0.2869,0.5496,136.282,-36.634,-71.243
4824717,1877,1703,1862,-0.6495,0.2913,0.5273,143.009,-42.263,-72.839
4824727,1978,1729,1847,-0.6221,0.2956,0.5228,149.143,-48.267,-73.880
4824737,1855,1728,1862,-0.5963,0.2981,0.5270,153.516,-54.618,-74.665
4824747,1802,1647,1852,-0.5846,0.2977,0.5342,156.696,-60.997,-75.844
4824757,2115,1736,1872,-0.5729,0.3035,0.5485,157.917,-66.980,-75.839
4824767,1885,1638,1857,-0.5669,0.3125,0.5538,157.265,-72.432,-74.760
4824777,1841,1706,1873,-0.5652,0.3175,0.5465,155.058,-77.547,-73.439
4824787,1875,1695,1846,-0.5557,0.3234,0.5511,151.216,-83.007,-71.366
4824797,2049,1728,1883,-0.5372,0.3299,0.5774,145.631,-89.057,-68.522
4824807,1818,1646,1859,-0.5165,0.3331,0.6066,138.405,-95.047,-65.429
4824817,2389,1648,1897,-0.5047,0.3347,0.6325,130.132,-100.575,-62.462
4824827,2043,1631,1858,-0.4737,0.3541,0.6924,120.536,-105.996,-58.697
4824837,1813,1699,1875,-0.4477,0.3713,0.7221,109.249,-109.609,-55.181
4824847,1876,1770,1856,-0.4392,0.3745,0.7044,97.979,-111.344,-54.280
4824857,1809,1710,1890,-0.4259,0.3774,0.7189,86.747,-113.977,-54.429
4824867,1815,1724,1862,-0.4087,0.3753,0.7505,75.767,-117.487,-54.840
4824877,1900,1748,1883,-0.4018,0.3585,0.7650,65.918,-120.277,-56.470
4824887,1823,1767,1848,-0.3871,0.3390,0.7825,56.716,-122.699,-58.074
4824897,1815,1713,1873,-0.3680,0.3246,0.8082,47.857,-125.017,-58.704
4824907,1851,1732,1842,-0.3521,0.3121,0.8236,39.564,-126.663,-58.927
4824917,1857,1686,1873,-0.3355,0.2955,0.8355,31.836,-127.783,-59.179
4824927,2479,1761,1846,-0.3197,0.2791,0.8569,24.610,-128.973,-59.480
4824937,1855,1626,1856,-0.3048,0.2623,0.8798,18.346,-130.032,-59.665
4824947,1811,1683,1853,-0.2961,0.2476,0.8980,13.317,-130.551,-59.452
4824957,1874,1654,1864,-0.2842,0.2361,0.9159,9.505,-130.673,-58.500
4824967,1810,1728,1853,-0.2748,0.2301,0.9395,6.592,-130.590,-56.780
4824977,1987,1707,1872,-0.2635,0.2270,0.9650,4.234,-130.289,-54.730
4824987,2505,1720,1863,-0.2498,0.2265,0.9927,2.255,-129.675,-52.713
4824997,1851,1665,1898,-0.2317,0.2220,1.0264,0.105,-128.740,-51.034
4825007,2201,1711,1877,-0.2091,0.2090,1.0605,-2.418,-127.624,-50.055
4825017,1998,1662,1909,-0.1868,0.1869,1.0898,-4.991,-126.099,-49.539
4825027,1870,1683,1957,-0.1604,0.1640,1.1197,-7.443,-124.160,-48.820
4825037,1829,1711,2085,-0.1400,0.1394,1.1474,-9.528,-121.895,-47.829
4825047,2038,1637,1909,-0.1234,0.1183,1.1735,-10.876,-119.018,-46.139
4825057,1918,1665,1859,-0.1154,0.1086,1.2028,-11.444,-115.370,-43.191
4825067,1920,1808,1962,-0.1132,0.1110,1.2197,-11.483,-111.285,-39.176
4825077,2020,1962,2062,-0.1156,0.1284,1.2327,-11.479,-107.103,-34.766
4825087,2190,1765,1980,-0.1268,0.1565,1.2381,-11.391,-102.763,-30.410
4825097,1847,1719,2004,-0.1294,0.1921,1.2443,-11.409,-98.595,-26.237
4825107,1994,1740,2028,-0.1292,0.2095,1.2519,-12.104,-95.056,-23.694
4825117,1989,1739,2087,-0.1285,0.2142,1.2642,-13.600,-92.111,-22.974
4825127,1840,1816,2187,-0.1293,0.2189,1.2758,-15.883,-89.424,-22.727
4825137,2032,1672,2125,-0.1340,0.2221,1.2939,-19.439,-86.517,-22.435
4825147,2172,1797,2193,-0.1383,0.2217,1.2961,-24.053,-83.340,-21.798
4825157,2206,1750,2191,-0.1440,0.2148,1.2943,-28.607,-80.102,-21.384
4825167,1882,1752,2186,-0.1533,0.2081,1.3019,-33.304,-77.228,-21.132
4825177,2123,1773,2153,-0.1624,0.2015,1.3046,-38.220,-74.653,-20.935
4825187,1976,1735,2181,-0.1670,0.1902,1.2965,-42.342,-72.054,-21.070
4825197,2091,1697,2102,-0.1647,0.1753,1.3001,-45.631,-69.829,-21.298
4825207,2159,1826,2132,-0.1580,0.1574,1.3009,-47.978,-67.662,-21.327
4825217,2152,1749,2026,-0.1496,0.1412,1.2983,-49.008,-65.154,-21.079
4825227,2091,1791,2111,-0.1397,0.1266,1.3057,-49.550,-62.799,-20.453
4825237,2343,1736,2096,-0.1317,0.1153,1.3113,-49.713,-60.526,-19.757
4825247,1925,1758,2133,-0.1250,0.1075,1.3108,-49.497,-58.084,-18.971
4825257,2682,1715,2096,-0.1193,0.0986,1.3073,-49.220,-55.719,-18.083
4825267,1961,1831,2112,-0.1134,0.0878,1.3016,-48.980,-53.566,-17.214
4825277,2212,1808,2106,-0.1082,0.0763,1.2895,-48.656,-51.576,-16.338
4825287,2189,1874,2122,-0.1014,0.0647,1.2792,-48.489,-49.876,-15.321
4825297,2398,1875,2046,-0.0926,0.0540,1.2666,-48.608,-48.429,-13.998
4825307,2169,1918,2075,-0.0834,0.0446,1.2543,-48.776,-47.133,-12.488
4825317,2466,1831,2031,-0.0731,0.0381,1.2526,-49.276,-46.141,-10.835
4825327,2018,2267,2096,-0.0642,0.0333,1.2481,-49.997,-45.069,-9.174
4825337,2210,1903,1997,-0.0569,0.0335,1.2367,-50.572,-43.711,-7.580
4825347,2319,2004,2021,-0.0514,0.0334,1.2216,-51.399,-42.494,-6.162
4825357,2276,1956,2000,-0.0464,0.0343,1.2081,-52.261,-41.615,-4.932
4825367,1970,2048,1969,-0.0384,0.0315,1.1972,-52.972,-40.997,-3.795
4825377,2111,1998,1954,-0.0272,0.0227,1.1934,-53.773,-40.529,-2.858
4825387,2072,2003,1942,-0.0152,0.0115,1.1923,-54.842,-40.042,-2.105
4825397,1795,2078,1998,-0.0019,-0.0028,1.1901,-55.851,-39.294,-1.486
4825407,2057,2025,1977,0.0097,-0.0155,1.1891,-56.622,-38.286,-0.868
4825417,2024,1926,1919,0.0203,-0.0271,1.1939,-57.066,-37.230,-0.246
4825427,1838,2078,1979,0.0282,-0.0370,1.1944,-56.869,-36.044,0.369
4825437,2314,2140,2058,0.0343,-0.0467,1.1902,-55.857,-34.800,0.951
4825447,2736,2316,1993,0.0399,-0.0535,1.1895,-54.333,-33.771,1.342
4825457,1858,2039,1949,0.0440,-0.0580,1.1880,-52.362,-32.939,1.412
4825467,1960,2034,2046,0.0490,-0.0612,1.1765,-49.572,-31.940,1.024
4825477,1992,2026,1934,0.0448,-0.0492,1.1674,-46.013,-31.120,0.137
4825487,2099,2031,1939,0.0509,-0.0494,1.1651,-41.538,-30.432,-1.408
4825497,2064,2029,1931,0.0662,-0.0461,1.1553,-37.427,-30.112,-3.556
4825507,2006,1937,1948,0.0885,-0.0075,1.1281,-29.107,-29.738,-6.175
4825517,1952,1908,1927,0.1094,-0.0030,1.2039,-10.967,-28.458,-9.205
4825527,2058,2015,1941,0.1191,-0.1002,1.2301,6.267,-28.569,-21.476
4825537,1884,2147,1986,0.1024,-0.1891,1.2396,23.747,-28.103,-34.743
4825547,1967,1984,1923,0.1513,-0.2077,1.2890,37.977,-24.790,-34.085
4825557,2157,1970,1929,0.1546,-0.2008,1.2927,46.383,-19.825,-28.967
4825567,1933,2010,1958,0.1477,-0.1730,1.2886,52.508,-15.222,-26.154
4825577,2320,1938,1909,0.1461,-0.1258,1.3074,56.057,-11.483,-22.116
4825587,1884,1986,1943,0.1421,-0.0771,1.2993,58.183,-7.244,-17.304
4825597,2075,1919,1895,0.1360,-0.0372,1.2804,58.779,-3.456,-13.230
4825607,1926,1974,1954,0.1296,-0.0089,1.2699,55.791,-1.551,-9.909
4825617,2015,1870,1848,0.1215,0.0103,1.2551,50.803,-0.206,-7.402
4825627,2129,1933,1918,0.1183,0.0287,1.2391,44.003,0.988,-4.956
4825637,1876,1917,1899,0.1199,0.0413,1.2299,35.308,1.366,-2.553
4825647,1881,2001,1955,0.1221,0.0479,1.2129,25.694,1.421,-0.248
4825657,1877,1858,1897,0.1194,0.0569,1.2007,16.111,1.186,2.091
4825667,1817,1943,1927,0.1166,0.0606,1.1866,6.784,0.746,4.106
4825677,1940,1887,1927,0.1159,0.0566,1.1616,-1.194,0.534,5.467
4825687,1933,1987,1960,0.1164,0.0480,1.1425,-7.763,0.004,6.214
4825697,2039,1886,1927,0.1208,0.0418,1.1244,-12.764,-0.996,6.525
4825707,1799,1906,1912,0.1212,0.0389,1.1202,-15.069,-1.773,6.722
4825717,1947,1896,1883,0.1257,0.0267,1.1226,-15.331,-2.427,6.307
4825727,1828,1963,1962,0.1248,0.0044,1.1141,-14.164,-2.755,4.680
4825737,1892,1846,1898,0.1243,-0.0058,1.1142,-11.998,-2.923,3.636
4825747,1851,1863,1918,0.1318,-0.0026,1.1195,-9.313,-2.858,4.392
4825757,2019,1910,1915,0.1332,-0.0029,1.1125,-6.059,-2.245,5.043
4825767,1784,1778,1914,0.1318,-0.0048,1.1096,-2.745,-1.936,4.857
4825777,1845,1894,1963,0.1282,-0.0035,1.1136,0.302,-2.146,4.469
4825787,1784,1905,1966,0.1268,-0.0016,1.1112,3.376,-2.416,3.980
4825797,1920,1855,1905,0.1262,0.0019,1.1210,6.811,-2.525,3.769
4825807,1800,1825,1906,0.1293,-0.0024,1.1297,9.663,-2.971,2.983
4825817,1790,1864,1891,0.1166,-0.0032,1.1284,12.876,-3.137,1.495
4825827,1800,1826,1961,0.1269,0.0045,1.1406,15.661,-3.125,1.845
4825837,1781,1869,1862,0.1230,0.0123,1.1446,18.015,-2.941,2.139
4825847,2164,1862,1967,0.1247,0.0185,1.1480,19.620,-2.843,1.932
4825857,1806,1829,1944,0.1197,0.0271,1.1567,20.198,-2.958,1.737
4825867,1930,1841,1931,0.1204,0.0364,1.1632,20.482,-2.892,2.194
4825877,1819,1779,1882,0.1212,0.0435,1.1618,20.154,-2.800,2.765
4825887,1823,1804,1918,0.1203,0.0463,1.1581,19.062,-2.730,2.813
4825897,1797,1778,1877,0.1201,0.0480,1.1570,17.782,-2.899,2.613
4825907,1811,1785,1875,0.1272,0.0531,1.1675,16.338,-2.994,3.139
4825917,1810,1763,1902,0.1254,0.0522,1.1700,14.199,-2.810,3.268
4825927,1821,1815,1913,0.1221,0.0522,1.1668,12.201,-2.514,2.937
4825937,1803,1768,1873,0.1299,0.0550,1.1700,10.007,-2.414,3.549
4825947,1856,1818,1880,0.1269,0.0553,1.1667,7.691,-2.145,3.950
4825957,1782,1769,1870,0.1248,0.0572,1.1620,5.544,-1.771,4.120
4825967,1844,1794,1922,0.1246,0.0549,1.1576,3.477,-1.449,4.317
4825977,1795,1763,1868,0.1251,0.0523,1.1510,1.678,-1.223,4.329
4825987,1864,1742,1919,0.1293,0.0519,1.1480,0.081,-1.157,4.548
4825997,1827,1676,1865,0.1287,0.0505,1.1392,-1.147,-0.990,4.658
4826007,2106,1785,1917,0.1307,0.0481,1.1343,-1.836,-0.876,4.609
4826017,1819,1741,1865,0.1328,0.0450,1.1337,-2.278,-1.016,4.466
4826027,2009,1828,1932,0.1317,0.0401,1.1311,-2.265,-1.143,4.051
4826037,1821,1682,1870,0.1314,0.0361,1.1291,-1.832,-1.236,3.711
4826047,1941,1723,1939,0.1311,0.0327,1.1242,-0.914,-1.198,3.485
4826057,1836,1699,1869,0.1303,0.0291,1.1168,0.547,-1.062,3.244
4826067,2351,1821,1942,0.1294,0.0299,1.1124,2.545,-1.056,3.045
4826077,1908,1709,1874,0.1308,0.0322,1.1092,5.175,-1.037,2.887
4826087,1943,1713,1913,0.1331,0.0326,1.1036,8.276,-0.938,2.619
4826097,1865,1659,1858,0.1320,0.0313,1.1063,11.420,-1.079,1.973
4826107,1915,1737,1913,0.1278,0.0320,1.1058,14.905,-1.243,1.228
4826117,1861,1667,1860,0.1311,0.0372,1.1031,19.012,-1.071,1.285
4826127,1985,1668,1912,0.1369,0.0427,1.1119,23.193,-1.002,1.614
4826137,1884,1630,1849,0.1352,0.0416,1.1229,26.719,-1.313,0.868
4826147,2311,1726,1940,0.1304,0.0441,1.1350,29.861,-1.499,-0.056
4826157,1892,1634,1853,0.1338,0.0572,1.1427,32.286,-1.240,0.469
4826167,2001,1663,1893,0.1371,0.0709,1.1454,34.261,-0.465,1.571
4826177,1832,1657,1856,0.1365,0.0836,1.1469,35.154,-0.053,1.873
4826187,2086,1665,1905,0.1327,0.0964,1.1497,35.386,0.061,1.686
4826197,1904,1666,1887,0.1324,0.1054,1.1533,34.653,0.070,1.615
4826207,2296,1635,1891,0.1240,0.1134,1.1499,33.405,0.275,1.372
4826217,1846,1635,1841,0.1247,0.1285,1.1519,31.645,0.336,1.939
4826227,2165,1637,1889,0.1295,0.1408,1.1593,29.302,0.151,2.842
4826237,1924,1641,1851,0.1255,0.1444,1.1520,26.630,0.232,2.583
4826247,2153,1648,1891,0.1269,0.1474,1.1490,24.193,0.304,2.040
4826257,1940,1626,1873,0.1294,0.1496,1.1523,21.764,0.348,1.965
4826267,2122,1630,1907,0.1281,0.1482,1.1477,19.765,0.578,1.497
4826277,2041,1625,1848,0.1270,0.1487,1.1448,18.096,0.826,1.165
4826287,2160,1628,1887,0.1281,0.1532,1.1462,16.534,1.006,1.343
4826297,2102,1625,1851,0.1275,0.1554,1.1407,15.212,1.354,1.424
4826307,2195,1638,1928,0.1266,0.1553,1.1350,14.052,1.676,1.213
4826317,2018,1626,1839,0.1261,0.1541,1.1326,13.062,1.742,0.884
4826327,2192,1631,1895,0.1253,0.1525,1.1290,12.544,1.791,0.675
4826337,1928,1640,1842,0.1266,0.1511,1.1287,12.308,1.753,0.555
4826347,2241,1625,1878,0.1260,0.1487,1.1270,12.371,1.716,0.359
4826357,2085,1664,1840,0.1256,0.1466,1.1265,12.725,1.702,0.207
4826367,2161,1671,1875,0.1263,0.1469,1.1296,13.205,1.629,0.161
4826377,2017,1652,1848,0.1260,0.1484,1.1313,13.820,1.665,0.183
4826387,2262,1650,1863,0.1271,0.1516,1.1305,14.513,1.795,0.281
4826397,2064,1668,1844,0.1266,0.1554,1.1302,15.194,1.950,0.394
4826407,2211,1657,1873,0.1251,0.1587,1.1259,15.824,2.101,0.425
4826417,2049,1660,1848,0.1204,0.1620,1.1243,16.536,2.139,0.330
4826427,2220,1685,1868,0.1219,0.1671,1.1267,17.073,1.916,0.391
4826437,2117,1662,1842,0.1213,0.1685,1.1262,17.631,1.757,0.270
4826447,2309,1666,1866,0.1180,0.1732,1.1245,18.066,1.647,0.221
4826457,2086,1759,1841,0.1172,0.1829,1.1239,18.453,1.545,0.583
4826467,2221,1723,1840,0.1167,0.1920,1.1234,18.625,1.477,1.026
4826477,2187,1758,1841,0.1162,0.1994,1.1239,18.450,1.309,1.215
4826487,2334,1726,1859,0.1162,0.2072,1.1251,18.012,0.971,1.198
4826497,2209,1785,1842,0.1154,0.2147,1.1256,17.375,0.699,1.188
4826507,2213,1743,1853,0.1156,0.2193,1.1239,16.553,0.522,1.112
4826517,2197,1784,1842,0.1149,0.2194,1.1238,15.484,0.165,0.744
4826527,2386,1735,1851,0.1141,0.2189,1.1267,14.256,-0.328,0.323
4826537,2229,1801,1843,0.1146,0.2212,1.1265,13.024,-0.670,0.285
4826547,2527,1751,1843,0.1159,0.2239,1.1251,11.786,-0.872,0.488
4826557,2268,1822,1851,0.1160,0.2261,1.1223,10.601,-1.094,0.534
4826567,2390,1803,1840,0.1153,0.2267,1.1215,9.588,-1.355,0.387
4826577,2204,1838,1855,0.1163,0.2276,1.1216,8.765,-1.580,0.241
4826587,2401,1785,1849,0.1181,0.2268,1.1203,8.112,-1.743,0.122
4826597,2298,1830,1858,0.1200,0.2244,1.1209,7.543,-1.865,-0.080
4826607,2415,1848,1839,0.1203,0.2211,1.1187,7.120,-1.895,-0.370
4826617,2314,1866,1857,0.1216,0.2172,1.1181,6.895,-1.843,-0.645
4826627,2452,1843,1841,0.1231,0.2144,1.1209,6.818,-1.821,-0.813
4826637,2333,1855,1855,0.1244,0.2103,1.1215,7.009,-1.695,-1.023
4826647,2471,1860,1844,0.1236,0.2050,1.1203,7.487,-1.438,-1.291
4826657,2341,1892,1873,0.1247,0.2026,1.1194,8.101,-1.243,-1.397
4826667,2470,1878,1854,0.1235,0.2029,1.1173,8.839,-1.085,-1.292
4826677,2363,1903,1857,0.1223,0.2053,1.1147,9.686,-0.933,-1.121
4826687,2486,1859,1840,0.1219,0.2111,1.1127,10.587,-0.887,-0.899
4826697,2372,1942,1879,0.1235,0.2175,1.1148,11.460,-0.934,-0.700
4826707,2525,1887,1840,0.1218,0.2232,1.1135,12.269,-0.917,-0.707
4826717,2397,1950,1893,0.1225,0.2289,1.1136,12.870,-0.913,-0.782
4826727,2572,1889,1839,0.1219,0.2345,1.1149,13.151,-0.943,-0.840
4826737,2407,1952,1895,0.1201,0.2410,1.1127,13.251,-0.893,-0.882
4826747,2598,1916,1842,0.1217,0.2496,1.1109,13.183,-0.892,-0.665
4826757,2432,1978,1914,0.1238,0.2589,1.1113,12.869,-1.130,-0.497
4826767,2582,1913,1844,0.1221,0.2664,1.1107,12.399,-1.409,-0.872
4826777,2483,2015,1908,0.1220,0.2668,1.1113,11.831,-1.651,-1.672
4826787,2651,1928,1868,0.1193,0.2626,1.1117,11.091,-2.046,-2.943
4826797,2471,2004,1886,0.1158,0.2577,1.1141,10.513,-2.301,-3.906
4826807,2615,1934,1852,0.1174,0.2558,1.1177,10.143,-2.404,-3.854
4826817,2457,2031,1885,0.1199,0.2558,1.1132,10.153,-2.109,-3.120
4826827,2640,1947,1882,0.1227,0.2568,1.1107,10.199,-1.814,-2.385
4826837,2516,2054,1898,0.1246,0.2553,1.1155,10.030,-1.912,-2.255
4826847,2639,1968,1868,0.1222,0.2496,1.1150,9.923,-1.989,-2.834
4826857,2537,2042,1910,0.1190,0.2453,1.1108,10.256,-1.793,-3.304
4826867,2660,1966,1874,0.1211,0.2486,1.1105,10.935,-1.541,-2.870
4826877,2546,2055,1912,0.1235,0.2521,1.1118,11.710,-1.456,-2.268
4826887,2624,2047,1893,0.1189,0.2502,1.1121,12.432,-1.555,-2.436
4826897,2558,2104,1919,0.1146,0.2569,1.1057,12.940,-1.586,-2.653
4826907,2664,2078,1885,0.1176,0.2704,1.1000,13.233,-1.158,-1.546
4826917,2625,2124,1933,0.1180,0.2769,1.1020,13.230,-1.376,-1.022
4826927,2691,2072,1903,0.1153,0.2799,1.0973,13.347,-1.796,-1.425
4826937,2413,2153,1939,0.1207,0.2878,1.1065,13.458,-1.957,-0.927
4826947,2706,2104,1906,0.1242,0.2914,1.1154,13.245,-2.207,-0.632
4826957,2606,2174,1952,0.1219,0.2896,1.1124,13.063,-2.005,-1.077
4826967,2716,2144,1906,0.1210,0.2908,1.1124,12.533,-1.790,-1.177
4826977,2648,2187,1965,0.1234,0.2916,1.1068,11.459,-1.666,-0.866
4826987,2800,2128,1907,0.1224,0.2950,1.0998,10.267,-1.551,-0.591
4826997,2650,2199,1963,0.1244,0.3001,1.1044,9.111,-1.706,-0.162
4827007,2750,2162,1918,0.1265,0.3025,1.1066,8.393,-1.818,-0.008
4827017,2639,2241,1965,0.1271,0.3019,1.1018,8.153,-1.462,-0.064
4827027,2731,2196,1932,0.1291,0.3002,1.1036,7.811,-1.179,-0.161
4827037,2638,2263,1969,0.1290,0.2977,1.1039,7.325,-0.993,-0.435
4827047,2746,2213,1935,0.1273,0.2961,1.1006,6.912,-0.621,-0.637
4827057,2660,2289,1956,0.1279,0.2963,1.0993,6.651,-0.141,-0.475
4827067,2758,2214,1942,0.1282,0.2961,1.0994,6.530,0.313,-0.347
4827077,2647,2296,1964,0.1269,0.2954,1.0999,6.528,0.692,-0.565
4827087,2778,2255,1964,0.1267,0.2947,1.1007,6.655,1.100,-0.769
4827097,2660,2309,1975,0.1266,0.2951,1.1008,6.883,1.602,-0.846
4827107,2738,2264,1968,0.1250,0.2924,1.1017,7.140,2.138,-1.029
4827117,2627,2340,1986,0.1204,0.2896,1.0950,7.459,2.699,-1.328
4827127,2732,2280,1956,0.1170,0.2915,1.0866,7.757,3.240,-1.202
4827137,2606,2355,1986,0.1155,0.3020,1.0897,7.662,3.569,-0.432
4827147,2697,2315,1963,0.1175,0.3032,1.0970,6.971,3.397,-0.215
4827157,2559,2386,2004,0.1104,0.2992,1.0907,6.466,3.271,-1.165
4827167,2698,2341,1981,0.1130,0.3041,1.0965,6.409,3.458,-0.794
4827177,2570,2400,2009,0.1156,0.3143,1.0975,6.277,3.614,0.079
4827187,2667,2354,1991,0.1176,0.3178,1.0965,6.573,4.041,0.493
4827197,2488,2411,2005,0.1157,0.3127,1.1034,6.692,3.793,-0.093
4827207,2682,2360,2003,0.1140,0.3097,1.1074,6.850,3.521,-0.745
4827217,2537,2441,2049,0.1159,0.3087,1.1041,7.027,3.907,-0.527
4827227,2647,2400,2013,0.1135,0.3073,1.1012,6.901,4.311,-0.146
4827237,2519,2489,2068,0.1101,0.3074,1.1009,6.683,4.305,-0.045
4827247,2637,2422,2025,0.1071,0.3135,1.0988,6.470,4.359,0.441
4827257,2500,2507,2077,0.1070,0.3206,1.0952,6.334,4.513,1.173
4827267,2605,2435,2029,0.1081,0.3250,1.0941,6.078,4.311,1.456
4827277,2488,2492,2091,0.1057,0.3266,1.0960,5.637,3.878,1.169
4827287,2606,2439,2037,0.1041,0.3297,1.0954,5.114,3.626,1.049
4827297,2477,2507,2112,0.1042,0.3342,1.0941,4.438,3.548,1.324
4827307,2572,2431,2056,0.1036,0.3357,1.0936,3.558,3.335,1.490
4827317,2467,2515,2114,0.1026,0.3349,1.0935,2.560,2.963,1.405
4827327,2563,2456,2068,0.1017,0.3337,1.0930,1.613,2.611,1.376
4827337,2450,2502,2114,0.1027,0.3316,1.0916,0.782,2.333,1.469
4827347,2555,2440,2062,0.1020,0.3291,1.0924,0.067,2.050,1.512
4827357,2427,2497,2116,0.1014,0.3246,1.0936,-0.535,1.780,1.446
4827367,2539,2438,2076,0.1007,0.3220,1.0922,-0.994,1.571,1.434
4827377,2432,2505,2116,0.1005,0.3227,1.0930,-1.310,1.457,1.688
4827387,2524,2443,2097,0.1016,0.3216,1.0937,-1.440,1.387,1.855
4827397,2394,2510,2117,0.1011,0.3175,1.0944,-1.428,1.267,1.740
4827407,2483,2446,2083,0.1006,0.3142,1.0962,-1.371,1.116,1.642
4827417,2377,2488,2131,0.1014,0.3142,1.0951,-1.246,1.116,1.774
4827427,2504,2388,2094,0.1021,0.3132,1.0957,-1.076,1.166,1.947
4827437,2358,2467,2145,0.1022,0.3121,1.0980,-0.896,1.114,1.896
4827447,2474,2377,2115,0.1007,0.3102,1.0969,-0.655,1.105,1.734
4827457,2312,2439,2150,0.1001,0.3089,1.0953,-0.304,1.184,1.717
4827467,2456,2369,2121,0.0998,0.3097,1.0953,0.045,1.196,1.799
4827477,2319,2452,2188,0.0994,0.3103,1.0942,0.411,1.175,1.808
4827487,2422,2353,2131,0.0987,0.3116,1.0933,0.842,1.169,1.772
4827497,2302,2423,2171,0.0997,0.3124,1.0938,1.260,1.134,1.793
4827507,2408,2339,2155,0.0994,0.3137,1.0930,1.619,1.159,1.753
4827517,2279,2421,2183,0.0995,0.3141,1.0926,2.005,1.231,1.650
4827527,2395,2333,2133,0.0999,0.3149,1.0920,2.317,1.225,1.605
4827537,2264,2386,2196,0.0986,0.3153,1.0929,2.469,1.134,1.537
4827547,2385,2319,2153,0.0978,0.3158,1.0918,2.548,1.055,1.492
4827557,2259,2384,2201,0.0980,0.3173,1.0925,2.608,1.012,1.577
4827567,2349,2304,2159,0.0969,0.3214,1.0908,2.682,1.011,1.718
4827577,2228,2361,2192,0.0979,0.3235,1.0896,2.674,1.023,1.815
4827587,2332,2288,2168,0.0975,0.3249,1.0927,2.624,0.910,1.735
4827597,2208,2329,2202,0.0970,0.3225,1.0914,2.547,0.823,1.467
4827607,2291,2259,2126,0.0950,0.3222,1.0890,2.466,0.831,1.295
4827617,2165,2315,2190,0.0958,0.3264,1.0925,2.257,0.767,1.547
4827627,2293,2249,2152,0.0974,0.3291,1.0921,2.017,0.740,1.883
4827637,2177,2285,2193,0.0976,0.3281,1.0920,1.821,0.719,1.800
4827647,2284,2219,2144,0.0956,0.3263,1.0930,1.589,0.595,1.496
4827657,2151,2286,2189,0.0956,0.3238,1.0927,1.326,0.536,1.343
4827667,2263,2210,2136,0.0962,0.3225,1.0916,1.076,0.606,1.419
4827677,2133,2256,2191,0.0963,0.3219,1.0919,0.878,0.573,1.522
4827687,2231,2206,2143,0.0962,0.3207,1.0935,0.787,0.468,1.496
4827697,2117,2218,2174,0.0962,0.3201,1.0935,0.853,0.475,1.418
4827707,2241,2175,2126,0.0962,0.3195,1.0929,1.018,0.521,1.357
4827717,2093,2241,2172,0.0955,0.3198,1.0935,1.178,0.546,1.362
4827727,2227,2146,2112,0.0943,0.3201,1.0936,1.323,0.549,1.425
4827737,2044,2216,2182,0.0946,0.3199,1.0926,1.495,0.559,1.495
4827747,2215,2110,2115,0.0931,0.3215,1.0909,1.636,0.548,1.567
4827757,2077,2188,2154,0.0934,0.3222,1.0922,1.715,0.462,1.613
4827767,2195,2107,2096,0.0938,0.3227,1.0931,1.772,0.388,1.649
4827777,2083,2150,2138,0.0938,0.3233,1.0949,1.801,0.339,1.646
4827787,2204,2091,2127,0.0940,0.3240,1.0958,1.782,0.288,1.637
4827797,2064,2141,2136,0.0934,0.3249,1.0936,1.717,0.257,1.599
4827807,2194,2070,2099,0.0936,0.3260,1.0933,1.650,0.240,1.610
4827817,2055,2121,2136,0.0934,0.3260,1.0930,1.548,0.188,1.657
