0.0296,1.1384,0.019,-0.555,0.135
3469392,1313,1860,2311,-0.0897,-0.0309,1.1384,0.114,-0.609,0.144
3469402,1309,1876,1682,-0.0893,-0.0307,1.1398,0.180,-0.661,0.169
3469412,1344,1859,1638,-0.0884,-0.0297,1.1410,0.195,-0.701,0.197
3469422,1314,1872,2199,-0.0875,-0.0281,1.1414,0.201,-0.694,0.216
3469432,1327,1861,1934,-0.0874,-0.0272,1.1406,0.204,-0.640,0.224
3469442,1332,1883,2280,-0.0874,-0.0265,1.1408,0.207,-0.628,0.215
3469452,1317,1859,2430,-0.0871,-0.0270,1.1403,0.229,-0.629,0.180
3469462,1388,1891,2238,-0.0880,-0.0281,1.1401,0.252,-0.625,0.148
3469472,1327,1856,1979,-0.0878,-0.0295,1.1410,0.212,-0.656,0.134
3469482,1323,1874,1745,-0.0874,-0.0306,1.1404,0.121,-0.666,0.158
3469492,1328,1858,1928,-0.0883,-0.0316,1.1382,0.010,-0.631,0.185
3469502,1320,1877,1728,-0.0882,-0.0323,1.1378,-0.101,-0.648,0.196
3469512,1329,1859,1900,-0.0887,-0.0328,1.1381,-0.161,-0.666,0.188
3469522,1323,1883,1629,-0.0887,-0.0321,1.1383,-0.154,-0.679,0.165
3469532,1335,1855,1970,-0.0874,-0.0310,1.1386,-0.056,-0.708,0.172
3469542,1323,1871,1619,-0.0870,-0.0294,1.1397,0.134,-0.719,0.205
3469552,1339,1859,1757,-0.0875,-0.0278,1.1391,0.385,-0.685,0.234
3469562,1329,1877,1605,-0.0873,-0.0274,1.1402,0.633,-0.647,0.244
3469572,1322,1863,2017,-0.0873,-0.0268,1.1395,0.785,-0.609,0.245
3469582,1323,1868,2085,-0.0879,-0.0281,1.1396,0.817,-0.548,0.241
3469592,1358,1872,1816,-0.0892,-0.0288,1.1397,0.727,-0.527,0.243
3469602,1327,1874,1668,-0.0896,-0.0293,1.1386,0.548,-0.563,0.240
3469612,1334,1860,1990,-0.0895,-0.0298,1.1388,0.277,-0.669,0.218
3469622,1333,1888,2082,-0.0882,-0.0301,1.1393,-0.061,-0.802,0.195
3469632,1328,1857,1947,-0.0870,-0.0306,1.1410,-0.353,-0.887,0.140
3469642,1327,1876,1703,-0.0870,-0.0302,1.1414,-0.543,-0.931,0.076
3469652,1331,1857,1922,-0.0863,-0.0304,1.1430,-0.593,-0.942,0.038
3469662,1329,1877,1701,-0.0857,-0.0296,1.1442,-0.467,-0.866,0.060
3469672,1350,1858,1993,-0.0863,-0.0290,1.1433,-0.212,-0.758,0.084
3469682,1332,1843,1760,-0.0867,-0.0292,1.1427,0.112,-0.672,0.118
3469692,1336,1858,1599,-0.0869,-0.0304,1.1412,0.428,-0.590,0.147
3469702,1329,1872,1855,-0.0873,-0.0305,1.1402,0.675,-0.520,0.184
3469712,1346,1859,1643,-0.0885,-0.0319,1.1389,0.829,-0.471,0.227
3469722,1332,1886,1640,-0.0889,-0.0311,1.1385,0.851,-0.462,0.286
3469732,1349,1860,1606,-0.0887,-0.0298,1.1391,0.731,-0.506,0.310
3469742,1351,1904,1715,-0.0885,-0.0290,1.1382,0.545,-0.580,0.324
3469752,1337,1861,2492,-0.0884,-0.0276,1.1388,0.337,-0.639,0.343
3469762,1332,1874,2557,-0.0876,-0.0272,1.1406,0.134,-0.693,0.329
3469772,1356,1866,1599,-0.0872,-0.0280,1.1413,-0.026,-0.715,0.302
3469782,1336,1887,1648,-0.0868,-0.0292,1.1414,-0.109,-0.735,0.274
3469792,1337,1858,2883,-0.0874,-0.0296,1.1418,-0.124,-0.728,0.263
3469802,1341,1881,1629,-0.0866,-0.0298,1.1408,-0.102,-0.711,0.269
3469812,1347,1859,2000,-0.0864,-0.0299,1.1413,-0.071,-0.697,0.275
3469822,1379,1903,1801,-0.0868,-0.0308,1.1411,-0.020,-0.672,0.271
3469832,1357,1859,1740,-0.0865,-0.0316,1.1405,0.028,-0.665,0.242
3469842,1333,1893,1973,-0.0863,-0.0316,1.1417,0.082,-0.680,0.206
3469852,1350,1859,1718,-0.0864,-0.0315,1.1402,0.180,-0.694,0.201
3469862,1338,1882,1720,-0.0857,-0.0305,1.1406,0.285,-0.683,0.201
3469872,1359,1860,1605,-0.0858,-0.0292,1.1407,0.370,-0.662,0.199
3469882,1338,1884,1759,-0.0862,-0.0289,1.1400,0.435,-0.652,0.186
3469892,1351,1863,1639,-0.0860,-0.0289,1.1390,0.487,-0.640,0.146
3469902,1341,1882,1640,-0.0867,-0.0292,1.1394,0.501,-0.676,0.092
3469912,1363,1859,1707,-0.0869,-0.0293,1.1397,0.488,-0.727,0.079
3469922,1341,1879,1616,-0.0873,-0.0288,1.1390,0.450,-0.763,0.076
3469932,1358,1865,1681,-0.0870,-0.0285,1.1417,0.371,-0.828,0.049
3469942,1363,1895,1970,-0.0861,-0.0282,1.1436,0.258,-0.910,-0.000
3469952,1360,1857,1857,-0.0855,-0.0282,1.1441,0.149,-0.934,-0.015
3469962,1346,1879,1650,-0.0854,-0.0277,1.1439,0.038,-0.912,-0.023
3469972,1359,1863,1647,-0.0852,-0.0267,1.1446,-0.075,-0.839,-0.036
3469982,1347,1893,1750,-0.0859,-0.0275,1.1438,-0.210,-0.764,-0.006
3469992,1362,1855,2051,-0.0869,-0.0277,1.1435,-0.407,-0.706,0.048
3470002,1346,1880,1733,-0.0875,-0.0276,1.1432,-0.712,-0.675,0.098
3470012,1356,1869,1644,-0.0882,-0.0275,1.1426,-1.109,-0.672,0.145
3470022,1350,1881,2206,-0.0882,-0.0276,1.1429,-1.569,-0.700,0.170
3470032,1361,1857,1670,-0.0868,-0.0279,1.1449,-2.074,-0.781,0.182
3470042,1351,1897,1663,-0.0868,-0.0280,1.1455,-2.593,-0.822,0.182
3470052,1355,1858,1662,-0.0860,-0.0280,1.1474,-3.049,-0.836,0.176
3470062,1346,1880,1843,-0.0861,-0.0248,1.1514,-3.402,-0.875,0.186
3470072,1366,1859,1630,-0.0860,-0.0238,1.1502,-3.641,-0.744,0.177
3470082,1353,1874,1607,-0.0862,-0.0235,1.1488,-3.824,-0.534,0.154
3470092,1364,1860,1641,-0.0854,-0.0235,1.1512,-4.064,-0.410,0.162
3470102,1348,1886,1625,-0.0852,-0.0239,1.1502,-4.347,-0.245,0.153
3470112,1451,1859,1726,-0.0847,-0.0255,1.1493,-4.679,-0.013,0.154
3470122,1358,1886,1774,-0.0843,-0.0280,1.1494,-5.189,0.113,0.146
3470132,1369,1859,1612,-0.0850,-0.0306,1.1482,-5.935,0.167,0.128
3470142,1353,1883,1607,-0.0857,-0.0344,1.1480,-6.848,0.207,0.096
3470152,1374,1858,1856,-0.0865,-0.0376,1.1484,-7.870,0.213,0.080
3470162,1358,1876,2060,-0.0868,-0.0411,1.1483,-8.876,0.217,0.062
3470172,1597,1863,1843,-0.0867,-0.0444,1.1492,-9.812,0.169,0.053
3470182,1394,1898,1870,-0.0859,-0.0468,1.1514,-10.578,0.141,0.061
3470192,1465,1860,1728,-0.0856,-0.0500,1.1541,-11.110,0.264,0.057
3470202,1360,1858,2776,-0.0847,-0.0531,1.1552,-11.413,0.444,0.077
3470212,1381,1860,1862,-0.0844,-0.0566,1.1539,-11.454,0.749,0.109
3470222,1360,1879,1605,-0.0839,-0.0608,1.1536,-11.333,1.051,0.177
3470232,1439,1861,1722,-0.0841,-0.0642,1.1518,-11.104,1.351,0.279
3470242,1359,1877,1749,-0.0844,-0.0678,1.1498,-10.682,1.690,0.383
3470252,1357,1857,2222,-0.0841,-0.0701,1.1484,-10.185,1.887,0.460
3470262,1377,1882,1830,-0.0854,-0.0712,1.1466,-9.524,2.102,0.559
3470272,1666,1861,1709,-0.0866,-0.0717,1.1468,-8.856,2.327,0.652
3470282,1427,1875,1622,-0.0888,-0.0739,1.1460,-8.231,2.534,0.680
3470292,1458,1886,1877,-0.0915,-0.0750,1.1451,-7.585,2.722,0.644
3470302,1396,1882,2148,-0.0929,-0.0779,1.1430,-6.882,2.851,0.561
3470312,1487,1868,1896,-0.0946,-0.0810,1.1416,-6.110,2.820,0.448
3470322,1426,1881,1656,-0.0949,-0.0828,1.1391,-5.205,2.690,0.310
3470332,1368,1860,2160,-0.0946,-0.0863,1.1369,-4.138,2.533,0.160
3470342,1376,1869,1797,-0.0924,-0.0888,1.1377,-2.993,2.323,0.045
3470352,1377,1889,1708,-0.0891,-0.0911,1.1429,-1.773,2.237,0.039
3470362,1367,1869,1764,-0.0861,-0.0920,1.1519,-0.664,2.303,0.206
3470372,1373,1860,1611,-0.0864,-0.0891,1.1589,0.201,2.592,0.486
3470382,1863,1903,1757,-0.0884,-0.0856,1.1601,0.812,3.153,0.744
3470392,1636,1858,2084,-0.0898,-0.0829,1.1614,1.145,3.732,0.931
3470402,1519,1861,2162,-0.0900,-0.0850,1.1612,1.217,4.241,1.037
3470412,1427,1863,2034,-0.0868,-0.1046,1.1695,0.928,4.591,1.237
3470422,1480,1905,1613,-0.0873,-0.1042,1.1728,-0.073,4.974,2.272
3470432,1378,1857,2046,-0.0953,-0.0996,1.1703,-1.524,5.727,3.550
3470442,1361,1868,1671,-0.0960,-0.0916,1.1657,-3.091,6.293,4.381
3470452,1448,1860,1675,-0.0987,-0.0857,1.1625,-4.056,6.823,4.734
3470462,1528,1885,1745,-0.0959,-0.0833,1.1743,-4.923,7.022,4.733
3470472,1408,1860,2150,-0.0894,-0.0841,1.1882,-5.801,7.243,4.698
3470482,1554,1904,1648,-0.0861,-0.0878,1.1978,-6.463,8.076,4.932
3470492,1380,1890,1642,-0.0856,-0.0973,1.2097,-7.224,9.397,5.560
3470502,1376,1889,2060,-0.0886,-0.1046,1.2189,-8.362,10.895,6.557
3470512,1366,1885,2356,-0.0941,-0.1079,1.2232,-9.653,12.672,7.747
3470522,1435,1893,1852,-0.0977,-0.1058,1.2284,-11.046,14.362,8.977
3470532,1432,1869,1722,-0.1006,-0.1037,1.2352,-12.452,15.992,10.038
3470542,1379,1906,1631,-0.1033,-0.1030,1.2429,-13.757,17.714,10.889
3470552,1415,1887,1632,-0.1051,-0.1036,1.2546,-15.148,19.591,11.591
3470562,1387,1912,1736,-0.1096,-0.1043,1.2672,-16.518,21.782,12.294
3470572,1370,1861,1723,-0.1153,-0.1078,1.2719,-17.931,24.372,13.019
3470582,1381,1886,2171,-0.1226,-0.1153,1.2729,-19.477,27.157,13.843
3470592,1419,1862,2425,-0.1307,-0.1218,1.2760,-21.337,29.743,14.922
3470602,1374,1918,2217,-0.1421,-0.1270,1.2790,-23.507,32.147,16.329
3470612,1520,1875,2308,-0.1530,-0.1308,1.2818,-26.027,34.464,18.033
3470622,1371,1871,1646,-0.1631,-0.1333,1.2787,-28.898,36.711,19.840
3470632,1371,1863,1914,-0.1723,-0.1372,1.2750,-32.037,38.839,21.575
3470642,1387,1863,1651,-0.1789,-0.1455,1.2676,-35.321,40.809,23.152
3470652,1393,1887,2285,-0.1857,-0.1591,1.2585,-38.343,42.777,24.545
3470662,1430,1870,2029,-0.1923,-0.1750,1.2468,-40.859,44.657,25.823
3470672,1390,1861,2316,-0.1991,-0.1913,1.2356,-42.601,46.362,27.164
3470682,1431,1883,2415,-0.2050,-0.2068,1.2284,-43.538,47.830,28.645
3470692,1397,1862,2168,-0.2094,-0.2206,1.2232,-43.819,49.252,30.262
3470702,1454,1858,2051,-0.2146,-0.2330,1.2183,-43.591,50.774,32.022
3470712,1516,1892,2391,-0.2192,-0.2435,1.2132,-42.978,52.459,33.866
3470722,1378,1881,2194,-0.2234,-0.2551,1.2011,-41.996,54.329,35.688
3470732,1383,1888,1769,-0.2287,-0.2660,1.1854,-40.475,56.343,37.487
3470742,1618,1946,2478,-0.2371,-0.2744,1.1699,-38.226,58.253,39.349
3470752,1417,1861,2456,-0.2465,-0.2816,1.1575,-35.320,60.010,41.214
3470762,1393,1960,2630,-0.2575,-0.2868,1.1463,-31.935,61.674,43.071
3470772,1381,1858,2459,-0.2697,-0.2847,1.1354,-27.340,63.488,45.233
3470782,1538,1896,1784,-0.2812,-0.2802,1.1232,-22.924,65.186,47.250
3470792,1384,1860,1973,-0.2914,-0.2737,1.1095,-18.729,66.981,49.104
3470802,1382,1887,2363,-0.3032,-0.2678,1.0957,-14.890,68.721,50.803
3470812,1405,1934,2410,-0.3115,-0.2596,1.0825,-11.391,70.293,52.429
3470822,1497,1941,2303,-0.3204,-0.2556,1.0679,-8.372,71.764,53.874
3470832,1398,1867,2608,-0.3312,-0.2475,1.0506,-5.771,73.205,55.319
3470842,1408,1861,2551,-0.3434,-0.2373,1.0311,-3.527,74.482,56.794
3470852,1469,1863,2499,-0.3549,-0.2236,1.0132,-1.434,75.480,58.191
3470862,1389,1988,1792,-0.3657,-0.2137,0.9988,0.482,76.308,59.286
3470872,1420,1872,2314,-0.3748,-0.2075,0.9905,2.093,76.937,60.082
3470882,1413,1872,2365,-0.3827,-0.2022,0.9840,3.225,77.443,60.617
3470892,1460,1860,2225,-0.3895,-0.1985,0.9766,3.977,77.971,61.051
3470902,1396,1903,2670,-0.3978,-0.1967,0.9706,4.470,78.577,61.536
3470912,1384,1857,1731,-0.4080,-0.1875,0.9640,4.711,79.286,62.259
3470922,1470,1879,2700,-0.4208,-0.1826,0.9566,4.894,80.156,63.142
3470932,1404,1863,2422,-0.4310,-0.1746,0.9483,4.715,81.016,64.157
3470942,1398,1870,2009,-0.4433,-0.1653,0.9334,4.470,82.053,65.276
3470952,1483,1867,2399,-0.4539,-0.1534,0.9167,4.061,82.984,66.359
3470962,1395,1988,2670,-0.4645,-0.1390,0.8993,3.603,83.663,67.416
3470972,1497,1862,2370,-0.4728,-0.1247,0.8810,3.150,84.229,68.283
3470982,1400,1889,1963,-0.4816,-0.1111,0.8657,2.505,84.462,68.926
3470992,1472,1858,3007,-0.4927,-0.0998,0.8497,1.767,84.640,69.367
3471002,1409,1901,2308,-0.5032,-0.0915,0.8340,0.843,84.603,69.667
3471012,1469,1861,2085,-0.5146,-0.0815,0.8182,-0.141,84.255,70.003
3471022,1406,1860,1726,-0.5241,-0.0756,0.8025,-1.237,83.681,70.432
3471032,1462,1862,2196,-0.5336,-0.0689,0.7838,-2.522,82.852,70.986
3471042,1427,1862,1922,-0.5434,-0.0635,0.7646,-3.947,81.794,71.736
3471052,1414,1901,2120,-0.5532,-0.0562,0.7501,-5.474,80.425,72.739
3471062,1790,1879,1929,-0.5630,-0.0485,0.7339,-7.046,78.699,73.891
3471072,1394,1867,2119,-0.5755,-0.0384,0.7185,-8.434,76.681,75.116
3471082,1483,1869,1974,-0.5876,-0.0274,0.7079,-9.535,74.330,76.343
3471092,1474,1866,1821,-0.5977,-0.0168,0.7018,-10.490,71.618,77.494
3471102,1534,1899,1729,-0.6075,-0.0044,0.6938,-11.296,68.872,78.558
3471112,1526,1870,1773,-0.6174,0.0091,0.6869,-11.787,66.231,79.575
3471122,1726,1918,1723,-0.6267,0.0221,0.6844,-11.967,63.575,80.481
3471132,1526,1874,1724,-0.6348,0.0335,0.6851,-11.978,61.057,81.194
3471142,1398,1860,1696,-0.6416,0.0436,0.6889,-11.907,58.761,81.696
3471152,1399,1894,1797,-0.6475,0.0526,0.6937,-11.764,56.735,82.031
3471162,2002,1870,1680,-0.6518,0.0619,0.7004,-11.318,55.053,82.297
3471172,1445,1870,1678,-0.6562,0.0724,0.7063,-10.612,53.682,82.568
3471182,1438,1966,1727,-0.6605,0.0840,0.7103,-9.782,52.723,82.861
3471192,1404,1904,1713,-0.6656,0.0990,0.7094,-8.980,52.191,83.236
3471202,1514,1891,2020,-0.6726,0.1142,0.7059,-8.312,51.988,83.649
3471212,1550,1880,1670,-0.6796,0.1304,0.7017,-7.661,51.952,84.025
3471222,1461,1886,1803,-0.6889,0.1488,0.6970,-6.788,52.014,84.358
3471232,1493,1882,2295,-0.6989,0.1669,0.6925,-5.754,52.132,84.554
3471242,1678,1916,1974,-0.7085,0.1885,0.6904,-4.597,52.174,84.565
3471252,1564,1894,1994,-0.7170,0.2129,0.6863,-3.340,52.260,84.277
3471262,1443,1893,2210,-0.7240,0.2393,0.6849,-1.996,52.393,83.633
3471272,1498,1907,1667,-0.7299,0.2636,0.6821,-0.645,52.551,82.592
3471282,1899,1928,1864,-0.7362,0.2834,0.6711,0.794,53.127,81.044
3471292,1401,1874,2023,-0.7417,0.3016,0.6608,2.430,53.795,79.295
3471302,1445,1950,1999,-0.7501,0.3191,0.6496,4.117,54.417,77.495
3471312,1445,1873,1934,-0.7575,0.3353,0.6363,5.921,55.047,75.616
3471322,1458,1904,2255,-0.7650,0.3520,0.6200,7.715,55.668,73.590
3471332,1671,1881,2287,-0.7742,0.3702,0.6013,9.713,55.970,71.608
3471342,1477,1868,1953,-0.7814,0.3894,0.5800,11.702,55.930,69.353
3471352,1450,1924,1853,-0.7893,0.4077,0.5585,13.876,55.425,66.933
3471362,1430,1900,2287,-0.7962,0.4256,0.5357,16.088,54.547,64.201
3471372,1696,1927,2003,-0.8035,0.4427,0.5133,18.426,53.298,61.273
3471382,1688,1870,2104,-0.8109,0.4584,0.4985,20.811,51.543,58.228
3471392,1406,1876,2055,-0.8164,0.4734,0.4885,23.084,49.358,55.077
3471402,1421,1888,2001,-0.8191,0.4868,0.4839,25.000,46.920,51.765
3471412,1557,1889,2201,-0.8179,0.4962,0.4848,26.412,44.408,48.270
3471422,1799,1881,2037,-0.8151,0.5039,0.4853,27.274,42.096,44.644
3471432,1497,1935,2096,-0.8134,0.5065,0.4782,27.636,40.179,40.982
3471442,1471,1876,2225,-0.8113,0.5093,0.4711,27.502,38.415,37.481
3471452,1408,1878,2231,-0.8126,0.5135,0.4648,26.852,36.577,34.298
3471462,1442,1929,1891,-0.8147,0.5195,0.4563,25.693,34.771,31.347
3471472,1481,1945,1671,-0.8173,0.5274,0.4490,24.133,32.921,28.472
3471482,1439,1878,2048,-0.8194,0.5363,0.4442,22.253,30.847,25.566
3471492,1528,1887,1601,-0.8221,0.5407,0.4349,20.247,28.737,22.535
3471502,1510,1939,2070,-0.8241,0.5398,0.4263,18.342,26.747,19.369
3471512,1464,1867,1880,-0.8229,0.5343,0.4229,16.425,24.644,16.213
3471522,1455,2033,2025,-0.8199,0.5322,0.4336,14.700,22.465,13.512
3471532,1489,2038,2661,-0.8186,0.5343,0.4536,13.090,20.404,11.478
3471542,1456,1985,2176,-0.8178,0.5382,0.4651,11.345,19.032,9.887
3471552,1406,2034,1883,-0.8161,0.5425,0.4693,8.953,18.068,8.309
3471562,1778,1867,1892,-0.8187,0.5414,0.4630,5.816,17.171,6.310
3471572,1590,1934,2144,-0.8203,0.5404,0.4332,2.640,16.380,3.792
3471582,1731,1927,1867,-0.8224,0.5191,0.3907,0.683,15.684,0.531
3471592,1430,1865,2372,-0.8272,0.4768,0.3640,-0.276,14.066,-3.442
3471602,2118,1941,2037,-0.8298,0.4164,0.3561,-0.313,11.554,-7.394
3471612,1441,1856,2074,-0.8280,0.3556,0.3705,0.445,8.576,-10.283
3471622,1576,2308,2155,-0.8239,0.3252,0.3950,1.997,5.534,-10.824
3471632,1611,1903,1845,-0.8236,0.3255,0.4037,4.289,3.400,-9.350
3471642,1499,2056,2227,-0.8231,0.3496,0.4144,7.025,2.084,-7.011
3471652,1802,1964,1684,-0.8221,0.3923,0.4471,9.223,0.464,-4.698
3471662,1793,1862,2061,-0.8228,0.4423,0.4778,10.515,-0.627,-3.164
3471672,1743,1888,1916,-0.8224,0.4920,0.5003,10.587,-0.619,-2.807
3471682,2219,2029,2043,-0.8233,0.5202,0.5122,9.116,0.253,-4.050
3471692,1632,1866,2237,-0.8243,0.5197,0.5148,6.456,1.636,-6.891
3471702,3698,1956,1771,-0.8246,0.4971,0.5140,3.444,2.956,-10.399
3471712,2728,1893,2096,-0.8308,0.4686,0.5215,0.836,3.901,-13.545
3471722,1898,2207,2254,-0.8448,0.4465,0.5255,-1.187,4.700,-15.916
3471732,1883,1926,1981,-0.8596,0.4190,0.5013,-2.693,6.012,-18.375
3471742,2596,1881,1883,-0.8637,0.3719,0.4716,-3.802,7.078,-21.474
3471752,2440,1859,2265,-0.8525,0.3143,0.4709,-4.092,6.875,-24.206
3471762,1498,1908,1883,-0.8390,0.2742,0.5027,-2.768,6.158,-25.046
3471772,1770,1862,1844,-0.8345,0.2834,0.5469,0.179,6.108,-23.369
3471782,1580,1912,1952,-0.8388,0.3221,0.5548,4.498,8.149,-20.808
3471792,1741,1946,2171,-0.8522,0.3641,0.5706,9.887,11.433,-19.037
3471802,1616,1921,1964,-0.8622,0.3870,0.6080,14.728,14.023,-18.319
3471812,3719,1867,1808,-0.8727,0.3931,0.6025,17.802,17.763,-18.514
3471822,2626,1870,1824,-0.8836,0.4016,0.5716,18.984,21.965,-18.779
3471832,1631,2027,1986,-0.8926,0.4002,0.5248,19.111,25.384,-19.198
3471842,1449,2056,2480,-0.9099,0.3821,0.4600,20.269,28.789,-19.840
3471852,1413,1975,2063,-0.9248,0.3730,0.4234,22.603,30.587,-19.873
3471862,1912,1897,2212,-0.9332,0.3704,0.4075,25.931,30.567,-19.144
3471872,1942,1906,1707,-0.9264,0.3628,0.3886,29.675,30.184,-18.493
3471882,1800,2379,2324,-0.9025,0.3254,0.4335,32.877,28.582,-18.090
3471892,1548,1903,1736,-0.8794,0.3121,0.4891,32.569,25.089,-16.682
3471902,1921,1862,1946,-0.8827,0.3167,0.3590,31.878,27.373,-14.939
3471912,1425,1888,1865,-0.9002,0.2888,0.2234,31.518,31.404,-14.335
3471922,2989,1853,1699,-0.8940,0.2431,0.2742,29.136,26.786,-13.630
3471932,1764,2133,1725,-0.8762,0.2110,0.3549,24.451,18.402,-11.869
3471942,1474,1945,2103,-0.8751,0.2040,0.3115,20.752,15.697,-9.228
3471952,1891,1900,1619,-0.8787,0.2142,0.2792,19.023,14.975,-6.273
3471962,1740,1881,1606,-0.8727,0.2344,0.3265,18.061,11.279,-3.475
3471972,2453,2123,2328,-0.8781,0.2537,0.3258,17.858,8.906,-1.483
3471982,2309,1857,1632,-0.8870,0.2875,0.2919,18.520,8.746,-0.071
3471992,1300,1866,1658,-0.8941,0.3280,0.2937,19.688,7.637,0.869
3472002,1311,1865,1620,-0.9010,0.3675,0.3108,21.333,6.094,0.830
3472012,1368,1885,1827,-0.9059,0.4029,0.3334,23.412,5.190,-0.200
3472022,1530,1874,2138,-0.9065,0.4264,0.3765,25.391,4.642,-2.016
3472032,1407,2582,2146,-0.9056,0.4360,0.4201,26.850,4.656,-4.146
3472042,1322,2273,1611,-0.9230,0.4523,0.4268,27.236,6.061,-5.904
3472052,1418,2277,1678,-0.9491,0.4586,0.3522,27.273,10.235,-7.356
3472062,1532,2006,2353,-0.9811,0.4952,0.2978,27.485,14.339,-7.901
3472072,1483,1900,1930,-0.9722,0.5485,0.3562,26.500,13.337,-7.287
3472082,1285,1977,1671,-0.9419,0.5048,0.3678,22.504,12.717,-9.130
3472092,1324,2039,1678,-0.9206,0.4356,0.3812,16.858,13.175,-11.851
3472102,1295,1871,1658,-0.9180,0.4131,0.3585,9.537,12.577,-12.502
3472112,3194,2206,1761,-0.9490,0.3575,0.2142,6.477,16.569,-13.983
3472122,1217,1987,1959,-0.9572,0.2838,0.2117,4.383,16.141,-15.817
3472132,1273,1884,1727,-0.9530,0.2160,0.2845,2.184,10.216,-15.640
3472142,1251,2053,1923,-0.9619,0.2498,0.2549,4.860,9.868,-11.065
3472152,1752,1871,1620,-0.9599,0.3046,0.2925,8.038,6.600,-6.997
3472162,2647,1857,1650,-0.9638,0.3470,0.2776,12.707,5.205,-4.946
3472172,1627,2103,1788,-0.9719,0.3638,0.2463,17.587,5.419,-4.964
3472182,1269,1873,1819,-0.9802,0.3670,0.2487,21.885,4.331,-5.791
3472192,1336,1858,1992,-0.9862,0.3741,0.2480,25.796,3.031,-6.516
3472202,1209,2004,1701,-0.9840,0.3949,0.2580,29.414,2.233,-6.725
3472212,1260,1950,1667,-0.9786,0.4181,0.3124,31.368,0.364,-6.677
3472222,1482,2002,2220,-0.9870,0.4290,0.3519,31.610,-0.703,-6.958
3472232,1782,2273,2015,-1.0003,0.4386,0.3154,31.716,1.725,-7.549
3472242,1336,1953,2156,-1.0165,0.4646,0.2763,32.565,5.237,-7.756
3472252,1600,1963,1726,-0.9979,0.4709,0.3210,32.408,5.409,-7.754
3472262,1274,1883,2624,-0.9690,0.3852,0.3900,28.859,4.149,-9.047
3472272,1678,1857,1787,-0.9474,0.3548,0.4284,20.539,2.666,-8.370
3472282,1765,1917,1530,-0.9565,0.3620,0.3019,13.830,6.452,-6.355
3472292,1861,1913,1546,-0.9719,0.3349,0.2061,9.420,10.327,-6.088
3472302,2257,2043,1515,-0.9736,0.2686,0.2201,4.293,7.892,-7.271
3472312,1919,1922,1581,-0.9822,0.1806,0.1745,0.045,5.889,-8.300
3472322,2261,2036,1500,-0.9840,0.1297,0.1425,-2.710,4.092,-6.911
3472332,1502,1952,1909,-0.9777,0.1126,0.1521,-3.434,0.475,-2.958
3472342,1595,1901,1565,-0.9682,0.1218,0.1531,-1.268,-2.521,1.880
3472352,1430,1936,1506,-0.9524,0.1625,0.1899,3.114,-5.694,6.789
3472362,1853,1861,1625,-0.9412,0.2175,0.2337,9.139,-8.138,11.041
3472372,2784,2022,1704,-0.9411,0.2684,0.2299,15.952,-7.735,13.740
3472382,2302,1889,1501,-0.9447,0.3148,0.2152,21.998,-6.189,14.945
3472392,1476,1894,1498,-0.9489,0.3598,0.2210,25.971,-5.703,15.215
3472402,1440,2003,1822,-0.9465,0.3999,0.2415,27.327,-6.040,14.679
3472412,1239,2029,2179,-0.9369,0.4356,0.2923,26.223,-7.145,13.509
3472422,1345,2109,2194,-0.9420,0.4523,0.3429,23.030,-7.554,11.699
3472432,1251,1863,1508,-0.9551,0.4441,0.2818,19.374,-3.820,9.166
3472442,1584,2056,1697,-0.9735,0.4334,0.2217,16.415,0.868,6.972
3472452,1656,1917,1581,-0.9504,0.4088,0.2761,12.207,0.265,5.865
3472462,1554,2057,1524,-0.9074,0.3403,0.3747,5.781,-2.152,4.741
3472472,1428,1866,1685,-0.8718,0.3324,0.4383,-4.018,-4.224,5.972
3472482,1253,1894,1658,-0.8784,0.3645,0.2975,-11.314,1.142,8.030
3472492,1285,2001,1596,-0.9059,0.3457,0.1795,-15.147,8.115,7.504
3472502,3314,2175,1665,-0.9045,0.2845,0.2361,-20.070,5.971,5.010
3472512,2538,1936,1604,-0.9041,0.2179,0.2437,-24.581,2.857,2.816
3472522,1731,1909,1709,-0.9083,0.1758,0.1847,-26.632,3.403,2.820
3472532,2875,1873,1575,-0.9069,0.1569,0.1817,-27.145,2.507,4.789
3472542,2584,1889,1796,-0.8962,0.1685,0.2155,-25.432,-0.046,7.780
3472552,2247,1862,1956,-0.8850,0.2059,0.2343,-21.402,-1.415,10.884
3472562,1569,1867,1718,-0.8847,0.2482,0.2178,-15.354,-0.589,12.987
3472572,1504,1878,1786,-0.8900,0.2843,0.1963,-7.978,1.009,13.519
3472582,1347,1964,1661,-0.8854,0.3215,0.2175,-0.674,1.221,12.951
3472592,1219,2238,1945,-0.8687,0.3515,0.2727,4.986,0.197,11.832
3472602,1366,1883,1613,-0.8630,0.3725,0.3444,8.131,-0.143,10.329
3472612,1284,2142,2330,-0.8693,0.3921,0.3499,9.204,2.047,9.192
3472622,1328,2074,1910,-0.8981,0.3981,0.2187,10.779,9.246,7.873
3472632,1456,1866,1747,-0.8954,0.3990,0.2019,10.924,12.359,6.893
3472642,1298,1863,1716,-0.8664,0.3588,0.2962,6.452,8.531,5.756
3472652,2694,1915,1577,-0.8319,0.3374,0.3268,-0.843,5.772,5.596
3472662,1481,1855,1622,-0.8278,0.3343,0.2513,-7.755,7.985,6.194
3472672,1497,1855,1554,-0.8380,0.3112,0.1899,-13.297,10.535,6.168
3472682,1302,1863,1601,-0.8451,0.2624,0.1936,-18.172,9.608,5.597
3472692,1982,1974,1688,-0.8527,0.2170,0.1900,-22.623,7.533,5.750
3472702,1259,1991,1809,-0.8605,0.2022,0.1791,-25.996,5.738,7.876
3472712,1766,1884,1581,-0.8600,0.2147,0.1925,-27.864,3.407,11.544
3472722,1803,1956,1547,-0.8591,0.2501,0.2176,-27.963,1.263,15.399
3472732,1585,1855,1552,-0.8562,0.3034,0.2424,-26.685,0.021,18.509
3472742,2042,1943,1595,-0.8560,0.3506,0.2504,-24.954,-0.030,19.883
3472752,1419,1867,1537,-0.8513,0.3835,0.2625,-23.220,0.393,19.470
3472762,1244,2123,1575,-0.8444,0.4055,0.3057,-22.536,0.058,18.122
3472772,1445,1969,1556,-0.8467,0.4186,0.3399,-23.233,0.137,16.525
3472782,1368,1944,1830,-0.8730,0.4307,0.3338,-24.978,1.963,15.045
3472792,1514,2087,1696,-0.9121,0.4351,0.2551,-26.261,6.086,13.861
3472802,1236,1898,1548,-0.9336,0.4258,0.2024,-26.788,8.764,12.873
3472812,1251,1879,1544,-0.9205,0.3979,0.2243,-28.639,6.526,12.308
3472822,1454,1942,1583,-0.8752,0.3352,0.2948,-31.600,3.099,12.019
3472832,1373,1908,1575,-0.8159,0.3345,0.4271,-37.286,-2.692,14.204
3472842,1314,1858,1526,-0.8010,0.3718,0.3595,-42.088,-1.985,17.280
3472852,1279,1890,1518,-0.8279,0.3808,0.1724,-42.002,5.968,17.676
3472862,1888,1925,1644,-0.8351,0.3304,0.1174,-41.518,6.803,14.984
3472872,1427,1927,1765,-0.8354,0.2533,0.1230,-42.125,0.841,11.939
3472882,1433,1901,1766,-0.8349,0.1855,0.1172,-42.768,-5.481,11.187
3472892,1891,2010,1547,-0.8249,0.1646,0.1592,-43.154,-12.573,14.143
3472902,2319,1992,1608,-0.8095,0.1832,0.2124,-41.968,-19.139,19.547
3472912,1327,1961,1661,-0.8004,0.2256,0.2393,-39.057,-23.122,25.047
3472922,1975,1861,1530,-0.7944,0.2796,0.2678,-35.004,-25.503,29.406
3472932,1671,1919,1519,-0.7924,0.3345,0.2944,-30.938,-27.025,31.991
3472942,1585,1862,1564,-0.7921,0.3868,0.3099,-27.665,-27.654,32.942
3472952,1275,1973,1618,-0.7934,0.4323,0.3426,-26.422,-28.443,32.668
3472962,1310,1855,1705,-0.7886,0.4637,0.3763,-27.224,-29.184,31.670
3472972,1314,1940,1519,-0.7874,0.4790,0.4104,-29.723,-29.154,30.162
3472982,1835,2100,2125,-0.8009,0.4856,0.4303,-33.458,-28.264,28.749
3472992,1413,2168,2801,-0.8299,0.4790,0.3595,-36.644,-24.501,27.371
3473002,1487,1930,1561,-0.8535,0.4614,0.3240,-38.492,-21.675,26.318
3473012,1744,1862,1493,-0.8466,0.4501,0.3497,-40.375,-23.388,26.243
3473022,1249,1903,1527,-0.8082,0.3911,0.3803,-41.494,-24.922,25.868
3473032,2083,1880,1663,-0.7487,0.3814,0.5110,-45.241,-30.652,27.451
3473042,1739,1856,1482,-0.7335,0.4062,0.4707,-48.720,-31.558,30.184
3473052,2381,1901,1670,-0.7506,0.4313,0.3238,-47.083,-24.593,31.200
3473062,1758,1881,1461,-0.7461,0.4161,0.3489,-45.826,-25.338,29.944
3473072,2062,1882,1521,-0.7345,0.3765,0.4020,-45.314,-31.063,27.760
3473082,2253,2025,1563,-0.7374,0.3351,0.3646,-44.100,-33.114,26.462
3473092,1245,1856,1735,-0.7335,0.3200,0.3757,-43.118,-35.496,27.444
3473102,1487,1917,1795,-0.7184,0.3390,0.4298,-42.179,-39.879,30.533
3473112,1247,1875,1556,-0.7064,0.3836,0.4457,-40.319,-42.421,34.173
3473122,1235,1857,1740,-0.6951,0.4408,0.4660,-37.957,-43.947,37.067
3473132,1334,1877,1613,-0.6851,0.5009,0.5016,-35.411,-45.724,38.253
3473142,1234,1857,1572,-0.6786,0.5421,0.5261,-32.812,-46.590,37.185
3473152,1396,1906,1576,-0.6699,0.5670,0.5580,-31.094,-47.067,34.568
3473162,1249,1855,1704,-0.6583,0.5830,0.6015,-30.823,-47.626,31.560
3473172,1305,2077,2188,-0.6495,0.5887,0.6343,-32.417,-47.621,28.719
3473182,1444,2126,3292,-0.6596,0.5980,0.6488,-35.966,-46.842,26.387
3473192,1357,1862,1784,-0.6840,0.6052,0.5919,-39.872,-44.034,24.453
3473202,1551,1964,1546,-0.7044,0.5870,0.5388,-43.384,-41.665,22.234
3473212,1348,1865,1525,-0.6922,0.5546,0.5662,-47.587,-43.883,20.239
3473222,1765,1861,1506,-0.6545,0.4789,0.6622,-51.969,-47.225,18.307
3473232,1409,1858,1560,-0.5965,0.4524,0.7958,-58.987,-52.721,18.919
3473242,1654,1876,1535,-0.5890,0.4639,0.7593,-65.614,-51.636,21.356
3473252,1978,1881,1545,-0.6163,0.4924,0.6382,-67.368,-44.299,23.261
3473262,1290,1890,1527,-0.6221,0.4965,0.6414,-70.138,-43.297,22.435
3473272,1885,1855,1616,-0.6180,0.4480,0.6538,-72.801,-45.893,19.289
3473282,2078,1855,1498,-0.6122,0.3753,0.6436,-74.932,-47.050,15.522
3473292,1294,1856,1639,-0.6063,0.3139,0.6911,-76.407,-49.188,14.000
3473302,1622,1863,1691,-0.6006,0.3027,0.7412,-76.193,-50.895,15.327
3473312,1285,1858,1586,-0.5976,0.3271,0.7553,-73.559,-50.118,18.192
3473322,1448,1870,1486,-0.5913,0.3655,0.7721,-69.757,-48.717,20.554
3473332,1327,1853,1694,-0.5825,0.3971,0.7906,-65.283,-47.373,21.381
3473342,1494,1858,1554,-0.5723,0.4141,0.8022,-60.749,-45.625,20.620
3473352,1256,1856,1474,-0.5673,0.4190,0.8309,-57.384,-44.260,18.993
3473362,1321,1852,1475,-0.5650,0.4254,0.8742,-55.308,-43.265,17.483
3473372,1387,1869,1888,-0.5676,0.4290,0.8946,-54.299,-41.332,16.209
3473382,1270,1964,1915,-0.5797,0.4324,0.8944,-53.958,-38.572,15.163
3473392,1264,1935,1724,-0.6044,0.4354,0.8655,-53.835,-35.165,14.253
3473402,1372,1935,1702,-0.6261,0.4321,0.8026,-52.909,-31.333,13.548
3473412,1625,1905,1451,-0.6324,0.4158,0.7604,-51.743,-29.833,12.879
3473422,1412,1858,1795,-0.6264,0.3877,0.7370,-51.052,-31.049,12.212
3473432,1601,1858,1566,-0.5985,0.3483,0.7943,-50.327,-33.717,11.795
3473442,1420,1859,1655,-0.5353,0.3507,0.9612,-52.547,-40.500,12.936
3473452,1283,1887,1692,-0.5173,0.3737,0.9720,-56.453,-41.893,14.767
3473462,2104,1925,1821,-0.5272,0.4084,0.8598,-56.262,-35.258,16.196
3473472,2041,2000,1779,-0.5355,0.4110,0.8452,-58.582,-33.498,15.561
3473482,1253,1910,1681,-0.5367,0.3870,0.8225,-61.052,-35.114,13.478
3473492,1926,1865,1429,-0.5175,0.3113,0.8321,-62.799,-38.593,10.467
3473502,1302,1854,1625,-0.4980,0.2513,0.8608,-62.740,-42.298,9.090
3473512,1499,1856,2007,-0.4774,0.2450,0.9199,-60.401,-44.885,9.813
3473522,1420,1861,1922,-0.4602,0.2812,0.9890,-56.893,-46.230,11.476
3473532,1351,1904,1547,-0.4585,0.3435,1.0340,-52.528,-45.025,12.465
3473542,1342,1906,1654,-0.4665,0.3944,1.0607,-48.123,-41.785,11.608
3473552,1367,1873,1684,-0.4739,0.4127,1.0890,-45.343,-38.532,8.684
3473562,1478,1893,2246,-0.4831,0.4070,1.1065,-44.992,-35.654,4.777
3473572,1310,1926,2135,-0.4939,0.3961,1.1155,-46.154,-32.656,1.069
3473582,1259,1929,1596,-0.4990,0.3862,1.1067,-47.207,-29.163,-2.001
3473592,1301,1854,1740,-0.4908,0.3755,1.0999,-46.338,-25.216,-4.504
3473602,1353,1854,1635,-0.4804,0.3605,1.1043,-44.712,-21.974,-6.932
3473612,1431,1855,1766,-0.4704,0.3396,1.1050,-41.966,-18.332,-9.617
3473622,1290,1856,1827,-0.4695,0.3170,1.1225,-39.712,-15.448,-12.415
3473632,1383,1854,1744,-0.4884,0.3144,1.1093,-37.757,-12.658,-14.893
3473642,1294,1880,1693,-0.5152,0.3171,1.0832,-35.160,-9.347,-17.427
3473652,2190,1888,1663,-0.5279,0.3071,1.0874,-32.902,-7.885,-20.454
3473662,1290,1858,1814,-0.5294,0.2850,1.0767,-29.702,-6.314,-23.708
3473672,1333,1887,1704,-0.5221,0.2631,1.0730,-25.926,-4.532,-26.596
3473682,1598,2017,1691,-0.5131,0.2526,1.0680,-21.775,-2.777,-28.713
3473692,1516,1883,1577,-0.5088,0.2521,1.0487,-16.861,-0.314,-30.325
3473702,1508,1856,1600,-0.5077,0.2551,1.0330,-11.701,1.921,-31.906
3473712,1423,1855,1655,-0.5124,0.2564,1.0223,-6.547,3.604,-33.846
3473722,1310,1926,1436,-0.5206,0.2547,1.0136,-1.398,4.868,-36.198
3473732,1414,1929,1695,-0.5319,0.2484,1.0075,3.752,5.692,-38.732
3473742,1329,1911,1463,-0.5441,0.2471,1.0024,8.789,5.966,-41.026
3473752,1345,1886,1458,-0.5538,0.2504,0.9924,13.560,5.921,-42.964
3473762,1434,1965,1516,-0.5584,0.2498,0.9908,17.459,5.428,-44.784
3473772,1355,1862,1490,-0.5581,0.2442,0.9891,20.374,4.731,-46.468
3473782,1292,1881,1719,-0.5612,0.2372,0.9727,22.665,4.597,-47.856
3473792,1263,1870,1736,-0.5659,0.2339,0.9615,24.298,4.557,-48.756
3473802,1283,1859,1474,-0.5708,0.2402,0.9721,25.061,4.133,-49.288
3473812,1331,1859,1651,-0.5840,0.2497,0.9779,25.130,4.409,-50.021
3473822,1265,1875,1564,-0.5891,0.2499,0.9867,24.748,5.232,-51.312
3473832,1355,1887,1512,-0.5904,0.2314,0.9997,23.264,5.748,-53.054
3473842,1311,1884,1459,-0.5998,0.2030,0.9904,20.802,6.504,-54.304
3473852,1307,1854,1760,-0.6158,0.1875,0.9906,17.308,5.863,-54.322
3473862,1269,1855,1623,-0.6352,0.1820,0.9729,13.341,5.083,-53.843
3473872,1701,1858,1896,-0.6482,0.1698,0.9721,9.471,3.790,-53.651
3473882,1554,1900,1537,-0.6571,0.1499,0.9638,6.795,2.547,-53.874
3473892,1302,1869,1476,-0.6714,0.1299,0.9432,6.175,2.164,-54.172
3473902,1686,1931,1894,-0.6906,0.1175,0.9255,7.320,1.687,-54.290
3473912,1427,1884,1579,-0.7115,0.1103,0.9070,10.200,1.252,-54.404
3473922,1780,1870,1516,-0.7274,0.1024,0.9066,14.696,0.810,-54.646
3473932,1512,1858,1458,-0.7386,0.0968,0.9295,20.604,0.532,-54.785
3473942,1460,1926,1548,-0.7404,0.1013,0.9730,27.714,1.077,-54.327
3473952,1679,1867,1515,-0.7403,0.1065,1.0077,34.569,3.149,-53.180
3473962,1335,1896,1465,-0.7423,0.1098,1.0292,40.332,6.524,-51.264
3473972,1499,1859,1476,-0.7480,0.1170,1.0463,44.206,10.056,-48.724
3473982,1402,1854,1492,-0.7559,0.1205,1.0494,46.330,13.544,-46.010
3473992,1314,2037,1918,-0.7614,0.1210,1.0448,47.418,17.126,-43.551
3474002,1592,1854,1615,-0.7629,0.1193,1.0364,48.218,20.607,-41.301
3474012,1292,1864,1501,-0.7600,0.1194,1.0255,49.274,24.278,-39.150
3474022,1434,1871,2480,-0.7581,0.1229,1.0185,50.500,28.426,-36.912
3474032,1312,1859,1622,-0.7594,0.1420,1.0105,51.873,33.460,-34.355
3474042,1313,1855,1465,-0.7630,0.1677,0.9992,53.143,39.478,-31.865
3474052,1770,1856,2006,-0.7653,0.1883,0.9866,53.899,45.696,-29.873
3474062,1765,1857,2467,-0.7573,0.1858,0.9542,53.698,51.007,-28.521
3474072,1741,1856,1471,-0.7628,0.1470,0.9041,52.653,55.850,-27.123
3474082,1638,1856,1645,-0.7751,0.1252,0.8960,50.530,56.779,-24.673
3474092,1335,1879,1804,-0.7949,0.1262,0.8534,48.792,57.007,-22.043
3474102,1567,1948,1883,-0.8067,0.1275,0.8285,48.336,56.932,-20.082
3474112,2001,1986,1647,-0.8100,0.1248,0.8019,49.386,56.563,-18.807
3474122,2330,1855,1658,-0.8131,0.1271,0.7599,52.439,57.539,-17.756
3474132,1425,1867,1629,-0.8111,0.1380,0.7364,55.667,58.239,-16.533
3474142,1359,1879,1822,-0.8074,0.1509,0.7077,58.894,59.411,-15.218
3474152,1307,1872,1788,-0.7984,0.1602,0.6931,61.764,60.978,-13.972
3474162,1427,1888,2254,-0.7874,0.1644,0.6967,64.130,62.523,-12.748
3474172,1292,1888,1513,-0.7861,0.1711,0.7066,66.060,64.431,-11.131
3474182,1356,1888,1636,-0.7963,0.1889,0.7142,67.337,66.154,-8.941
3474192,1380,1875,1632,-0.8099,0.2123,0.7093,67.756,67.288,-6.769
3474202,1368,1944,1483,-0.8214,0.2277,0.7026,67.368,67.579,-5.283
3474212,2846,1858,1585,-0.8261,0.2327,0.6935,65.869,67.162,-4.609
3474222,1304,1874,1542,-0.8311,0.2355,0.6738,63.672,66.887,-4.291
3474232,2141,1972,1484,-0.8329,0.2390,0.6414,60.932,66.988,-3.892
3474242,1301,1858,1467,-0.8335,0.2408,0.6019,57.527,67.221,-3.327
3474252,1326,1862,1702,-0.8277,0.2395,0.5640,53.777,67.229,-2.552
3474262,1512,1928,1624,-0.8180,0.2323,0.5378,49.968,67.050,-1.744
3474272,1459,1868,1548,-0.8111,0.2279,0.5258,46.552,66.819,-0.918
3474282,1534,1871,1493,-0.8089,0.2362,0.5223,44.333,66.889,0.091
3474292,1533,1872,1643,-0.8134,0.2541,0.5151,43.680,67.334,1.067
3474302,1499,1859,1639,-0.8182,0.2735,0.5044,44.242,67.828,1.508
3474312,1325,1855,1506,-0.8243,0.2910,0.4906,45.607,67.742,1.362
3474322,1291,1857,2042,-0.8281,0.3021,0.4735,47.319,66.856,0.791
3474332,1347,1875,1673,-0.8338,0.3072,0.4726,48.761,64.911,0.009
3474342,1410,1983,1502,-0.8427,0.3032,0.4726,49.343,62.303,-0.742
3474352,1451,1960,2027,-0.8517,0.3070,0.4639,49.122,59.843,-1.301
3474362,1294,1920,2078,-0.8559,0.3163,0.4664,47.585,57.271,-1.837
3474372,1332,1857,1616,-0.8572,0.3292,0.4632,44.619,54.858,-2.420
3474382,1326,1893,1588,-0.8583,0.3434,0.4484,40.878,53.204,-2.936
3474392,1429,1879,1526,-0.8581,0.3513,0.4293,36.571,51.674,-3.485
3474402,1312,1881,1565,-0.8568,0.3481,0.4074,31.798,49.623,-4.194
3474412,1320,1899,1505,-0.8480,0.3287,0.3668,26.969,46.940,-4.959
3474422,1339,1919,1597,-0.8497,0.3001,0.3491,22.992,43.106,-5.202
3474432,1287,1858,1642,-0.8544,0.2916,0.3454,20.073,37.778,-4.688
3474442,1431,1873,1508,-0.8614,0.2958,0.3317,18.358,32.765,-4.165
3474452,1407,1851,1965,-0.8597,0.2989,0.3243,16.624,27.539,-4.018
3474462,1921,1906,1819,-0.8541,0.3014,0.3128,15.169,22.483,-4.232
3474472,1582,1878,1544,-0.8481,0.3082,0.3079,13.390,17.605,-4.665
3474482,1521,1895,1956,-0.8419,0.3149,0.3050,11.363,12.769,-5.149
3474492,1403,1854,1585,-0.8331,0.3201,0.3015,9.521,8.089,-5.766
3474502,1448,1887,1811,-0.8242,0.3177,0.3012,8.108,3.340,-6.632
3474512,1369,1858,1746,-0.8146,0.3123,0.2957,7.471,-1.210,-7.684
3474522,1334,1918,1550,-0.8056,0.3095,0.2914,7.797,-5.786,-8.850
3474532,1331,1902,1689,-0.7973,0.3087,0.2893,9.259,-10.569,-10.150
3474542,1708,1922,1932,-0.7898,0.3150,0.2853,11.977,-15.387,-11.551
3474552,1305,1863,1539,-0.7830,0.3256,0.2819,15.755,-20.361,-13.120
3474562,1328,1889,1562,-0.7755,0.3376,0.2795,20.311,-25.376,-15.036
3474572,1402,1899,1714,-0.7680,0.3473,0.2824,25.606,-30.497,-17.225
3474582,1319,1880,1561,-0.7616,0.3522,0.2860,31.216,-35.511,-19.605
3474592,1533,1861,1567,-0.7561,0.3567,0.2905,37.098,-40.172,-22.012
3474602,1304,1857,1669,-0.7489,0.3559,0.3046,42.640,-44.837,-24.256
3474612,1315,1857,1660,-0.7454,0.3507,0.3120,47.685,-49.148,-26.197
3474622,1327,1882,2122,-0.7431,0.3375,0.3184,52.406,-53.158,-27.624
3474632,1596,1860,1664,-0.7400,0.3353,0.3134,56.945,-56.974,-28.274
3474642,1298,1873,1638,-0.7410,0.3407,0.3086,61.817,-60.710,-28.443
3474652,1301,1857,1836,-0.7396,0.3601,0.3189,66.788,-64.980,-28.502
3474662,1296,1871,1567,-0.7408,0.3822,0.3292,71.807,-69.099,-28.891
3474672,1358,1864,1682,-0.7412,0.4045,0.3409,76.565,-72.715,-29.937
3474682,1298,1881,2091,-0.7381,0.4174,0.3583,80.447,-76.299,-31.604
3474692,1294,1869,2015,-0.7343,0.4246,0.3768,83.050,-79.796,-33.638
3474702,1585,1854,1896,-0.7283,0.4259,0.4014,84.191,-83.264,-35.661
3474712,1408,1883,2073,-0.7207,0.4251,0.4338,83.537,-86.804,-37.374
3474722,1328,1874,1489,-0.7147,0.4206,0.4698,80.871,-90.058,-38.592
3474732,1467,1854,1564,-0.7133,0.4182,0.5037,76.320,-92.726,-39.166
3474742,1480,1905,1690,-0.7117,0.4166,0.5280,69.861,-94.802,-39.125
3474752,1370,1862,1712,-0.7127,0.4154,0.5448,61.479,-96.411,-38.633
3474762,1330,1858,1506,-0.7131,0.4144,0.5649,51.304,-98.121,-37.773
3474772,1315,1859,1626,-0.7112,0.4144,0.5848,39.714,-100.063,-36.748
3474782,1418,1872,1688,-0.7082,0.4102,0.6056,27.182,-101.968,-35.853
3474792,1376,1861,1760,-0.7043,0.4063,0.6271,14.215,-103.808,-35.286
3474802,1428,1873,1529,-0.7005,0.4011,0.6508,1.452,-105.466,-35.173
3474812,1585,1904,1559,-0.6967,0.3901,0.6658,-10.660,-106.731,-35.653
3474822,1413,1856,1522,-0.6890,0.3712,0.6796,-22.091,-107.710,-36.836
3474832,1665,1880,1732,-0.6745,0.3471,0.6961,-32.708,-108.863,-38.445
3474842,1441,1855,1618,-0.6578,0.3199,0.7162,-42.727,-110.101,-40.241
3474852,1304,1865,1538,-0.6422,0.2869,0.7393,-52.162,-111.100,-41.991
3474862,1318,1857,2018,-0.6267,0.2542,0.7614,-60.781,-111.624,-43.467
3474872,1305,1878,1526,-0.6128,0.2188,0.7818,-68.448,-111.636,-44.704
3474882,1405,1853,1585,-0.5978,0.1720,0.7981,-74.761,-110.409,-45.728
3474892,1316,1872,1583,-0.5866,0.1284,0.8063,-79.050,-108.749,-46.502
3474902,1362,1858,1680,-0.5784,0.0919,0.8142,-81.078,-106.979,-46.955
3474912,1381,1859,1585,-0.5688,0.0623,0.8242,-80.809,-105.288,-47.129
3474922,1546,1860,1536,-0.5574,0.0373,0.8384,-78.466,-103.695,-47.255
3474932,1314,1910,1609,-0.5452,0.0194,0.8568,-74.333,-102.101,-47.403
3474942,1362,1863,1528,-0.5263,-0.0013,0.8766,-68.854,-100.351,-47.682
3474952,1311,1873,1952,-0.5175,-0.0058,0.8992,-62.534,-98.294,-47.979
3474962,1326,1858,2049,-0.5171,-0.0074,0.9078,-54.723,-95.644,-47.975
3474972,1446,1887,1602,-0.5133,-0.0184,0.9175,-46.789,-92.920,-48.998
3474982,1355,1854,1552,-0.5021,-0.0272,0.9309,-38.210,-90.788,-50.349
3474992,1353,1861,1551,-0.4948,-0.0357,0.9257,-29.098,-88.270,-51.787
3475002,1361,1923,1612,-0.4892,-0.0388,0.9230,-19.748,-85.974,-52.992
3475012,1312,1898,1568,-0.4838,-0.0396,0.9280,-10.847,-84.460,-53.935
3475022,1403,1855,1536,-0.4787,-0.0339,0.9299,-2.431,-83.356,-54.512
3475032,1319,1868,1517,-0.4720,-0.0202,0.9342,4.943,-82.666,-54.741
3475042,1344,1855,1511,-0.4650,-0.0004,0.9483,11.023,-82.643,-54.551
3475052,1325,1869,1554,-0.4599,0.0216,0.9597,15.421,-82.726,-54.248
3475062,1353,1855,1748,-0.4530,0.0411,0.9726,18.033,-82.872,-53.929
3475072,1314,1878,1566,-0.4441,0.0562,0.9863,18.675,-83.171,-53.775
3475082,1611,1862,1533,-0.4330,0.0646,1.0013,17.624,-83.447,-53.804
3475092,1317,1889,1608,-0.4186,0.0647,1.0188,14.932,-83.855,-54.065
3475102,1316,1886,2197,-0.4030,0.0598,1.0380,10.962,-84.252,-54.491
3475112,1391,1915,1623,-0.3877,0.0499,1.0556,5.954,-84.508,-54.924
3475122,1443,1855,1641,-0.3703,0.0355,1.0731,0.188,-84.666,-55.413
3475132,1331,1881,1691,-0.3522,0.0144,1.0851,-5.853,-84.604,-55.956
3475142,1320,1863,1580,-0.3336,-0.0130,1.0901,-11.655,-84.242,-56.462
3475152,1390,1870,2482,-0.3154,-0.0430,1.0930,-16.841,-83.717,-56.722
3475162,1476,1859,1630,-0.2961,-0.0717,1.0967,-21.160,-83.273,-56.673
3475172,1380,1857,1589,-0.2736,-0.1001,1.1012,-24.427,-82.774,-56.287
3475182,1393,1855,1931,-0.2494,-0.1291,1.1124,-26.484,-81.991,-55.609
3475192,1325,1854,1666,-0.2260,-0.1561,1.1242,-27.347,-80.830,-54.537
3475202,1498,1856,1546,-0.2050,-0.1823,1.1415,-27.131,-79.062,-53.096
3475212,1397,1854,1543,-0.1868,-0.2065,1.1634,-25.931,-76.671,-51.300
3475222,1632,1857,1539,-0.1728,-0.2286,1.1856,-23.923,-73.697,-49.263
3475232,1418,1890,1737,-0.1598,-0.2426,1.2049,-21.078,-70.102,-46.957
3475242,1326,1855,1586,-0.1498,-0.2541,1.2203,-17.531,-65.941,-44.536
3475252,1342,1867,1578,-0.1416,-0.2554,1.2332,-13.570,-61.458,-42.025
3475262,1548,1855,1885,-0.1359,-0.2531,1.2442,-9.543,-56.783,-39.435
3475272,1344,1869,1612,-0.1348,-0.2445,1.2499,-5.358,-51.778,-37.002
3475282,1372,1855,1627,-0.1304,-0.2448,1.2558,-1.076,-46.770,-35.027
3475292,1352,1857,1647,-0.1305,-0.2443,1.2555,2.769,-41.801,-33.294
3475302,1358,1855,1783,-0.1346,-0.2341,1.2481,5.971,-36.962,-31.395
3475312,1357,1864,1767,-0.1387,-0.2223,1.2410,8.334,-32.715,-29.465
3475322,1382,1858,1562,-0.1422,-0.2106,1.2327,9.972,-28.987,-27.747
3475332,1339,1868,1527,-0.1458,-0.1996,1.2211,11.212,-25.696,-26.142
3475342,1383,1860,1656,-0.1487,-0.1879,1.2125,11.968,-23.078,-24.625
3475352,1343,1888,1600,-0.1526,-0.1767,1.2013,12.374,-20.935,-23.208
3475362,1328,1855,1710,-0.1545,-0.1639,1.1926,12.452,-19.307,-21.836
3475372,1411,1871,1775,-0.1530,-0.1529,1.1852,12.119,-18.259,-20.512
3475382,1331,1858,1467,-0.1509,-0.1418,1.1761,11.593,-17.459,-19.130
3475392,1500,1878,1458,-0.1451,-0.1376,1.1726,10.639,-16.906,-17.618
3475402,1337,1856,1668,-0.1353,-0.1444,1.1773,8.363,-16.755,-15.987
3475412,1342,1871,1512,-0.1359,-0.1349,1.1554,5.259,-15.967,-14.189
3475422,1405,1863,1466,-0.1321,-0.1388,1.1661,3.236,-15.346,-12.731
3475432,1336,1876,1570,-0.1247,-0.1645,1.1810,1.453,-15.655,-11.813
3475442,1360,1857,1653,-0.1206,-0.1550,1.2004,0.971,-14.982,-9.827
3475452,1332,1872,1500,-0.1274,-0.1367,1.2356,-0.580,-14.631,-7.049
3475462,1338,1855,1680,-0.1405,-0.1150,1.2449,-2.091,-13.325,-4.215
3475472,1340,1872,1652,-0.1571,-0.1003,1.2455,-3.659,-11.692,-1.862
3475482,1366,1855,2279,-0.1667,-0.0913,1.2463,-5.592,-10.933,-0.226
3475492,1343,1887,2181,-0.1720,-0.0857,1.2406,-7.406,-10.510,0.618
3475502,1348,1855,1778,-0.1711,-0.0836,1.2411,-8.896,-10.628,0.817
3475512,1348,1870,1957,-0.1629,-0.0878,1.2409,-9.930,-10.861,0.465
3475522,1336,1855,1800,-0.1521,-0.0935,1.2403,-10.439,-10.725,0.005
3475532,1342,1871,1461,-0.1457,-0.0951,1.2405,-10.757,-10.372,-0.271
3475542,1363,1857,1518,-0.1435,-0.0987,1.2303,-10.679,-9.504,-0.446
3475552,1373,1861,1614,-0.1413,-0.1095,1.2171,-10.589,-8.462,-0.775
3475562,1352,1856,1493,-0.1361,-0.1240,1.2018,-10.664,-7.567,-1.173
3475572,1343,1897,2141,-0.1333,-0.1359,1.1843,-10.711,-6.749,-1.386
3475582,1360,1855,1914,-0.1343,-0.1440,1.1688,-10.557,-6.021,-1.315
3475592,1344,1874,1470,-0.1381,-0.1490,1.1457,-9.995,-5.183,-1.143
3475602,1384,1856,1654,-0.1438,-0.1540,1.1251,-8.985,-4.513,-1.026
3475612,1342,1870,1836,-0.1485,-0.1585,1.1108,-7.716,-4.427,-0.968
3475622,1381,1859,1903,-0.1506,-0.1608,1.1056,-6.329,-4.775,-0.940
3475632,1344,1893,1800,-0.1513,-0.1618,1.1058,-4.987,-5.365,-0.886
3475642,1342,1856,1794,-0.1523,-0.1570,1.1064,-3.687,-5.986,-0.794
3475652,1355,1879,1688,-0.1527,-0.1525,1.1115,-2.518,-6.545,-0.749
3475662,1348,1856,2040,-0.1505,-0.1494,1.1198,-1.764,-7.174,-0.727
3475672,1363,1886,1499,-0.1490,-0.1475,1.1214,-1.379,-7.527,-0.679
3475682,1363,1856,1765,-0.1459,-0.1457,1.1190,-1.268,-7.655,-0.503
3475692,1473,1869,1654,-0.1448,-0.1389,1.1171,-1.486,-7.875,-0.263
3475702,1362,1859,1749,-0.1443,-0.1340,1.1124,-1.658,-7.960,-0.173
3475712,1352,1907,1606,-0.1404,-0.1327,1.1123,-1.752,-8.218,-0.353
3475722,1357,1860,1785,-0.1347,-0.1340,1.1184,-1.602,-8.702,-0.578
3475732,1348,1873,1536,-0.1255,-0.1349,1.1348,-1.477,-9.417,-0.686
3475742,1368,1861,1514,-0.1166,-0.1349,1.1541,-1.664,-9.979,-0.646
3475752,1354,1877,1578,-0.1086,-0.1345,1.1638,-1.842,-9.821,-0.484
3475762,1367,1856,1478,-0.1020,-0.1355,1.1687,-1.898,-9.165,-0.338
3475772,1374,1876,2049,-0.0960,-0.1390,1.1712,-1.696,-8.382,-0.306
3475782,1366,1855,1514,-0.0922,-0.1444,1.1728,-0.983,-7.454,-0.373
3475792,1360,1859,1523,-0.0897,-0.1503,1.1725,0.252,-6.481,-0.466
3475802,1381,1860,1646,-0.0914,-0.1547,1.1697,2.037,-5.410,-0.576
3475812,1354,1856,1694,-0.0925,-0.1573,1.1644,4.304,-4.285,-0.636
3475822,1361,1857,1592,-0.0933,-0.1588,1.1603,6.691,-3.355,-0.621
3475832,1354,1887,1768,-0.0954,-0.1588,1.1534,9.076,-2.403,-0.550
3475842,1359,1866,1542,-0.0980,-0.1556,1.1494,11.325,-1.621,-0.348
3475852,1350,1879,1980,-0.1008,-0.1501,1.1426,13.439,-0.970,-0.070
3475862,1363,1859,1532,-0.1039,-0.1446,1.1347,15.394,-0.382,0.146
3475872,1390,1884,1746,-0.1070,-0.1386,1.1276,16.988,-0.072,0.292
3475882,1355,1857,1975,-0.1101,-0.1297,1.1260,18.194,-0.018,0.437
3475892,1362,1889,1594,-0.1121,-0.1207,1.1245,18.896,-0.083,0.533
3475902,1394,1857,1493,-0.1136,-0.1105,1.1251,19.071,-0.251,0.577
3475912,1364,1882,1785,-0.1140,-0.1016,1.1259,18.780,-0.446,0.558
3475922,1360,1853,1856,-0.1144,-0.0943,1.1313,18.036,-0.697,0.459
3475932,1366,1884,1506,-0.1122,-0.0892,1.1328,16.883,-0.970,0.339
3475942,1358,1856,1498,-0.1127,-0.0850,1.1313,15.561,-1.057,0.203
3475952,1366,1880,1465,-0.1145,-0.0821,1.1325,14.157,-1.112,0.050
3475962,1362,1852,1502,-0.1147,-0.0805,1.1315,12.846,-1.194,-0.109
3475972,1363,1876,1515,-0.1131,-0.0788,1.1339,11.645,-1.324,-0.250
3475982,1379,1866,1494,-0.1102,-0.0783,1.1371,10.606,-1.517,-0.317
3475992,1360,1880,1502,-0.1078,-0.0770,1.1392,9.717,-1.583,-0.343
3476002,1365,1856,1795,-0.1063,-0.0752,1.1425,8.853,-1.552,-0.372
3476012,1406,1879,1532,-0.1051,-0.0750,1.1452,7.985,-1.508,-0.400
3476022,1396,1858,1835,-0.1052,-0.0746,1.1447,7.185,-1.362,-0.442
3476032,1373,1872,1502,-0.1059,-0.0749,1.1425,6.446,-1.160,-0.457
3476042,1371,1856,1548,-0.1069,-0.0740,1.1404,5.796,-0.989,-0.446
3476052,1375,1876,1538,-0.1074,-0.0738,1.1403,5.222,-0.880,-0.431
3476062,1365,1855,1672,-0.1086,-0.0742,1.1389,4.683,-0.821,-0.460
3476072,1377,1879,1820,-0.1082,-0.0751,1.1361,4.200,-0.790,-0.464
3476082,1363,1857,1741,-0.1080,-0.0741,1.1330,3.754,-0.781,-0.459
3476092,1385,1899,1484,-0.1086,-0.0736,1.1294,3.317,-0.812,-0.438
3476102,1367,1857,1534,-0.1084,-0.0730,1.1279,2.924,-0.905,-0.439
3476112,1375,1881,1494,-0.1084,-0.0742,1.1277,2.660,-1.008,-0.450
3476122,1375,1856,1968,-0.1081,-0.0751,1.1296,2.426,-1.162,-0.441
3476132,1383,1880,1691,-0.1078,-0.0759,1.1323,2.173,-1.338,-0.408
3476142,1371,1854,1834,-0.1071,-0.0747,1.1347,1.938,-1.429,-0.364
3476152,1375,1866,1730,-0.1059,-0.0752,1.1357,1.751,-1.464,-0.318
3476162,1401,1856,1639,-0.1052,-0.0759,1.1368,1.625,-1.463,-0.304
3476172,1376,1862,1721,-0.1062,-0.0772,1.1345,1.610,-1.394,-0.295
3476182,1371,1857,2268,-0.1070,-0.0782,1.1333,1.676,-1.311,-0.273
3476192,1381,1887,1796,-0.1061,-0.0774,1.1349,1.738,-1.372,-0.210
3476202,1378,1856,1692,-0.1046,-0.0775,1.1389,1.743,-1.479,-0.143
3476212,1384,1887,1558,-0.1037,-0.0770,1.1395,1.768,-1.484,-0.058
3476222,1375,1857,1556,-0.1042,-0.0760,1.1385,1.825,-1.395,0.011
3476232,1373,1865,1675,-0.1042,-0.0751,1.1361,1.905,-1.311,0.061
3476242,1374,1850,1588,-0.1050,-0.0745,1.1323,2.052,-1.230,0.054
3476252,1382,1874,1619,-0.1063,-0.0751,1.1279,2.307,-1.135,0.001
3476262,1399,1868,1545,-0.1072,-0.0744,1.1253,2.624,-1.201,-0.032
3476272,1395,1875,1541,-0.1071,-0.0738,1.1272,2.886,-1.430,-0.056
3476282,1374,1860,1817,-0.1056,-0.0738,1.1291,3.066,-1.630,-0.056
3476292,1401,1883,1631,-0.1040,-0.0730,1.1358,3.053,-1.839,-0.018
3476302,1392,1857,1535,-0.1036,-0.0710,1.1400,2.592,-1.918,0.030
3476312,1387,1873,1732,-0.1028,-0.0693,1.1421,2.078,-1.907,0.005
3476322,1377,1857,1666,-0.1031,-0.0690,1.1425,1.577,-1.892,-0.063
3476332,1376,1882,1529,-0.1033,-0.0695,1.1418,1.194,-1.780,-0.132
3476342,1378,1856,1801,-0.1021,-0.0710,1.1419,0.914,-1.691,-0.168
3476352,1393,1869,1602,-0.1015,-0.0719,1.1410,0.748,-1.600,-0.205
3476362,1385,1856,1752,-0.1015,-0.0720,1.1388,0.716,-1.448,-0.225
3476372,1417,1882,1592,-0.1016,-0.0731,1.1361,0.692,-1.357,-0.249
3476382,1389,1859,1895,-0.1031,-0.0730,1.1357,0.735,-1.279,-0.263
3476392,1407,1887,1582,-0.1046,-0.0728,1.1331,0.914,-1.124,-0.262
3476402,1380,1857,1599,-0.1062,-0.0735,1.1341,1.087,-1.079,-0.262
3476412,1396,1882,1579,-0.1063,-0.0731,1.1348,1.291,-1.103,-0.218
3476422,1382,1856,1686,-0.1068,-0.0716,1.1326,1.611,-0.987,-0.147
3476432,1391,1871,1582,-0.1068,-0.0709,1.1354,1.857,-1.026,-0.072
3476442,1385,1858,1661,-0.1065,-0.0695,1.1348,2.098,-1.016,0.014
3476452,1399,1890,1550,-0.1061,-0.0684,1.1330,2.350,-0.924,0.064
3476462,1383,1858,1944,-0.1047,-0.0677,1.1363,2.445,-0.999,0.101
3476472,1390,1873,1491,-0.1039,-0.0655,1.1380,2.455,-1.062,0.102
3476482,1388,1860,1695,-0.1020,-0.0648,1.1392,2.355,-1.066,0.031
3476492,1400,1873,1567,-0.1016,-0.0648,1.1402,2.130,-1.106,-0.083
3476502,1387,1859,1714,-0.1018,-0.0642,1.1416,1.800,-1.108,-0.184
3476512,1418,1876,1513,-0.1024,-0.0644,1.1405,1.382,-1.141,-0.255
3476522,1386,1856,1643,-0.1030,-0.0648,1.1401,1.009,-1.184,-0.321
3476532,1399,1876,1823,-0.1034,-0.0648,1.1391,0.721,-1.250,-0.378
3476542,1387,1858,1719,-0.1044,-0.0654,1.1375,0.613,-1.282,-0.413
3476552,1408,1891,1477,-0.1040,-0.0666,1.1372,0.654,-1.276,-0.422
3476562,1391,1857,1550,-0.1032,-0.0666,1.1386,0.735,-1.308,-0.406
3476572,1399,1872,1538,-0.1020,-0.0669,1.1380,0.859,-1.316,-0.362
3476582,1391,1856,1984,-0.1006,-0.0673,1.1397,1.003,-1.282,-0.332
3476592,1404,1875,1744,-0.0995,-0.0659,1.1393,1.088,-1.225,-0.289
3476602,1407,1866,1893,-0.1003,-0.0654,1.1367,1.176,-1.041,-0.278
3476612,1393,1868,1622,-0.1009,-0.0651,1.1353,1.220,-0.927,-0.310
3476622,1405,1865,1894,-0.1012,-0.0658,1.1366,1.167,-1.001,-0.336
3476632,1399,1864,1714,-0.1005,-0.0665,1.1367,1.121,-1.039,-0.323
3476642,1392,1857,1569,-0.0992,-0.0658,1.1392,1.008,-1.109,-0.283
3476652,1391,1873,1521,-0.0985,-0.0653,1.1407,0.885,-1.110,-0.212
3476662,1391,1859,1684,-0.0987,-0.0640,1.1389,0.827,-0.990,-0.135
3476672,1417,1880,2016,-0.0995,-0.0629,1.1402,0.765,-0.946,-0.097
3476682,1399,1857,1678,-0.0994,-0.0623,1.1395,0.770,-0.928,-0.082
3476692,1413,1884,1512,-0.0989,-0.0622,1.1384,0.842,-0.846,-0.068
3476702,1393,1855,1757,-0.0981,-0.0623,1.1381,0.855,-0.831,-0.038
3476712,1412,1873,1699,-0.0978,-0.0626,1.1371,0.823,-0.813,0.000
3476722,1429,1868,1555,-0.0990,-0.0619,1.1329,0.761,-0.714,0.071
3476732,1412,1862,2097,-0.0998,-0.0625,1.1319,0.625,-0.690,0.112
3476742,1398,1858,1490,-0.1011,-0.0614,1.1294,0.476,-0.726,0.129
3476752,1410,1871,1683,-0.1018,-0.0605,1.1288,0.340,-0.823,0.102
3476762,1399,1861,1593,-0.1006,-0.0615,1.1321,0.197,-1.014,0.065
3476772,1416,1865,1721,-0.0985,-0.0619,1.1369,0.083,-1.182,0.050
3476782,1395,1857,2122,-0.0973,-0.0625,1.1403,-0.064,-1.251,0.074
3476792,1422,1872,1616,-0.0972,-0.0623,1.1417,-0.246,-1.198,0.139
3476802,1396,1858,1725,-0.0982,-0.0626,1.1414,-0.366,-1.037,0.214
3476812,1397,1868,2232,-0.0991,-0.0627,1.1386,-0.428,-0.880,0.283
3476822,1392,1859,2169,-0.0997,-0.0635,1.1372,-0.392,-0.760,0.325
3476832,1449,1885,1496,-0.1000,-0.0641,1.1376,-0.338,-0.689,0.349
3476842,1404,1857,1733,-0.0995,-0.0659,1.1386,-0.260,-0.650,0.393
3476852,1405,1860,1813,-0.0990,-0.0658,1.1370,-0.138,-0.580,0.455
3476862,1400,1858,1969,-0.0983,-0.0649,1.1348,-0.015,-0.531,0.507
3476872,1434,1871,1491,-0.0979,-0.0650,1.1346,0.076,-0.530,0.521
3476882,1403,1860,1636,-0.0988,-0.0654,1.1335,0.186,-0.486,0.525
3476892,1470,1902,2525,-0.0991,-0.0646,1.1336,0.251,-0.494,0.531
3476902,1408,1849,2197,-0.0993,-0.0643,1.1329,0.300,-0.549,0.520
3476912,1424,1872,1740,-0.0999,-0.0644,1.1328,0.339,-0.609,0.487
3476922,1405,1863,1591,-0.0991,-0.0647,1.1333,0.328,-0.746,0.448
3476932,1412,1869,1582,-0.0991,-0.0653,1.1341,0.287,-0.834,0.397
3476942,1439,1866,1611,-0.0989,-0.0667,1.1351,0.181,-0.911,0.337
3476952,1405,1867,2387,-0.0985,-0.0659,1.1346,0.001,-0.999,0.294
3476962,1407,1859,2186,-0.0987,-0.0661,1.1349,-0.181,-1.052,0.262
3476972,1415,1865,2025,-0.0988,-0.0659,1.1361,-0.354,-1.138,0.222
3476982,1409,1859,1498,-0.0984,-0.0647,1.1367,-0.471,-1.245,0.212
3476992,1422,1865,1561,-0.0978,-0.0648,1.1387,-0.522,-1.359,0.193
3477002,1406,1854,1604,-0.0981,-0.0644,1.1379,-0.437,-1.304,0.161
3477012,1472,1881,2163,-0.0993,-0.0640,1.1367,-0.273,-1.206,0.162
3477022,1405,1857,1636,-0.0985,-0.0637,1.1360,-0.107,-1.179,0.115
3477032,1414,1860,1719,-0.0978,-0.0642,1.1353,0.043,-1.163,0.057
3477042,1408,1858,2094,-0.0973,-0.0645,1.1350,0.217,-1.159,0.045
3477052,1426,1866,1879,-0.0962,-0.0659,1.1368,0.328,-1.219,0.033
3477062,1409,1863,1804,-0.0963,-0.0673,1.1377,0.377,-1.242,0.006
3477072,1424,1865,1794,-0.0963,-0.0675,1.1374,0.427,-1.161,0.013
3477082,1412,1859,1530,-0.0976,-0.0663,1.1351,0.445,-1.022,0.048
3477092,1416,1858,1690,-0.0980,-0.0661,1.1352,0.452,-0.953,0.083
3477102,1411,1862,1705,-0.0984,-0.0669,1.1326,0.544,-0.885,0.123
3477112,1425,1879,1501,-0.0990,-0.0670,1.1323,0.730,-0.898,0.180
3477122,1418,1868,2123,-0.0984,-0.0656,1.1350,0.935,-0.984,0.241
3477132,1419,1864,1823,-0.0980,-0.0650,1.1374,1.151,-1.045,0.303
3477142,1420,1863,1571,-0.0977,-0.0635,1.1373,1.258,-1.059,0.329
3477152,1455,1884,1904,-0.0966,-0.0620,1.1383,1.248,-1.030,0.337
3477162,1413,1860,1781,-0.0960,-0.0617,1.1373,1.149,-0.966,0.311
3477172,1436,1869,1637,-0.0957,-0.0625,1.1381,0.964,-0.956,0.239
3477182,1413,1866,1893,-0.0957,-0.0637,1.1365,0.759,-0.922,0.176
3477192,1436,1860,2182,-0.0951,-0.0640,1.1372,0.567,-0.910,0.172
3477202,1428,1865,1924,-0.0950,-0.0638,1.1379,0.404,-0.966,0.192
3477212,1425,1869,1532,-0.0952,-0.0640,1.1375,0.318,-0.968,0.201
3477222,1435,1861,1650,-0.0947,-0.0648,1.1362,0.262,-0.982,0.206
3477232,1425,1867,1828,-0.0948,-0.0652,1.1360,0.237,-1.031,0.185
3477242,1418,1861,1694,-0.0947,-0.0655,1.1374,0.277,-1.071,0.140
3477252,1430,1858,1634,-0.0949,-0.0658,1.1389,0.341,-1.151,0.100
3477262,1417,1870,1751,-0.0954,-0.0659,1.1409,0.416,-1.202,0.065
3477272,1418,1858,1659,-0.0967,-0.0655,1.1421,0.524,-1.179,0.047
3477282,1422,1860,1666,-0.0973,-0.0651,1.1405,0.602,-1.105,0.033
3477292,1456,1873,1535,-0.0975,-0.0638,1.1399,0.673,-1.015,0.033
3477302,1421,1860,2011,-0.0976,-0.0622,1.1394,0.738,-0.957,0.036
3477312,1433,1865,1900,-0.0974,-0.0616,1.1378,0.803,-0.906,0.025
3477322,1421,1863,2222,-0.0972,-0.0621,1.1362,0.871,-0.845,0.015
3477332,1441,1867,1865,-0.0964,-0.0623,1.1356,0.923,-0.833,0.005
3477342,1423,1869,1547,-0.0968,-0.0622,1.1360,0.941,-0.831,-0.006
3477352,1433,1870,1579,-0.0966,-0.0612,1.1355,0.933,-0.799,-0.041
3477362,1422,1868,1613,-0.0964,-0.0615,1.1355,0.893,-0.783,-0.086
3477372,1427,1859,1924,-0.0963,-0.0618,1.1373,0.818,-0.822,-0.121
3477382,1440,1868,1864,-0.0968,-0.0619,1.1369,0.742,-0.854,-0.141
3477392,1442,1863,1636,-0.0968,-0.0622,1.1375,0.693,-0.877,-0.150
3477402,1424,1862,1815,-0.0965,-0.0619,1.1403,0.679,-0.897,-0.139
3477412,1470,1892,1508,-0.0968,-0.0620,1.1402,0.704,-0.862,-0.120
3477422,1431,1864,1705,-0.0966,-0.0613,1.1394,0.757,-0.789,-0.091
3477432,1435,1866,1744,-0.0960,-0.0608,1.1383,0.822,-0.701,-0.052
3477442,1425,1862,1869,-0.0952,-0.0600,1.1383,0.841,-0.631,-0.028
3477452,1441,1862,1514,-0.0946,-0.0596,1.1372,0.804,-0.613,-0.029
3477462,1425,1859,1725,-0.0948,-0.0597,1.1365,0.761,-0.614,-0.029
3477472,1485,1882,1560,-0.0955,-0.0593,1.1346,0.711,-0.596,-0.038
3477482,1427,1865,1800,-0.0961,-0.0586,1.1345,0.648,-0.624,-0.023
3477492,1449,1876,1586,-0.0963,-0.0586,1.1343,0.564,-0.677,-0.001
3477502,1427,1859,2024,-0.0973,-0.0596,1.1337,0.493,-0.716,0.012
3477512,1436,1860,1637,-0.0964,-0.0605,1.1360,0.431,-0.763,0.024
3477522,1427,1864,1573,-0.0956,-0.0613,1.1369,0.394,-0.806,0.026
3477532,1441,1863,1655,-0.0954,-0.0612,1.1364,0.413,-0.785,0.026
3477542,1428,1867,1509,-0.0961,-0.0609,1.1353,0.475,-0.747,0.020
3477552,1447,1868,1633,-0.0958,-0.0613,1.1349,0.548,-0.765,0.013
3477562,1433,1865,2169,-0.0954,-0.0614,1.1349,0.603,-0.805,0.005
3477572,1449,1866,1495,-0.0952,-0.0613,1.1369,0.625,-0.854,0.014
3477582,1431,1862,1546,-0.0954,-0.0609,1.1358,0.639,-0.860,0.018
3477592,1441,1862,1957,-0.0945,-0.0605,1.1364,0.641,-0.844,0.038
3477602,1469,1878,2158,-0.0951,-0.0610,1.1361,0.587,-0.846,0.049
3477612,1453,1861,1807,-0.0949,-0.0604,1.1355,0.522,-0.849,0.076
3477622,1443,1860,1704,-0.0941,-0.0610,1.1385,0.433,-0.907,0.066
3477632,1439,1858,1613,-0.0929,-0.0618,1.1401,0.386,-0.971,0.054
3477642,1437,1864,1751,-0.0922,-0.0613,1.1404,0.384,-0.906,0.047
3477652,1458,1865,1744,-0.0919,-0.0597,1.1401,0.414,-0.841,0.067
3477662,1435,1872,1538,-0.0926,-0.0596,1.1401,0.459,-0.749,0.075
3477672,1447,1868,1558,-0.0928,-0.0609,1.1386,0.538,-0.620,0.061
3477682,1436,1858,2071,-0.0934,-0.0616,1.1390,0.561,-0.650,0.051
3477692,1456,1865,1690,-0.0935,-0.0615,1.1382,0.590,-0.687,0.072
3477702,1452,1871,1831,-0.0933,-0.0609,1.1366,0.654,-0.664,0.085
3477712,1455,1861,1680,-0.0939,-0.0604,1.1359,0.668,-0.708,0.100
3477722,1440,1871,1724,-0.0948,-0.0605,1.1358,0.643,-0.736,0.085
3477732,1456,1861,1692,-0.0947,-0.0601,1.1366,0.598,-0.756,0.073
3477742,1438,1872,1956,-0.0947,-0.0599,1.1361,0.538,-0.762,0.038
3477752,1458,1864,1627,-0.0940,-0.0595,1.1356,0.486,-0.758,0.020
3477762,1438,1859,1922,-0.0949,-0.0596,1.1356,0.447,-0.720,0.036
3477772,1475,1864,1614,-0.0951,-0.0591,1.1357,0.438,-0.727,0.063
3477782,1450,1868,1519,-0.0961,-0.0589,1.1364,0.441,-0.759,0.088
3477792,1479,1865,2100,-0.0954,-0.0593,1.1372,0.478,-0.795,0.109
3477802,1460,1871,1516,-0.0958,-0.0596,1.1362,0.506,-0.776,0.108
3477812,1440,1859,1627,-0.0963,-0.0594,1.1364,0.538,-0.743,0.114
3477822,1442,1859,1517,-0.0959,-0.0603,1.1370,0.537,-0.736,0.122
3477832,1474,1860,1675,-0.0961,-0.0604,1.1374,0.500,-0.767,0.144
3477842,1443,1868,1505,-0.0954,-0.0600,1.1384,0.417,-0.824,0.163
3477852,1445,1854,1594,-0.0942,-0.0603,1.1386,0.318,-0.844,0.206
3477862,1445,1861,1505,-0.0943,-0.0595,1.1378,0.244,-0.819,0.234
3477872,1456,1870,1748,-0.0943,-0.0596,1.1390,0.169,-0.829,0.232
3477882,1450,1868,1894,-0.0942,-0.0590,1.1393,0.112,-0.829,0.229
