.1689,1.1222,-1.475,-1.266,-0.723
1597502,1757,2100,1932,0.0571,-0.1681,1.1232,-1.375,-1.402,-0.729
1597512,1763,2031,1933,0.0565,-0.1676,1.1234,-1.305,-1.521,-0.719
1597522,1790,2077,1978,0.0553,-0.1670,1.1241,-1.258,-1.621,-0.704
1597532,1882,2028,1919,0.0551,-0.1675,1.1247,-1.249,-1.719,-0.676
1597542,1801,2100,1982,0.0540,-0.1674,1.1255,-1.201,-1.801,-0.632
1597552,1750,2108,1946,0.0546,-0.1665,1.1258,-1.091,-1.929,-0.581
1597562,1840,2034,1951,0.0537,-0.1650,1.1261,-0.871,-2.017,-0.542
1597572,1873,2033,1918,0.0535,-0.1641,1.1285,-0.612,-2.088,-0.527
1597582,1795,2097,1989,0.0526,-0.1639,1.1299,-0.356,-2.122,-0.550
1597592,1945,2081,1977,0.0518,-0.1634,1.1296,-0.105,-2.126,-0.585
1597602,1860,2118,1920,0.0525,-0.1628,1.1341,0.077,-2.238,-0.621
1597612,1943,2034,1929,0.0529,-0.1624,1.1360,0.189,-2.309,-0.645
1597622,1800,2086,1930,0.0525,-0.1615,1.1368,0.239,-2.332,-0.627
1597632,1842,2044,1949,0.0531,-0.1617,1.1370,0.229,-2.310,-0.586
1597642,1898,2086,1956,0.0529,-0.1615,1.1377,0.173,-2.298,-0.548
1597652,1869,2030,1920,0.0537,-0.1627,1.1396,0.040,-2.320,-0.516
1597662,1837,2076,1954,0.0534,-0.1634,1.1405,-0.100,-2.280,-0.485
1597672,1924,2029,1934,0.0529,-0.1639,1.1427,-0.215,-2.239,-0.417
1597682,1763,2083,1962,0.0533,-0.1648,1.1449,-0.260,-2.145,-0.338
1597692,1968,2101,1923,0.0536,-0.1649,1.1452,-0.213,-2.060,-0.232
1597702,1813,2101,1974,0.0538,-0.1647,1.1443,-0.044,-2.004,-0.094
1597712,1908,2023,1925,0.0540,-0.1635,1.1442,0.231,-1.955,0.050
1597722,1793,2114,1969,0.0540,-0.1625,1.1441,0.590,-1.890,0.183
1597732,1869,2055,1921,0.0545,-0.1623,1.1436,0.966,-1.779,0.313
1597742,1805,2088,1968,0.0543,-0.1620,1.1433,1.278,-1.603,0.425
1597752,1861,2034,1921,0.0546,-0.1605,1.1439,1.531,-1.448,0.498
1597762,1828,2038,1933,0.0541,-0.1599,1.1433,1.737,-1.283,0.498
1597772,1872,2041,1919,0.0544,-0.1596,1.1443,1.882,-1.138,0.458
1597782,1777,2099,1924,0.0551,-0.1594,1.1442,1.954,-1.010,0.404
1597792,1985,2069,1918,0.0552,-0.1598,1.1417,1.902,-0.935,0.365
1597802,1837,2082,1938,0.0568,-0.1604,1.1426,1.696,-0.941,0.396
1597812,2045,2095,1948,0.0576,-0.1615,1.1416,1.367,-0.890,0.488
1597822,1831,2107,1930,0.0584,-0.1615,1.1411,1.000,-0.853,0.619
1597832,1905,2082,1920,0.0587,-0.1627,1.1395,0.662,-0.815,0.765
1597842,1769,2067,1935,0.0585,-0.1633,1.1367,0.437,-0.734,0.893
1597852,1876,2036,1922,0.0599,-0.1634,1.1375,0.360,-0.706,0.983
1597862,1805,2074,1943,0.0616,-0.1650,1.1358,0.408,-0.725,1.039
1597872,1844,2045,1930,0.0627,-0.1650,1.1340,0.580,-0.668,1.109
1597882,1902,2068,1964,0.0642,-0.1651,1.1357,0.781,-0.812,1.217
1597892,1873,2080,1946,0.0648,-0.1625,1.1324,0.917,-0.777,1.357
1597902,1761,2158,1933,0.0678,-0.1599,1.1349,1.074,-0.943,1.436
1597912,1836,2090,1934,0.0701,-0.1584,1.1316,1.150,-1.102,1.416
1597922,1861,2090,1953,0.0725,-0.1577,1.1328,1.139,-1.214,1.342
1597932,1914,2024,1928,0.0745,-0.1553,1.1322,1.097,-1.401,1.277
1597942,1835,2084,1950,0.0749,-0.1530,1.1308,1.138,-1.501,1.211
1597952,1869,2155,1944,0.0733,-0.1507,1.1315,1.235,-1.681,1.147
1597962,1850,2087,1949,0.0718,-0.1484,1.1305,1.383,-1.839,1.063
1597972,2087,2025,1958,0.0701,-0.1449,1.1297,1.597,-2.034,1.009
1597982,1830,2071,1980,0.0689,-0.1414,1.1284,1.871,-2.274,0.980
1597992,1772,2039,1975,0.0668,-0.1383,1.1268,2.125,-2.540,0.940
1598002,1861,2131,1949,0.0642,-0.1354,1.1281,2.305,-2.868,0.877
1598012,1895,2033,1963,0.0615,-0.1330,1.1282,2.367,-3.163,0.798
1598022,1989,2114,1947,0.0589,-0.1284,1.1297,2.275,-3.487,0.688
1598032,1927,2025,1920,0.0582,-0.1273,1.1292,2.062,-3.798,0.474
1598042,1847,2077,1965,0.0592,-0.1293,1.1323,1.541,-4.049,0.163
1598052,1991,2056,1948,0.0595,-0.1335,1.1343,0.691,-4.255,-0.106
1598062,1867,2059,1952,0.0595,-0.1390,1.1351,-0.350,-4.236,-0.293
1598072,1843,2030,1944,0.0594,-0.1430,1.1388,-1.482,-4.248,-0.405
1598082,1810,2092,1975,0.0600,-0.1481,1.1357,-2.583,-4.132,-0.523
1598092,1967,2094,1951,0.0618,-0.1533,1.1365,-3.542,-4.090,-0.623
1598102,1790,2056,1966,0.0633,-0.1595,1.1373,-4.297,-4.021,-0.658
1598112,1759,2025,1952,0.0642,-0.1635,1.1383,-4.927,-3.917,-0.617
1598122,1793,2159,2042,0.0669,-0.1675,1.1379,-5.612,-3.891,-0.487
1598132,1879,2025,1921,0.0709,-0.1729,1.1383,-6.272,-3.875,-0.335
1598142,1855,2046,2043,0.0747,-0.1778,1.1404,-6.945,-3.880,-0.140
1598152,1881,2037,1921,0.0774,-0.1833,1.1433,-7.621,-3.838,0.129
1598162,1819,2108,1978,0.0806,-0.1881,1.1440,-8.302,-3.743,0.488
1598172,1855,2075,1941,0.0827,-0.1916,1.1442,-8.917,-3.419,0.894
1598182,1823,2164,1967,0.0830,-0.1940,1.1404,-9.382,-3.063,1.317
1598192,1806,2166,1943,0.0828,-0.1947,1.1421,-9.465,-2.732,1.698
1598202,1717,2112,1968,0.0818,-0.1971,1.1386,-9.230,-2.344,2.027
1598212,1946,2039,1979,0.0792,-0.1968,1.1354,-8.561,-1.939,2.332
1598222,1804,2083,1999,0.0766,-0.1947,1.1341,-7.683,-1.775,2.616
1598232,1892,2057,1961,0.0745,-0.1920,1.1289,-6.599,-1.517,2.850
1598242,1784,2099,1941,0.0725,-0.1884,1.1288,-5.506,-1.484,3.057
1598252,1853,2051,1947,0.0697,-0.1863,1.1243,-4.501,-1.475,3.255
1598262,1852,2084,1970,0.0664,-0.1845,1.1210,-3.742,-1.541,3.453
1598272,1951,2042,1926,0.0636,-0.1825,1.1195,-3.297,-1.732,3.640
1598282,1911,2031,1970,0.0618,-0.1807,1.1217,-3.295,-2.042,3.804
1598292,1844,2076,1949,0.0596,-0.1794,1.1213,-3.696,-2.387,3.935
1598302,1874,2057,1947,0.0588,-0.1807,1.1223,-4.476,-2.827,4.065
1598312,1899,2022,1944,0.0584,-0.1819,1.1214,-5.495,-3.252,4.211
1598322,1808,2139,1989,0.0572,-0.1826,1.1179,-6.577,-3.622,4.395
1598332,1871,2063,1954,0.0570,-0.1822,1.1144,-7.505,-4.020,4.604
1598342,1715,2147,2029,0.0571,-0.1809,1.1123,-8.246,-4.377,4.761
1598352,1905,2092,1961,0.0596,-0.1801,1.1129,-8.750,-4.700,4.815
1598362,1807,2027,1976,0.0622,-0.1792,1.1156,-9.085,-4.991,4.741
1598372,1981,2017,1985,0.0668,-0.1794,1.1171,-9.335,-5.153,4.530
1598382,1789,2090,1987,0.0700,-0.1814,1.1199,-9.596,-5.230,4.167
1598392,1923,2035,1920,0.0729,-0.1821,1.1223,-9.862,-5.164,3.690
1598402,1773,2059,1961,0.0754,-0.1850,1.1218,-10.080,-4.905,3.130
1598412,1901,2070,1918,0.0780,-0.1885,1.1228,-10.179,-4.566,2.556
1598422,1976,2092,1994,0.0807,-0.1926,1.1212,-10.124,-4.106,2.046
1598432,1917,2065,1926,0.0835,-0.1961,1.1164,-9.862,-3.533,1.643
1598442,1827,2058,1938,0.0858,-0.1969,1.1126,-9.398,-3.017,1.310
1598452,1874,2028,1931,0.0873,-0.1968,1.1073,-8.693,-2.514,0.963
1598462,1847,2058,1941,0.0889,-0.1951,1.1050,-7.823,-2.119,0.523
1598472,1946,2026,1966,0.0904,-0.1945,1.1052,-6.866,-1.913,-0.051
1598482,1727,2098,2002,0.0916,-0.1956,1.1061,-6.022,-1.776,-0.738
1598492,1885,2064,1947,0.0928,-0.1977,1.1085,-5.394,-1.719,-1.450
1598502,1780,2019,1935,0.0928,-0.2004,1.1098,-4.954,-1.677,-2.114
1598512,1833,2059,1919,0.0928,-0.2013,1.1102,-4.626,-1.709,-2.653
1598522,1881,2023,1963,0.0927,-0.2036,1.1099,-4.300,-1.810,-3.078
1598532,1787,2042,1925,0.0927,-0.2051,1.1111,-3.946,-2.012,-3.371
1598542,1936,2080,1993,0.0914,-0.2046,1.1116,-3.568,-2.244,-3.521
1598552,1889,2015,1948,0.0895,-0.2042,1.1130,-3.217,-2.514,-3.574
1598562,1897,2027,1975,0.0860,-0.2041,1.1147,-2.988,-2.845,-3.580
1598572,1918,2024,1932,0.0821,-0.2049,1.1173,-2.849,-3.199,-3.546
1598582,1842,2066,1996,0.0775,-0.2049,1.1174,-2.762,-3.597,-3.469
1598592,1983,2022,1921,0.0749,-0.2060,1.1209,-2.652,-4.082,-3.346
1598602,1849,2059,2000,0.0726,-0.2072,1.1232,-2.510,-4.631,-3.160
1598612,1911,2023,1932,0.0713,-0.2088,1.1244,-2.300,-5.074,-2.946
1598622,1811,2013,1933,0.0711,-0.2099,1.1301,-2.029,-5.537,-2.713
1598632,1910,2018,1940,0.0728,-0.2130,1.1345,-1.727,-5.849,-2.480
1598642,1872,2134,1998,0.0726,-0.2146,1.1381,-1.459,-5.991,-2.204
1598652,1973,2018,1927,0.0725,-0.2144,1.1396,-1.117,-5.977,-1.890
1598662,1864,2092,1965,0.0730,-0.2150,1.1406,-0.714,-5.814,-1.620
1598672,1915,2032,1938,0.0741,-0.2166,1.1427,-0.210,-5.582,-1.402
1598682,1946,2032,1965,0.0757,-0.2174,1.1443,0.404,-5.248,-1.222
1598692,1914,2017,1925,0.0772,-0.2176,1.1452,1.018,-4.827,-1.088
1598702,1841,2090,1946,0.0775,-0.2182,1.1445,1.590,-4.315,-1.035
1598712,1902,2046,1968,0.0787,-0.2192,1.1444,2.100,-3.723,-1.045
1598722,1850,2083,2047,0.0794,-0.2202,1.1445,2.536,-3.150,-1.063
1598732,1961,2114,2011,0.0804,-0.2218,1.1435,2.826,-2.586,-1.057
1598742,1893,2091,1960,0.0823,-0.2235,1.1438,2.943,-2.096,-1.003
1598752,2105,2024,1918,0.0838,-0.2252,1.1424,2.764,-1.581,-0.886
1598762,1843,2066,1974,0.0850,-0.2266,1.1394,2.350,-1.025,-0.709
1598772,1908,2045,1936,0.0856,-0.2281,1.1372,1.681,-0.566,-0.488
1598782,1856,2060,1976,0.0864,-0.2293,1.1331,0.981,-0.107,-0.201
1598792,1782,2022,1919,0.0867,-0.2300,1.1301,0.358,0.287,0.166
1598802,1901,2020,1945,0.0875,-0.2311,1.1282,-0.198,0.615,0.615
1598812,1938,2017,1922,0.0889,-0.2302,1.1249,-0.698,0.944,1.112
1598822,1864,2071,1952,0.0914,-0.2297,1.1204,-1.165,1.220,1.622
1598832,1847,2010,1936,0.0923,-0.2273,1.1170,-1.582,1.470,2.095
1598842,1835,2039,1949,0.0926,-0.2241,1.1137,-1.939,1.684,2.468
1598852,1911,2031,1929,0.0933,-0.2221,1.1102,-2.195,1.841,2.727
1598862,1869,2015,1937,0.0945,-0.2202,1.1077,-2.361,1.905,2.898
1598872,1909,2015,1917,0.0956,-0.2176,1.1037,-2.477,1.899,3.028
1598882,1784,2073,1962,0.0977,-0.2145,1.1022,-2.593,1.774,3.110
1598892,1985,2148,1972,0.0994,-0.2126,1.0977,-2.831,1.605,3.152
1598902,1878,2082,1969,0.1012,-0.2088,1.0948,-3.149,1.348,3.179
1598912,1911,2101,1915,0.1024,-0.2044,1.0930,-3.540,0.983,3.208
1598922,1828,2014,1938,0.1052,-0.2003,1.0956,-4.062,0.512,3.229
1598932,1791,2142,1949,0.1088,-0.1982,1.1009,-4.878,-0.092,3.226
1598942,1828,2081,1962,0.1143,-0.1983,1.1055,-6.139,-0.644,3.219
1598952,1983,2017,1918,0.1207,-0.1996,1.1125,-7.816,-1.185,3.247
1598962,1735,2124,1957,0.1267,-0.2009,1.1176,-9.806,-1.583,3.339
1598972,1869,2144,1919,0.1317,-0.2032,1.1239,-11.841,-1.760,3.513
1598982,1659,2155,1976,0.1361,-0.2050,1.1314,-13.764,-1.803,3.780
1598992,1815,2019,1916,0.1409,-0.2067,1.1374,-15.489,-1.667,4.109
1599002,1863,2212,1959,0.1464,-0.2089,1.1509,-16.891,-1.473,4.486
1599012,1951,2055,1914,0.1568,-0.2149,1.1719,-18.143,-1.218,4.955
1599022,1903,2014,1979,0.1690,-0.2232,1.1954,-19.500,-0.638,5.645
1599032,1987,2009,1941,0.1833,-0.2304,1.2199,-21.260,0.371,6.682
1599042,1870,2051,1974,0.1972,-0.2377,1.2434,-23.511,1.920,8.068
1599052,1834,2016,1941,0.2091,-0.2403,1.2637,-26.215,3.886,9.697
1599062,1799,2189,1990,0.2166,-0.2461,1.2820,-29.294,6.297,11.426
1599072,1936,2083,1929,0.2190,-0.2563,1.3052,-32.523,8.937,13.207
1599082,1852,2089,1948,0.2186,-0.2693,1.3211,-36.116,11.706,15.063
1599092,1878,2028,1944,0.2113,-0.2812,1.3292,-39.876,14.782,17.087
1599102,1770,2088,1918,0.1983,-0.2928,1.3408,-43.671,17.728,19.270
1599112,1806,2015,1922,0.1806,-0.2986,1.3486,-47.296,20.745,21.494
1599122,1817,2011,1940,0.1607,-0.3156,1.3486,-50.625,23.948,23.677
1599132,1952,2023,2014,0.1394,-0.3295,1.3510,-53.513,26.937,25.833
1599142,1785,2007,2041,0.1183,-0.3453,1.3433,-55.489,29.926,27.983
1599152,1813,2017,2082,0.0967,-0.3617,1.3335,-56.482,32.860,29.995
1599162,1854,2043,2066,0.0750,-0.3779,1.3250,-56.302,35.547,31.857
1599172,1841,2025,2086,0.0580,-0.3962,1.3105,-54.936,38.291,33.541
1599182,1750,2079,1943,0.0368,-0.4069,1.2915,-52.433,40.943,35.098
1599192,1709,2017,1966,0.0203,-0.4144,1.2864,-49.028,43.125,36.473
1599202,1616,2004,1930,0.0008,-0.4186,1.2632,-44.765,45.433,37.564
1599212,1724,2146,1996,-0.0197,-0.4210,1.2517,-39.819,47.603,38.412
1599222,1642,2017,1921,-0.0439,-0.4196,1.2340,-34.202,49.257,39.108
1599232,1740,2018,1997,-0.0692,-0.4182,1.2200,-28.056,50.655,39.602
1599242,1615,2008,1948,-0.0960,-0.4136,1.2040,-21.576,51.436,39.876
1599252,1709,2161,1984,-0.1238,-0.4155,1.1805,-15.045,51.969,39.856
1599262,1790,2086,1918,-0.1519,-0.4168,1.1559,-8.429,51.895,39.655
1599272,1624,2016,1963,-0.1762,-0.4198,1.1341,-1.626,51.223,39.315
1599282,1662,2024,1917,-0.1966,-0.4235,1.1130,5.353,49.973,38.882
1599292,1658,2004,1918,-0.2144,-0.4230,1.0905,12.537,48.411,38.478
1599302,1767,2025,1917,-0.2273,-0.4179,1.0772,19.873,46.392,38.093
1599312,1709,2018,1962,-0.2346,-0.4084,1.0681,27.250,44.146,37.677
1599322,1880,2086,2203,-0.2409,-0.3948,1.0645,34.229,41.940,37.110
1599332,1677,2041,1930,-0.2422,-0.3825,1.0520,40.602,39.952,36.323
1599342,1899,2061,1919,-0.2446,-0.3707,1.0374,46.093,38.111,35.243
1599352,1864,2041,1986,-0.2494,-0.3624,1.0170,50.821,36.280,33.971
1599362,2009,2014,1946,-0.2543,-0.3561,0.9954,54.894,34.328,32.670
1599372,1715,2098,1918,-0.2583,-0.3525,0.9760,58.295,31.903,31.558
1599382,1642,2007,1933,-0.2638,-0.3513,0.9534,60.989,29.109,30.771
1599392,1842,2149,1925,-0.2669,-0.3456,0.9336,62.875,25.869,30.556
1599402,1679,2023,1918,-0.2703,-0.3399,0.9156,63.798,22.113,30.874
1599412,1746,2015,1918,-0.2697,-0.3313,0.9027,63.653,17.849,31.612
1599422,1764,2021,1939,-0.2654,-0.3234,0.8942,62.458,13.171,32.627
1599432,1767,2124,1925,-0.2594,-0.3122,0.8912,60.411,8.215,33.822
1599442,1623,2009,1929,-0.2539,-0.3048,0.8905,57.889,3.315,35.000
1599452,1727,2076,1942,-0.2436,-0.2979,0.9003,54.945,-1.745,36.137
1599462,1799,2012,1950,-0.2335,-0.2903,0.9077,51.794,-6.717,37.253
1599472,1717,2050,1940,-0.2260,-0.2847,0.9106,48.856,-11.280,38.338
1599482,1624,2165,1928,-0.2176,-0.2810,0.9155,46.379,-15.612,39.436
1599492,1797,2072,1920,-0.2074,-0.2789,0.9239,44.640,-19.629,40.582
1599502,1801,2093,1939,-0.1998,-0.2750,0.9342,43.601,-23.192,41.812
1599512,1705,2008,1985,-0.1880,-0.2689,0.9402,43.161,-26.318,43.180
1599522,1808,2033,1954,-0.1756,-0.2595,0.9552,42.971,-29.187,44.599
1599532,1622,2054,1948,-0.1670,-0.2472,0.9590,43.301,-31.256,46.013
1599542,2016,2265,1951,-0.1614,-0.2279,0.9677,43.921,-32.809,47.253
1599552,1926,2030,1935,-0.1563,-0.2068,0.9744,44.654,-34.103,48.076
1599562,1680,2051,1922,-0.1540,-0.1847,0.9713,45.700,-34.870,48.307
1599572,1761,2004,1935,-0.1545,-0.1633,0.9624,47.273,-35.364,48.025
1599582,1625,2011,1941,-0.1546,-0.1460,0.9542,49.485,-35.866,47.313
1599592,1632,2050,1923,-0.1544,-0.1292,0.9458,52.140,-36.438,46.318
1599602,1666,2105,1923,-0.1552,-0.1126,0.9313,55.255,-36.908,45.234
1599612,1825,2022,1958,-0.1552,-0.0867,0.9193,59.104,-38.056,44.091
1599622,2090,2015,1924,-0.1542,-0.0559,0.9105,62.663,-39.562,43.136
1599632,1635,2051,1936,-0.1484,-0.0235,0.9036,65.716,-41.452,42.231
1599642,1680,2008,1921,-0.1454,0.0057,0.9028,67.798,-43.787,41.189
1599652,1685,2019,1979,-0.1401,0.0368,0.8996,68.729,-46.492,40.128
1599662,1741,2032,1942,-0.1324,0.0623,0.8891,68.398,-49.262,38.840
1599672,1663,2033,2193,-0.1196,0.0879,0.8968,66.570,-52.760,37.397
1599682,1630,2007,2009,-0.1049,0.1063,0.9074,63.330,-56.557,35.848
1599692,1672,2012,1945,-0.0873,0.1208,0.9253,58.940,-60.197,34.151
1599702,1739,2012,1931,-0.0634,0.1362,0.9633,52.849,-64.201,32.312
1599712,1720,2113,1948,-0.0412,0.1555,0.9869,45.697,-67.484,30.114
1599722,1670,2012,2254,-0.0239,0.1812,0.9866,37.989,-69.634,27.381
1599732,1671,2026,2319,-0.0173,0.1985,0.9646,30.940,-70.873,24.030
1599742,1800,2112,2048,-0.0178,0.1939,0.9454,25.316,-71.871,20.236
1599752,1724,2033,2138,-0.0134,0.1652,0.9278,20.313,-73.314,16.412
1599762,1692,2016,1992,-0.0100,0.1289,0.8928,15.957,-74.656,13.157
1599772,1795,2097,2054,-0.0049,0.0970,0.8869,12.159,-76.944,10.952
1599782,1896,2058,2133,0.0099,0.0663,0.8840,9.045,-79.933,9.538
1599792,1676,2112,2577,0.0251,0.0581,0.8771,7.707,-82.342,8.716
1599802,2364,2077,1923,0.0446,0.0632,0.8832,7.756,-84.957,8.214
1599812,1832,2445,2165,0.0778,0.0735,0.8964,9.036,-87.554,7.568
1599822,2220,2005,2242,0.1208,0.0810,0.9077,11.005,-89.587,6.784
1599832,1717,2055,2233,0.1565,0.0807,0.9193,12.701,-90.644,6.026
1599842,1637,2117,3135,0.1742,0.0774,0.9408,13.305,-91.086,5.796
1599852,2140,2028,2901,0.1911,0.0824,0.9640,12.422,-91.326,6.349
1599862,1734,2339,1967,0.2107,0.0920,0.9925,10.178,-91.697,7.225
1599872,2036,2293,2481,0.2315,0.1057,1.0286,7.196,-92.232,7.979
1599882,1722,2056,2076,0.2566,0.1083,1.0475,4.573,-91.936,8.142
1599892,2216,2307,2265,0.2811,0.1042,1.0597,2.612,-91.065,7.953
1599902,2259,2241,2750,0.3052,0.0973,1.0650,1.183,-89.767,7.779
1599912,1904,2131,2173,0.3293,0.0833,1.0715,0.393,-88.189,7.852
1599922,2023,2227,1946,0.3411,0.0813,1.0905,-0.540,-86.691,8.323
1599932,2190,2208,2110,0.3541,0.0753,1.1032,-1.524,-84.919,8.797
1599942,3044,2296,2367,0.3597,0.0668,1.1166,-2.963,-82.971,8.809
1599952,1675,2012,2682,0.3651,0.0791,1.1326,-3.176,-81.029,9.192
1599962,1739,2147,2382,0.3740,0.0625,1.1425,-3.294,-79.074,8.845
1599972,1999,2068,1964,0.3861,0.0634,1.1519,-1.071,-77.125,8.824
1599982,2203,2005,1973,0.4121,0.0769,1.1413,2.475,-74.766,8.884
1599992,2138,2069,2066,0.4339,0.1070,1.1494,7.315,-72.500,8.983
1600002,2424,2414,2380,0.4485,0.1298,1.1776,11.096,-70.140,8.434
1600012,1761,2026,1984,0.4582,0.1362,1.1912,13.902,-67.258,7.639
1600022,1981,2551,3000,0.4680,0.1443,1.2022,14.820,-63.962,7.001
1600032,2669,2017,1989,0.4763,0.1510,1.2100,14.314,-61.044,6.835
1600042,1728,2034,2798,0.4901,0.1530,1.2063,12.917,-57.987,6.686
1600052,1719,2026,2155,0.5029,0.1480,1.2043,11.002,-55.064,6.567
1600062,1648,2147,2552,0.5123,0.1390,1.2100,8.786,-52.394,6.617
1600072,1896,2022,2391,0.5166,0.1359,1.2108,6.701,-49.469,6.825
1600082,1867,2104,3743,0.5235,0.1331,1.2135,5.304,-46.270,7.028
1600092,2018,2120,1936,0.5290,0.1299,1.2166,4.348,-42.985,7.088
1600102,1940,2051,2305,0.5312,0.1301,1.2113,4.393,-39.346,6.963
1600112,2055,2005,2082,0.5368,0.1339,1.2077,5.381,-35.533,6.560
1600122,2029,2014,1998,0.5363,0.1348,1.1997,6.848,-31.594,5.898
1600132,1650,2021,3061,0.5343,0.1388,1.1861,8.497,-27.475,5.137
1600142,2350,2207,2436,0.5326,0.1408,1.1722,9.782,-23.569,4.365
1600152,1655,2227,2096,0.5302,0.1422,1.1608,10.388,-20.161,3.664
1600162,1775,2036,2130,0.5243,0.1447,1.1510,10.402,-17.086,3.092
1600172,1672,2003,2269,0.5192,0.1498,1.1431,10.156,-14.305,2.623
1600182,1978,2018,2342,0.5156,0.1517,1.1333,9.614,-11.759,2.193
1600192,1835,2160,2066,0.5110,0.1499,1.1209,8.797,-9.442,1.800
1600202,2121,2082,2186,0.5059,0.1488,1.1042,7.707,-7.390,1.523
1600212,1901,2145,2190,0.5026,0.1472,1.0908,6.326,-5.731,1.369
1600222,2135,2221,2333,0.4966,0.1417,1.0795,4.582,-4.490,1.138
1600232,1655,2033,1947,0.4922,0.1354,1.0676,3.048,-3.462,0.854
1600242,1640,2033,4095,0.4879,0.1317,1.0563,1.983,-2.606,0.537
1600252,1700,2019,2726,0.4835,0.1321,1.0540,1.647,-1.924,0.174
1600262,1664,2019,1940,0.4805,0.1285,1.0539,1.894,-1.226,-0.319
1600272,2184,2225,2192,0.4769,0.1277,1.0455,2.598,-0.269,-0.814
1600282,2783,2233,1880,0.4743,0.1279,1.0329,3.542,0.723,-1.257
1600292,1910,2195,1960,0.4736,0.1274,1.0293,4.337,1.296,-1.735
1600302,1695,2010,1910,0.4716,0.1268,1.0229,4.886,1.755,-2.271
1600312,2543,2083,2024,0.4692,0.1274,1.0159,5.257,2.177,-2.658
1600322,2358,2178,1901,0.4665,0.1309,1.0130,5.118,2.260,-2.801
1600332,2839,2566,1930,0.4655,0.1325,1.0116,4.482,2.152,-2.815
1600342,2113,2051,1891,0.4651,0.1289,1.0105,3.301,1.923,-2.776
1600352,2163,2279,1923,0.4657,0.1252,1.0118,1.651,1.507,-2.599
1600362,1782,2139,2984,0.4676,0.1205,1.0127,-0.115,1.053,-2.203
1600372,2097,2019,1873,0.4684,0.1152,1.0140,-1.745,0.727,-1.723
1600382,1962,2012,1869,0.4681,0.1107,1.0132,-2.968,0.524,-1.277
1600392,1966,2038,2323,0.4692,0.1074,1.0122,-3.553,0.435,-0.962
1600402,1991,2011,2158,0.4681,0.1066,1.0157,-3.656,0.359,-0.761
1600412,1836,2066,2880,0.4665,0.1052,1.0205,-3.430,0.318,-0.616
1600422,2024,2104,1882,0.4655,0.1052,1.0230,-3.119,0.408,-0.481
1600432,3661,2615,2190,0.4646,0.1091,1.0258,-2.754,0.495,-0.282
1600442,2146,2123,2416,0.4630,0.1140,1.0280,-2.430,0.578,-0.136
1600452,1883,2049,1900,0.4615,0.1137,1.0265,-2.262,0.725,-0.113
1600462,2011,2090,2113,0.4595,0.1141,1.0259,-2.416,0.749,-0.031
1600472,1766,2204,1867,0.4582,0.1160,1.0285,-2.903,0.607,0.148
1600482,1791,2001,2190,0.4575,0.1160,1.0274,-3.470,0.535,0.323
1600492,1894,2005,2081,0.4581,0.1122,1.0298,-4.096,0.404,0.472
1600502,2056,2073,1969,0.4582,0.1102,1.0348,-4.708,0.148,0.665
1600512,2811,2109,2038,0.4592,0.1100,1.0362,-4.909,0.009,0.895
1600522,1671,1999,1975,0.4606,0.1101,1.0404,-4.870,-0.084,1.055
1600532,2338,2088,1901,0.4610,0.1078,1.0426,-4.571,-0.135,1.165
1600542,1636,2190,1871,0.4605,0.1098,1.0430,-4.074,-0.085,1.242
1600552,1682,2012,2003,0.4595,0.1129,1.0437,-3.468,-0.025,1.299
1600562,1911,2041,1921,0.4578,0.1155,1.0444,-2.937,0.097,1.289
1600572,1742,2047,1881,0.4567,0.1186,1.0447,-2.561,0.137,1.251
1600582,1671,2218,1929,0.4576,0.1200,1.0482,-2.478,-0.001,1.219
1600592,2122,2258,1909,0.4588,0.1240,1.0518,-2.605,-0.086,1.195
1600602,1748,2082,2083,0.4596,0.1262,1.0585,-2.820,-0.073,1.191
1600612,2033,2246,2173,0.4596,0.1244,1.0610,-3.283,0.092,1.110
1600622,1938,2443,2573,0.4603,0.1230,1.0577,-3.548,0.535,1.015
1600632,2132,2040,1922,0.4624,0.1202,1.0614,-3.756,0.845,0.853
1600642,1972,2068,2372,0.4622,0.1186,1.0619,-3.665,1.238,0.620
1600652,1835,2151,2314,0.4621,0.1148,1.0605,-3.209,1.884,0.305
1600662,2066,2198,2414,0.4617,0.1151,1.0660,-2.742,2.404,0.026
1600672,2837,2430,2171,0.4626,0.1122,1.0653,-2.410,3.018,-0.224
1600682,1858,2009,1940,0.4622,0.1119,1.0672,-2.235,3.725,-0.397
1600692,2079,2167,1932,0.4608,0.1122,1.0693,-2.221,4.397,-0.501
1600702,1969,2046,2241,0.4578,0.1115,1.0665,-2.301,5.239,-0.624
1600712,1930,2076,1916,0.4559,0.1090,1.0662,-2.541,5.973,-0.711
1600722,2056,2021,1895,0.4550,0.1082,1.0622,-2.874,6.632,-0.719
1600732,2486,2095,1935,0.4540,0.1045,1.0570,-3.218,7.244,-0.699
1600742,2679,2027,1878,0.4531,0.1038,1.0562,-3.627,7.550,-0.629
1600752,1843,2129,2106,0.4496,0.1039,1.0566,-3.988,7.822,-0.499
1600762,1880,2000,2086,0.4463,0.1039,1.0546,-4.250,8.206,-0.353
1600772,1652,2052,1911,0.4453,0.1058,1.0543,-4.580,8.478,-0.205
1600782,1892,2429,2030,0.4440,0.1067,1.0581,-4.965,8.641,-0.113
1600792,1869,2018,2179,0.4409,0.1087,1.0605,-5.272,8.912,-0.126
1600802,1649,2030,1858,0.4393,0.1092,1.0608,-5.375,9.287,-0.267
1600812,1642,2120,2329,0.4385,0.1084,1.0578,-5.292,9.737,-0.521
1600822,1987,2028,1855,0.4369,0.1102,1.0596,-4.944,10.144,-0.807
1600832,1706,2096,2116,0.4382,0.1102,1.0657,-4.504,10.371,-1.099
1600842,2425,2115,1982,0.4386,0.1102,1.0630,-4.230,10.812,-1.385
1600852,1690,2023,2247,0.4387,0.1129,1.0669,-4.264,11.167,-1.547
1600862,1635,2368,2186,0.4389,0.1132,1.0702,-4.667,11.435,-1.669
1600872,1756,2069,1920,0.4390,0.1125,1.0726,-5.302,11.890,-1.817
1600882,1814,2039,1930,0.4391,0.1113,1.0756,-6.084,12.398,-1.935
1600892,1671,2014,2675,0.4377,0.1104,1.0786,-6.872,13.055,-2.047
1600902,1766,1998,1874,0.4343,0.1113,1.0840,-7.538,13.791,-2.177
1600912,1734,2061,1973,0.4302,0.1146,1.0909,-7.875,14.609,-2.405
1600922,1701,1993,2047,0.4268,0.1154,1.0930,-8.008,15.658,-2.830
1600932,1809,2041,1927,0.4235,0.1156,1.0902,-8.021,16.807,-3.380
1600942,1965,2015,1904,0.4185,0.1181,1.0935,-7.973,17.861,-3.922
1600952,1641,1993,2018,0.4154,0.1202,1.0966,-7.997,18.908,-4.527
1600962,2254,2160,2357,0.4117,0.1222,1.0974,-8.139,20.087,-5.199
1600972,1921,1992,1858,0.4093,0.1235,1.0995,-8.313,21.313,-5.860
1600982,1826,1990,1896,0.4078,0.1231,1.1014,-8.679,22.530,-6.460
1600992,1665,2028,1864,0.4057,0.1215,1.0997,-9.368,23.855,-7.034
1601002,1663,2015,1891,0.4043,0.1199,1.0974,-10.382,25.115,-7.497
1601012,1621,1994,1877,0.4007,0.1193,1.1009,-11.851,26.245,-7.868
1601022,1661,2017,1882,0.3952,0.1167,1.1020,-13.757,27.464,-8.194
1601032,2495,2127,1897,0.3897,0.1142,1.1081,-15.954,28.756,-8.485
1601042,1749,2029,1991,0.3837,0.1083,1.1162,-18.199,30.111,-8.789
1601052,1681,2053,1858,0.3754,0.1016,1.1221,-20.035,31.805,-9.186
1601062,1778,2041,1859,0.3697,0.0928,1.1290,-21.148,33.780,-9.651
1601072,1721,2008,1873,0.3628,0.0837,1.1308,-21.303,36.035,-10.156
1601082,2016,2041,1875,0.3560,0.0722,1.1332,-20.581,38.487,-10.702
1601092,1648,2010,1858,0.3493,0.0636,1.1348,-18.971,41.027,-11.233
1601102,1698,1989,1864,0.3429,0.0566,1.1338,-16.556,43.732,-11.759
1601112,1648,2000,1889,0.3357,0.0538,1.1377,-13.621,46.534,-12.332
1601122,1712,1998,1869,0.3272,0.0492,1.1422,-9.963,50.148,-13.203
1601132,1636,1999,2069,0.3296,0.0366,1.1427,-6.863,53.545,-13.909
1601142,1636,2069,1866,0.3046,0.0487,1.1609,-4.566,56.635,-14.117
1601152,1629,1993,1864,0.2850,0.0558,1.1585,-2.638,59.328,-13.875
1601162,1819,2028,1893,0.2734,0.0527,1.1550,-2.167,61.752,-14.187
1601172,1684,2015,1864,0.2649,0.0508,1.1569,-2.278,63.669,-14.615
1601182,1690,2001,1877,0.2559,0.0532,1.1581,-3.238,65.740,-15.020
1601192,1703,1997,1857,0.2480,0.0520,1.1582,-4.900,68.026,-15.439
1601202,1631,2075,1866,0.2394,0.0445,1.1539,-7.194,70.446,-15.884
1601212,1670,2001,1874,0.2271,0.0354,1.1541,-9.811,72.690,-16.271
1601222,1692,1991,1966,0.2132,0.0255,1.1467,-12.272,74.876,-16.600
1601232,1631,2006,1870,0.1981,0.0153,1.1472,-14.296,76.698,-16.886
1601242,1902,2089,1871,0.1827,0.0021,1.1413,-15.529,78.315,-17.057
1601252,1805,2042,1890,0.1672,-0.0034,1.1306,-15.893,80.046,-17.003
1601262,1663,2031,1859,0.1542,-0.0156,1.1223,-15.298,81.607,-16.772
1601272,1944,2003,1904,0.1420,-0.0249,1.1132,-14.166,83.019,-16.527
1601282,1929,2000,1914,0.1294,-0.0377,1.1049,-12.465,84.365,-16.327
1601292,1706,1994,1894,0.1129,-0.0463,1.0802,-10.362,85.601,-16.108
1601302,1671,2060,1898,0.0944,-0.0514,1.0509,-7.383,86.936,-15.857
1601312,1632,2084,1862,0.0715,-0.0391,1.0646,-3.739,86.937,-15.785
1601322,1629,2004,1973,0.0438,-0.0221,1.0533,0.040,87.066,-16.010
1601332,1655,2119,1903,0.0251,-0.0165,1.0435,3.682,87.499,-16.643
1601342,1691,2084,1914,0.0055,-0.0049,1.0449,6.499,87.082,-17.522
1601352,1763,2109,1866,-0.0205,0.0119,1.0292,9.243,86.924,-18.544
1601362,1721,2075,1886,-0.0313,0.0131,1.0168,11.763,86.099,-19.764
1601372,1709,2050,1876,-0.0510,0.0123,0.9972,14.697,85.127,-20.657
1601382,1927,2004,1892,-0.0710,0.0238,0.9780,17.636,83.662,-20.722
1601392,1647,1991,1878,-0.0922,0.0419,0.9658,20.378,81.475,-20.373
1601402,1648,1990,1860,-0.0988,0.0501,0.9623,22.327,78.698,-20.222
1601412,1726,1997,1901,-0.1041,0.0508,0.9605,23.248,75.712,-20.175
1601422,1648,1990,1868,-0.1159,0.0596,0.9626,23.134,72.591,-19.558
1601432,1685,2104,1882,-0.1321,0.0714,0.9731,21.232,69.313,-18.439
1601442,1889,1992,1871,-0.1465,0.0888,0.9704,17.546,65.889,-17.099
1601452,1632,2035,1863,-0.1668,0.1132,0.9679,12.420,62.339,-16.008
1601462,1725,2100,1870,-0.1830,0.1401,0.9708,6.608,58.208,-15.438
1601472,1808,2007,1863,-0.1973,0.1555,0.9658,0.381,53.924,-15.709
1601482,1868,2001,1862,-0.2057,0.1597,0.9581,-5.693,49.365,-16.706
1601492,1826,1992,1872,-0.2102,0.1507,0.9522,-11.540,44.500,-18.174
1601502,1687,1990,1866,-0.2119,0.1410,0.9460,-17.141,39.463,-19.741
1601512,1644,2058,1881,-0.2174,0.1365,0.9403,-22.072,34.625,-21.274
1601522,1972,2136,1915,-0.2204,0.1383,0.9497,-26.684,29.460,-22.697
1601532,1833,2002,1870,-0.2235,0.1354,0.9493,-30.770,24.639,-24.162
1601542,2002,1994,1874,-0.2256,0.1257,0.9573,-34.453,19.990,-25.812
1601552,1646,1996,1878,-0.2266,0.1111,0.9668,-37.743,15.278,-27.578
1601562,1916,2002,1865,-0.2249,0.0891,0.9786,-40.720,10.905,-29.404
1601572,1893,1988,1886,-0.2200,0.0652,0.9926,-43.534,6.508,-31.044
1601582,2158,2073,1897,-0.2142,0.0440,0.9985,-46.051,2.457,-32.272
1601592,2006,1990,1880,-0.2081,0.0282,1.0076,-48.035,-1.416,-33.072
1601602,2056,1993,2029,-0.2019,0.0108,1.0198,-49.383,-5.155,-33.583
1601612,2274,2020,1885,-0.1942,-0.0040,1.0298,-49.959,-8.513,-33.850
1601622,2433,2043,1902,-0.1843,-0.0182,1.0387,-49.803,-11.527,-33.846
1601632,1939,2004,1871,-0.1755,-0.0294,1.0508,-49.068,-14.189,-33.598
1601642,2173,1994,1864,-0.1698,-0.0354,1.0635,-47.919,-16.569,-33.165
1601652,1954,1997,1915,-0.1655,-0.0380,1.0780,-46.522,-18.586,-32.747
1601662,2218,2094,1875,-0.1658,-0.0449,1.0840,-45.214,-20.157,-32.622
1601672,2030,1987,1945,-0.1672,-0.0509,1.0917,-43.915,-21.661,-32.866
1601682,2237,2067,1867,-0.1700,-0.0581,1.0961,-42.458,-23.125,-33.461
1601692,2086,1994,1879,-0.1686,-0.0688,1.0980,-40.627,-24.602,-34.333
1601702,2232,2027,1870,-0.1641,-0.0838,1.0995,-38.390,-26.246,-35.293
1601712,2100,1988,1872,-0.1563,-0.0996,1.1033,-35.829,-28.013,-36.091
1601722,2291,2007,1874,-0.1467,-0.1115,1.1099,-32.968,-29.862,-36.436
1601732,2174,1987,1868,-0.1391,-0.1191,1.1150,-30.088,-31.459,-36.314
1601742,2345,1992,1901,-0.1329,-0.1244,1.1225,-27.451,-32.944,-35.862
1601752,2353,2020,1903,-0.1283,-0.1270,1.1287,-25.168,-34.290,-35.246
1601762,2184,2049,1885,-0.1258,-0.1304,1.1329,-23.211,-35.578,-34.556
1601772,2125,2013,1975,-0.1216,-0.1311,1.1368,-21.531,-36.894,-33.869
1601782,2578,2032,1900,-0.1172,-0.1320,1.1420,-20.043,-38.199,-33.181
1601792,2539,1991,2049,-0.1069,-0.1328,1.1598,-18.711,-39.510,-32.461
1601802,2630,2091,1994,-0.1022,-0.1333,1.1668,-17.895,-40.604,-31.724
1601812,2449,2000,2030,-0.0908,-0.1325,1.1730,-17.129,-41.434,-31.042
1601822,2581,1991,2079,-0.0760,-0.1350,1.1747,-16.888,-42.127,-30.536
1601832,2295,1991,2035,-0.0655,-0.1380,1.1736,-16.678,-42.364,-30.212
1601842,2387,2000,1945,-0.0559,-0.1426,1.1783,-16.451,-42.593,-29.973
1601852,2326,2007,1872,-0.0472,-0.1491,1.1790,-16.110,-42.657,-29.732
1601862,2378,1999,1962,-0.0390,-0.1527,1.1813,-15.743,-42.582,-29.453
1601872,2160,2020,1925,-0.0321,-0.1566,1.1851,-15.486,-42.439,-29.191
1601882,2327,2094,1882,-0.0222,-0.1630,1.1923,-15.384,-42.245,-29.004
1601892,2191,2019,1897,-0.0095,-0.1702,1.1984,-15.458,-41.863,-28.826
1601902,2371,2065,1873,0.0032,-0.1770,1.2016,-15.585,-41.252,-28.578
1601912,2035,2015,1884,0.0143,-0.1850,1.2033,-15.770,-40.525,-28.212
1601922,2191,2038,1877,0.0253,-0.1958,1.2036,-15.925,-39.633,-27.710
1601932,1743,1997,1917,0.0350,-0.2087,1.2048,-16.006,-38.697,-27.095
1601942,1709,2086,1888,0.0430,-0.2243,1.2013,-15.999,-37.653,-26.361
1601952,1790,2007,1882,0.0512,-0.2369,1.1980,-15.686,-36.643,-25.422
1601962,1866,2108,1931,0.0576,-0.2471,1.1956,-15.174,-35.740,-24.287
1601972,1739,2019,1872,0.0627,-0.2551,1.1939,-14.431,-34.782,-23.010
1601982,1891,2112,1962,0.0668,-0.2585,1.1944,-13.491,-33.821,-21.616
1601992,1820,2021,1891,0.0702,-0.2594,1.1945,-12.268,-32.745,-20.146
1602002,1880,2094,1934,0.0738,-0.2580,1.1940,-10.850,-31.560,-18.685
1602012,1763,2000,1884,0.0771,-0.2583,1.1927,-9.365,-30.249,-17.346
1602022,1861,2060,1928,0.0808,-0.2546,1.1900,-7.802,-28.956,-16.187
1602032,2030,2003,1914,0.0837,-0.2520,1.1862,-6.279,-27.661,-15.272
1602042,1830,2063,1976,0.0879,-0.2486,1.1858,-4.664,-26.403,-14.486
1602052,1795,1999,1911,0.0922,-0.2471,1.1854,-3.274,-25.163,-13.777
1602062,1869,2063,1950,0.0958,-0.2481,1.1824,-2.233,-23.838,-13.121
1602072,1769,2015,1960,0.0974,-0.2468,1.1851,-1.537,-22.608,-12.405
1602082,1818,2063,1932,0.0983,-0.2498,1.1810,-0.926,-21.332,-11.603
1602092,1829,2052,1960,0.1031,-0.2533,1.1794,-0.407,-20.147,-10.760
1602102,1773,2126,2067,0.1036,-0.2487,1.1744,0.072,-19.001,-9.714
1602112,1857,1991,1901,0.1051,-0.2447,1.1737,0.660,-17.972,-8.635
1602122,1804,2096,1915,0.1054,-0.2392,1.1683,1.184,-16.995,-7.635
1602132,1878,2109,1946,0.1067,-0.2338,1.1667,1.661,-16.109,-6.780
1602142,1863,2100,1983,0.1078,-0.2311,1.1662,1.949,-15.346,-6.057
1602152,1959,2006,1911,0.1087,-0.2302,1.1617,2.009,-14.418,-5.429
1602162,1848,2030,2013,0.1080,-0.2278,1.1598,1.898,-13.604,-4.844
1602172,1704,1983,1932,0.1081,-0.2245,1.1560,1.709,-12.828,-4.287
1602182,1809,2013,1957,0.1078,-0.2208,1.1543,1.632,-12.044,-3.754
1602192,1854,2017,1925,0.1079,-0.2165,1.1529,1.711,-11.392,-3.221
1602202,1986,2124,1975,0.1079,-0.2139,1.1503,1.904,-10.689,-2.710
1602212,1747,2067,1947,0.1088,-0.2137,1.1500,2.046,-10.103,-2.249
1602222,1838,2063,1949,0.1091,-0.2137,1.1457,2.110,-9.479,-1.852
1602232,1800,2057,1922,0.1093,-0.2118,1.1435,2.121,-8.961,-1.522
1602242,1972,2126,1995,0.1086,-0.2089,1.1396,2.132,-8.526,-1.288
1602252,1860,2054,1942,0.1089,-0.2059,1.1380,2.234,-8.156,-1.180
1602262,1865,2144,1944,0.1106,-0.2041,1.1350,2.430,-7.924,-1.138
1602272,1821,2072,1945,0.1126,-0.2052,1.1320,2.699,-7.698,-1.063
1602282,1890,2141,1903,0.1146,-0.2069,1.1303,2.921,-7.559,-0.861
1602292,1804,2053,1921,0.1175,-0.2079,1.1268,2.997,-7.395,-0.493
1602302,1805,2108,1958,0.1200,-0.2069,1.1258,2.937,-7.328,-0.019
1602312,1718,1982,1926,0.1222,-0.2059,1.1238,2.754,-7.218,0.417
1602322,1742,2052,1882,0.1243,-0.2041,1.1257,2.567,-7.161,0.733
1602332,1722,1991,1887,0.1263,-0.2031,1.1256,2.360,-7.109,0.921
1602342,1797,2126,1950,0.1288,-0.2004,1.1260,2.289,-7.047,1.028
1602352,2023,2011,1954,0.1303,-0.1977,1.1271,2.276,-6.996,1.125
1602362,2040,2073,1879,0.1323,-0.1948,1.1278,2.361,-6.897,1.210
1602372,2203,2054,1939,0.1354,-0.1941,1.1304,2.340,-6.778,1.250
1602382,2125,2078,1908,0.1375,-0.1924,1.1289,2.090,-6.482,1.301
1602392,2239,2054,1940,0.1396,-0.1905,1.1364,1.659,-6.183,1.332
1602402,2227,2146,1945,0.1453,-0.1898,1.1485,0.958,-5.903,1.319
1602412,2204,2087,1894,0.1478,-0.1905,1.1509,-0.133,-5.191,1.300
1602422,2272,2047,1963,0.1494,-0.1907,1.1546,-1.468,-4.485,1.327
1602432,2336,2068,1909,0.1491,-0.1914,1.1517,-2.862,-3.777,1.301
1602442,2204,2122,1914,0.1484,-0.1936,1.1502,-4.035,-3.143,1.218
1602452,2391,2081,1894,0.1496,-0.1980,1.1487,-4.942,-2.671,1.119
1602462,2210,2132,1937,0.1510,-0.2022,1.1450,-5.525,-2.109,1.086
1602472,2314,2030,1908,0.1521,-0.2053,1.1449,-5.911,-1.725,1.161
1602482,2268,2040,1916,0.1515,-0.2055,1.1403,-6.056,-1.216,1.355
1602492,2310,2002,1964,0.1507,-0.2046,1.1395,-5.946,-0.840,1.618
1602502,2218,2079,1915,0.1495,-0.2026,1.1338,-5.500,-0.444,1.890
1602512,2345,2028,1903,0.1481,-0.2005,1.1318,-4.846,-0.139,2.087
1602522,2206,2092,1942,0.1469,-0.1990,1.1287,-4.023,0.043,2.163
1602532,2232,2101,1921,0.1470,-0.1972,1.1240,-3.202,0.217,2.098
1602542,2315,2104,1937,0.1471,-0.1946,1.1239,-2.402,0.230,1.889
1602552,2264,2014,1938,0.1484,-0.1908,1.1213,-1.615,0.253,1.580
1602562,2102,2176,1917,0.1476,-0.1861,1.1196,-0.855,0.295,1.229
1602572,2337,1990,1897,0.1470,-0.1831,1.1180,-0.135,0.213,0.919
1602582,2231,2034,1933,0.1474,-0.1818,1.1191,0.418,0.134,0.683
1602592,2295,2021,1925,0.1463,-0.1818,1.1208,0.664,0.068,0.554
1602602,2282,2050,1940,0.1442,-0.1824,1.1208,0.535,0.113,0.546
1602612,2310,2003,1878,0.1418,-0.1829,1.1220,0.067,0.126,0.603
1602622,2257,2068,1912,0.1389,-0.1855,1.1212,-0.802,0.165,0.722
1602632,2235,2018,1880,0.1360,-0.1885,1.1240,-1.548,0.089,0.834
1602642,2149,2101,1923,0.1337,-0.1930,1.1213,-2.121,0.085,0.919
1602652,2334,2035,1925,0.1308,-0.1966,1.1212,-2.531,0.142,0.966
1602662,2218,2111,1909,0.1279,-0.1991,1.1219,-2.763,0.212,0.950
1602672,2294,2000,1890,0.1247,-0.2020,1.1228,-2.816,0.310,0.848
1602682,2259,2020,1893,0.1229,-0.2047,1.1241,-2.791,0.459,0.659
1602692,2114,2037,1911,0.1213,-0.2073,1.1252,-2.708,0.601,0.446
1602702,2177,2101,1931,0.1205,-0.2094,1.1244,-2.621,0.792,0.245
1602712,2241,2092,1956,0.1186,-0.2085,1.1237,-2.518,0.968,0.038
1602722,2168,2095,1934,0.1187,-0.2105,1.1231,-2.399,1.179,-0.262
1602732,2321,2012,1915,0.1198,-0.2116,1.1213,-2.373,1.410,-0.605
1602742,2230,2041,1924,0.1212,-0.2149,1.1221,-2.372,1.559,-0.913
1602752,2317,2028,1924,0.1223,-0.2158,1.1203,-2.470,1.686,-1.135
1602762,2306,2084,1932,0.1228,-0.2155,1.1192,-2.650,1.808,-1.276
1602772,2432,2014,1886,0.1234,-0.2151,1.1186,-2.949,1.862,-1.390
1602782,2353,1993,1900,0.1248,-0.2150,1.1160,-3.267,1.973,-1.471
1602792,2234,2051,1914,0.1256,-0.2160,1.1159,-3.581,1.994,-1.497
1602802,2306,2100,1932,0.1260,-0.2174,1.1176,-3.926,1.971,-1.486
1602812,2386,2031,1899,0.1264,-0.2190,1.1164,-4.302,2.005,-1.424
1602822,2366,2042,1881,0.1273,-0.2214,1.1181,-4.674,2.030,-1.330
1602832,2819,1993,1910,0.1271,-0.2237,1.1186,-4.987,2.074,-1.218
1602842,2357,2065,1907,0.1264,-0.2247,1.1176,-5.136,2.224,-1.104
1602852,2404,2008,1882,0.1257,-0.2260,1.1166,-5.076,2.346,-1.038
1602862,2272,2031,1888,0.1233,-0.2275,1.1146,-4.791,2.500,-1.021
1602872,2460,1999,1884,0.1204,-0.2284,1.1154,-4.351,2.622,-1.063
1602882,2382,2002,1878,0.1184,-0.2287,1.1147,-3.772,2.723,-1.133
1602892,2358,2022,1887,0.1171,-0.2281,1.1151,-3.152,2.739,-1.193
1602902,2462,2042,1921,0.1153,-0.2277,1.1146,-2.579,2.709,-1.232
1602912,2401,2031,1907,0.1148,-0.2271,1.1121,-2.105,2.694,-1.248
1602922,2623,2026,1886,0.1136,-0.2263,1.1122,-1.746,2.599,-1.213
1602932,2452,2010,1888,0.1120,-0.2250,1.1109,-1.521,2.490,-1.117
1602942,2352,2063,1883,0.1100,-0.2247,1.1100,-1.471,2.304,-0.976
1602952,2318,2110,1945,0.1086,-0.2243,1.1082,-1.573,2.050,-0.800
1602962,2357,2035,1882,0.1084,-0.2249,1.1095,-1.783,1.695,-0.607
1602972,2468,2016,1884,0.1086,-0.2253,1.1094,-2.021,1.312,-0.372
1602982,2351,2058,1886,0.1096,-0.2250,1.1080,-2.170,0.959,-0.089
1602992,2527,2021,1881,0.1104,-0.2245,1.1092,-2.222,0.531,0.181
1603002,2368,2005,1907,0.1117,-0.2250,1.1074,-2.123,0.187,0.371
1603012,2540,1981,1894,0.1132,-0.2235,1.1054,-1.834,-0.096,0.480
1603022,2353,2038,1893,0.1142,-0.2224,1.1052,-1.345,-0.362,0.510
1603032,2445,1988,1879,0.1146,-0.2220,1.1054,-0.720,-0.590,0.448
1603042,2405,2054,1893,0.1149,-0.2226,1.1070,-0.083,-0.763,0.346
1603052,2612,2136,1906,0.1151,-0.2208,1.1081,0.412,-0.956,0.295
1603062,2421,2061,1892,0.1156,-0.2175,1.1096,0.799,-1.188,0.300
1603072,2418,2016,1887,0.1166,-0.2162,1.1099,1.040,-1.383,0.265
1603082,2337,2116,1901,0.1166,-0.2159,1.1139,1.051,-1.537,0.186
1603092,2381,2066,1886,0.1178,-0.2160,1.1145,0.845,-1.666,0.110
1603102,2398,2034,1888,0.1190,-0.2129,1.1148,0.460,-1.720,0.085
1603112,2442,2012,1885,0.1204,-0.2109,1.1166,-0.054,-1.748,0.087
1603122,2344,2112,1906,0.1212,-0.2109,1.1161,-0.615,-1.729,0.030
1603132,2406,2016,1905,0.1219,-0.2114,1.1168,-1.175,-1.684,-0.097
1603142,2321,2069,1893,0.1223,-0.2118,1.1183,-1.681,-1.675,-0.278
1603152,2563,2000,1889,0.1243,-0.2126,1.1181,-2.107,-1.616,-0.480
1603162,2446,2040,1895,0.1275,-0.2146,1.1212,-2.421,-1.585,-0.692
1603172,2391,2003,1895,0.1291,-0.2170,1.1233,-2.663,-1.474,-0.876
1603182,2380,2093,1912,0.1303,-0.2187,1.1269,-2.803,-1.302,-1.017
1603192,2484,2019,1886,0.1302,-0.2199,1.1259,-2.872,-1.122,-1.139
1603202,2413,2094,1921,0.1297,-0.2206,1.1255,-2.797,-0.900,-1.251
1603212,2403,2155,1891,0.1292,-0.2209,1.1238,-2.579,-0.708,-1.343
1603222,2421,2059,1888,0.1283,-0.2227,1.1254,-2.275,-0.515,-1.417
1603232,2546,2039,1892,0.1271,-0.2238,1.1242,-1.956,-0.368,-1.402
1603242,2311,2092,1897,0.1246,-0.2242,1.1247,-1.700,-0.205,-1.277
1603252,2522,2023,1885,0.1217,-0.2246,1.1225,-1.568,-0.089,-1.045
1603262,2382,2012,1888,0.1182,-0.2255,1.1200,-1.529,0.024,-0.744
1603272,2478,2009,1891,0.1150,-0.2244,1.1176,-1.521,0.050,-0.450
1603282,2286,2099,1896,0.1129,-0.2235,1.1167,-1.470,-0.054,-0.192
1603292,2468,2026,1887,0.1105,-0.2229,1.1173,-1.414,-0.215,-0.007
1603302,2419,2105,1914,0.1095,-0.2224,1.1162,-1.421,-0.353,0.110
1603312,2457,2003,1891,0.1087,-0.2204,1.1166,-1.493,-0.476,0.155
1603322,2363,2050,1887,0.1071,-0.2203,1.1157,-1.632,-0.596,0.141
1603332,2448,2015,1892,0.1053,-0.2228,1.1164,-1.808,-0.705,0.101
1603342,2411,2073,1896,0.1042,-0.2248,1.1167,-2.009,-0.864,0.088
1603352,2429,2000,1887,0.1032,-0.2266,1.1173,-2.287,-1.022,0.103
1603362,2554,2007,1892,0.1038,-0.2278,1.1183,-2.585,-1.179,0.132
1603372,2444,2011,1893,0.1053,-0.2293,1.1196,-2.829,-1.351,0.176
1603382,2508,2099,1905,0.1073,-0.2318,1.1194,-3.026,-1.427,0.231
1603392,2497,2008,1892,0.1110,-0.2319,1.1217,-3.042,-1.452,0.336
1603402,2384,2024,1891,0.1142,-0.2317,1.1250,-2.942,-1.477,0.420
1603412,2497,2032,1913,0.1162,-0.2310,1.1245,-2.787,-1.290,0.417
1603422,2420,2105,1886,0.1190,-0.2331,1.1262,-2.615,-1.051,0.321
1603432,2397,2043,1890,0.1211,-0.2348,1.1239,-2.458,-0.780,0.181
1603442,2327,2113,1904,0.1218,-0.2364,1.1243,-2.249,-0.477,0.068
1603452,2568,1995,1894,0.1241,-0.2377,1.1234,-2.006,-0.167,0.010
1603462,2421,2052,1896,0.1254,-0.2392,1.1231,-1.783,0.180,0.023
1603472,2434,1992,1888,0.1251,-0.2391,1.1219,-1.647,0.521,0.107
1603482,2411,2001,1891,0.1247,-0.2370,1.1196,-1.466,0.853,0.222
1603492,2539,2006,1889,0.1250,-0.2348,1.1205,-1.285,1.163,0.267
1603502,2419,2093,1891,0.1247,-0.2340,1.1189,-1.155,1.435,0.225
1603512,2460,2001,1899,0.1243,-0.2350,1.1181,-1.088,1.669,0.168
1603522,2410,2062,1890,0.1233,-0.2362,1.1153,-1.128,1.823,0.157
1603532,2481,2030,1894,0.1223,-0.2358,1.1148,-1.262,1.904,0.219
1603542,2525,2069,1902,0.1222,-0.2343,1.1142,-1.354,1.904,0.366
1603552,2442,1985,1905,0.1226,-0.2339,1.1128,-1.335,1.875,0.528
1603562,2495,1986,1890,0.1225,-0.2330,1.1107,-1.225,1.870,0.663
1603572,2424,2018,1902,0.1232,-0.2330,1.1121,-1.100,1.843,0.769
1603582,2517,2015,1898,0.1233,-0.2334,1.1106,-1.048,1.884,0.850
1603592,2469,1995,1897,0.1237,-0.2328,1.1106,-1.094,1.973,0.926
1603602,2480,1997,1889,0.1218,-0.2313,1.1095,-1.180,1.959,0.947
1603612,2414,2012,1898,0.1200,-0.2326,1.1086,-1.190,1.945,0.895
1603622,2444,2033,1919,0.1194,-0.2353,1.1107,-1.116,1.840,0.791
1603632,2457,2110,1892,0.1177,-0.2373,1.1105,-0.991,1.757,0.712
1603642,2387,2053,1901,0.1166,-0.2372,1.1104,-0.855,1.600,0.701
1603652,2446,1995,1898,0.1160,-0.2377,1.1096,-0.703,1.427,0.779
1603662,2380,2127,1898,0.1161,-0.2379,1.1090,-0.516,1.325,0.922
1603672,2368,2011,1905,0.1169,-0.2369,1.1104,-0.354,1.199,1.098
1603682,2362,2020,1896,0.1160,-0.2338,1.1092,-0.206,1.166,1.247
1603692,2432,1989,1898,0.1153,-0.2305,1.1105,-0.061,1.127,1.310
1603702,2386,2044,1940,0.1163,-0.2293,1.1102,0.094,1.076,1.250
1603712,2495,2004,1890,0.1152,-0.2300,1.1088,0.250,1.046,1.131
1603722,2344,2050,1897,0.1143,-0.2303,1.1079,0.443,1.030,1.036
1603732,2420,2003,1894,0.1138,-0.2292,1.1068,0.615,0.998,0.998
1603742,2316,2068,1896,0.1123,-0.2272,1.1056,0.739,0.981,1.003
1603752,2359,2079,1901,0.1108,-0.2248,1.1071,0.740,0.904,1.030
1603762,2284,2050,1905,0.1103,-0.2240,1.1091,0.556,0.823,1.033
1603772,2512,1995,1903,0.1102,-0.2228,1.1098,0.188,0.775,0.984
1603782,2367,2057,1906,0.1101,-0.2237,1.1093,-0.342,0.790,0.912
1603792,2395,1992,1904,0.1097,-0