4658937,1833,1772,1753,0.1108,-0.0657,1.1348,-0.459,-0.741,-0.662
4658947,1815,1768,1736,0.1089,-0.0648,1.1317,-0.381,-0.401,-0.666
4658957,1889,1759,1750,0.1077,-0.0642,1.1318,-0.297,-0.197,-0.699
4658967,1821,1760,1738,0.1079,-0.0668,1.1337,-0.345,-0.152,-0.808
4658977,1793,1773,1733,0.1080,-0.0684,1.1332,-0.411,-0.045,-0.916
4658987,1832,1785,1978,0.1076,-0.0691,1.1338,-0.452,0.041,-0.971
4658997,1862,1761,1760,0.1086,-0.0706,1.1365,-0.543,-0.005,-1.047
4659007,1797,1763,1999,0.1096,-0.0735,1.1362,-0.372,0.035,-1.143
4659017,1878,1771,1942,0.1079,-0.0743,1.1366,-0.100,0.108,-1.177
4659027,1824,1763,1758,0.1086,-0.0716,1.1369,0.202,0.151,-1.086
4659037,1871,1758,1980,0.1090,-0.0687,1.1362,0.550,0.213,-0.957
4659047,1839,1765,1984,0.1092,-0.0655,1.1345,0.850,0.244,-0.870
4659057,1855,1761,1728,0.1097,-0.0632,1.1357,0.969,0.185,-0.789
4659067,1838,1760,2063,0.1100,-0.0611,1.1339,0.935,0.129,-0.737
4659077,1865,1761,1733,0.1109,-0.0604,1.1337,0.793,0.071,-0.664
4659087,1821,1789,2412,0.1120,-0.0589,1.1349,0.461,-0.113,-0.593
4659097,1855,1770,1809,0.1134,-0.0612,1.1345,0.064,-0.299,-0.554
4659107,1844,1776,1830,0.1142,-0.0631,1.1332,-0.241,-0.440,-0.533
4659117,1828,1781,2258,0.1155,-0.0641,1.1371,-0.577,-0.675,-0.500
4659127,1870,1782,1835,0.1163,-0.0660,1.1372,-0.798,-0.769,-0.474
4659137,1826,1754,1907,0.1138,-0.0653,1.1364,-0.835,-0.715,-0.367
4659147,1820,1769,2104,0.1128,-0.0643,1.1366,-0.803,-0.674,-0.281
4659157,1843,1785,1774,0.1124,-0.0631,1.1344,-0.515,-0.540,-0.238
4659167,1829,1775,1751,0.1122,-0.0622,1.1336,-0.198,-0.473,-0.213
4659177,1807,1784,1737,0.1099,-0.0622,1.1337,-0.049,-0.547,-0.229
4659187,1839,1762,1744,0.1089,-0.0602,1.1317,0.097,-0.540,-0.203
4659197,1824,1770,1838,0.1088,-0.0613,1.1323,0.218,-0.582,-0.176
4659207,1861,1800,1820,0.1097,-0.0631,1.1341,0.109,-0.758,-0.237
4659217,1835,1762,1847,0.1101,-0.0646,1.1359,0.145,-0.849,-0.228
4659227,1855,1752,1788,0.1114,-0.0679,1.1391,0.006,-0.960,-0.212
4659237,1804,1759,1753,0.1127,-0.0704,1.1406,-0.098,-1.025,-0.136
4659247,1822,1762,1948,0.1138,-0.0729,1.1405,-0.288,-1.012,0.048
4659257,1794,1770,1760,0.1134,-0.0741,1.1426,-0.601,-1.017,0.303
4659267,1831,1768,1953,0.1131,-0.0756,1.1409,-0.811,-0.929,0.573
4659277,1812,1748,1839,0.1142,-0.0779,1.1369,-0.836,-0.762,0.897
4659287,1789,1755,1917,0.1142,-0.0816,1.1350,-0.799,-0.672,1.114
4659297,1807,1746,1761,0.1138,-0.0837,1.1315,-0.569,-0.607,1.195
4659307,1814,1799,1876,0.1134,-0.0858,1.1279,-0.069,-0.476,1.221
4659317,1795,1739,1801,0.1177,-0.0866,1.1241,0.763,-0.356,1.351
4659327,1793,1787,1853,0.1245,-0.0867,1.1290,1.815,-0.309,1.618
4659337,1807,1787,1864,0.1265,-0.0906,1.1297,2.558,-0.207,1.520
4659347,1819,1755,1939,0.1279,-0.0906,1.1357,3.404,0.125,1.364
4659357,1804,1770,1752,0.1342,-0.0910,1.1433,3.927,0.466,1.651
4659367,1838,1782,1746,0.1346,-0.0971,1.1433,4.243,1.176,1.814
4659377,1800,1749,1750,0.1329,-0.0953,1.1463,4.143,1.978,2.051
4659387,1844,1776,1814,0.1365,-0.0931,1.1433,3.996,2.607,2.462
4659397,1806,1797,2030,0.1350,-0.0989,1.1318,4.358,3.534,2.571
4659407,1835,1749,1807,0.1336,-0.1031,1.1284,4.875,4.237,2.400
4659417,1801,1799,1778,0.1369,-0.1106,1.1347,5.775,4.523,2.102
4659427,1850,1740,1924,0.1298,-0.1246,1.1161,7.543,5.284,1.267
4659437,1820,1756,1886,0.1235,-0.1308,1.1071,10.231,6.069,0.844
4659447,1807,1746,1785,0.1197,-0.1327,1.1093,13.017,6.160,1.313
4659457,1803,1738,1742,0.1121,-0.1282,1.1169,18.279,6.489,2.321
4659467,1833,1764,1764,0.1057,-0.1190,1.1261,23.240,6.558,3.293
4659477,1797,1746,1758,0.1032,-0.1059,1.1324,28.341,6.941,4.517
4659487,1851,1762,1830,0.1047,-0.0907,1.1366,32.836,7.445,5.780
4659497,1875,1753,1780,0.1021,-0.0798,1.1425,36.819,7.998,6.459
4659507,1842,1765,1774,0.0972,-0.0652,1.1468,39.840,8.550,6.803
4659517,1796,1746,1783,0.0917,-0.0458,1.1519,41.786,9.082,7.464
4659527,1805,1768,2044,0.0899,-0.0242,1.1498,42.597,9.671,8.409
4659537,1844,1733,1749,0.0884,0.0013,1.1449,42.671,10.320,9.359
4659547,1838,1745,1782,0.0895,0.0226,1.1467,41.582,10.652,10.167
4659557,1802,1742,1784,0.0883,0.0400,1.1495,39.856,10.765,10.122
4659567,1843,1767,1757,0.0871,0.0554,1.1499,37.804,10.990,9.922
4659577,1816,1731,2118,0.0867,0.0660,1.1439,35.441,11.235,9.640
4659587,1828,1771,1777,0.0841,0.0746,1.1329,33.143,11.361,9.096
4659597,1793,1732,1762,0.0756,0.0848,1.1228,31.185,11.279,8.497
4659607,1837,1759,1770,0.0670,0.0937,1.1146,29.695,10.938,7.927
4659617,1801,1740,1761,0.0641,0.1006,1.1126,28.685,10.180,7.174
4659627,1836,1760,1745,0.0580,0.1059,1.1084,28.401,9.445,6.249
4659637,1791,1737,1739,0.0563,0.1118,1.1014,28.866,8.795,5.389
4659647,1818,1749,2169,0.0539,0.1208,1.1043,29.651,7.925,4.725
4659657,1809,1731,1771,0.0488,0.1297,1.1000,30.832,7.026,3.786
4659667,1840,1776,1734,0.0433,0.1393,1.1032,32.458,6.226,3.041
4659677,1797,1736,1748,0.0431,0.1505,1.1061,33.749,5.090,2.558
4659687,1829,1763,1778,0.0399,0.1604,1.1144,34.209,3.843,2.073
4659697,1789,1734,1760,0.0345,0.1707,1.1181,34.128,2.388,0.972
4659707,1847,1799,1827,0.0372,0.1764,1.1385,33.123,0.845,0.397
4659717,1805,1740,2002,0.0360,0.1764,1.1447,31.137,-0.633,-0.525
4659727,1805,1751,1734,0.0409,0.1818,1.1528,29.155,-1.585,-0.567
4659737,1796,1742,1766,0.0492,0.1883,1.1593,26.170,-2.457,0.351
4659747,1830,1763,1751,0.0526,0.1940,1.1550,23.084,-3.000,0.800
4659757,1793,1761,2253,0.0572,0.1944,1.1566,19.367,-3.791,0.772
4659767,1842,1761,1734,0.0556,0.1906,1.1520,15.603,-4.523,0.228
4659777,1799,1748,1749,0.0559,0.1896,1.1462,12.147,-5.116,-0.062
4659787,1810,1739,1740,0.0501,0.1835,1.1544,8.894,-5.879,-0.263
4659797,1808,1745,1732,0.0404,0.1694,1.1419,6.014,-6.666,-1.420
4659807,1819,1771,1745,0.0447,0.1683,1.1363,3.309,-7.419,-1.170
4659817,1814,1742,1744,0.0578,0.1697,1.1548,-0.051,-8.487,0.701
4659827,1823,1747,1738,0.0584,0.1557,1.1462,-2.822,-9.153,0.429
4659837,1791,1743,2127,0.0641,0.1483,1.1447,-4.762,-9.796,-0.397
4659847,1808,1752,1735,0.0751,0.1472,1.1652,-6.838,-10.473,0.470
4659857,1795,1744,1762,0.0778,0.1331,1.1565,-8.222,-10.390,0.369
4659867,1826,1761,1844,0.0758,0.1241,1.1465,-8.979,-10.081,-0.207
4659877,1787,1737,1756,0.0838,0.1290,1.1588,-10.362,-10.173,0.992
4659887,1813,1768,1734,0.0818,0.1285,1.1503,-11.501,-9.848,1.714
4659897,1808,1734,1778,0.0785,0.1200,1.1437,-12.022,-9.540,1.207
4659907,1803,1766,1741,0.0794,0.1119,1.1382,-12.359,-9.523,0.763
4659917,1803,1757,1744,0.0855,0.1092,1.1380,-12.390,-9.539,1.259
4659927,1826,1780,1852,0.0867,0.1032,1.1432,-12.600,-9.618,1.749
4659937,1799,1741,1732,0.0885,0.0961,1.1375,-12.614,-9.572,1.747
4659947,1816,1747,1956,0.0881,0.0983,1.1315,-12.307,-9.168,2.355
4659957,1817,1744,1738,0.0980,0.1097,1.1325,-12.336,-8.905,3.881
4659967,1835,1746,1746,0.1027,0.1120,1.1355,-12.401,-8.704,4.518
4659977,1796,1748,1737,0.1008,0.1054,1.1385,-12.493,-8.651,3.500
4659987,1810,1739,1733,0.1025,0.1014,1.1434,-12.568,-8.632,2.543
4659997,1809,1739,1738,0.1069,0.0985,1.1389,-12.902,-8.282,2.330
4660007,1830,1758,1746,0.1084,0.0941,1.1472,-13.397,-7.787,2.272
4660017,1811,1746,1744,0.1113,0.0848,1.1467,-14.145,-7.366,1.889
4660027,1839,1762,1742,0.1163,0.0789,1.1466,-14.546,-6.755,1.639
4660037,1797,1749,1742,0.1209,0.0723,1.1537,-15.440,-6.323,1.588
4660047,1812,1804,1738,0.1195,0.0648,1.1572,-16.226,-5.577,1.520
4660057,1798,1738,1745,0.1157,0.0578,1.1542,-17.019,-4.638,1.407
4660067,1839,1779,1738,0.1170,0.0538,1.1561,-17.756,-3.896,1.454
4660077,1795,1743,1744,0.1173,0.0477,1.1615,-18.566,-3.310,1.634
4660087,1798,1756,1742,0.1169,0.0387,1.1667,-19.307,-2.683,1.742
4660097,1799,1743,1748,0.1172,0.0307,1.1728,-20.120,-2.071,1.890
4660107,1826,1795,1785,0.1178,0.0329,1.1797,-21.205,-1.310,2.663
4660117,1805,1742,1745,0.1184,0.0387,1.1876,-22.983,-0.343,3.858
4660127,1799,1771,1737,0.1155,0.0408,1.1885,-25.219,0.825,4.684
4660137,1791,1745,1754,0.1120,0.0469,1.1864,-27.763,1.989,5.232
4660147,1848,1831,1749,0.1114,0.0504,1.1889,-30.141,2.813,5.636
4660157,1803,1753,1736,0.1098,0.0434,1.1907,-32.208,3.584,5.252
4660167,1993,1740,1737,0.1117,0.0283,1.1898,-33.343,4.487,4.182
4660177,1799,1737,1743,0.1156,0.0130,1.1873,-33.690,5.444,3.296
4660187,1812,1798,1739,0.1201,0.0055,1.1867,-33.321,6.560,3.325
4660197,1918,1758,1736,0.1214,-0.0042,1.1870,-32.847,7.650,3.859
4660207,2052,1741,1740,0.1219,-0.0179,1.1846,-32.513,8.770,4.404
4660217,1993,1739,1749,0.1213,-0.0337,1.1839,-32.121,9.891,4.908
4660227,1821,1766,1739,0.1161,-0.0472,1.1859,-31.829,10.922,5.616
4660237,1828,1822,1736,0.1129,-0.0521,1.1843,-31.544,12.053,6.995
4660247,2127,1813,1749,0.1125,-0.0543,1.1839,-31.089,13.185,8.741
4660257,1965,1742,1728,0.1138,-0.0614,1.1868,-30.649,14.153,10.255
4660267,2049,1792,1757,0.1156,-0.0692,1.1898,-29.900,15.163,11.605
4660277,1795,1740,1747,0.1189,-0.0783,1.1973,-29.161,16.154,12.965
4660287,1884,1787,1742,0.1185,-0.0894,1.2039,-28.681,17.122,14.387
4660297,2075,1771,1753,0.1183,-0.0968,1.2156,-28.626,18.124,16.310
4660307,1948,1806,1748,0.1172,-0.0991,1.2297,-29.557,19.242,19.096
4660317,1848,1738,1740,0.1131,-0.1001,1.2364,-31.513,20.925,22.265
4660327,1829,1746,1736,0.1081,-0.1024,1.2426,-34.512,22.889,25.343
4660337,1814,1805,1741,0.1018,-0.1081,1.2508,-38.333,24.858,27.917
4660347,1792,1748,1737,0.0919,-0.1194,1.2570,-42.236,26.918,29.600
4660357,1808,1760,1747,0.0816,-0.1338,1.2614,-45.911,28.974,30.648
4660367,1872,1820,1739,0.0727,-0.1495,1.2692,-48.861,31.073,31.540
4660377,1793,1775,1740,0.0627,-0.1667,1.2739,-50.755,33.450,32.581
4660387,1896,1760,1741,0.0540,-0.1820,1.2777,-51.444,36.176,34.069
4660397,1792,1763,1740,0.0484,-0.1967,1.2829,-51.225,39.020,35.967
4660407,1833,1780,1740,0.0414,-0.2118,1.2846,-50.314,41.933,37.721
4660417,1796,1747,1741,0.0342,-0.2238,1.2899,-48.943,44.912,39.542
4660427,1836,1790,1743,0.0289,-0.2329,1.2918,-47.456,48.043,41.830
4660437,1866,1844,1741,0.0228,-0.2384,1.2881,-46.025,51.446,44.363
4660447,1807,1746,1742,0.0122,-0.2440,1.2951,-44.934,54.409,46.719
4660457,2025,1811,1748,0.0009,-0.2498,1.2963,-44.266,57.300,49.001
4660467,1840,1780,1742,-0.0069,-0.2544,1.2944,-44.166,60.167,51.657
4660477,1836,1811,1741,-0.0151,-0.2559,1.2939,-45.068,62.872,54.912
4660487,1799,1752,1736,-0.0242,-0.2585,1.2901,-46.947,65.522,58.522
4660497,1798,1747,1747,-0.0337,-0.2626,1.2867,-49.870,67.905,62.246
4660507,1914,1893,1745,-0.0438,-0.2691,1.2800,-53.599,70.082,66.015
4660517,1833,1824,1738,-0.0665,-0.2540,1.2632,-57.747,72.280,69.861
4660527,1825,1826,1744,-0.0759,-0.2470,1.2477,-61.753,74.618,73.643
4660537,1852,1809,1741,-0.0802,-0.2649,1.2358,-66.014,76.153,75.633
4660547,1853,1792,1741,-0.0908,-0.2943,1.2241,-70.068,76.983,76.283
4660557,1842,1773,1743,-0.1003,-0.3151,1.2145,-74.097,77.828,78.410
4660567,1900,1872,1752,-0.1071,-0.3311,1.2042,-77.980,79.187,82.616
4660577,1936,1742,1743,-0.1159,-0.3433,1.1829,-81.228,80.880,87.522
4660587,1831,1768,1745,-0.1268,-0.3551,1.1630,-84.056,82.454,92.616
4660597,1829,1744,1742,-0.1373,-0.3728,1.1436,-86.428,83.631,97.369
4660607,1877,1757,1748,-0.1492,-0.3975,1.1214,-88.083,84.455,101.646
4660617,1791,1751,1741,-0.1644,-0.4176,1.0976,-89.158,84.987,106.324
4660627,1854,1801,1741,-0.1778,-0.4287,1.0726,-89.686,85.447,112.003
4660637,1816,1835,1741,-0.1926,-0.4384,1.0440,-89.297,85.813,117.855
4660647,1877,1760,1741,-0.2132,-0.4425,1.0135,-88.086,85.857,123.458
4660657,1793,1783,1742,-0.2327,-0.4373,0.9858,-85.914,85.625,128.947
4660667,1838,1827,1743,-0.2525,-0.4243,0.9625,-82.798,85.235,134.162
4660677,1825,1746,1744,-0.2733,-0.4046,0.9444,-78.984,84.607,138.355
4660687,2211,1805,1750,-0.2935,-0.3833,0.9245,-74.719,84.026,141.542
4660697,1956,1819,1752,-0.3136,-0.3553,0.9047,-70.243,83.544,144.189
4660707,1797,1867,1776,-0.3330,-0.3296,0.8787,-65.957,82.976,146.533
4660717,1903,1893,1745,-0.3581,-0.3043,0.8503,-62.078,82.058,148.472
4660727,1827,1809,1758,-0.3816,-0.2752,0.8276,-59.050,80.482,150.339
4660737,1936,1736,1744,-0.4097,-0.2448,0.8100,-56.891,78.380,152.173
4660747,2371,1895,1754,-0.4406,-0.2086,0.7969,-55.605,75.683,153.931
4660757,1905,1742,1754,-0.4682,-0.1624,0.7808,-55.210,72.727,155.835
4660767,1838,1784,1791,-0.5011,-0.1094,0.7437,-55.749,70.339,157.764
4660777,2211,1878,1765,-0.5368,-0.0465,0.6950,-57.003,67.883,159.266
4660787,1969,1796,1777,-0.5693,0.0163,0.6510,-60.289,64.030,159.826
4660797,1812,1840,1797,-0.5923,0.0538,0.6270,-65.963,58.098,157.626
4660807,1804,1753,1744,-0.6358,0.0706,0.6344,-74.597,49.881,151.677
4660817,1817,1748,1744,-0.6574,0.0521,0.6362,-85.421,41.224,144.186
4660827,2096,1891,1761,-0.6545,-0.0132,0.6221,-98.252,33.076,137.478
4660837,1859,1761,1745,-0.6658,-0.0812,0.6185,-113.590,24.032,132.277
4660847,1830,1895,1785,-0.6644,-0.0873,0.6284,-131.542,13.335,135.064
4660857,2576,1829,1749,-0.6554,-0.0873,0.6274,-143.628,4.300,137.221
4660867,1818,1750,1763,-0.6511,-0.1033,0.6291,-148.590,-3.987,135.341
4660877,1823,1893,1979,-0.6587,-0.1131,0.6527,-146.102,-11.734,129.868
4660887,2709,1834,1767,-0.6550,-0.0912,0.6854,-137.510,-17.168,124.960
4660897,2287,1857,1768,-0.6429,-0.0589,0.7113,-123.655,-19.606,120.565
4660907,2719,1781,1761,-0.6431,-0.0302,0.7472,-106.579,-20.931,113.548
4660917,2063,1758,1759,-0.6314,-0.0090,0.7709,-88.415,-21.676,104.537
4660927,1787,1794,1810,-0.6103,-0.0201,0.7805,-69.819,-20.893,94.914
4660937,2349,1745,1758,-0.6078,-0.0502,0.7832,-53.120,-19.990,83.702
4660947,2514,1819,1788,-0.6186,-0.0809,0.7796,-39.521,-19.408,73.114
4660957,2788,1792,1786,-0.6307,-0.0827,0.7747,-28.317,-18.351,66.292
4660967,1789,1776,1803,-0.6279,-0.0789,0.7409,-19.604,-16.494,62.863
4660977,1863,1744,1755,-0.6298,-0.0881,0.7214,-13.542,-16.030,58.788
4660987,2151,1746,1746,-0.6326,-0.1091,0.7416,-10.870,-18.124,53.166
4660997,1857,1770,1746,-0.6354,-0.1433,0.7531,-10.440,-20.181,48.354
4661007,1841,1886,1751,-0.6361,-0.1754,0.7643,-11.202,-21.172,45.736
4661017,1830,1779,1755,-0.6224,-0.2047,0.7820,-13.741,-22.108,45.365
4661027,1786,2183,1774,-0.6277,-0.2335,0.7847,-16.396,-22.664,45.163
4661037,3509,1935,1949,-0.6322,-0.2456,0.7785,-17.515,-22.684,45.338
4661047,2178,1791,2362,-0.6259,-0.2444,0.7763,-16.170,-22.308,46.910
4661057,2349,1756,1819,-0.6303,-0.2230,0.7785,-12.697,-21.527,48.629
4661067,1802,1756,2983,-0.6260,-0.1870,0.7977,-7.957,-20.859,49.826
4661077,1816,1897,1905,-0.6170,-0.1462,0.8286,-2.997,-20.004,50.458
4661087,1973,1816,2524,-0.6161,-0.1017,0.8564,1.957,-18.498,49.641
4661097,2090,1782,2623,-0.5977,-0.0640,0.8630,6.364,-16.196,48.030
4661107,1835,2404,1955,-0.5708,-0.0700,0.8326,10.605,-13.153,44.770
4661117,2137,1762,1869,-0.5926,-0.0982,0.7568,15.281,-11.304,37.444
4661127,1907,1775,2952,-0.6640,-0.0905,0.6985,22.665,-11.087,30.338
4661137,1970,1835,1979,-0.6685,0.0299,0.8344,31.690,-13.599,29.921
4661147,2119,1818,1744,-0.5816,0.1702,0.9654,38.356,-14.707,34.413
4661157,2372,1821,1802,-0.5456,0.2655,0.9807,48.228,-9.455,31.394
4661167,1823,1801,1777,-0.5030,0.3167,0.9579,55.513,-2.956,22.891
4661177,1826,1870,1766,-0.4706,0.3073,0.9159,54.241,0.219,11.651
4661187,2030,2015,2488,-0.5097,0.2509,0.8477,48.165,-0.191,-4.772
4661197,1941,1769,1953,-0.5561,0.1791,0.7995,41.329,-3.187,-20.913
4661207,2674,1887,1745,-0.5828,0.1329,0.7795,35.960,-6.455,-31.480
4661217,1988,1744,1812,-0.6043,0.1306,0.7723,34.453,-8.482,-37.418
4661227,1978,1923,3056,-0.6130,0.1680,0.7747,36.882,-9.114,-40.881
4661237,1874,1807,1971,-0.6046,0.2335,0.8032,40.650,-9.507,-43.835
4661247,1970,1899,1871,-0.6041,0.3063,0.8197,43.637,-9.486,-49.036
4661257,2148,2552,1846,-0.6032,0.3740,0.8474,46.753,-9.549,-57.647
4661267,1970,1944,1807,-0.5738,0.3843,0.8449,47.914,-9.915,-67.985
4661277,1930,2685,1812,-0.5636,0.2951,0.8108,47.943,-10.756,-83.472
4661287,3012,1874,1833,-0.5787,0.1510,0.8317,45.286,-15.183,-102.838
4661297,2680,1856,2096,-0.6198,0.0428,0.9124,40.314,-19.996,-118.676
4661307,2131,2417,1742,-0.6403,-0.0109,0.9477,36.423,-20.395,-124.280
4661317,1777,1745,2074,-0.6647,-0.0370,0.9499,36.841,-16.332,-123.974
4661327,2540,1897,1780,-0.6571,-0.0804,0.9305,36.877,-12.793,-123.237
4661337,3158,2934,1766,-0.6820,-0.1491,0.9273,37.015,-11.439,-125.392
4661347,2924,1791,1906,-0.6988,-0.2308,0.9035,36.060,-10.680,-126.538
4661357,2016,2021,1861,-0.7080,-0.2996,0.8797,34.620,-9.873,-124.363
4661367,1621,1794,1842,-0.6927,-0.3557,0.9091,31.136,-10.437,-119.567
4661377,1608,1971,1764,-0.6916,-0.4180,0.9332,26.061,-11.540,-115.854
4661387,1679,1741,2543,-0.7058,-0.4758,0.9743,22.680,-11.190,-112.460
4661397,1678,1934,1770,-0.7009,-0.4812,1.0482,19.942,-9.697,-105.353
4661407,1724,1910,1975,-0.7200,-0.4681,1.0798,18.403,-5.551,-95.840
4661417,1646,1746,1836,-0.7205,-0.4571,1.0948,19.529,0.946,-85.297
4661427,1599,1773,1771,-0.6908,-0.4335,1.0957,17.700,6.562,-73.802
4661437,1634,1818,1757,-0.6859,-0.4465,1.0613,14.402,12.107,-65.558
4661447,2025,1868,1744,-0.6707,-0.4630,1.0488,10.875,16.226,-58.995
4661457,1660,1788,1905,-0.6637,-0.4852,1.0270,7.505,19.679,-52.135
4661467,1958,1928,1852,-0.6722,-0.5088,0.9554,5.982,24.034,-45.177
4661477,2440,1782,1746,-0.6813,-0.5284,0.8743,5.877,27.512,-37.369
4661487,1706,1779,1741,-0.7037,-0.5638,0.7645,6.827,28.927,-29.761
4661497,1694,1762,1755,-0.7198,-0.6178,0.6996,9.620,27.764,-22.827
4661507,1874,1757,1800,-0.7033,-0.6391,0.7203,10.090,22.581,-13.512
4661517,1931,1789,1836,-0.6956,-0.6331,0.7420,9.525,17.301,-2.688
4661527,2019,1748,1746,-0.6856,-0.5816,0.7402,10.402,15.236,10.396
4661537,2505,1824,1888,-0.6489,-0.5126,0.7863,10.814,14.009,25.051
4661547,1665,1773,1887,-0.6248,-0.4889,0.8363,8.115,11.959,35.172
4661557,1989,1779,1796,-0.6353,-0.4981,0.8505,3.062,10.368,39.685
4661567,1625,1751,1742,-0.6291,-0.4803,0.8611,-2.644,10.125,46.279
4661577,1685,1763,1791,-0.6106,-0.4541,0.8643,-7.101,11.333,55.352
4661587,1952,1812,1743,-0.6138,-0.4329,0.8235,-9.509,13.371,62.197
4661597,1763,1760,1740,-0.6236,-0.4109,0.7854,-8.698,15.415,67.782
4661607,1660,1813,1804,-0.6238,-0.3747,0.7942,-6.538,16.361,74.114
4661617,2050,1807,1744,-0.6373,-0.3476,0.7909,-4.417,17.166,79.212
4661627,1892,1769,1739,-0.6589,-0.3129,0.7723,-2.173,18.481,83.274
4661637,1682,1751,1746,-0.6579,-0.2542,0.7787,-0.774,19.115,88.865
4661647,1629,1765,1874,-0.6556,-0.1900,0.7818,-0.078,19.352,94.268
4661657,1635,1754,1778,-0.6550,-0.1347,0.7739,0.598,19.699,97.467
4661667,1847,1774,1766,-0.6511,-0.0755,0.7715,-0.118,19.539,99.410
4661677,1871,1747,1743,-0.6502,-0.0145,0.7785,-1.915,18.592,100.145
4661687,2012,1759,1758,-0.6487,0.0376,0.7696,-4.339,17.695,99.787
4661697,1650,1781,1770,-0.6519,0.0784,0.7576,-6.925,16.564,97.935
4661707,1707,1747,1782,-0.6592,0.1096,0.7593,-10.335,14.229,94.592
4661717,1597,1797,1751,-0.6725,0.1316,0.7569,-14.073,11.347,90.019
4661727,1604,1775,1743,-0.6769,0.1472,0.7597,-17.684,8.426,85.427
4661737,1643,1805,1791,-0.6700,0.1490,0.7675,-21.343,5.203,80.628
4661747,2290,1763,1779,-0.6789,0.1436,0.7797,-24.462,2.047,74.445
4661757,1598,1761,1744,-0.6805,0.1377,0.7996,-26.605,-0.828,68.348
4661767,1621,1772,2494,-0.6797,0.1283,0.8044,-27.351,-2.659,63.417
4661777,1906,1766,1739,-0.6887,0.1229,0.7964,-26.840,-3.678,58.930
4661787,1866,1751,1765,-0.6876,0.1186,0.8013,-26.439,-5.079,55.036
4661797,2165,1755,1770,-0.6861,0.0996,0.8090,-26.194,-6.934,50.526
4661807,1738,1771,2352,-0.6874,0.0778,0.8155,-25.673,-8.869,45.190
4661817,1762,1763,1824,-0.6748,0.0669,0.8267,-24.710,-10.301,41.340
4661827,1678,1759,1762,-0.6664,0.0686,0.8343,-22.827,-10.680,38.786
4661837,1801,1766,1875,-0.6632,0.0814,0.8458,-20.183,-10.484,36.097
4661847,1841,1843,1751,-0.6613,0.0975,0.8591,-17.421,-10.249,32.881
4661857,1631,1872,1993,-0.6603,0.1002,0.8450,-13.983,-9.565,28.410
4661867,1636,1800,1862,-0.6445,0.0948,0.8344,-10.396,-8.987,23.642
4661877,1626,1809,2094,-0.6215,0.0742,0.8292,-7.385,-9.064,18.798
4661887,1618,1786,1995,-0.6259,0.0430,0.7943,-3.961,-8.810,12.932
4661897,1639,1890,1783,-0.6370,0.0086,0.7297,0.174,-8.209,7.958
4661907,1666,1766,1862,-0.6593,-0.0273,0.6675,4.716,-8.605,4.499
4661917,1791,1825,2174,-0.6930,-0.0499,0.6499,9.407,-11.352,0.921
4661927,1718,1833,1837,-0.7084,-0.0385,0.7097,13.460,-15.324,-1.382
4661937,1800,1820,1746,-0.7056,0.0195,0.7990,16.317,-17.848,-1.161
4661947,1687,1761,1752,-0.7327,0.1741,0.9235,18.731,-16.102,1.308
4661957,1746,1982,2080,-0.6172,0.2695,0.8893,16.981,-10.628,8.541
4661967,1673,2042,1862,-0.6513,0.3141,0.8484,15.282,-4.612,7.942
4661977,2037,1751,1795,-0.6167,0.3088,0.8514,9.031,-6.528,-1.449
4661987,1630,1854,1837,-0.5337,0.1723,0.8643,-5.286,-12.682,-12.595
4661997,1721,1824,1804,-0.5610,-0.0466,0.8401,-16.251,-19.606,-30.500
4662007,1655,1777,1850,-0.6296,-0.1698,0.8452,-23.700,-23.358,-39.886
4662017,1927,1792,1782,-0.6170,-0.1545,0.8681,-26.550,-22.299,-30.961
4662027,1753,1760,1752,-0.5909,-0.1310,0.8673,-26.202,-18.269,-19.827
4662037,1703,1753,1884,-0.5958,-0.1360,0.8861,-22.951,-16.603,-18.808
4662047,1720,1774,1761,-0.6228,-0.1221,0.9251,-18.464,-16.167,-21.216
4662057,1611,1762,1744,-0.6381,-0.0723,0.9291,-13.433,-12.817,-19.042
4662067,1663,1787,1743,-0.6376,-0.0140,0.9226,-8.926,-8.044,-14.904
4662077,1642,1917,1745,-0.6221,0.0225,0.9242,-5.547,-5.358,-13.800
4662087,1673,1752,1746,-0.6258,0.0127,0.8955,-2.060,-4.002,-17.586
4662097,1646,1754,1759,-0.6606,-0.0269,0.8535,2.740,-2.922,-24.532
4662107,1662,1802,1744,-0.6927,-0.0486,0.8563,7.152,-3.284,-29.749
4662117,1625,1760,1821,-0.7083,-0.0401,0.8661,11.423,-3.355,-30.818
4662127,1764,1759,1744,-0.7045,-0.0097,0.8568,15.773,-1.798,-28.746
4662137,1621,1777,1743,-0.6955,0.0327,0.8709,18.475,-0.738,-26.481
4662147,1717,1833,1769,-0.6950,0.0626,0.8920,19.157,-0.996,-27.322
4662157,1634,2101,1743,-0.7078,0.0662,0.8898,19.283,-1.317,-31.678
4662167,1618,1763,1744,-0.7138,0.0619,0.8873,19.418,-1.572,-36.327
4662177,1769,1783,1757,-0.7020,0.0453,0.8900,20.082,-2.036,-39.865
4662187,1754,1755,1763,-0.7335,0.0414,0.9188,22.132,-2.598,-43.743
4662197,1617,1778,1752,-0.7514,0.0582,0.9163,27.317,-2.597,-46.962
4662207,1628,1785,1774,-0.7459,0.1022,0.8952,36.135,-0.146,-46.845
4662217,1611,1768,1761,-0.7594,0.1333,0.8770,51.188,1.321,-55.030
4662227,1611,1758,1747,-0.7683,0.1492,0.8602,65.738,2.037,-64.959
4662237,1707,1758,1785,-0.7600,0.1643,0.8543,77.426,2.635,-72.360
4662247,1663,1794,1979,-0.7395,0.1771,0.8612,83.780,2.441,-77.341
4662257,1649,1838,1805,-0.7202,0.1737,0.8651,84.597,1.288,-82.105
4662267,2019,1828,1758,-0.7016,0.1520,0.8768,80.658,-0.792,-87.251
4662277,1619,1806,1784,-0.6883,0.1259,0.8973,72.935,-3.558,-91.769
4662287,1648,1802,1768,-0.6787,0.0963,0.9030,63.486,-5.683,-94.898
4662297,1641,1813,1750,-0.6664,0.0745,0.9060,53.417,-7.161,-96.018
4662307,1673,1759,1834,-0.6563,0.0659,0.9277,42.545,-8.765,-95.608
4662317,1612,1784,1750,-0.6510,0.0536,0.9397,31.629,-9.827,-95.383
4662327,1688,1790,1752,-0.6538,0.0444,0.9384,21.664,-9.679,-95.294
4662337,1732,1754,1755,-0.6436,0.0300,0.9429,12.416,-9.158,-94.669
4662347,1614,1808,1755,-0.6352,-0.0023,0.9456,3.796,-8.810,-94.943
4662357,1607,1803,1745,-0.6349,-0.0471,0.9330,-3.605,-8.226,-96.332
4662367,1623,1891,1750,-0.6317,-0.0885,0.9130,-9.448,-7.354,-97.047
4662377,1608,1795,1747,-0.6240,-0.1292,0.8983,-13.715,-6.723,-96.946
4662387,1674,1789,1754,-0.6234,-0.1749,0.8787,-16.268,-6.246,-97.409
4662397,1615,1791,1745,-0.6403,-0.2085,0.8529,-16.488,-5.499,-98.071
4662407,1700,1777,1757,-0.6408,-0.2253,0.8475,-14.942,-5.038,-97.002
4662417,1638,1782,1747,-0.6398,-0.2350,0.8508,-12.346,-4.957,-95.213
4662427,1661,1784,1798,-0.6378,-0.2419,0.8499,-8.602,-4.849,-94.001
4662437,1608,1779,1776,-0.6340,-0.2327,0.8511,-3.773,-4.492,-92.175
4662447,1675,1757,1754,-0.6267,-0.2125,0.8616,2.079,-4.030,-89.800
4662457,1618,1775,1752,-0.6211,-0.1973,0.8696,8.615,-3.547,-88.670
4662467,1699,1780,1747,-0.6170,-0.1926,0.8698,15.441,-3.060,-89.529
4662477,1612,1778,1755,-0.6168,-0.1885,0.8648,22.139,-2.667,-91.567
4662487,1665,1764,1750,-0.6141,-0.1824,0.8523,28.870,-2.407,-93.873
4662497,1635,1878,1807,-0.6073,-0.1760,0.8324,35.901,-2.467,-96.100
4662507,1615,1767,1747,-0.5929,-0.1748,0.8156,43.076,-3.474,-98.575
4662517,1655,1776,1746,-0.5779,-0.1838,0.8046,50.078,-5.560,-101.851
4662527,2290,1801,1749,-0.5594,-0.2045,0.8050,56.775,-8.492,-105.670
4662537,1629,1773,1763,-0.5396,-0.2256,0.8196,62.846,-11.944,-108.999
4662547,1811,1773,1747,-0.5188,-0.2472,0.8308,68.041,-15.204,-111.506
4662557,1885,1769,1757,-0.5020,-0.2649,0.8284,72.600,-17.872,-113.112
4662567,2216,1819,1758,-0.4902,-0.2663,0.8227,76.908,-20.516,-113.581
4662577,1663,1794,1750,-0.4802,-0.2552,0.8127,81.851,-23.317,-113.001
4662587,1631,1763,1763,-0.4688,-0.2439,0.8052,88.243,-26.522,-112.623
4662597,1618,1846,1750,-0.4575,-0.2400,0.8066,95.473,-30.385,-113.521
4662607,1919,1884,1752,-0.4527,-0.2469,0.7992,103.700,-33.950,-115.903
4662617,1636,1799,1762,-0.4428,-0.2553,0.7835,113.135,-36.621,-118.183
4662627,1709,1761,1753,-0.4259,-0.2647,0.7715,122.658,-39.131,-119.391
4662637,1642,1913,1754,-0.4110,-0.2810,0.7671,131.460,-42.622,-120.715
4662647,1661,1762,1757,-0.3999,-0.2985,0.7715,139.288,-47.121,-121.818
4662657,1790,1809,1755,-0.3862,-0.2959,0.7819,146.390,-51.744,-120.511
4662667,1679,1767,1753,-0.3646,-0.2698,0.8066,153.030,-56.102,-116.145
4662677,1617,1783,1753,-0.3344,-0.2257,0.8558,158.382,-60.307,-110.209
4662687,1626,1833,1768,-0.3017,-0.1836,0.8959,161.683,-63.868,-104.798
4662697,1646,1778,1755,-0.2826,-0.1510,0.9057,163.322,-66.426,-101.052
4662707,1649,1768,1775,-0.2649,-0.1237,0.9102,163.543,-68.596,-97.679
4662717,1800,1777,1749,-0.2494,-0.0964,0.9135,161.959,-71.259,-93.861
4662727,1744,1785,1752,-0.2414,-0.0775,0.9000,158.681,-74.381,-90.246
4662737,1796,1798,1767,-0.2355,-0.0615,0.8877,153.886,-78.333,-86.682
4662747,1638,1755,1766,-0.2213,-0.0510,0.8966,147.311,-83.492,-82.674
4662757,1643,1834,1776,-0.2075,-0.0397,0.9143,138.550,-89.169,-78.471
4662767,1754,1760,1973,-0.1913,-0.0286,0.9300,127.971,-94.339,-74.073
4662777,1724,1777,1931,-0.1650,-0.0080,0.9627,115.206,-99.257,-68.668
4662787,1967,1765,1751,-0.1347,0.0204,1.0019,100.390,-104.034,-62.730
4662797,2392,1873,1753,-0.1046,0.0440,1.0234,84.899,-107.738,-57.247
4662807,1716,1794,1756,-0.0781,0.0632,1.0324,69.784,-110.280,-52.576
4662817,1750,1782,1832,-0.0495,0.0730,1.0549,55.168,-112.478,-48.637
4662827,1638,1792,1774,-0.0181,0.0554,1.0705,40.513,-114.089,-46.010
4662837,1633,1806,1800,-0.0021,0.0305,1.0875,28.023,-115.168,-44.752
4662847,1627,1778,1755,0.0146,0.0197,1.1223,16.793,-115.446,-42.750
4662857,1650,1778,1771,0.0365,0.0039,1.1532,6.538,-115.038,-40.719
4662867,1632,1817,1777,0.0623,-0.0080,1.1814,-2.172,-113.737,-39.334
4662877,1724,1995,1757,0.0882,-0.0183,1.2055,-9.050,-111.635,-38.362
4662887,1622,1773,1770,0.1116,-0.0251,1.2231,-14.030,-109.036,-37.682
4662897,1913,1831,1762,0.1315,-0.0335,1.2320,-16.749,-105.912,-37.196
4662907,1741,1783,1762,0.1473,-0.0534,1.2433,-17.441,-102.328,-36.921
4662917,1649,1783,1829,0.1648,-0.0807,1.2627,-16.825,-98.665,-36.641
4662927,1651,1877,1768,0.1809,-0.1040,1.2815,-15.444,-94.539,-36.055
4662937,1702,1791,1759,0.1956,-0.1180,1.2957,-13.355,-89.815,-34.990
4662947,1621,1869,1762,0.2068,-0.1201,1.3081,-10.501,-84.638,-33.570
4662957,1681,1833,1756,0.2144,-0.1175,1.3155,-6.842,-79.177,-31.952
4662967,1934,1823,1756,0.2190,-0.1113,1.3248,-2.363,-73.669,-30.272
4662977,1655,1831,1780,0.2192,-0.1060,1.3314,2.614,-68.185,-28.607
4662987,1717,1939,1760,0.2153,-0.1014,1.3334,7.697,-62.780,-26.999
4662997,1672,1815,1754,0.2095,-0.0945,1.3308,12.509,-57.571,-25.427
4663007,1682,2032,1864,0.1992,-0.0833,1.3263,16.885,-52.647,-23.819
4663017,1685,1862,1756,0.1894,-0.0677,1.3188,20.743,-48.134,-22.161
4663027,1616,1909,1770,0.1802,-0.0492,1.3127,23.837,-44.089,-20.407
4663037,1629,1776,1760,0.1708,-0.0330,1.3050,26.133,-40.579,-18.881
4663047,1835,1853,1761,0.1626,-0.0169,1.2963,27.588,-37.490,-17.560
4663057,1658,1876,1755,0.1567,-0.0019,1.2874,28.251,-34.938,-16.242
4663067,1870,1925,1758,0.1542,0.0098,1.2753,28.276,-32.765,-14.957
4663077,2650,1920,1789,0.1545,0.0197,1.2622,28.091,-30.920,-13.627
4663087,1620,2253,1804,0.1547,0.0296,1.2491,27.823,-29.424,-12.326
4663097,1677,2373,1862,0.1513,0.0437,1.2265,27.664,-27.978,-10.890
4663107,1724,1882,1786,0.1526,0.0600,1.2093,27.776,-26.666,-9.062
4663117,1781,2011,1796,0.1568,0.0743,1.1913,27.776,-25.699,-7.413
4663127,1751,2187,1757,0.1578,0.0809,1.1668,28.123,-24.868,-6.812
4663137,1841,2599,1778,0.1594,0.0867,1.1538,28.831,-24.357,-6.587
4663147,1788,2761,1775,0.1610,0.0906,1.1436,29.507,-23.948,-6.286
4663157,1774,2903,1759,0.1628,0.0890,1.1428,30.104,-23.583,-5.613
4663167,1778,3065,1772,0.1748,0.1005,1.1547,30.583,-23.411,-4.173
4663177,1756,3187,1775,0.1829,0.1037,1.1584,30.879,-23.463,-3.485
4663187,1917,3025,1758,0.1926,0.1052,1.1631,30.932,-23.713,-3.142
4663197,1712,3115,1802,0.2057,0.1064,1.1631,30.955,-23.718,-2.535
4663207,1892,3043,1774,0.2153,0.1099,1.1532,31.635,-23.374,-1.842
4663217,1681,3179,1816,0.2223,0.1130,1.1478,32.965,-22.909,-1.193
4663227,1618,3239,1787,0.2217,0.1251,1.1435,34.842,-22.266,-0.636
4663237,1642,3507,1798,0.2199,0.1456,1.1342,36.909,-21.203,0.046
4663247,1767,3371,1883,0.2197,0.1662,1.1367,38.531,-20.107,0.652
4663257,1638,3477,1853,0.2255,0.1799,1.1387,39.061,-19.143,0.742
4663267,1686,3145,1761,0.2491,0.2078,1.1350,38.799,-18.317,0.261
4663277,1633,3453,1782,0.2604,0.2212,1.1797,38.472,-17.621,0.329
4663287,1663,3364,1773,0.2613,0.1736,1.1802,38.751,-16.686,-1.806
4663297,1967,3361,1769,0.2615,0.1580,1.1675,41.560,-13.948,-3.635
4663307,1637,3283,1806,0.2663,0.1671,1.2152,42.044,-13.239,-4.084
4663317,1729,3562,1856,0.2740,0.1904,1.2289,41.708,-11.708,-3.951
4663327,1675,3011,1800,0.2833,0.1983,1.2495,40.019,-9.233,-4.058
4663337,1646,3366,1780,0.2778,0.1987,1.2467,36.567,-6.340,-4.184
4663347,1661,3424,1843,0.2704,0.2105,1.2214,32.180,-3.183,-3.707
4663357,1629,3352,1861,0.2603,0.2085,1.2170,26.065,-1.415,-2.978
4663367,1833,3457,1809,0.2470,0.2014,1.1976,19.819,0.044,-2.074
4663377,1635,3412,1860,0.2329,0.2042,1.1788,14.065,1.291,-0.921
4663387,1675,3404,1891,0.2224,0.2059,1.1598,8.720,2.004,0.083
4663397,1633,3547,1875,0.2145,0.2008,1.1401,4.881,2.560,0.711
4663407,1657,3272,1846,0.2122,0.2028,1.1191,2.310,2.569,1.136
4663417,1658,3339,1797,0.2039,0.1988,1.0983,1.265,2.387,1.374
4663427,1662,3383,1907,0.2020,0.1899,1.0870,1.048,1.487,1.425
4663437,1645,3420,1825,0.2027,0.1934,1.0778,1.760,0.566,1.514
4663447,1655,3472,1841,0.2069,0.2074,1.0749,2.981,-0.487,1.447
4663457,1642,3370,1824,0.2093,0.2060,1.0850,4.488,-1.594,0.781
4663467,1645,3390,1814,0.2138,0.2001,1.0822,6.302,-2.128,-0.151
4663477,1736,3441,1879,0.2196,0.1978,1.0749,8.243,-2.342,-0.834
4663487,1662,3364,1812,0.2224,0.1989,1.0880,9.903,-2.996,-1.210
4663497,1625,3433,1780,0.2253,0.1998,1.0835,10.957,-3.310,-1.412
4663507,1823,3553,2294,0.2270,0.2002,1.0786,12.218,-3.272,-1.512
4663517,1628,3413,1858,0.2274,0.1998,1.0858,12.916,-3.728,-1.641
4663527,1774,3278,1829,0.2321,0.2022,1.0809,13.764,-3.945,-1.745
4663537,1677,3390,1845,0.2332,0.1966,1.0896,14.677,-4.086,-1.911
4663547,1680,3340,1883,0.2348,0.1979,1.0914,15.402,-4.471,-1.845
4663557,1666,3392,1860,0.2381,0.2021,1.0835,16.526,-4.146,-1.426
4663567,1626,3311,1944,0.2429,0.2045,1.0885,17.487,-4.580,-0.781
4663577,1627,3416,1871,0.2463,0.2076,1.0811,18.954,-4.479,-0.211
4663587,1663,3336,1895,0.2458,0.2149,1.0832,21.254,-4.326,0.402
4663597,1720,3461,1829,0.2456,0.2236,1.0905,23.430,-4.057,0.925
4663607,1662,3413,2076,0.2475,0.2317,1.1026,25.073,-3.789,1.341
4663617,1686,3431,1857,0.2514,0.2402,1.1001,26.250,-3.092,1.763
4663627,1826,3375,1840,0.2483,0.2586,1.1078,26.866,-2.057,2.674
4663637,1633,3382,1807,0.2483,0.2725,1.1047,26.384,-1.058,3.748
4663647,1659,3305,1853,0.2440,0.2841,1.0926,25.602,0.023,3.936
4663657,1629,3448,1818,0.2398,0.2956,1.0910,24.270,0.544,3.791
4663667,1647,3313,1832,0.2353,0.3040,1.0914,22.419,0.787,3.341
4663677,1624,3405,1819,0.2327,0.3088,1.0903,20.349,0.937,2.674
4663687,1667,3318,1851,0.2308,0.3106,1.0894,18.083,1.019,1.892
4663697,1628,3329,1820,0.2301,0.3113,1.0878,15.870,1.084,1.106
4663707,1653,3322,1815,0.2286,0.3117,1.0876,13.879,1.138,0.413
4663717,1629,3374,1836,0.2269,0.3113,1.0870,12.006,1.200,-0.229
4663727,1690,3370,1865,0.2246,0.3103,1.0868,10.370,1.252,-0.828
4663737,1627,3348,1814,0.2236,0.3078,1.0862,8.967,1.207,-1.361
4663747,1666,3353,1811,0.2231,0.3045,1.0853,7.764,1.163,-1.865
4663757,1640,3394,1858,0.2229,0.3010,1.0823,6.797,1.210,-2.313
4663767,1678,3363,1765,0.2237,0.2959,1.0825,5.861,1.204,-2.691
4663777,1632,3335,1860,0.2243,0.2906,1.0830,4.998,1.124,-2.945
4663787,1706,3364,1846,0.2242,0.2876,1.0860,4.365,0.996,-3.020
4663797,1633,3422,1818,0.2230,0.2863,1.0864,4.078,0.910,-2.974
4663807,1679,3376,1817,0.2229,0.2853,1.0854,4.208,0.886,-2.839
4663817,1631,3437,1801,0.2226,0.2845,1.0854,4.610,0.862,-2.662
4663827,1689,3377,1834,0.2232,0.2853,1.0867,5.177,0.841,-2.423
4663837,1637,3406,1833,0.2218,0.2871,1.0888,5.796,0.906,-2.163
4663847,1668,3282,1846,0.2217,0.2900,1.0873,6.353,1.088,-1.898
4663857,1636,3437,1814,0.2199,0.2938,1.0845,6.685,1.291,-1.667
4663867,1692,3368,1834,0.2181,0.3005,1.0842,7.027,1.423,-1.380
4663877,1638,3322,1836,0.2178,0.3053,1.0805,7.434,1.575,-1.090
4663887,1665,3341,1838,0.2229,0.3061,1.0765,7.942,1.624,-0.848
4663897,1636,3406,1823,0.2268,0.3050,1.0761,8.389,1.622,-0.622
4663907,1679,3353,1840,0.2265,0.3104,1.0726,8.958,1.665,-0.087
4663917,1635,3409,1789,0.2288,0.3169,1.0760,8.514,1.653,0.658
4663927,1680,3327,1828,0.2274,0.3201,1.0743,7.186,1.378,0.818
4663937,1638,3360,1826,0.2286,0.3257,1.0710,5.690,1.179,0.796
4663947,1706,3380,1957,0.2273,0.3280,1.0732,4.047,0.922,0.756
4663957,1641,3335,1844,0.2244,0.3242,1.0763,2.605,0.674,0.627
4663967,1665,3347,1844,0.2246,0.3200,1.0759,1.512,0.625,0.494
4663977,1645,3379,1824,0.2213,0.3142,1.0760,0.925,0.626,0.453
4663987,1670,3327,1847,0.2225,0.3107,1.0767,0.631,0.604,0.489
4663997,1644,3408,1823,0.2215,0.3082,1.0749,0.672,0.641,0.551
4664007,1668,3342,1850,0.2208,0.3065,1.0766,0.805,0.594,0.603
4664017,1634,3374,1821,0.2208,0.3076,1.0760,1.048,0.619,0.624
4664027,1684,3352,1838,0.2216,0.3089,1.0758,1.196,0.662,0.595
4664037,1639,3350,1823,0.2219,0.3091,1.0743,1.286,0.730,0.491
4664047,1649,3330,1847,0.2211,0.3091,1.0755,1.382,0.753,0.335
4664057,1645,3487,1830,0.2199,0.3085,1.0750,1.563,0.768,0.173
4664067,1648,3345,1842,0.2194,0.3092,1.0745,1.811,0.850,0.039
4664077,1640,3308,1812,0.2186,0.3102,1.0743,2.119,0.891,-0.053
4664087,1703,3342,1850,0.2181,0.3104,1.0739,2.431,0.924,-0.120
4664097,1650,3357,1820,0.2171,0.3136,1.0728,2.767,0.966,-0.127
4664107,1673,3318,1847,0.2162,0.3160,1.0709,3.024,1.007,-0.140
4664117,1643,3287,1819,0.2160,0.3199,1.0705,3.122,0.946,-0.196
4664127,1667,3331,1845,0.2161,0.3219,1.0704,3.103,0.857,-0.337
4664137,1643,3352,1824,0.2166,0.3224,1.0702,2.990,0.764,-0.577
4664147,1659,3310,1832,0.2170,0.3235,1.0711,2.820,0.660,-0.860
4664157,1647,3333,1820,0.2157,0.3217,1.0726,2.642,0.555,-1.183
4664167,1681,3321,1838,0.2169,0.3222,1.0720,2.551,0.490,-1.449
4664177,1629,3307,1814,0.2139,0.3232,1.0705,2.814,0.553,-1.576
4664187,1663,3307,1840,0.2119,0.3217,1.0733,2.858,0.466,-1.734
4664197,1643,3343,1822,0.2121,0.3220,1.0732,2.852,0.440,-1.804
4664207,1747,3307,1840,0.2128,0.3228,1.0709,2.917,0.516,-1.653
4664217,1639,3288,1822,0.2140,0.3245,1.0730,2.425,0.355,-1.532
4664227,1663,3306,1840,0.2139,0.3273,1.0711,1.832,0.131,-1.477
4664237,1643,3276,1819,0.2147,0.3276,1.0729,1.465,0.027,-1.507
4664247,1672,3286,1842,0.2112,0.3233,1.0760,1.092,-0.144,-1.659
4664257,1647,3254,1816,0.2122,0.3252,1.0692,1.111,-0.051,-1.635
4664267,1680,3278,1824,0.2120,0.3246,1.0686,1.091,-0.049,-1.540
4664277,1645,3253,1816,0.2112,0.3220,1.0727,0.641,-0.352,-1.556
4664287,1665,3258,1833,0.2116,0.3233,1.0703,0.399,-0.392,-1.488
4664297,1648,3247,1813,0.2126,0.3233,1.0717,0.248,-0.471,-1.341
4664307,1674,3283,1829,0.2123,0.3238,1.0735,0.123,-0.620,-1.250
4664317,1641,3232,1806,0.2118,0.3216,1.0728,0.096,-0.661,-1.210
4664327,1649,3255,1842,0.2112,0.3206,1.0724,-0.008,-0.751,-1.142
4664337,1649,3217,1805,0.2113,0.3217,1.0708,-0.076,-0.792,-0.990
4664347,1718,3270,1844,0.2115,0.3226,1.0714,-0.274,-0.924,-0.846
4664357,1647,3216,1818,0.2116,0.3227,1.0714,-0.452,-1.042,-0.762
4664367,1688,3262,1846,0.2117,0.3230,1.0704,-0.448,-1.077,-0.744
4664377,1645,3223,1810,0.2119,0.3228,1.0692,-0.477,-1.142,-0.790
4664387,1682,3258,1837,0.2125,0.3226,1.0674,-0.497,-1.216,-0.871
4664397,1645,3220,1814,0.2116,0.3228,1.0683,-0.557,-1.308,-0.969
4664407,1703,3234,1829,0.2116,0.3241,1.0693,-0.611,-1.446,-1.059
4664417,1649,3203,1808,0.2129,0.3264,1.0678,-0.500,-1.464,-1.107
4664427,1684,3218,1837,0.2113,0.3233,1.0702,-0.461,-1.521,-1.207
4664437,1648,3227,1811,0.2104,0.3206,1.0732,-0.560,-1.628,-1.300
4664447,1710,3243,1840,0.2111,0.3202,1.0688,-0.434,-1.494,-1.167
4664457,1649,3208,1835,0.2131,0.3211,1.0716,-0.540,-1.542,-0.941
4664467,1657,3244,1865,0.2137,0.3224,1.0708,-0.885,-1.656,-0.800
4664477,1648,3212,1808,0.2148,0.3220,1.0699,-0.982,-1.638,-0.712
4664487,1662,3200,1845,0.2146,0.3194,1.0709,-1.090,-1.713,-0.688
4664497,1661,3307,1840,0.2143,0.3181,1.0691,-1.018,-1.650,-0.653
4664507,1692,3339,1859,0.2148,0.3184,1.0697,-0.977,-1.621,-0.600
4664517,1648,3431,1830,0.2156,0.3189,1.0711,-0.984,-1.651,-0.601
4664527,1684,3352,1860,0.2172,0.3175,1.0707,-0.858,-1.619,-0.594
4664537,1655,3433,1851,0.2181,0.3169,1.0712,-0.706,-1.596,-0.578
4664547,1690,3315,1853,0.2177,0.3165,1.0704,-0.466,-1.500,-0.519
4664557,1648,3396,1834,0.2178,0.3180,1.0700,-0.223,-1.417,-0.476
4664567,1689,3334,1866,0.2176,0.3195,1.0690,-0.035,-1.365,-0.459
4664577,1649,3411,1831,0.2179,0.3194,1.0700,0.099,-1.348,-0.502
4664587,1679,3327,1862,0.2173,0.3188,1.0722,0.217,-1.337,-0.562
4664597,1667,3394,1837,0.2167,0.3185,1.0744,0.370,-1.239,-0.590
4664607,1704,3320,1820,0.2166,0.3186,1.0734,0.491,-1.099,-0.543
4664617,1649,3416,1841,0.2163,0.3207,1.0728,0.580,-0.976,-0.485
4664627,1699,3311,1862,0.2156,0.3204,1.0730,0.658,-0.904,-0.432
4664637,1649,3379,1826,0.2147,0.3205,1.0717,0.779,-0.830,-0.378
4664647,1698,3292,1863,0.2145,0.3211,1.0724,0.885,-0.782,-0.299
4664657,1650,3378,1810,0.2142,0.3221,1.0720,0.929,-0.764,-0.194
4664667,1703,3304,1900,0.2139,0.3229,1.0723,0.876,-0.794,-0.090
4664677,1653,3343,1839,0.2140,0.3241,1.0714,0.720,-0.850,-0.006
4664687,1693,3232,1848,0.2143,0.3248,1.0729,0.551,-0.893,0.033
4664697,1649,3138,1822,0.2141,0.3252,1.0712,0.432,-0.929,0.032
4664707,1684,2715,1809,0.2142,0.3243,1.0710,0.353,-0.925,0.018
4664717,1655,2552,1788,0.2149,0.3231,1.0690,0.300,-0.918,0.013
4664727,1703,2568,1808,0.2148,0.3222,1.0694,0.214,-0.938,0.008
4664737,1651,2535,1785,0.2146,0.3222,1.0685,0.142,-0.968,-0.006
4664747,1690,2614,1804,0.2159,0.3219,1.0685,0.097,-1.005,-0.026
4664757,1654,2551,1780,0.2171,0.3219,1.0692,0.120,-1.011,-0.039
4664767,1695,2613,1802,0.2176,0.3209,1.0702,0.231,-0.946,-0.073
4664777,1650,2531,1780,0.2183,0.3211,1.0706,0.369,-0.832,-0.078
4664787,1696,2624,1796,0.2186,0.3214,1.0713,0.480,-0.725,-0.070
4664797,1653,2543,1779,0.2193,0.3211,1.0690,0.649,-0.578,-0.047
4664807,1696,2540,1798,0.2204,0.3211,1.0683,0.891,-0.399,-0.015
4664817,1656,2465,1786,0.2203,0.3212,1.0685,1.146,-0.261,0.023
4664827,1720,2517,1791,0.2198,0.3220,1.0687,1.412,-0.121,0.085
4664837,1654,2462,1786,0.2195,0.3245,1.0680,1.619,0.003,0.135
4664847,1694,2513,1783,0.2187,0.3263,1.0686,1.766,0.049,0.132
4664857,1654,2442,1782,0.2180,0.3268,1.0694,1.807,0.027,0.051
4664867,1705,2489,1795,0.2166,0.3279,1.0682,1.799,0.044,-0.063
4664877,1654,2434,1779,0.2160,0.3290,1.0669,1.773,0.003,-0.107
4664887,1725,2508,1800,0.2144,0.3296,1.0703,1.582,-0.154,-0.149
4664897,1653,2446,1782,0.2136,0.3298,1.0721,1.290,-0.294,-0.197
4664907,1699,2510,1811,0.2134,0.3300,1.0708,1.003,-0.393,-0.191
4664917,1662,2466,1780,0.2137,0.3299,1.0716,0.661,-0.514,-0.179
4664927,1699,2641,1804,0.2137,0.3289,1.0723,0.235,-0.656,-0.157
4664937,1659,2590,1785,0.2141,0.3271,1.0708,-0.136,-0.751,-0.146
4664947,1707,2563,1799,0.2147,0.3255,1.0712,-0.461,-0.818,-0.152
4664957,1655,2534,1782,0.2163,0.3232,1.0706,-0.663,-0.862,-0.145
4664967,1684,2558,1799,0.2175,0.3232,1.0702,-0.679,-0.877,-0.120
4664977,1661,2518,1796,0.2172,0.3240,1.0693,-0.367,-0.812,-0.061
4664987,1701,2621,1797,0.2173,0.3250,1.0687,-0.033,-0.729,0.003
4664997,1658,2535,1786,0.2161,0.3276,1.0691,0.194,-0.665,0.071
4665007,1696,2611,1783,0.2169,0.3287,1.0687,0.330,-0.548,0.151
4665017,1660,2544,1794,0.2168,0.3274,1.0680,0.304,-0.398,0.201
4665027,1675,2600,1807,0.2162,0.3256,1.0671,0.146,-0.268,0.234
4665037,1664,2571,1789,0.2160,0.3243,1.0676,0.032,-0.088,0.288
4665047,1705,2638,1803,0.2152,0.3218,1.0704,0.077,0.089,0.354
4665057,1662,2558,1780,0.2149,0.3212,1.0709,0.330,0.250,0.408
4665067,1703,2635,1806,0.2146,0.3219,1.0683,0.794,0.480,0.468
4665077,1664,2561,1782,0.2148,0.3230,1.0686,1.236,0.659,0.504
4665087,1700,2652,1809,0.2130,0.3251,1.0666,1.600,0.801,0.525
4665097,1663,2572,1780,0.2127,0.3263,1.0676,1.849,0.895,0.522
4665107,1702,2656,1809,0.2124,0.3272,1.0678,2.071,0.961,0.511
4665117,1661,2579,1792,0.2111,0.3285,1.0661,2.214,1.050,0.494
4665127,1702,2633,1798,0.2114,0.3288,1.0671,2.209,0.998,0.481
4665137,1666,2585,1780,0.2109,0.3307,1.0671,2.145,0.961,0.517
4665147,1691,2617,1794,0.2104,0.3318,1.0670,2.079,0.887,0.563
4665157,1659,2592,1790,0.2105,0.3319,1.0670,1.922,0.794,0.583
4665167,1723,2642,1791,0.2102,0.3322,1.0669,1.741,0.686,0.601
4665177,1662,2798,1803,0.2100,0.3319,1.0668,1.522,0.545,0.628
4665187,1729,3295,1864,0.2093,0.3326,1.0661,1.301,0.375,0.661
4665197,1665,3436,1833,0.2086,0.3325,1.0670,1.110,0.154,0.671
4665207,1721,3415,1891,0.2095,0.3331,1.0685,0.947,-0.116,0.646
4665217,1665,3550,1839,0.2093,0.3326,1.0693,0.763,-0.367,0.616
4665227,1725,3382,1824,0.2098,0.3323,1.0700,0.464,-0.630,0.612
4665237,1664,3478,1812,0.2103,0.3327,1.0696,0.059,-0.905,0.613
4665247,1711,3356,1883,0.2114,0.3315,1.0674,-0.373,-1.182,0.606
4665257,1665,3410,1841,0.2127,0.3305,1.0673,-0.722,-1.417,0.607
4665267,1706,3142,1815,0.2139,0.3298,1.0660,-0.948,-1.574,0.624
4665277,1670,3028,1807,0.2140,0.3283,1.0666,-1.045,-1.651,0.620
4665287,1698,3080,1814,0.2150,0.3267,1.0667,-1.044,-1.647,0.607
4665297,1670,2990,1794,0.2151,0.3260,1.0663,-0.942,-1.593,0.570
4665307,1715,3065,1834,0.2164,0.3248,1.0667,-0.748,-1.489,0.539
4665317,1669,2999,1803,0.2178,0.3224,1.0678,-0.521,-1.303,0.460
4665327,1696,3111,1830,0.2179,0.3193,1.0679,-0.218,-1.029,0.371
4665337,1670,3070,1805,0.2181,0.3183,1.0669,0.187,-0.702,0.321
4665347,1705,3125,1782,0.2203,0.3204,1.0650,0.732,-0.383,0.318
4665357,1666,3012,1812,0.2203,0.3211,1.0653,1.403,-0.112,0.297
4665367,1702,3009,1823,0.2180,0.3238,1.0669,2.030,0.149,0.219
4665377,1670,3035,1780,0.2161,0.3263,1.0646,2.634,0.515,0.175
4665387,1706,3043,1840,0.2150,0.3293,1.0643,2.989,0.802,0.173
4665397,1667,3040,1800,0.2142,0.3319,1.0647,3.073,1.007,0.189
4665407,1703,3051,1814,0.2145,0.3348,1.0652,3.004,1.232,0.215
4665417,1674,3019,1802,0.2145,0.3362,1.0661,2.821,1.492,0.195
4665427,1706,3040,1826,0.2134,0.3363,1.0647,2.683,1.803,0.165
