3291727,1887,1897,2387,-0.0359,0.0953,1.1412,-1.019,-1.300,-0.553
3291737,1910,1939,2441,-0.0353,0.0951,1.1410,-0.878,-1.271,-0.509
3291747,1884,1902,2393,-0.0371,0.0967,1.1413,-0.714,-1.273,-0.433
3291757,1916,1970,2459,-0.0375,0.0977,1.1413,-0.616,-1.267,-0.370
3291767,1890,1904,2373,-0.0385,0.0985,1.1408,-0.614,-1.262,-0.351
3291777,1910,1956,2454,-0.0370,0.0989,1.1421,-0.666,-1.262,-0.315
3291787,1888,1910,2375,-0.0369,0.0987,1.1432,-0.817,-1.270,-0.272
3291797,1914,1958,2448,-0.0348,0.0992,1.1423,-0.859,-1.237,-0.206
3291807,1889,1902,2383,-0.0332,0.1000,1.1415,-0.828,-1.219,-0.131
3291817,1909,1959,2443,-0.0326,0.1006,1.1407,-0.701,-1.204,-0.093
3291827,1887,1911,2388,-0.0322,0.1022,1.1417,-0.483,-1.137,-0.078
3291837,1910,1948,2454,-0.0337,0.1041,1.1418,-0.271,-1.041,-0.073
3291847,1887,1909,2389,-0.0356,0.1052,1.1394,-0.129,-0.921,-0.105
3291857,1917,1955,2453,-0.0379,0.1057,1.1369,-0.073,-0.802,-0.201
3291867,1891,1929,2392,-0.0393,0.1051,1.1368,-0.202,-0.876,-0.340
3291877,1915,1963,2446,-0.0398,0.1063,1.1383,-0.452,-1.048,-0.446
3291887,1887,1907,2391,-0.0387,0.1085,1.1405,-0.649,-1.183,-0.483
3291897,1911,1957,2441,-0.0356,0.1067,1.1400,-0.839,-1.225,-0.643
3291907,1892,1921,2401,-0.0346,0.1009,1.1410,-0.627,-1.257,-1.147
3291917,1913,1968,2449,-0.0349,0.0987,1.1435,-0.302,-1.326,-1.511
3291927,1886,1906,2378,-0.0360,0.0978,1.1434,-0.107,-1.271,-1.504
3291937,1919,1946,2428,-0.0357,0.0990,1.1454,0.001,-1.111,-1.405
3291947,1889,1909,2379,-0.0329,0.0997,1.1484,-0.102,-1.096,-1.184
3291957,1926,1971,2433,-0.0315,0.0997,1.1495,-0.228,-0.955,-0.950
3291967,1881,1922,2409,-0.0314,0.0997,1.1491,-0.426,-0.733,-0.695
3291977,1920,1992,2433,-0.0320,0.0989,1.1502,-0.737,-0.546,-0.478
3291987,1895,1892,2383,-0.0322,0.0992,1.1493,-1.028,-0.339,-0.296
3291997,1905,1957,2441,-0.0334,0.1001,1.1477,-1.261,-0.125,-0.162
3292007,1891,1909,2399,-0.0342,0.1020,1.1454,-1.495,-0.009,-0.074
3292017,1914,1963,2432,-0.0362,0.1057,1.1462,-1.618,0.040,0.019
3292027,1888,1925,2402,-0.0370,0.1086,1.1489,-1.704,0.088,0.134
3292037,1910,1929,2410,-0.0372,0.1105,1.1502,-1.965,0.210,0.145
3292047,1885,1905,2399,-0.0361,0.1098,1.1505,-2.470,0.320,-0.093
3292057,1921,1948,2420,-0.0336,0.1081,1.1519,-3.198,0.316,-0.426
3292067,1888,1888,2391,-0.0321,0.1062,1.1510,-3.806,0.417,-0.753
3292077,1921,1926,2388,-0.0311,0.1058,1.1548,-4.192,0.590,-1.038
3292087,1887,1879,2394,-0.0292,0.1069,1.1558,-4.568,0.775,-1.344
3292097,1911,1953,2397,-0.0275,0.1079,1.1556,-4.736,1.096,-1.645
3292107,1881,1883,2407,-0.0267,0.1083,1.1581,-4.929,1.425,-2.024
3292117,1915,1945,2397,-0.0280,0.1054,1.1594,-5.222,1.845,-2.589
3292127,1887,1879,2426,-0.0288,0.1029,1.1575,-5.558,2.356,-3.143
3292137,1916,1922,2355,-0.0311,0.1006,1.1551,-6.087,2.931,-3.538
3292147,1887,1887,2417,-0.0281,0.1006,1.1587,-6.955,3.283,-3.820
3292157,1918,1937,2364,-0.0356,0.0977,1.1496,-8.169,3.841,-4.223
3292167,1886,1890,2421,-0.0376,0.0946,1.1495,-9.168,4.073,-4.678
3292177,1904,1965,2377,-0.0384,0.0894,1.1540,-10.452,3.888,-4.988
3292187,1888,1967,2428,-0.0437,0.0851,1.1501,-11.330,4.079,-5.314
3292197,1922,1933,2354,-0.0455,0.0835,1.1483,-11.950,4.236,-5.485
3292207,1884,1896,2425,-0.0493,0.0843,1.1510,-12.515,4.237,-5.723
3292217,1925,1943,2346,-0.0521,0.0854,1.1466,-12.825,4.366,-6.070
3292227,1888,1901,2423,-0.0566,0.0846,1.1407,-12.691,4.602,-6.527
3292237,1899,1940,2305,-0.0620,0.0821,1.1361,-12.333,4.671,-7.151
3292247,1879,1892,2367,-0.0675,0.0777,1.1297,-11.946,4.565,-7.955
3292257,1922,1948,2273,-0.0734,0.0727,1.1248,-11.602,4.241,-8.807
3292267,1874,1924,2364,-0.0790,0.0726,1.1187,-11.186,3.810,-9.345
3292277,2076,1978,2254,-0.0843,0.0722,1.1150,-10.700,3.229,-9.679
3292287,1894,1896,2364,-0.0869,0.0712,1.1090,-10.200,2.480,-10.054
3292297,1888,1930,2202,-0.0876,0.0672,1.1050,-9.568,1.580,-10.472
3292307,1901,1889,2357,-0.0867,0.0633,1.1070,-9.064,0.387,-10.854
3292317,2142,2024,2217,-0.0872,0.0597,1.1080,-8.672,-0.824,-11.174
3292327,1884,1917,2349,-0.0843,0.0587,1.1078,-8.147,-1.952,-11.400
3292337,1964,1958,2185,-0.0818,0.0543,1.1050,-7.666,-3.124,-11.579
3292347,1929,1880,2322,-0.0775,0.0502,1.1080,-7.126,-4.325,-11.801
3292357,1893,1940,2158,-0.0688,0.0406,1.1217,-6.768,-5.713,-11.989
3292367,1887,1938,2345,-0.0619,0.0345,1.1345,-6.417,-6.782,-12.127
3292377,1964,1978,2157,-0.0531,0.0382,1.1471,-5.749,-7.252,-11.681
3292387,1875,1937,2341,-0.0470,0.0405,1.1640,-5.133,-7.450,-11.021
3292397,1937,2001,2148,-0.0425,0.0387,1.1705,-4.546,-7.286,-10.666
3292407,1873,1938,2313,-0.0408,0.0414,1.1724,-3.866,-7.034,-10.298
3292417,1902,1960,2143,-0.0420,0.0461,1.1694,-3.646,-6.966,-9.975
3292427,1882,1960,2304,-0.0440,0.0480,1.1573,-3.458,-6.903,-9.772
3292437,1918,1976,2111,-0.0439,0.0469,1.1593,-3.553,-7.281,-9.697
3292447,1872,1934,2271,-0.0427,0.0443,1.1611,-3.957,-7.890,-9.685
3292457,1926,1993,2090,-0.0418,0.0426,1.1532,-4.084,-8.058,-9.559
3292467,1880,1949,2254,-0.0443,0.0404,1.1497,-4.313,-8.427,-9.298
3292477,1878,2028,2089,-0.0488,0.0366,1.1428,-4.517,-9.077,-9.081
3292487,1938,1931,2215,-0.0539,0.0366,1.1299,-4.179,-9.765,-8.673
3292497,1916,2006,2053,-0.0564,0.0343,1.1177,-3.606,-11.023,-8.097
3292507,1873,1976,2185,-0.0588,0.0294,1.1094,-2.719,-12.632,-7.648
3292517,1952,2018,2028,-0.0588,0.0241,1.0997,-1.641,-14.442,-7.218
3292527,1887,1969,2153,-0.0594,0.0214,1.0949,-0.362,-16.339,-6.695
3292537,1891,2003,1935,-0.0592,0.0243,1.0918,0.997,-18.224,-5.848
3292547,1892,2009,2160,-0.0593,0.0296,1.0854,2.609,-19.961,-5.008
3292557,1894,2047,1979,-0.0582,0.0364,1.0841,4.610,-21.669,-4.387
3292567,1896,2009,2127,-0.0577,0.0408,1.0860,6.871,-23.443,-4.073
3292577,1899,2044,1961,-0.0558,0.0448,1.0924,9.354,-25.117,-4.018
3292587,1923,1966,2124,-0.0504,0.0478,1.1042,11.679,-26.690,-4.021
3292597,1902,2022,1945,-0.0406,0.0495,1.1196,13.594,-28.025,-4.041
3292607,1886,2047,2105,-0.0267,0.0504,1.1320,15.147,-28.918,-4.004
3292617,1900,2064,1959,-0.0113,0.0535,1.1420,16.221,-29.444,-3.788
3292627,1894,1995,2054,0.0029,0.0582,1.1430,17.094,-29.533,-3.538
3292637,1894,2048,1972,0.0131,0.0650,1.1402,18.019,-29.289,-3.359
3292647,1886,1999,2040,0.0207,0.0711,1.1357,19.113,-28.864,-3.257
3292657,1902,2057,1959,0.0267,0.0726,1.1366,20.236,-28.437,-3.459
3292667,1886,2000,2038,0.0342,0.0747,1.1380,21.291,-27.995,-3.920
3292677,1897,2071,1970,0.0425,0.0747,1.1357,22.041,-27.360,-4.135
3292687,1899,2013,2026,0.0533,0.0792,1.1450,22.297,-26.697,-3.798
3292697,1900,2059,1958,0.0647,0.0929,1.1620,21.654,-25.908,-2.601
3292707,1902,2016,2010,0.0744,0.1068,1.1667,20.603,-24.280,-1.270
3292717,1890,2102,1951,0.0825,0.1169,1.1725,18.983,-22.403,-0.574
3292727,1908,2104,2081,0.0875,0.1194,1.1740,16.907,-20.684,-0.968
3292737,1891,2112,1988,0.0908,0.1193,1.1703,14.975,-18.928,-1.779
3292747,1903,2093,2007,0.0906,0.1170,1.1633,13.351,-17.142,-2.717
3292757,1890,2141,1956,0.0905,0.1154,1.1569,12.259,-15.495,-3.577
3292767,1904,2061,1974,0.0911,0.1132,1.1499,11.565,-14.052,-4.289
3292777,1892,2119,1949,0.0915,0.1093,1.1425,11.182,-12.718,-4.860
3292787,1904,2079,1989,0.0915,0.1098,1.1356,11.163,-11.478,-5.174
3292797,1894,2113,1953,0.0940,0.1125,1.1289,11.480,-10.325,-5.190
3292807,1903,2061,1977,0.0970,0.1233,1.1413,11.875,-9.305,-4.971
3292817,1892,2126,1977,0.1060,0.1304,1.1593,12.093,-8.125,-4.714
3292827,1896,2094,1994,0.1101,0.1272,1.1609,12.492,-6.240,-5.274
3292837,1896,2115,2012,0.1112,0.1253,1.1634,12.536,-4.440,-6.035
3292847,1901,2032,1999,0.1074,0.1203,1.1642,12.066,-3.054,-6.839
3292857,1898,2107,2023,0.1011,0.1188,1.1591,11.869,-1.714,-6.931
3292867,1902,2031,2036,0.0968,0.1196,1.1556,11.861,-0.532,-6.296
3292877,1899,2097,2027,0.0927,0.1234,1.1521,11.969,0.396,-5.550
3292887,1896,2032,2042,0.0899,0.1297,1.1500,12.134,1.174,-4.819
3292897,1900,2091,2018,0.0865,0.1366,1.1452,12.330,1.848,-4.254
3292907,1895,2031,2030,0.0838,0.1427,1.1431,12.572,2.313,-3.849
3292917,1897,2087,2025,0.0820,0.1476,1.1414,12.806,2.542,-3.590
3292927,1897,2041,2029,0.0796,0.1502,1.1404,12.897,2.598,-3.556
3292937,1897,1971,1983,0.0784,0.1552,1.1407,12.847,2.604,-3.419
3292947,1903,2028,2019,0.0767,0.1588,1.1391,12.565,2.658,-3.132
3292957,1898,2096,2005,0.0747,0.1628,1.1386,11.965,2.637,-2.766
3292967,1902,1993,1998,0.0717,0.1676,1.1383,11.089,2.504,-2.344
3292977,1895,2109,2003,0.0692,0.1717,1.1393,10.031,2.358,-1.886
3292987,1895,2010,2005,0.0668,0.1737,1.1414,8.830,2.179,-1.493
3292997,1896,2054,1963,0.0654,0.1751,1.1435,7.456,1.924,-1.214
3293007,1888,1925,1978,0.0629,0.1767,1.1466,5.928,1.680,-0.991
3293017,1890,1926,1620,0.0611,0.1797,1.1495,4.313,1.380,-0.725
3293027,1895,1939,1606,0.0584,0.1857,1.1526,2.848,1.150,-0.365
3293037,1903,2058,1991,0.0542,0.1958,1.1561,1.588,1.066,0.175
3293047,1889,2029,1844,0.0532,0.2075,1.1677,0.223,1.037,0.760
3293057,1902,2100,2072,0.0565,0.2120,1.1889,-1.917,0.917,0.894
3293067,1892,2005,1962,0.0580,0.2151,1.2127,-5.322,1.000,0.543
3293077,1903,2090,1966,0.0602,0.2192,1.2356,-10.151,1.469,0.368
3293087,1921,2032,1870,0.0570,0.2206,1.2572,-16.083,2.414,0.358
3293097,1915,1918,1841,0.0522,0.2168,1.2684,-21.943,4.005,0.473
3293107,1897,2040,1808,0.0488,0.2066,1.2682,-27.083,5.932,0.471
3293117,1917,2168,1857,0.0519,0.1941,1.2770,-31.249,7.656,0.616
3293127,1895,2099,1730,0.0567,0.1764,1.2840,-34.244,9.437,0.716
3293137,1946,2243,1892,0.0611,0.1549,1.2775,-35.594,11.825,0.377
3293147,1908,2196,1737,0.0636,0.1362,1.2824,-35.550,14.253,-0.056
3293157,1905,2163,1717,0.0375,0.1273,1.3084,-34.461,16.791,-0.706
3293167,1885,2090,1784,0.0253,0.1075,1.2990,-34.058,19.517,-2.559
3293177,1890,2180,1655,0.0375,0.0946,1.3106,-34.117,22.031,-4.000
3293187,1894,2053,1709,0.0570,0.0742,1.3362,-35.100,24.090,-3.570
3293197,1885,2246,1593,0.0739,0.0608,1.3559,-36.045,27.442,-2.093
3293207,1907,2225,1628,0.0761,0.0441,1.3823,-37.938,31.328,0.136
3293217,1888,2273,1596,0.0689,0.0346,1.4019,-40.329,35.779,2.880
3293227,1908,2213,1630,0.0588,0.0286,1.4071,-42.826,40.830,5.905
3293237,1883,2264,1618,0.0496,0.0214,1.4112,-45.756,45.568,8.974
3293247,1904,2137,1591,0.0367,0.0147,1.4145,-48.275,50.178,11.945
3293257,1887,2198,1610,0.0262,0.0056,1.4190,-50.570,54.469,14.756
3293267,1903,2139,1588,0.0117,-0.0056,1.4189,-53.009,58.642,17.415
3293277,1883,2180,1588,0.0002,-0.0131,1.4154,-55.872,63.019,20.532
3293287,1913,2006,1502,-0.0131,-0.0196,1.4064,-59.214,67.395,23.862
3293297,1887,2027,1481,-0.0245,-0.0262,1.3990,-62.859,71.417,26.703
3293307,1919,1919,1429,-0.0354,-0.0374,1.3954,-66.567,75.034,28.925
3293317,1885,1985,1421,-0.0467,-0.0543,1.3853,-69.933,78.484,30.630
3293327,1897,1880,1426,-0.0589,-0.0754,1.3793,-72.946,81.684,32.354
3293337,1889,1955,1412,-0.0737,-0.0945,1.3720,-75.536,84.865,34.711
3293347,1943,1900,1384,-0.0847,-0.1152,1.3618,-77.646,88.050,37.434
3293357,1879,1875,1413,-0.0978,-0.1340,1.3497,-79.325,91.100,40.240
3293367,1936,1944,1360,-0.1143,-0.1509,1.3290,-80.175,94.147,43.201
3293377,1876,1909,1409,-0.1312,-0.1651,1.3077,-80.389,97.180,46.544
3293387,1936,1902,1350,-0.1411,-0.1814,1.2789,-79.848,100.078,49.954
3293397,1885,1897,1447,-0.1599,-0.1972,1.2513,-78.257,102.767,52.692
3293407,1905,1940,1347,-0.1759,-0.2068,1.2361,-75.936,104.751,55.250
3293417,1900,1983,1382,-0.1916,-0.2147,1.2152,-72.833,106.858,58.048
3293427,1898,1905,1361,-0.2053,-0.2195,1.1976,-68.821,109.296,60.796
3293437,1904,1898,1368,-0.2188,-0.2230,1.1773,-64.654,111.743,63.285
3293447,1901,1922,1349,-0.2342,-0.2271,1.1574,-59.608,114.235,64.981
3293457,1889,1882,1352,-0.2389,-0.2318,1.1511,-54.520,116.529,66.671
3293467,2028,1883,1355,-0.2469,-0.2425,1.1327,-49.438,119.270,67.871
3293477,1904,1935,1350,-0.2603,-0.2496,1.1017,-44.107,122.326,68.782
3293487,1902,1878,1364,-0.2769,-0.2487,1.0852,-38.668,125.101,70.262
3293497,1896,1917,1359,-0.2895,-0.2409,1.0650,-33.393,127.848,72.554
3293507,1905,1889,1372,-0.3057,-0.2305,1.0323,-27.777,130.942,74.712
3293517,1907,1873,1380,-0.3209,-0.2178,1.0019,-22.250,133.701,76.513
3293527,1904,1882,1363,-0.3365,-0.2081,0.9781,-16.875,135.714,77.483
3293537,1889,1927,1359,-0.3527,-0.1996,0.9527,-11.836,137.456,77.855
3293547,1919,1873,1372,-0.3705,-0.1891,0.9233,-7.092,139.180,78.385
3293557,1883,1895,1358,-0.3868,-0.1750,0.8947,-2.865,140.772,79.391
3293567,1909,1873,1371,-0.4058,-0.1614,0.8629,0.807,142.058,80.311
3293577,1884,1946,1360,-0.4259,-0.1484,0.8289,3.772,142.809,80.934
3293587,1901,1878,1364,-0.4472,-0.1341,0.7988,6.076,142.865,81.390
3293597,1891,1888,1361,-0.4676,-0.1202,0.7689,7.888,142.384,81.986
3293607,1901,1874,1393,-0.4871,-0.1026,0.7365,9.424,141.543,82.998
3293617,1893,1906,1363,-0.5064,-0.0830,0.7064,10.843,140.177,84.249
3293627,1904,1997,1394,-0.5236,-0.0623,0.6761,11.996,138.240,85.644
3293637,1891,1896,1360,-0.5437,-0.0397,0.6462,13.190,136.005,87.088
3293647,1899,1882,1362,-0.5611,-0.0172,0.6194,14.269,133.400,88.400
3293657,1899,1884,1370,-0.5801,0.0047,0.5904,15.296,130.453,89.167
3293667,1905,1872,1567,-0.5951,0.0252,0.5620,16.305,127.148,89.431
3293677,1886,1902,1361,-0.6079,0.0458,0.5371,17.126,123.391,89.418
3293687,1891,1981,1368,-0.6202,0.0690,0.5139,17.917,119.319,89.222
3293697,1889,1874,1365,-0.6302,0.0970,0.4986,18.820,114.920,88.914
3293707,1908,1881,1432,-0.6371,0.1273,0.4924,19.360,110.039,88.282
3293717,1892,1924,1362,-0.6469,0.1579,0.4858,19.487,105.072,86.727
3293727,1929,1873,1433,-0.6559,0.1855,0.4750,19.095,100.499,84.414
3293737,1901,1941,1419,-0.6626,0.2089,0.4635,18.138,96.186,81.450
3293747,1902,1918,1414,-0.6712,0.2239,0.4512,16.511,91.791,77.544
3293757,1902,1873,1372,-0.6805,0.2258,0.4333,14.338,87.174,72.745
3293767,1899,1878,1382,-0.6923,0.2209,0.4152,11.763,82.344,67.970
3293777,1897,1871,1422,-0.7022,0.2159,0.4043,8.749,77.265,64.240
3293787,1886,1895,1438,-0.7083,0.2139,0.4044,5.205,71.901,61.634
3293797,1894,1989,1395,-0.7146,0.2125,0.4084,1.481,66.632,59.588
3293807,1917,1873,1757,-0.7227,0.2120,0.4028,-2.100,62.033,58.005
3293817,1893,1872,1375,-0.7305,0.2141,0.3912,-5.292,57.999,56.985
3293827,1900,1901,1404,-0.7370,0.2164,0.3776,-8.071,54.063,56.124
3293837,1903,1874,1481,-0.7484,0.2160,0.3603,-10.115,50.153,54.883
3293847,1890,1880,1421,-0.7577,0.2171,0.3512,-11.397,46.012,53.546
3293857,1887,1909,1393,-0.7626,0.2225,0.3588,-12.287,41.515,52.434
3293867,1902,1873,1423,-0.7686,0.2300,0.3681,-12.574,37.376,51.142
3293877,1887,1958,1452,-0.7740,0.2377,0.3742,-12.209,33.996,49.735
3293887,1883,1892,1372,-0.7767,0.2460,0.3850,-11.453,31.050,48.384
3293897,1881,1895,1505,-0.7782,0.2596,0.4026,-10.736,28.233,47.185
3293907,1906,1878,1641,-0.7788,0.2746,0.4155,-9.990,26.052,46.235
3293917,1964,1924,1463,-0.7691,0.2885,0.4231,-9.429,24.400,45.553
3293927,1956,1924,1724,-0.7689,0.2963,0.4131,-9.507,22.858,44.375
3293937,1878,1912,1809,-0.7844,0.3026,0.3973,-9.536,21.070,41.582
3293947,1895,1931,1537,-0.7955,0.3132,0.4003,-9.323,18.707,38.993
3293957,1933,2238,1379,-0.8018,0.3209,0.4005,-8.274,16.325,37.065
3293967,1929,1882,1442,-0.8127,0.3198,0.3852,-6.067,14.514,34.664
3293977,1893,1879,2136,-0.8251,0.3232,0.3856,-3.304,12.400,32.430
3293987,1885,1931,1519,-0.8360,0.3288,0.3936,0.222,10.206,31.066
3293997,1885,1876,1573,-0.8450,0.3456,0.3909,3.519,9.016,30.932
3294007,1903,1871,1608,-0.8491,0.3703,0.4073,6.572,7.375,30.893
3294017,1895,1875,1632,-0.8514,0.4001,0.4317,8.280,5.430,30.452
3294027,1959,1921,1494,-0.8549,0.4268,0.4489,9.414,3.983,28.957
3294037,2012,1975,1774,-0.8575,0.4465,0.4657,9.736,2.980,26.597
3294047,1920,1952,1491,-0.8616,0.4535,0.4686,9.290,2.296,23.361
3294057,1883,1895,1435,-0.8718,0.4479,0.4560,8.363,1.796,19.377
3294067,1929,1884,1461,-0.8848,0.4370,0.4440,6.853,0.923,15.578
3294077,1949,1984,1773,-0.8952,0.4262,0.4421,4.890,-0.623,12.725
3294087,2819,1965,1632,-0.8985,0.4172,0.4544,2.594,-2.634,10.787
3294097,1902,1945,1382,-0.8992,0.4124,0.4742,0.244,-4.625,9.381
3294107,1878,1904,2131,-0.8959,0.4071,0.4928,-1.907,-6.061,8.361
3294117,1882,2101,1944,-0.8941,0.3944,0.4961,-3.514,-6.713,7.191
3294127,1937,1907,1671,-0.8984,0.3755,0.4890,-4.487,-6.892,5.520
3294137,1907,2076,3251,-0.9045,0.3557,0.4794,-4.782,-7.065,4.042
3294147,1932,2090,3237,-0.9060,0.3391,0.4755,-4.518,-7.444,3.479
3294157,2003,1951,1531,-0.9075,0.3283,0.4694,-3.836,-7.948,3.736
3294167,2070,1947,1883,-0.9095,0.3261,0.4535,-2.717,-8.172,4.837
3294177,2084,2008,1852,-0.9040,0.3357,0.4548,-1.325,-8.520,7.022
3294187,1916,2048,2109,-0.8928,0.3456,0.4621,-0.331,-9.492,9.184
3294197,1930,2014,1535,-0.8881,0.3433,0.4503,0.845,-10.173,9.854
3294207,1968,2197,1702,-0.8777,0.3369,0.4612,1.503,-11.501,9.638
3294217,1875,1935,1602,-0.8603,0.3292,0.4976,1.168,-13.878,9.208
3294227,2127,1918,1636,-0.8518,0.3195,0.5078,0.627,-15.241,8.629
3294237,1875,1878,1520,-0.8520,0.3182,0.4875,1.042,-14.763,8.938
3294247,1893,1904,1476,-0.8445,0.3312,0.4878,1.972,-14.120,11.052
3294257,1874,2025,1905,-0.8379,0.3454,0.4998,2.649,-14.370,12.840
3294267,1926,1977,1599,-0.8412,0.3535,0.4903,3.590,-14.398,12.837
3294277,1875,2100,2136,-0.8334,0.3697,0.4972,4.095,-14.634,13.051
3294287,1878,2080,2121,-0.8220,0.3869,0.5032,3.862,-15.215,13.596
3294297,2566,1893,2875,-0.8215,0.3874,0.4866,4.037,-15.137,12.779
3294307,2034,1966,1761,-0.8179,0.3838,0.4935,3.870,-15.918,11.241
3294317,1871,1882,1895,-0.8162,0.3789,0.5149,2.787,-17.566,9.861
3294327,1947,1901,1814,-0.8157,0.3750,0.5180,1.426,-18.404,9.194
3294337,1875,2072,2776,-0.8101,0.3743,0.5152,-0.133,-18.559,9.642
3294347,1886,1981,2158,-0.8019,0.3799,0.5284,-1.812,-18.862,10.535
3294357,1901,1883,1874,-0.7954,0.3856,0.5504,-3.656,-19.556,10.721
3294367,1883,2564,2359,-0.7961,0.3901,0.5530,-5.023,-19.540,10.086
3294377,2331,2236,1381,-0.7949,0.3916,0.5415,-5.532,-18.482,9.806
3294387,2291,1894,2866,-0.7940,0.3874,0.5348,-5.565,-17.657,9.344
3294397,1874,1922,2097,-0.8024,0.3749,0.5270,-5.130,-17.592,7.513
3294407,1875,1973,1900,-0.8085,0.3596,0.5284,-4.129,-17.844,5.572
3294417,1916,1877,1758,-0.8065,0.3578,0.5493,-3.200,-18.278,5.123
3294427,1917,1882,1508,-0.8017,0.3683,0.5703,-2.330,-18.124,5.985
3294437,1887,1909,2237,-0.7985,0.3857,0.5786,-0.899,-16.762,7.099
3294447,1897,2059,1729,-0.7946,0.4049,0.5860,0.759,-15.089,7.635
3294457,1953,2004,1742,-0.7976,0.4141,0.5696,2.491,-13.333,6.634
3294467,1872,1886,1535,-0.8063,0.4060,0.5395,4.864,-11.536,4.283
3294477,1911,1956,1416,-0.8073,0.3895,0.5360,6.341,-11.431,1.798
3294487,2368,2113,4095,-0.8152,0.3779,0.5430,6.392,-12.355,-0.110
3294497,1886,1947,2242,-0.8129,0.3938,0.5695,5.673,-12.604,1.020
3294507,2030,1894,1882,-0.8063,0.4247,0.6004,4.428,-12.092,3.526
3294517,1912,1868,1303,-0.8036,0.4467,0.5991,2.998,-10.694,4.712
3294527,1878,1892,1263,-0.8071,0.4444,0.5714,2.065,-8.852,3.572
3294537,1896,1896,1256,-0.8091,0.4270,0.5628,0.942,-8.382,0.893
3294547,1962,1967,1595,-0.8117,0.3998,0.5645,-0.824,-9.371,-2.265
3294557,1797,1871,2405,-0.8192,0.3673,0.5464,-2.102,-9.743,-4.697
3294567,1818,1988,1825,-0.8207,0.3566,0.5600,-3.119,-10.012,-4.949
3294577,1775,1874,1397,-0.8137,0.3742,0.6078,-4.629,-10.843,-3.039
3294587,1802,1934,1402,-0.8146,0.3993,0.6221,-5.224,-9.784,-0.725
3294597,1804,1900,1459,-0.8099,0.4226,0.6032,-4.804,-6.822,1.335
3294607,1776,2206,1317,-0.8025,0.4282,0.5931,-4.341,-4.661,1.600
3294617,1775,1878,1254,-0.8053,0.4103,0.5838,-4.168,-4.383,-1.467
3294627,1815,1870,1648,-0.8148,0.3807,0.5623,-3.825,-4.579,-5.538
3294637,1800,1869,1846,-0.8156,0.3604,0.5575,-3.366,-4.774,-7.107
3294647,1808,1893,1273,-0.8107,0.3582,0.5762,-3.284,-5.307,-6.246
3294657,1805,2008,1654,-0.8082,0.3670,0.5944,-2.909,-5.372,-4.888
3294667,1839,1868,1292,-0.8047,0.3829,0.6020,-2.236,-4.408,-3.329
3294677,1793,2388,1803,-0.7980,0.3940,0.5970,-1.430,-2.911,-2.184
3294687,1779,1963,1429,-0.7978,0.3894,0.5869,-0.606,-1.778,-2.813
3294697,1804,1881,1350,-0.8013,0.3784,0.5819,-0.125,-1.650,-4.896
3294707,2028,2148,1511,-0.8068,0.3672,0.5650,0.283,-1.516,-6.383
3294717,1866,1897,1452,-0.8084,0.3609,0.5439,1.088,-0.985,-6.432
3294727,1790,2191,1262,-0.8094,0.3553,0.5307,1.957,-1.117,-6.260
3294737,1776,1881,1385,-0.8176,0.3521,0.5176,3.141,-1.911,-6.960
3294747,1779,1876,1489,-0.8267,0.3635,0.5152,4.578,-2.654,-7.176
3294757,1789,1923,1282,-0.8233,0.3965,0.5454,5.685,-3.508,-5.857
3294767,2068,1876,1268,-0.8139,0.4326,0.5696,5.538,-4.134,-4.411
3294777,2403,1871,1296,-0.8075,0.4456,0.5554,5.053,-3.789,-4.844
3294787,3779,2052,2029,-0.8035,0.4323,0.5369,4.007,-3.884,-7.287
3294797,1779,1901,1660,-0.8030,0.4076,0.5385,2.142,-5.740,-11.178
3294807,1784,2174,1886,-0.8055,0.3807,0.5401,0.020,-8.250,-14.738
3294817,3186,2578,1865,-0.8104,0.3620,0.5128,-1.340,-9.911,-16.371
3294827,1741,1922,2586,-0.8082,0.3626,0.5004,-1.198,-11.638,-15.909
3294837,2345,1992,1437,-0.7817,0.3649,0.5468,0.432,-14.965,-15.044
3294847,1938,2138,1309,-0.7429,0.3470,0.6280,3.034,-18.937,-16.596
3294857,2474,1904,1309,-0.7117,0.3272,0.7362,5.734,-21.842,-20.545
3294867,1642,2021,1458,-0.6819,0.3168,0.8158,7.112,-20.660,-23.194
3294877,1636,1887,1731,-0.6913,0.3342,0.8285,7.877,-14.042,-24.597
3294887,2004,2148,1294,-0.6991,0.3666,0.7989,8.029,-4.387,-24.129
3294897,1666,2095,1808,-0.7562,0.3734,0.6622,8.082,6.749,-24.889
3294907,1658,1891,1296,-0.8615,0.3522,0.4225,11.981,18.246,-28.929
3294917,1638,1958,1272,-0.9513,0.3635,0.2676,16.206,23.176,-28.661
3294927,1898,1870,1316,-0.9547,0.4148,0.2047,14.164,16.983,-22.331
3294937,1581,1890,1321,-0.9285,0.4165,0.1523,9.169,5.573,-18.520
3294947,1605,1901,1287,-0.9119,0.3873,0.1410,3.297,-8.510,-21.525
3294957,1617,1926,1272,-0.8972,0.3878,0.2648,-1.537,-24.460,-25.733
3294967,1615,1872,1313,-0.8445,0.4007,0.4504,-5.810,-38.761,-26.147
3294977,1599,1868,1330,-0.8220,0.3861,0.5572,-8.992,-45.802,-27.266
3294987,1585,1866,1376,-0.8175,0.3848,0.5863,-10.133,-46.203,-29.299
3294997,2009,1883,1314,-0.7722,0.4120,0.6728,-13.731,-45.934,-27.767
3295007,2172,1878,1358,-0.7365,0.3964,0.7082,-16.714,-44.886,-29.141
3295017,1575,1864,1296,-0.7474,0.3342,0.6696,-16.023,-41.909,-36.771
3295027,1848,1990,1356,-0.7464,0.2741,0.6486,-14.593,-39.780,-43.101
3295037,1590,1870,1381,-0.7400,0.2183,0.6497,-12.469,-38.532,-45.606
3295047,1591,1889,1429,-0.7446,0.1715,0.6636,-9.324,-37.631,-46.493
3295057,2317,1912,1519,-0.7509,0.1542,0.6982,-5.998,-36.836,-45.121
3295067,1577,1947,1373,-0.7540,0.1677,0.7246,-2.390,-34.595,-40.842
3295077,4095,1960,1292,-0.7502,0.1918,0.7321,1.413,-30.802,-35.645
3295087,1578,1865,1374,-0.7464,0.2048,0.7406,4.780,-27.091,-32.504
3295097,1752,2030,1272,-0.7499,0.2010,0.7511,7.434,-24.523,-32.582
3295107,1575,1955,1285,-0.7622,0.1858,0.7435,9.715,-21.929,-33.695
3295117,1618,1865,1331,-0.7710,0.1793,0.7281,11.324,-18.990,-32.779
3295127,1604,2011,1787,-0.7741,0.1825,0.7264,11.329,-16.829,-29.918
3295137,1584,1935,1375,-0.7787,0.1854,0.7249,9.747,-15.460,-27.027
3295147,2207,2159,1385,-0.7801,0.1882,0.7312,6.797,-14.598,-24.487
3295157,1598,1889,1607,-0.7757,0.1920,0.7499,2.410,-14.101,-21.929
3295167,1613,1995,1419,-0.7772,0.1905,0.7547,-2.664,-13.286,-19.985
3295177,1628,2287,1366,-0.7818,0.1834,0.7488,-7.568,-12.048,-18.684
3295187,1569,1864,2275,-0.7820,0.1744,0.7573,-12.085,-11.166,-17.389
3295197,1583,1959,1442,-0.7849,0.1653,0.7687,-15.762,-10.416,-16.201
3295207,2451,1893,1387,-0.7879,0.1604,0.7676,-17.976,-8.917,-14.644
3295217,1934,2004,1493,-0.7856,0.1611,0.7695,-18.794,-6.707,-12.015
3295227,1850,2201,1576,-0.7844,0.1578,0.7649,-18.785,-4.350,-9.475
3295237,1570,2135,1396,-0.7928,0.1459,0.7489,-17.884,-2.075,-8.314
3295247,1851,2033,1856,-0.7996,0.1308,0.7263,-16.338,-0.148,-7.687
3295257,1574,1961,1602,-0.8042,0.1137,0.7126,-14.083,1.322,-6.858
3295267,1559,1870,1282,-0.8066,0.1131,0.7337,-11.853,1.565,-5.588
3295277,1564,1865,1310,-0.8107,0.1325,0.7572,-9.726,1.772,-3.373
3295287,1574,2141,1523,-0.8129,0.1651,0.7477,-7.042,3.948,0.025
3295297,1666,1881,1289,-0.8057,0.1925,0.7292,-4.430,6.990,3.331
3295307,1567,1952,1375,-0.8010,0.1979,0.7182,-2.726,8.472,3.660
3295317,1770,1870,1420,-0.8136,0.1801,0.6942,-1.395,8.685,0.733
3295327,1661,1974,1320,-0.8285,0.1691,0.6672,-0.052,8.735,-1.391
3295337,1652,1877,1288,-0.8315,0.1769,0.6530,0.776,8.634,-0.353
3295347,1569,1872,1283,-0.8286,0.1904,0.6528,1.223,8.073,1.662
3295357,1606,1954,1448,-0.8231,0.2043,0.6666,0.991,6.709,2.603
3295367,1579,1868,1481,-0.8221,0.2117,0.6738,0.552,5.582,2.465
3295377,1567,1978,1771,-0.8188,0.2180,0.6737,0.050,5.199,2.215
3295387,1582,1871,1331,-0.8169,0.2176,0.6692,-0.757,5.042,1.823
3295397,2917,2072,1318,-0.8193,0.2052,0.6506,-1.594,4.757,0.556
3295407,1569,1871,1357,-0.8206,0.1895,0.6409,-2.224,3.919,-0.942
3295417,1578,2148,1366,-0.8148,0.1796,0.6528,-2.934,2.375,-1.415
3295427,2269,2366,1403,-0.8097,0.1746,0.6631,-3.279,1.084,-1.120
3295437,1573,1938,1387,-0.8093,0.1783,0.6608,-3.026,0.845,-0.282
3295447,2080,2100,1391,-0.8065,0.1868,0.6564,-2.507,1.136,0.952
3295457,1615,1947,1732,-0.8044,0.1908,0.6582,-1.799,1.187,1.510
3295467,1604,1924,1325,-0.8054,0.1841,0.6588,-1.239,0.743,0.809
3295477,1580,1967,1300,-0.8099,0.1710,0.6485,-0.810,0.338,-0.347
3295487,1595,2038,1296,-0.8105,0.1668,0.6509,-0.612,-0.199,-0.560
3295497,2267,2010,1502,-0.8079,0.1688,0.6539,-0.685,-0.859,0.220
3295507,1564,1889,1439,-0.8097,0.1670,0.6378,-0.187,-0.859,0.826
3295517,1580,1896,1424,-0.8114,0.1657,0.6246,0.464,-1.079,1.036
3295527,3094,2222,1465,-0.8133,0.1647,0.6291,1.169,-2.090,1.026
3295537,1535,1874,1461,-0.8156,0.1661,0.6386,1.976,-3.296,1.068
3295547,1568,1894,1302,-0.8179,0.1721,0.6378,2.794,-3.977,1.697
3295557,1624,1877,1529,-0.8165,0.1843,0.6372,3.468,-4.275,2.962
3295567,1558,1921,1319,-0.8140,0.2003,0.6481,3.655,-4.949,4.030
3295577,1535,1947,1445,-0.8124,0.2087,0.6549,3.481,-5.701,4.120
3295587,1561,1945,1400,-0.8125,0.2108,0.6576,3.190,-6.143,3.497
3295597,1539,1873,1313,-0.8104,0.2129,0.6654,2.413,-6.691,2.801
3295607,1584,1975,1423,-0.8101,0.2128,0.6698,1.524,-7.099,2.184
3295617,1535,1885,1324,-0.8125,0.2141,0.6735,0.800,-7.198,1.739
3295627,1582,1892,1360,-0.8118,0.2144,0.6759,0.027,-7.247,1.545
3295637,1585,1869,1467,-0.8118,0.2128,0.6763,-0.742,-7.257,1.364
3295647,1567,1874,1382,-0.8095,0.2124,0.6826,-1.611,-7.405,1.157
3295657,1564,1878,1506,-0.8091,0.2111,0.6882,-2.521,-7.532,0.960
3295667,1556,1885,2294,-0.8088,0.2108,0.6890,-3.190,-7.279,0.849
3295677,1676,1885,1366,-0.8070,0.2132,0.6954,-3.700,-6.868,0.975
3295687,1560,1861,1320,-0.8034,0.2155,0.7147,-4.330,-6.607,1.048
3295697,1603,1881,1350,-0.8059,0.2173,0.7257,-5.208,-6.146,0.698
3295707,1585,1931,1331,-0.8112,0.2115,0.7033,-5.882,-4.586,0.260
3295717,1588,1945,1736,-0.8098,0.2003,0.6824,-6.448,-3.131,0.126
3295727,1575,1864,1354,-0.8066,0.1870,0.6887,-7.643,-3.471,-0.364
3295737,1583,1875,1510,-0.8126,0.1701,0.6857,-8.640,-4.301,-1.395
3295747,1574,1872,1358,-0.8190,0.1618,0.6652,-8.613,-4.384,-1.321
3295757,1557,1869,1406,-0.8158,0.1679,0.6550,-8.121,-4.464,0.734
3295767,1575,1912,1606,-0.8137,0.1768,0.6575,-7.209,-5.228,2.817
3295777,1595,2046,2090,-0.8154,0.1837,0.6616,-5.762,-6.330,3.631
3295787,1578,1904,1393,-0.8145,0.1900,0.6696,-3.998,-7.273,4.046
3295797,1592,1951,1310,-0.8121,0.1967,0.6762,-2.273,-7.891,4.513
3295807,1580,1936,1311,-0.8107,0.2000,0.6817,-0.677,-8.338,4.535
3295817,1577,1858,1365,-0.8119,0.2014,0.6829,0.658,-8.801,4.037
3295827,1583,1922,1354,-0.8145,0.2055,0.6828,1.808,-9.283,3.571
3295837,1583,1862,1351,-0.8173,0.2122,0.6750,3.106,-9.571,3.397
3295847,1581,1898,1385,-0.8174,0.2225,0.6750,4.383,-10.006,3.452
3295857,1583,1870,1357,-0.8159,0.2349,0.6802,5.257,-10.894,3.325
3295867,1587,1882,1422,-0.8145,0.2489,0.6832,5.851,-11.869,2.940
3295877,1587,1901,1323,-0.8120,0.2680,0.6853,6.129,-12.645,2.665
3295887,1573,1894,1389,-0.8070,0.2889,0.6789,6.228,-13.236,2.384
3295897,1604,1886,1409,-0.8017,0.3076,0.6737,6.359,-13.995,1.407
3295907,1581,1894,1402,-0.7977,0.3158,0.6678,6.540,-15.319,-0.859
3295917,1570,1857,1365,-0.7943,0.3126,0.6623,6.818,-17.085,-4.320
3295927,1574,1862,1365,-0.7909,0.3038,0.6550,7.300,-19.012,-8.141
3295937,1578,1858,1403,-0.7884,0.2971,0.6467,8.088,-20.913,-11.596
3295947,1582,1885,1394,-0.7867,0.2964,0.6315,9.522,-22.592,-14.257
3295957,1584,1869,1377,-0.7862,0.3053,0.6120,11.787,-24.102,-16.229
3295967,1561,1874,1361,-0.7882,0.3171,0.5924,14.757,-25.939,-18.280
3295977,1568,1872,1366,-0.7934,0.3253,0.5713,18.149,-28.520,-21.299
3295987,1568,1875,1336,-0.7979,0.3294,0.5512,21.679,-31.898,-25.180
3295997,1581,1864,1346,-0.7984,0.3341,0.5350,25.181,-35.901,-29.077
3296007,1599,1883,1383,-0.7895,0.3407,0.5296,28.521,-40.526,-32.514
3296017,1582,1861,1351,-0.7726,0.3432,0.5367,31.441,-45.822,-35.910
3296027,1586,1927,1412,-0.7599,0.3382,0.5463,33.688,-51.373,-40.080
3296037,1569,1923,1416,-0.7531,0.3282,0.5480,35.436,-56.525,-44.534
3296047,1584,1880,1414,-0.7436,0.3220,0.5367,36.774,-61.171,-47.858
3296057,1581,1951,1353,-0.7281,0.3175,0.5184,37.712,-65.765,-49.833
3296067,1586,1946,1436,-0.7064,0.3100,0.5120,37.966,-71.420,-51.594
3296077,1589,1871,1344,-0.6819,0.2939,0.5226,37.514,-78.597,-54.014
3296087,1588,1901,1433,-0.6549,0.2711,0.5451,36.287,-86.533,-56.711
3296097,1585,1860,1370,-0.6213,0.2455,0.5691,33.081,-94.753,-57.861
3296107,1584,1894,1430,-0.5865,0.2245,0.5982,29.239,-102.044,-57.754
3296117,1581,1866,1400,-0.5563,0.2056,0.6284,25.015,-108.601,-57.195
3296127,1584,1885,1438,-0.5306,0.1890,0.6567,20.711,-114.293,-56.466
3296137,1588,1870,1396,-0.5080,0.1772,0.6834,16.519,-119.082,-55.333
3296147,1570,1869,1468,-0.4846,0.1662,0.7096,12.594,-123.077,-53.907
3296157,1600,1862,1391,-0.4626,0.1540,0.7382,8.974,-126.527,-52.878
3296167,1584,1919,1476,-0.4426,0.1414,0.7690,5.769,-129.491,-52.475
3296177,1586,1862,1365,-0.4237,0.1321,0.7916,3.201,-131.597,-52.118
3296187,1581,1896,1429,-0.4046,0.1241,0.8017,1.622,-132.648,-51.553
3296197,1587,1870,1420,-0.3834,0.1181,0.8143,0.888,-133.249,-51.023
3296207,1589,1912,1447,-0.3622,0.1076,0.8315,0.685,-133.823,-51.182
3296217,1595,1865,1400,-0.3438,0.0913,0.8455,1.131,-134.215,-52.210
3296227,1594,1873,1444,-0.3248,0.0767,0.8609,2.008,-134.367,-53.157
3296237,1601,1871,1372,-0.3044,0.0659,0.8724,3.166,-134.200,-53.338
3296247,1585,1883,1432,-0.2838,0.0592,0.8818,4.925,-133.784,-52.952
3296257,1596,1873,1355,-0.2586,0.0556,0.9042,7.112,-133.542,-52.116
3296267,1583,1899,1423,-0.2324,0.0524,0.9274,9.196,-133.442,-51.114
3296277,1600,1904,1441,-0.2111,0.0458,0.9474,11.665,-132.915,-50.426
3296287,1583,1874,1411,-0.1885,0.0419,0.9685,14.063,-131.831,-49.259
3296297,1607,1863,1392,-0.1652,0.0406,0.9885,16.382,-130.406,-47.592
3296307,1582,1908,1402,-0.1423,0.0392,1.0131,18.418,-128.729,-45.973
3296317,1646,1868,1472,-0.1200,0.0390,1.0363,19.864,-126.895,-44.593
3296327,1587,1909,1432,-0.1020,0.0418,1.0574,21.074,-124.702,-43.305
3296337,1601,1958,1360,-0.0816,0.0516,1.0756,22.019,-122.199,-41.449
3296347,1583,1890,1391,-0.0633,0.0594,1.0880,22.981,-119.273,-39.353
3296357,1599,1868,1397,-0.0452,0.0614,1.1038,23.911,-116.542,-37.874
3296367,1584,1864,1390,-0.0317,0.0551,1.1199,24.487,-114.161,-37.156
3296377,1615,1871,1366,-0.0211,0.0461,1.1374,24.591,-111.885,-36.574
3296387,1581,1932,1419,-0.0088,0.0425,1.1605,23.920,-109.553,-34.966
3296397,1600,1943,1372,0.0048,0.0470,1.1886,22.497,-106.850,-32.077
3296407,1583,1984,1402,0.0194,0.0556,1.2115,20.561,-103.630,-28.570
3296417,1602,1926,1370,0.0359,0.0632,1.2302,17.889,-100.163,-25.085
3296427,1584,2027,1411,0.0439,0.0633,1.2461,14.912,-96.747,-22.365
3296437,1625,2143,1404,0.0534,0.0582,1.2610,11.942,-93.320,-20.098
3296447,1584,1963,1439,0.0583,0.0531,1.2698,8.918,-89.848,-17.844
3296457,1622,1865,1368,0.0602,0.0507,1.2737,6.187,-86.330,-15.411
3296467,1586,2015,1425,0.0575,0.0581,1.2748,3.942,-82.906,-12.781
3296477,1608,2016,1429,0.0549,0.0669,1.2755,2.367,-79.292,-10.120
3296487,1584,1992,1539,0.0533,0.0780,1.2884,2.496,-75.980,-8.076
3296497,1612,1893,1588,0.0588,0.0816,1.2940,3.149,-72.788,-6.570
3296507,1586,1989,1582,0.0568,0.0860,1.2968,4.357,-69.489,-5.422
3296517,1597,1947,1511,0.0621,0.0968,1.3054,6.196,-66.177,-4.121
3296527,1602,2003,1495,0.0684,0.1060,1.3088,7.914,-62.701,-2.742
3296537,1637,2052,1526,0.0725,0.1127,1.3056,9.781,-59.227,-2.027
3296547,1594,1967,1476,0.0766,0.1186,1.3072,11.705,-55.931,-1.648
3296557,1607,1945,1424,0.0801,0.1257,1.3046,13.787,-52.662,-1.392
3296567,1608,1990,1472,0.0814,0.1321,1.2981,16.033,-49.317,-1.340
3296577,1610,1946,1415,0.0827,0.1407,1.2981,18.439,-46.245,-1.443
3296587,1616,1929,1407,0.0828,0.1508,1.3017,20.940,-43.333,-1.562
3296597,1614,1931,1403,0.0843,0.1632,1.3074,23.371,-40.386,-1.534
3296607,1599,1999,1456,0.0918,0.1724,1.3115,25.168,-37.449,-1.367
3296617,1619,1932,1408,0.0973,0.1779,1.3076,26.375,-34.343,-1.356
3296627,1597,1968,1356,0.1047,0.1849,1.3069,26.694,-31.323,-1.180
3296637,1612,1906,1387,0.1098,0.1921,1.3015,26.168,-28.410,-0.833
3296647,1590,1903,1422,0.1097,0.2001,1.2873,25.171,-25.378,-0.440
3296657,1613,1892,1375,0.1085,0.2098,1.2783,23.660,-22.619,-0.023
3296667,1583,1934,1378,0.1060,0.2165,1.2712,21.761,-20.290,-0.029
3296677,1641,1882,1362,0.1027,0.2191,1.2623,19.637,-18.235,-0.489
3296687,1584,1947,1377,0.1007,0.2208,1.2500,17.453,-16.317,-1.038
3296697,1639,1921,1363,0.1019,0.2204,1.2367,15.163,-14.717,-1.455
3296707,1584,1909,1360,0.1023,0.2185,1.2259,12.784,-13.487,-1.755
3296717,1663,1922,1356,0.1013,0.2173,1.2127,10.469,-12.469,-2.039
3296727,1585,1967,1383,0.1041,0.2162,1.2005,8.131,-11.780,-2.120
3296737,1639,1896,1356,0.1051,0.2122,1.1910,5.788,-11.357,-2.113
3296747,1587,1953,1376,0.1057,0.2089,1.1868,3.627,-11.162,-2.047
3296757,1676,1859,1357,0.1056,0.2090,1.1857,1.583,-11.062,-1.660
3296767,1594,1863,1382,0.1053,0.2109,1.1851,-0.292,-10.863,-1.065
3296777,1641,1894,1383,0.1048,0.2112,1.1841,-2.115,-10.569,-0.437
3296787,1586,1874,1391,0.1038,0.2102,1.1789,-3.642,-10.100,-0.044
3296797,1736,1875,1362,0.1042,0.2067,1.1726,-4.739,-9.519,0.129
3296807,1586,1877,1391,0.1049,0.2026,1.1633,-5.350,-8.855,0.080
3296817,1637,1867,1360,0.1043,0.1996,1.1538,-5.333,-8.153,-0.084
3296827,1593,1945,1410,0.1062,0.1976,1.1449,-4.862,-7.560,-0.301
3296837,1615,1880,1360,0.1090,0.1950,1.1358,-3.855,-7.000,-0.591
3296847,1590,1931,1426,0.1165,0.1949,1.1513,-2.593,-6.670,-0.878
3296857,1627,1920,1361,0.1241,0.1896,1.1668,-1.786,-6.398,-1.250
3296867,1588,1998,1416,0.1287,0.1881,1.1705,-0.603,-5.218,-1.468
3296877,1615,1903,1361,0.1300,0.1850,1.1823,0.043,-4.173,-1.338
3296887,1593,1989,1368,0.1298,0.1771,1.1872,0.068,-3.253,-1.341
3296897,1632,1939,1366,0.1272,0.1679,1.1866,-0.128,-2.355,-1.394
3296907,1597,1976,1378,0.1253,0.1627,1.1917,-0.504,-1.778,-1.208
3296917,1630,1905,1366,0.1224,0.1596,1.1872,-0.572,-1.017,-0.713
3296927,1597,1969,1392,0.1190,0.1609,1.1797,0.079,-0.019,-0.072
3296937,1616,1936,1363,0.1194,0.1606,1.1820,0.932,0.627,0.584
3296947,1593,1992,1372,0.1166,0.1579,1.1761,2.261,1.338,0.775
3296957,1642,1943,1365,0.1133,0.1559,1.1656,4.016,2.244,0.905
3296967,1600,2008,1375,0.1108,0.1553,1.1594,5.675,2.915,1.089
3296977,1638,1950,1365,0.1070,0.1547,1.1510,7.286,3.484,1.233
3296987,1600,2004,1376,0.1051,0.1570,1.1427,9.009,4.036,1.395
3296997,1624,1928,1372,0.1044,0.1594,1.1345,10.640,4.421,1.604
3297007,1596,2010,1367,0.1031,0.1628,1.1276,12.487,4.803,1.715
3297017,1632,1960,1378,0.1041,0.1677,1.1251,14.319,5.116,1.792
3297027,1599,2031,1384,0.1028,0.1716,1.1181,16.003,5.465,1.708
3297037,1637,1966,1374,0.0999,0.1757,1.1123,17.577,5.810,1.361
3297047,1595,2014,1370,0.1013,0.1802,1.1150,18.640,5.811,1.083
3297057,1664,1968,1399,0.0953,0.1859,1.1091,19.295,6.052,0.997
3297067,1598,2040,1402,0.0928,0.1957,1.1078,19.574,6.255,1.282
3297077,1642,1974,1439,0.0919,0.2043,1.1092,19.308,6.188,1.617
3297087,1597,2043,1440,0.0904,0.2109,1.1090,18.866,5.983,1.410
3297097,1646,2001,1399,0.0880,0.2187,1.1084,18.260,5.721,1.123
3297107,1598,2064,1383,0.0878,0.2282,1.1108,17.395,5.419,1.106
3297117,1645,2003,1383,0.0891,0.2378,1.1159,16.429,5.114,1.016
3297127,1600,2087,1396,0.0900,0.2454,1.1198,15.291,4.886,0.702
3297137,1645,2006,1396,0.0889,0.2524,1.1201,14.110,4.766,0.310
3297147,1601,2075,1428,0.0873,0.2585,1.1207,12.926,4.540,-0.082
3297157,1641,2063,1414,0.0884,0.2647,1.1238,11.569,4.136,-0.549
3297167,1600,2084,1435,0.0899,0.2861,1.1451,10.473,4.084,-0.598
3297177,1649,2027,1375,0.1047,0.2877,1.1497,10.448,3.801,-1.489
3297187,1597,2055,1446,0.0952,0.2616,1.1401,12.700,3.788,-5.483
3297197,1647,1989,1400,0.0856,0.2471,1.1462,15.601,3.069,-9.028
3297207,1601,2062,1441,0.0881,0.2555,1.1580,19.279,3.144,-8.279
3297217,1647,1988,1397,0.0979,0.2669,1.1586,22.911,4.350,-5.743
3297227,1599,2019,1425,0.0932,0.2664,1.1518,26.025,5.253,-5.822
3297237,1649,1962,1397,0.0882,0.2651,1.1598,27.575,4.940,-7.398
3297247,1600,2030,1420,0.0842,0.2716,1.1585,27.507,4.812,-7.588
3297257,1643,1982,1390,0.0840,0.2872,1.1474,26.486,5.460,-5.886
3297267,1604,2028,1407,0.0875,0.3028,1.1426,24.449,5.742,-3.692
3297277,1648,1963,1392,0.0864,0.3127,1.1381,21.693,5.411,-2.705
3297287,1600,2023,1421,0.0802,0.3169,1.1272,19.027,5.001,-2.772
3297297,1650,1982,1387,0.0777,0.3194,1.1209,16.420,4.556,-2.482
3297307,1601,2006,1428,0.0752,0.3215,1.1135,13.983,4.226,-1.861
3297317,1651,1945,1387,0.0708,0.3226,1.1024,11.803,3.960,-1.562
3297327,1601,2021,1415,0.0694,0.3226,1.1004,9.971,3.318,-1.430
3297337,1650,1957,1394,0.0696,0.3219,1.0974,8.557,2.725,-1.215
3297347,1601,2017,1400,0.0695,0.3207,1.0904,7.613,2.463,-1.038
3297357,1655,1967,1384,0.0730,0.3194,1.0916,6.806,2.026,-0.856
3297367,1600,2013,1399,0.0761,0.3167,1.0896,6.195,1.541,-0.803
3297377,1647,1969,1397,0.0744,0.3135,1.0827,6.008,1.360,-0.777
3297387,1601,2005,1422,0.0756,0.3143,1.0883,5.951,1.015,-0.520
3297397,1651,1959,1410,0.0783,0.3162,1.0937,5.957,0.717,-0.205
3297407,1601,2009,1399,0.0804,0.3142,1.0927,6.174,0.727,-0.273
3297417,1652,1963,1418,0.0807,0.3131,1.0930,6.530,0.712,-0.631
3297427,1603,2003,1403,0.0815,0.3156,1.0983,6.753,0.623,-0.726
3297437,1655,1951,1393,0.0826,0.3159,1.0994,6.862,0.712,-0.807
3297447,1602,2018,1446,0.0817,0.3144,1.0962,7.017,0.932,-1.106
3297457,1653,1960,1432,0.0822,0.3149,1.0986,7.071,1.057,-1.269
3297467,1603,2004,1404,0.0828,0.3171,1.1006,6.959,1.201,-1.182
3297477,1660,1964,1420,0.0808,0.3185,1.0986,6.991,1.491,-1.128
3297487,1607,2032,1439,0.0784,0.3206,1.0992,6.969,1.766,-0.925
3297497,1658,1945,1431,0.0777,0.3235,1.0991,6.920,1.971,-0.585
3297507,1604,2013,1467,0.0750,0.3267,1.0970,6.853,2.130,-0.403
3297517,1653,1953,1418,0.0718,0.3289,1.0974,6.664,2.095,-0.393
3297527,1601,2002,1452,0.0708,0.3311,1.0988,6.315,1.912,-0.349
3297537,1668,1955,1419,0.0723,0.3335,1.1017,5.879,1.779,-0.222
3297547,1600,2009,1462,0.0738,0.3345,1.1029,5.373,1.711,-0.106
3297557,1687,1944,1424,0.0743,0.3373,1.1024,4.709,1.719,0.091
3297567,1601,2003,1424,0.0743,0.3410,1.1020,3.991,1.822,0.330
3297577,1668,1941,1421,0.0740,0.3432,1.1012,3.186,1.875,0.359
3297587,1605,2005,1445,0.0706,0.3438,1.0979,2.431,1.902,0.064
3297597,1673,1948,1426,0.0668,0.3438,1.0956,1.717,1.918,-0.215
3297607,1605,1995,1460,0.0646,0.3443,1.0924,0.997,1.887,-0.304
3297617,1677,1950,1432,0.0637,0.3451,1.0906,0.259,1.805,-0.391
3297627,1606,2007,1463,0.0636,0.3449,1.0906,-0.395,1.639,-0.669
3297637,1671,1985,1463,0.0640,0.3443,1.0905,-0.958,1.408,-1.080
3297647,1607,2006,1449,0.0646,0.3429,1.0935,-1.419,1.272,-1.544
3297657,1680,1942,1424,0.0653,0.3422,1.0946,-1.894,1.203,-2.051
3297667,1607,2005,1448,0.0646,0.3407,1.0953,-2.232,1.216,-2.591
3297677,1675,1960,1444,0.0641,0.3388,1.0960,-2.661,1.245,-3.006
3297687,1607,2021,1451,0.0643,0.3357,1.0954,-3.083,1.281,-3.339
3297697,1677,1956,1417,0.0640,0.3325,1.0947,-3.488,1.294,-3.574
3297707,1605,2021,1416,0.0640,0.3295,1.0936,-3.927,1.282,-3.699
3297717,1680,1972,1440,0.0625,0.3256,1.0921,-4.182,1.264,-3.853
3297727,1611,2031,1488,0.0606,0.3221,1.0919,-4.364,1.148,-3.893
3297737,1680,1966,1455,0.0592,0.3202,1.0924,-4.232,0.978,-3.678
3297747,1608,2051,1466,0.0591,0.3168,1.0921,-3.963,0.727,-3.472
3297757,1677,1975,1437,0.0589,0.3137,1.0899,-3.541,0.484,-3.366
3297767,1609,2037,1478,0.0583,0.3120,1.0902,-3.038,0.220,-3.176
3297777,1680,1990,1418,0.0581,0.3115,1.0901,-2.501,-0.040,-2.883
3297787,1609,2060,1405,0.0586,0.3124,1.0916,-1.957,-0.276,-2.528
3297797,1678,1971,1447,0.0596,0.3124,1.0943,-1.421,-0.531,-2.210
3297807,1611,2028,1490,0.0602,0.3123,1.0960,-0.937,-0.739,-1.972
3297817,1681,1970,1436,0.0602,0.3120,1.0964,-0.535,-0.902,-1.793
3297827,1610,2014,1470,0.0599,0.3128,1.0950,-0.170,-0.985,-1.551
3297837,1680,1980,1456,0.0599,0.3138,1.0938,0.236,-0.977,-1.277
3297847,1612,2028,1494,0.0594,0.3157,1.0927,0.701,-0.978,-1.027
3297857,1680,1966,1412,0.0588,0.3175,1.0914,1.192,-1.043,-0.814
3297867,1615,2025,1491,0.0592,0.3189,1.0923,1.668,-1.142,-0.647
3297877,1678,1977,1473,0.0591,0.3208,1.0924,2.128,-1.214,-0.576
3297887,1612,2029,1518,0.0602,0.3220,1.0923,2.506,-1.283,-0.569
3297897,1695,1959,1505,0.0597,0.3229,1.0923,2.863,-1.319,-0.595
3297907,1612,2028,1483,0.0609,0.3247,1.0932,3.166,-1.351,-0.525
3297917,1679,1976,1471,0.0606,0.3272,1.0932,3.403,-1.369,-0.431
3297927,1614,2017,1481,0.0599,0.3303,1.0924,3.572,-1.299,-0.301
3297937,1680,1971,1459,0.0599,0.3335,1.0917,3.688,-1.272,-0.157
3297947,1614,2019,1489,0.0590,0.3357,1.0918,3.727,-1.235,-0.114
3297957,1677,1971,1497,0.0580,0.3384,1.0909,3.596,-1.200,-0.094
3297967,1615,2041,1587,0.0578,0.3404,1.0916,3.313,-1.191,-0.013
3297977,1679,1980,1422,0.0568,0.3409,1.0895,2.969,-1.188,-0.027
3297987,1615,2019,1495,0.0569,0.3421,1.0902,2.503,-1.268,0.004
3297997,1679,1983,1467,0.0583,0.3428,1.0922,1.941,-1.426,0.091
3298007,1616,2029,1504,0.0584,0.3416,1.0911,1.427,-1.484,0.019
3298017,1678,1970,1467,0.0604,0.3405,1.0912,0.993,-1.538,-0.128
3298027,1616,2022,1516,0.0601,0.3386,1.0893,0.676,-1.527,-0.341
3298037,1684,1979,1524,0.0596,0.3366,1.0884,0.425,-1.536,-0.481
3298047,1616,2000,1521,0.0601,0.3352,1.0893,0.226,-1.582,-0.405
3298057,1679,1964,1427,0.0604,0.3342,1.0896,0.158,-1.581,-0.248
3298067,1615,2022,1515,0.0611,0.3325,1.0908,0.175,-1.603,-0.154
3298077,1679,1967,1469,0.0628,0.3310,1.0948,0.197,-1.638,-0.136
3298087,1616,2023,1490,0.0631,0.3304,1.0957,0.250,-1.560,-0.144
3298097,1677,1971,1468,0.0626,0.3309,1.0944,0.310,-1.350,-0.019
3298107,1616,2023,1515,0.0615,0.3327,1.0929,0.356,-1.146,0.251
3298117,1680,1971,1480,0.0604,0.3351,1.0908,0.432,-0.985,0.505
3298127,1616,2020,1456,0.0597,0.3362,1.0902,0.538,-0.908,0.634
3298137,1677,1979,1493,0.0597,0.3370,1.0896,0.643,-0.941,0.647
3298147,1618,2028,1505,0.0597,0.3381,1.0904,0.768,-1.004,0.554
3298157,1690,1966,1491,0.0604,0.3394,1.0904,0.872,-1.019,0.461
3298167,1618,2029,1671,0.0603,0.3405,1.0918,0.943,-0.963,0.399
3298177,1680,1961,1468,0.0609,0.3414,1.0913,0.990,-0.903,0.315
3298187,1618,2002,1509,0.0599,0.3404,1.0909,0.989,-0.891,0.164
3298197,1680,1971,1522,0.0594,0.3407,1.0907,0.991,-0.929,0.050
3298207,1618,2040,1595,0.0593,0.3410,1.0895,0.935,-0.949,0.040
3298217,1680,1971,1538,0.0603,0.3419,1.0876,0.864,-0.926,0.084
3298227,1617,1999,1465,0.0611,0.3435,1.0872,0.769,-0.920,0.082
3298237,1676,1982,1482,0.0611,0.3434,1.0876,0.683,-0.988,-0.019
3298247,1619,2015,1519,0.0601,0.3426,1.0884,0.601,-0.997,-0.165
3298257,1683,1964,1475,0.0604,0.3424,1.0879,0.526,-0.971,-0.233
3298267,1622,2019,1532,0.0609,0.3429,1.0885,0.407,-0.970,-0.223
3298277,1678,1956,1473,0.0609,0.3429,1.0882,0.319,-0.962,-0.270
3298287,1621,2030,1539,0.0601,0.3417,1.0865,0.288,-0.954,-0.421
3298297,1683,1940,1433,0.0606,0.3418,1.0871,0.195,-0.990,-0.455
3298307,1622,2015,1488,0.0608,0.3419,1.0853,0.142,-0.987,-0.401
3298317,1686,1963,1486,0.0604,0.3413,1.0844,0.171,-0.931,-0.426
3298327,1623,2018,1525,0.0602,0.3411,1.0845,0.185,-0.968,-0.500
3298337,1686,1966,1463,0.0601,0.3406,1.0851,0.193,-1.052,-0.597
3298347,1621,2025,1511,0.0602,0.3408,1.0845,0.238,-1.076,-0.683
3298357,1679,1969,1512,0.0599,0.3415,1.0865,0.253,-1.107,-0.659
3298367,1625,2021,1551,0.0599,0.3418,1.0870,0.244,-1.134,-0.636
3298377,1679,1973,1457,0.0588,0.3425,1.0865,0.242,-1.127,-0.686
3298387,1627,2041,1475,0.0594,0.3435,1.0871,0.203,-1.163,-0.711
3298397,1683,1958,1487,0.0597,0.3436,1.0868,0.149,-1.202,-0.688
3298407,1627,2030,1540,0.0604,0.3438,1.0875,0.063,-1.185,-0.678
3298417,1684,1973,1513,0.0618,0.3429,1.0881,-0.079,-1.184,-0.716
3298427,1624,2021,1716,0.0618,0.3417,1.0879,-0.219,-1.170,-0.824
3298437,1685,1942,1505,0.0615,0.3413,1.0879,-0.295,-1.135,-0.867
3298447,1625,2012,1563,0.0609,0.3412,1.0869,-0.249,-1.098,-0.796
3298457,1680,1990,1504,0.0609,0.3414,1.0875,-0.120,-1.073,-0.718
3298467,1625,1998,1510,0.0602,0.3417,1.0885,0.056,-1.070,-0.730
3298477,1682,1967,1475,0.0597,0.3419,1.0888,0.209,-1.098,-0.751
3298487,1625,2012,1533,0.0591,0.3432,1.0897,0.315,-1.084,-0.679
3298497,1684,1965,1499,0.0592,0.3444,1.0885,0.333,-1.025,-0.547
3298507,1627,2023,1521,0.0578,0.3446,1.0877,0.279,-0.957,-0.462
3298517,1686,1959,1485,0.0580,0.3450,1.0861,0.188,-0.924,-0.397
3298527,1629,2023,1460,0.0578,0.3455,1.0871,0.060,-0.906,-0.288
3298537,1682,1977,1512,0.0585,0.3462,1.0866,-0.067,-0.889,-0.212
3298547,1630,2013,1571,0.0573,0.3462,1.0871,-0.120,-0.880,-0.239
3298557,1691,1989,1494,0.0584,0.3470,1.0870,-0.150,-0.901,-0.295
3298567,1628,2032,1506,0.0582,0.3478,1.0882,-0.142,-0.911,-0.392
3298577,1684,1977,1507,0.0590,0.3465,1.0894,-0.201,-0.978,-0.558
3298587,1627,2007,1608,0.0577,0.3444,1.0892,-0.254,-1.042,-0.751
3298597,1686,1959,1604,0.0582,0.3425,1.0877,-0.297,-1.049,-0.824
3298607,1628,2024,1566,0.0599,0.3425,1.0866,-0.386,-1.112,-0.723
3298617,1687,1968,1520,0.0600,0.3406,1.0843,-0.375,-1.173,-0.722
