.1465,1.1185,3.372,-0.114,0.635
2040112,1739,1618,2055,-0.1949,0.1473,1.1168,3.286,0.060,0.575
2040122,1694,1624,2078,-0.1954,0.1474,1.1176,3.070,0.204,0.508
2040132,1703,1606,1679,-0.1961,0.1473,1.1182,2.693,0.276,0.436
2040142,1688,1608,1844,-0.1963,0.1470,1.1176,2.261,0.377,0.361
2040152,1702,1610,1905,-0.1966,0.1487,1.1166,1.899,0.503,0.332
2040162,1708,1618,1881,-0.1966,0.1504,1.1151,1.571,0.587,0.352
2040172,1712,1616,1894,-0.1960,0.1525,1.1135,1.252,0.629,0.388
2040182,1689,1612,2048,-0.1966,0.1527,1.1120,0.974,0.676,0.399
2040192,1689,1613,1984,-0.1968,0.1525,1.1123,0.740,0.642,0.392
2040202,1869,1613,1691,-0.1972,0.1529,1.1129,0.479,0.506,0.396
2040212,1741,1611,1795,-0.1980,0.1528,1.1143,0.243,0.388,0.399
2040222,1703,1614,1972,-0.1985,0.1539,1.1162,-0.024,0.307,0.416
2040232,1685,1614,1882,-0.1991,0.1551,1.1177,-0.392,0.179,0.454
2040242,1760,1610,2017,-0.2006,0.1568,1.1182,-0.912,0.117,0.473
2040252,1759,1612,1922,-0.2000,0.1572,1.1217,-1.557,0.047,0.494
2040262,1725,1615,1754,-0.1985,0.1577,1.1256,-2.290,0.031,0.521
2040272,1845,1625,1891,-0.1979,0.1574,1.1262,-3.105,0.225,0.527
2040282,1684,1611,1823,-0.1977,0.1581,1.1279,-4.040,0.533,0.514
2040292,1749,1625,1899,-0.2001,0.1591,1.1282,-5.102,0.915,0.477
2040302,1767,1627,1708,-0.2031,0.1582,1.1275,-6.211,1.314,0.441
2040312,1704,1613,1859,-0.2061,0.1573,1.1274,-7.407,1.641,0.454
2040322,1864,1612,2034,-0.2079,0.1569,1.1322,-8.683,1.780,0.538
2040332,1736,1643,1820,-0.2088,0.1572,1.1375,-9.983,1.893,0.661
2040342,1789,1611,1901,-0.2088,0.1571,1.1427,-11.202,2.085,0.810
2040352,1733,1617,1764,-0.2086,0.1556,1.1427,-12.459,2.423,0.919
2040362,2040,1615,1691,-0.2079,0.1530,1.1455,-13.839,2.764,1.044
2040372,1718,1690,1713,-0.2033,0.1523,1.1507,-15.407,2.967,1.270
2040382,1762,1618,2062,-0.1988,0.1501,1.1508,-17.087,3.284,1.581
2040392,1816,1617,1872,-0.1966,0.1522,1.1468,-18.717,3.821,2.030
2040402,2057,1627,1719,-0.1961,0.1494,1.1412,-20.471,4.387,2.350
2040412,1741,1616,2204,-0.1965,0.1418,1.1364,-22.249,4.842,2.568
2040422,1720,1615,1755,-0.1960,0.1395,1.1374,-24.080,5.225,2.875
2040432,2195,1623,1875,-0.1949,0.1354,1.1415,-26.061,5.528,3.291
2040442,2087,1808,1999,-0.1953,0.1334,1.1404,-27.931,6.027,3.765
2040452,2011,1680,2235,-0.1992,0.1353,1.1359,-29.862,6.599,4.341
2040462,1978,1670,1758,-0.2064,0.1374,1.1263,-31.986,7.012,4.902
2040472,2581,1619,1729,-0.2140,0.1362,1.1102,-34.313,7.092,5.299
2040482,1746,1616,2339,-0.2189,0.1273,1.0999,-36.790,6.615,5.539
2040492,1686,1618,2142,-0.2187,0.1145,1.0997,-39.620,5.454,5.879
2040502,1966,1625,2132,-0.2177,0.0947,1.0977,-42.670,4.473,6.267
2040512,1686,1643,1995,-0.2128,0.0741,1.1047,-45.880,3.670,6.850
2040522,1707,1632,1898,-0.2100,0.0559,1.1216,-49.404,2.916,7.673
2040532,1743,1676,1930,-0.2089,0.0349,1.1243,-52.728,2.813,8.516
2040542,1736,1623,1918,-0.2119,0.0194,1.1189,-55.630,3.208,9.299
2040552,1729,1618,2162,-0.2135,0.0084,1.1422,-58.554,2.878,10.345
2040562,1885,1635,2017,-0.2177,-0.0032,1.1713,-62.046,2.143,11.467
2040572,2224,1651,1733,-0.2201,-0.0297,1.1829,-65.034,2.810,12.197
2040582,1686,1619,1746,-0.2173,-0.0556,1.2083,-68.007,3.616,12.587
2040592,1685,1644,1981,-0.2175,-0.0870,1.2118,-69.933,4.803,12.855
2040602,1695,1673,1871,-0.2176,-0.1142,1.2114,-70.108,6.690,13.251
2040612,1871,1658,1956,-0.2191,-0.1393,1.2174,-68.779,8.445,13.852
2040622,1799,1648,2052,-0.2191,-0.1640,1.2218,-65.813,10.266,14.644
2040632,1739,1622,2040,-0.2186,-0.1839,1.2236,-61.356,12.277,15.696
2040642,1687,1628,1915,-0.2228,-0.1997,1.2339,-55.585,14.439,17.163
2040652,1761,1622,1983,-0.2230,-0.1994,1.2366,-48.906,16.794,19.029
2040662,1854,1636,1919,-0.2228,-0.1965,1.2317,-41.681,19.602,20.703
2040672,1740,1619,2022,-0.2213,-0.1931,1.2311,-34.581,22.350,22.059
2040682,1698,1632,1880,-0.2222,-0.1877,1.2290,-28.005,25.111,23.126
2040692,1707,1623,2000,-0.2231,-0.1809,1.2286,-22.178,27.765,24.081
2040702,1687,1622,2202,-0.2251,-0.1732,1.2287,-17.260,30.340,24.994
2040712,1725,1641,1910,-0.2283,-0.1651,1.2268,-13.213,32.905,25.909
2040722,1737,1626,1866,-0.2315,-0.1582,1.2198,-10.045,35.512,26.920
2040732,1744,1622,2173,-0.2354,-0.1502,1.2135,-7.763,38.107,28.103
2040742,1787,1624,1935,-0.2397,-0.1408,1.2084,-6.412,40.468,29.446
2040752,1912,1730,2021,-0.2464,-0.1312,1.2017,-5.864,42.771,30.825
2040762,1750,1634,1814,-0.2551,-0.1218,1.1953,-5.883,45.054,32.144
2040772,1729,1648,2181,-0.2638,-0.1144,1.1887,-6.426,47.127,33.374
2040782,1740,1647,2137,-0.2719,-0.1096,1.1813,-7.489,48.995,34.501
2040792,1701,1680,2034,-0.2796,-0.1090,1.1724,-9.015,50.828,35.542
2040802,1772,1641,1873,-0.2854,-0.1109,1.1657,-10.991,52.528,36.541
2040812,1833,1634,1929,-0.2933,-0.1146,1.1550,-13.744,54.485,37.928
2040822,1709,1725,2109,-0.3026,-0.1161,1.1418,-16.197,56.334,39.387
2040832,1693,1674,1916,-0.3141,-0.1153,1.1292,-18.253,57.910,40.901
2040842,1702,1633,1898,-0.3283,-0.1145,1.1129,-19.923,59.273,42.329
2040852,1721,1625,1879,-0.3404,-0.1149,1.1004,-21.303,60.295,43.539
2040862,1772,1646,2025,-0.3518,-0.1171,1.0892,-22.472,61.042,44.488
2040872,1738,1637,2224,-0.3620,-0.1223,1.0780,-23.251,61.747,45.272
2040882,1792,1631,2091,-0.3704,-0.1253,1.0714,-23.526,62.413,46.061
2040892,2165,1760,2010,-0.3801,-0.1263,1.0665,-23.349,63.146,46.968
2040902,1745,1693,2376,-0.3900,-0.1236,1.0552,-22.803,64.121,48.035
2040912,1865,1652,2091,-0.4020,-0.1160,1.0428,-22.161,65.212,49.259
2040922,1901,1650,2318,-0.4165,-0.1046,1.0258,-21.579,66.424,50.551
2040932,1870,1941,1832,-0.4314,-0.0910,1.0031,-21.099,67.692,51.747
2040942,1760,1630,2400,-0.4477,-0.0745,0.9714,-20.599,68.895,52.787
2040952,1733,1662,2413,-0.4663,-0.0568,0.9355,-19.623,69.998,53.568
2040962,1888,1680,2029,-0.4851,-0.0446,0.9123,-18.152,70.545,53.873
2040972,1875,1633,2462,-0.5024,-0.0384,0.9048,-16.909,70.255,53.449
2040982,1701,1635,2306,-0.5124,-0.0386,0.9042,-16.234,69.642,52.306
2040992,1901,1766,1924,-0.5237,-0.0441,0.9090,-16.227,69.005,50.684
2041002,1866,1673,2242,-0.5294,-0.0540,0.9199,-16.902,68.258,49.016
2041012,1817,1645,2187,-0.5395,-0.0652,0.9177,-18.200,67.919,47.667
2041022,1823,1752,2116,-0.5503,-0.0802,0.9025,-19.602,68.065,47.033
2041032,1886,1671,2266,-0.5610,-0.0981,0.8912,-21.286,67.984,47.188
2041042,1740,1658,2251,-0.5705,-0.1102,0.8776,-22.928,67.602,48.164
2041052,1699,1647,2325,-0.5783,-0.1183,0.8651,-24.366,67.007,49.627
2041062,1709,1700,2270,-0.5855,-0.1218,0.8641,-25.720,65.959,51.139
2041072,2159,1646,2868,-0.5872,-0.1167,0.8753,-26.890,64.628,52.528
2041082,1722,1802,2494,-0.5898,-0.1025,0.8782,-27.578,63.661,53.774
2041092,1895,1714,1745,-0.5959,-0.0862,0.8720,-27.555,63.439,54.674
2041102,1751,1643,2152,-0.6056,-0.0709,0.8625,-26.942,63.463,55.243
2041112,1711,1726,2048,-0.6156,-0.0602,0.8509,-25.688,63.595,55.560
2041122,1761,1636,2110,-0.6280,-0.0541,0.8365,-24.057,63.702,55.607
2041132,1985,1647,2631,-0.6369,-0.0480,0.8190,-21.953,63.638,55.459
2041142,1717,1645,1855,-0.6453,-0.0425,0.8013,-19.145,63.419,55.149
2041152,1845,1640,2423,-0.6541,-0.0351,0.7902,-15.739,62.899,54.755
2041162,1705,1664,2284,-0.6640,-0.0263,0.7769,-12.068,62.250,54.277
2041172,1794,1648,2289,-0.6723,-0.0239,0.7662,-8.335,61.633,53.651
2041182,1739,1634,2095,-0.6798,-0.0191,0.7565,-4.921,60.746,53.060
2041192,1738,1656,2432,-0.6885,-0.0146,0.7468,-1.736,59.873,52.586
2041202,1692,1658,2426,-0.6930,-0.0108,0.7417,1.332,58.876,52.297
2041212,1747,1659,2542,-0.6953,-0.0046,0.7422,4.067,57.634,52.104
2041222,1798,1634,2440,-0.6979,0.0046,0.7408,6.584,56.502,51.991
2041232,2248,1871,1952,-0.6981,0.0134,0.7398,8.817,55.532,51.878
2041242,1708,1633,2420,-0.6979,0.0252,0.7385,10.641,54.584,51.763
2041252,1908,1637,2236,-0.7000,0.0362,0.7286,12.165,53.900,51.583
2041262,1917,1684,2152,-0.7006,0.0467,0.7139,13.427,53.364,51.322
2041272,1713,1646,2230,-0.7030,0.0542,0.6986,14.479,52.699,50.991
2041282,1812,1649,2573,-0.7035,0.0604,0.6900,15.507,51.883,50.678
2041292,1911,1641,2264,-0.7042,0.0674,0.6821,16.579,51.102,50.428
2041302,1736,1757,2403,-0.7046,0.0761,0.6776,17.780,50.460,50.224
2041312,1825,1659,2181,-0.7043,0.0861,0.6744,19.027,49.952,49.943
2041322,1795,1694,2300,-0.7057,0.0958,0.6672,20.391,49.703,49.570
2041332,1827,1643,2281,-0.7093,0.1074,0.6561,21.771,49.653,49.106
2041342,1902,1658,2229,-0.7151,0.1169,0.6419,23.006,49.596,48.516
2041352,1725,1648,1991,-0.7220,0.1272,0.6250,24.199,49.448,47.889
2041362,1693,1675,1958,-0.7309,0.1389,0.6099,25.444,49.076,47.297
2041372,1772,1666,2041,-0.7407,0.1482,0.5927,26.745,48.502,46.684
2041382,1738,1666,1853,-0.7489,0.1590,0.5746,28.121,47.788,46.077
2041392,1786,1750,1879,-0.7580,0.1703,0.5549,29.476,46.866,45.495
2041402,1990,1681,2033,-0.7664,0.1895,0.5385,31.008,45.555,45.025
2041412,1744,1682,1795,-0.7732,0.2096,0.5273,32.593,43.826,44.497
2041422,2037,1721,1899,-0.7809,0.2305,0.5134,34.245,42.089,43.757
2041432,1781,1682,1806,-0.7882,0.2562,0.5040,35.958,40.208,42.754
2041442,1717,1719,2048,-0.7953,0.2757,0.4982,37.246,38.077,41.354
2041452,1707,1692,1767,-0.8038,0.3008,0.4906,38.288,35.949,39.719
2041462,1713,1669,1798,-0.8140,0.3263,0.4847,38.875,33.698,37.806
2041472,1824,1650,1840,-0.8232,0.3484,0.4754,38.856,31.339,35.488
2041482,1773,1709,1741,-0.8300,0.3676,0.4665,38.330,28.963,32.889
2041492,1736,1664,1867,-0.8335,0.3871,0.4693,37.336,26.407,30.214
2041502,1701,1696,1979,-0.8362,0.4001,0.4809,35.774,23.843,27.430
2041512,1714,1651,2040,-0.8395,0.4057,0.4887,33.655,21.800,24.486
2041522,1695,1701,1919,-0.8460,0.4061,0.4930,31.139,20.297,21.535
2041532,2058,1662,1780,-0.8540,0.4075,0.4977,28.247,18.889,18.798
2041542,1999,1710,1923,-0.8641,0.4154,0.5034,24.973,17.301,16.321
2041552,1945,1683,1700,-0.8718,0.4254,0.5045,21.461,15.571,13.986
2041562,1975,1684,2083,-0.8733,0.4287,0.5084,17.674,13.791,11.516
2041572,1734,1955,1957,-0.8735,0.4219,0.5145,13.553,11.932,8.882
2041582,1706,1643,2447,-0.8742,0.4093,0.5134,9.505,10.276,6.291
2041592,1953,1642,2476,-0.8769,0.3975,0.5111,5.844,8.833,3.891
2041602,1714,1788,2450,-0.8795,0.3854,0.5125,2.571,7.338,1.691
2041612,1861,1671,1719,-0.8813,0.3734,0.5124,-0.154,6.016,-0.311
2041622,1705,1672,1935,-0.8828,0.3646,0.5147,-2.430,4.810,-2.018
2041632,2020,1713,2397,-0.8827,0.3567,0.5169,-4.496,3.706,-3.365
2041642,1845,1663,2180,-0.8804,0.3516,0.5156,-6.510,2.776,-4.406
2041652,1781,1673,1886,-0.8763,0.3439,0.5204,-8.532,1.830,-5.225
2041662,1816,1673,2511,-0.8710,0.3342,0.5257,-10.436,0.974,-5.836
2041672,1845,1647,1947,-0.8678,0.3219,0.5300,-12.132,0.369,-6.292
2041682,2022,1691,2149,-0.8654,0.3143,0.5365,-13.490,-0.146,-6.546
2041692,1867,1736,2654,-0.8635,0.3116,0.5330,-14.337,-0.434,-6.719
2041702,2137,1891,1997,-0.8619,0.3140,0.5225,-14.497,-0.576,-6.999
2041712,1745,1736,1769,-0.8632,0.3281,0.5278,-13.897,-1.200,-7.434
2041722,2051,1646,2222,-0.8687,0.3488,0.5325,-12.356,-1.938,-8.177
2041732,1870,2306,2372,-0.8743,0.3625,0.5244,-9.991,-2.088,-9.703
2041742,1853,1669,2416,-0.8787,0.3644,0.5253,-7.392,-2.400,-12.018
2041752,1762,1660,2644,-0.8833,0.3612,0.5297,-4.680,-2.996,-14.660
2041762,1778,1664,2138,-0.8867,0.3556,0.5366,-2.125,-3.458,-17.246
2041772,1753,1938,2535,-0.8804,0.3486,0.5528,-0.151,-3.826,-19.490
2041782,2150,1647,2250,-0.8696,0.3325,0.5564,0.919,-3.578,-21.298
2041792,1758,1663,1715,-0.8640,0.3160,0.5699,0.822,-3.271,-22.421
2041802,2556,1707,1875,-0.8612,0.3085,0.5752,-0.766,-3.049,-22.918
2041812,2215,2060,1848,-0.8578,0.2923,0.5666,-3.502,-2.364,-23.227
2041822,2520,1672,1861,-0.8534,0.2720,0.5738,-7.498,-2.249,-23.546
2041832,2386,1860,1776,-0.8523,0.2572,0.5818,-11.905,-2.377,-23.595
2041842,1815,1836,1979,-0.8576,0.2493,0.5791,-15.713,-2.143,-23.066
2041852,1736,1726,1829,-0.8624,0.2330,0.5658,-19.022,-2.052,-22.494
2041862,2494,1651,1833,-0.8647,0.2183,0.5614,-21.708,-2.701,-22.263
2041872,1945,1881,2003,-0.8669,0.2018,0.5554,-23.192,-3.638,-22.364
2041882,4095,1958,2157,-0.8688,0.1804,0.5575,-23.223,-4.657,-22.804
2041892,1729,1647,2047,-0.8683,0.1529,0.5607,-22.012,-5.671,-23.476
2041902,2015,1660,1789,-0.8659,0.1227,0.5551,-19.629,-6.002,-24.147
2041912,1897,1677,2052,-0.8585,0.0936,0.5626,-16.233,-5.841,-24.475
2041922,1670,1832,2012,-0.8553,0.0792,0.5873,-12.214,-5.638,-24.036
2041932,1644,1668,1764,-0.8572,0.0762,0.5995,-7.916,-4.776,-22.923
2041942,2101,1671,1865,-0.8616,0.0748,0.6046,-3.747,-3.371,-21.651
2041952,1615,1708,1932,-0.8633,0.0734,0.6107,0.038,-1.961,-20.451
2041962,1617,1734,1969,-0.8640,0.0702,0.6179,3.053,-0.578,-19.144
2041972,2495,1701,1808,-0.8700,0.0767,0.6277,5.044,0.623,-17.324
2041982,1669,1676,1944,-0.8838,0.0908,0.6505,6.031,1.659,-15.061
2041992,1592,1950,2235,-0.8971,0.1205,0.6612,5.906,2.926,-12.703
2042002,1831,1653,1830,-0.8986,0.1311,0.6429,5.201,5.249,-10.787
2042012,1710,1680,2552,-0.8937,0.1274,0.6622,3.677,6.815,-9.235
2042022,1947,2016,2566,-0.8957,0.1247,0.6778,1.609,8.147,-7.450
2042032,2068,1716,1803,-0.8872,0.1148,0.6628,-0.522,10.693,-5.407
2042042,1605,1671,2046,-0.8923,0.0894,0.6538,-3.155,13.271,-2.749
2042052,1705,1670,2310,-0.9076,0.1037,0.6493,-6.164,12.954,1.465
2042062,1604,1666,2276,-0.9165,0.1169,0.5731,-8.510,13.057,5.390
2042072,2380,1920,1877,-0.9110,0.0950,0.5286,-9.214,12.290,7.503
2042082,1774,1659,2006,-0.8961,0.0404,0.5366,-8.737,9.814,8.208
2042092,2083,1713,1737,-0.8876,-0.0098,0.5445,-6.825,7.761,8.936
2042102,1882,1655,1926,-0.8965,-0.0089,0.5447,-3.026,6.821,10.965
2042112,2454,1904,1902,-0.9047,0.0207,0.5396,2.794,6.943,13.669
2042122,1735,1933,1948,-0.9051,0.0681,0.5526,9.257,7.267,15.989
2042132,2108,1707,1745,-0.9040,0.1287,0.5760,15.121,7.530,17.575
2042142,2318,1686,1821,-0.9109,0.1903,0.5770,20.024,9.048,18.024
2042152,2065,1653,1797,-0.9184,0.2406,0.5842,23.851,10.927,17.146
2042162,1883,1725,1952,-0.9237,0.2683,0.5870,26.618,13.029,14.927
2042172,1704,1734,1756,-0.9251,0.2777,0.5944,28.528,15.330,11.963
2042182,1724,1659,1734,-0.9240,0.2844,0.6092,29.560,17.393,9.161
2042192,1804,1760,1766,-0.9237,0.2957,0.6115,29.827,19.504,7.067
2042202,1686,1958,2481,-0.9275,0.2994,0.6053,29.116,21.203,5.562
2042212,1750,1865,2722,-0.9405,0.3043,0.6111,27.089,22.198,4.432
2042222,1790,1957,2926,-0.9638,0.3250,0.5934,23.966,23.706,3.736
2042232,1687,1679,2097,-0.9801,0.3228,0.5229,21.015,27.152,3.009
2042242,1687,1672,1952,-0.9751,0.3091,0.5413,17.217,28.483,2.505
2042252,1775,1662,1721,-0.9485,0.2858,0.5944,11.497,27.400,2.701
2042262,1985,1682,2399,-0.8965,0.2179,0.5506,5.902,30.160,2.650
2042272,1665,1660,2354,-0.8906,0.1695,0.5605,-0.986,31.504,4.130
2042282,1868,1828,2316,-0.9029,0.1766,0.5337,-6.784,30.455,8.033
2042292,1675,1659,2561,-0.9336,0.1747,0.4214,-9.870,31.932,10.822
2042302,2209,1900,1990,-0.9296,0.1550,0.3935,-11.342,30.470,12.249
2042312,2214,1857,2222,-0.9232,0.1357,0.3905,-9.292,27.312,13.528
2042322,1769,1813,2024,-0.9221,0.1426,0.3773,-5.838,25.842,14.831
2042332,1959,1734,1870,-0.9179,0.1677,0.3847,-0.350,24.457,15.847
2042342,1845,1678,1754,-0.9142,0.1956,0.3891,6.345,23.578,15.927
2042352,1661,1708,2063,-0.9118,0.2152,0.3918,13.340,23.533,14.985
2042362,1731,1776,2199,-0.9062,0.2357,0.4137,19.626,23.315,13.767
2042372,2284,1657,2074,-0.9022,0.2615,0.4383,24.290,22.937,12.901
2042382,2128,1698,2561,-0.9032,0.2792,0.4458,26.753,22.912,12.348
2042392,1672,1869,2676,-0.9091,0.2837,0.4449,27.077,22.890,11.830
2042402,1594,2391,2571,-0.9180,0.2645,0.4058,25.479,23.647,11.072
2042412,1717,1666,2921,-0.9414,0.2583,0.3611,23.424,24.580,11.237
2042422,1596,1661,1922,-0.9665,0.2951,0.3500,21.255,24.043,13.416
2042432,1965,1704,1935,-0.9738,0.3612,0.3371,19.438,23.002,16.265
2042442,1658,1661,2033,-0.9523,0.3974,0.3541,15.798,20.858,16.944
2042452,1756,1661,2054,-0.8946,0.3734,0.4251,10.527,18.142,14.812
2042462,1791,1708,1785,-0.8616,0.2960,0.4215,3.860,16.862,11.765
2042472,1951,1662,2186,-0.8609,0.2566,0.3582,-3.102,16.593,10.215
2042482,1671,1660,2282,-0.8922,0.2203,0.2373,-7.970,17.947,9.690
2042492,1639,1671,2238,-0.9111,0.2012,0.2328,-12.741,14.660,10.017
2042502,2856,1694,1718,-0.9110,0.1854,0.2648,-15.828,8.415,11.026
2042512,2559,1752,1998,-0.8990,0.1890,0.2783,-16.971,3.802,12.213
2042522,1832,1719,2173,-0.8937,0.2040,0.2835,-17.343,0.459,13.252
2042532,1929,1729,2065,-0.8919,0.2235,0.2795,-16.080,-1.601,13.764
2042542,1632,1665,2302,-0.8901,0.2381,0.2963,-14.425,-3.766,13.557
2042552,1795,1658,2115,-0.8869,0.2406,0.3173,-12.857,-5.886,12.740
2042562,1596,1677,2416,-0.8850,0.2411,0.3448,-11.626,-7.545,11.857
2042572,1592,1755,2132,-0.8805,0.2450,0.3785,-10.753,-9.175,11.633
2042582,1657,1667,1817,-0.8843,0.2604,0.3992,-10.256,-9.859,11.831
2042592,1614,1687,2354,-0.8996,0.2721,0.3850,-10.128,-9.208,11.818
2042602,1878,1681,1984,-0.9224,0.2664,0.3341,-10.125,-7.441,11.191
2042612,1837,1813,2059,-0.9444,0.2675,0.3316,-10.137,-7.029,11.145
2042622,1652,1765,2484,-0.9532,0.2866,0.3698,-10.630,-8.301,12.412
2042632,1817,1721,2020,-0.9452,0.3072,0.3991,-11.409,-8.689,14.069
2042642,1723,1708,2198,-0.9145,0.3131,0.4386,-13.833,-8.698,14.718
2042652,1649,1670,2113,-0.8502,0.2881,0.5342,-16.773,-9.068,14.642
2042662,1602,1838,1779,-0.8313,0.2979,0.5578,-23.568,-9.586,15.337
2042672,2256,1668,2395,-0.8444,0.3246,0.3817,-25.458,-3.894,16.464
2042682,1914,1722,2418,-0.8854,0.2942,0.2526,-26.590,0.897,14.763
2042692,1999,1669,2589,-0.8832,0.2099,0.2775,-27.242,-2.537,11.696
2042702,1871,1673,2597,-0.8728,0.1215,0.3217,-28.233,-8.317,9.573
2042712,1817,1665,1943,-0.8695,0.0732,0.3242,-27.661,-11.736,10.598
2042722,1999,1786,2012,-0.8688,0.0677,0.3125,-25.882,-13.420,13.911
2042732,2945,1834,2098,-0.8662,0.0913,0.3222,-21.652,-15.019,18.348
2042742,1694,1668,2084,-0.8646,0.1384,0.3320,-15.935,-16.523,22.489
2042752,1788,1678,2298,-0.8619,0.1982,0.3650,-9.646,-17.913,25.560
2042762,1837,1726,1993,-0.8505,0.2847,0.4506,-4.388,-19.935,27.401
2042772,1863,1663,1921,-0.8424,0.3617,0.5044,-0.786,-19.943,27.316
2042782,1814,1664,2038,-0.8364,0.4080,0.5198,0.799,-16.913,24.992
2042792,1688,1663,2046,-0.8300,0.4185,0.5408,-0.727,-13.685,21.480
2042802,1655,1742,1787,-0.8241,0.4055,0.5506,-5.090,-10.897,18.068
2042812,1945,1690,1924,-0.8290,0.3782,0.5406,-11.312,-8.121,15.422
2042822,1680,1672,1809,-0.8436,0.3387,0.5254,-18.394,-5.982,13.639
2042832,2361,1677,2339,-0.8652,0.3047,0.4898,-24.993,-4.002,12.893
2042842,1766,2039,1924,-0.8836,0.2873,0.4423,-30.022,-2.559,13.874
2042852,1590,1684,2459,-0.8826,0.2949,0.4198,-33.692,-3.062,16.175
2042862,1996,1676,1788,-0.8586,0.2810,0.4179,-37.562,-5.370,18.064
2042872,1626,1668,1988,-0.7931,0.2629,0.5095,-41.329,-8.560,19.643
2042882,1636,1686,1935,-0.7586,0.2391,0.5602,-48.238,-12.680,22.873
2042892,1623,1719,1835,-0.7656,0.2573,0.4297,-52.168,-11.003,27.513
2042902,1872,1706,2351,-0.7909,0.2416,0.3092,-55.833,-9.607,30.387
2042912,1922,1711,1797,-0.7803,0.1991,0.3324,-59.407,-15.910,31.472
2042922,2160,1731,1816,-0.7664,0.1208,0.3552,-61.874,-23.332,31.528
2042932,2749,1721,1833,-0.7529,0.0784,0.3680,-61.661,-28.818,32.974
2042942,2290,1846,1821,-0.7479,0.0927,0.3888,-59.132,-33.403,36.308
2042952,1816,1722,1997,-0.7405,0.1435,0.4105,-54.031,-37.044,40.193
2042962,1651,1689,1860,-0.7356,0.2177,0.4386,-47.783,-39.939,43.042
2042972,2648,1678,1899,-0.7312,0.2943,0.4851,-41.146,-42.194,44.005
2042982,1836,1769,1889,-0.7219,0.3524,0.5352,-34.681,-43.329,42.834
2042992,1872,1685,1934,-0.7162,0.3772,0.5738,-28.835,-42.839,40.136
2043002,1781,1698,1833,-0.7080,0.3852,0.6099,-24.671,-41.443,37.094
2043012,1706,1923,2023,-0.6969,0.3846,0.6326,-22.780,-39.829,34.636
2043022,1634,1729,1774,-0.6926,0.3805,0.6536,-23.169,-38.263,32.991
2043032,1780,1672,2290,-0.6989,0.3852,0.6498,-25.364,-36.719,32.118
2043042,1648,1899,1807,-0.7141,0.3889,0.6052,-28.100,-34.241,31.507
2043052,2135,1673,2183,-0.7222,0.3894,0.6080,-31.573,-33.539,31.236
2043062,1595,1781,2493,-0.7222,0.4001,0.6464,-35.698,-34.622,31.627
2043072,1712,1787,2061,-0.7188,0.4214,0.6296,-39.369,-34.048,32.554
2043082,1732,1786,1759,-0.7085,0.4245,0.5938,-43.387,-32.781,33.006
2043092,2260,1759,1779,-0.6848,0.4084,0.6008,-48.791,-33.714,32.660
2043102,1603,1679,1738,-0.6606,0.3839,0.6621,-55.338,-36.381,32.072
2043112,1668,1672,1744,-0.6310,0.3290,0.6564,-63.472,-38.704,32.020
2043122,2083,1674,2023,-0.6248,0.3124,0.5821,-70.458,-40.327,33.540
2043132,1588,1675,1945,-0.6334,0.3003,0.4976,-74.551,-41.910,35.390
2043142,1973,1910,1751,-0.6260,0.2826,0.5200,-78.444,-48.128,36.516
2043152,1822,1753,1776,-0.6147,0.2500,0.5451,-80.244,-55.246,36.796
2043162,2042,1678,1793,-0.5937,0.2331,0.5704,-79.537,-60.981,36.801
2043172,1956,1692,1765,-0.5810,0.2441,0.6117,-77.046,-66.278,37.222
2043182,1653,1673,1729,-0.5703,0.2893,0.6603,-72.565,-70.366,37.801
2043192,1597,1677,1736,-0.5598,0.3462,0.7181,-67.542,-73.309,37.650
2043202,2678,1821,2510,-0.5477,0.3897,0.7728,-62.857,-74.864,35.863
2043212,1813,1736,2440,-0.5332,0.4061,0.8258,-59.055,-75.071,32.523
2043222,1641,1808,2622,-0.5234,0.4082,0.8763,-56.314,-74.234,28.692
2043232,1726,1711,1798,-0.5173,0.4017,0.9221,-54.850,-72.366,25.160
2043242,1740,1677,2234,-0.5123,0.3986,0.9646,-54.709,-69.779,22.379
2043252,1603,1998,2344,-0.5124,0.3951,0.9998,-55.387,-66.506,20.235
2043262,1680,1697,1994,-0.5140,0.3936,1.0227,-56.674,-62.598,18.311
2043272,1676,1709,1815,-0.5176,0.3851,1.0256,-58.648,-58.207,16.246
2043282,1928,1726,2265,-0.5210,0.3629,1.0260,-61.108,-53.793,14.106
2043292,1596,1751,2182,-0.5238,0.3437,1.0497,-64.347,-50.173,12.435
2043302,1817,1675,2348,-0.5267,0.3268,1.0547,-67.620,-46.150,11.527
2043312,1987,1676,2544,-0.5184,0.3142,1.0546,-70.325,-41.653,11.170
2043322,1657,1676,2393,-0.5054,0.2981,1.0995,-72.753,-37.866,10.761
2043332,1797,1713,2271,-0.4755,0.2602,1.0994,-75.448,-33.918,10.240
2043342,1593,1681,2191,-0.4784,0.2385,1.0733,-77.676,-30.521,10.739
2043352,1627,1842,2183,-0.4941,0.2267,1.0282,-77.941,-27.710,11.415
2043362,1648,1810,2531,-0.5036,0.2198,1.0265,-77.212,-27.223,11.212
2043372,2304,1711,2211,-0.5083,0.2018,1.0164,-74.793,-27.572,9.982
2043382,1811,1687,2456,-0.5066,0.1713,1.0014,-70.193,-27.604,7.985
2043392,1703,1684,2222,-0.4997,0.1405,0.9998,-64.223,-28.081,5.976
2043402,1905,1682,2303,-0.4946,0.1217,0.9932,-57.082,-28.268,4.502
2043412,1709,1685,2412,-0.4899,0.1236,1.0024,-49.548,-28.404,3.691
2043422,1713,1755,2230,-0.4839,0.1407,1.0228,-42.194,-28.587,3.112
2043432,1629,1685,1978,-0.4761,0.1603,1.0368,-35.074,-28.071,2.167
2043442,1665,1783,1798,-0.4703,0.1776,1.0500,-28.710,-27.110,0.664
2043452,1793,1780,2152,-0.4686,0.1855,1.0547,-23.339,-25.662,-1.288
2043462,1719,1702,2156,-0.4685,0.1894,1.0602,-19.112,-23.980,-3.348
2043472,1671,1691,1991,-0.4697,0.1884,1.0704,-16.304,-22.394,-5.114
2043482,1739,1686,2044,-0.4727,0.1862,1.0707,-14.724,-20.662,-6.378
2043492,1613,1716,2202,-0.4722,0.1856,1.0790,-14.080,-18.992,-7.195
2043502,1612,1680,2066,-0.4732,0.1988,1.1068,-14.554,-17.850,-7.564
2043512,1598,1692,2049,-0.4737,0.2236,1.0924,-15.208,-15.616,-7.859
2043522,1728,1737,2158,-0.4660,0.2251,1.0776,-15.707,-13.085,-8.973
2043532,1612,1721,1777,-0.4514,0.2064,1.0932,-17.155,-12.217,-10.793
2043542,1631,1706,2039,-0.4593,0.1926,1.0903,-18.588,-10.936,-12.697
2043552,1674,1683,1926,-0.4731,0.1882,1.0854,-19.302,-9.209,-14.516
2043562,2827,1697,1991,-0.4828,0.1808,1.0932,-19.459,-8.102,-16.494
2043572,2070,1704,1726,-0.4874,0.1643,1.0784,-18.263,-6.496,-18.628
2043582,1958,1681,1728,-0.4884,0.1465,1.0621,-16.148,-4.626,-20.704
2043592,1866,1703,1868,-0.4856,0.1304,1.0589,-13.651,-3.408,-22.468
2043602,1657,1742,1791,-0.4811,0.1190,1.0533,-10.615,-2.188,-23.938
2043612,1612,1683,1946,-0.4815,0.1193,1.0548,-6.790,-0.824,-25.150
2043622,1629,1702,1966,-0.4845,0.1243,1.0692,-2.325,0.507,-26.326
2043632,1628,1683,1982,-0.4943,0.1320,1.0786,2.413,2.205,-27.745
2043642,1799,1766,1958,-0.5084,0.1368,1.0818,7.150,4.484,-29.481
2043652,1736,1757,2035,-0.5221,0.1366,1.0826,11.200,6.783,-31.446
2043662,1665,1711,1808,-0.5346,0.1293,1.0778,14.290,8.933,-33.411
2043672,1631,1690,2156,-0.5418,0.1160,1.0778,16.598,10.910,-34.923
2043682,1644,1680,1863,-0.5453,0.1062,1.0859,18.065,12.763,-35.564
2043692,1604,1686,1881,-0.5469,0.1102,1.0878,18.913,14.977,-35.280
2043702,1805,1679,2322,-0.5461,0.1139,1.0845,19.223,17.576,-34.713
2043712,1662,1707,1790,-0.5371,0.1138,1.1025,18.654,19.835,-34.286
2043722,1603,1720,1705,-0.5389,0.1120,1.1118,16.784,22.105,-33.949
2043732,1602,1739,1994,-0.5530,0.1167,1.0944,14.377,25.136,-33.650
2043742,1790,1730,2052,-0.5694,0.1157,1.0741,11.552,28.081,-33.839
2043752,1601,1684,2155,-0.5819,0.1032,1.0658,8.556,29.916,-34.432
2043762,2034,1713,1648,-0.5912,0.0881,1.0417,6.372,31.748,-34.933
2043772,1736,1690,1873,-0.5962,0.0677,1.0206,5.013,33.446,-35.047
2043782,2651,1711,1719,-0.6012,0.0529,1.0006,4.908,35.200,-33.846
2043792,1725,1743,1935,-0.6080,0.0422,0.9895,5.289,36.967,-32.478
2043802,1766,1730,1676,-0.6185,0.0334,0.9837,6.223,38.583,-31.156
2043812,1621,1682,1755,-0.6300,0.0272,0.9724,7.995,40.349,-29.922
2043822,1925,1686,1771,-0.6423,0.0229,0.9685,10.497,42.015,-28.667
2043832,1700,1684,2049,-0.6557,0.0189,0.9706,13.331,43.577,-27.382
2043842,1648,1717,1999,-0.6691,0.0178,0.9633,16.361,45.227,-25.873
2043852,1631,1747,2001,-0.6851,0.0190,0.9447,19.528,47.137,-24.183
2043862,1644,1720,1927,-0.7017,0.0191,0.9325,22.525,48.638,-22.384
2043872,1600,1686,1829,-0.7162,0.0235,0.9199,25.618,49.758,-20.424
2043882,1811,1711,1862,-0.7307,0.0282,0.9066,28.876,50.915,-18.420
2043892,2191,1683,2129,-0.7408,0.0307,0.8950,32.025,51.949,-16.544
2043902,1660,1688,2049,-0.7459,0.0338,0.8942,35.192,52.813,-14.647
2043912,1613,1682,1686,-0.7489,0.0441,0.8994,37.919,53.705,-12.615
2043922,1690,1721,2185,-0.7529,0.0560,0.8888,40.189,55.172,-10.598
2043932,1766,1683,1932,-0.7540,0.0665,0.8760,42.003,56.767,-8.831
2043942,1985,1726,2348,-0.7514,0.0762,0.8711,43.161,57.757,-7.255
2043952,1641,1691,2457,-0.7573,0.0814,0.8499,43.825,58.646,-5.725
2043962,2199,1760,1919,-0.7677,0.0883,0.8169,44.539,59.367,-4.235
2043972,1706,1777,2005,-0.7770,0.0947,0.7852,45.392,59.353,-3.151
2043982,1977,1689,2206,-0.7826,0.0977,0.7597,46.736,58.564,-2.547
2043992,1705,1684,1668,-0.7842,0.0944,0.7348,48.762,57.614,-2.259
2044002,2083,1711,1755,-0.7838,0.0885,0.7156,51.440,56.748,-2.014
2044012,1772,1699,1945,-0.7839,0.0908,0.7115,54.518,55.663,-1.383
2044022,1718,1696,2061,-0.7873,0.1040,0.7096,57.618,54.636,-0.254
2044032,1617,1718,2308,-0.7926,0.1249,0.7031,60.305,53.997,1.121
2044042,1657,1689,1791,-0.7974,0.1528,0.7028,62.163,53.296,2.430
2044052,1735,1710,1753,-0.8002,0.1793,0.6964,63.106,52.672,3.395
2044062,2023,1695,1718,-0.8012,0.2006,0.6920,63.152,52.255,3.918
2044072,1888,1693,1749,-0.8071,0.2311,0.6886,62.653,51.963,4.392
2044082,1772,1689,1760,-0.8070,0.2532,0.6710,61.811,52.212,4.494
2044092,2124,1686,1714,-0.7950,0.2515,0.6336,60.055,52.153,3.788
2044102,1633,1690,1668,-0.7963,0.2371,0.6293,57.916,50.710,2.930
2044112,1696,1724,1754,-0.8013,0.2328,0.6041,56.459,48.355,2.485
2044122,1875,1690,1669,-0.8131,0.2319,0.5753,56.360,46.581,1.789
2044132,1670,1741,1708,-0.8198,0.2361,0.5778,57.109,43.403,0.862
2044142,1725,1692,1685,-0.8242,0.2462,0.5480,59.210,40.961,-0.220
2044152,1741,1712,1817,-0.8252,0.2652,0.5368,61.829,38.288,-1.374
2044162,1623,1690,1833,-0.8281,0.2890,0.5266,64.570,35.094,-2.601
2044172,1626,1699,1999,-0.8331,0.3163,0.5081,67.744,32.266,-4.034
2044182,1815,1696,1716,-0.8374,0.3408,0.5015,71.073,29.154,-5.905
2044192,1607,1699,1842,-0.8386,0.3566,0.4903,74.724,26.206,-8.410
2044202,1854,1689,1820,-0.8370,0.3651,0.4811,78.874,23.462,-11.302
2044212,2182,1695,1862,-0.8357,0.3695,0.4765,83.477,20.773,-14.363
2044222,1670,1689,1689,-0.8357,0.3714,0.4719,88.488,18.306,-17.549
2044232,1721,1728,1700,-0.8364,0.3736,0.4656,93.621,16.032,-20.746
2044242,1629,1691,1683,-0.8383,0.3730,0.4585,98.436,13.852,-23.883
2044252,1710,1707,1778,-0.8413,0.3730,0.4517,102.697,11.763,-26.790
2044262,1753,1694,1726,-0.8423,0.3767,0.4411,106.322,9.739,-29.280
2044272,1610,1696,1668,-0.8426,0.3814,0.4333,109.062,7.557,-31.436
2044282,1799,1705,1704,-0.8417,0.3861,0.4262,110.891,5.206,-33.371
2044292,1720,1696,1860,-0.8401,0.3887,0.4158,111.747,2.816,-35.203
2044302,1754,1696,1704,-0.8378,0.3916,0.4039,111.866,0.266,-36.922
2044312,1770,1690,1702,-0.8345,0.3945,0.3987,111.343,-2.611,-38.563
2044322,1669,1692,1714,-0.8302,0.3934,0.3953,110.339,-5.710,-40.216
2044332,1969,1699,1914,-0.8251,0.3851,0.3923,108.676,-8.826,-42.015
2044342,1644,1771,1870,-0.8194,0.3677,0.3933,106.144,-12.038,-43.776
2044352,1628,1693,1670,-0.8140,0.3477,0.3960,102.419,-15.470,-45.109
2044362,1619,1729,1929,-0.8105,0.3294,0.3951,97.344,-18.968,-45.664
2044372,1677,1708,1767,-0.8111,0.3184,0.3935,91.033,-22.675,-45.306
2044382,1720,1718,1705,-0.8131,0.3174,0.3959,83.751,-26.816,-44.130
2044392,1688,1696,1685,-0.8170,0.3235,0.4023,75.902,-31.254,-42.499
2044402,1764,1724,1686,-0.8216,0.3299,0.4031,67.926,-35.530,-40.936
2044412,1614,1698,1899,-0.8251,0.3324,0.4059,60.155,-39.770,-39.757
2044422,1610,1724,1749,-0.8254,0.3270,0.4161,52.879,-44.198,-38.962
2044432,1658,1699,1937,-0.8227,0.3186,0.4243,46.163,-48.526,-38.363
2044442,1622,1710,1688,-0.8210,0.3103,0.4340,40.274,-52.549,-37.714
2044452,1629,1700,1793,-0.8176,0.3012,0.4512,35.097,-56.494,-36.977
2044462,1613,1730,1894,-0.8152,0.2919,0.4658,30.643,-60.158,-36.141
2044472,2184,1699,1685,-0.8110,0.2832,0.4807,26.876,-63.476,-35.204
2044482,1754,1730,1688,-0.8069,0.2764,0.4967,23.808,-66.590,-34.092
2044492,1616,1698,1998,-0.8027,0.2714,0.5092,21.446,-69.344,-32.872
2044502,2172,1777,1920,-0.7969,0.2669,0.5227,19.757,-71.800,-31.679
2044512,1997,1761,1910,-0.7885,0.2649,0.5386,18.835,-74.096,-30.585
2044522,1698,1735,1965,-0.7782,0.2631,0.5526,18.833,-76.066,-29.707
2044532,1616,1712,1919,-0.7660,0.2607,0.5697,19.649,-77.720,-29.154
2044542,2108,1759,2201,-0.7517,0.2575,0.5867,20.991,-79.092,-28.979
2044552,1725,1699,1878,-0.7369,0.2518,0.5958,22.764,-79.962,-29.120
2044562,1637,1724,2244,-0.7225,0.2483,0.5985,24.993,-80.440,-29.404
2044572,1836,1697,1757,-0.7100,0.2466,0.6051,27.584,-81.000,-29.672
2044582,1752,1712,1927,-0.6978,0.2468,0.6099,30.562,-81.536,-29.905
2044592,1648,1701,1798,-0.6883,0.2487,0.6117,33.869,-82.018,-30.122
2044602,1610,1701,2202,-0.6784,0.2529,0.6133,37.346,-82.655,-30.387
2044612,1796,1715,1738,-0.6688,0.2591,0.6189,40.840,-83.520,-30.720
2044622,1782,1710,2110,-0.6591,0.2662,0.6278,44.214,-84.559,-31.157
2044632,1693,1702,1968,-0.6508,0.2756,0.6389,47.251,-85.678,-31.673
2044642,1764,1729,1710,-0.6436,0.2846,0.6491,49.877,-86.737,-32.275
2044652,1651,1700,2135,-0.6365,0.2917,0.6621,52.054,-87.761,-32.902
2044662,1642,1730,2045,-0.6305,0.2984,0.6742,53.591,-88.792,-33.487
2044672,1938,1727,1958,-0.6225,0.3059,0.6885,54.426,-89.739,-33.988
2044682,1747,1725,1761,-0.6146,0.3129,0.7052,54.254,-90.688,-34.422
2044692,1649,1702,1886,-0.6058,0.3222,0.7247,52.882,-91.691,-34.772
2044702,1668,1709,1863,-0.5983,0.3309,0.7371,50.251,-92.511,-35.057
2044712,1691,1710,1870,-0.5950,0.3360,0.7378,46.442,-93.075,-35.405
2044722,1683,1702,1667,-0.5914,0.3369,0.7415,41.612,-93.867,-35.777
2044732,1624,1711,1728,-0.5906,0.3350,0.7475,35.928,-95.141,-36.055
2044742,1787,1708,1704,-0.5888,0.3335,0.7486,29.770,-96.720,-36.115
2044752,1681,1721,2118,-0.5859,0.3337,0.7539,23.129,-98.823,-36.045
2044762,1662,1712,2092,-0.5770,0.3379,0.7676,16.213,-101.549,-35.915
2044772,1619,1702,1816,-0.5693,0.3424,0.7751,9.005,-104.307,-35.942
2044782,1638,1737,1669,-0.5573,0.3478,0.7944,1.711,-107.154,-36.130
2044792,1767,1709,1790,-0.5426,0.3440,0.8222,-6.092,-110.029,-36.745
2044802,1612,1709,1673,-0.5267,0.3304,0.8470,-14.155,-112.311,-37.724
2044812,1646,1705,1755,-0.5101,0.3113,0.8760,-22.452,-114.102,-38.835
2044822,1633,1723,1865,-0.4929,0.2883,0.9034,-30.810,-115.523,-39.896
2044832,1660,1705,1821,-0.4767,0.2659,0.9288,-38.824,-116.414,-40.840
2044842,1638,1741,1787,-0.4604,0.2437,0.9573,-46.061,-116.897,-41.626
2044852,1622,1715,1650,-0.4415,0.2232,0.9957,-52.606,-117.217,-42.277
2044862,1781,1738,1707,-0.4184,0.2026,1.0293,-58.770,-116.989,-42.904
2044872,1640,1718,1771,-0.3944,0.1767,1.0499,-64.352,-115.592,-43.597
2044882,1615,1715,1875,-0.3699,0.1474,1.0705,-69.252,-113.365,-44.272
2044892,1615,1715,2037,-0.3460,0.1124,1.0935,-73.410,-110.883,-44.753
2044902,1620,1706,1882,-0.3232,0.0742,1.1131,-76.442,-107.805,-45.107
2044912,1648,1719,2103,-0.3033,0.0346,1.1254,-78.229,-104.136,-45.336
2044922,1631,1754,2159,-0.2839,-0.0009,1.1379,-78.422,-100.174,-45.244
2044932,1622,1712,1865,-0.2655,-0.0301,1.1446,-76.874,-95.927,-44.776
2044942,1807,1732,1828,-0.2493,-0.0555,1.1471,-73.462,-91.387,-44.034
2044952,1625,1713,1865,-0.2366,-0.0762,1.1437,-68.520,-86.726,-43.193
2044962,1915,1743,2108,-0.2259,-0.0945,1.1426,-62.052,-82.091,-42.329
2044972,1767,1706,1713,-0.2164,-0.1072,1.1512,-54.440,-77.737,-41.495
2044982,1878,1735,2054,-0.2065,-0.1139,1.1641,-45.888,-73.476,-40.719
2044992,1649,1719,1933,-0.1970,-0.1187,1.1800,-36.733,-69.176,-40.161
2045002,1753,1710,1722,-0.1890,-0.1186,1.1964,-27.345,-64.851,-39.740
2045012,1635,1709,1770,-0.1829,-0.1141,1.2096,-18.154,-60.378,-39.389
2045022,1944,1732,1679,-0.1794,-0.1091,1.2195,-9.723,-55.947,-39.072
2045032,1618,1708,1785,-0.1749,-0.1058,1.2245,-2.403,-51.772,-38.763
2045042,1870,1713,1813,-0.1708,-0.1061,1.2241,3.705,-47.833,-38.338
2045052,1701,1754,1983,-0.1688,-0.1062,1.2182,8.657,-44.257,-37.541
2045062,1616,1721,1650,-0.1675,-0.1025,1.2161,12.350,-41.276,-36.295
2045072,1661,1733,1684,-0.1660,-0.0987,1.2137,14.834,-38.752,-34.719
2045082,1857,1750,1839,-0.1643,-0.0975,1.2131,16.239,-36.580,-32.899
2045092,1870,1748,1712,-0.1621,-0.0947,1.2143,16.589,-34.780,-30.819
2045102,1789,1719,2076,-0.1605,-0.0915,1.2173,16.010,-33.184,-28.488
2045112,1729,1799,1869,-0.1603,-0.0875,1.2206,14.645,-31.649,-26.013
2045122,2068,1771,1847,-0.1594,-0.0871,1.2245,12.629,-30.292,-23.420
2045132,1684,1717,1873,-0.1594,-0.0858,1.2220,10.218,-28.878,-20.766
2045142,1648,1743,1799,-0.1619,-0.0867,1.2136,7.811,-27.299,-18.208
2045152,1629,1728,1708,-0.1649,-0.0878,1.2083,5.716,-25.969,-15.772
2045162,1625,1758,1757,-0.1704,-0.0867,1.2049,4.362,-24.921,-13.400
2045172,1626,1713,1993,-0.1774,-0.0846,1.2025,3.761,-23.943,-11.203
2045182,1658,1762,2159,-0.1844,-0.0795,1.2027,3.798,-23.128,-9.187
2045192,1698,1710,1703,-0.1901,-0.0770,1.1995,4.173,-22.461,-7.399
2045202,1654,1759,1944,-0.1922,-0.0730,1.2006,4.876,-21.914,-5.716
2045212,1757,1725,1663,-0.1938,-0.0690,1.2042,5.792,-21.435,-4.079
2045222,1737,1722,2244,-0.1940,-0.0650,1.2040,6.971,-20.742,-2.569
2045232,1974,1732,2004,-0.1931,-0.0602,1.2035,8.350,-19.949,-1.185
2045242,1623,1794,1845,-0.1907,-0.0513,1.1990,10.336,-18.770,0.177
2045252,1634,1740,1718,-0.1894,-0.0402,1.1960,12.121,-17.596,1.291
2045262,1636,1762,1749,-0.1895,-0.0278,1.1934,13.608,-16.554,2.254
2045272,1800,1894,1666,-0.1903,-0.0156,1.1895,14.894,-15.449,3.051
2045282,1714,1754,1678,-0.1903,-0.0029,1.1891,15.783,-14.437,3.708
2045292,1734,1720,1873,-0.1892,0.0093,1.1877,16.147,-13.455,4.207
2045302,1631,1752,1745,-0.1863,0.0194,1.1859,16.052,-12.356,4.548
2045312,1642,1712,1690,-0.1823,0.0276,1.1815,15.507,-11.178,4.740
2045322,1644,1726,1745,-0.1797,0.0335,1.1775,14.626,-10.006,4.843
2045332,1669,1710,1676,-0.1776,0.0378,1.1723,13.499,-8.872,4.899
2045342,1873,1711,1689,-0.1752,0.0412,1.1652,12.227,-7.843,4.911
2045352,1716,1719,1729,-0.1724,0.0434,1.1599,10.888,-7.049,4.902
2045362,1624,1735,1699,-0.1680,0.0451,1.1534,9.518,-6.453,4.898
2045372,1669,1746,1757,-0.1642,0.0466,1.1471,8.149,-6.023,4.902
2045382,1627,1778,1663,-0.1602,0.0470,1.1423,6.861,-5.735,4.945
2045392,1694,1717,1743,-0.1569,0.0477,1.1380,5.677,-5.546,5.007
2045402,1912,1779,1715,-0.1536,0.0496,1.1363,4.596,-5.495,5.095
2045412,1794,1718,1698,-0.1499,0.0512,1.1357,3.544,-5.535,5.177
2045422,1644,1756,1679,-0.1475,0.0529,1.1316,2.558,-5.551,5.208
2045432,1672,1723,1736,-0.1442,0.0531,1.1273,1.590,-5.673,5.156
2045442,1705,1726,1688,-0.1410,0.0527,1.1251,0.679,-5.908,5.048
2045452,1844,1716,1859,-0.1391,0.0525,1.1230,-0.093,-6.155,4.904
2045462,1736,1762,1685,-0.1386,0.0536,1.1198,-0.673,-6.388,4.720
2045472,1649,1724,1656,-0.1381,0.0509,1.1159,-1.038,-6.625,4.492
2045482,1816,1780,1723,-0.1375,0.0505,1.1102,-1.189,-6.926,4.303
2045492,2017,1722,1685,-0.1334,0.0461,1.1097,-1.073,-7.304,4.194
2045502,1637,1749,1762,-0.1281,0.0525,1.1268,-1.211,-8.220,4.437
2045512,1659,1716,1660,-0.1276,0.0581,1.1296,-1.490,-8.463,4.770
2045522,1628,1750,1676,-0.1229,0.0594,1.1524,-1.955,-8.533,4.885
2045532,1813,1717,1743,-0.1196,0.0686,1.1755,-3.227,-8.668,4.877
2045542,1677,1753,1909,-0.1193,0.0731,1.1792,-4.120,-7.537,4.540
2045552,1686,1725,1766,-0.1169,0.0716,1.1927,-5.072,-6.628,3.814
2045562,1657,1750,1699,-0.1185,0.0597,1.1915,-5.741,-5.540,2.847
2045572,1654,1717,1720,-0.1206,0.0487,1.1840,-6.033,-4.133,1.956
2045582,1631,1751,1728,-0.1197,0.0372,1.1820,-6.280,-3.309,1.276
2045592,1667,1725,1743,-0.1187,0.0269,1.1715,-5.868,-2.453,0.757
2045602,1633,1740,1991,-0.1181,0.0174,1.1564,-4.806,-1.553,0.428
2045612,1783,1721,1670,-0.1171,0.0122,1.1474,-3.533,-1.059,0.275
2045622,1629,1739,1698,-0.1182,0.0096,1.1385,-2.231,-0.802,0.210
2045632,1678,1725,1936,-0.1194,0.0095,1.1311,-0.960,-0.742,0.242
2045642,1705,1771,1713,-0.1202,0.0130,1.1289,0.194,-0.839,0.379
2045652,1640,1719,1712,-0.1224,0.0183,1.1254,1.246,-0.894,0.589
2045662,1629,1751,1660,-0.1237,0.0232,1.1236,2.093,-0.988,0.790
2045672,1664,1727,1668,-0.1248,0.0290,1.1249,2.704,-1.166,0.916
2045682,1827,1728,1686,-0.1258,0.0350,1.1250,3.172,-1.343,0.955
2045692,1666,1727,1803,-0.1265,0.0396,1.1264,3.486,-1.510,0.937
2045702,1635,1748,1678,-0.1269,0.0431,1.1255,3.583,-1.702,0.883
2045712,1634,1721,1883,-0.1259,0.0453,1.1259,3.434,-1.917,0.797
2045722,1632,1742,1794,-0.1263,0.0472,1.1286,3.037,-2.190,0.712
2045732,1632,1719,1828,-0.1275,0.0476,1.1308,2.412,-2.444,0.640
2045742,1631,1725,1857,-0.1283,0.0488,1.1326,1.603,-2.611,0.571
2045752,1654,1719,1820,-0.1297,0.0485,1.1330,0.604,-2.799,0.498
2045762,1630,1745,1863,-0.1299,0.0467,1.1359,-0.567,-3.047,0.430
2045772,1682,1726,1681,-0.1291,0.0440,1.1381,-1.851,-3.269,0.404
2045782,1647,1748,1670,-0.1270,0.0403,1.1396,-3.145,-3.408,0.424
2045792,1646,1734,1820,-0.1259,0.0382,1.1421,-4.360,-3.477,0.514
2045802,1634,1751,1687,-0.1248,0.0365,1.1452,-5.436,-3.520,0.659
2045812,1918,1729,1690,-0.1249,0.0354,1.1478,-6.340,-3.503,0.759
2045822,1634,1746,1848,-0.1257,0.0335,1.1487,-6.972,-3.317,0.723
2045832,1672,1740,1860,-0.1271,0.0298,1.1487,-7.318,-3.099,0.567
2045842,1634,1739,1656,-0.1278,0.0264,1.1471,-7.333,-2.838,0.349
2045852,1648,1744,1885,-0.1269,0.0220,1.1461,-6.987,-2.560,0.112
2045862,1644,1753,1684,-0.1254,0.0172,1.1450,-6.337,-2.327,-0.064
2045872,1671,1729,1751,-0.1231,0.0136,1.1430,-5.423,-2.106,-0.147
2045882,1633,1750,1987,-0.1214,0.0115,1.1416,-4.350,-1.894,-0.111
2045892,1675,1730,1896,-0.1194,0.0112,1.1396,-3.214,-1.755,-0.009
2045902,1657,1751,1836,-0.1183,0.0117,1.1417,-2.184,-1.672,0.094
2045912,1636,1720,1879,-0.1189,0.0133,1.1412,-1.289,-1.507,0.220
2045922,1637,1741,1748,-0.1202,0.0156,1.1430,-0.656,-1.380,0.340
2045932,1924,1725,1665,-0.1204,0.0184,1.1426,-0.360,-1.319,0.440
2045942,1633,1761,1687,-0.1213,0.0202,1.1421,-0.297,-1.247,0.502
2045952,1714,1725,1983,-0.1218,0.0226,1.1416,-0.387,-1.181,0.519
2045962,1646,1757,1885,-0.1209,0.0228,1.1423,-0.565,-1.129,0.515
2045972,1634,1745,1888,-0.1204,0.0230,1.1412,-0.778,-1.076,0.502
2045982,1749,1748,1739,-0.1191,0.0220,1.1395,-0.980,-1.025,0.489
2045992,1664,1733,1692,-0.1192,0.0216,1.1391,-1.138,-0.979,0.482
2046002,1635,1765,1775,-0.1191,0.0212,1.1377,-1.277,-0.968,0.502
2046012,1670,1732,1765,-0.1188,0.0199,1.1360,-1.370,-0.953,0.549
2046022,1635,1749,1716,-0.1198,0.0186,1.1349,-1.401,-0.941,0.591
2046032,1690,1725,1705,-0.1203,0.0173,1.1349,-1.386,-0.936,0.629
2046042,1640,1772,1668,-0.1188,0.0163,1.1337,-1.323,-0.947,0.713
2046052,1692,1737,2011,-0.1173,0.0155,1.1345,-1.252,-0.960,0.831
2046062,1636,1754,1692,-0.1172,0.0149,1.1347,-1.157,-0.964,0.938
2046072,1647,1741,1660,-0.1170,0.0147,1.1355,-1.095,-1.024,1.037
2046082,1642,1751,1671,-0.1172,0.0145,1.1392,-1.078,-1.135,1.138
2046092,1659,1726,1906,-0.1175,0.0154,1.1421,-1.100,-1.180,1.252
2046102,1637,1754,1781,-0.1168,0.0158,1.1440,-1.154,-1.159,1.339
2046112,1751,1729,1668,-0.1170,0.0152,1.1442,-1.279,-1.086,1.408
2046122,1637,1741,1675,-0.1168,0.0154,1.1461,-1.478,-0.983,1.475
2046132,1668,1729,1761,-0.1178,0.0151,1.1456,-1.672,-0.856,1.539
2046142,1643,1750,1670,-0.1173,0.0149,1.1442,-1.805,-0.719,1.559
2046152,1972,1725,1683,-0.1170,0.0142,1.1441,-1.859,-0.607,1.533
2046162,1648,1742,1679,-0.1170,0.0129,1.1428,-1.820,-0.501,1.494
2046172,1688,1725,1782,-0.1178,0.0117,1.1416,-1.702,-0.353,1.488
2046182,1639,1762,1683,-0.1180,0.0112,1.1406,-1.523,-0.181,1.520
2046192,1655,1750,1673,-0.1199,0.0119,1.1376,-1.300,-0.047,1.560
2046202,1665,1765,1683,-0.1211,0.0138,1.1350,-0.980,0.055,1.591
2046212,1665,1728,1652,-0.1216,0.0151,1.1326,-0.558,0.072,1.586
2046222,1656,1740,2216,-0.1213,0.0154,1.1323,-0.095,0.042,1.554
2046232,1665,1742,1693,-0.1211,0.0146,1.1311,0.339,0.007,1.532
2046242,1640,1758,1699,-0.1218,0.0156,1.1305,0.719,-0.051,1.553
2046252,1649,1734,1792,-0.1224,0.0174,1.1315,1.030,-0.152,1.637
2046262,1637,1753,1672,-0.1212,0.0190,1.1329,1.251,-0.296,1.702
2046272,1678,1733,1868,-0.1211,0.0215,1.1361,1.377,-0.423,1.733
2046282,1646,1751,1743,-0.1210,0.0240,1.1384,1.382,-0.527,1.685
2046292,1744,1730,1807,-0.1203,0.0238,1.1411,1.284,-0.585,1.543
2046302,1650,1745,1653,-0.1199,0.0221,1.1416,1.151,-0.570,1.389
2046312,1711,1738,1656,-0.1211,0.0200,1.1413,0.996,-0.473,1.292
2046322,1648,1768,1949,-0.1210,0.0175,1.1408,0.797,-0.366,1.268
2046332,1646,1731,1697,-0.1214,0.0156,1.1387,0.628,-0.242,1.311
2046342,1645,1750,1899,-0.1221,0.0152,1.1366,0.513,-0.129,1.439
2046352,1647,1732,1707,-0.1235,0.0159,1.1343,0.496,-0.045,1.606
2046362,1647,1743,1674,-0.1235,0.0165,1.1330,0.589,0.005,1.738
2046372,1646,1739,1880,-0.1220,0.0168,1.1320,0.748,0.015,1.814
2046382,1763,1758,1667,-0.1218,0.0161,1.1341,0.931,0.009,1.879
2046392,1654,1729,1867,-0.1211,0.0165,1.1364,1.087,-0.025,1.972
2046402,1646,1737,1855,-0.1198,0.0178,1.1361,1.251,0.014,2.061
2046412,1661,1737,1996,-0.1186,0.0189,1.1369,1.456,0.097,2.124
2046422,1661,1773,1698,-0.1171,0.0201,1.1383,1.623,0.131,2.143
2046432,1648,1741,1700,-0.1170,0.0207,1.1388,1.762,0.180,2.125
2046442,1644,1757,1664,-0.1175,0.0224,1.1363,1.892,0.248,2.102
2046452,1644,1728,1966,-0.1175,0.0239,1.1369,2.030,0.278,2.037
2046462,1701,1769,1715,-0.1178,0.0245,1.1360,2.161,0.257,1.932
2046472,1704,1730,1789,-0.1176,0.0257,1.1349,2.274,0.229,1.818
2046482,1647,1744,1786,-0.1175,0.0278,1.1337,2.366,0.182,1.695
2046492,1736,1729,1648,-0.1177,0.0301,1.1338,2.430,0.107,1.585
2046502,1649,1753,1865,-0.1185,0.0328,1.1325,2.445,0.066,1.481
2046512,1662,1732,1680,-0.1191,0.0343,1.1329,2.394,0.024,1.363
2046522,1646,1756,1853,-0.1213,0.0357,1.1334,2.222,-0.058,1.223
2046532,1681,1734,1916,-0.1233,0.0363,1.1358,1.917,-0.134,1.079
2046542,1690,1765,1724,-0.1248,0.0356,1.1379,1.494,-0.197,0.983
2046552,1651,1735,1983,-0.1256,0.0362,1.1387,0.945,-0.260,0.942
2046562,1653,1769,1732,-0.1255,0.0369,1.1390,0.340,-0.281,0.933
2046572,1684,1729,1712,-0.1249,0.0361,1.1388,-0.271,-0.292,0.901
2046582,1650,1755,1687,-0.1247,0.0348,1.1388,-0.863,-0.328,0.810
2046592,1682,1739,2210,-0.1237,0.0322,1.1396,-1.444,-0.416,0.682
2046602,1667,1777,1794,-0.1222,0.0299,1.1415,-2.023,-0.527,0.528
2046612,1699,1730,1740,-0.1199,0.0263,1.1414,-2.526,-0.563,0.409
2046622,1652,1768,1683,-0.1198,0.0242,1.1413,-2.910,-0.504,0.377
2046632,1680,1737,1751,-0.1199,0.0225,1.1409,-3.170,-0.414,0.409
2046642,1763,1751,1677,-0.1208,0.0199,1.1389,-3.298,-0.319,0.454
2046652,1675,1730,1668,-0.1216,0.0187,1.1365,-3.263,-0.230,0.502
2046662,1657,1737,1736,-0.1224,0.0188,1.1347,-3.010,-0.167,0.577
2046672,1653,1731,1866,-0.1222,0.0189,1.1342,-2.613,-0.178,0.640
2046682,1649,1764,1665,-0.1213,0.0197,1.1331,-2.170,-0.245,0.665
2046692,1720,1739,1655,-0.1210,0.0203,1.1337,-1.693,-0.302,0.682
2046702,1750,1771,1728,-0.1231,0.0209,1.1360,-1.324,-0.350,0.655
2046712,1671,1740,1743,-0.1241,0.0207,1.1375,-1.129,-0.379,0.611
2046722,1648,1748,1981,-0.1250,0.0214,1.1370,-1.073,-0.387,0.601
2046732,1679,1731,1704,-0.1252,0.0218,1.1374,-1.148,-0.412,0.627
2046742,1661,1765,1686,-0.1259,0.0212,1.1376,-1.360,-0.441,0.625
2046752,1659,1750,1708,-0.1255,0.0203,1.1380,-1.656,-0.435,0.615
2046762,1665,1732,1756,-0.1246,0.0196,1.1376,-1.941,-0.398,0.626
2046772,1655,1741,1941,-0.1242,0.0185,1.1376,-2.179,-0.376,0.608
2046782,1654,1742,1951,-0.1237,0.0173,1.1380,-2.352,-0.359,0.603
2046792,1673,1742,1729,-0.1233,0.0163,1.1387,-2.421,-0.334,0.645
2046802,1654,1743,1724,-0.1243,0.0166,1.1384,-2.378,-0.295,0.709
2046812,1682,1734,1724,-0.1235,0.0167,1.1382,-2.232,-0.217,0.733
2046822,1711,1759,1921,-0.1239,0.0164,1.1381,-2.005,-0.136,0.721
2046832,1668,1741,1977,-0.1233,0.0167,1.1375,-1.716,-0.069,0.683
2046842,1650,1749,2093,-0.1234,0.0160,1.1381,-1.447,-0.014,0.634
2046852,1695,1736,1671,-0.1243,0.0154,1.1383,-1.195,0.034,0.596
2046862,1654,1742,1775,-0.1249,0.0156,1.1395,-1.117,0.032,0.563
2046872,1663,1742,1687,-0.1249,0.0157,1.1395,-1.166,0.042,0.561
2046882,1649,1752,1707,-0.1245,0.0146,1.1394,-1.339,0.104,0.579
2046892,1684,1741,1852,-0.1248,0.0144,1.1385,-1.645,0.145,0.615
2046902,1662,1761,1726,-0.1253,0.0140,1.1372,-1.991,0.226,0.642
2046912,1664,1741,1818,-0.1248,0.0121,1.1360,-2.249,0.303,0.655
2046922,1672,1745,1677,-0.1251,0.0119,1.1337,-2.320,0.358,0.644
2046932,1655,1748,1917,-0.1246,0.0109,1.1325,-2.239,0.374,0.589
2046942,1694,1745,1665,-0.1238,0.0111,1.1318,-2.031,0.313,0.545
2046952,1653,1747,1773,-0.1242,0.0112,1.1328,-1.745,0.261,0.533
2046962,1655,1775,1683,-0.1241,0.0107,1.1345,-1.479,0.173,0.506
2046972,1669,1746,1710,-0.1248,0.0110,1.1365,-1.238,0.144,0.474
2046982,1657,1757,1814,-0.1245,0.0132,1.1367,-1.045,0.116,0.462
2046992,1671,1750,1775,-0.1241,0.0142,1.1378,-0.975,0.024,0.441
2047002,1652,1753,1738,-0.1251,0.0130,1.1368,-0.992,-0.016,0.385
2047012,1702,1740,1885,-0.1249,0.0119,1.1350,-1.041,0.053,0.293
2047022,1675,1754,1857,-0.1244,0.0112,1.1324,-1.106,0.099,0.234
2047032,1664,1746,1779,-0.1238,0.0095,1.1313,-1.125,0.105,0.180
2047042,1763,1772,1667,-0.1230,0.0081,1.1313,-1.126,-0.025,0.125
2047052,1655,1765,1661,-0.1224,0.0069,1.1336,-1.100,-0.208,0.105
2047062,1663,1770,1681,-0.1227,0.0059,1.1337,-1.062,-0.287,0.107
2047072,1698,1744,1787,-0.1226,0.0059,1.1343,-1.027,-0.345,0.137
2047082,1687,1790,1738,-0.1234,0.0056,1.1345,-0.982,-0.394,0.150
2047092,1662,1745,1848,-0.1249,0.0053,1.1342,-0.808,-0.396,0.152
2047102,1658,1750,1713,-0.1249,0.0060,1.1353,-0.598,-0.472,0.135
2047112,1664,1746,1701,-0.1240,0.0070,1.1350,-0.266,-0.544,0.070
2047122,1797,1816,1707,-0.1242,0.0080,1.1356,0.200,-0.601,-0.006
2047132,1661,1757,1784,-0.1247,0.0076,1.1388,0.641,-0.676,-0.082
2047142,1656,1746,1688,-0.1255,0.0092,1.1397,1.073,-0.628,-0.092
2047152,1692,1747,2101,-0.1262,0.0107,1.1384,1.376,-0.521,-0.087
2047162,1657,1753,2262,-0.1261,0.0114,1.1389,1.533,-0.459,-0.086
2047172,1664,1742,1989,-0.1256,0.0110,1.1366,1.574,-0.359,-0.097
2047182,1663,1758,1707,-0.1254,0.0110,1.1363,1.470,-0.258,-0.088
2047192,1666,1750,1872,-0.1244,0.0107,1.1361,1.222,-0.214,-0.059
2047202,1662,1762,1792,-0.1241,0.0112,1.1346,0.854,-0.187,-0.021
2047212,1663,1760,1693,-0.1241,0.0108,1.1368,0.405,-0.202,0.045
2047222,1658,1749,1680,-0.1249,0.0101,1.1361,-0.117,-0.211,0.111
2047232,1693,1745,1925,-0.1257,0.0098,1.1364,-0.605,-0.196,0.198
2047242,1708,1759,1881,-0.1261,0.0097,1.1379,-1.069,-0.178,0.266
2047252,1665,1742,1684,-0.1265,0.0094,1.1373,-1.431,-0.119,0.336
2047262,1661,1776,1721,-0.1261,0.0110,1.1354,-1.663,-0.114,0.394
2047272,1671,1749,1672,-0.1262,0.0124,1.1344,-1.760,-0.129,0.418
2047282,1796,1764,1791,-0.1259,0.0112,1.1334,-1.687,-0.091,0.376
2047292,1674,1756,1791,-0.1265,0.0098,1.1327,-1.499,-0.066,0.303
2047302,1683,1769,1778,-0.1270,0.0090,1.1311,-1.201,-0.056,0.271
2047312,1675,1743,1897,-0.1268,0.0080,1.1323,-0.926,-0.094,0.257
2047322,1678,1759,1835,-0.1260,0.0079,1.1329,-0.715,-0.154,0.253
2047332,1668,1746,1710,-0.1263,0.0070,1.1317,-0.572,-0.186,0.232
2047342,1722,1768,2147,-0.1258,0.0073,1.1328,-0.537,-0.292,0.215
2047352,1661,1751,2091,-0.1266,0.0072,1.1342,-0.577,-0.388,0.214
2047362,1674,1760,1770,-0.1262,0.0067,1.1343,-0.624,-0.408,0.228
2047372,1670,1745,1817,-0.1260,0.0060,1.1338,-0.682,-0.436,0.254
2047382,1682,1762,1686,-0.1278,0.0049,1.1344,-0.730,-0.439,0.303
2047392,1672,1745,1669,-0.1273,0.0058,1.1342,-0.725,-0.430,0.374
2047402,1662,1760,1689,-0.1269,0.0066,1.1329,-0.656,-0.407,0.426
2047412,1665,1747,1695,-0.1262,0.0054,1.1326,-0.578,-0.426,0.443
2047422,1663,1760,1686,-0.1254,0.0044,1.1325,-0.518,-0.507,0.442
2047432,1662,1752,1906,-0.1247,0.0036,1.1329,-0.498,-0.602,0.423
2047442,1671,1750,1901,-0.1248,0.0032,1.1329,-0.472,-0.673,0.406
2047452,1735,1750,1798,-0.1247,0.0030,1.1318,-0.434,-0.721,0.417
2047462,1662,1749,1712,-0.1244,0.0031,1.1324,-0.411,-0.815,0.444
2047472,1665,1745,1839,-0.1252,0.0032,1.1348,-0.388,-0.902,0.470
2047482,1672,1754,1942,-0.1262,0.0041,1.1356,-0.320,-0.937,0.471
2047492,1679,1745,1799,-0.1257,0.0054,1.1347,-0.221,-0.975,0.453
2047502,1689,1771,2224,-0.1251,0.0067,1.1361,-0.088,-0.980,0.425
2047512,1664,1748,1715,-0.1246,0.0072,1.1372,0.101,-0.963,0.380
2047522,1672,1753,1890,-0.1254,0.0070,1.1367,0.291,-0.936,0.320
2047532,1687,1747,2147,-0.1246,0.0070,1.1385,0.372,-0.964,0.252
2047542,1707,1750,2307,-0.1250,0.0070,1.1394,0.317,-1.022,0.202
2047552,1688,1747,1879,-0.1255,0.0072,1.1395,0.193,-0.976,0.191
2047562,1664,1765,1860,-0.1266,0.0074,1.1376,0.040,-0.861,0.219
2047572,1671,1746,1793,-0.1280,0.0073,1.1372,-0.189,-0.768,0.249
2047582,1675,1754,1687,-0.1297,0.0084,1.1355,-0.440,-0.752,0.255
2047592,1670,1751,1881,-0.1299,0.0079,1.1360,-0.647,-0.783,0.238
2047602,1701,1760,2181,-0.1304,0.0065,1.1361,-0.789,-0.796,0.214
2047612,1665,1748,1786,-0.1287,0.0056,1.1367,-0.886,-0.837,0.190
2047622,1665,1749,2467,-0.1273,0.0043,1.1367,-0.950,-0.842,0.165
2047632,1666,1748,1893,-0.1265,0.0045,1.1367,-0.913,-0.756,0.152
2047642,1674,1759,1840,-0.1264,0.0036,1.1356,-0.872,-0.720,0.145
2047652,1676,1745,1879,-0.1273,0.0029,1.1358,-0.768,-0.739,0.135
2047662,1691,1762,1970,-0.1263,0.0036,1.1372,-0.616,-0.747,0.127
2047672,1668,1755,1893,-0.1267,0.0040,1.1388,-0.438,-0.781,0.128
2047682,1671,1749,2231,-0.1269,0.0053,1.1377,-0.237,-0.733,0.117
2047692,1670,1746,1836,-0.1263,0.0053,1.1383,-0.086,-0.656,0.103
2047702,1684,1755,1726,-0.1264,0.0060,1.1379,-0.012,-0.586,0.106
2047712,1673,1744,1825,-0.1268,0.0051,1.1383,0.007,-0.485,0.134
2047722,1670,1745,1767,-0.1260,0.0062,1.1372,-0.013,-0.410,0.171
2047732,1709,1771,2026,-0.1261,0.0064,1.1348,-0.028,-0.311,0.195
2047742,1673,1756,1751,-0.1264,0.0067,1.1348,-0.052,-0.264,0.206
2047752,1676,1748,1779,-0.1275,0.0060,1.1353,-0.101,-0.286,0.189
2047762,1680,1753,1737,-0.1279,0.0051,1.1362,-0.149,-0.326,0.140
2047772,1676,1745,1930,-0.1276,0.0046,1.1360,-0.210,-0.343,0.074
2047782,1674,1748,1837,-0.1270,0.0039,1.1360,-0.227,-0.328,0.008
2047792,1672,1748,2015,-0.1268,0.0032,1.1347,-0.205,-0.280,-0.048
2047802,1683,1758,1728,-0.1277,0.0025,1.1352,-0.159,-0.284,-0.074
2047812,1672,1748,2069,-0.1272,0.0016,1.1339,-0.104,-0.355,-0.089
2047822,1680,1747,1739,-0.1262,0.0019,1.1340,-0.016,-0.450,-0.100
2047832,1675,1750,1931,-0.1253,0.0021,1.1349,0.100,-0.543,-0.098
2047842,1679,1745,2014,-0.1252,0.0019,1.1345,0.236,-0.564,-0.091
2047852,1678,1767,1869,-0.1247,0.0011,1.1342,0.338,-0.555,-0.077
2047862,1684,1749,2232,-0.1250,0.0009,1.1326,0.399,-0.545,-0.055
2047872,1673,1750,1965,-0.1252,0.0004,1.1333,0.437,-0.579,-0.045
2047882,1674,1751,1716,-0.1243,0.0001,1.1341,0.456,-0.665,-0.061
2047892,1677,1750,1679,-0.1230,0.0005,1.1333,0.521,-0.698,-0.081
2047902,1677,1754,1878,-0.1223,-0.0001,1.1349,0.569,-0.720,-0.105
2047912,1674,1751,1933,-0.1219,-0.0003,1.1340,0.584,-0.742,-0.140
2047922,1681,1769,1685,-0.1224,-0.0003,1.1330,0.609,-0.760,-0.186
2047932,1675,1750,1960,-0.1225,-0.0008,1.1315,0.602,-0.854,-0.222
2047942,1695,1754,1715,-0.1217,-0.0008,1.1326,0.687,-0.965,-0.236
2047952,1673,1766,2067,-0.1209,0.0001,1.1344,0.828,-1.065,-0.240
2047962,1690,1753,2006,-0.1206,0.0007,1.1355,0.960,-1.179,-0.244
2047972,1676,1762,1983,-0.1201,0.0026,1.1359,1.070,-1.271,-0.255
2047982,1686,1759,1750,-0.1197,0.0041,1.1352,1.133,-1.333,-0.280
2047992,1675,1750,1706,-0.1205,0.0061,1.1364,1.186,-1.353,-0.291
2048002,1703,1753,1882,-0.1205,0