636887,3311,1048,3467,0.0880,0.2287,1.1256,4.899,-0.150,0.573
636897,3507,1003,3414,0.0865,0.2278,1.1237,3.938,-0.130,0.597
636907,3297,1044,3407,0.0850,0.2258,1.1215,3.084,-0.157,0.601
636917,3392,935,3406,0.0847,0.2247,1.1204,2.344,-0.279,0.577
636927,2617,1042,3486,0.0859,0.2219,1.1218,1.711,-0.469,0.544
636937,3417,981,3652,0.0870,0.2192,1.1218,1.165,-0.634,0.525
636947,3635,1078,3404,0.0882,0.2152,1.1227,0.658,-0.789,0.530
636957,3714,977,3403,0.0895,0.2095,1.1262,0.245,-0.863,0.573
636967,3368,1055,3434,0.0915,0.1989,1.1315,-0.019,-0.897,0.700
636977,3431,972,3402,0.0901,0.1964,1.1345,0.033,-0.765,1.221
636987,3128,1061,3432,0.0895,0.1953,1.1304,0.352,-0.452,1.741
636997,3358,960,3460,0.0897,0.1999,1.1294,0.953,-0.351,2.260
637007,2990,1045,3414,0.0906,0.2071,1.1294,1.706,-0.268,2.770
637017,3561,979,3411,0.0924,0.2174,1.1332,2.264,-0.177,3.205
637027,3266,948,3409,0.0954,0.2211,1.1415,2.334,-0.127,3.469
637037,3555,863,3780,0.0999,0.2213,1.1422,1.817,0.251,3.610
637047,3241,922,3458,0.1025,0.2178,1.1469,0.659,0.670,3.747
637057,4083,876,3434,0.1061,0.2119,1.1467,-0.898,1.210,3.863
637067,3383,932,3411,0.1051,0.2014,1.1422,-2.415,1.903,3.917
637077,3496,785,3408,0.1035,0.1926,1.1347,-3.594,2.411,3.970
637087,3195,829,3425,0.1022,0.1937,1.1227,-4.223,2.804,4.171
637097,3385,702,3469,0.0941,0.1977,1.1099,-4.274,3.007,4.459
637107,2823,765,3422,0.0863,0.1996,1.1013,-3.945,3.068,4.646
637117,3471,700,3442,0.0776,0.2088,1.0977,-3.274,2.977,4.781
637127,3292,723,3528,0.0711,0.2173,1.0967,-2.394,2.641,4.751
637137,3373,659,3425,0.0669,0.2245,1.0984,-1.524,2.178,4.544
637147,3352,679,3450,0.0664,0.2333,1.1045,-0.765,1.582,4.215
637157,3883,633,3411,0.0689,0.2363,1.1116,-0.358,1.125,3.739
637167,3157,713,3432,0.0695,0.2412,1.1198,-0.293,0.870,3.165
637177,3419,618,3408,0.0704,0.2383,1.1202,-0.469,0.753,2.510
637187,3207,610,3459,0.0721,0.2342,1.1174,-0.680,0.736,1.913
637197,3378,576,3409,0.0714,0.2319,1.1152,-0.610,0.514,1.521
637207,3228,641,3473,0.0718,0.2313,1.1122,-0.400,0.326,1.281
637217,3307,664,3415,0.0728,0.2300,1.1091,-0.217,0.094,1.089
637227,3301,642,3579,0.0741,0.2292,1.1134,0.047,-0.302,0.970
637237,3367,594,3456,0.0761,0.2288,1.1152,0.256,-0.687,0.889
637247,3168,612,3486,0.0791,0.2266,1.1209,0.299,-0.947,0.780
637257,3427,500,3414,0.0789,0.2233,1.1242,0.064,-1.174,0.691
637267,3207,600,3478,0.0770,0.2205,1.1256,-0.357,-1.192,0.685
637277,3402,513,3457,0.0757,0.2196,1.1263,-0.844,-1.300,0.719
637287,3142,624,3481,0.0747,0.2182,1.1231,-1.144,-1.447,0.751
637297,3464,514,3497,0.0761,0.2176,1.1276,-1.232,-1.768,0.791
637307,3254,535,3516,0.0787,0.2169,1.1326,-1.190,-2.059,0.851
637317,3523,477,3476,0.0819,0.2168,1.1325,-1.179,-2.070,0.949
637327,2741,608,3532,0.0830,0.2171,1.1346,-1.312,-2.008,1.074
637337,3473,535,3505,0.0824,0.2202,1.1368,-1.575,-1.859,1.230
637347,3242,541,3523,0.0803,0.2211,1.1436,-1.971,-1.814,1.368
637357,3434,510,3503,0.0788,0.2216,1.1465,-2.597,-1.612,1.513
637367,3193,637,3641,0.0794,0.2265,1.1488,-3.451,-1.370,1.661
637377,3401,582,3574,0.0825,0.2179,1.1501,-4.253,-1.126,1.638
637387,3168,617,3599,0.0830,0.2072,1.1454,-4.465,-0.587,1.562
637397,3252,535,3573,0.0841,0.2003,1.1420,-3.670,-0.025,1.691
637407,2952,770,3680,0.0847,0.1918,1.1355,-2.216,0.603,1.898
637417,3313,593,3577,0.0881,0.1827,1.1284,-0.514,1.088,2.144
637427,3131,658,3611,0.0901,0.1792,1.1244,1.475,1.423,2.567
637437,3348,614,3572,0.0906,0.1805,1.1202,3.541,1.664,3.130
637447,3067,634,3638,0.0888,0.1863,1.1147,5.432,1.914,3.732
637457,3297,576,3646,0.0866,0.1955,1.1145,7.082,1.964,4.314
637467,3088,667,3593,0.0852,0.2058,1.1109,8.315,1.936,4.805
637477,3306,597,3629,0.0848,0.2133,1.1115,8.978,1.757,5.113
637487,3122,615,3598,0.0863,0.2186,1.1115,8.918,1.457,5.275
637497,3297,578,3655,0.0875,0.2272,1.1151,8.290,1.112,5.389
637507,3098,553,3719,0.0897,0.2359,1.1131,6.967,0.918,5.395
637517,3322,550,3732,0.0910,0.2435,1.1122,5.330,0.917,5.218
637527,3027,568,3713,0.0928,0.2436,1.1117,3.694,0.891,4.819
637537,3289,505,3686,0.0935,0.2403,1.1096,2.179,1.084,4.371
637547,3068,550,3704,0.0933,0.2415,1.1117,0.695,1.187,4.031
637557,3285,460,3651,0.0911,0.2410,1.1061,-0.881,1.561,3.702
637567,3053,481,3699,0.0906,0.2371,1.1092,-2.621,1.756,3.307
637577,3307,389,3578,0.0907,0.2330,1.1059,-4.519,1.995,2.871
637587,3087,477,3739,0.0906,0.2254,1.1043,-6.373,2.383,2.382
637597,3296,365,3645,0.0888,0.2173,1.1054,-8.092,2.661,1.863
637607,3078,388,3731,0.0859,0.2103,1.1039,-9.416,3.138,1.353
637617,3310,301,3575,0.0832,0.2049,1.1089,-10.211,3.407,0.882
637627,3112,376,3640,0.0809,0.1996,1.1149,-10.423,3.609,0.482
637637,3337,325,3553,0.0786,0.1966,1.1230,-10.283,3.820,0.117
637647,3112,356,3646,0.0767,0.1963,1.1299,-9.908,4.129,-0.216
637657,3387,247,3524,0.0759,0.1978,1.1367,-9.395,4.537,-0.529
637667,3165,259,3557,0.0758,0.1970,1.1397,-8.826,5.113,-0.880
637677,3380,217,3498,0.0758,0.1956,1.1436,-8.260,5.755,-1.266
637687,3205,271,3558,0.0761,0.1940,1.1439,-7.791,6.429,-1.614
637697,3457,212,3518,0.0744,0.1907,1.1413,-7.488,7.070,-1.846
637707,3151,192,3551,0.0742,0.1881,1.1385,-7.330,7.567,-2.001
637717,3370,131,3520,0.0732,0.1874,1.1337,-7.169,7.892,-2.060
637727,3171,176,3531,0.0725,0.1877,1.1327,-6.835,8.047,-2.045
637737,3384,118,3538,0.0721,0.1879,1.1285,-6.448,8.096,-1.983
637747,3168,154,3553,0.0705,0.1885,1.1232,-5.905,8.088,-1.883
637757,3374,93,3533,0.0692,0.1877,1.1232,-5.145,7.821,-1.717
637767,3144,84,3535,0.0645,0.1894,1.1208,-4.211,7.414,-1.436
637777,3371,76,3527,0.0617,0.1929,1.1210,-3.204,6.956,-1.075
637787,3132,99,3544,0.0572,0.1996,1.1215,-2.280,6.311,-0.690
637797,3331,53,3496,0.0545,0.2058,1.1241,-1.704,5.692,-0.409
637807,3079,71,3527,0.0528,0.2086,1.1247,-1.659,5.065,-0.246
637817,3288,43,3506,0.0522,0.2094,1.1259,-2.105,4.409,-0.116
637827,3072,44,3541,0.0511,0.2078,1.1261,-2.964,3.804,0.006
637837,3325,25,3484,0.0516,0.2053,1.1250,-4.039,3.332,0.099
637847,3114,82,3525,0.0525,0.2015,1.1256,-5.124,2.878,0.181
637857,3360,45,3477,0.0531,0.1980,1.1261,-6.017,2.506,0.241
637867,3099,51,3525,0.0547,0.1933,1.1269,-6.638,2.166,0.294
637877,3303,26,3473,0.0561,0.1880,1.1232,-6.912,1.942,0.334
637887,3076,48,3523,0.0572,0.1832,1.1234,-6.867,1.721,0.348
637897,3289,27,3486,0.0572,0.1811,1.1243,-6.657,1.492,0.359
637907,3114,26,3517,0.0558,0.1784,1.1250,-6.397,1.374,0.353
637917,3282,7,3478,0.0552,0.1761,1.1272,-6.143,1.237,0.317
637927,3096,12,3529,0.0547,0.1731,1.1262,-5.868,1.210,0.247
637937,3297,11,3481,0.0532,0.1711,1.1273,-5.524,1.207,0.160
637947,3056,8,3522,0.0516,0.1705,1.1276,-5.093,1.218,0.102
637957,3275,19,3501,0.0500,0.1710,1.1276,-4.598,1.225,0.069
637967,3070,24,3552,0.0496,0.1711,1.1284,-4.062,1.179,0.049
637977,3242,0,3480,0.0487,0.1726,1.1288,-3.527,1.110,0.050
637987,3037,17,3518,0.0493,0.1738,1.1285,-3.042,1.035,0.029
637997,3275,0,3465,0.0499,0.1743,1.1301,-2.679,0.940,-0.026
638007,3030,9,3536,0.0498,0.1751,1.1308,-2.432,0.846,-0.079
638017,3348,0,3481,0.0498,0.1759,1.1323,-2.353,0.721,-0.115
638027,3072,0,3525,0.0500,0.1761,1.1324,-2.445,0.595,-0.152
638037,3235,0,3469,0.0505,0.1757,1.1333,-2.661,0.470,-0.192
638047,3053,0,3513,0.0516,0.1761,1.1344,-2.935,0.346,-0.224
638057,3197,0,3482,0.0520,0.1756,1.1367,-3.239,0.274,-0.266
638067,3037,0,3534,0.0527,0.1746,1.1381,-3.505,0.209,-0.306
638077,3133,0,3473,0.0536,0.1733,1.1396,-3.591,0.195,-0.360
638087,3155,23,3582,0.0545,0.1710,1.1436,-3.539,0.174,-0.415
638097,3400,12,3564,0.0554,0.1672,1.1435,-3.387,0.252,-0.474
638107,3087,0,3579,0.0554,0.1644,1.1446,-3.075,0.349,-0.518
638117,3226,0,3537,0.0584,0.1570,1.1460,-2.694,0.452,-0.528
638127,3044,9,3467,0.0628,0.1480,1.1541,-2.248,0.459,-0.442
638137,3209,0,3485,0.0695,0.1360,1.1653,-1.926,0.592,-0.168
638147,2809,0,3539,0.0762,0.1254,1.1856,-1.828,0.937,0.345
638157,3150,0,3475,0.0881,0.1158,1.2094,-2.100,1.638,1.120
638167,2937,12,3445,0.0942,0.1172,1.2342,-2.835,2.975,2.233
638177,2983,11,3442,0.0935,0.1257,1.2471,-3.870,5.103,3.573
638187,3005,6,3448,0.0895,0.1335,1.2535,-5.035,7.555,4.785
638197,2950,0,3454,0.0849,0.1397,1.2601,-6.033,10.125,5.570
638207,2997,0,3466,0.0801,0.1458,1.2567,-6.610,12.927,5.962
638217,2952,0,3444,0.0735,0.1534,1.2522,-6.675,15.815,6.003
638227,2864,0,3467,0.0688,0.1585,1.2456,-6.282,18.544,5.720
638237,2904,71,3463,0.0638,0.1629,1.2353,-5.637,21.482,5.093
638247,2736,11,3446,0.0587,0.1650,1.2252,-4.893,24.357,4.331
638257,3300,26,3505,0.0504,0.1648,1.2115,-3.951,27.219,3.688
638267,2491,0,3458,0.0410,0.1633,1.2071,-3.079,29.858,3.267
638277,3075,0,3484,0.0295,0.1620,1.2044,-2.412,32.252,3.137
638287,2917,0,3461,0.0191,0.1618,1.2096,-2.075,34.484,3.278
638297,3015,0,3456,0.0095,0.1640,1.2136,-2.211,36.544,3.660
638307,3005,0,3462,0.0038,0.1679,1.2226,-2.873,38.385,4.192
638317,2980,0,3492,0.0012,0.1670,1.2276,-4.186,40.179,4.729
638327,3020,0,3489,-0.0026,0.1628,1.2334,-5.909,42.115,5.230
638337,2972,0,3479,-0.0088,0.1596,1.2386,-7.887,43.985,5.795
638347,2561,14,3453,-0.0171,0.1550,1.2374,-9.861,45.967,6.431
638357,2843,2,3466,-0.0289,0.1511,1.2284,-11.649,47.912,7.113
638367,2792,44,3515,-0.0381,0.1430,1.2241,-13.040,49.580,7.801
638377,3184,12,3466,-0.0480,0.1324,1.2186,-14.111,50.956,8.555
638387,3085,53,3493,-0.0595,0.1257,1.2119,-14.944,52.323,9.808
638397,3075,24,3548,-0.0703,0.1204,1.2056,-15.605,53.583,11.177
638407,2856,12,3457,-0.0775,0.1150,1.2079,-16.200,54.689,12.633
638417,3124,192,3478,-0.0827,0.1096,1.2132,-17.014,55.825,14.137
638427,2999,2,3456,-0.0836,0.1051,1.2230,-18.163,57.097,15.734
638437,3216,214,3454,-0.0816,0.1024,1.2396,-19.719,58.517,17.434
638447,3138,69,3484,-0.0756,0.0985,1.2614,-21.868,60.202,19.179
638457,3169,0,3463,-0.0703,0.0953,1.2827,-24.729,62.356,20.997
638467,2769,0,3480,-0.0627,0.0884,1.2992,-28.478,65.030,22.854
638477,2615,69,3457,-0.0642,0.0785,1.3055,-33.096,68.298,24.709
638487,2523,0,3469,-0.0719,0.0575,1.2975,-37.886,72.276,26.460
638497,2615,206,3541,-0.0864,0.0308,1.2830,-41.987,76.632,28.087
638507,2914,161,3518,-0.1029,-0.0030,1.2654,-44.667,81.059,29.697
638517,3135,399,3607,-0.1240,-0.0329,1.2438,-45.661,85.559,31.580
638527,2840,516,3660,-0.1480,-0.0473,1.2311,-44.862,89.771,33.963
638537,2909,144,3620,-0.1710,-0.0518,1.2191,-42.298,93.720,36.627
638547,2528,0,3476,-0.1927,-0.0501,1.2083,-38.436,97.480,39.321
638557,2708,0,3513,-0.2146,-0.0383,1.1939,-33.716,101.012,41.867
638567,2745,279,3600,-0.2338,-0.0291,1.1770,-28.823,104.200,44.024
638577,2867,474,3608,-0.2527,-0.0189,1.1596,-24.174,106.965,45.826
638587,2870,285,3528,-0.2718,-0.0067,1.1373,-20.167,109.291,47.485
638597,2786,581,3611,-0.2946,0.0072,1.1105,-16.959,111.293,49.099
638607,2638,103,3530,-0.3166,0.0223,1.0864,-14.519,112.687,50.702
638617,2899,128,3553,-0.3392,0.0379,1.0591,-12.903,113.573,52.278
638627,2587,129,3474,-0.3585,0.0522,1.0373,-12.041,113.903,53.859
638637,3020,208,3631,-0.3786,0.0665,1.0194,-11.982,113.761,55.409
638647,2945,191,3605,-0.3962,0.0788,0.9995,-12.861,113.452,56.843
638657,2826,311,3646,-0.4155,0.0916,0.9791,-14.500,112.781,58.209
638667,2461,83,3598,-0.4342,0.1021,0.9602,-16.609,111.775,59.512
638677,2853,245,3700,-0.4516,0.1159,0.9478,-19.150,110.326,60.779
638687,2481,57,3554,-0.4677,0.1295,0.9281,-22.170,108.782,61.945
638697,2252,94,3548,-0.4865,0.1441,0.9109,-25.531,107.142,62.983
638707,2342,0,3530,-0.5041,0.1593,0.9012,-29.096,105.161,63.850
638717,2515,434,3548,-0.5220,0.1724,0.8869,-32.914,103.220,64.418
638727,2392,199,3585,-0.5366,0.1859,0.8755,-37.100,101.289,64.674
638737,2794,326,3542,-0.5436,0.1843,0.8623,-41.905,99.295,64.642
638747,2083,360,3541,-0.5559,0.1927,0.8461,-47.155,97.451,64.631
638757,2560,180,3492,-0.5682,0.2025,0.8313,-52.759,95.554,64.755
638767,2451,46,3464,-0.5797,0.2139,0.8130,-58.930,93.598,64.782
638777,2824,73,3462,-0.5879,0.2206,0.7915,-65.742,91.670,64.537
638787,2201,106,3465,-0.5969,0.2206,0.7737,-73.469,89.382,63.860
638797,2038,43,3458,-0.6023,0.2098,0.7591,-82.028,86.593,62.782
638807,2094,0,3481,-0.6084,0.1891,0.7444,-90.857,83.727,61.553
638817,2094,179,3472,-0.6141,0.1622,0.7333,-99.643,80.742,60.465
638827,2024,37,3468,-0.6216,0.1326,0.7246,-108.348,77.619,59.849
638837,2041,0,3461,-0.6288,0.1023,0.7272,-117.054,74.250,59.966
638847,2340,29,3468,-0.6334,0.0738,0.7284,-125.852,70.756,60.900
638857,2110,107,3462,-0.6392,0.0441,0.7151,-134.553,67.676,62.625
638867,2174,86,3485,-0.6472,0.0216,0.7062,-142.677,64.443,65.191
638877,2088,113,3509,-0.6540,0.0027,0.6940,-149.948,61.067,68.264
638887,2192,0,3520,-0.6631,-0.0086,0.6828,-155.772,57.524,71.416
638897,2102,38,3518,-0.6683,-0.0178,0.6712,-159.905,53.731,74.142
638907,2094,18,3561,-0.6719,-0.0190,0.6630,-162.093,49.819,76.289
638917,2179,0,3503,-0.6778,-0.0184,0.6603,-162.452,45.805,77.725
638927,2226,74,3519,-0.6780,-0.0195,0.6611,-160.975,41.846,78.275
638937,2058,0,3460,-0.6781,-0.0183,0.6668,-157.530,38.258,77.989
638947,2101,215,3557,-0.6787,-0.0247,0.6689,-152.043,35.477,76.916
638957,2045,0,3474,-0.6815,-0.0358,0.6705,-144.660,33.309,75.316
638967,2729,214,3504,-0.6843,-0.0488,0.6658,-135.949,31.603,73.500
638977,2032,20,3548,-0.6914,-0.0649,0.6469,-126.212,30.366,71.665
638987,2061,15,3623,-0.7040,-0.0731,0.6357,-115.938,28.753,69.969
638997,2083,213,3574,-0.7162,-0.0781,0.6168,-104.973,26.749,68.340
639007,2018,12,3537,-0.7246,-0.0865,0.6010,-93.907,24.513,66.350
639017,2237,6,3471,-0.7300,-0.0989,0.5845,-82.998,21.898,64.058
639027,2353,37,3636,-0.7369,-0.1005,0.5832,-72.306,18.871,61.842
639037,2151,10,3477,-0.7385,-0.0952,0.5990,-62.134,15.411,59.919
639047,2120,34,3521,-0.7426,-0.0827,0.6148,-53.070,12.196,58.327
639057,2024,34,3552,-0.7475,-0.0637,0.6255,-45.417,9.405,57.037
639067,2372,39,3476,-0.7470,-0.0417,0.6495,-39.548,6.480,55.950
639077,2800,20,3474,-0.7461,-0.0258,0.6711,-35.658,3.888,54.894
639087,2095,43,3522,-0.7451,-0.0126,0.6903,-33.669,1.824,53.854
639097,2288,42,3492,-0.7430,-0.0015,0.7113,-33.353,-0.019,52.924
639107,2227,82,3547,-0.7409,0.0071,0.7283,-34.570,-1.588,52.080
639117,2547,32,3489,-0.7425,0.0161,0.7357,-36.866,-2.839,51.317
639127,2193,40,3531,-0.7427,0.0261,0.7415,-39.802,-4.036,50.479
639137,2623,133,3457,-0.7395,0.0318,0.7513,-42.794,-5.443,49.441
639147,2112,79,3534,-0.7359,0.0324,0.7552,-45.509,-6.540,48.254
639157,2099,105,3515,-0.7319,0.0300,0.7611,-47.788,-7.419,47.038
639167,2268,105,3530,-0.7311,0.0287,0.7676,-49.610,-8.216,45.874
639177,3084,147,3463,-0.7318,0.0299,0.7727,-50.802,-8.810,44.739
639187,2226,80,3546,-0.7323,0.0339,0.7825,-51.560,-9.338,43.518
639197,2276,101,3486,-0.7341,0.0399,0.7874,-52.018,-9.471,42.092
639207,2060,64,3563,-0.7357,0.0445,0.7893,-52.049,-9.274,40.434
639217,2068,167,3548,-0.7364,0.0510,0.7985,-51.620,-9.120,38.622
639227,2859,78,3562,-0.7358,0.0599,0.8104,-50.817,-8.881,36.663
639237,2772,231,3476,-0.7333,0.0692,0.8207,-49.710,-8.447,34.537
639247,2552,96,3516,-0.7306,0.0779,0.8318,-48.304,-7.816,32.252
639257,3103,150,3489,-0.7333,0.0856,0.8366,-46.657,-6.894,29.743
639267,1986,133,3619,-0.7395,0.0879,0.8269,-44.628,-5.414,26.877
639277,1928,107,3506,-0.7491,0.0899,0.8247,-42.142,-4.108,23.708
639287,1903,98,3555,-0.7536,0.0916,0.8265,-39.074,-3.012,20.370
639297,2340,100,3489,-0.7569,0.1000,0.8224,-35.543,-1.744,16.879
639307,2008,152,3565,-0.7647,0.1026,0.8139,-31.797,-0.417,13.331
639317,2520,186,3478,-0.7660,0.1097,0.8163,-28.270,0.494,9.764
639327,2585,112,3568,-0.7693,0.1169,0.8140,-25.235,1.298,6.154
639337,2260,170,3467,-0.7725,0.1116,0.7996,-22.542,2.309,2.516
639347,2224,134,3588,-0.7733,0.0972,0.7957,-20.529,2.730,-0.953
639357,2052,132,3514,-0.7756,0.0753,0.7885,-19.183,2.904,-4.013
639367,2195,152,3585,-0.7779,0.0477,0.7865,-18.422,2.934,-6.569
639377,2107,128,3507,-0.7807,0.0220,0.7874,-18.253,2.743,-8.558
639387,2253,127,3551,-0.7831,-0.0022,0.7814,-18.420,2.768,-10.025
639397,2140,130,3518,-0.7830,-0.0238,0.7812,-18.682,2.656,-10.967
639407,1805,143,3561,-0.7821,-0.0435,0.7802,-18.906,2.481,-11.483
639417,1979,151,3563,-0.7799,-0.0595,0.7755,-18.863,2.501,-11.648
639427,1989,144,3567,-0.7786,-0.0728,0.7732,-18.539,2.583,-11.500
639437,2119,144,3509,-0.7775,-0.0830,0.7711,-18.044,2.731,-11.144
639447,2038,158,3562,-0.7768,-0.0933,0.7636,-17.508,3.065,-10.618
639457,1814,159,3500,-0.7770,-0.1022,0.7561,-17.091,3.419,-9.932
639467,2225,155,3498,-0.7775,-0.1122,0.7494,-16.840,3.560,-9.056
639477,1892,176,3495,-0.7798,-0.1190,0.7419,-16.682,3.505,-7.969
639487,1708,177,3579,-0.7820,-0.1222,0.7332,-16.626,3.255,-6.761
639497,1841,166,3534,-0.7855,-0.1248,0.7242,-16.521,2.852,-5.519
639507,1625,171,3538,-0.7866,-0.1299,0.7208,-16.371,2.187,-4.327
639517,1824,182,3497,-0.7866,-0.1327,0.7197,-16.125,1.389,-3.201
639527,1749,222,3603,-0.7855,-0.1328,0.7180,-15.678,0.742,-2.107
639537,1960,189,3543,-0.7846,-0.1315,0.7202,-14.847,0.206,-1.060
639547,1726,187,3584,-0.7837,-0.1279,0.7211,-13.681,-0.120,-0.146
639557,1671,197,3484,-0.7828,-0.1222,0.7210,-12.234,-0.271,0.579
639567,2012,190,3550,-0.7828,-0.1138,0.7243,-10.549,-0.372,1.118
639577,2085,236,3518,-0.7815,-0.1059,0.7258,-8.809,-0.337,1.464
639587,1679,198,3586,-0.7814,-0.0987,0.7267,-7.172,-0.194,1.618
639597,1613,221,3537,-0.7830,-0.0917,0.7275,-5.636,-0.078,1.636
639607,1936,205,3567,-0.7827,-0.0875,0.7246,-4.155,-0.016,1.520
639617,1907,208,3551,-0.7839,-0.0838,0.7232,-2.797,-0.071,1.258
639627,1553,223,3608,-0.7843,-0.0785,0.7243,-1.536,-0.245,0.922
639637,1615,233,3489,-0.7845,-0.0715,0.7219,-0.355,-0.393,0.487
639647,1578,243,3506,-0.7841,-0.0637,0.7228,0.747,-0.585,-0.073
639657,1879,231,3502,-0.7846,-0.0555,0.7238,1.608,-0.825,-0.764
639667,1582,246,3632,-0.7836,-0.0525,0.7256,2.134,-1.059,-1.573
639677,1551,236,3501,-0.7837,-0.0523,0.7284,2.284,-1.377,-2.407
639687,1834,234,3576,-0.7839,-0.0546,0.7311,2.093,-1.765,-3.199
639697,2343,303,3490,-0.7849,-0.0595,0.7334,1.756,-2.079,-3.961
639707,1796,262,3629,-0.7851,-0.0647,0.7340,1.355,-2.275,-4.677
639717,1540,261,3519,-0.7851,-0.0707,0.7342,0.967,-2.463,-5.325
639727,1833,250,3607,-0.7844,-0.0753,0.7374,0.679,-2.679,-5.906
639737,1584,275,3504,-0.7853,-0.0790,0.7349,0.510,-2.771,-6.435
639747,1582,256,3837,-0.7867,-0.0828,0.7325,0.384,-2.804,-6.905
639757,1538,286,3559,-0.7872,-0.0889,0.7304,0.158,-2.999,-7.277
639767,1576,274,3644,-0.7886,-0.0971,0.7311,0.008,-3.247,-7.497
639777,1685,300,3479,-0.7868,-0.1060,0.7388,-0.026,-3.533,-7.324
639787,1693,276,3542,-0.7844,-0.1148,0.7453,0.003,-3.583,-7.014
639797,1647,274,3534,-0.7848,-0.1229,0.7495,0.073,-3.407,-6.573
639807,1602,290,3612,-0.7850,-0.1283,0.7534,0.114,-3.171,-6.025
639817,1560,281,3558,-0.7860,-0.1314,0.7557,0.043,-2.831,-5.385
639827,1541,278,3664,-0.7863,-0.1306,0.7549,-0.235,-2.456,-4.658
639837,1558,280,3507,-0.7855,-0.1286,0.7503,-0.717,-2.123,-3.873
639847,1587,285,3587,-0.7851,-0.1276,0.7452,-1.332,-1.881,-3.114
639857,1576,296,3560,-0.7825,-0.1264,0.7484,-2.016,-1.868,-2.369
639867,1619,298,3638,-0.7827,-0.1291,0.7396,-2.812,-1.691,-1.660
639877,1559,304,3627,-0.7833,-0.1311,0.7337,-3.482,-1.564,-0.909
639887,1596,320,3560,-0.7841,-0.1348,0.7325,-4.026,-1.817,-0.040
639897,1568,318,3603,-0.7852,-0.1384,0.7245,-4.434,-1.988,0.898
639907,1598,336,3811,-0.7850,-0.1417,0.7279,-4.869,-2.390,1.878
639917,1547,357,3567,-0.7842,-0.1384,0.7355,-5.523,-2.954,3.002
639927,1563,348,3500,-0.7829,-0.1293,0.7416,-6.456,-3.228,4.210
639937,1589,373,3551,-0.7792,-0.1157,0.7630,-7.651,-3.594,5.347
639947,1531,320,3747,-0.7758,-0.0986,0.7795,-9.193,-3.797,6.117
639957,1634,330,3518,-0.7755,-0.0999,0.7652,-10.869,-3.388,6.180
639967,1564,364,3479,-0.7773,-0.1227,0.7355,-12.198,-3.394,5.781
639977,1549,332,3575,-0.7748,-0.1622,0.7173,-13.124,-4.426,5.463
639987,1763,331,3500,-0.7805,-0.1736,0.7165,-13.357,-5.858,5.828
639997,1655,380,3537,-0.7824,-0.1475,0.7224,-12.175,-6.611,6.763
640007,2077,337,3548,-0.7735,-0.1056,0.7456,-10.226,-6.965,7.407
640017,1549,371,3469,-0.7656,-0.0572,0.7591,-8.368,-6.767,7.348
640027,1835,359,3625,-0.7610,-0.0317,0.7539,-7.536,-5.842,6.275
640037,1668,363,3630,-0.7573,-0.0220,0.7502,-8.126,-5.000,4.623
640047,1529,368,3535,-0.7581,-0.0311,0.7534,-9.973,-4.401,2.785
640057,1531,363,3564,-0.7603,-0.0586,0.7453,-12.117,-3.972,1.036
640067,1592,357,3585,-0.7612,-0.0861,0.7478,-13.784,-3.757,-0.372
640077,1518,364,3469,-0.7580,-0.1057,0.7574,-14.935,-3.991,-1.340
640087,1523,376,3612,-0.7567,-0.1223,0.7504,-15.499,-3.614,-1.909
640097,2034,398,3765,-0.7549,-0.1354,0.7597,-15.714,-3.523,-2.039
640107,2017,371,3563,-0.7558,-0.1496,0.7527,-15.914,-3.222,-1.875
640117,1807,405,3655,-0.7577,-0.1587,0.7558,-16.149,-2.973,-1.443
640127,1954,386,3665,-0.7571,-0.1649,0.7571,-16.612,-2.914,-0.780
640137,1923,388,3471,-0.7538,-0.1695,0.7683,-17.151,-2.788,0.032
640147,2519,568,3533,-0.7503,-0.1794,0.7712,-17.490,-2.592,0.931
640157,2116,398,3648,-0.7489,-0.1873,0.7720,-16.951,-2.075,1.822
640167,1812,393,3629,-0.7465,-0.1936,0.7777,-15.289,-1.545,2.537
640177,1901,394,3780,-0.7429,-0.1956,0.7879,-12.198,-0.805,3.071
640187,2052,428,3519,-0.7419,-0.2041,0.7843,-8.193,0.410,3.447
640197,1633,400,3573,-0.7520,-0.2204,0.7612,-3.515,1.953,3.835
640207,1148,566,3538,-0.7652,-0.2507,0.7135,1.857,2.913,4.444
640217,1346,446,3551,-0.7796,-0.2422,0.6600,8.789,3.137,5.524
640227,1198,421,3527,-0.7899,-0.1960,0.7015,16.971,2.093,7.074
640237,1214,413,3585,-0.7744,-0.1212,0.7454,20.657,0.802,8.551
640247,1527,426,3587,-0.7635,-0.0185,0.7845,18.886,0.793,10.141
640257,1078,419,3520,-0.7509,0.0579,0.8034,12.058,1.591,10.772
640267,1113,424,3579,-0.7431,0.0695,0.8108,2.531,2.705,9.212
640277,1288,441,3535,-0.7442,0.0504,0.8069,-6.281,3.643,6.126
640287,2079,487,3474,-0.7585,0.0211,0.7721,-12.458,5.278,2.501
640297,1128,434,3510,-0.7662,-0.0292,0.7510,-15.315,6.172,-1.064
640307,1155,473,3638,-0.7717,-0.0880,0.7333,-14.248,6.348,-4.201
640317,1291,441,3550,-0.7739,-0.1347,0.7280,-9.372,6.492,-6.628
640327,1154,469,3649,-0.7749,-0.1555,0.7157,-2.094,6.674,-8.232
640337,973,451,3571,-0.7733,-0.1630,0.7067,5.784,6.848,-9.230
640347,960,451,3525,-0.7728,-0.1599,0.7044,12.467,6.329,-9.624
640357,959,466,3521,-0.7735,-0.1559,0.7025,16.852,5.684,-9.370
640367,1241,451,3609,-0.7728,-0.1494,0.7101,18.177,4.545,-8.450
640377,1039,458,3691,-0.7724,-0.1444,0.7115,16.761,3.465,-7.114
640387,1360,664,4089,-0.7715,-0.1402,0.7217,13.180,2.203,-5.579
640397,1170,463,3555,-0.7721,-0.1427,0.7170,8.537,1.209,-3.999
640407,1071,467,3477,-0.7742,-0.1454,0.7102,3.922,0.455,-2.361
640417,1273,488,3862,-0.7770,-0.1456,0.7048,-0.101,-0.495,-0.663
640427,1448,551,3701,-0.7812,-0.1446,0.6936,-2.924,-1.287,1.007
640437,1238,485,3753,-0.7814,-0.1472,0.7075,-4.328,-2.464,2.503
640447,1197,496,4095,-0.7808,-0.1513,0.7229,-4.634,-3.452,3.688
640457,994,572,3660,-0.7800,-0.1554,0.7407,-4.389,-3.880,4.620
640467,1169,528,3899,-0.7797,-0.1642,0.7577,-3.990,-4.134,5.607
640477,1015,551,3631,-0.7722,-0.1824,0.7568,-3.843,-3.916,6.709
640487,1298,594,4091,-0.7895,-0.1496,0.7454,-3.959,-3.462,8.022
640497,1095,511,3725,-0.8008,-0.0759,0.7404,-3.800,-2.416,8.674
640507,1259,495,3580,-0.7939,0.0057,0.7787,-4.333,-2.792,7.772
640517,1071,566,3503,-0.7824,0.0699,0.7704,-6.096,-1.937,5.270
640527,1358,518,3468,-0.7629,0.0965,0.7968,-9.581,-1.225,1.419
640537,1141,571,3468,-0.7512,0.0799,0.7914,-13.168,-0.357,-2.969
640547,1926,625,3565,-0.7476,0.0323,0.7791,-15.171,1.501,-7.166
640557,1603,531,3508,-0.7485,-0.0397,0.7572,-15.717,2.710,-10.825
640567,1476,520,3656,-0.7512,-0.1240,0.7267,-14.527,3.953,-13.831
640577,1066,526,3468,-0.7512,-0.1943,0.7184,-12.288,4.061,-15.638
640587,1584,611,3562,-0.7503,-0.2511,0.6952,-9.505,3.944,-15.993
640597,1890,527,3714,-0.7509,-0.2881,0.6952,-6.730,3.238,-14.874
640607,1120,530,3471,-0.7547,-0.3020,0.6858,-4.215,2.290,-12.537
640617,1287,538,3649,-0.7591,-0.2923,0.6884,-1.910,1.446,-9.480
640627,1347,537,3622,-0.7626,-0.2687,0.6930,-0.483,0.323,-6.290
640637,1303,536,3607,-0.7657,-0.2356,0.6947,0.222,-0.496,-3.420
640647,1270,551,3583,-0.7681,-0.2060,0.6965,0.409,-1.263,-1.119
640657,1026,642,3505,-0.7698,-0.1794,0.7078,0.531,-1.931,0.529
640667,1044,567,3731,-0.7712,-0.1605,0.7173,0.599,-2.301,1.557
640677,1040,615,3486,-0.7735,-0.1439,0.7222,0.582,-2.224,2.111
640687,1239,560,3611,-0.7746,-0.1320,0.7309,0.160,-2.030,2.267
640697,989,559,3483,-0.7734,-0.1303,0.7375,-0.873,-1.789,2.139
640707,2127,567,3481,-0.7713,-0.1343,0.7434,-2.191,-1.349,1.996
640717,989,576,3539,-0.7667,-0.1435,0.7571,-3.647,-0.994,1.960
640727,3977,804,3538,-0.7659,-0.1612,0.7581,-5.043,-0.335,2.043
640737,1094,575,4022,-0.7672,-0.1797,0.7508,-6.071,0.456,2.318
640747,980,580,3686,-0.7682,-0.2003,0.7392,-6.392,0.926,2.825
640757,1852,585,3482,-0.7770,-0.2337,0.7097,-5.780,1.031,3.620
640767,1138,639,3742,-0.7927,-0.3016,0.6449,-3.800,0.710,4.902
640777,2613,607,3505,-0.8050,-0.3566,0.6151,0.620,-1.412,7.151
640787,1575,725,3622,-0.8122,-0.3533,0.6220,7.387,-4.622,10.416
640797,1135,590,3631,-0.8070,-0.2526,0.7106,15.138,-7.829,14.147
640807,4095,1011,4024,-0.7842,-0.1029,0.8116,19.471,-9.223,16.740
640817,1811,603,3587,-0.7560,0.0382,0.8600,18.072,-7.984,17.313
640827,939,768,3927,-0.7320,0.1264,0.8495,11.959,-5.312,15.764
640837,1365,749,3496,-0.7242,0.1509,0.8520,3.347,-2.808,12.385
640847,901,610,3993,-0.7312,0.1342,0.8249,-4.374,-0.311,8.068
640857,694,726,3508,-0.7372,0.0892,0.8187,-9.124,2.300,2.876
640867,1382,616,4095,-0.7462,0.0253,0.7984,-9.854,4.298,-2.710
640877,1187,612,3558,-0.7552,-0.0361,0.7534,-6.312,6.928,-7.912
640887,841,616,3527,-0.7611,-0.0892,0.7342,-0.452,8.124,-11.849
640897,802,616,3542,-0.7667,-0.1403,0.7053,5.952,8.547,-14.333
640907,724,618,3535,-0.7757,-0.1897,0.6739,11.240,8.390,-15.416
640917,858,650,3704,-0.7813,-0.2211,0.6696,14.373,6.694,-14.873
640927,945,627,3467,-0.7836,-0.2400,0.6566,14.681,4.284,-12.945
640937,1181,630,3555,-0.7860,-0.2629,0.6384,12.352,1.696,-10.122
640947,785,631,3638,-0.7926,-0.2728,0.6399,8.261,-1.493,-6.588
640957,901,639,3520,-0.7915,-0.2626,0.6525,3.716,-4.806,-2.553
640967,1009,676,3610,-0.7855,-0.2517,0.6565,-0.350,-7.308,1.380
640977,1124,687,3469,-0.7780,-0.2303,0.6812,-3.553,-9.437,4.848
640987,1050,640,3550,-0.7714,-0.1949,0.6965,-5.247,-10.599,7.678
640997,1414,760,3603,-0.7658,-0.1585,0.7125,-5.536,-10.768,9.525
641007,1515,663,3608,-0.7623,-0.1235,0.7291,-5.102,-10.478,10.328
641017,975,718,3561,-0.7577,-0.0963,0.7340,-4.296,-9.553,10.229
641027,1084,653,3514,-0.7540,-0.0682,0.7581,-3.610,-8.707,9.406
641037,1119,655,3549,-0.7531,-0.0376,0.7773,-3.167,-7.707,8.044
641047,995,668,3618,-0.7506,-0.0143,0.7815,-3.218,-6.171,6.007
641057,1088,673,3560,-0.7461,-0.0077,0.7844,-4.241,-5.002,3.453
641067,1212,664,3618,-0.7424,-0.0089,0.7845,-6.050,-3.948,0.741
641077,1140,666,3601,-0.7377,-0.0141,0.7921,-8.366,-3.089,-1.942
641087,2084,696,3630,-0.7339,-0.0240,0.7970,-10.665,-2.200,-4.543
641097,1162,714,3497,-0.7308,-0.0364,0.7970,-12.580,-1.102,-7.036
641107,911,694,3536,-0.7287,-0.0526,0.7944,-14.106,-0.012,-9.418
641117,1322,683,3552,-0.7289,-0.0739,0.7864,-15.133,1.053,-11.669
641127,1393,684,3563,-0.7313,-0.0953,0.7796,-15.544,1.926,-13.702
641137,1053,708,3543,-0.7356,-0.1147,0.7768,-15.188,2.755,-15.473
641147,1182,706,3612,-0.7467,-0.1281,0.7755,-14.171,3.487,-16.986
641157,1206,722,3515,-0.7551,-0.1440,0.7647,-12.837,4.075,-18.336
641167,1118,710,3564,-0.7577,-0.1649,0.7678,-10.953,3.899,-19.350
641177,929,749,3507,-0.7631,-0.1798,0.7608,-8.754,4.152,-20.098
641187,1066,700,3570,-0.7683,-0.1904,0.7636,-6.151,4.130,-20.619
641197,1053,797,3527,-0.7740,-0.1970,0.7601,-2.935,4.168,-20.983
641207,1083,705,3567,-0.7771,-0.2015,0.7594,0.746,4.233,-21.226
641217,1076,735,3526,-0.7790,-0.2047,0.7593,4.803,4.205,-21.436
641227,1770,707,3568,-0.7793,-0.2081,0.7607,9.190,4.146,-21.734
641237,953,741,3524,-0.7796,-0.2104,0.7624,13.835,4.079,-22.178
641247,1286,727,3585,-0.7828,-0.2054,0.7596,18.806,4.221,-22.741
641257,979,764,3523,-0.7851,-0.1948,0.7587,23.859,4.411,-23.424
641267,1193,748,3580,-0.7863,-0.1814,0.7574,28.726,4.519,-24.205
641277,1115,786,3495,-0.7857,-0.1699,0.7597,33.188,4.535,-25.057
641287,1367,749,3567,-0.7843,-0.1599,0.7628,36.942,4.416,-25.945
641297,1256,730,3523,-0.7846,-0.1454,0.7668,40.246,4.188,-26.799
641307,1366,729,3554,-0.7830,-0.1392,0.7735,42.956,3.853,-27.908
641317,1236,921,3509,-0.7802,-0.1416,0.7723,45.338,3.505,-29.259
641327,1879,742,3559,-0.7801,-0.1452,0.7743,47.748,3.120,-30.568
641337,1300,759,3522,-0.7802,-0.1504,0.7828,50.269,2.556,-31.726
641347,1365,746,3547,-0.7790,-0.1570,0.7845,52.982,2.278,-32.743
641357,1286,750,3541,-0.7768,-0.1619,0.7963,55.773,2.136,-33.552
641367,1418,754,3546,-0.7726,-0.1633,0.8087,58.494,2.198,-34.080
641377,945,770,3540,-0.7666,-0.1543,0.8119,61.152,2.669,-34.302
641387,1753,784,3575,-0.7643,-0.1479,0.8201,63.606,3.483,-34.450
641397,1264,759,3526,-0.7604,-0.1418,0.8317,65.666,4.453,-34.622
641407,1712,781,3572,-0.7568,-0.1327,0.8402,67.342,5.709,-34.845
641417,1059,786,3510,-0.7542,-0.1214,0.8466,68.803,7.134,-35.059
641427,1287,767,3566,-0.7488,-0.1121,0.8489,70.255,8.711,-35.287
641437,1032,806,3479,-0.7506,-0.1034,0.8430,71.872,10.589,-35.660
641447,1282,785,3560,-0.7525,-0.0950,0.8369,73.874,12.373,-36.298
641457,1404,815,3501,-0.7554,-0.0876,0.8238,76.462,14.172,-37.251
641467,1649,795,3551,-0.7598,-0.0826,0.8083,79.706,15.863,-38.555
641477,1471,792,3573,-0.7636,-0.0786,0.7873,83.849,17.245,-40.183
641487,1391,818,3566,-0.7685,-0.0678,0.7638,89.146,18.116,-42.119
641497,1158,793,3540,-0.7742,-0.0570,0.7420,95.530,18.470,-44.540
641507,1439,793,3533,-0.7807,-0.0408,0.7234,102.698,18.369,-47.629
641517,1088,821,3546,-0.7823,-0.0338,0.7059,110.498,17.812,-51.427
641527,1176,814,3530,-0.7818,-0.0284,0.6919,118.637,16.803,-55.653
641537,1093,823,3474,-0.7798,-0.0256,0.6782,126.910,15.392,-59.938
641547,1198,826,3593,-0.7738,-0.0301,0.6626,134.828,13.621,-64.135
641557,1126,844,3500,-0.7674,-0.0350,0.6516,142.181,11.226,-67.919
641567,1369,824,3604,-0.7612,-0.0383,0.6411,149.182,8.343,-71.021
641577,1221,843,3476,-0.7574,-0.0376,0.6344,155.894,5.046,-73.420
641587,1059,815,3489,-0.7558,-0.0356,0.6234,162.252,1.509,-75.217
641597,842,847,3488,-0.7545,-0.0324,0.6149,168.517,-2.258,-76.553
641607,1036,825,3532,-0.7490,-0.0288,0.6164,174.423,-6.542,-77.641
641617,860,825,3461,-0.7405,-0.0249,0.6189,179.555,-11.051,-78.694
641627,1113,856,3481,-0.7274,-0.0272,0.6257,183.690,-15.764,-79.678
641637,882,879,3462,-0.7144,-0.0317,0.6451,186.518,-20.817,-80.278
641647,812,837,3483,-0.7016,-0.0317,0.6683,188.009,-25.821,-80.151
641657,843,860,3459,-0.6936,-0.0259,0.6684,188.075,-30.113,-79.095
641667,830,891,3472,-0.6899,-0.0199,0.6495,187.155,-33.668,-77.192
641677,1379,870,3469,-0.6794,-0.0206,0.6511,185.397,-37.824,-74.513
641687,1099,849,3455,-0.6682,-0.0201,0.6598,182.875,-42.127,-71.165
641697,888,883,3464,-0.6586,-0.0121,0.6756,179.031,-46.140,-67.144
641707,1021,908,3476,-0.6496,0.0043,0.6927,173.523,-49.940,-62.667
641717,871,915,3472,-0.6427,0.0278,0.7024,166.149,-53.265,-58.124
641727,1024,916,3478,-0.6343,0.0571,0.7135,157.289,-56.462,-54.031
641737,876,928,3476,-0.6244,0.0861,0.7297,147.528,-59.836,-50.626
641747,1059,955,3460,-0.6145,0.1075,0.7469,137.562,-62.833,-47.921
641757,849,980,3486,-0.6032,0.1216,0.7661,127.547,-65.516,-45.676
641767,892,981,3459,-0.5937,0.1322,0.7759,117.472,-67.580,-43.712
641777,1543,1062,3536,-0.5868,0.1407,0.7727,107.374,-69.125,-41.944
641787,909,1035,3468,-0.5799,0.1490,0.7675,97.466,-70.728,-40.349
641797,863,1113,3518,-0.5731,0.1547,0.7679,87.932,-72.825,-38.983
641807,1152,1049,3460,-0.5646,0.1561,0.7711,78.788,-75.272,-37.885
641817,930,1128,3561,-0.5553,0.1587,0.7777,69.987,-77.995,-36.944
641827,1035,1129,3516,-0.5468,0.1611,0.7840,61.814,-80.547,-36.174
641837,1040,1136,3584,-0.5353,0.1644,0.7944,54.286,-83.113,-35.506
641847,1157,1138,3531,-0.5243,0.1654,0.8064,47.362,-85.577,-34.880
641857,1088,1194,3645,-0.5137,0.1681,0.8138,41.133,-87.680,-34.223
641867,1224,1209,3576,-0.5020,0.1704,0.8254,35.500,-89.710,-33.490
641877,1281,1285,3680,-0.4907,0.1704,0.8376,30.391,-91.782,-32.734
641887,1068,1221,3808,-0.4786,0.1715,0.8535,25.671,-93.772,-32.062
641897,1227,1390,4075,-0.4678,0.1735,0.8761,21.057,-95.785,-31.487
641907,1234,1305,3850,-0.4573,0.1756,0.8928,16.332,-97.788,-31.015
641917,1232,1444,3964,-0.4470,0.1748,0.9064,11.484,-99.599,-30.619
641927,1334,1313,3820,-0.4398,0.1708,0.9197,6.335,-101.462,-30.185
641937,1134,1383,3800,-0.4316,0.1577,0.9290,1.000,-103.342,-29.562
641947,1591,1316,3469,-0.4224,0.1435,0.9411,-4.316,-105.097,-28.667
641957,1501,1386,3693,-0.4120,0.1331,0.9549,-9.690,-106.905,-27.422
641967,1551,1344,3643,-0.4005,0.1256,0.9602,-14.873,-108.509,-26.055
641977,1418,1334,3612,-0.3856,0.1128,0.9718,-19.910,-110.080,-24.860
641987,1483,1318,3456,-0.3628,0.1038,0.9950,-24.460,-112.004,-23.835
641997,1561,1232,3483,-0.3363,0.0891,1.0213,-28.575,-113.397,-23.062
642007,1317,1248,3512,-0.3071,0.0794,1.0557,-32.151,-114.170,-22.534
642017,1259,1365,3543,-0.2772,0.0602,1.0841,-35.190,-114.197,-22.126
642027,1364,1201,3481,-0.2529,0.0522,1.1045,-36.472,-113.409,-21.552
642037,1070,1249,3519,-0.2310,0.0380,1.1227,-36.496,-111.936,-21.095
642047,1122,1205,3495,-0.2109,0.0192,1.1270,-35.144,-109.863,-20.971
642057,1303,1115,3619,-0.1959,0.0045,1.1369,-32.374,-107.642,-21.012
642067,1421,1085,3538,-0.1754,-0.0030,1.1406,-28.428,-105.344,-21.129
642077,1509,1076,3547,-0.1525,-0.0067,1.1518,-22.563,-102.887,-21.364
642087,1378,1131,3536,-0.1289,-0.0106,1.1657,-15.990,-100.329,-21.887
642097,1145,1122,3625,-0.1121,-0.0069,1.1761,-8.996,-97.357,-22.582
642107,1527,1151,3509,-0.0938,-0.0046,1.1889,-1.743,-94.424,-23.343
642117,1343,1375,3548,-0.0797,0.0023,1.1896,5.060,-91.027,-24.063
642127,1202,1339,3490,-0.0672,0.0085,1.1919,11.464,-87.649,-24.545
642137,1292,1340,3560,-0.0596,0.0155,1.1934,17.363,-84.318,-24.697
642147,1524,1338,3491,-0.0499,0.0174,1.2007,22.437,-81.160,-24.521
642157,1155,1401,3544,-0.0446,0.0276,1.2077,26.412,-78.174,-23.978
642167,1310,1361,3501,-0.0332,0.0374,1.2192,28.898,-75.203,-23.190
642177,1360,1393,3701,-0.0228,0.0511,1.2297,29.899,-72.270,-22.230
642187,1324,1338,3585,-0.0120,0.0657,1.2436,29.526,-69.320,-21.236
642197,1139,1401,3760,-0.0002,0.0761,1.2578,27.977,-66.312,-20.305
642207,1506,1322,3653,0.0093,0.0788,1.2636,25.641,-62.957,-19.432
642217,1333,1379,3773,0.0159,0.0783,1.2629,22.893,-59.481,-18.575
642227,1231,1316,3792,0.0190,0.0758,1.2621,20.059,-56.073,-17.738
642237,1121,1414,3793,0.0219,0.0734,1.2580,17.300,-52.937,-16.865
642247,1282,1308,3786,0.0212,0.0728,1.2459,14.789,-49.867,-15.917
642257,1118,1384,3797,0.0209,0.0756,1.2404,12.809,-47.244,-14.862
642267,1246,1317,3786,0.0228,0.0764,1.2336,11.327,-44.929,-13.809
642277,1249,1306,3746,0.0266,0.0760,1.2274,10.214,-42.753,-12.830
642287,1271,1324,3811,0.0307,0.0742,1.2228,9.469,-40.787,-11.858
642297,1045,1315,3773,0.0370,0.0738,1.2204,9.219,-38.911,-10.797
642307,1037,1267,3713,0.0418,0.0768,1.2188,9.248,-37.150,-9.761
642317,1323,1362,3864,0.0477,0.0771,1.2122,9.541,-35.425,-8.806
642327,1265,1278,3768,0.0520,0.0808,1.2100,10.189,-33.855,-7.862
642337,1151,1408,3822,0.0558,0.0830,1.2037,11.063,-32.455,-6.978
642347,1249,1287,3793,0.0572,0.0869,1.1973,12.196,-30.991,-6.172
642357,1133,1485,3814,0.0580,0.0914,1.1926,13.453,-29.760,-5.480
642367,1352,1291,3666,0.0589,0.0953,1.1806,14.824,-28.525,-4.894
642377,1075,1385,3852,0.0597,0.0997,1.1721,16.301,-27.566,-4.358
642387,1262,1302,3791,0.0601,0.1055,1.1652,17.745,-26.884,-3.852
642397,1187,1436,3957,0.0593,0.1120,1.1619,19.008,-26.426,-3.391
642407,1309,1375,3983,0.0592,0.1219,1.1642,20.114,-26.131,-2.919
642417,1187,1475,3971,0.0596,0.1329,1.1714,20.780,-25.897,-2.519
642427,1273,1390,3962,0.0643,0.1418,1.1781,20.938,-25.691,-2.237
642437,1248,1481,3924,0.0701,0.1511,1.1875,20.666,-25.482,-1.990
642447,1319,1429,4028,0.0771,0.1542,1.1924,19.869,-25.020,-1.683
642457,1207,1532,3995,0.0827,0.1549,1.1936,18.662,-24.322,-1.228
642467,1347,1429,3918,0.0861,0.1579,1.1976,17.201,-23.633,-0.534
642477,1164,1511,3926,0.0871,0.1634,1.1909,15.561,-22.646,0.236
642487,1361,1486,3906,0.0861,0.1684,1.1860,13.978,-21.697,0.878
642497,1141,1498,3872,0.0878,0.1677,1.1780,12.499,-20.877,1.344
642507,1478,1368,3950,0.0901,0.1669,1.1776,11.159,-20.039,1.731
642517,1189,1417,3895,0.0884,0.1744,1.1928,9.676,-19.458,2.131
642527,1364,1404,3834,0.0903,0.1736,1.1975,7.781,-18.511,2.380
642537,1295,1462,3855,0.0933,0.1718,1.2201,5.554,-17.385,2.528
642547,1368,1401,3629,0.1022,0.2138,1.2610,3.609,-16.573,2.575
642557,1258,1460,3759,0.1127,0.1857,1.2736,3.391,-14.553,1.237
642567,1359,1328,3549,0.1105,0.1618,1.2352,5.859,-10.019,0.079
642577,1335,1426,3694,0.1043,0.1613,1.2088,7.816,-7.340,0.637
642587,1412,1351,3528,0.1049,0.1687,1.1984,8.412,-4.774,1.342
642597,1324,1454,3701,0.0980,0.1874,1.1799,7.865,-3.380,2.063
642607,1376,1354,3542,0.0934,0.2027,1.1614,6.821,-2.041,2.477
642617,1285,1443,3655,0.0925,0.2089,1.1476,5.457,-1.550,2.466
642627,1417,1330,3564,0.0932,0.2053,1.1338,4.248,-1.145,2.201
642637,1320,1433,3655,0.0944,0.1982,1.1247,3.271,-1.074,1.990
642647,1441,1347,3526,0.0962,0.1948,1.1150,2.620,-0.998,1.805
642657,1295,1447,3664,0.0975,0.1877,1.1109,2.390,-1.107,1.467
642667,1333,1410,3535,0.0990,0.1816,1.1057,2.794,-1.255,0.938
642677,1215,1432,3668,0.1022,0.1753,1.1078,3.732,-1.486,0.375
642687,1367,1396,3502,0.1064,0.1738,1.1077,5.159,-1.533,-0.025
642697,1381,1425,3716,0.1082,0.1720,1.1163,6.772,-1.563,-0.286
642707,1368,1354,3461,0.1087,0.1717,1.1219,8.174,-1.417,-0.431
642717,1298,1424,3689,0.1097,0.1788,1.1254,9.232,-1.009,-0.435
642727,1528,1359,3456,0.1086,0.1779,1.1333,9.797,-0.694,-0.459
642737,1326,1428,3687,0.1094,0.1768,1.1331,9.901,-0.197,-0.385
642747,1457,1362,3461,0.1113,0.1889,1.1321,9.631,0.374,-0.091
642757,1405,1423,3662,0.1100,0.1923,1.1387,9.333,0.636,0.008
642767,1451,1364,3472,0.1100,0.1898,1.1387,9.246,1.146,-0.125
642777,1390,1443,3660,0.1075,0.1928,1.1355,9.338,1.833,-0.146
642787,1459,1368,3458,0.1044,0.1996,1.1330,9.399,2.369,-0.019
642797,1361,1430,3661,0.1007,0.2063,1.1285,9.346,2.769,0.088
642807,1475,1392,3459,0.0990,0.2132,1.1241,9.122,2.952,0.044
642817,1332,1453,3674,0.0981,0.2165,1.1221,8.833,2.925,-0.120
642827,1488,1388,3458,0.0977,0.2190,1.1222,8.479,2.869,-0.329
642837,1332,1381,3621,0.0977,0.2216,1.1256,7.897,2.786,-0.475
642847,1586,1393,3457,0.0983,0.2250,1.1279,7.068,2.681,-0.542
642857,1369,1461,3620,0.0986,0.2290,1.1283,6.026,2.646,-0.561
642867,1533,1365,3458,0.0997,0.2307,1.1320,4.881,2.559,-0.583
642877,1360,1451,3549,0.0987,0.2303,1.1299,3.730,2.602,-0.624
642887,1515,1375,3463,0.0975,0.2307,1.1250,2.499,2.731,-0.672
642897,1398,1452,3566,0.0958,0.2319,1.1233,1.247,2.800,-0.735
642907,1600,1402,3457,0.0950,0.2324,1.1194,0.102,2.800,-0.901
642917,1372,1429,3555,0.0939,0.2289,1.1194,-0.733,2.688,-1.202
642927,1539,1399,3459,0.0943,0.2236,1.1220,-1.300,2.471,-1.612
642937,1383,1460,3556,0.0941,0.2174,1.1217,-1.683,2.481,-1.981
642947,1603,1377,3482,0.0951,0.2135,1.1221,-2.022,2.512,-2.178
642957,1465,1481,3552,0.0952,0.2125,1.1233,-2.370,2.511,-2.269
642967,1560,1395,3470,0.0912,0.2064,1.1302,-2.726,2.507,-2.325
642977,1405,1467,3523,0.0917,0.2034,1.1265,-2.800,2.640,-2.270
642987,1577,1399,3479,0.0920,0.1968,1.1251,-2.497,2.737,-2.162
642997,1320,1475,3533,0.0924,0.1909,1.1278,-1.974,2.630,-2.035
643007,1550,1373,3496,0.0925,0.1893,1.1257,-1.404,2.735,-1.835
643017,1440,1448,3531,0.0920,0.1907,1.1249,-0.790,2.817,-1.599
643027,1572,1387,3486,0.0898,0.1909,1.1250,-0.074,2.928,-1.408
643037,1453,1457,3503,0.0895,0.1901,1.1240,0.642,3.002,-1.317
643047,1600,1370,3501,0.0886,0.1906,1.1236,1.299,3.028,-1.234
643057,1454,1442,3512,0.0874,0.1934,1.1237,1.863,3.006,-1.093
643067,1621,1371,3485,0.0875,0.1963,1.1240,2.316,2.940,-0.929
643077,1436,1434,3506,0.0872,0.1998,1.1248,2.655,2.966,-0.793
643087,1614,1379,3522,0.0870,0.2035,1.1246,2.874,3.006,-0.660
643097,1482,1435,3499,0.0863,0.2063,1.1251,2.973,3.051,-0.541
643107,1619,1368,3499,0.0860,0.2079,1.1252,2.877,3.113,-0.433
643117,1488,1428,3471,0.0846,0.2099,1.1235,2.689,3.222,-0.304
643127,1630,1380,3496,0.0841,0.2115,1.1251,2.436,3.310,-0.174
643137,1422,1450,3479,0.0837,0.2124,1.1251,2.105,3.422,-0.082
643147,1624,1393,3503,0.0834,0.2138,1.1246,1.746,3.605,-0.014
643157,1529,1457,3462,0.0827,0.2127,1.1246,1.380,3.726,0.061
643167,1674,1388,3527,0.0805,0.2125,1.1233,1.061,3.835,0.132
643177,1510,1464,3455,0.0796,0.2122,1.1222,0.816,3.885,0.174
643187,1656,1390,3497,0.0782,0.2097,1.1230,0.664,3.913,0.174
643197,1445,1437,3463,0.0773,0.2087,1.1228,0.576,3.891,0.178
643207,1638,1389,3503,0.0764,0.2095,1.1211,0.556,3.821,0.206
643217,1574,1442,3469,0.0755,0.2105,1.1216,0.592,3.726,0.232
643227,1656,1387,3480,0.0741,0.2128,1.1218,0.649,3.583,0.263
643237,1533,1443,3472,0.0739,0.2163,1.1224,0.707,3.470,0.271
643247,1685,1373,3492,0.0733,0.2168,1.1232,0.733,3.327,0.203
643257,1587,1442,3494,0.0729,0.2172,1.1240,0.717,3.212,0.126
643267,1693,1375,3485,0.0720,0.2189,1.1250,0.542,3.094,0.090
643277,1549,1454,3506,0.0710,0.2181,1.1239,0.329,2.987,0.043
643287,1712,1373,3507,0.0708,0.2173,1.1234,0.136,2.845,-0.056
643297,1517,1468,3519,0.0705,0.2158,1.1230,-0.001,2.716,-0.170
643307,1627,1403,3465,0.0694,0.2137,1.1228,-0.068,2.532,-0.280
643317,1524,1459,3537,0.0694,0.2120,1.1207,-0.085,2.384,-0.365
643327,1713,1389,3461,0.0689,0.2113,1.1201,-0.030,2.210,-0.417
643337,1569,1457,3615,0.0687,0.2104,1.1197,0.152,1.939,-0.457
643347,1712,1435,3467,0.0683,0.2095,1.1205,0.391,1.711,-0.491
643357,1562,1452,3556,0.0683,0.2104,1.1198,0.619,1.485,-0.485
643367,1711,1384,3494,0.0677,0.2114,1.1206,0.827,1.262,-0.445
643377,1589,1483,3516,0.0674,0.2131,1.1219,1.018,1.053,-0.425
643387,1750,1397,3471,0.0681,0.2146,1.1234,1.162,0.875,-0.413
643397,1553,1478,3500,0.0682,0.2172,1.1225,1.257,0.723,-0.433
643407,1742,1472,3516,0.0676,0.2193,1.1232,1.281,0.596,-0.464
643417,1573,1465,3511,0.0673,0.2188,1.1248,1.287,0.497,-0.552
643427,1720,1417,3501,0.0678,0.2164,1.1224,1.254,0.444,-0.677
643437,1534,1459,3495,0.0673,0.2172,1.1229,1.168,0.426,-0.720
643447,1744,1404,3501,0.0661,0.2194,1.1212,1.077,0.347,-0.723
643457,1456,1482,3500,0.0656,0.2175,1.1187,1.012,0.295,-0.801
643467,1839,1415,3503,0.0668,0.2169,1.1199,0.989,0.167,-0.913
643477,1595,1483,3490,0.0677,0.2176,1.1203,1.062,0.038,-0.967
643487,1736,1407,3532,0.0683,0.2172,1.1232,1.172,-0.082,-1.003
643497,1631,1483,3481,0.0682,0.2182,1.1248,1.250,-0.123,-1.045
643507,1747,1418,3522,0.0659,0.2158,1.1272,1.289,-0.088,-1.081
643517,1595,1502,3484,0.0661,0.2154,1.1262,1.244,-0.031,-1.080
643527,1734,1420,3527,0.0655,0.2161,1.1231,1.135,0.011,-0.982
643537,1611,1492,3482,0.0658,0.2170,1.1237,0.965,-0.087,-0.850
643547,1688,1418,3519,0.0662,0.2163,1.1250,0.787,-0.138,-0.750
643557,1636,1514,3481,0.0669,0.2156,1.1256,0.604,-0.156,-0.666
643567,1842,1430,3516,0.0669,0.2166,1.1252,0.440,-0.090,-0.556
643577,1608,1495,3488,0.0665,0.2169,1.1244,0.319,-0.006,-0.456
643587,1778,1426,3526,0.0656,0.2160,1.1234,0.288,0.060,-0.406
643597,1627,1486,3489,0.0663,0.2156,1.1222,0.336,0.051,-0.386
643607,1738,1419,3530,0.0671,0.2166,1.1224,0.419,0.040,-0.378
643617,1645,1476,3501,0.0666,0.2173,1.1221,0.509,0.025,-0.373
643627,1759,1422,3525,0.0667,0.2184,1.1222,0.609,0.042,-0.349
643637,1558,1494,3473,0.0664,0.2189,1.1225,0.717,0.065,-0.326
643647,1820,1441,3492,0.0657,0.2181,1.1237,0.791,0.063,-0.335
643657,1623,1488,3490,0.0661,0.2177,1.1248,0.818,0.023,-0.358
643667,1762,1448,3529,0.0664,0.2176,1.1241,0.797,0.025,-0.334
643677,1588,1482,3476,0.0663,0.2183,1.1234,0.759,0.030,-0.284
643687,1751,1436,3524,0.0666,0.2189,1.1233,0.744,0.047,-0.249
643697,1626,1519,3463,0.0657,0.2189,1.1231,0.704,0.092,-0.219
643707,1805,1452,3525,0.0654,0.2187,1.1225,0.648,0.126,-0.191
643717,1639,1509,3485,0.0649,0.2184,1.1222,0.596,0.113,-0.165
643727,1759,1443,3548,0.0656,0.2180,1.1224,0.561,0.084,-0.144
643737,1669,1494,3494,0.0656,0.2184,1.1223,0.566,0.061,-0.114
643747,1790,1443,3528,0.0662,0.2186,1.1212,0.586,0.105,-0.067
643757,1669,1522,3494,0.0651,0.2191,1.1215,0.596,0.209,-0.022
643767,1800,1451,3576,0.0640,0.2189,1.1227,0.611,0.269,-0.013
643777,1637,1520,3494,0.0638,0.2173,1.1237,0.642,0.306,-0.032
643787,1795,1458,3534,0.0644,0.2171,1.1221,0.661,0.321,-0.059
643797,1626,1518,3490,0.0641,0.2163,1.1214,0.751,0.343,-0.066
643807,1820,1451,3535,0.0644,0.2156,1.1204,0.919,0.339,-0.047
643817,1680,1523,3488,0.0638,0.2163,1.1204,1.168,0.348,0.002
643827,1841,1470,3534,0.0636,0.2177,1.1204,1.417,0.354,0.059
643837,1660,1524,3494,0.0626,0.2201,1.1205,1.597,0.351,0.115
643847,1799,1461,3531,0.0627,0.2227,1.1208,1.741,0.371,0.185
643857,1498,1558,3470,0.0626,0.2255,1.1221,1.784,0.363,0.242
643867,1812,1471,3535,0.0628,0.2279,1.1226,1.692,0.384,0.265
643877,1664,1528,3500,0.0637,0.2290,1.1233,1.487,0.407,0.278
643887,1820,1469,3539,0.0631,0.2296,1.1237,1.214,0.471,0.275
643897,1696,1525,3493,0.0636,0.2287,1.1229,0.894,0.552,0.251
643907,1809,1478,3526,0.0631,0.2262,1.1241,0.575,0.594,0.220
643917,1658,1531,3496,0.0622,0.2245,1.1233,0.285,0.644,0.196
643927,1836,1465,3544,0.0614,0.2238,1.1207,0.089,0.644,0.179
643937,1662,1534,3502,0.0613,0.2217,1.1212,0.035,0.604,0.169
643947,1948,1472,3542,0.0614,0.2207,1.1206,0.059,0.562,0.170
643957,1604,1535,3509,0.0616,0.2199,1.1205,0.179,0.607,0.154
643967,1904,1461,3539,0.0614,0.2191,1.1209,0.314,0.584,0.169
643977,1699,1571,3495,0.0609,0.2192,1.1202,0.436,0.564,0.210
643987,1844,1485,3555,0.0614,0.2196,1.1205,0.561,0.481,0.267
643997,1710,1557,3504,0.0617,0.2201,1.1223,0.675,0.402,0.319
644007,1879,1490,3540,0.0618,0.2227,1.1231,0.776,0.409,0.372
644017,1692,1560,3504,0.0608,0.2246,1.1231,0.831,0.503,0.443
644027,1871,1497,3537,0.0599,0.2254,1.1218,0.804,0.603,0.499
644037,1703,1539,3506,0.0582,0.2267,1.1208,0.685,0.651,0.530
644047,1848,1493,3564,0.0582,0.2279,1.1209,0.512,0.688,0.533
644057,1699,1567,3510,0.0585,0.2282,1.1210,0.342,0.710,0.536
644067,1904,1513,3560,0.0579,0.2282,1.1221,0.166,0.725,0.523
644077,1743,1580,3510,0.0575,0.2285,1.1229,-0.022,0.747,0.511
644087,1900,1509,3558,0.0571,0.2289,1.1215,-0.220,0.737,0.494
644097,1734,1572,3519,0.0583,0.2285,1.1215,-0.409,0.769,0.481
644107,1829,1515,3540,0.0583,0.2269,1.1216,-0.562,0.771,0.485
644117,1734,1566,3521,0.0582,0.2255,1.1211,-0.720,0.793,0.519
644127,1882,1512,3563,0.0580,0.2245,1.1206,-0.858,0.831,0.556
644137,1739,1584,3529,0.0587,0.2249,1.1208,-0.983,0.876,0.593
644147,1890,1528,3551,0.0582,0.2242,1.1211,-1.099,0.874,0.613
644157,1765,1583,3536,0.0574,0.2231,1.1203,-1.187,0.876,0.637
644167,1966,1522,3584,0.0576,0.2233,1.1204,-1.251,0.854,0.643
644177,1752,1593,3547,0.0570,0.2240,1.1197,-1.298,0.840,0.629
644187,1925,1533,3568,0.0576,0.2231,1.1189,-1.318,0.814,0.596
644197,1737,1593,3530,0.0567,0.2227,1.1177,-1.304,0.765,0.541
644207,1947,1534,3574,0.0567,0.2219,1.1187,-1.263,0.690,0.481
644217,1687,1586,3532,0.0569,0.2216,1.1185,-1.238,0.618,0.415
644227,1866,1532,3566,0.0568,0.2226,1.1205,-1.233,0.523,0.399
644237,1726,1592,3522,0.0568,0.2217,1.1196,-1.208,0.410,0.394
644247,1862,1539,3569,0.0566,0.2213,1.1199,-1.119,0.324,0.364
644257,1731,1609,3520,0.0567,0.2209,1.1205,-0.946,0.247,0.296
644267,1878,1538,3568,0.0567,0.2196,1.1212,-0.671,0.195,0.186
644277,1717,1599,3535,0.0564,0.2195,1.1188,-0.372,0.175,0.065
644287,1924,1559,3576,0.0570,0.2198,1.1187,-0.068,0.115,-0.077
644297,1735,1620,3535,0.0574,0.2209,1.1187,0.245,0.008,-0.201
644307,1910,1554,3588,0.0578,0.2199,1.1198,0.556,-0.036,-0.307
644317,1785,1627,3527,0.0578,0.2187,1.1183,0.772,-0.059,-0.353
644327,1938,1559,3582,0.0570,0.2202,1.1188,0.939,-0.075,-0.308
644337,1788,1608,3536,0.0562,0.2211,1.1211,1.004,-0.128,-0.218
644347,1968,1559,3603,0.0571,0.2207,1.1201,0.894,-0.090,-0.147
644357,1791,1630,3545,0.0573,0.2252,1.1242,0.777,-0.172,-0.002
644367,1949,1546,3631,0.0560,0.2287,1.1225,0.633,-0.206,0.172
644377,1796,1617,3539,0.0533,0.2272,1.1198,0.315,-0.117,0.240
644387,1883,1551,3564,0.0520,0.2237,1.1236,-0.083,-0.194,0.224
644397,1768,1632,3543,0.0505,0.2208,1.1219,-0.382,-0.212,0.255
644407,1939,1560,3606,0.0507,0.2225,1.1187,-0.581,-0.247,0.378
644417,1757,1627,3542,0.0513,0.2242,1.1181,-0.553,-0.374,0.395
644427,1925,1574,3606,0.0546,0.2216,1.1187,-0.280,-0.591,0.206
644437,1762,1634,3538,0.0577,0.2195,1.1227,0.159,-0.724,-0.034
644447,1939,1584,3608,0.0577,0.2186,1.1253,0.485,-0.670,-0.155
644457,1775,1650,3539,0.0566,0.2200,1.1219,0.569,-0.491,-0.173
644467,1973,1576,3605,0.0553,0.2222,1.1201,0.503,-0.318,-0.119
644477,1774,1656,3554,0.0542,0.2231,1.1188,0.455,-0.295,-0.063
