4541207,1903,1892,2030,0.1080,0.2652,1.1085,-0.354,-0.761,-0.149
4541217,1898,1854,2321,0.1074,0.2632,1.1088,-0.398,-0.791,-0.179
4541227,1903,1910,2135,0.1082,0.2641,1.1099,-0.382,-0.758,-0.102
4541237,1898,1869,1994,0.1095,0.2652,1.1121,-0.443,-0.778,0.052
4541247,1903,1923,2287,0.1058,0.2641,1.1071,-0.378,-0.649,-0.061
4541257,1898,1907,1950,0.1060,0.2659,1.1067,-0.330,-0.561,-0.046
4541267,1903,1902,1970,0.1079,0.2678,1.1083,-0.408,-0.665,0.139
4541277,1899,1881,2046,0.1075,0.2671,1.1063,-0.417,-0.671,0.092
4541287,1903,1893,1889,0.1079,0.2671,1.1061,-0.374,-0.647,-0.013
4541297,1897,1866,2028,0.1085,0.2680,1.1091,-0.428,-0.710,0.029
4541307,1903,1894,1800,0.1077,0.2654,1.1074,-0.454,-0.692,-0.055
4541317,1899,1853,1889,0.1075,0.2638,1.1084,-0.518,-0.700,-0.138
4541327,1902,1911,1840,0.1073,0.2636,1.1090,-0.593,-0.736,-0.138
4541337,1895,1878,2016,0.1068,0.2635,1.1078,-0.545,-0.714,-0.120
4541347,1903,1943,1834,0.1068,0.2637,1.1074,-0.438,-0.709,-0.087
4541357,1898,1831,2399,0.1056,0.2650,1.1076,-0.316,-0.718,-0.097
4541367,1903,1906,2215,0.1060,0.2645,1.1085,-0.195,-0.729,-0.104
4541377,1901,1887,2265,0.1058,0.2660,1.1085,-0.132,-0.722,-0.109
4541387,1904,1905,2024,0.1052,0.2668,1.1085,-0.103,-0.694,-0.102
4541397,1896,1874,1992,0.1061,0.2678,1.1099,-0.225,-0.772,-0.054
4541407,1903,1915,1906,0.1057,0.2680,1.1088,-0.416,-0.878,-0.063
4541417,1897,1883,1803,0.1050,0.2688,1.1079,-0.493,-0.918,-0.095
4541427,1904,1901,1961,0.1056,0.2691,1.1075,-0.513,-0.962,-0.028
4541437,1900,1834,1816,0.1064,0.2689,1.1091,-0.501,-1.043,-0.048
4541447,1903,1905,2036,0.1066,0.2680,1.1090,-0.459,-1.124,-0.123
4541457,1899,1862,1799,0.1078,0.2682,1.1091,-0.504,-1.192,-0.062
4541467,1903,1911,1943,0.1074,0.2680,1.1108,-0.574,-1.202,-0.025
4541477,1901,1849,1922,0.1075,0.2672,1.1099,-0.629,-1.223,-0.047
4541487,1903,1889,2059,0.1066,0.2666,1.1081,-0.631,-1.163,-0.059
4541497,1899,1835,2326,0.1059,0.2666,1.1067,-0.639,-1.133,-0.032
4541507,1905,1900,1942,0.1062,0.2661,1.1061,-0.663,-1.165,-0.009
4541517,1897,1854,1798,0.1060,0.2664,1.1054,-0.618,-1.136,-0.027
4541527,1903,1939,1963,0.1072,0.2667,1.1066,-0.547,-1.108,-0.013
4541537,1901,1845,1960,0.1081,0.2672,1.1116,-0.558,-1.158,0.034
4541547,1903,1882,2075,0.1080,0.2662,1.1109,-0.585,-1.126,0.010
4541557,1901,1831,1926,0.1075,0.2667,1.1089,-0.596,-1.026,0.026
4541567,1904,1874,1925,0.1078,0.2676,1.1091,-0.630,-0.976,0.089
4541577,1901,1831,2017,0.1061,0.2681,1.1067,-0.638,-0.906,0.089
4541587,1904,1880,1920,0.1053,0.2692,1.1060,-0.643,-0.846,0.122
4541597,1900,1831,2047,0.1056,0.2701,1.1069,-0.779,-0.887,0.248
4541607,1902,1866,1833,0.1061,0.2701,1.1085,-0.944,-0.961,0.267
4541617,1902,1845,1871,0.1062,0.2706,1.1089,-1.078,-0.947,0.251
4541627,1903,1868,1987,0.1070,0.2707,1.1094,-1.207,-0.915,0.305
4541637,1898,1834,2409,0.1058,0.2697,1.1069,-1.300,-0.816,0.283
4541647,1903,1862,2035,0.1056,0.2684,1.1068,-1.361,-0.736,0.199
4541657,1901,1841,1844,0.1060,0.2666,1.1098,-1.450,-0.733,0.159
4541667,1904,1871,1779,0.1061,0.2654,1.1101,-1.469,-0.706,0.116
4541677,1902,1832,1908,0.1066,0.2665,1.1085,-1.406,-0.609,0.173
4541687,1903,1869,1889,0.1066,0.2673,1.1083,-1.342,-0.486,0.259
4541697,1898,1837,1944,0.1061,0.2677,1.1073,-1.363,-0.410,0.238
4541707,1903,1852,2039,0.1057,0.2679,1.1068,-1.437,-0.326,0.167
4541717,1899,1827,1877,0.1060,0.2684,1.1083,-1.585,-0.237,0.147
4541727,1903,1836,1961,0.1057,0.2685,1.1094,-1.736,-0.131,0.165
4541737,1901,1831,1983,0.1064,0.2692,1.1113,-1.861,0.053,0.226
4541747,1903,1852,1801,0.1049,0.2698,1.1090,-1.926,0.342,0.251
4541757,1899,1828,1959,0.1048,0.2709,1.1100,-2.019,0.604,0.237
4541767,1902,1840,1847,0.1043,0.2710,1.1100,-2.193,0.818,0.174
4541777,1900,1840,2159,0.1031,0.2710,1.1090,-2.429,0.976,0.079
4541787,1903,1834,1901,0.1023,0.2689,1.1086,-2.602,1.055,-0.088
4541797,1899,1832,1931,0.1001,0.2671,1.1089,-2.758,1.005,-0.289
4541807,1903,1838,1805,0.0982,0.2654,1.1085,-2.899,0.830,-0.383
4541817,1900,1845,1955,0.0960,0.2650,1.1083,-2.952,0.602,-0.361
4541827,1903,1855,2319,0.0942,0.2635,1.1077,-2.931,0.282,-0.396
4541837,1898,1867,1879,0.0935,0.2620,1.1095,-2.874,-0.180,-0.421
4541847,1903,1840,1954,0.0957,0.2602,1.1082,-2.785,-0.734,-0.464
4541857,1901,1837,1802,0.0999,0.2594,1.1089,-2.693,-1.341,-0.345
4541867,1900,1851,1807,0.1046,0.2595,1.1091,-2.649,-1.992,-0.142
4541877,1900,1841,1777,0.1071,0.2584,1.1111,-2.546,-2.570,-0.140
4541887,1904,1839,2073,0.1082,0.2548,1.1116,-2.370,-3.095,-0.341
4541897,1900,1835,2201,0.1080,0.2515,1.1105,-1.996,-3.544,-0.591
4541907,1903,1831,1782,0.1092,0.2501,1.1099,-1.521,-3.985,-0.665
4541917,1898,1832,1968,0.1107,0.2497,1.1082,-0.931,-4.332,-0.661
4541927,1901,1830,2085,0.1104,0.2507,1.1081,-0.269,-4.663,-0.613
4541937,1898,1840,1772,0.1112,0.2557,1.1087,0.418,-4.959,-0.457
4541947,1902,1837,1984,0.1122,0.2615,1.1090,1.044,-5.150,-0.257
4541957,1899,1856,1943,0.1133,0.2661,1.1108,1.306,-5.394,-0.276
4541967,1901,1839,1938,0.1118,0.2691,1.1117,1.307,-5.586,-0.522
4541977,1899,1851,1838,0.1097,0.2723,1.1159,1.004,-5.749,-0.591
4541987,1901,1834,1848,0.1098,0.2709,1.1139,0.459,-5.797,-0.717
4541997,1899,1863,1938,0.1110,0.2703,1.1100,-0.117,-5.660,-0.644
4542007,1903,1827,1819,0.1161,0.2713,1.1127,-0.916,-5.604,-0.186
4542017,1899,1843,1858,0.1159,0.2671,1.1094,-1.591,-5.429,-0.216
4542027,1903,1829,1943,0.1157,0.2636,1.1084,-1.997,-5.088,-0.376
4542037,1900,1837,1972,0.1166,0.2622,1.1090,-2.314,-4.679,-0.207
4542047,1901,1830,1897,0.1159,0.2592,1.1068,-2.345,-4.080,-0.043
4542057,1900,1890,1846,0.1152,0.2567,1.1103,-2.343,-3.555,0.060
4542067,1902,1838,1973,0.1148,0.2564,1.1129,-2.292,-2.996,0.316
4542077,1901,1835,1798,0.1142,0.2568,1.1125,-2.181,-2.381,0.602
4542087,1900,1832,2124,0.1136,0.2585,1.1133,-2.078,-1.817,0.900
4542097,1900,1840,1784,0.1127,0.2600,1.1128,-2.107,-1.343,1.185
4542107,1899,1828,1780,0.1122,0.2625,1.1126,-2.204,-0.906,1.397
4542117,1899,1837,1802,0.1091,0.2622,1.1126,-2.395,-0.593,1.427
4542127,1901,1830,1866,0.1059,0.2612,1.1103,-2.619,-0.440,1.366
4542137,1900,1835,1771,0.1065,0.2614,1.1091,-2.824,-0.348,1.630
4542147,1903,1839,1773,0.1120,0.2612,1.1086,-3.083,-0.409,2.017
4542157,1899,1850,1871,0.1165,0.2622,1.1092,-3.212,-0.476,2.207
4542167,1900,1831,2200,0.1190,0.2597,1.1135,-3.580,-0.686,2.104
4542177,1898,1845,1919,0.1155,0.2544,1.1099,-3.804,-0.811,1.540
4542187,1901,1832,1868,0.1160,0.2528,1.1084,-3.790,-0.810,1.398
4542197,1899,1853,1946,0.1180,0.2497,1.1086,-3.813,-0.920,1.553
4542207,1901,1830,1793,0.1181,0.2470,1.1071,-3.661,-1.012,1.515
4542217,1901,1827,1769,0.1180,0.2466,1.1081,-3.355,-1.102,1.553
4542227,1903,1851,2090,0.1186,0.2463,1.1090,-2.941,-1.194,1.601
4542237,1902,1836,1958,0.1189,0.2469,1.1081,-2.416,-1.257,1.611
4542247,1901,1838,1848,0.1201,0.2473,1.1110,-1.975,-1.382,1.629
4542257,1901,1859,1863,0.1189,0.2476,1.1107,-1.626,-1.478,1.540
4542267,1901,1829,1778,0.1182,0.2504,1.1105,-1.213,-1.464,1.484
4542277,1903,1844,1856,0.1180,0.2515,1.1097,-0.931,-1.476,1.419
4542287,1899,1833,1864,0.1176,0.2511,1.1093,-0.765,-1.530,1.194
4542297,1902,1856,1831,0.1172,0.2511,1.1093,-0.583,-1.551,0.923
4542307,1900,1832,2330,0.1178,0.2516,1.1093,-0.386,-1.543,0.694
4542317,1902,1840,1920,0.1177,0.2505,1.1085,-0.204,-1.492,0.483
4542327,1903,1833,2083,0.1175,0.2493,1.1103,-0.013,-1.405,0.298
4542337,1901,1853,1780,0.1172,0.2494,1.1094,0.186,-1.296,0.137
4542347,1902,1857,1861,0.1171,0.2504,1.1102,0.388,-1.163,0.015
4542357,1902,1876,1973,0.1167,0.2520,1.1102,0.499,-1.038,-0.077
4542367,1898,1829,1847,0.1156,0.2544,1.1091,0.619,-0.901,-0.157
4542377,1901,1850,1829,0.1156,0.2568,1.1085,0.741,-0.766,-0.139
4542387,1900,1828,1772,0.1149,0.2589,1.1099,0.760,-0.698,-0.113
4542397,1898,1849,1787,0.1139,0.2608,1.1091,0.688,-0.672,-0.172
4542407,1900,1833,1994,0.1149,0.2612,1.1085,0.501,-0.661,-0.249
4542417,1903,1866,1776,0.1145,0.2599,1.1096,0.181,-0.655,-0.366
4542427,1900,1831,1785,0.1143,0.2580,1.1103,-0.103,-0.671,-0.488
4542437,1900,1856,1820,0.1152,0.2569,1.1109,-0.260,-0.652,-0.580
4542447,1901,1842,1793,0.1145,0.2588,1.1120,-0.297,-0.624,-0.561
4542457,1898,1864,1772,0.1128,0.2626,1.1097,-0.220,-0.446,-0.438
4542467,1897,1839,1789,0.1093,0.2682,1.1057,-0.153,-0.193,-0.300
4542477,1899,1857,1826,0.1070,0.2733,1.1040,-0.326,-0.117,-0.193
4542487,1903,1839,1801,0.1047,0.2752,1.1056,-0.848,-0.256,-0.236
4542497,1899,1869,1771,0.1052,0.2766,1.1078,-1.587,-0.525,-0.345
4542507,1901,1827,1771,0.1059,0.2758,1.1098,-2.484,-0.823,-0.490
4542517,1902,1850,1915,0.1073,0.2723,1.1091,-3.420,-1.099,-0.682
4542527,1900,1827,1772,0.1081,0.2669,1.1083,-4.249,-1.361,-0.940
4542537,1899,1871,1778,0.1093,0.2624,1.1114,-4.983,-1.729,-1.203
4542547,1902,1832,1819,0.1112,0.2545,1.1133,-5.488,-2.077,-1.500
4542557,1899,1860,1777,0.1124,0.2484,1.1145,-5.642,-2.348,-1.754
4542567,1898,1838,1780,0.1114,0.2454,1.1140,-5.492,-2.446,-1.732
4542577,1903,1858,1772,0.1124,0.2426,1.1100,-5.072,-2.399,-1.598
4542587,1899,1830,1868,0.1141,0.2421,1.1112,-4.510,-2.453,-1.407
4542597,1899,1858,1773,0.1131,0.2435,1.1100,-3.817,-2.504,-1.288
4542607,1898,1831,1769,0.1168,0.2426,1.1048,-2.839,-2.378,-1.200
4542617,1901,1870,1769,0.1182,0.2464,1.1030,-1.805,-2.386,-1.102
4542627,1901,1829,1829,0.1162,0.2502,1.1054,-1.325,-2.500,-1.013
4542637,1902,1851,1780,0.1158,0.2521,1.1074,-1.409,-2.790,-1.197
4542647,1899,1832,1781,0.1198,0.2512,1.1103,-1.686,-3.171,-1.292
4542657,1903,1869,1775,0.1231,0.2480,1.1169,-2.143,-3.539,-1.375
4542667,1901,1830,1774,0.1238,0.2452,1.1212,-2.593,-3.827,-1.448
4542677,1898,1860,1787,0.1222,0.2469,1.1241,-2.937,-3.994,-1.273
4542687,1901,1851,1772,0.1200,0.2520,1.1279,-3.294,-4.100,-0.819
4542697,1899,1839,1784,0.1177,0.2598,1.1346,-3.852,-4.217,-0.355
4542707,1901,1834,1771,0.1160,0.2665,1.1435,-4.911,-4.471,0.020
4542717,1901,1908,1772,0.1137,0.2736,1.1561,-6.588,-4.733,0.422
4542727,1901,1843,1770,0.1138,0.2787,1.1688,-8.938,-4.838,0.910
4542737,1901,1840,1779,0.1178,0.2793,1.1821,-11.876,-4.903,1.431
4542747,1901,1897,1797,0.1191,0.2726,1.2005,-15.208,-4.827,2.012
4542757,1901,1931,1778,0.1213,0.2677,1.2139,-18.616,-4.516,2.802
4542767,1899,1848,1810,0.1283,0.2559,1.2321,-21.504,-3.927,4.145
4542777,1899,1860,1835,0.1341,0.2365,1.2599,-24.158,-3.174,5.742
4542787,1899,1838,1771,0.1451,0.2189,1.2707,-26.366,-1.383,7.801
4542797,1899,1996,1775,0.1575,0.2199,1.2874,-28.613,0.922,10.397
4542807,1902,2043,1863,0.1685,0.2193,1.3192,-31.225,3.915,12.443
4542817,1898,1841,1821,0.1761,0.2305,1.3251,-33.547,7.818,13.398
4542827,1901,1917,1820,0.1816,0.2349,1.2972,-33.665,13.086,13.505
4542837,1902,1838,1774,0.1836,0.2308,1.2826,-31.774,17.860,13.090
4542847,1900,1959,1903,0.1838,0.2199,1.2902,-29.017,21.411,11.964
4542857,1901,1960,1803,0.1854,0.2107,1.2935,-25.627,25.299,10.884
4542867,1900,1890,1800,0.1895,0.2014,1.3087,-23.452,29.539,10.455
4542877,1902,1833,1823,0.1928,0.1952,1.3379,-23.961,33.700,10.739
4542887,1901,1865,1829,0.1978,0.1913,1.3730,-27.091,38.317,11.916
4542897,1901,1908,1866,0.2019,0.1874,1.4125,-33.287,43.365,13.949
4542907,1900,1838,1809,0.2011,0.1860,1.4419,-42.003,48.884,16.669
4542917,1900,1864,1891,0.1958,0.1854,1.4594,-52.667,54.757,19.669
4542927,1899,1859,1863,0.1909,0.1833,1.4699,-64.232,60.475,22.566
4542937,1901,1893,1932,0.1879,0.1719,1.4684,-75.886,66.373,25.036
4542947,1900,1855,1807,0.1804,0.1488,1.4603,-86.957,72.351,26.880
4542957,1899,1884,1809,0.1696,0.1154,1.4553,-97.157,77.843,27.858
4542967,1898,1832,1812,0.1602,0.0745,1.4394,-106.286,83.254,28.859
4542977,1902,1927,1871,0.1521,0.0303,1.4209,-114.416,88.565,30.755
4542987,1900,1842,1779,0.1389,-0.0121,1.3963,-121.154,93.729,33.624
4542997,1902,1942,1773,0.1267,-0.0451,1.3798,-125.710,98.708,37.583
4543007,1900,1839,1787,0.1153,-0.0797,1.3633,-127.989,103.683,42.014
4543017,1901,1850,1801,0.1068,-0.1247,1.3454,-126.735,109.661,47.118
4543027,1897,1867,1791,0.0952,-0.1611,1.3237,-124.164,115.502,51.928
4543037,1901,1838,1785,0.0778,-0.1853,1.3002,-120.417,121.154,56.954
4543047,1901,1884,1866,0.0560,-0.2013,1.2672,-115.629,126.493,61.700
4543057,1900,1841,1808,0.0319,-0.2147,1.2349,-109.791,131.282,65.603
4543067,1901,1836,1806,0.0072,-0.2273,1.2090,-103.010,135.374,68.526
4543077,1900,1839,1807,-0.0165,-0.2345,1.1822,-95.702,139.120,71.025
4543087,1901,1835,1825,-0.0404,-0.2357,1.1594,-88.215,142.742,73.467
4543097,1901,1834,1777,-0.0627,-0.2345,1.1398,-80.992,146.285,75.859
4543107,1901,1866,1806,-0.0837,-0.2317,1.1188,-74.561,149.779,78.092
4543117,1901,1879,1792,-0.1098,-0.2266,1.0923,-68.863,153.378,80.090
4543127,1901,1867,1793,-0.1354,-0.2192,1.0671,-64.027,156.630,82.004
4543137,1903,1882,1786,-0.1619,-0.2108,1.0409,-59.970,159.402,83.733
4543147,1901,1840,1820,-0.1913,-0.1984,1.0070,-56.076,162.084,85.278
4543157,1899,1919,1794,-0.2206,-0.1802,0.9721,-52.287,164.534,86.817
4543167,1899,1842,1799,-0.2509,-0.1631,0.9358,-48.459,166.504,87.744
4543177,1901,1836,1777,-0.2811,-0.1477,0.8996,-44.591,168.033,87.828
4543187,1900,1865,1775,-0.3089,-0.1357,0.8634,-40.748,169.128,87.420
4543197,1902,1838,1775,-0.3353,-0.1285,0.8283,-37.067,169.706,86.664
4543207,1900,1845,1786,-0.3592,-0.1250,0.7989,-33.958,169.599,85.775
4543217,1902,1842,1778,-0.3842,-0.1210,0.7710,-31.520,168.994,85.122
4543227,1900,1864,1776,-0.4096,-0.1133,0.7420,-29.598,168.159,84.964
4543237,1902,1881,1776,-0.4350,-0.1028,0.7107,-27.980,167.146,85.260
4543247,1899,1836,1776,-0.4614,-0.0915,0.6795,-26.386,165.936,85.606
4543257,1902,1838,1776,-0.4880,-0.0794,0.6499,-24.744,164.426,85.762
4543267,1900,1837,1776,-0.5117,-0.0666,0.6250,-23.057,162.555,85.759
4543277,1901,1874,1910,-0.5343,-0.0544,0.5934,-21.261,160.623,85.629
4543287,1899,1847,1780,-0.5546,-0.0447,0.5618,-19.469,158.545,85.339
4543297,1902,1856,1807,-0.5757,-0.0361,0.5344,-18.058,155.844,84.653
4543307,1900,1889,1831,-0.6012,-0.0355,0.5043,-16.969,152.557,83.293
4543317,1903,1900,1960,-0.6297,-0.0358,0.4753,-16.272,148.716,81.840
4543327,1902,1850,1959,-0.6577,-0.0349,0.4521,-15.894,144.168,80.823
4543337,1900,1983,1785,-0.6830,-0.0328,0.4316,-15.398,138.971,80.034
4543347,1899,1879,1877,-0.6963,-0.0288,0.4218,-14.592,133.407,79.680
4543357,1900,1874,1804,-0.6993,-0.0278,0.4129,-13.522,128.270,79.793
4543367,1899,1842,1801,-0.7016,-0.0300,0.3977,-12.453,123.862,79.849
4543377,1900,1839,1795,-0.7116,-0.0322,0.3692,-11.424,120.272,79.958
4543387,1899,1842,1867,-0.7256,-0.0281,0.3308,-10.221,117.516,80.867
4543397,1900,1856,1802,-0.7425,-0.0176,0.2894,-8.818,115.004,82.593
4543407,1901,1943,1789,-0.7633,-0.0027,0.2560,-7.592,111.804,84.251
4543417,1903,1898,1796,-0.7872,0.0153,0.2376,-6.383,107.335,85.278
4543427,1901,1887,1838,-0.8083,0.0391,0.2339,-4.878,102.098,86.233
4543437,1901,1993,1877,-0.8249,0.0738,0.2346,-3.223,97.161,87.812
4543447,1900,1918,1855,-0.8366,0.1171,0.2395,-1.445,93.061,89.746
4543457,1902,1890,1960,-0.8428,0.1691,0.2445,0.378,89.646,91.332
4543467,1901,1896,1797,-0.8471,0.2249,0.2483,1.252,86.620,91.873
4543477,1903,1934,1866,-0.8470,0.2731,0.2485,1.773,83.681,90.408
4543487,1901,1885,1862,-0.8553,0.3099,0.2412,1.927,81.202,86.816
4543497,1900,1979,1877,-0.8686,0.3385,0.2244,2.284,79.150,81.500
4543507,1903,1837,1810,-0.8768,0.3539,0.2093,2.578,77.011,75.362
4543517,1900,1901,1800,-0.8862,0.3583,0.1936,2.146,74.177,68.622
4543527,1900,1833,1776,-0.8998,0.3593,0.1806,1.869,70.962,61.867
4543537,1901,1865,1831,-0.9090,0.3668,0.1721,1.916,67.922,56.563
4543547,1898,1862,1883,-0.9117,0.3762,0.1685,2.319,65.187,52.460
4543557,1900,1907,1795,-0.9155,0.3821,0.1654,2.911,62.658,48.209
4543567,1897,1854,2093,-0.9218,0.3847,0.1583,3.672,60.411,43.516
4543577,1901,1842,1801,-0.9262,0.3878,0.1483,4.604,58.447,39.117
4543587,1900,1842,1797,-0.9286,0.3916,0.1378,5.559,56.658,35.279
4543597,1902,1841,1780,-0.9328,0.3938,0.1272,6.479,54.711,31.434
4543607,1902,1924,1787,-0.9430,0.3973,0.1200,7.189,52.461,27.299
4543617,1902,1836,1809,-0.9403,0.3999,0.1137,7.633,49.991,23.342
4543627,1899,1896,1781,-0.9479,0.3978,0.1007,8.231,47.728,19.401
4543637,1900,1838,2012,-0.9482,0.3944,0.0890,8.795,45.308,15.513
4543647,1901,1843,1784,-0.9485,0.3847,0.0801,8.852,42.536,11.644
4543657,1900,1859,1825,-0.9531,0.3732,0.0739,8.820,39.629,7.738
4543667,1900,1864,1970,-0.9560,0.3633,0.0708,8.561,36.612,4.379
4543677,1901,1838,1836,-0.9596,0.3519,0.0625,8.152,33.880,1.584
4543687,1901,1898,1846,-0.9617,0.3389,0.0565,7.644,31.271,-0.857
4543697,1903,1840,2385,-0.9639,0.3251,0.0558,6.659,28.411,-3.124
4543707,1899,1978,2071,-0.9702,0.3091,0.0524,5.481,25.583,-5.231
4543717,1902,1870,2083,-0.9766,0.2945,0.0407,4.296,23.008,-6.689
4543727,1900,1991,2440,-0.9836,0.2804,0.0311,2.868,20.512,-7.305
4543737,1902,1933,1815,-0.9907,0.2633,0.0113,1.296,17.772,-7.646
4543747,1901,1982,2408,-1.0039,0.2450,-0.0209,0.175,14.998,-7.855
4543757,1899,1839,1904,-1.0117,0.2246,-0.0471,-0.338,12.372,-7.357
4543767,1899,1856,1855,-1.0076,0.2130,-0.0264,-1.618,8.072,-6.430
4543777,1902,1844,3679,-0.9961,0.2082,0.0497,-4.205,2.116,-5.645
4543787,1900,1842,2002,-0.9827,0.2037,0.1128,-7.193,-2.540,-4.980
4543797,1902,1959,2155,-0.9673,0.1976,0.1167,-9.979,-3.960,-3.481
4543807,1899,2026,2550,-0.9651,0.1887,0.0694,-12.750,-3.138,-1.359
4543817,1900,2007,1785,-0.9758,0.1821,0.0243,-14.993,-3.047,-0.481
4543827,1899,1840,1803,-0.9900,0.1729,0.0122,-16.058,-5.086,-0.784
4543837,1902,2136,1891,-1.0084,0.1588,-0.0001,-14.485,-7.728,-1.902
4543847,1900,1898,2342,-1.0231,0.1497,-0.0193,-10.161,-9.783,-2.423
4543857,1901,1981,2678,-1.0236,0.1516,-0.0245,-4.462,-11.754,-1.294
4543867,1900,1984,1904,-1.0188,0.1594,-0.0302,1.270,-13.723,0.316
4543877,1901,2033,2759,-1.0127,0.1723,-0.0247,5.904,-16.155,1.252
4543887,1901,1862,1966,-1.0062,0.1864,-0.0117,8.680,-19.267,1.834
4543897,1900,1953,1779,-1.0121,0.1842,-0.0320,10.353,-21.689,1.772
4543907,1901,1838,1768,-1.0277,0.1638,-0.0760,11.025,-24.036,0.648
4543917,1903,1844,1766,-1.0430,0.1185,-0.1358,10.482,-27.456,-0.856
4543927,1900,2156,1784,-1.0407,0.0534,-0.1897,8.430,-32.996,-1.307
4543937,1903,1884,2357,-1.0280,0.0048,-0.1798,3.221,-42.172,1.148
4543947,1901,1839,4095,-1.0153,0.0014,-0.1033,-4.862,-53.670,7.793
4543957,1902,2067,1829,-0.9998,0.0469,-0.0153,-14.459,-63.589,18.785
4543967,1900,2019,2155,-0.9740,0.1272,0.0813,-25.098,-70.101,32.129
4543977,1903,1876,1745,-0.9324,0.1961,0.1726,-37.671,-75.230,42.915
4543987,1900,1835,1759,-0.9176,0.1952,0.1629,-49.623,-78.337,45.880
4543997,1903,2017,1851,-0.9221,0.1516,0.0974,-58.648,-80.584,43.988
4544007,1900,2031,2011,-0.9039,0.1122,0.1123,-67.244,-85.935,44.350
4544017,1902,1849,1995,-0.8727,0.1172,0.2372,-75.600,-94.451,48.490
4544027,1903,1838,3134,-0.8371,0.1625,0.3785,-83.104,-101.673,55.229
4544037,1901,1895,1863,-0.7994,0.2216,0.4721,-87.392,-103.089,62.332
4544047,1899,2276,1879,-0.7598,0.2752,0.5349,-88.203,-99.655,67.072
4544057,1902,1926,1746,-0.7290,0.3157,0.6058,-87.337,-95.513,67.332
4544067,1902,1924,1786,-0.7194,0.3309,0.6302,-84.786,-90.532,63.409
4544077,1902,1866,1785,-0.7131,0.3313,0.6182,-80.008,-84.046,58.768
4544087,1897,1850,1793,-0.6912,0.3456,0.6665,-75.797,-79.070,55.886
4544097,1902,1840,1777,-0.6729,0.3641,0.7336,-71.878,-75.434,52.901
4544107,1899,1841,1873,-0.6654,0.3868,0.7713,-65.988,-69.634,49.406
4544117,1903,1851,1762,-0.6465,0.4257,0.7995,-58.632,-61.349,47.466
4544127,1900,1862,1746,-0.6272,0.4704,0.8368,-51.465,-52.676,45.478
4544137,1898,1851,1748,-0.6252,0.5076,0.8545,-44.299,-43.969,40.633
4544147,1898,1884,1749,-0.6279,0.5401,0.8571,-37.367,-34.907,34.338
4544157,1898,1854,1745,-0.6273,0.5631,0.8446,-31.442,-26.002,27.789
4544167,1897,1840,1743,-0.6350,0.5641,0.8242,-25.956,-17.923,19.622
4544177,1901,1852,1749,-0.6509,0.5515,0.8019,-20.693,-11.051,10.039
4544187,1901,1837,1747,-0.6659,0.5364,0.7852,-15.760,-4.989,1.182
4544197,1902,1876,1770,-0.6786,0.5242,0.7662,-11.315,0.748,-5.906
4544207,1900,1842,1745,-0.6914,0.5147,0.7459,-7.440,6.153,-11.942
4544217,1903,1892,1745,-0.7049,0.5067,0.7268,-4.069,11.024,-17.681
4544227,1901,1874,1756,-0.7162,0.5009,0.7151,-1.274,15.218,-23.169
4544237,1901,1835,1755,-0.7246,0.4872,0.7071,0.900,18.928,-28.638
4544247,1899,1844,1748,-0.7342,0.4618,0.7007,2.654,22.248,-34.724
4544257,1901,1841,1745,-0.7461,0.4286,0.6947,3.933,25.263,-40.948
4544267,1899,1839,1755,-0.7621,0.3912,0.6789,5.010,28.567,-46.354
4544277,1902,1839,1776,-0.7760,0.3543,0.6601,5.980,32.102,-50.468
4544287,1901,1858,1749,-0.7890,0.3176,0.6456,6.767,35.372,-53.566
4544297,1901,1837,1750,-0.8030,0.2813,0.6385,7.581,38.382,-56.048
4544307,1898,1852,1751,-0.8175,0.2478,0.6358,8.582,41.343,-57.747
4544317,1903,1869,1746,-0.8366,0.2245,0.6245,9.905,44.816,-58.319
4544327,1899,1851,1746,-0.8574,0.2193,0.6000,12.158,49.226,-57.388
4544337,1898,1858,1776,-0.8669,0.2147,0.5788,15.180,53.987,-55.755
4544347,1898,1837,1811,-0.8770,0.1992,0.5524,18.265,58.129,-55.972
4544357,1902,1839,1745,-0.8939,0.1758,0.5226,21.732,61.635,-58.071
4544367,1899,1839,2041,-0.9026,0.1492,0.5044,25.312,64.749,-59.732
4544377,1901,1854,1796,-0.9080,0.1189,0.4845,28.662,67.813,-60.314
4544387,1899,1848,1751,-0.9201,0.0897,0.4566,31.639,70.863,-60.073
4544397,1902,1896,1849,-0.9364,0.0689,0.4280,34.139,73.679,-58.741
4544407,1900,1837,1861,-0.9536,0.0593,0.3935,36.209,76.271,-56.137
4544417,1902,1865,1926,-0.9642,0.0539,0.3521,37.878,78.684,-52.409
4544427,1899,1874,1788,-0.9739,0.0461,0.2980,38.820,80.490,-48.707
4544437,1902,1865,1776,-0.9843,0.0333,0.2370,39.144,81.237,-45.591
4544447,1902,1864,1837,-0.9985,0.0193,0.1703,38.757,80.703,-42.641
4544457,1901,1926,2408,-1.0111,-0.0014,0.0964,38.166,79.094,-39.684
4544467,1901,1873,2084,-1.0280,-0.0228,0.0258,37.494,76.188,-36.531
4544477,1902,1945,1897,-1.0426,-0.0412,-0.0304,36.714,71.445,-32.941
4544487,1899,1911,1875,-1.0578,-0.0578,-0.0784,35.993,65.191,-28.919
4544497,1902,2005,2204,-1.0738,-0.0723,-0.1325,35.451,58.203,-24.305
4544507,1901,1846,2013,-1.0932,-0.0822,-0.1961,34.844,50.653,-18.854
4544517,1902,1961,1957,-1.1188,-0.0968,-0.2945,34.096,42.719,-13.050
4544527,1901,1879,1822,-1.1569,-0.1237,-0.4346,33.699,34.047,-7.762
4544537,1903,2153,2164,-1.1906,-0.1527,-0.5855,32.816,23.602,-1.992
4544547,1900,2001,2297,-1.2054,-0.1514,-0.6735,31.232,8.227,5.939
4544557,1903,1871,1762,-1.1962,-0.1313,-0.6345,27.524,-13.923,15.398
4544567,1903,2137,1936,-1.1746,-0.1298,-0.5551,23.292,-40.553,24.764
4544577,1903,1882,2627,-1.1284,-0.1077,-0.4557,17.296,-63.883,36.414
4544587,1901,2265,2358,-1.0723,-0.0690,-0.3377,8.361,-84.956,49.340
4544597,1904,1988,2016,-1.0054,-0.0235,-0.1940,-2.881,-103.693,61.492
4544607,1902,1850,2195,-0.9243,0.0165,-0.0127,-16.786,-120.566,71.546
4544617,1903,2030,1805,-0.8541,0.0482,0.1758,-32.301,-134.588,78.183
4544627,1900,1960,1778,-0.7947,0.0785,0.3576,-47.202,-143.665,82.670
4544637,1901,2034,1749,-0.7422,0.1258,0.5074,-59.716,-146.623,87.584
4544647,1900,1984,1853,-0.6974,0.1790,0.6051,-70.309,-143.962,93.029
4544657,1902,1862,1745,-0.6635,0.2189,0.6654,-78.110,-137.778,96.037
4544667,1900,1847,1912,-0.6339,0.2456,0.7282,-83.564,-130.866,95.576
4544677,1903,1849,1755,-0.6132,0.2645,0.7926,-86.506,-123.868,92.428
4544687,1902,2113,2154,-0.5992,0.2904,0.8377,-86.499,-115.298,88.548
4544697,1904,1845,1887,-0.5840,0.3325,0.8779,-83.618,-104.881,85.376
4544707,1902,1870,1945,-0.5732,0.3785,0.9010,-78.160,-93.220,81.664
4544717,1902,2020,1941,-0.5732,0.4123,0.8942,-69.672,-80.427,75.583
4544727,1900,1871,1779,-0.5742,0.4341,0.8738,-59.276,-67.778,67.586
4544737,1901,1873,1799,-0.5772,0.4438,0.8538,-48.445,-56.383,58.338
4544747,1898,1852,1884,-0.5795,0.4487,0.8399,-38.161,-46.691,48.644
4544757,1900,1874,1912,-0.5820,0.4567,0.8329,-29.012,-38.328,39.787
4544767,1899,1873,2236,-0.5838,0.4691,0.8244,-21.270,-30.797,32.443
4544777,1903,1989,1830,-0.5869,0.4834,0.8130,-14.970,-23.918,26.134
4544787,1899,1859,1806,-0.5873,0.4946,0.8011,-10.281,-18.035,20.148
4544797,1902,1958,1798,-0.5880,0.4981,0.7894,-7.405,-13.384,14.163
4544807,1900,1836,1748,-0.5867,0.4917,0.7757,-6.135,-9.933,8.260
4544817,1901,1842,1783,-0.5867,0.4815,0.7682,-6.246,-7.608,2.833
4544827,1901,1940,1781,-0.5891,0.4731,0.7639,-7.341,-6.101,-1.723
4544837,1902,1846,1771,-0.5932,0.4663,0.7575,-8.772,-4.871,-5.331
4544847,1901,1856,1761,-0.6010,0.4593,0.7470,-10.153,-3.762,-8.409
4544857,1901,1875,1818,-0.6133,0.4496,0.7381,-11.262,-3.018,-11.567
4544867,1900,1842,1774,-0.6307,0.4432,0.7310,-11.810,-2.676,-14.871
4544877,1902,1875,1840,-0.6467,0.4394,0.7266,-11.627,-2.463,-17.909
4544887,1899,1855,1770,-0.6617,0.4393,0.7208,-10.739,-2.223,-20.810
4544897,1902,1956,1815,-0.6779,0.4410,0.7129,-9.098,-1.988,-24.050
4544907,1899,1852,1780,-0.6923,0.4402,0.7050,-6.789,-1.831,-27.600
4544917,1902,1875,1835,-0.7073,0.4375,0.6914,-4.142,-1.770,-31.487
4544927,1900,1842,1790,-0.7214,0.4289,0.6784,-1.178,-1.855,-35.724
4544937,1903,1884,1803,-0.7340,0.4175,0.6701,1.694,-2.460,-40.134
4544947,1903,1836,1789,-0.7491,0.4069,0.6600,4.446,-3.230,-44.469
4544957,1901,1882,1845,-0.7623,0.4019,0.6503,7.343,-3.953,-48.069
4544967,1902,1835,1779,-0.7698,0.4009,0.6499,10.272,-4.750,-50.867
4544977,1900,1874,1808,-0.7791,0.3965,0.6480,13.120,-5.552,-53.957
4544987,1902,1840,1782,-0.7899,0.3860,0.6432,16.017,-6.386,-57.764
4544997,1901,1880,1807,-0.8005,0.3778,0.6373,18.827,-7.137,-61.401
4545007,1903,1837,1799,-0.8107,0.3734,0.6291,21.507,-7.784,-64.446
4545017,1903,1892,1825,-0.8245,0.3677,0.6173,24.100,-8.423,-67.524
4545027,1900,1850,1789,-0.8396,0.3605,0.6037,26.744,-9.251,-71.082
4545037,1901,1878,1764,-0.8498,0.3519,0.5977,29.365,-10.481,-74.821
4545047,1899,1837,1783,-0.8585,0.3371,0.5924,31.841,-12.003,-78.717
4545057,1901,1885,1779,-0.8671,0.3204,0.5851,34.264,-13.675,-82.623
4545067,1901,1840,1865,-0.8733,0.3094,0.5800,36.590,-15.425,-85.737
4545077,1898,1912,1807,-0.8756,0.3017,0.5766,38.678,-17.183,-87.852
4545087,1900,1842,1758,-0.8770,0.2929,0.5680,40.482,-19.029,-89.861
4545097,1902,1888,1820,-0.8782,0.2793,0.5555,41.894,-21.105,-92.222
4545107,1898,1859,1786,-0.8767,0.2632,0.5446,43.040,-23.508,-94.721
4545117,1900,1866,1820,-0.8722,0.2434,0.5322,43.949,-26.138,-97.125
4545127,1901,1839,1792,-0.8688,0.2210,0.5196,44.910,-29.090,-99.555
4545137,1901,1871,1832,-0.8611,0.1986,0.5184,45.778,-32.566,-101.704
4545147,1900,1836,1776,-0.8518,0.1750,0.5234,46.516,-36.420,-103.495
4545157,1899,1876,1846,-0.8435,0.1494,0.5251,46.906,-40.223,-104.993
4545167,1901,1840,1808,-0.8405,0.1264,0.5235,46.941,-43.958,-105.972
4545177,1902,1918,1862,-0.8392,0.1068,0.5136,46.710,-47.640,-105.920
4545187,1898,1854,1774,-0.8373,0.0896,0.4962,46.273,-51.515,-105.080
4545197,1901,1910,1841,-0.8336,0.0746,0.4808,45.579,-56.168,-103.931
4545207,1900,1847,1797,-0.8278,0.0614,0.4732,44.640,-61.897,-102.829
4545217,1902,1901,1841,-0.8211,0.0491,0.4725,43.768,-68.213,-101.908
4545227,1900,1840,1811,-0.8075,0.0373,0.4782,43.009,-74.775,-100.916
4545237,1901,1888,1850,-0.7873,0.0223,0.4983,41.974,-81.615,-100.023
4545247,1899,1838,1808,-0.7688,0.0017,0.5204,40.557,-88.467,-99.602
4545257,1899,1882,1809,-0.7527,-0.0196,0.5363,39.004,-94.831,-99.079
4545267,1898,1843,1811,-0.7357,-0.0329,0.5458,37.621,-100.523,-97.422
4545277,1901,1871,1893,-0.7183,-0.0386,0.5529,36.588,-105.795,-94.755
4545287,1899,1843,1822,-0.7014,-0.0412,0.5580,36.096,-111.019,-92.080
4545297,1900,1890,1873,-0.6822,-0.0457,0.5689,36.197,-116.511,-90.103
4545307,1899,1862,1857,-0.6580,-0.0521,0.5842,36.647,-122.264,-88.882
4545317,1899,1911,1947,-0.6281,-0.0617,0.6068,37.131,-128.145,-88.117
4545327,1900,1837,1828,-0.5917,-0.0750,0.6373,37.249,-133.990,-87.475
4545337,1901,1853,1866,-0.5540,-0.0904,0.6708,36.837,-139.387,-86.681
4545347,1897,1844,1842,-0.5148,-0.1028,0.7039,36.075,-144.007,-85.323
4545357,1900,1875,1857,-0.4753,-0.1122,0.7406,35.058,-147.745,-83.132
4545367,1900,1842,1839,-0.4432,-0.1138,0.7770,33.884,-150.829,-80.510
4545377,1901,1842,1887,-0.4120,-0.1064,0.8108,32.721,-152.863,-77.358
4545387,1901,1855,1832,-0.3789,-0.0931,0.8331,31.536,-153.925,-74.048
4545397,1902,1848,1851,-0.3480,-0.0817,0.8485,30.632,-154.440,-71.657
4545407,1901,1842,1858,-0.3146,-0.0763,0.8694,30.000,-154.979,-70.505
4545417,1900,1888,1912,-0.2791,-0.0814,0.8973,29.407,-155.785,-70.444
4545427,1899,1843,1851,-0.2415,-0.0947,0.9350,28.493,-156.565,-70.987
4545437,1900,1955,1900,-0.2044,-0.1089,0.9609,26.423,-156.685,-71.155
4545447,1900,1886,1859,-0.1716,-0.1301,0.9969,24.307,-156.445,-70.993
4545457,1902,1843,1927,-0.1319,-0.1458,1.0305,21.050,-155.490,-69.332
4545467,1898,1912,1870,-0.0935,-0.1651,1.0673,17.311,-153.787,-67.148
4545477,1900,1999,1862,-0.0605,-0.1818,1.1089,13.279,-151.358,-64.791
4545487,1899,1888,1882,-0.0352,-0.1892,1.1403,9.171,-147.740,-62.186
4545497,1900,1879,1849,-0.0195,-0.1857,1.1503,6.730,-142.600,-59.114
4545507,1900,1970,1812,-0.0049,-0.1713,1.1540,5.832,-136.548,-55.422
4545517,1899,1845,1864,0.0055,-0.1637,1.1512,6.641,-130.679,-52.790
4545527,1899,1856,1929,0.0129,-0.1709,1.1420,8.679,-125.117,-52.153
4545537,1901,1851,1837,0.0170,-0.1852,1.1467,12.158,-120.534,-52.784
4545547,1898,1840,1779,0.0281,-0.1942,1.1654,15.379,-116.166,-52.551
4545557,1898,1840,1811,0.0429,-0.2033,1.1877,18.207,-111.352,-51.485
4545567,1901,1854,1771,0.0592,-0.2120,1.2106,20.261,-106.151,-50.158
4545577,1900,1879,1770,0.0760,-0.2122,1.2325,21.253,-100.972,-48.423
4545587,1899,1897,1768,0.0855,-0.2069,1.2441,22.073,-95.432,-46.186
4545597,1901,2039,1759,0.0954,-0.1979,1.2486,23.197,-89.621,-43.363
4545607,1902,1840,1936,0.1029,-0.1892,1.2533,24.594,-83.988,-40.579
4545617,1902,1905,1847,0.1088,-0.1887,1.2594,26.159,-78.895,-38.715
4545627,1900,1848,1798,0.1075,-0.1882,1.2594,27.679,-74.315,-37.357
4545637,1900,1963,1762,0.1076,-0.1872,1.2565,29.234,-70.120,-35.704
4545647,1899,1945,1807,0.1051,-0.1842,1.2533,30.103,-66.574,-33.440
4545657,1898,2152,1812,0.1051,-0.1817,1.2539,30.743,-63.466,-30.934
4545667,1900,2086,1854,0.1064,-0.1748,1.2528,31.060,-60.607,-28.140
4545677,1896,2114,1859,0.1069,-0.1643,1.2513,31.078,-57.850,-25.277
4545687,1901,1986,1859,0.1102,-0.1517,1.2475,30.958,-55.200,-22.187
4545697,1901,2057,1851,0.1126,-0.1356,1.2470,30.832,-52.724,-18.847
4545707,1900,1921,1916,0.1171,-0.1213,1.2473,30.732,-50.386,-15.733
4545717,1900,1898,1856,0.1200,-0.1117,1.2454,30.903,-48.203,-13.385
4545727,1898,1879,1843,0.1226,-0.1079,1.2428,31.430,-46.235,-11.774
4545737,1901,2069,1894,0.1254,-0.1054,1.2416,32.460,-44.439,-10.542
4545747,1900,1940,1905,0.1284,-0.1018,1.2415,34.157,-42.595,-9.457
4545757,1901,2032,1832,0.1316,-0.0948,1.2368,36.499,-40.585,-8.314
4545767,1900,2004,1911,0.1319,-0.0817,1.2331,39.431,-38.500,-7.005
4545777,1900,1978,1923,0.1329,-0.0615,1.2312,42.825,-36.422,-5.631
4545787,1901,2061,1913,0.1336,-0.0410,1.2284,46.656,-34.281,-4.537
4545797,1897,2048,1903,0.1370,-0.0204,1.2262,50.708,-32.045,-3.653
4545807,1899,1943,1955,0.1396,-0.0040,1.2253,54.497,-29.866,-2.898
4545817,1900,2089,1976,0.1417,0.0096,1.2221,57.953,-27.752,-2.514
4545827,1901,2016,2014,0.1402,0.0240,1.2188,60.759,-25.705,-2.106
4545837,1900,2052,1994,0.1412,0.0416,1.2133,62.794,-23.722,-1.412
4545847,1902,1839,1982,0.1421,0.0624,1.2048,64.223,-21.850,-0.646
4545857,1900,2007,1948,0.1414,0.0850,1.1941,65.303,-20.218,0.143
4545867,1900,1868,2082,0.1424,0.1104,1.1866,66.137,-18.872,1.044
4545877,1902,1960,2060,0.1443,0.1315,1.1825,66.661,-17.895,1.720
4545887,1900,1862,2063,0.1472,0.1468,1.1818,66.571,-17.192,1.820
4545897,1901,1850,2142,0.1521,0.1585,1.1808,65.590,-16.683,1.572
4545907,1900,1853,2122,0.1563,0.1708,1.1802,63.711,-16.135,1.424
4545917,1900,1953,2116,0.1622,0.1843,1.1751,60.970,-15.460,1.581
4545927,1901,1882,2100,0.1666,0.1985,1.1714,57.768,-14.589,1.817
4545937,1900,1984,2101,0.1754,0.2086,1.1780,54.000,-13.944,1.872
4545947,1897,1870,2168,0.1793,0.2134,1.1790,49.952,-13.351,1.299
4545957,1898,1986,2141,0.1842,0.2193,1.1813,45.873,-12.586,0.813
4545967,1897,1893,2064,0.1877,0.2223,1.1842,41.583,-11.851,0.594
4545977,1901,1844,2181,0.1923,0.2609,1.2061,38.112,-10.491,1.429
4545987,1901,1841,2119,0.2190,0.2589,1.2314,37.001,-9.592,1.543
4545997,1900,1918,2137,0.2090,0.2178,1.2310,38.588,-7.908,-4.055
4546007,1900,1841,1975,0.2206,0.2037,1.2585,39.378,-6.587,-8.294
4546017,1900,1912,2113,0.2218,0.2130,1.2722,38.207,-4.383,-7.567
4546027,1902,1840,2123,0.2155,0.2471,1.2705,36.068,-0.859,-4.480
4546037,1900,1848,1973,0.2223,0.2796,1.2769,32.635,2.025,-1.341
4546047,1901,1889,2357,0.2120,0.2813,1.2612,28.821,4.328,-1.538
4546057,1902,1839,1939,0.2003,0.2682,1.2353,24.745,5.678,-3.867
4546067,1902,1846,2089,0.1848,0.2574,1.2128,20.575,6.398,-5.071
4546077,1903,1905,2186,0.1728,0.2631,1.1793,16.875,7.565,-2.420
4546087,1899,1839,2203,0.1610,0.2675,1.1492,13.603,7.909,-0.631
4546097,1902,1894,2138,0.1541,0.2701,1.1300,10.878,7.305,-0.030
4546107,1900,1837,2221,0.1517,0.2692,1.1154,9.129,6.353,-0.180
4546117,1897,1871,1970,0.1522,0.2651,1.1040,8.540,5.604,-0.899
4546127,1900,1837,2179,0.1524,0.2600,1.0950,8.700,4.911,-1.819
4546137,1902,1928,2050,0.1521,0.2586,1.0927,9.225,4.252,-2.444
4546147,1901,1853,2077,0.1531,0.2597,1.0924,9.865,3.814,-2.724
4546157,1901,1871,2066,0.1526,0.2588,1.0921,10.461,3.547,-3.133
4546167,1901,1848,2145,0.1482,0.2598,1.0925,10.692,3.304,-3.822
4546177,1901,1922,2184,0.1467,0.2637,1.0958,10.639,3.163,-4.303
4546187,1901,1851,2102,0.1440,0.2645,1.1001,10.636,3.076,-4.866
4546197,1903,1879,2056,0.1395,0.2584,1.0959,11.001,3.130,-5.931
4546207,1901,1846,2142,0.1331,0.2570,1.1025,11.605,3.094,-6.667
4546217,1902,1910,2078,0.1323,0.2594,1.1121,12.062,2.966,-6.659
4546227,1902,1839,2334,0.1292,0.2602,1.1120,12.839,3.184,-6.589
4546237,1901,1904,1792,0.1266,0.2769,1.1202,13.301,3.555,-5.696
4546247,1903,1840,2182,0.1312,0.2870,1.1315,13.077,3.787,-4.644
4546257,1903,1909,2059,0.1233,0.2850,1.1182,13.482,4.184,-5.428
4546267,1902,1846,2092,0.1267,0.2886,1.1158,14.257,4.496,-5.424
4546277,1900,1896,2096,0.1301,0.2916,1.1176,14.637,4.431,-4.626
4546287,1901,1847,2119,0.1260,0.2918,1.1105,14.842,4.515,-4.411
4546297,1901,1941,1982,0.1213,0.2988,1.1176,14.119,4.104,-3.998
4546307,1902,1847,2018,0.1193,0.3067,1.1205,12.788,3.750,-3.133
4546317,1902,1912,2060,0.1203,0.3130,1.1143,11.673,3.837,-2.182
4546327,1900,1841,2244,0.1237,0.3180,1.1169,10.267,3.598,-1.197
4546337,1901,1890,1939,0.1214,0.3192,1.1148,8.701,3.169,-0.789
4546347,1900,1856,1929,0.1168,0.3217,1.1075,7.247,3.042,-0.457
4546357,1901,1908,2043,0.1165,0.3265,1.1051,5.640,3.000,0.355
4546367,1902,1845,2095,0.1155,0.3273,1.0994,4.021,2.886,0.766
4546377,1901,1903,2115,0.1131,0.3258,1.0948,2.610,2.586,0.553
4546387,1901,1839,2564,0.1132,0.3244,1.0971,1.401,2.161,0.404
4546397,1903,1916,2095,0.1148,0.3221,1.1001,0.426,1.907,0.419
4546407,1902,1850,2074,0.1149,0.3195,1.0995,-0.339,1.753,0.388
4546417,1900,1900,2118,0.1169,0.3182,1.1006,-0.971,1.612,0.532
4546427,1900,1858,2095,0.1175,0.3159,1.0978,-1.478,1.573,0.653
4546437,1902,1885,1975,0.1153,0.3131,1.0929,-1.893,1.587,0.607
4546447,1902,1838,2092,0.1142,0.3118,1.0927,-2.368,1.434,0.592
4546457,1900,1906,1968,0.1142,0.3095,1.0940,-2.649,1.265,0.576
4546467,1901,1850,2101,0.1164,0.3050,1.0970,-2.639,1.097,0.430
4546477,1902,1904,2099,0.1175,0.2985,1.0998,-2.475,0.884,0.075
4546487,1903,1846,2082,0.1176,0.2942,1.0965,-2.185,0.818,-0.209
4546497,1901,1893,2130,0.1172,0.2933,1.0959,-1.721,0.989,-0.085
4546507,1902,1844,2005,0.1184,0.2960,1.0932,-1.208,1.224,0.272
4546517,1901,1913,1961,0.1153,0.2963,1.0918,-0.469,1.351,0.158
4546527,1901,1839,2248,0.1133,0.2971,1.0937,0.298,1.315,-0.103
4546537,1900,1882,2249,0.1149,0.2998,1.0953,0.960,1.259,-0.080
4546547,1904,1864,2184,0.1164,0.3025,1.0963,1.480,1.287,-0.029
4546557,1902,1894,2124,0.1175,0.3040,1.0976,1.746,1.300,-0.089
4546567,1901,1854,2027,0.1168,0.3052,1.0954,1.805,1.336,-0.215
4546577,1903,1884,2288,0.1142,0.3083,1.0939,1.844,1.443,-0.125
4546587,1902,1844,2333,0.1148,0.3107,1.0903,1.774,1.447,0.095
4546597,1900,1886,2148,0.1137,0.3117,1.0883,1.791,1.396,0.076
4546607,1902,1860,2139,0.1132,0.3146,1.0878,1.675,1.136,-0.048
4546617,1901,1880,2303,0.1119,0.3175,1.0931,1.506,0.839,-0.078
4546627,1903,1844,2191,0.1113,0.3168,1.0927,1.145,0.576,-0.448
4546637,1901,1907,2070,0.1090,0.3151,1.0909,0.894,0.570,-0.903
4546647,1903,1843,2212,0.1129,0.3146,1.0998,0.559,0.404,-0.847
4546657,1903,1894,2482,0.1115,0.3107,1.0995,0.227,0.233,-0.984
4546667,1902,1851,2293,0.1094,0.3075,1.0964,0.254,0.443,-1.069
4546677,1901,1889,2285,0.1130,0.3093,1.0976,-0.147,0.471,-0.547
4546687,1903,1849,2224,0.1108,0.3089,1.0986,-0.299,0.431,-0.536
4546697,1904,1884,2209,0.1086,0.3069,1.0969,-0.587,0.448,-0.803
4546707,1900,1840,2317,0.1094,0.3064,1.0956,-0.755,0.511,-0.824
4546717,1901,1892,2291,0.1101,0.3058,1.0939,-0.786,0.573,-0.653
4546727,1901,1849,2284,0.1068,0.3039,1.0927,-0.590,0.557,-0.741
4546737,1901,1905,2082,0.1038,0.3048,1.0943,-0.413,0.426,-0.793
4546747,1902,1860,2120,0.1025,0.3062,1.0951,-0.242,0.276,-0.716
4546757,1903,1918,2139,0.1026,0.3061,1.0962,-0.034,0.231,-0.602
4546767,1902,1847,2225,0.1032,0.3057,1.0976,0.240,0.116,-0.662
4546777,1901,1894,2582,0.1047,0.3058,1.0988,0.619,0.056,-0.589
4546787,1899,1851,2404,0.1057,0.3075,1.1023,0.855,0.042,-0.324
4546797,1902,1914,2204,0.1068,0.3098,1.1036,0.952,0.079,-0.151
4546807,1900,1853,2324,0.1058,0.3104,1.1014,0.929,0.199,-0.104
4546817,1900,1908,2220,0.1055,0.3126,1.0980,0.792,0.374,0.095
4546827,1900,1866,2079,0.1047,0.3152,1.0962,0.595,0.484,0.364
4546837,1902,1911,2234,0.1036,0.3151,1.0932,0.459,0.516,0.387
4546847,1899,1867,2267,0.1030,0.3147,1.0926,0.391,0.443,0.195
4546857,1901,1936,2330,0.1029,0.3138,1.0918,0.378,0.346,0.061
4546867,1901,1839,2306,0.1032,0.3144,1.0919,0.392,0.294,0.062
4546877,1899,1885,2244,0.1037,0.3142,1.0934,0.409,0.275,0.114
4546887,1902,1882,2174,0.1043,0.3143,1.0948,0.425,0.239,0.095
4546897,1903,1933,2323,0.1039,0.3135,1.0960,0.394,0.191,0.019
4546907,1903,1864,2502,0.1034,0.3141,1.0971,0.297,0.155,0.005
4546917,1901,1925,2274,0.1032,0.3144,1.0957,0.185,0.150,0.098
4546927,1902,1885,2257,0.1024,0.3153,1.0946,0.112,0.154,0.213
4546937,1901,1919,2371,0.1015,0.3157,1.0931,0.121,0.150,0.254
4546947,1903,1873,2195,0.1015,0.3165,1.0932,0.168,0.107,0.238
4546957,1901,1940,2235,0.1021,0.3166,1.0943,0.223,0.057,0.192
4546967,1899,1889,2266,0.1024,0.3167,1.0940,0.280,0.037,0.147
4546977,1900,1972,2036,0.1034,0.3157,1.0946,0.263,0.001,0.111
4546987,1904,1903,2061,0.1033,0.3156,1.0932,0.203,0.002,0.032
4546997,1901,1933,2538,0.1025,0.3161,1.0931,0.151,0.036,-0.028
4547007,1903,1874,2530,0.1039,0.3176,1.0948,0.059,0.034,0.020
4547017,1897,1946,2284,0.1044,0.3160,1.0972,0.042,0.081,-0.024
4547027,1902,1896,2220,0.1030,0.3146,1.0975,0.133,0.134,-0.279
4547037,1901,1928,2502,0.1024,0.3132,1.0988,0.144,0.145,-0.375
4547047,1902,1869,2359,0.1014,0.3136,1.0968,0.092,0.243,-0.173
4547057,1899,1967,2222,0.1016,0.3155,1.0950,-0.003,0.392,0.113
4547067,1903,1888,2368,0.1015,0.3167,1.0941,-0.122,0.395,0.254
4547077,1899,1948,2254,0.0997,0.3164,1.0929,-0.191,0.294,0.224
4547087,1903,1902,2370,0.0997,0.3162,1.0919,-0.242,0.205,0.199
4547097,1901,1951,2254,0.1006,0.3167,1.0911,-0.344,0.114,0.259
4547107,1902,1896,2264,0.0996,0.3172,1.0907,-0.448,0.013,0.313
4547117,1900,1960,2610,0.1006,0.3164,1.0917,-0.521,-0.124,0.259
4547127,1903,1864,2632,0.1006,0.3147,1.0929,-0.519,-0.281,0.115
4547137,1900,1958,2216,0.1006,0.3133,1.0948,-0.443,-0.406,-0.010
4547147,1901,1901,2330,0.1014,0.3137,1.0956,-0.367,-0.485,-0.002
4547157,1901,1969,2270,0.1022,0.3142,1.0964,-0.323,-0.480,0.106
4547167,1902,1904,2246,0.1025,0.3137,1.0939,-0.276,-0.356,0.182
4547177,1902,1965,2255,0.1014,0.3145,1.0928,-0.240,-0.254,0.190
4547187,1902,1899,2190,0.1001,0.3147,1.0916,-0.181,-0.192,0.158
4547197,1901,1968,2228,0.0991,0.3147,1.0899,-0.060,-0.133,0.106
