10140672,1493,1872,1883,0.2075,-0.3836,1.0477,-1.684,0.605,1.847
10140682,1489,1877,1872,0.2066,-0.3839,1.0482,-1.288,0.604,1.891
10140692,1505,1923,1910,0.2064,-0.3851,1.0495,-0.906,0.522,1.950
10140702,1472,1872,2189,0.2061,-0.3870,1.0500,-0.493,0.459,2.001
10140712,1495,1870,1875,0.2057,-0.3871,1.0516,-0.113,0.325,2.065
10140722,1488,1883,1874,0.2053,-0.3875,1.0535,0.230,0.192,2.121
10140732,1480,1877,1831,0.2046,-0.3885,1.0570,0.501,0.099,2.150
10140742,1472,1903,1833,0.2024,-0.3884,1.0558,0.737,0.047,2.172
10140752,1480,1883,1835,0.2023,-0.3877,1.0564,1.059,0.095,2.186
10140762,1473,1889,1824,0.2019,-0.3865,1.0565,1.493,0.105,2.192
10140772,1527,1873,2042,0.2020,-0.3853,1.0547,1.961,0.158,2.219
10140782,1484,1874,1821,0.2021,-0.3821,1.0545,2.390,0.183,2.275
10140792,1495,1877,1916,0.2021,-0.3798,1.0527,2.697,0.184,2.333
10140802,1492,1869,1825,0.2011,-0.3786,1.0509,2.826,0.151,2.352
10140812,1534,1876,1909,0.2005,-0.3779,1.0514,2.750,0.103,2.339
10140822,1500,1882,1823,0.2009,-0.3779,1.0520,2.509,0.092,2.313
10140832,1571,1904,1916,0.2015,-0.3791,1.0526,2.204,0.074,2.236
10140842,1534,1870,2111,0.2012,-0.3803,1.0530,1.975,0.154,2.157
10140852,1513,1874,1844,0.2013,-0.3812,1.0533,1.893,0.266,2.087
10140862,1561,1871,1823,0.2009,-0.3812,1.0507,1.995,0.463,2.049
10140872,1475,1876,1845,0.2005,-0.3793,1.0504,2.192,0.602,2.045
10140882,1479,1871,1835,0.2008,-0.3779,1.0496,2.399,0.737,2.057
10140892,1511,1890,1871,0.1999,-0.3771,1.0486,2.465,0.880,2.061
10140902,1486,1870,1833,0.1990,-0.3753,1.0503,2.367,0.941,2.038
10140912,1485,1882,1868,0.1988,-0.3754,1.0497,2.126,1.057,1.950
10140922,1508,1878,1825,0.1996,-0.3777,1.0537,1.845,1.127,1.824
10140932,1611,1890,1852,0.1990,-0.3783,1.0527,1.634,1.250,1.711
10140942,1592,1884,1825,0.1986,-0.3799,1.0537,1.623,1.414,1.616
10140952,1487,1872,1830,0.1973,-0.3797,1.0546,1.844,1.504,1.534
10140962,1559,1884,1825,0.1962,-0.3793,1.0542,2.255,1.670,1.484
10140972,1514,1912,1840,0.1942,-0.3785,1.0558,2.667,1.736,1.465
10140982,1492,1881,1838,0.1941,-0.3758,1.0579,2.977,1.800,1.467
10140992,1758,1954,1851,0.1929,-0.3736,1.0594,3.070,1.856,1.451
10141002,1565,1875,1838,0.1924,-0.3723,1.0581,3.028,1.969,1.387
10141012,1489,1891,1822,0.1922,-0.3711,1.0599,2.925,1.989,1.280
10141022,1693,1871,1830,0.1917,-0.3704,1.0620,2.816,2.023,1.186
10141032,1488,1872,1826,0.1916,-0.3719,1.0624,2.666,2.052,1.137
10141042,1571,1880,1823,0.1920,-0.3747,1.0605,2.538,2.140,1.129
10141052,1686,1886,1825,0.1930,-0.3769,1.0608,2.489,2.163,1.181
10141062,1564,1873,1828,0.1939,-0.3783,1.0602,2.591,2.149,1.281
10141072,1844,1923,1865,0.1948,-0.3794,1.0595,2.861,2.115,1.408
10141082,1524,1890,1826,0.1964,-0.3811,1.0601,3.351,2.062,1.606
10141092,1687,1906,1833,0.2002,-0.3829,1.0619,3.981,2.048,1.940
10141102,1613,1872,1822,0.2017,-0.3806,1.0671,4.604,2.106,2.509
10141112,1671,1912,1837,0.1994,-0.3726,1.0670,5.113,2.374,3.236
10141122,1492,1874,1826,0.1975,-0.3680,1.0708,5.313,2.688,3.850
10141132,1575,1944,1831,0.1938,-0.3635,1.0710,5.173,3.079,4.291
10141142,1508,1882,1824,0.1904,-0.3578,1.0756,4.655,3.502,4.579
10141152,1487,1883,1835,0.1872,-0.3525,1.0826,3.556,3.875,4.758
10141162,1508,1884,1823,0.1834,-0.3481,1.0823,1.945,4.392,4.886
10141172,1863,1883,1847,0.1808,-0.3446,1.0832,0.022,4.894,4.953
10141182,1726,1872,1839,0.1765,-0.3461,1.0813,-2.160,5.311,4.877
10141192,1493,1885,1823,0.1727,-0.3469,1.0782,-4.326,5.759,4.744
10141202,1613,1882,1824,0.1707,-0.3495,1.0816,-6.454,5.942,4.562
10141212,1910,1872,1823,0.1697,-0.3588,1.0819,-8.432,6.154,4.309
10141222,1622,1887,1824,0.1714,-0.3676,1.0841,-10.091,6.414,4.137
10141232,2213,1958,1836,0.1717,-0.3801,1.0861,-11.605,6.678,4.067
10141242,2254,1996,1847,0.1726,-0.3888,1.0831,-12.564,7.047,4.200
10141252,1569,1872,1826,0.1726,-0.3952,1.0803,-13.148,7.354,4.490
10141262,1766,1961,1824,0.1778,-0.4061,1.0731,-13.296,7.529,4.940
10141272,1583,1871,1857,0.1845,-0.4146,1.0836,-13.377,7.329,5.955
10141282,1494,2080,1897,0.1770,-0.4204,1.0775,-13.867,7.174,7.964
10141292,1707,1992,1871,0.1651,-0.4282,1.0737,-14.934,7.381,10.248
10141302,1527,1885,1830,0.1583,-0.4539,1.0785,-16.542,6.948,12.282
10141312,2014,2008,1829,0.1543,-0.4570,1.0649,-17.031,7.241,14.699
10141322,1514,1914,1824,0.1556,-0.4455,1.0719,-17.471,6.783,17.235
10141332,1529,1869,1864,0.1581,-0.4364,1.0678,-17.501,6.456,18.940
10141342,1579,1894,1831,0.1601,-0.4335,1.0762,-17.406,6.145,19.381
10141352,2006,1874,1825,0.1569,-0.4403,1.0759,-16.599,6.205,18.976
10141362,1873,1871,1832,0.1525,-0.4534,1.0768,-15.120,6.647,18.379
10141372,1604,1895,1831,0.1486,-0.4663,1.0803,-13.058,6.996,18.151
10141382,1508,1871,1826,0.1435,-0.4711,1.0781,-10.739,7.556,18.389
10141392,1709,1877,1833,0.1361,-0.4674,1.0796,-8.323,8.091,19.015
10141402,1705,1883,1824,0.1290,-0.4605,1.0804,-6.053,8.834,19.716
10141412,1508,1887,1833,0.1223,-0.4559,1.0839,-4.423,9.588,20.332
10141422,1711,1875,1824,0.1164,-0.4531,1.0888,-3.574,10.268,20.910
10141432,1548,1873,1835,0.1103,-0.4501,1.0901,-3.367,10.978,21.564
10141442,1670,1899,1832,0.1053,-0.4475,1.0946,-3.734,11.589,22.328
10141452,1504,1890,1824,0.0975,-0.4469,1.0956,-4.713,12.244,23.215
10141462,1809,2101,1836,0.0901,-0.4468,1.0975,-6.318,12.936,24.193
10141472,1576,1962,1844,0.0835,-0.4497,1.1007,-8.444,13.468,25.216
10141482,1740,2040,1835,0.0764,-0.4514,1.0992,-10.860,14.062,26.266
10141492,1624,1871,1832,0.0711,-0.4530,1.1017,-13.426,14.598,27.333
10141502,1822,1909,1824,0.0661,-0.4553,1.0981,-16.004,15.159,28.366
10141512,1577,1871,1839,0.0619,-0.4576,1.0965,-18.395,15.710,29.428
10141522,1770,1890,1825,0.0568,-0.4643,1.0900,-20.446,16.386,30.454
10141532,1686,1876,1836,0.0519,-0.4743,1.0867,-22.210,17.069,31.377
10141542,1672,1871,1825,0.0478,-0.4831,1.0850,-23.681,17.715,32.337
10141552,1611,1887,1855,0.0434,-0.4893,1.0855,-24.920,18.422,33.436
10141562,1633,1870,1826,0.0409,-0.4946,1.0883,-26.165,19.028,34.695
10141572,1642,1890,1847,0.0362,-0.4984,1.0959,-27.793,19.566,36.146
10141582,1502,1870,1825,0.0317,-0.5001,1.0956,-29.955,20.321,37.755
10141592,1497,1999,1861,0.0274,-0.5012,1.0935,-32.534,21.338,39.222
10141602,1516,2020,1838,0.0260,-0.5048,1.0874,-35.057,22.568,40.223
10141612,1601,2007,1853,0.0272,-0.5138,1.0851,-36.811,23.944,40.664
10141622,1664,1894,1829,0.0299,-0.5236,1.0836,-37.381,25.494,40.786
10141632,1532,1942,1842,0.0321,-0.5386,1.0850,-36.586,27.324,40.860
10141642,1554,1885,1826,0.0336,-0.5529,1.0864,-34.505,29.428,41.092
10141652,1574,1873,1833,0.0318,-0.5626,1.0845,-31.302,31.804,41.610
10141662,1509,1983,1827,0.0257,-0.5686,1.0803,-27.325,34.269,42.414
10141672,1565,1872,1836,0.0174,-0.5680,1.0730,-23.108,36.645,43.460
10141682,1792,1870,1826,0.0061,-0.5643,1.0663,-19.398,38.639,44.661
10141692,1534,1943,1851,-0.0073,-0.5584,1.0631,-16.671,40.192,46.042
10141702,1677,2016,1826,-0.0217,-0.5543,1.0566,-15.456,41.379,47.627
10141712,1532,1903,1832,-0.0377,-0.5486,1.0462,-15.912,42.247,49.384
10141722,1587,1894,1829,-0.0538,-0.5428,1.0381,-18.040,42.456,51.283
10141732,1569,1878,1843,-0.0693,-0.5378,1.0237,-21.505,42.274,53.275
10141742,1586,1926,1832,-0.0838,-0.5382,1.0166,-26.197,41.435,55.246
10141752,2066,2036,1860,-0.0956,-0.5459,1.0059,-31.818,40.177,57.301
10141762,1993,1995,1828,-0.1050,-0.5576,0.9948,-38.325,38.522,59.557
10141772,1503,1887,1854,-0.1197,-0.5688,0.9846,-45.329,36.597,62.224
10141782,1549,1870,1826,-0.1333,-0.5864,0.9738,-52.977,34.470,65.118
10141792,1678,1871,1840,-0.1474,-0.6016,0.9574,-60.814,32.041,68.409
10141802,1629,1952,1837,-0.1629,-0.6160,0.9470,-68.675,29.389,72.083
10141812,1734,1912,1860,-0.1772,-0.6294,0.9279,-76.400,26.626,76.019
10141822,1660,1928,1826,-0.1918,-0.6396,0.9104,-83.857,23.826,80.030
10141832,1530,1871,1857,-0.2060,-0.6453,0.8949,-90.654,20.930,83.983
10141842,1637,1905,1846,-0.2146,-0.6577,0.8716,-96.380,18.267,87.532
10141852,1833,1905,1885,-0.2295,-0.6742,0.8422,-100.961,15.696,90.787
10141862,1629,1920,1840,-0.2410,-0.6820,0.8276,-104.634,12.509,94.008
10141872,1651,1870,1850,-0.2517,-0.6887,0.8059,-107.535,9.273,96.871
10141882,1546,1870,1831,-0.2643,-0.7053,0.7789,-109.205,6.498,99.210
10141892,1723,2088,1835,-0.2747,-0.7259,0.7599,-110.115,3.500,101.278
10141902,1687,1977,1825,-0.2905,-0.7347,0.7465,-110.120,0.435,103.727
10141912,1502,1878,1835,-0.3039,-0.7324,0.7293,-109.068,-2.234,106.577
10141922,1706,2038,1863,-0.3101,-0.7322,0.7148,-106.843,-4.634,109.518
10141932,1658,1903,1842,-0.3200,-0.7334,0.7051,-104.112,-6.964,112.288
10141942,1649,1924,1829,-0.3226,-0.7395,0.6940,-101.175,-9.028,115.091
10141952,1968,1879,1841,-0.3265,-0.7605,0.6898,-99.159,-11.007,117.830
10141962,1669,1885,1826,-0.3323,-0.7413,0.6761,-96.780,-12.605,121.519
10141972,1757,1899,1860,-0.3503,-0.7221,0.6531,-94.164,-13.836,124.980
10141982,1584,1901,1831,-0.3663,-0.6979,0.6407,-91.045,-15.626,127.511
10141992,1553,1906,1833,-0.3783,-0.6825,0.6323,-87.620,-17.853,128.978
10142002,1520,1949,1827,-0.3897,-0.6628,0.6305,-83.881,-20.271,129.766
10142012,1567,1871,1986,-0.3993,-0.6473,0.6404,-80.536,-22.919,130.098
10142022,1610,1908,1878,-0.4078,-0.6305,0.6460,-77.555,-25.057,130.095
10142032,1704,2025,1843,-0.4155,-0.6215,0.6454,-74.912,-26.353,129.876
10142042,1659,1890,1840,-0.4236,-0.6187,0.6490,-73.077,-27.299,129.525
10142052,1510,1894,1843,-0.4391,-0.6167,0.6504,-72.045,-27.940,129.437
10142062,1514,1894,1860,-0.4466,-0.6076,0.6436,-71.924,-28.325,129.719
10142072,1717,1882,1871,-0.4596,-0.5926,0.6343,-72.505,-28.748,129.939
10142082,1507,1876,1845,-0.4716,-0.5767,0.6336,-73.308,-29.462,129.982
10142092,1515,1898,1824,-0.4845,-0.5622,0.6274,-74.171,-30.299,129.717
10142102,1771,1871,1838,-0.4995,-0.5420,0.6215,-74.997,-31.156,129.046
10142112,1599,1961,1872,-0.5026,-0.5407,0.6213,-76.053,-32.287,127.761
10142122,1530,1932,1963,-0.5058,-0.5412,0.6147,-77.529,-33.420,125.880
10142132,2007,2017,1880,-0.5082,-0.5387,0.6077,-79.036,-34.483,124.078
10142142,1724,1909,1828,-0.5114,-0.5296,0.6035,-80.472,-35.574,122.234
10142152,1647,1872,1870,-0.5164,-0.5204,0.6002,-81.481,-36.645,120.001
10142162,1931,1905,1846,-0.5213,-0.5161,0.5951,-81.842,-37.616,117.117
10142172,1604,1986,1836,-0.5246,-0.5162,0.5940,-81.662,-38.703,113.886
10142182,1535,2187,1827,-0.5293,-0.5181,0.5896,-81.535,-39.668,110.425
10142192,1702,2067,1863,-0.5323,-0.5214,0.6001,-81.493,-40.851,107.043
10142202,1543,2015,1859,-0.5388,-0.5256,0.6053,-81.392,-41.738,103.642
10142212,1508,1874,1842,-0.5470,-0.5226,0.6016,-80.616,-41.986,100.338
10142222,1511,1874,1827,-0.5493,-0.5182,0.6039,-79.442,-42.307,96.901
10142232,1660,1919,1871,-0.5535,-0.5193,0.6117,-77.730,-42.545,93.277
10142242,1849,1879,1828,-0.5571,-0.5106,0.6124,-75.700,-42.359,89.655
10142252,1515,1905,1831,-0.5610,-0.5086,0.6227,-73.378,-42.055,85.867
10142262,1550,1875,1829,-0.5628,-0.5046,0.6452,-71.396,-42.074,81.921
10142272,1597,1908,1849,-0.5674,-0.4969,0.6525,-69.122,-41.332,78.114
10142282,1545,1871,1870,-0.5714,-0.4925,0.6542,-66.772,-40.019,74.171
10142292,1523,1872,1831,-0.5758,-0.4880,0.6587,-64.145,-38.697,70.095
10142302,1633,1871,1831,-0.5806,-0.4859,0.6562,-61.101,-37.171,65.911
10142312,1588,1879,1828,-0.5852,-0.4842,0.6539,-57.795,-35.675,61.732
10142322,1543,1979,1883,-0.5895,-0.4866,0.6621,-54.352,-34.502,57.632
10142332,1825,1879,1833,-0.5921,-0.4911,0.6685,-50.905,-33.322,53.666
10142342,1536,1869,1833,-0.6000,-0.4980,0.6616,-47.438,-31.616,49.905
10142352,1780,1958,1847,-0.6068,-0.5037,0.6584,-43.992,-29.868,46.414
10142362,1791,1878,1829,-0.6111,-0.5092,0.6608,-40.642,-28.265,43.282
10142372,1534,1941,1835,-0.6154,-0.5140,0.6633,-37.742,-26.552,40.614
10142382,1624,1872,1907,-0.6213,-0.5149,0.6640,-35.508,-24.739,38.402
10142392,1769,1897,1888,-0.6284,-0.5110,0.6624,-33.942,-22.827,36.406
10142402,1766,1890,1848,-0.6378,-0.5070,0.6543,-32.611,-20.762,34.395
10142412,1519,1894,1829,-0.6470,-0.5104,0.6481,-31.275,-18.748,32.255
10142422,1627,1886,1845,-0.6528,-0.5111,0.6544,-30.270,-17.386,30.202
10142432,1652,1871,1831,-0.6630,-0.5075,0.6458,-29.180,-15.934,28.542
10142442,1610,1909,1903,-0.6721,-0.5074,0.6280,-27.967,-14.226,26.968
10142452,1708,1868,1827,-0.6759,-0.5054,0.6133,-26.382,-12.878,25.454
10142462,1861,1909,1839,-0.6772,-0.5034,0.6108,-24.453,-12.058,24.105
10142472,1922,1926,1838,-0.6789,-0.4965,0.6241,-22.638,-11.795,22.950
10142482,1680,1998,1831,-0.6804,-0.4788,0.6305,-21.027,-11.320,21.996
10142492,2233,2086,1875,-0.6798,-0.4705,0.6463,-19.952,-10.625,20.646
10142502,1530,1905,1834,-0.6774,-0.4688,0.6653,-19.717,-9.811,18.909
10142512,1875,1871,1861,-0.6794,-0.4744,0.6527,-19.661,-7.664,17.121
10142522,1836,1900,1829,-0.6862,-0.4804,0.6335,-19.965,-5.172,15.396
10142532,1737,1875,1840,-0.6922,-0.4948,0.6161,-19.823,-3.203,13.883
10142542,1644,1970,1844,-0.6974,-0.5089,0.5988,-19.144,-1.762,12.591
10142552,2293,1866,1859,-0.7010,-0.5124,0.5962,-18.208,-1.224,11.905
10142562,3142,2032,1889,-0.7036,-0.5106,0.5956,-17.138,-1.028,11.583
10142572,2272,1890,1888,-0.7081,-0.5022,0.5928,-16.041,-0.799,11.328
10142582,3534,2151,1918,-0.7095,-0.4951,0.5911,-15.044,-0.663,10.838
10142592,2790,2044,1867,-0.7036,-0.4958,0.5949,-14.268,-0.756,9.882
10142602,2408,2033,1917,-0.6967,-0.5013,0.5941,-13.586,-0.675,8.637
10142612,1485,1983,1874,-0.6920,-0.5222,0.5956,-12.859,-0.461,7.030
10142622,1745,1868,2066,-0.6938,-0.5448,0.5958,-11.645,-0.185,5.378
10142632,2154,1884,2025,-0.7048,-0.5412,0.5851,-9.085,0.426,4.260
10142642,2459,2225,1875,-0.7191,-0.5286,0.5454,-4.743,1.241,3.191
10142652,2963,2094,2015,-0.7308,-0.5330,0.4835,1.811,2.153,1.351
10142662,3859,2471,1852,-0.7450,-0.5322,0.4804,10.098,1.476,-0.572
10142672,2656,2107,1829,-0.7297,-0.5126,0.5800,18.141,-1.538,-1.131
10142682,2658,1913,1847,-0.7087,-0.4823,0.6684,22.223,-3.109,-0.784
10142692,1687,2082,1859,-0.6929,-0.4305,0.7455,21.912,-1.678,-0.162
10142702,2996,2115,1890,-0.6703,-0.3704,0.8043,17.796,1.620,-0.481
10142712,1828,1869,1839,-0.6528,-0.3539,0.8044,12.418,7.153,-2.725
10142722,1915,1876,1834,-0.6480,-0.3789,0.7666,7.398,13.668,-6.481
10142732,2070,1878,1849,-0.6653,-0.4345,0.7064,4.171,19.913,-10.238
10142742,1820,1961,1864,-0.6923,-0.5138,0.6327,3.406,25.302,-13.488
10142752,1397,1902,1895,-0.7182,-0.5887,0.5664,5.586,28.934,-15.430
10142762,1450,1875,1930,-0.7393,-0.6446,0.5044,10.599,30.853,-15.578
10142772,2114,2105,1833,-0.7501,-0.6737,0.4641,17.254,30.883,-13.771
10142782,1497,1944,1972,-0.7572,-0.6838,0.4614,23.337,28.807,-10.311
10142792,1616,1995,1945,-0.7651,-0.6693,0.4643,27.367,25.878,-5.481
10142802,1487,1882,1842,-0.7724,-0.6394,0.4545,29.016,23.117,0.095
10142812,1566,1936,2012,-0.7745,-0.5823,0.4601,27.670,19.630,5.818
10142822,1682,1981,1847,-0.7712,-0.5168,0.4996,23.461,14.648,10.941
10142832,1430,1930,1834,-0.7707,-0.4712,0.5496,17.014,9.404,14.536
10142842,1555,1987,1832,-0.7830,-0.4550,0.5485,9.913,6.342,16.592
10142852,1466,1889,1858,-0.8077,-0.4672,0.4847,2.992,5.418,17.439
10142862,1905,1900,1843,-0.8211,-0.5085,0.3924,-2.563,4.423,17.557
10142872,1414,1868,1834,-0.8478,-0.4996,0.3890,-5.901,0.618,18.330
10142882,1645,1873,1831,-0.8351,-0.4408,0.4434,-7.239,-5.458,19.920
10142892,1657,1882,1832,-0.8201,-0.3357,0.5224,-6.032,-10.891,20.631
10142902,1657,1898,1852,-0.7878,-0.2686,0.6360,-3.368,-14.705,18.978
10142912,1747,2012,1854,-0.7346,-0.2278,0.7194,-2.735,-15.913,14.869
10142922,1545,1943,1879,-0.7126,-0.2069,0.7113,-3.207,-11.911,9.929
10142932,1432,1890,1850,-0.7201,-0.2317,0.6700,-5.742,-5.654,4.035
10142942,2030,1896,1837,-0.7279,-0.3053,0.6232,-9.012,-0.614,-2.607
10142952,1445,1874,1842,-0.7312,-0.4136,0.5743,-10.786,2.999,-8.774
10142962,1664,1950,1830,-0.7400,-0.5181,0.5462,-10.889,4.926,-12.954
10142972,1445,2017,1902,-0.7508,-0.5803,0.5240,-8.695,5.897,-14.004
10142982,1832,1871,1831,-0.7624,-0.6169,0.4898,-4.465,6.854,-12.683
10142992,1417,1880,1860,-0.7708,-0.6157,0.4619,0.155,6.859,-9.705
10143002,2076,1927,1835,-0.7782,-0.5890,0.4499,4.333,5.512,-5.953
10143012,1513,2003,1868,-0.7782,-0.5540,0.4624,7.363,3.067,-2.560
10143022,1446,1889,1838,-0.7738,-0.5161,0.4960,9.018,0.092,0.111
10143032,1432,1965,1836,-0.7684,-0.4904,0.5044,9.825,-1.634,1.797
10143042,2708,1913,1858,-0.7605,-0.4828,0.5068,10.195,-2.246,2.471
10143052,2591,1899,1835,-0.7498,-0.4819,0.5335,10.277,-3.193,2.686
10143062,1562,2070,1883,-0.7478,-0.4902,0.5464,10.495,-3.550,2.606
10143072,1364,1880,1916,-0.7585,-0.4992,0.5370,11.372,-2.798,2.384
10143082,2885,1940,1844,-0.7807,-0.5025,0.5179,13.144,-1.957,2.253
10143092,1670,1890,1833,-0.8026,-0.4887,0.4562,16.464,-1.303,2.036
10143102,1620,2405,1910,-0.8220,-0.4328,0.4623,23.081,-1.703,2.418
10143112,1659,1897,1847,-0.7938,-0.3717,0.5909,29.392,-5.201,3.108
10143122,897,1967,1880,-0.7654,-0.2911,0.6612,31.228,-6.594,3.702
10143132,990,1986,1882,-0.7490,-0.2453,0.6695,29.120,-3.353,3.238
10143142,996,1877,1853,-0.7431,-0.2874,0.6508,19.019,0.530,-1.662
10143152,1054,1901,1835,-0.7513,-0.3438,0.6019,11.589,5.478,-6.129
10143162,1165,1887,1833,-0.7572,-0.4062,0.6001,6.350,7.780,-9.180
10143172,941,1874,1846,-0.7589,-0.4645,0.5830,3.291,8.904,-10.597
10143182,2546,2090,1846,-0.7601,-0.4997,0.5399,2.353,10.414,-10.400
10143192,981,1922,1857,-0.7643,-0.5126,0.5088,2.837,11.118,-9.103
10143202,1109,1905,1846,-0.7780,-0.5260,0.4694,4.045,11.153,-7.658
10143212,996,1863,1995,-0.7964,-0.5378,0.4273,5.852,10.544,-6.247
10143222,1070,1864,2097,-0.8098,-0.5481,0.4202,7.766,7.938,-4.537
10143232,1011,1965,1875,-0.8147,-0.5496,0.4314,9.300,3.819,-2.303
10143242,1184,1890,1957,-0.8153,-0.5340,0.4414,10.221,-0.164,0.625
10143252,1291,1872,1829,-0.8094,-0.4949,0.4820,9.417,-4.292,4.129
10143262,1002,1865,1866,-0.7973,-0.4452,0.5445,6.376,-8.563,7.668
10143272,1256,1876,1873,-0.7834,-0.4032,0.5879,1.559,-11.288,10.339
10143282,1048,1895,1839,-0.7706,-0.3924,0.6061,-4.724,-12.493,11.610
10143292,1434,1873,1859,-0.7517,-0.4060,0.5912,-11.694,-12.688,11.765
10143302,1639,1873,1846,-0.7664,-0.3668,0.5960,-18.147,-12.443,12.535
10143312,925,1934,1846,-0.7638,-0.3058,0.6176,-23.489,-11.996,12.549
10143322,961,1884,1833,-0.7487,-0.2329,0.6455,-26.531,-11.353,10.731
10143332,954,1883,1834,-0.7349,-0.2248,0.6443,-26.877,-8.893,5.827
10143342,1207,1871,1927,-0.7216,-0.2827,0.6647,-27.521,-6.718,-1.915
10143352,1215,1934,1864,-0.7161,-0.3695,0.6455,-27.167,-3.870,-9.270
10143362,1065,1919,1829,-0.7243,-0.4733,0.5879,-25.389,0.364,-14.400
10143372,1162,1884,1876,-0.7317,-0.5536,0.5647,-23.161,3.035,-16.508
10143382,1047,1884,1833,-0.7401,-0.6016,0.5323,-19.903,4.767,-15.913
10143392,1127,1867,1844,-0.7509,-0.6284,0.4864,-15.342,6.428,-14.025
10143402,1022,1875,1837,-0.7602,-0.6471,0.4606,-10.422,6.572,-11.689
10143412,1210,1865,1837,-0.7715,-0.6525,0.4408,-5.639,5.594,-9.112
10143422,1721,1924,1847,-0.7789,-0.6329,0.4396,-1.147,3.663,-5.868
10143432,1234,1919,1879,-0.7787,-0.5890,0.4617,2.436,0.714,-2.239
10143442,1100,1866,1836,-0.7749,-0.5333,0.4843,5.200,-2.089,0.978
10143452,1943,2029,1870,-0.7697,-0.4903,0.4932,7.091,-3.998,2.935
10143462,1149,1878,1836,-0.7659,-0.4678,0.5035,7.881,-5.347,3.484
10143472,1277,1878,2033,-0.7591,-0.4644,0.5120,7.625,-6.581,3.108
10143482,3699,2145,1875,-0.7498,-0.4821,0.5272,6.751,-7.874,2.233
10143492,1568,1991,1848,-0.7418,-0.5157,0.5428,5.544,-9.233,1.400
10143502,2119,1863,1843,-0.7444,-0.5546,0.5284,4.984,-9.751,1.050
10143512,1004,1870,1855,-0.7455,-0.5876,0.5138,5.983,-10.217,1.370
10143522,1642,1962,1886,-0.7632,-0.5459,0.5083,9.128,-11.617,2.694
10143532,1065,1943,1930,-0.7577,-0.4679,0.5519,16.036,-12.858,4.296
10143542,1530,1888,1835,-0.7332,-0.4077,0.6182,22.043,-13.874,4.627
10143552,1067,1886,1841,-0.7124,-0.3505,0.6717,25.452,-12.967,4.532
10143562,1007,1914,1857,-0.6979,-0.3122,0.7241,24.199,-10.512,3.765
10143572,1042,1896,1862,-0.6826,-0.3006,0.7390,18.344,-6.926,2.232
10143582,1042,1867,1844,-0.6841,-0.3233,0.7380,9.734,-2.848,-0.401
10143592,1059,1862,1846,-0.6950,-0.3463,0.7178,1.446,0.870,-2.858
10143602,995,1874,1837,-0.7141,-0.3843,0.6586,-4.665,4.757,-5.099
10143612,1015,1920,1840,-0.7298,-0.4323,0.6106,-8.385,7.148,-7.056
10143622,959,1955,1834,-0.7398,-0.4766,0.5785,-9.915,7.692,-8.169
10143632,989,1866,1837,-0.7459,-0.5069,0.5448,-9.613,7.566,-8.281
10143642,950,1871,1837,-0.7528,-0.5323,0.5154,-8.044,6.890,-7.779
10143652,955,1865,1852,-0.7617,-0.5530,0.4914,-5.483,5.744,-7.001
10143662,968,1865,1852,-0.7697,-0.5639,0.4755,-2.048,4.106,-5.826
10143672,1019,1866,1848,-0.7747,-0.5645,0.4750,1.533,1.739,-4.293
10143682,947,1876,1853,-0.7764,-0.5517,0.4776,4.719,-0.934,-2.465
10143692,1011,1872,1846,-0.7748,-0.5308,0.4857,6.952,-3.641,-0.578
10143702,1038,1889,1837,-0.7692,-0.5054,0.5087,7.826,-6.555,1.229
10143712,1495,1871,1845,-0.7617,-0.4818,0.5296,7.456,-9.114,2.736
10143722,1188,1873,1833,-0.7534,-0.4653,0.5484,6.063,-11.013,3.818
10143732,1006,1873,1848,-0.7463,-0.4543,0.5683,3.888,-12.416,4.518
10143742,1099,1864,1838,-0.7404,-0.4445,0.5781,1.519,-13.105,4.867
10143752,974,1866,1842,-0.7362,-0.4421,0.5848,-0.628,-13.293,4.777
10143762,1074,1868,1839,-0.7319,-0.4405,0.5977,-2.332,-13.406,4.329
10143772,1328,1926,1855,-0.7258,-0.4317,0.6126,-3.364,-13.347,3.726
10143782,1182,1864,1836,-0.7197,-0.4207,0.6272,-3.785,-12.910,2.887
10143792,1077,1886,1847,-0.7117,-0.4112,0.6402,-3.781,-12.086,1.620
10143802,1052,1884,1846,-0.7038,-0.4043,0.6506,-3.415,-10.824,-0.118
10143812,1222,1884,1848,-0.6974,-0.4008,0.6577,-2.719,-9.236,-2.247
10143822,1024,1867,1837,-0.6915,-0.4022,0.6659,-1.719,-7.510,-4.694
10143832,1235,1919,1839,-0.6861,-0.4061,0.6759,-0.370,-5.661,-7.321
10143842,958,1865,1836,-0.6809,-0.4103,0.6801,1.341,-3.585,-10.062
10143852,1094,1868,1852,-0.6768,-0.4169,0.6823,3.373,-1.318,-12.946
10143862,1198,1868,1832,-0.6731,-0.4228,0.6797,5.693,1.053,-15.984
10143872,1022,1863,1835,-0.6701,-0.4308,0.6753,8.311,3.418,-19.210
10143882,972,1864,1834,-0.6656,-0.4370,0.6692,11.274,5.572,-22.594
10143892,1020,1879,1862,-0.6599,-0.4444,0.6587,14.698,7.491,-26.181
10143902,1206,1865,1837,-0.6533,-0.4523,0.6547,18.532,9.029,-29.967
10143912,1105,1866,1843,-0.6504,-0.4594,0.6578,22.649,10.138,-33.870
10143922,965,1867,1839,-0.6484,-0.4654,0.6545,27.136,11.260,-37.910
10143932,1067,1866,1844,-0.6462,-0.4704,0.6543,31.980,12.181,-41.969
10143942,1107,1870,1834,-0.6424,-0.4735,0.6573,37.122,12.829,-46.065
10143952,1308,1866,1841,-0.6403,-0.4786,0.6589,42.753,13.524,-50.185
10143962,1260,1872,1836,-0.6355,-0.4823,0.6662,48.755,14.068,-54.282
10143972,1064,1904,1837,-0.6316,-0.4785,0.6714,55.354,14.731,-58.194
10143982,1482,1903,1838,-0.6275,-0.4717,0.6824,62.443,15.640,-62.079
10143992,977,1878,1848,-0.6272,-0.4518,0.6952,69.821,16.748,-66.048
10144002,980,1878,1838,-0.6288,-0.4330,0.6994,77.639,18.544,-70.478
10144012,1047,1882,1840,-0.6408,-0.4186,0.7172,85.500,20.385,-75.468
10144022,1134,1903,1836,-0.6455,-0.3979,0.7230,93.465,22.255,-80.495
10144032,986,1913,1843,-0.6465,-0.3980,0.7139,101.148,24.374,-86.313
10144042,1068,1891,1841,-0.6412,-0.3984,0.7182,108.033,25.468,-92.199
10144052,1199,1880,1846,-0.6359,-0.4058,0.7218,114.152,25.962,-97.674
10144062,986,1892,1838,-0.6295,-0.4065,0.7302,119.289,26.033,-102.514
10144072,1068,1910,1853,-0.6210,-0.4119,0.7336,123.322,25.928,-106.654
10144082,1091,1875,1844,-0.6071,-0.4270,0.7313,126.222,25.790,-110.235
10144092,1092,1882,1839,-0.5943,-0.4466,0.7376,127.920,25.354,-113.153
10144102,1009,1874,1838,-0.5801,-0.4625,0.7504,128.433,24.672,-115.241
10144112,1061,1868,1838,-0.5692,-0.4717,0.7507,127.914,24.303,-116.799
10144122,1665,1959,1838,-0.5561,-0.4713,0.7575,126.581,23.804,-117.836
10144132,979,1867,1836,-0.5383,-0.4703,0.7699,124.281,22.983,-118.548
10144142,979,1886,1846,-0.5218,-0.4665,0.7651,121.453,22.656,-119.213
10144152,989,1883,1840,-0.5090,-0.4725,0.7540,118.441,22.520,-119.956
10144162,1137,1893,1837,-0.4952,-0.4828,0.7457,114.656,21.708,-120.600
10144172,1166,1934,1848,-0.4797,-0.5015,0.7485,109.993,20.007,-120.995
10144182,1053,1871,1838,-0.4602,-0.5225,0.7550,104.546,18.075,-120.918
10144192,1083,1867,1839,-0.4419,-0.5386,0.7634,98.569,16.135,-120.017
10144202,988,1863,1838,-0.4264,-0.5416,0.7869,91.943,14.130,-118.398
10144212,1236,1871,1840,-0.4124,-0.5411,0.7989,85.032,12.619,-116.396
10144222,988,1886,1838,-0.3996,-0.5457,0.8018,78.417,12.019,-114.450
10144232,1059,1908,1839,-0.3863,-0.5431,0.8196,71.617,11.202,-112.420
10144242,1006,1884,1840,-0.3777,-0.5420,0.8166,65.612,11.089,-110.554
10144252,1020,1906,1838,-0.3735,-0.5526,0.8060,60.782,11.665,-109.432
10144262,1057,1895,1842,-0.3634,-0.5673,0.7968,57.304,11.979,-108.735
10144272,1018,1939,1854,-0.3509,-0.5941,0.7796,54.986,12.264,-108.414
10144282,1037,1865,1902,-0.3428,-0.6212,0.7713,53.697,12.129,-108.102
10144292,1000,1879,1877,-0.3357,-0.6341,0.7772,53.471,11.414,-107.172
10144302,1032,1868,1840,-0.3378,-0.6285,0.7835,54.389,10.721,-105.658
10144312,1046,1897,1843,-0.3411,-0.6215,0.7982,56.277,10.147,-104.146
10144322,1020,1872,1893,-0.3466,-0.6235,0.8028,59.047,9.925,-103.134
10144332,1104,1960,1846,-0.3436,-0.6364,0.8116,62.901,9.884,-102.486
10144342,1851,2002,1849,-0.3391,-0.6556,0.8149,67.213,9.648,-101.911
10144352,1156,1872,1847,-0.3406,-0.6659,0.7963,72.759,9.899,-100.991
10144362,1314,1923,1837,-0.3394,-0.6638,0.7835,79.312,9.384,-99.854
10144372,999,1943,1851,-0.3181,-0.6778,0.7715,86.753,8.060,-98.992
10144382,1075,1870,1852,-0.3239,-0.6481,0.7493,94.348,6.136,-98.167
10144392,1050,1873,1842,-0.3297,-0.6251,0.7406,103.429,4.017,-96.874
10144402,1514,1864,1842,-0.3328,-0.6169,0.7580,111.367,0.996,-96.640
10144412,1004,1890,1842,-0.3267,-0.5956,0.7708,119.122,-2.050,-96.109
10144422,1082,1918,1839,-0.3214,-0.5793,0.7942,125.512,-5.163,-95.435
10144432,1407,2016,1840,-0.3133,-0.5632,0.8158,130.537,-8.191,-94.382
10144442,1149,1864,1840,-0.3029,-0.5479,0.8499,133.263,-11.397,-92.727
10144452,1039,1918,1845,-0.2876,-0.5280,0.8824,133.597,-14.631,-90.369
10144462,1006,1905,1839,-0.2741,-0.5059,0.9198,131.341,-17.766,-87.436
10144472,1090,1909,1872,-0.2624,-0.4837,0.9472,126.982,-20.585,-84.144
10144482,1007,1948,1842,-0.2526,-0.4637,0.9731,121.000,-23.098,-80.862
10144492,1213,2001,1852,-0.2432,-0.4506,0.9961,113.842,-25.388,-77.722
10144502,1009,1871,1839,-0.2367,-0.4394,1.0080,105.760,-27.258,-74.696
10144512,1108,1907,1855,-0.2356,-0.4236,1.0144,97.481,-28.803,-71.670
10144522,1297,1899,1838,-0.2293,-0.4091,1.0208,89.430,-30.256,-68.753
10144532,1038,1872,1842,-0.2218,-0.4003,1.0329,81.827,-31.674,-66.129
10144542,1012,1864,1843,-0.2147,-0.3883,1.0456,74.632,-32.869,-63.589
10144552,1010,1905,1838,-0.2086,-0.3774,1.0522,67.653,-33.520,-60.984
10144562,1485,1921,1846,-0.1986,-0.3732,1.0663,60.829,-34.109,-58.520
10144572,1052,1945,1848,-0.1873,-0.3734,1.0706,54.249,-34.443,-56.130
10144582,1130,1872,1837,-0.1825,-0.3632,1.0813,48.079,-34.653,-53.643
10144592,1197,1870,1847,-0.1757,-0.3616,1.0831,42.508,-34.717,-51.251
10144602,1546,1894,1863,-0.1673,-0.3651,1.0910,37.337,-34.758,-49.254
10144612,1042,1916,1846,-0.1562,-0.3706,1.0971,32.787,-34.904,-47.310
10144622,1125,1871,1844,-0.1482,-0.3749,1.0971,28.755,-34.781,-45.237
10144632,1116,1908,1847,-0.1406,-0.3773,1.1058,25.251,-34.810,-43.017
10144642,1237,1891,1845,-0.1326,-0.3808,1.1028,22.189,-34.697,-40.828
10144652,1027,1895,1837,-0.1255,-0.3816,1.1039,19.542,-34.645,-38.740
10144662,1020,1871,1839,-0.1204,-0.3771,1.1022,17.495,-34.534,-36.752
10144672,1324,1882,1841,-0.1147,-0.3721,1.1047,16.018,-34.486,-34.936
10144682,1061,1866,1861,-0.1087,-0.3703,1.1047,15.063,-34.502,-33.318
10144692,1081,1866,1851,-0.1014,-0.3662,1.1088,14.587,-34.415,-31.783
10144702,1055,1936,1839,-0.0951,-0.3621,1.1168,14.438,-34.456,-30.258
10144712,1051,1869,1845,-0.0901,-0.3561,1.1174,14.663,-34.088,-28.662
10144722,1029,1886,1839,-0.0845,-0.3505,1.1258,15.040,-33.786,-27.073
10144732,1037,1867,1837,-0.0792,-0.3450,1.1279,15.460,-33.442,-25.597
10144742,1057,1897,1844,-0.0729,-0.3379,1.1324,15.923,-32.950,-24.217
10144752,1023,1954,1845,-0.0649,-0.3303,1.1403,16.344,-32.537,-22.921
10144762,1363,1877,1859,-0.0587,-0.3206,1.1451,16.456,-31.902,-21.708
10144772,1386,1967,1853,-0.0526,-0.3112,1.1511,16.112,-31.199,-20.570
10144782,1067,1880,1842,-0.0465,-0.3024,1.1511,15.323,-30.452,-19.509
10144792,1068,1909,1841,-0.0405,-0.2969,1.1484,14.059,-29.686,-18.555
10144802,1039,1870,1846,-0.0358,-0.2942,1.1474,12.373,-29.062,-17.753
10144812,1104,1864,1839,-0.0292,-0.2934,1.1457,10.345,-28.489,-17.106
10144822,1058,1869,1851,-0.0230,-0.2927,1.1467,8.027,-28.065,-16.505
10144832,1196,1952,1845,-0.0146,-0.2946,1.1474,5.497,-27.682,-15.932
10144842,1045,1873,1852,-0.0059,-0.2990,1.1489,2.721,-27.370,-15.356
10144852,1041,1894,1837,0.0003,-0.3034,1.1462,-0.169,-27.001,-14.729
10144862,1063,1868,1854,0.0057,-0.3087,1.1422,-2.912,-26.657,-14.057
10144872,1161,1898,1838,0.0125,-0.3164,1.1346,-5.228,-26.386,-13.256
10144882,1058,1877,1839,0.0194,-0.3255,1.1294,-6.925,-26.273,-12.434
10144892,1050,1864,1840,0.0254,-0.3316,1.1239,-7.989,-26.177,-11.527
10144902,1125,1857,1855,0.0318,-0.3376,1.1225,-8.522,-26.107,-10.585
10144912,1141,1938,1849,0.0375,-0.3382,1.1215,-8.568,-25.940,-9.665
10144922,1056,1915,1840,0.0445,-0.3397,1.1232,-8.127,-25.671,-8.873
10144932,1094,1887,1838,0.0514,-0.3395,1.1237,-7.371,-25.259,-8.206
10144942,1086,1873,1839,0.0564,-0.3370,1.1230,-6.227,-24.600,-7.612
10144952,1067,1868,1857,0.0633,-0.3347,1.1221,-4.660,-23.817,-7.130
10144962,1049,1864,1920,0.0693,-0.3304,1.1294,-2.909,-23.033,-6.788
10144972,1070,1892,1844,0.0780,-0.3270,1.1375,-1.137,-22.071,-6.536
10144982,1300,1889,1843,0.0842,-0.3154,1.1502,0.030,-20.981,-6.173
10144992,1061,1906,1857,0.0888,-0.3076,1.1467,0.459,-19.436,-5.675
10145002,1052,1871,1907,0.0913,-0.3045,1.1457,0.021,-17.973,-5.253
10145012,1052,1870,2337,0.0995,-0.2786,1.1434,-1.001,-16.755,-4.975
10145022,1067,1864,1956,0.1153,-0.2832,1.1592,-1.603,-15.878,-5.484
10145032,1056,1905,1958,0.1117,-0.3293,1.1593,-1.385,-13.977,-7.107
10145042,1053,1874,1850,0.1073,-0.3277,1.1452,1.473,-11.003,-7.400
10145052,1054,1878,1895,0.1025,-0.3182,1.1598,4.576,-9.374,-6.728
10145062,1055,1873,1899,0.0967,-0.3163,1.1394,6.842,-7.423,-6.314
10145072,1072,1892,1842,0.0914,-0.3035,1.1345,8.239,-5.877,-5.955
10145082,1061,1866,2032,0.0837,-0.2915,1.1271,9.035,-4.928,-5.631
10145092,1063,1895,1927,0.0784,-0.2892,1.1214,9.151,-4.164,-5.503
10145102,1090,1871,1843,0.0775,-0.2933,1.1201,8.713,-3.944,-5.430
10145112,1068,1889,1840,0.0764,-0.2978,1.1155,7.910,-3.897,-5.315
10145122,1081,1933,2272,0.0777,-0.3017,1.1155,7.052,-4.096,-5.171
10145132,1063,1893,1859,0.0825,-0.3042,1.1183,6.394,-4.336,-5.033
10145142,1070,1865,1839,0.0852,-0.3065,1.1239,6.058,-4.543,-4.920
10145152,1087,1904,1872,0.0862,-0.3069,1.1222,6.110,-4.449,-4.749
10145162,1075,1863,1854,0.0854,-0.3010,1.1191,6.583,-4.173,-4.429
10145172,1066,1883,1839,0.0855,-0.2938,1.1194,7.153,-4.089,-4.099
10145182,1072,1870,1925,0.0846,-0.2862,1.1141,7.580,-3.933,-3.851
10145192,1089,1905,1916,0.0857,-0.2768,1.1117,7.688,-3.868,-3.696
10145202,1075,1861,1995,0.0860,-0.2682,1.1086,7.430,-3.856,-3.682
10145212,1069,1903,2031,0.0878,-0.2654,1.1093,6.768,-3.916,-3.860
10145222,1088,1863,2096,0.0899,-0.2662,1.1084,5.907,-3.916,-4.062
10145232,1076,1896,1843,0.0929,-0.2688,1.1107,5.117,-3.905,-4.169
10145242,1074,1864,1867,0.0945,-0.2717,1.1117,4.502,-3.813,-4.190
10145252,1079,1903,1839,0.0958,-0.2741,1.1107,4.091,-3.528,-4.120
10145262,1076,1862,1839,0.0952,-0.2733,1.1093,3.906,-3.253,-4.014
10145272,1109,1876,2487,0.0949,-0.2715,1.1055,3.825,-3.006,-3.945
10145282,1080,1866,2200,0.0957,-0.2706,1.1018,3.720,-2.890,-3.970
10145292,1079,1896,1883,0.0963,-0.2713,1.1012,3.597,-2.890,-4.034
10145302,1076,1866,1913,0.0978,-0.2709,1.1018,3.405,-2.982,-4.084
10145312,1090,1896,1848,0.0972,-0.2731,1.1032,3.163,-3.055,-4.088
10145322,1081,1867,2428,0.0975,-0.2716,1.1025,2.898,-3.094,-3.987
10145332,1103,1909,1840,0.0984,-0.2675,1.1040,2.568,-3.183,-3.791
10145342,1084,1863,1856,0.1007,-0.2674,1.1071,2.089,-3.319,-3.717
10145352,1170,1887,1881,0.1016,-0.2686,1.1072,1.744,-3.300,-3.659
10145362,1078,1865,1865,0.1009,-0.2672,1.1086,1.614,-3.243,-3.468
10145372,1135,1895,1881,0.1002,-0.2646,1.1081,1.510,-3.142,-3.208
10145382,1109,1864,1888,0.0991,-0.2639,1.1081,1.441,-3.041,-2.943
10145392,1080,1870,1873,0.0991,-0.2625,1.1077,1.345,-3.017,-2.730
10145402,1081,1867,1980,0.0991,-0.2629,1.1104,1.267,-3.036,-2.541
10145412,1088,1871,1910,0.0985,-0.2612,1.1097,1.241,-3.015,-2.322
10145422,1083,1871,1988,0.0974,-0.2618,1.1129,1.320,-3.019,-2.103
10145432,1092,1906,1838,0.0989,-0.2623,1.1129,1.503,-3.044,-1.910
10145442,1092,1869,1942,0.0999,-0.2625,1.1154,1.783,-3.096,-1.649
10145452,1102,1893,1851,0.0988,-0.2618,1.1158,2.050,-3.136,-1.305
10145462,1085,1875,2037,0.0989,-0.2595,1.1125,2.214,-3.065,-0.930
10145472,1105,1893,1860,0.1002,-0.2573,1.1131,2.253,-3.163,-0.565
10145482,1116,1883,1874,0.1010,-0.2561,1.1128,2.157,-3.277,-0.234
10145492,1135,1939,1983,0.1015,-0.2542,1.1130,2.021,-3.364,0.069
10145502,1098,1865,1974,0.1009,-0.2541,1.1119,1.748,-3.425,0.346
10145512,1102,1875,1848,0.1011,-0.2542,1.1104,1.443,-3.499,0.635
10145522,1096,1866,1899,0.1019,-0.2549,1.1107,1.145,-3.647,0.931
10145532,1102,1871,1852,0.1021,-0.2550,1.1107,0.949,-3.779,1.200
10145542,1081,1899,1889,0.1032,-0.2543,1.1120,0.981,-3.943,1.427
10145552,1114,1906,2028,0.1041,-0.2540,1.1106,1.207,-4.062,1.607
10145562,1101,1864,1934,0.1050,-0.2523,1.1103,1.524,-4.127,1.736
10145572,1133,1899,2757,0.1061,-0.2496,1.1097,1.825,-4.121,1.824
10145582,1095,1863,1925,0.1062,-0.2477,1.1097,1.960,-4.107,1.902
10145592,1115,1886,1849,0.1072,-0.2475,1.1108,1.859,-4.123,1.992
10145602,1098,1862,1967,0.1071,-0.2480,1.1098,1.520,-4.126,2.073
10145612,1107,1866,2255,0.1073,-0.2501,1.1089,1.081,-4.134,2.115
10145622,1102,1874,2021,0.1076,-0.2521,1.1079,0.661,-4.119,2.125
10145632,1133,1903,1901,0.1085,-0.2552,1.1087,0.362,-4.137,2.152
10145642,1099,1883,1958,0.1092,-0.2569,1.1072,0.179,-4.085,2.223
10145652,1116,1883,1917,0.1093,-0.2567,1.1066,0.129,-4.011,2.314
10145662,1105,1864,1890,0.1106,-0.2585,1.1069,0.185,-3.963,2.366
10145672,1125,1889,1846,0.1107,-0.2598,1.1054,0.284,-3.910,2.376
10145682,1104,1919,2223,0.1108,-0.2600,1.1044,0.406,-3.877,2.390
10145692,1123,1912,2029,0.1110,-0.2599,1.1047,0.516,-3.906,2.449
10145702,1110,1864,1836,0.1112,-0.2596,1.1073,0.618,-3.967,2.553
10145712,1110,1874,1876,0.1109,-0.2601,1.1073,0.699,-4.007,2.717
10145722,1104,1865,1876,0.1120,-0.2553,1.1070,0.824,-4.002,2.968
10145732,1121,1905,1884,0.1128,-0.2526,1.1126,0.842,-4.186,3.170
10145742,1107,1869,2125,0.1133,-0.2527,1.1085,0.885,-4.159,3.256
10145752,1129,1903,1889,0.1110,-0.2544,1.1095,0.791,-4.131,3.298
10145762,1107,1877,1849,0.1103,-0.2570,1.1089,0.568,-4.213,3.388
10145772,1142,1917,1874,0.1104,-0.2599,1.1091,0.265,-4.275,3.556
10145782,1112,1863,1890,0.1112,-0.2598,1.1102,0.089,-4.379,3.836
10145792,1148,1902,1848,0.1112,-0.2606,1.1112,0.084,-4.457,4.159
10145802,1133,1891,2290,0.1108,-0.2618,1.1125,0.267,-4.496,4.446
10145812,1122,1887,1885,0.1101,-0.2629,1.1109,0.582,-4.474,4.693
10145822,1113,1869,2230,0.1107,-0.2637,1.1111,0.929,-4.471,4.936
10145832,1125,1873,1835,0.1140,-0.2607,1.1060,1.378,-4.417,5.246
10145842,1116,1866,1896,0.1161,-0.2582,1.1097,1.749,-4.474,5.565
10145852,1136,1889,1921,0.1162,-0.2565,1.1087,2.075,-4.453,5.803
10145862,1114,1883,1982,0.1176,-0.2565,1.1067,2.340,-4.245,5.997
10145872,1147,1891,1856,0.1151,-0.2560,1.1113,2.572,-4.211,6.220
10145882,1115,1873,1863,0.1160,-0.2568,1.1074,2.576,-4.188,6.475
10145892,1146,1907,2096,0.1189,-0.2532,1.0994,2.822,-3.994,6.838
10145902,1120,1875,2247,0.1174,-0.2497,1.1087,2.932,-4.175,7.136
10145912,1142,1881,2098,0.1170,-0.2506,1.1029,3.038,-4.088,7.294
10145922,1261,1867,1894,0.1174,-0.2507,1.1069,3.121,-4.071,7.435
10145932,1153,1914,1865,0.1159,-0.2528,1.1132,2.947,-4.286,7.556
10145942,1125,1866,1841,0.1153,-0.2517,1.1090,2.761,-4.161,7.739
10145952,1159,1881,1833,0.1161,-0.2484,1.1148,2.509,-4.330,7.952
10145962,1130,1862,2130,0.1191,-0.2460,1.1064,2.347,-4.355,8.059
10145972,1130,1879,1857,0.1186,-0.2461,1.1076,2.219,-4.375,8.044
10145982,1127,1863,2237,0.1181,-0.2483,1.1053,2.150,-4.413,7.957
10145992,1146,1871,1891,0.1191,-0.2494,1.1065,2.029,-4.363,7.913
10146002,1123,1870,1855,0.1213,-0.2468,1.1089,1.808,-4.512,7.976
10146012,1135,1881,1981,0.1215,-0.2448,1.1103,1.487,-4.555,8.017
10146022,1127,1865,2067,0.1216,-0.2455,1.1102,1.182,-4.531,7.974
10146032,1168,1879,2222,0.1208,-0.2487,1.1080,0.863,-4.354,7.886
10146042,1128,1866,1836,0.1192,-0.2532,1.1096,0.487,-4.258,7.851
10146052,1149,1890,1941,0.1177,-0.2576,1.1095,0.150,-4.121,7.945
10146062,1132,1864,1833,0.1140,-0.2603,1.1106,0.020,-3.916,8.205
10146072,1131,1886,1938,0.1242,-0.2571,1.1017,0.123,-3.754,8.590
10146082,1133,1872,1956,0.1230,-0.2549,1.1086,0.455,-3.633,8.925
10146092,1168,1929,1957,0.1235,-0.2574,1.1054,0.836,-3.393,9.093
10146102,1136,1865,1897,0.1226,-0.2606,1.1019,1.326,-2.816,9.280
10146112,1238,1884,1859,0.1199,-0.2594,1.1050,1.845,-2.625,9.666
10146122,1134,1868,2159,0.1225,-0.2583,1.1018,2.135,-2.312,10.145
10146132,1145,1871,1921,0.1213,-0.2567,1.1032,2.579,-1.869,10.731
10146142,1135,1871,1855,0.1222,-0.2521,1.1009,3.012,-1.400,11.385
10146152,1154,1882,1870,0.1239,-0.2474,1.1004,3.518,-0.874,12.053
10146162,1136,1878,2065,0.1232,-0.2424,1.1042,3.870,-0.515,12.587
10146172,1183,1937,2223,0.1223,-0.2405,1.1010,4.005,0.002,12.931
10146182,1137,1867,1965,0.1220,-0.2371,1.0985,4.052,0.538,13.111
10146192,1149,1868,1851,0.1220,-0.2324,1.1025,3.685,0.709,13.090
10146202,1137,1871,1837,0.1210,-0.2306,1.1000,3.019,0.978,12.811
10146212,1143,1876,2107,0.1189,-0.2335,1.1041,1.990,1.107,12.295
10146222,1217,1879,1941,0.1185,-0.2370,1.0975,0.793,1.281,11.717
10146232,1160,1875,2066,0.1176,-0.2341,1.1048,-0.659,1.204,11.169
10146242,1156,1884,1891,0.1161,-0.2360,1.1069,-2.130,1.112,10.497
10146252,1152,1885,2046,0.1153,-0.2425,1.1068,-3.439,1.333,9.671
10146262,1220,1871,1906,0.1128,-0.2503,1.1077,-4.498,1.557,8.811
10146272,1223,1914,1874,0.1103,-0.2565,1.1074,-5.390,1.797,7.968
10146282,1143,1867,2019,0.1074,-0.2624,1.1080,-6.113,2.053,7.132
10146292,1168,1912,1865,0.1039,-0.2675,1.1079,-6.556,2.287,6.289
10146302,1180,1870,1932,0.1012,-0.2691,1.1100,-6.559,2.493,5.455
10146312,1164,1871,1836,0.0994,-0.2719,1.1111,-6.176,2.662,4.593
10146322,1152,1878,1955,0.0950,-0.2789,1.1163,-5.482,2.823,3.731
10146332,1166,1863,2365,0.0927,-0.2776,1.1121,-4.553,3.048,3.003
10146342,1154,1861,1834,0.0911,-0.2753,1.1146,-3.614,2.809,2.351
10146352,1159,1863,2110,0.0879,-0.2727,1.1084,-2.638,2.525,1.621
10146362,1151,1864,1883,0.0861,-0.2686,1.1057,-1.759,1.956,0.856
10146372,1152,1865,2387,0.0832,-0.2618,1.1061,-0.980,0.937,0.069
10146382,1176,1874,1836,0.0811,-0.2538,1.1068,-0.565,-0.362,-0.726
10146392,1192,1866,2140,0.0790,-0.2472,1.1079,-0.624,-2.006,-1.564
10146402,1152,1872,1865,0.0774,-0.2410,1.1095,-1.223,-3.991,-2.435
10146412,1174,1899,2046,0.0773,-0.2387,1.1131,-2.452,-6.311,-3.383
10146422,1164,1862,1828,0.0811,-0.2343,1.1173,-4.259,-9.006,-4.436
10146432,1155,1900,1826,0.0881,-0.2336,1.1165,-6.423,-11.778,-5.709
10146442,1157,1911,2371,0.0998,-0.2463,1.1254,-8.654,-14.926,-7.467
10146452,1181,1863,2218,0.0987,-0.2698,1.1101,-11.024,-17.359,-9.292
10146462,1193,1867,1834,0.1011,-0.2703,1.1112,-12.509,-19.671,-10.165
10146472,1200,1951,2297,0.1033,-0.2799,1.1107,-13.806,-22.233,-10.445
10146482,1181,2015,2204,0.1112,-0.2794,1.1024,-14.803,-24.314,-10.353
10146492,1174,1902,1965,0.1208,-0.2739,1.1084,-16.206,-26.640,-10.128
10146502,1161,1875,1851,0.1288,-0.2697,1.1052,-18.124,-28.736,-10.017
10146512,1191,1891,1825,0.1399,-0.2716,1.1026,-20.398,-30.500,-10.035
10146522,1161,1867,1930,0.1496,-0.2716,1.0959,-22.470,-31.977,-9.938
10146532,1213,1895,2123,0.1559,-0.2738,1.0931,-24.594,-33.118,-9.683
10146542,1170,1862,1830,0.1651,-0.2781,1.0879,-26.808,-33.970,-9.316
10146552,1165,1882,2627,0.1709,-0.2838,1.0877,-29.215,-34.613,-8.954
10146562,1162,1864,2072,0.1782,-0.2920,1.0866,-31.414,-35.021,-8.662
10146572,1220,1883,1868,0.1776,-0.2895,1.0786,-32.995,-34.778,-8.478
10146582,1168,1868,1893,0.1891,-0.3185,1.0728,-33.248,-34.234,-8.970
10146592,1226,1870,1912,0.2029,-0.3410,1.0683,-32.694,-33.669,-9.257
10146602,1245,1917,2153,0.2151,-0.3538,1.0729,-31.944,-33.233,-9.290
10146612,1214,1896,1906,0.2218,-0.3629,1.0708,-30.855,-32.390,-9.204
10146622,1196,1877,1967,0.2285,-0.3640,1.0663,-29.739,-31.429,-9.070
10146632,1192,1881,1843,0.2279,-0.3712,1.0617,-28.817,-30.575,-9.047
10146642,1173,1884,1836,0.2338,-0.3797,1.0614,-28.265,-29.950,-9.172
10146652,1232,1923,1916,0.2382,-0.3847,1.0541,-27.521,-29.045,-9.203
10146662,1174,1903,2257,0.2428,-0.3816,1.0543,-26.671,-28.217,-9.034
10146672,1196,1869,1864,0.2481,-0.3774,1.0501,-25.470,-27.179,-8.687
10146682,1172,1906,2034,0.2563,-0.3711,1.0416,-23.830,-25.725,-8.235
10146692,1209,1894,2032,0.2603,-0.3663,1.0364,-21.947,-24.031,-7.652
10146702,1178,1880,1955,0.2665,-0.3601,1.0322,-19.731,-21.948,-6.905
10146712,1202,1916,1975,0.2731,-0.3548,1.0318,-17.520,-19.656,-6.077
10146722,1194,1883,1896,0.2755,-0.3549,1.0341,-15.513,-17.190,-5.306
10146732,1185,1867,1981,0.2733,-0.3560,1.0311,-13.582,-14.281,-4.545
10146742,1173,1920,2215,0.2724,-0.3594,1.0317,-11.457,-11.234,-3.714
10146752,1266,1909,1864,0.2759,-0.3670,1.0304,-9.201,-8.116,-2.956
10146762,1200,1871,1822,0.2788,-0.3800,1.0327,-6.922,-4.891,-2.218
10146772,1279,1914,2429,0.2819,-0.3886,1.0315,-4.598,-1.621,-1.274
10146782,1181,1864,2152,0.2841,-0.3922,1.0251,-2.222,1.876,-0.121
10146792,1308,1921,2043,0.2842,-0.3921,1.0180,0.217,5.462,1.034
10146802,1197,1888,1825,0.2850,-0.3893,1.0162,2.738,8.968,2.072
10146812,1207,1894,2790,0.2839,-0.3884,1.0183,5.073,12.368,2.953
10146822,1258,1873,1864,0.2796,-0.3871,1.0259,7.159,15.589,3.708
10146832,1713,1950,1921,0.2727,-0.3895,1.0402,8.771,18.624,4.295
10146842,1218,1867,1967,0.2666,-0.3970,1.0466,9.993,21.524,4.753
10146852,1286,1909,2403,0.2586,-0.4025,1.0438,11.356,24.463,5.261
10146862,1201,1909,1938,0.2506,-0.4066,1.0438,13.062,27.021,5.811
10146872,1236,1954,2079,0.2416,-0.4015,1.0314,15.483,29.301,6.455
10146882,1245,1893,1954,0.2312,-0.3885,1.0262,18.521,31.044,7.259
10146892,1248,1920,1951,0.2204,-0.3669,1.0221,22.003,32.115,8.100
10146902,1186,1918,2582,0.2090,-0.3507,1.0320,25.128,32.693,8.802
10146912,1217,1952,2071,0.1962,-0.3335,1.0555,27.232,32.350,9.472
10146922,1191,1910,1933,0.1851,-0.3162,1.0768,27.815,31.534,10.048
10146932,1186,1890,1829,0.1789,-0.3004,1.1115,26.833,29.705,10.324
10146942,1214,1894,1979,0.1703,-0.2979,1.1076,24.466,28.194,10.039
10146952,1309,1952,2121,0.1631,-0.2978,1.1030,21.850,26.673,9.505
10146962,1240,1875,1854,0.1572,-0.2929,1.0972,19.391,24.434,8.920
10146972,1277,2017,2215,0.1467,-0.2892,1.1072,16.770,21.524,7.788
10146982,1239,2050,1942,0.1384,-0.2888,1.1153,13.450,18.026,5.500
10146992,1220,1976,1819,0.1321,-0.3025,1.1267,9.021,14.316,1.709
10147002,1190,1870,2002,0.1275,-0.3187,1.1283,4.004,10.310,-3.270
10147012,1206,1864,2087,0.1279,-0.3380,1.1132,-0.827,6.425,-8.871
10147022,1581,1912,1923,0.1228,-0.3555,1.1148,-3.575,2.255,-14.240
10147032,1223,1885,1834,0.1163,-0.3757,1.1285,-5.742,-2.423,-19.079
10147042,1344,1895,1885,0.1084,-0.3808,1.1088,-5.721,-5.941,-22.822
10147052,1247,1876,1825,0.1095,-0.3706,1.1139,-5.038,-10.366,-26.100
10147062,1217,1865,1993,0.0965,-0.3834,1.1289,-4.155,-14.952,-29.821
10147072,1230,1898,2356,0.1095,-0.3715,1.1123,-3.885,-19.156,-33.704
10147082,1234,1861,1867,0.1306,-0.3677,1.1265,-2.663,-23.377,-37.374
10147092,1479,2030,1814,0.1680,-0.3586,1.1334,-0.836,-27.576,-40.879
10147102,1361,2085,1873,0.1854,-0.3585,1.1041,1.599,-29.627,-43.642
10147112,1290,1954,1836,0.2009,-0.3349,1.0835,5.149,-31.266,-44.955
10147122,1355,1893,2984,0.2167,-0.3109,1.0706,8.240,-33.105,-45.589
10147132,1247,1930,2015,0.2319,-0.2991,1.0636,10.796,-34.261,-46.266
10147142,1213,1873,1922,0.2475,-0.2913,1.0575,12.107,-34.869,-46.970
10147152,1327,1899,1923,0.2638,-0.2836,1.0563,13.106,-34.831,-47.266
10147162,1217,1873,1980,0.2808,-0.2806,1.0545,14.186,-34.402,-47.361
10147172,1234,1886,1813,0.2925,-0.2839,1.0547,15.344,-33.187,-47.570
10147182,1305,1874,1889,0.3009,-0.2941,1.0498,16.453,-31.465,-48.038
10147192,1226,1873,1842,0.3068,-0.2993,1.0378,17.302,-29.274,-48.503
10147202,1221,1880,2241,0.3113,-0.2975,1.0276,17.768,-27.122,-48.731
10147212,1310,1991,2470,0.3156,-0.2896,1.0201,17.971,-24.954,-48.580
10147222,1204,1882,2419,0.3171,-0.2796,1.0119,17.965,-22.604,-48.049
10147232,1317,1906,1882,0.3168,-0.2702,1.0098,17.926,-20.225,-47.154
10147242,1206,1867,1858,0.3165,-0.2588,1.0096,18.059,-17.901,-45.918
10147252,1367,1957,1992,0.3186,-0.2478,1.0186,17.895,-15.866,-44.493
10147262,1210,1864,2209,0.3211,-0.2405,1.0287,17.113,-14.016,-42.952
10147272,1230,1893,2004,0.3247,-0.2332,1.0374,15.445,-12.427,-41.192
10147282,1215,1866,1849,0.3286,-0.2180,1.0454,13.017,-11.053,-39.137
10147292,1283,1940,1915,0.3343,-0.2091,1.0518,9.985,-9.712,-36.925
10147302,1252,1911,1844,0.3367,-0.2065,1.0545,6.549,-8.545,-34.668
10147312,1648,2024,1831,0.3390,-0.2086,1.0529,2.988,-7.496,-32.376
10147322,1227,1941,1912,0.3404,-0.2147,1.0470,-0.492,-6.775,-30.122
10147332,1393,1968,2126,0.3400,-0.2195,1.0456,-3.456,-6.388,-27.930
10147342,1251,1905,1979,0.3384,-0.2206,1.0520,-5.903,-6.588,-25.814
10147352,1280,1991,1891,0.3329,-0.2152,1.0572,-7.662,-6.767,-23.766
10147362,1219,1866,2045,0.3289,-0.2119,1.0666,-8.958,-7.091,-21.965
