3805647,1699,2119,1938,0.0867,0.1384,1.1256,-7.660,0.724,-1.805
3805657,1750,2183,2077,0.0884,0.1398,1.1252,-6.215,0.879,-1.896
3805667,1711,2136,1808,0.0886,0.1418,1.1242,-4.779,1.096,-1.979
3805677,1747,2160,1960,0.0864,0.1434,1.1225,-3.494,1.250,-2.030
3805687,1704,2111,1803,0.0845,0.1467,1.1218,-2.301,1.355,-2.019
3805697,1722,2203,2089,0.0824,0.1495,1.1230,-1.210,1.351,-1.974
3805707,1706,2137,1873,0.0808,0.1532,1.1231,-0.149,1.314,-1.865
3805717,1745,2181,1897,0.0800,0.1578,1.1253,0.795,1.219,-1.694
3805727,1700,2129,1917,0.0791,0.1623,1.1265,1.578,1.107,-1.490
3805737,1753,2196,1947,0.0771,0.1662,1.1265,2.166,1.024,-1.270
3805747,1704,2137,1821,0.0758,0.1703,1.1274,2.513,0.904,-1.074
3805757,1744,2181,1897,0.0746,0.1748,1.1283,2.630,0.794,-0.946
3805767,1704,2114,1918,0.0742,0.1766,1.1323,2.462,0.613,-0.866
3805777,1740,2181,1932,0.0727,0.1779,1.1335,2.074,0.541,-0.797
3805787,1715,2106,2096,0.0707,0.1791,1.1332,1.469,0.464,-0.705
3805797,1744,2178,2002,0.0693,0.1797,1.1312,0.686,0.384,-0.636
3805807,1708,2092,1868,0.0686,0.1777,1.1329,-0.238,0.178,-0.616
3805817,1739,2174,1883,0.0677,0.1742,1.1341,-1.181,0.015,-0.596
3805827,1719,2106,1822,0.0668,0.1708,1.1347,-2.095,-0.202,-0.561
3805837,1774,2196,1795,0.0660,0.1682,1.1331,-2.889,-0.379,-0.515
3805847,1712,2088,1920,0.0653,0.1646,1.1319,-3.541,-0.562,-0.469
3805857,1755,2176,1793,0.0655,0.1601,1.1291,-3.971,-0.735,-0.432
3805867,1702,2126,1943,0.0657,0.1574,1.1276,-4.103,-0.931,-0.361
3805877,1762,2176,1893,0.0661,0.1542,1.1265,-3.944,-1.133,-0.276
3805887,1712,2071,1893,0.0674,0.1524,1.1262,-3.597,-1.334,-0.197
3805897,1749,2152,1882,0.0693,0.1531,1.1270,-3.155,-1.457,-0.098
3805907,1711,2077,1938,0.0703,0.1540,1.1271,-2.722,-1.478,0.013
3805917,1748,2155,1924,0.0730,0.1545,1.1275,-2.375,-1.439,0.100
3805927,1702,2091,1958,0.0738,0.1542,1.1272,-2.093,-1.320,0.173
3805937,1763,2161,1966,0.0732,0.1541,1.1266,-1.828,-1.165,0.224
3805947,1701,2080,1973,0.0736,0.1534,1.1275,-1.592,-1.077,0.220
3805957,1733,2132,1939,0.0742,0.1519,1.1280,-1.308,-0.966,0.180
3805967,1708,2043,1998,0.0749,0.1509,1.1296,-0.952,-0.832,0.111
3805977,1746,2155,1887,0.0749,0.1510,1.1300,-0.517,-0.679,0.047
3805987,1707,2092,1931,0.0748,0.1506,1.1305,-0.091,-0.517,-0.025
3805997,1764,2154,1991,0.0740,0.1512,1.1302,0.270,-0.356,-0.097
3806007,1705,2081,2155,0.0750,0.1510,1.1302,0.492,-0.251,-0.198
3806017,1738,2152,1882,0.0758,0.1506,1.1303,0.622,-0.144,-0.331
3806027,1706,2088,1947,0.0767,0.1503,1.1315,0.715,-0.043,-0.471
3806037,1762,2145,1892,0.0763,0.1499,1.1317,0.792,0.026,-0.628
3806047,1711,2118,1986,0.0751,0.1492,1.1304,0.906,0.096,-0.766
3806057,1744,2123,1930,0.0739,0.1489,1.1279,1.075,0.140,-0.880
3806067,1705,2106,1951,0.0728,0.1492,1.1271,1.319,0.132,-0.970
3806077,1733,2149,1906,0.0727,0.1504,1.1285,1.604,0.009,-1.024
3806087,1712,2097,1926,0.0725,0.1511,1.1300,1.915,-0.121,-1.011
3806097,1726,2146,1905,0.0728,0.1531,1.1333,2.180,-0.276,-0.941
3806107,1708,2121,1913,0.0729,0.1564,1.1356,2.268,-0.379,-0.803
3806117,1747,2115,1860,0.0719,0.1609,1.1368,2.131,-0.436,-0.624
3806127,1705,2114,1943,0.0715,0.1648,1.1363,1.727,-0.507,-0.428
3806137,1716,2111,1927,0.0718,0.1668,1.1361,1.085,-0.599,-0.210
3806147,1713,2115,1932,0.0715,0.1687,1.1355,0.293,-0.697,0.023
3806157,1737,2117,1984,0.0712,0.1690,1.1353,-0.553,-0.847,0.267
3806167,1710,2130,1923,0.0710,0.1685,1.1322,-1.406,-0.978,0.478
3806177,1710,2128,2036,0.0715,0.1683,1.1326,-2.156,-1.166,0.657
3806187,1710,2117,1919,0.0711,0.1667,1.1324,-2.880,-1.302,0.815
3806197,1711,2115,1936,0.0706,0.1641,1.1320,-3.433,-1.397,0.965
3806207,1722,2111,1943,0.0693,0.1625,1.1318,-3.750,-1.526,1.153
3806217,1718,2138,1913,0.0684,0.1618,1.1299,-3.963,-1.634,1.353
3806227,1711,2115,1942,0.0681,0.1618,1.1312,-4.176,-1.843,1.522
3806237,1703,2129,1913,0.0691,0.1610,1.1315,-4.378,-2.083,1.595
3806247,1707,2116,1944,0.0713,0.1591,1.1321,-4.619,-2.293,1.584
3806257,1711,2106,1933,0.0728,0.1552,1.1322,-4.936,-2.466,1.537
3806267,1710,2108,1885,0.0734,0.1518,1.1329,-5.285,-2.527,1.518
3806277,1713,2108,1897,0.0734,0.1491,1.1329,-5.622,-2.560,1.570
3806287,1713,2129,1946,0.0741,0.1484,1.1338,-5.877,-2.609,1.677
3806297,1716,2091,1896,0.0740,0.1470,1.1330,-5.986,-2.607,1.787
3806307,1713,2086,1955,0.0746,0.1461,1.1331,-5.919,-2.552,1.889
3806317,1708,2134,1879,0.0750,0.1454,1.1312,-5.778,-2.499,1.991
3806327,1738,2094,1950,0.0748,0.1469,1.1306,-5.586,-2.399,2.072
3806337,1712,2134,1879,0.0750,0.1460,1.1312,-5.389,-2.302,2.132
3806347,1722,2076,1967,0.0762,0.1442,1.1331,-5.219,-2.201,2.199
3806357,1707,2156,1845,0.0765,0.1442,1.1341,-5.087,-2.057,2.307
3806367,1740,2108,1976,0.0768,0.1451,1.1356,-5.028,-1.889,2.419
3806377,1715,2163,1864,0.0769,0.1455,1.1363,-5.060,-1.685,2.479
3806387,1733,2044,1977,0.0775,0.1455,1.1355,-5.169,-1.411,2.467
3806397,1711,2115,1863,0.0784,0.1443,1.1342,-5.307,-1.101,2.373
3806407,1715,2104,1976,0.0786,0.1429,1.1316,-5.372,-0.789,2.225
3806417,1722,2082,1858,0.0787,0.1409,1.1301,-5.352,-0.498,2.033
3806427,1711,2102,1996,0.0795,0.1384,1.1286,-5.239,-0.250,1.805
3806437,1775,2094,1853,0.0812,0.1345,1.1288,-5.072,-0.065,1.551
3806447,1736,2119,2018,0.0815,0.1318,1.1280,-4.811,0.068,1.277
3806457,1721,2102,1850,0.0830,0.1293,1.1289,-4.402,0.201,0.991
3806467,1848,2087,1964,0.0849,0.1243,1.1278,-3.814,0.458,0.707
3806477,1730,2091,1867,0.0865,0.1200,1.1311,-3.176,0.596,0.456
3806487,1717,2088,1967,0.0867,0.1169,1.1305,-2.526,0.784,0.274
3806497,1710,2113,1861,0.0870,0.1164,1.1302,-1.871,0.953,0.176
3806507,1711,2077,1954,0.0873,0.1170,1.1291,-1.157,0.993,0.147
3806517,1710,2135,1869,0.0890,0.1184,1.1290,-0.380,0.969,0.137
3806527,1719,2130,1924,0.0891,0.1200,1.1297,0.237,0.930,0.075
3806537,1964,2118,1870,0.0893,0.1181,1.1305,0.927,0.939,0.040
3806547,1763,2085,1978,0.0888,0.1192,1.1306,1.679,0.997,0.074
3806557,1720,2109,1897,0.0882,0.1208,1.1312,2.256,1.084,0.146
3806567,1713,2161,1986,0.0867,0.1239,1.1299,2.761,1.081,0.221
3806577,1717,2130,1857,0.0865,0.1263,1.1313,3.359,1.062,0.286
3806587,1718,2073,1990,0.0850,0.1303,1.1330,3.925,0.971,0.316
3806597,1720,2070,1858,0.0833,0.1319,1.1327,4.337,1.069,0.277
3806607,1718,2117,1989,0.0817,0.1348,1.1321,4.629,1.126,0.209
3806617,1739,2089,1911,0.0805,0.1372,1.1317,4.915,1.170,0.135
3806627,1734,2070,1929,0.0776,0.1399,1.1301,5.227,1.130,0.013
3806637,1751,2102,1933,0.0769,0.1403,1.1297,5.630,1.103,-0.191
3806647,1717,2027,1970,0.0782,0.1422,1.1322,5.964,0.987,-0.405
3806657,1739,2071,1863,0.0811,0.1436,1.1391,6.219,0.862,-0.515
3806667,1717,2135,1966,0.0811,0.1455,1.1375,6.414,0.960,-0.472
3806677,1738,2025,1863,0.0792,0.1497,1.1405,6.308,1.146,-0.312
3806687,1858,2022,1993,0.0761,0.1556,1.1436,5.736,1.265,-0.183
3806697,1716,2077,1869,0.0738,0.1590,1.1435,4.913,1.481,-0.139
3806707,1713,2011,1981,0.0718,0.1587,1.1437,3.946,1.662,-0.154
3806717,1770,2052,1874,0.0698,0.1570,1.1428,2.811,1.848,-0.167
3806727,1738,2009,1995,0.0682,0.1572,1.1397,1.514,1.932,-0.116
3806737,1713,2043,1882,0.0658,0.1581,1.1391,0.305,1.978,-0.079
3806747,1723,2017,1993,0.0632,0.1563,1.1364,-0.699,1.988,-0.138
3806757,1724,1855,1888,0.0610,0.1509,1.1344,-1.398,2.004,-0.347
3806767,1724,1965,1962,0.0603,0.1466,1.1304,-1.805,1.981,-0.532
3806777,1714,2042,1871,0.0599,0.1430,1.1305,-1.941,1.844,-0.662
3806787,1712,2025,1945,0.0603,0.1407,1.1321,-1.859,1.633,-0.756
3806797,1714,2083,1869,0.0620,0.1379,1.1351,-1.552,1.473,-0.796
3806807,1722,1991,1976,0.0630,0.1358,1.1317,-1.038,1.515,-0.762
3806817,1732,2116,1853,0.0644,0.1337,1.1317,-0.463,1.620,-0.630
3806827,1869,1991,1988,0.0642,0.1332,1.1323,-0.017,1.564,-0.466
3806837,1728,2059,1871,0.0641,0.1329,1.1338,0.430,1.508,-0.380
3806847,1717,2000,1956,0.0635,0.1312,1.1328,1.062,1.503,-0.382
3806857,1754,2021,1895,0.0626,0.1300,1.1345,1.792,1.528,-0.414
3806867,1739,2005,1962,0.0617,0.1296,1.1371,2.464,1.484,-0.400
3806877,1732,2091,1899,0.0617,0.1331,1.1371,3.182,1.505,-0.296
3806887,1720,2022,1957,0.0613,0.1396,1.1370,3.756,1.437,-0.127
3806897,1773,1973,1893,0.0602,0.1451,1.1395,4.115,1.320,0.029
3806907,1718,1993,1964,0.0592,0.1485,1.1396,4.220,1.271,0.156
3806917,1750,2077,1903,0.0576,0.1520,1.1390,3.999,1.300,0.320
3806927,1729,2026,1948,0.0566,0.1549,1.1384,3.452,1.209,0.506
3806937,1741,2034,1885,0.0567,0.1557,1.1405,2.715,0.989,0.683
3806947,1733,1986,1938,0.0578,0.1555,1.1419,1.901,0.792,0.842
3806957,1713,2055,1878,0.0576,0.1549,1.1414,1.036,0.681,1.000
3806967,1726,1999,1927,0.0573,0.1557,1.1390,0.225,0.646,1.151
3806977,1731,2051,1873,0.0562,0.1592,1.1366,-0.447,0.611,1.254
3806987,1733,1990,1935,0.0552,0.1616,1.1351,-0.984,0.581,1.195
3806997,1732,2023,1889,0.0544,0.1615,1.1320,-1.452,0.696,0.919
3807007,1736,1978,1944,0.0539,0.1596,1.1329,-1.799,0.668,0.529
3807017,1763,2066,1876,0.0547,0.1578,1.1304,-2.022,0.749,0.136
3807027,1715,1991,1964,0.0548,0.1575,1.1308,-2.258,0.722,-0.213
3807037,1788,2048,1903,0.0543,0.1568,1.1298,-2.461,0.726,-0.583
3807047,1840,2000,1961,0.0542,0.1564,1.1330,-2.582,0.765,-0.995
3807057,1784,2044,1869,0.0535,0.1532,1.1367,-2.605,0.895,-1.456
3807067,1814,1936,1969,0.0550,0.1488,1.1363,-2.514,1.159,-1.904
3807077,1722,2031,1900,0.0562,0.1472,1.1331,-2.409,1.406,-2.268
3807087,1755,1992,1960,0.0566,0.1464,1.1331,-2.241,1.508,-2.569
3807097,1723,2055,1885,0.0568,0.1437,1.1342,-2.045,1.581,-2.846
3807107,1730,1979,1942,0.0579,0.1413,1.1367,-1.866,1.777,-3.088
3807117,1720,1996,1878,0.0570,0.1405,1.1348,-1.695,2.088,-3.217
3807127,1720,2067,1953,0.0555,0.1399,1.1351,-1.519,2.387,-3.220
3807137,1744,2044,1878,0.0534,0.1406,1.1353,-1.324,2.632,-3.187
3807147,1722,1941,1964,0.0502,0.1407,1.1330,-1.118,2.802,-3.154
3807157,1727,2072,1882,0.0487,0.1416,1.1339,-0.876,2.839,-3.108
3807167,1724,1984,1960,0.0482,0.1419,1.1341,-0.596,2.826,-3.045
3807177,1741,2028,1900,0.0485,0.1421,1.1343,-0.325,2.764,-2.962
3807187,1726,1995,1962,0.0499,0.1424,1.1346,-0.129,2.679,-2.840
3807197,1722,2017,1891,0.0496,0.1440,1.1343,-0.034,2.602,-2.669
3807207,1885,1971,1988,0.0478,0.1454,1.1379,-0.043,2.479,-2.474
3807217,1720,2002,1867,0.0472,0.1460,1.1394,-0.182,2.348,-2.294
3807227,1780,1967,1972,0.0462,0.1470,1.1381,-0.453,2.267,-2.116
3807237,1751,2046,2069,0.0445,0.1492,1.1369,-0.840,2.071,-1.941
3807247,1749,1967,1961,0.0430,0.1494,1.1378,-1.427,1.686,-1.821
3807257,1725,2015,1914,0.0440,0.1468,1.1397,-2.179,1.249,-1.746
3807267,1846,1988,1928,0.0453,0.1428,1.1450,-3.058,0.798,-1.624
3807277,1722,2035,1892,0.0479,0.1392,1.1538,-4.075,0.369,-1.400
3807287,1719,1950,1924,0.0501,0.1366,1.1628,-5.345,-0.048,-1.055
3807297,1773,2076,1879,0.0523,0.1377,1.1650,-6.938,-0.363,-0.627
3807307,1725,1980,1889,0.0521,0.1462,1.1651,-8.827,-0.746,-0.273
3807317,1768,2009,1867,0.0519,0.1552,1.1661,-10.884,-1.198,-0.261
3807327,1748,2011,1943,0.0534,0.1570,1.1724,-12.810,-1.569,-0.745
3807337,1738,2077,1876,0.0565,0.1500,1.1724,-14.415,-1.496,-1.492
3807347,1741,1975,2055,0.0574,0.1395,1.1718,-15.794,-1.133,-2.057
3807357,1730,2056,1884,0.0587,0.1307,1.1717,-17.036,-0.720,-2.142
3807367,1731,1915,1875,0.0568,0.1254,1.1728,-18.324,-0.249,-1.784
3807377,1780,2047,1868,0.0555,0.1231,1.1676,-19.738,0.370,-1.264
3807387,1740,2033,1934,0.0510,0.1202,1.1595,-20.975,0.960,-0.823
3807397,1903,2124,1862,0.0502,0.1158,1.1632,-21.835,1.050,-0.628
3807407,1756,1989,1887,0.0535,0.1079,1.1604,-22.208,1.220,-0.636
3807417,1840,2093,1878,0.0570,0.1001,1.1600,-22.149,1.458,-0.600
3807427,1723,1935,1953,0.0590,0.0983,1.1698,-21.747,1.733,-0.368
3807437,1862,1969,1909,0.0610,0.1007,1.1761,-21.345,2.176,-0.074
3807447,1985,1918,1942,0.0606,0.1054,1.1786,-20.862,2.994,0.174
3807457,2067,2107,1839,0.0597,0.1127,1.1821,-20.295,3.701,0.360
3807467,1910,2065,1841,0.0599,0.1152,1.1863,-19.663,4.265,0.435
3807477,1899,2093,1859,0.0658,0.1086,1.1944,-19.116,4.728,0.425
3807487,1744,2062,1854,0.0726,0.0964,1.2099,-19.060,5.162,0.632
3807497,2056,2297,2025,0.0767,0.0890,1.2271,-19.752,5.829,1.345
3807507,2001,2055,1978,0.0765,0.0870,1.2477,-21.209,6.795,2.476
3807517,1836,1902,1809,0.0752,0.0912,1.2744,-23.327,7.954,3.706
3807527,1835,1881,1879,0.0760,0.0990,1.3024,-26.022,9.347,4.748
3807537,1726,2004,1834,0.0787,0.1066,1.3293,-29.138,11.193,5.500
3807547,1744,1997,1837,0.0839,0.1044,1.3557,-32.537,13.659,6.102
3807557,1879,2158,1809,0.0864,0.0953,1.3761,-36.267,16.903,6.949
3807567,2096,2024,2213,0.0853,0.0830,1.3968,-40.440,20.531,8.327
3807577,1887,2144,1823,0.0821,0.0668,1.4128,-45.000,24.512,10.246
3807587,1956,2029,1910,0.0747,0.0477,1.4313,-49.879,28.697,12.558
3807597,1777,2083,1821,0.0644,0.0262,1.4410,-54.962,32.954,15.095
3807607,1739,2027,1818,0.0510,0.0041,1.4421,-59.714,37.367,17.705
3807617,2098,2102,1804,0.0380,-0.0197,1.4477,-63.645,41.428,20.311
3807627,1955,2017,1805,0.0209,-0.0415,1.4382,-66.152,45.482,22.891
3807637,1929,2111,1802,0.0058,-0.0668,1.4295,-66.987,49.198,25.354
3807647,1734,2062,1915,-0.0103,-0.0954,1.4145,-65.845,52.600,27.677
3807657,1872,2099,2075,-0.0237,-0.1232,1.3975,-62.694,55.794,29.903
3807667,2319,1746,2027,-0.0377,-0.1495,1.3754,-57.588,58.755,32.072
3807677,1851,2050,2212,-0.0528,-0.1669,1.3474,-50.524,61.473,34.245
3807687,2236,1908,2194,-0.0702,-0.1747,1.3198,-41.604,63.779,36.257
3807697,1819,2035,2136,-0.0830,-0.1806,1.2962,-31.360,65.598,37.850
3807707,2516,1845,2438,-0.0951,-0.1846,1.2742,-20.290,67.077,38.977
3807717,2529,1999,2150,-0.1070,-0.1816,1.2567,-8.900,68.261,39.800
3807727,2144,1931,2241,-0.1205,-0.1717,1.2405,2.227,69.121,40.518
3807737,2226,2003,2203,-0.1334,-0.1572,1.2201,12.622,69.836,41.185
3807747,2113,1967,2332,-0.1463,-0.1405,1.2054,22.021,70.115,41.771
3807757,2375,1958,2065,-0.1584,-0.1276,1.1908,30.164,70.131,42.174
3807767,1960,1932,2161,-0.1709,-0.1132,1.1717,36.923,70.006,42.494
3807777,1912,2025,2065,-0.1851,-0.0960,1.1527,42.346,69.537,42.856
3807787,1958,2007,1926,-0.2013,-0.0776,1.1274,46.730,68.677,43.233
3807797,2164,2005,1895,-0.2173,-0.0580,1.1065,50.224,67.400,43.533
3807807,2097,1927,1942,-0.2329,-0.0443,1.0900,52.878,65.570,43.676
3807817,1935,2034,2025,-0.2473,-0.0320,1.0697,54.824,63.389,43.756
3807827,2031,2042,1966,-0.2630,-0.0187,1.0496,56.221,60.829,43.858
3807837,1755,2076,1797,-0.2782,-0.0063,1.0306,57.231,57.647,44.022
3807847,2042,1905,1926,-0.2934,0.0007,1.0125,58.073,54.025,44.236
3807857,1726,1973,1800,-0.3065,0.0037,0.9932,58.802,49.955,44.587
3807867,1830,1931,1901,-0.3183,0.0055,0.9795,59.627,45.476,45.286
3807877,1903,2118,2042,-0.3245,0.0098,0.9709,60.298,40.540,46.258
3807887,1719,1880,1836,-0.3286,0.0176,0.9580,60.865,35.512,47.376
3807897,2180,2149,1865,-0.3295,0.0267,0.9529,61.354,30.395,48.541
3807907,2953,2074,1812,-0.3249,0.0389,0.9564,61.514,25.045,49.752
3807917,1751,2003,1807,-0.3207,0.0487,0.9492,61.102,20.093,50.873
3807927,1773,2065,1861,-0.3164,0.0540,0.9280,60.125,15.501,51.816
3807937,1731,1875,1829,-0.3120,0.0576,0.8974,58.881,11.039,52.549
3807947,1997,1836,1944,-0.3046,0.0671,0.8759,57.910,6.337,53.039
3807957,1779,2416,2078,-0.2899,0.0787,0.8808,57.454,1.167,53.014
3807967,2266,1887,1809,-0.2702,0.0834,0.8789,57.926,-3.147,52.289
3807977,1732,1921,2024,-0.2535,0.0920,0.8752,59.170,-6.203,51.249
3807987,1726,1838,1960,-0.2395,0.1123,0.8795,60.561,-8.759,50.503
3807997,1814,1898,1872,-0.2301,0.1347,0.8804,61.743,-10.474,50.131
3808007,1741,1917,1829,-0.2185,0.1577,0.8830,62.294,-11.465,49.898
3808017,1840,1859,1802,-0.2084,0.1751,0.8783,61.601,-11.973,49.537
3808027,1745,2008,1835,-0.2004,0.1926,0.8671,59.657,-12.103,48.791
3808037,1822,1962,1832,-0.1959,0.2022,0.8541,56.537,-12.230,47.475
3808047,1737,1857,1857,-0.1957,0.2088,0.8389,52.743,-12.471,45.823
3808057,1762,2082,1976,-0.1964,0.2173,0.8253,48.699,-12.981,44.202
3808067,1740,1912,1865,-0.1975,0.2258,0.8215,44.788,-13.848,42.871
3808077,1888,1943,1803,-0.1985,0.2414,0.8283,41.197,-15.002,42.060
3808087,2036,1871,1798,-0.1970,0.2637,0.8437,37.942,-16.114,41.733
3808097,1758,1889,1810,-0.1959,0.2833,0.8509,34.956,-16.846,41.493
3808107,1747,1810,1855,-0.1962,0.3014,0.8520,32.310,-17.235,41.112
3808117,1769,1762,1990,-0.1977,0.3125,0.8656,29.956,-17.888,40.529
3808127,1752,1774,1906,-0.2002,0.3227,0.8764,27.918,-18.622,39.710
3808137,1724,1995,3178,-0.2045,0.3228,0.8854,26.462,-19.208,38.748
3808147,2217,2130,2270,-0.2054,0.3289,0.9057,25.373,-20.154,38.026
3808157,1743,2091,1984,-0.2092,0.3377,0.9185,24.310,-21.116,37.610
3808167,2045,1745,1828,-0.2137,0.3529,0.9255,23.322,-21.845,37.347
3808177,1718,1776,1812,-0.2159,0.3673,0.9358,22.129,-22.642,37.151
3808187,1721,1953,1968,-0.2159,0.3994,0.9625,19.728,-23.843,37.090
3808197,2168,2352,2070,-0.2141,0.4240,0.9783,17.285,-24.500,36.818
3808207,1782,1754,1620,-0.2067,0.4322,0.9959,14.377,-25.314,36.305
3808217,1753,1909,1987,-0.1998,0.4190,0.9852,10.744,-26.269,35.839
3808227,1726,1773,1943,-0.2022,0.3856,0.9453,7.063,-27.144,35.807
3808237,1747,1977,1702,-0.1872,0.3730,0.9697,3.712,-29.749,36.635
3808247,1827,1816,1808,-0.1832,0.3607,0.9749,0.390,-32.876,37.622
3808257,1802,1827,1953,-0.1865,0.3708,0.9659,-0.970,-34.355,38.328
3808267,1990,1772,1779,-0.1783,0.3918,0.9916,-1.976,-37.018,38.517
3808277,1801,1835,1759,-0.1717,0.4044,0.9785,-2.211,-38.771,37.827
3808287,1767,1858,1642,-0.1631,0.4139,0.9629,-1.844,-39.968,36.550
3808297,1746,2016,3490,-0.1540,0.4189,0.9538,-1.284,-41.911,35.077
3808307,1949,1930,1732,-0.1433,0.4140,0.9444,-0.371,-43.927,33.379
3808317,1721,1858,2007,-0.1273,0.4034,0.9364,0.615,-46.190,31.600
3808327,1897,1857,1784,-0.1123,0.3824,0.9229,1.487,-48.223,29.995
3808337,1836,1769,2500,-0.0988,0.3633,0.9098,1.703,-50.647,29.174
3808347,1735,1813,1919,-0.0900,0.3570,0.9029,1.032,-53.596,29.258
3808357,1727,1789,2718,-0.0854,0.3550,0.9001,-0.664,-56.925,29.800
3808367,1724,1836,1657,-0.0815,0.3505,0.8933,-3.437,-60.514,30.345
3808377,1744,1745,2773,-0.0727,0.3408,0.8849,-7.199,-64.642,30.891
3808387,2127,2036,3257,-0.0638,0.3205,0.8576,-11.492,-69.240,31.582
3808397,1748,1904,1697,-0.0574,0.3019,0.8430,-15.325,-74.674,32.636
3808407,1852,1823,2688,-0.0429,0.2840,0.8415,-18.011,-81.238,33.924
3808417,2127,1746,2049,-0.0317,0.2567,0.8109,-18.857,-87.225,34.970
3808427,1841,1813,4095,-0.0121,0.2242,0.7990,-17.566,-93.328,36.098
3808437,1847,1834,3312,0.0105,0.1922,0.7796,-14.615,-99.858,37.676
3808447,1958,1776,1618,0.0340,0.1668,0.7460,-9.618,-105.599,39.720
3808457,2218,1872,1670,0.0645,0.1582,0.7598,-3.089,-112.355,42.266
3808467,2235,1771,1804,0.1024,0.1702,0.7865,4.768,-119.148,45.122
3808477,1718,1746,1771,0.1487,0.1837,0.8052,13.096,-124.599,47.905
3808487,1962,1937,2340,0.1939,0.1952,0.8225,20.882,-129.269,50.701
3808497,2370,1999,2577,0.2399,0.1999,0.8258,27.954,-133.111,53.674
3808507,2208,1963,1980,0.2919,0.2032,0.8301,34.223,-136.540,56.801
3808517,2472,1763,1385,0.3427,0.2218,0.8505,40.117,-139.668,60.045
3808527,1967,1758,1300,0.3934,0.2636,0.8847,45.915,-141.644,62.974
3808537,1777,1757,1633,0.4415,0.3361,0.9511,51.473,-141.837,65.148
3808547,1731,1942,1812,0.4829,0.4138,1.0136,55.868,-139.327,66.105
3808557,1961,1775,1207,0.5129,0.4815,1.0401,58.338,-133.212,65.708
3808567,2006,1753,2753,0.5396,0.5265,1.0594,57.653,-125.418,64.365
3808577,1723,2021,3093,0.5656,0.5662,1.0719,53.433,-117.142,62.476
3808587,2171,1881,1829,0.5898,0.5936,1.0691,46.884,-107.986,59.959
3808597,1865,1847,1543,0.6000,0.6023,1.0691,39.565,-98.762,56.799
3808607,2421,2055,3448,0.6096,0.6164,1.0729,32.845,-89.964,53.485
3808617,1746,1908,2830,0.6154,0.6317,1.0762,27.034,-80.996,49.838
3808627,1762,1849,3695,0.6223,0.6365,1.0799,22.075,-72.311,45.704
3808637,2069,1928,1754,0.6281,0.6263,1.0857,17.981,-63.830,41.142
3808647,3354,2081,1721,0.6279,0.6191,1.0771,14.659,-55.706,36.486
3808657,1801,1791,2269,0.6277,0.6016,1.0628,12.536,-48.013,31.540
3808667,1904,1775,1535,0.6270,0.5847,1.0492,11.402,-41.251,26.428
3808677,2328,1818,1129,0.6234,0.5688,1.0294,11.108,-35.284,21.486
3808687,2209,1931,1655,0.6212,0.5503,1.0106,11.384,-30.067,17.041
3808697,1806,2087,2726,0.6195,0.5391,1.0076,11.656,-26.088,13.440
3808707,2216,1825,2157,0.6163,0.5235,0.9927,11.638,-22.519,10.530
3808717,1832,1883,1330,0.6113,0.4989,0.9753,11.385,-19.309,8.070
3808727,2689,1905,3875,0.6070,0.4776,0.9674,11.055,-17.201,6.091
3808737,2210,1795,1419,0.6019,0.4618,0.9538,11.231,-15.360,4.343
3808747,1736,1903,1171,0.5972,0.4471,0.9426,12.140,-13.798,2.688
3808757,2142,2027,2234,0.5942,0.4444,0.9429,13.293,-12.778,1.429
3808767,1868,2046,1449,0.5941,0.4390,0.9358,14.088,-11.797,0.603
3808777,1747,1806,2004,0.5930,0.4362,0.9270,14.251,-10.998,0.328
3808787,1825,1760,1638,0.5940,0.4360,0.9303,13.399,-10.775,0.513
3808797,1734,1754,2321,0.5975,0.4344,0.9260,11.607,-10.664,0.871
3808807,2207,1835,1150,0.6011,0.4311,0.9255,9.379,-10.391,1.387
3808817,2680,1829,1833,0.6048,0.4309,0.9308,6.851,-10.371,2.153
3808827,2611,2012,1563,0.6084,0.4248,0.9281,4.374,-9.942,2.886
3808837,1796,1834,1306,0.6112,0.4137,0.9249,2.145,-9.388,3.510
3808847,2266,1785,1445,0.6129,0.4064,0.9235,0.590,-8.751,4.092
3808857,2078,1791,1873,0.6176,0.4059,0.9289,-0.201,-8.052,4.608
3808867,2131,2027,2021,0.6197,0.4043,0.9262,-0.342,-6.925,4.950
3808877,2243,2062,1432,0.6194,0.4100,0.9268,-0.154,-5.572,5.250
3808887,2031,1897,2232,0.6162,0.4209,0.9233,0.014,-4.286,5.485
3808897,2320,1875,1141,0.6124,0.4237,0.9175,-0.048,-2.843,5.487
3808907,1877,1883,1807,0.6073,0.4305,0.9163,-0.696,-1.804,5.493
3808917,2109,2173,1731,0.6009,0.4304,0.9027,-1.707,-0.760,5.491
3808927,1889,1846,2811,0.5971,0.4285,0.8924,-2.901,-0.034,5.519
3808937,1725,1854,1323,0.5927,0.4264,0.8815,-4.037,0.310,5.589
3808947,1830,1844,1780,0.5879,0.4267,0.8758,-4.669,0.488,5.583
3808957,1729,1935,1960,0.5855,0.4276,0.8781,-4.661,0.423,5.484
3808967,1729,1817,2632,0.5827,0.4365,0.8836,-4.159,0.369,5.363
3808977,1770,1778,1897,0.5811,0.4453,0.8865,-3.679,0.469,5.160
3808987,1724,1768,1370,0.5768,0.4435,0.8788,-3.544,0.803,4.722
3808997,1867,1752,1157,0.5728,0.4420,0.8749,-3.720,0.841,4.209
3809007,1796,1807,1253,0.5711,0.4364,0.8711,-4.056,0.675,3.592
3809017,2007,1899,1675,0.5692,0.4329,0.8696,-4.247,0.533,2.934
3809027,1765,1895,1216,0.5687,0.4298,0.8709,-4.144,0.421,2.259
3809037,1777,1775,1534,0.5693,0.4279,0.8744,-3.667,0.421,1.642
3809047,2122,1794,1824,0.5707,0.4298,0.8822,-2.974,0.403,1.123
3809057,1956,1804,1227,0.5709,0.4312,0.8840,-2.088,0.689,0.544
3809067,2310,1841,1989,0.5711,0.4308,0.8863,-1.062,1.193,-0.124
3809077,2067,1778,2211,0.5722,0.4335,0.8904,-0.200,1.534,-0.753
3809087,2208,1911,1524,0.5725,0.4279,0.8819,0.376,2.179,-1.380
3809097,1987,2086,1853,0.5717,0.4259,0.8845,0.537,2.580,-1.815
3809107,2174,1855,1158,0.5723,0.4259,0.8896,0.287,2.727,-2.005
3809117,1731,1765,1561,0.5730,0.4222,0.8866,-0.022,3.224,-2.192
3809127,1731,1753,1823,0.5774,0.4212,0.8986,-0.492,3.477,-2.265
3809137,1797,1751,1261,0.5799,0.4209,0.9077,-1.040,3.927,-2.208
3809147,2036,1766,1235,0.5800,0.4193,0.9136,-1.625,4.744,-2.121
3809157,1762,1772,1330,0.5783,0.4171,0.9183,-2.298,5.625,-2.028
3809167,1940,1782,1176,0.5745,0.4091,0.9121,-2.964,6.668,-2.006
3809177,2445,2115,1836,0.5724,0.3995,0.9087,-3.520,7.485,-1.964
3809187,2174,1868,1369,0.5690,0.3929,0.9063,-3.935,8.037,-1.737
3809197,2082,1920,1749,0.5658,0.3846,0.8977,-4.135,8.595,-1.381
3809207,1746,1917,1466,0.5651,0.3819,0.9026,-4.292,8.790,-0.861
3809217,2079,1756,1365,0.5620,0.3866,0.9086,-4.582,8.880,-0.186
3809227,2052,1879,1126,0.5598,0.3847,0.9069,-4.964,9.268,0.458
3809237,2028,1910,2397,0.5564,0.3834,0.9098,-5.647,9.425,1.153
3809247,1884,1773,1484,0.5509,0.3849,0.9068,-6.421,9.501,1.902
3809257,1709,1892,1198,0.5457,0.3788,0.8981,-6.942,9.617,2.497
3809267,2047,1941,1373,0.5403,0.3764,0.8892,-7.074,9.472,3.028
3809277,1795,1774,1337,0.5349,0.3757,0.8832,-6.629,9.136,3.514
3809287,1752,2063,1364,0.5328,0.3748,0.8786,-5.684,8.640,3.884
3809297,2380,1769,1166,0.5302,0.3810,0.8814,-4.406,8.040,4.182
3809307,1752,1846,1262,0.5282,0.3916,0.8858,-2.880,7.418,4.374
3809317,1756,1950,1120,0.5265,0.3994,0.8859,-1.161,7.103,4.275
3809327,1854,1856,1192,0.5245,0.4079,0.8863,0.405,6.831,4.006
3809337,2015,1920,1164,0.5220,0.4153,0.8841,1.575,6.534,3.666
3809347,2653,2156,1964,0.5198,0.4216,0.8829,2.384,6.219,3.271
3809357,1732,1941,1248,0.5182,0.4276,0.8806,2.719,5.776,2.825
3809367,1717,1843,1125,0.5180,0.4253,0.8756,2.585,5.392,2.200
3809377,1845,1802,1338,0.5208,0.4215,0.8796,2.172,4.807,1.519
3809387,1830,1749,1967,0.5244,0.4237,0.8824,1.824,4.262,0.970
3809397,1884,1809,1542,0.5261,0.4235,0.8845,1.683,4.048,0.452
3809407,1715,1757,1247,0.5268,0.4210,0.8862,1.602,3.917,-0.079
3809417,1915,1845,1137,0.5271,0.4204,0.8886,1.530,3.835,-0.597
3809427,1963,1777,1448,0.5293,0.4171,0.8902,1.327,3.845,-1.116
3809437,2118,1757,1135,0.5316,0.4147,0.8919,1.001,3.906,-1.520
3809447,1782,1769,1256,0.5328,0.4158,0.8967,0.553,3.916,-1.722
3809457,1757,1827,1160,0.5325,0.4145,0.8987,0.006,4.010,-1.886
3809467,2002,1793,1218,0.5332,0.4101,0.9011,-0.596,4.173,-2.049
3809477,1928,1898,1427,0.5338,0.4092,0.9053,-1.097,4.325,-2.174
3809487,1723,1779,1169,0.5329,0.4063,0.9079,-1.389,4.574,-2.307
3809497,1741,1756,1313,0.5320,0.4035,0.9080,-1.469,4.889,-2.484
3809507,1876,1898,1609,0.5290,0.4046,0.9095,-1.428,5.200,-2.595
3809517,2215,1929,1208,0.5261,0.4051,0.9080,-1.412,5.496,-2.713
3809527,1928,1759,1445,0.5247,0.4011,0.9035,-1.423,5.746,-2.842
3809537,1736,1896,1167,0.5243,0.3986,0.9049,-1.530,5.791,-2.941
3809547,1760,1751,1146,0.5263,0.3980,0.9095,-1.726,5.662,-2.981
3809557,1751,1768,1120,0.5264,0.3970,0.9113,-1.913,5.785,-2.968
3809567,1889,1753,1210,0.5241,0.3949,0.9111,-2.055,6.061,-2.886
3809577,2206,1961,1233,0.5223,0.3927,0.9118,-2.243,6.185,-2.761
3809587,2185,1753,1334,0.5213,0.3927,0.9117,-2.322,6.307,-2.584
3809597,1868,1830,1145,0.5234,0.3981,0.9187,-2.077,6.327,-2.373
3809607,1879,1762,1331,0.5246,0.4019,0.9234,-1.751,6.539,-2.274
3809617,1865,1771,1388,0.5246,0.4079,0.9266,-1.458,6.902,-2.259
3809627,2411,2160,2101,0.5233,0.4109,0.9277,-1.279,7.331,-2.333
3809637,2401,1777,1676,0.5221,0.4150,0.9278,-1.185,7.748,-2.503
3809647,1776,1765,2165,0.5206,0.4151,0.9280,-1.120,8.171,-2.787
3809657,1849,1928,1737,0.5192,0.4172,0.9294,-1.042,8.467,-3.061
3809667,2011,1762,1300,0.5169,0.4202,0.9283,-0.888,8.761,-3.308
3809677,1951,1798,1198,0.5139,0.4182,0.9237,-0.604,9.092,-3.612
3809687,2422,1776,1153,0.5112,0.4177,0.9180,-0.396,9.208,-3.860
3809697,2118,1923,1318,0.5081,0.4144,0.9137,-0.348,9.065,-3.994
3809707,1798,1834,1378,0.5080,0.4138,0.9179,-0.481,8.556,-3.943
3809717,1932,1871,1539,0.5075,0.4152,0.9245,-0.953,7.974,-3.755
3809727,1807,1752,1181,0.5069,0.4149,0.9277,-1.667,7.706,-3.545
3809737,1959,1807,1128,0.5062,0.4134,0.9345,-2.585,7.382,-3.364
3809747,1817,1757,1136,0.5049,0.4132,0.9372,-3.365,7.250,-3.294
3809757,1955,1811,1255,0.5037,0.4134,0.9431,-3.758,7.290,-3.424
3809767,1760,1836,1465,0.5024,0.4176,0.9496,-3.659,7.540,-3.727
3809777,1726,1791,1603,0.5013,0.4172,0.9491,-3.197,8.136,-4.211
3809787,1863,1760,1195,0.4994,0.4186,0.9497,-2.644,8.796,-4.760
3809797,1726,1820,1157,0.4958,0.4205,0.9524,-2.147,9.357,-5.273
3809807,1712,1832,1136,0.4933,0.4226,0.9520,-1.814,9.944,-5.805
3809817,1763,1875,1688,0.4903,0.4254,0.9548,-1.730,10.455,-6.319
3809827,1726,1809,1551,0.4880,0.4296,0.9597,-1.886,10.958,-6.772
3809837,1828,1756,1189,0.4865,0.4359,0.9682,-2.215,11.583,-7.228
3809847,1720,1775,1199,0.4872,0.4391,0.9739,-2.660,12.404,-7.786
3809857,1956,1834,1159,0.4888,0.4367,0.9731,-3.226,13.499,-8.432
3809867,1759,1759,1138,0.4895,0.4312,0.9744,-3.875,14.698,-9.065
3809877,1747,1774,1148,0.4903,0.4294,0.9816,-4.383,15.940,-9.606
3809887,1787,1761,1145,0.4904,0.4325,0.9943,-4.578,17.399,-10.164
3809897,1736,1834,1137,0.4908,0.4356,1.0062,-4.441,19.289,-10.858
3809907,1729,1772,1142,0.4904,0.4377,1.0173,-4.027,21.592,-11.692
3809917,1710,1772,1148,0.4910,0.4408,1.0276,-3.398,24.155,-12.622
3809927,1749,1772,1567,0.4885,0.4479,1.0365,-2.298,27.108,-13.709
3809937,1914,1757,1156,0.4864,0.4566,1.0462,-0.569,30.424,-15.072
3809947,1778,1754,1157,0.4841,0.4619,1.0563,1.666,34.085,-16.818
3809957,1827,1893,1149,0.4805,0.4659,1.0645,4.060,38.108,-18.795
3809967,1760,1756,1190,0.4758,0.4711,1.0716,6.159,42.340,-20.768
3809977,1756,1773,1145,0.4696,0.4802,1.0802,7.764,46.728,-22.663
3809987,1709,1843,1150,0.4630,0.4833,1.0804,8.623,51.129,-24.541
3809997,1794,1796,1165,0.4496,0.4924,1.0766,9.069,55.841,-26.447
3810007,1818,1755,1171,0.4388,0.4949,1.0751,9.175,60.034,-28.688
3810017,1772,1805,1182,0.4270,0.4874,1.0675,9.482,64.425,-31.407
3810027,1724,1792,1150,0.4152,0.4814,1.0629,10.066,68.699,-34.344
3810037,1916,1793,1161,0.4006,0.4782,1.0486,11.252,73.204,-37.404
3810047,1950,1778,1164,0.3861,0.4723,1.0395,13.132,77.518,-40.622
3810057,1711,1771,1157,0.3691,0.4696,1.0305,15.729,81.757,-43.925
3810067,1863,1794,1166,0.3530,0.4699,1.0299,18.989,85.673,-47.144
3810077,1845,1775,1156,0.3362,0.4707,1.0221,22.651,89.531,-50.294
3810087,1763,1778,1209,0.3182,0.4680,1.0168,26.451,93.320,-53.464
3810097,1896,1808,1167,0.3001,0.4669,0.9974,30.173,96.822,-56.581
3810107,2276,1820,1201,0.2773,0.4656,0.9714,34.050,100.208,-59.544
3810117,1945,1764,1166,0.2552,0.4662,0.9495,38.044,102.841,-62.445
3810127,1726,1766,1164,0.2298,0.4591,0.9223,42.240,105.100,-65.365
3810137,1741,1788,1156,0.2071,0.4526,0.8956,46.508,106.844,-68.175
3810147,1715,1756,1180,0.1821,0.4577,0.8881,50.645,108.013,-70.630
3810157,1761,1763,1171,0.1569,0.4719,0.8803,54.495,108.947,-72.716
3810167,1811,1767,1165,0.1284,0.4906,0.8682,57.702,110.088,-74.727
3810177,1708,1757,1170,0.0994,0.5015,0.8581,59.874,110.752,-76.788
3810187,1714,1763,1191,0.0737,0.5260,0.8528,60.639,110.855,-78.707
3810197,1734,1798,1164,0.0452,0.5442,0.8395,59.643,110.674,-80.790
3810207,1829,1780,1237,0.0185,0.5576,0.8232,57.011,110.106,-83.090
3810217,2055,1764,1169,-0.0054,0.5668,0.8086,52.715,108.786,-85.457
3810227,1776,1759,1192,-0.0256,0.5710,0.7900,46.982,107.002,-87.697
3810237,1905,1775,1167,-0.0444,0.5712,0.7753,39.828,104.917,-89.781
3810247,1837,1763,1213,-0.0603,0.5662,0.7631,31.533,102.599,-91.646
3810257,1911,1772,1175,-0.0773,0.5568,0.7467,22.462,100.279,-93.216
3810267,1711,1762,1197,-0.0944,0.5427,0.7259,12.899,97.930,-94.360
3810277,1747,1759,1198,-0.1133,0.5244,0.7078,3.089,95.461,-94.960
3810287,1735,1759,1188,-0.1338,0.5054,0.6920,-6.752,92.745,-94.962
3810297,1843,1836,1175,-0.1561,0.4856,0.6733,-16.372,89.798,-94.486
3810307,1714,1762,1221,-0.1784,0.4605,0.6550,-25.549,86.364,-93.660
3810317,1830,1762,1197,-0.1946,0.4308,0.6424,-34.168,82.112,-92.490
3810327,1723,1806,1201,-0.2150,0.3899,0.6472,-42.187,76.966,-90.821
3810337,1894,1758,1191,-0.2296,0.3633,0.6571,-49.372,71.387,-88.212
3810347,1822,1759,1220,-0.2469,0.3362,0.6611,-55.417,66.074,-84.882
3810357,1783,1843,1179,-0.2687,0.3248,0.6725,-60.439,60.899,-81.039
3810367,1841,1776,1242,-0.2994,0.3233,0.6773,-64.187,56.195,-77.007
3810377,1722,1764,1198,-0.3302,0.3284,0.6803,-66.721,51.602,-73.270
3810387,1900,1781,1257,-0.3627,0.3360,0.6794,-68.251,46.755,-70.169
3810397,1838,1753,1208,-0.3923,0.3402,0.6779,-68.967,41.419,-67.860
3810407,1755,1763,1223,-0.4146,0.3346,0.6769,-69.250,35.314,-66.398
3810417,1820,1767,1192,-0.4284,0.3174,0.6812,-69.258,28.472,-65.595
3810427,1807,1766,1236,-0.4362,0.2928,0.7027,-69.170,20.821,-64.979
3810437,1816,1759,1199,-0.4408,0.2679,0.7258,-69.039,13.155,-64.033
3810447,2028,1761,1229,-0.4452,0.2417,0.7483,-68.838,5.892,-62.427
3810457,1733,1785,1225,-0.4487,0.2254,0.7754,-68.470,-1.385,-59.861
3810467,1831,1784,1309,-0.4538,0.2220,0.8040,-67.879,-8.521,-56.377
3810477,1722,1767,1243,-0.4587,0.2282,0.8341,-67.037,-15.193,-52.424
3810487,1883,1805,1276,-0.4599,0.2367,0.8637,-66.084,-21.330,-48.590
3810497,1911,1812,1285,-0.4581,0.2435,0.8852,-65.013,-26.773,-45.133
3810507,1947,1781,1421,-0.4537,0.2412,0.9063,-64.104,-31.670,-42.233
3810517,2105,1778,1435,-0.4498,0.2373,0.9237,-63.287,-36.395,-39.689
3810527,1990,1759,1397,-0.4464,0.2316,0.9380,-62.484,-41.027,-37.579
3810537,1970,1775,1391,-0.4379,0.2286,0.9714,-61.336,-45.940,-35.715
3810547,2018,1761,1380,-0.4292,0.2187,0.9963,-60.218,-50.568,-34.160
3810557,2041,1763,1376,-0.4152,0.2030,1.0206,-58.716,-54.501,-32.806
3810567,2048,1757,1432,-0.3971,0.1891,1.0427,-57.190,-58.068,-31.442
3810577,1920,1766,1369,-0.3786,0.1739,1.0648,-55.220,-60.881,-29.842
3810587,2204,1788,1511,-0.3614,0.1615,1.0903,-52.902,-63.257,-27.911
3810597,1856,1879,1351,-0.3458,0.1538,1.1143,-50.281,-65.068,-25.674
3810607,2020,1761,1398,-0.3319,0.1515,1.1412,-47.507,-66.451,-23.315
3810617,2122,1773,1408,-0.3210,0.1516,1.1607,-44.670,-67.154,-21.064
3810627,2200,1817,1421,-0.3097,0.1498,1.1823,-41.879,-67.475,-19.123
3810637,2218,1764,1416,-0.2966,0.1512,1.2028,-39.110,-67.312,-17.525
3810647,2167,1764,1417,-0.2883,0.1409,1.2114,-36.687,-66.936,-16.167
3810657,2095,1777,1431,-0.2768,0.1363,1.2271,-33.764,-66.280,-14.776
3810667,2097,1768,1500,-0.2681,0.1349,1.2396,-30.454,-65.570,-13.320
3810677,2102,1775,1495,-0.2576,0.1307,1.2494,-26.722,-64.231,-12.163
3810687,2396,1766,1536,-0.2466,0.1264,1.2585,-22.849,-62.871,-11.218
3810697,1787,1790,1465,-0.2382,0.1255,1.2641,-18.967,-61.095,-10.312
3810707,2112,1761,1569,-0.2305,0.1267,1.2634,-15.242,-59.167,-9.375
3810717,2129,1762,1463,-0.2247,0.1311,1.2586,-11.777,-57.246,-8.457
3810727,2756,1764,1534,-0.2195,0.1376,1.2545,-8.514,-55.431,-7.644
3810737,1943,1776,1475,-0.2123,0.1422,1.2508,-5.460,-53.731,-7.021
3810747,2203,1774,1523,-0.2057,0.1450,1.2436,-2.720,-51.996,-6.611
3810757,1945,1786,1436,-0.2003,0.1472,1.2351,-0.250,-50.270,-6.383
3810767,1937,1764,1497,-0.1930,0.1482,1.2289,1.966,-48.760,-6.292
3810777,1902,1784,1517,-0.1877,0.1481,1.2186,3.958,-47.316,-6.270
3810787,1884,1768,1498,-0.1815,0.1501,1.2144,5.741,-46.141,-6.215
3810797,1846,1773,1448,-0.1757,0.1534,1.2075,7.264,-45.073,-6.062
3810807,1965,1781,1532,-0.1703,0.1566,1.2029,8.413,-44.114,-5.868
3810817,1846,1761,1444,-0.1647,0.1604,1.1916,9.148,-43.097,-5.710
3810827,1858,1767,1501,-0.1587,0.1639,1.1837,9.625,-42.205,-5.655
3810837,1706,1768,1465,-0.1524,0.1666,1.1768,10.071,-41.463,-5.762
3810847,1877,1765,1498,-0.1425,0.1680,1.1711,10.467,-40.767,-6.062
3810857,1745,1778,1490,-0.1324,0.1681,1.1711,10.663,-40.179,-6.468
3810867,1766,1800,1470,-0.1224,0.1688,1.1686,10.676,-39.558,-6.868
3810877,1880,1772,1448,-0.1129,0.1699,1.1693,10.415,-38.899,-7.203
3810887,1740,1816,1519,-0.1043,0.1699,1.1709,9.826,-38.214,-7.439
3810897,1825,1804,1412,-0.0963,0.1690,1.1737,8.875,-37.441,-7.611
3810907,1791,1761,1465,-0.0880,0.1668,1.1736,7.409,-36.605,-7.753
3810917,1717,1804,1429,-0.0793,0.1639,1.1722,5.482,-35.708,-7.845
3810927,1704,1763,1441,-0.0704,0.1616,1.1700,3.255,-34.830,-7.889
3810937,2005,1806,1449,-0.0612,0.1581,1.1701,0.903,-33.935,-7.954
3810947,1839,1763,1440,-0.0526,0.1535,1.1700,-1.401,-32.987,-8.059
3810957,1792,1766,1473,-0.0448,0.1467,1.1745,-3.528,-31.951,-8.167
3810967,1849,1829,1459,-0.0371,0.1389,1.1754,-5.354,-30.785,-8.269
3810977,1771,1775,1455,-0.0318,0.1304,1.1781,-6.840,-29.472,-8.300
3810987,2041,1782,1460,-0.0279,0.1224,1.1759,-7.903,-28.004,-8.223
3810997,1780,1766,1413,-0.0265,0.1173,1.1728,-8.456,-26.456,-8.018
3811007,1705,1795,1455,-0.0255,0.1141,1.1714,-8.471,-25.041,-7.752
3811017,1752,1795,1425,-0.0238,0.1109,1.1706,-7.766,-23.502,-7.423
3811027,1867,1777,1435,-0.0206,0.1095,1.1712,-6.969,-22.090,-7.063
3811037,1779,1790,1369,-0.0187,0.1079,1.1706,-6.184,-20.775,-6.659
3811047,1801,1807,1455,-0.0150,0.1067,1.1718,-5.479,-19.479,-6.221
3811057,1768,1761,1402,-0.0129,0.1037,1.1726,-4.952,-18.175,-5.746
3811067,1746,1781,1402,-0.0111,0.1016,1.1712,-4.602,-16.834,-5.223
3811077,1712,1762,1387,-0.0099,0.1013,1.1698,-4.330,-15.597,-4.666
3811087,1710,1763,1363,-0.0104,0.1032,1.1632,-4.002,-14.402,-4.118
3811097,1743,1765,1355,-0.0111,0.1061,1.1584,-3.493,-13.327,-3.659
3811107,1814,1777,1343,-0.0116,0.1078,1.1545,-2.760,-12.417,-3.312
3811117,1745,1770,1311,-0.0112,0.1085,1.1522,-1.851,-11.591,-3.000
3811127,1709,1789,1344,-0.0093,0.1095,1.1509,-0.941,-10.939,-2.688
3811137,1771,1768,1295,-0.0056,0.1114,1.1501,-0.006,-10.301,-2.404
3811147,1709,1774,1323,-0.0017,0.1136,1.1506,1.049,-9.753,-2.176
3811157,1711,1778,1273,-0.0001,0.1153,1.1489,2.045,-9.142,-2.025
3811167,2089,1784,1305,0.0002,0.1164,1.1471,2.864,-8.458,-1.910
3811177,1740,1788,1250,0.0011,0.1192,1.1433,3.713,-7.839,-1.760
3811187,1711,1768,1290,0.0008,0.1236,1.1409,4.564,-7.393,-1.682
3811197,1739,1763,1283,0.0022,0.1252,1.1419,5.398,-7.091,-1.720
3811207,1963,1818,1319,0.0056,0.1266,1.1456,6.252,-6.901,-1.828
3811217,1734,1784,1266,0.0086,0.1307,1.1507,7.108,-6.676,-1.942
3811227,1720,1767,1320,0.0116,0.1374,1.1583,7.966,-6.376,-2.053
3811237,1765,1778,1286,0.0127,0.1420,1.1587,8.769,-5.985,-2.278
3811247,1764,1788,1313,0.0142,0.1454,1.1591,9.738,-5.431,-2.610
3811257,1777,1762,1282,0.0171,0.1482,1.1640,10.871,-5.063,-2.923
3811267,1713,1768,1311,0.0175,0.1517,1.1647,12.161,-4.525,-3.179
3811277,1827,1782,1274,0.0182,0.1565,1.1674,13.330,-4.018,-3.343
3811287,1807,1771,1314,0.0180,0.1622,1.1658,14.375,-3.530,-3.482
3811297,1804,1895,1303,0.0185,0.1684,1.1651,15.299,-3.087,-3.623
3811307,1849,1837,1322,0.0181,0.1728,1.1679,16.009,-2.721,-3.778
3811317,1755,1757,1283,0.0162,0.1784,1.1683,16.442,-2.317,-3.911
3811327,1862,1796,1342,0.0159,0.1824,1.1683,16.549,-1.939,-3.981
3811337,1720,1766,1307,0.0159,0.1887,1.1685,16.246,-1.659,-3.957
3811347,1809,1777,1327,0.0177,0.1947,1.1665,15.532,-1.406,-3.871
3811357,1710,1788,1300,0.0181,0.2007,1.1655,14.245,-1.281,-3.708
3811367,1803,1802,1336,0.0174,0.2057,1.1607,12.558,-1.044,-3.487
3811377,1714,1757,1290,0.0164,0.2085,1.1582,10.582,-0.846,-3.245
3811387,1727,1775,1311,0.0147,0.2099,1.1509,8.410,-0.745,-3.034
3811397,1789,1779,1301,0.0136,0.2093,1.1487,6.083,-0.807,-2.890
3811407,1723,1813,1325,0.0117,0.2080,1.1444,3.743,-0.958,-2.798
3811417,1718,1768,1266,0.0098,0.2077,1.1394,1.598,-1.068,-2.709
3811427,1810,1784,1330,0.0080,0.2069,1.1331,-0.263,-1.259,-2.677
3811437,1769,1766,1267,0.0063,0.2035,1.1272,-1.823,-1.471,-2.691
3811447,1841,1789,1314,0.0055,0.1989,1.1221,-3.149,-1.706,-2.709
3811457,1779,1792,1266,0.0054,0.1930,1.1202,-4.278,-1.979,-2.691
3811467,1887,1828,1290,0.0060,0.1882,1.1172,-5.266,-2.247,-2.622
3811477,1840,1759,1252,0.0039,0.1835,1.1134,-6.177,-2.481,-2.524
3811487,1765,1807,1276,0.0032,0.1792,1.1112,-7.029,-2.667,-2.453
3811497,1738,1795,1253,0.0015,0.1753,1.1083,-7.723,-2.866,-2.451
3811507,1780,1765,1274,0.0031,0.1708,1.1079,-8.141,-3.127,-2.498
3811517,1778,1776,1260,0.0052,0.1681,1.1108,-8.205,-3.425,-2.643
3811527,1780,1807,1289,0.0072,0.1651,1.1142,-7.843,-3.657,-2.950
3811537,1736,1766,1259,0.0089,0.1588,1.1209,-7.107,-3.737,-3.462
3811547,1997,1828,1273,0.0113,0.1528,1.1246,-6.000,-3.582,-4.088
3811557,1731,1759,1259,0.0137,0.1493,1.1300,-4.469,-3.253,-4.711
3811567,1789,1817,1275,0.0155,0.1429,1.1394,-2.543,-2.858,-5.415
3811577,1723,1791,1250,0.0160,0.1348,1.1430,-0.323,-2.208,-6.109
3811587,1785,1763,1279,0.0159,0.1283,1.1487,1.976,-1.416,-6.631
3811597,1712,1762,1247,0.0154,0.1268,1.1530,4.210,-0.572,-6.844
3811607,1827,1773,1282,0.0140,0.1288,1.1553,6.184,0.231,-6.785
3811617,1715,1761,1273,0.0127,0.1325,1.1552,7.650,0.912,-6.584
3811627,1723,1755,1257,0.0115,0.1380,1.1538,8.668,1.547,-6.268
3811637,1760,1763,1253,0.0109,0.1433,1.1528,9.374,2.083,-5.858
3811647,1795,1826,1270,0.0102,0.1497,1.1501,9.850,2.520,-5.356
3811657,1734,1774,1247,0.0096,0.1555,1.1471,10.122,2.965,-4.801
3811667,1725,1766,1252,0.0074,0.1605,1.1462,10.191,3.304,-4.268
3811677,1714,1768,1233,0.0042,0.1652,1.1448,10.094,3.573,-3.836
3811687,1718,1770,1228,0.0028,0.1697,1.1422,9.882,3.806,-3.480
3811697,1722,1787,1231,0.0016,0.1761,1.1393,9.615,3.947,-3.150
3811707,1747,1829,1254,-0.0001,0.1807,1.1349,9.319,3.998,-2.838
3811717,1742,1790,1240,-0.0022,0.1858,1.1310,9.017,3.971,-2.573
3811727,1732,1828,1250,-0.0038,0.1905,1.1290,8.693,3.805,-2.361
3811737,1767,1768,1215,-0.0036,0.1953,1.1256,8.312,3.651,-2.199
3811747,1795,1878,1256,-0.0055,0.2009,1.1220,7.979,3.411,-2.078
3811757,1717,1899,1231,-0.0062,0.2046,1.1204,7.518,3.020,-2.073
3811767,1994,1854,1240,-0.0077,0.2077,1.1200,6.905,2.618,-2.177
3811777,1721,1780,1221,-0.0093,0.2090,1.1186,6.232,2.194,-2.257
3811787,1743,1838,1243,-0.0099,0.2104,1.1200,5.545,1.699,-2.258
3811797,1712,1789,1218,-0.0108,0.2126,1.1199,4.805,1.164,-2.164
3811807,2006,1843,1236,-0.0105,0.2138,1.1227,3.985,0.637,-2.040
3811817,1714,1761,1217,-0.0101,0.2158,1.1248,3.054,0.097,-1.898
3811827,1845,1836,1236,-0.0098,0.2163,1.1254,1.911,-0.348,-1.775
3811837,1716,1792,1219,-0.0101,0.2150,1.1256,0.701,-0.679,-1.713
3811847,1741,1865,1230,-0.0097,0.2120,1.1258,-0.486,-0.970,-1.684
3811857,1778,1862,1216,-0.0084,0.2091,1.1259,-1.600,-1.161,-1.677
3811867,1833,1823,1219,-0.0081,0.2042,1.1253,-2.609,-1.326,-1.673
3811877,1724,1772,1218,-0.0078,0.1999,1.1268,-3.465,-1.461,-1.671
3811887,1801,1874,1218,-0.0060,0.1959,1.1264,-4.020,-1.484,-1.695
3811897,1729,1772,1227,-0.0042,0.1896,1.1278,-4.304,-1.429,-1.763
3811907,1714,1853,1218,-0.0031,0.1829,1.1287,-4.320,-1.270,-1.848
3811917,1723,1811,1240,-0.0032,0.1768,1.1272,-4.114,-1.029,-1.906
3811927,1824,1851,1222,-0.0037,0.1700,1.1278,-3.704,-0.772,-1.925
3811937,1758,1787,1231,-0.0039,0.1662,1.1276,-3.074,-0.542,-1.851
