823707,2000,1822,2200,-0.0129,0.1837,1.1338,1.298,4.656,0.136
823717,2069,1777,2180,-0.0128,0.1839,1.1349,1.364,4.620,0.139
823727,1987,1826,2194,-0.0137,0.1841,1.1333,1.422,4.644,0.116
823737,2053,1772,2167,-0.0140,0.1850,1.1316,1.493,4.695,0.151
823747,1982,1823,2204,-0.0132,0.1872,1.1329,1.512,4.647,0.202
823757,2055,1777,2154,-0.0137,0.1870,1.1339,1.515,4.577,0.161
823767,1989,1816,2176,-0.0146,0.1871,1.1327,1.529,4.609,0.113
823777,2049,1768,2133,-0.0133,0.1898,1.1331,1.508,4.613,0.269
823787,1982,1812,2158,-0.0124,0.1910,1.1340,1.436,4.579,0.298
823797,2062,1763,2116,-0.0114,0.1913,1.1340,1.412,4.591,0.241
823807,1971,1806,2140,-0.0116,0.1913,1.1342,1.402,4.628,0.211
823817,2038,1766,2093,-0.0119,0.1917,1.1324,1.417,4.728,0.212
823827,1971,1808,2126,-0.0111,0.1926,1.1306,1.432,4.821,0.260
823837,2025,1767,2085,-0.0119,0.1928,1.1288,1.390,4.815,0.227
823847,1962,1807,2103,-0.0125,0.1924,1.1285,1.311,4.751,0.205
823857,2026,1756,2074,-0.0120,0.1930,1.1294,1.199,4.629,0.245
823867,1951,1804,2095,-0.0116,0.1898,1.1316,1.046,4.410,0.131
823877,2025,1756,2053,-0.0128,0.1867,1.1308,1.027,4.309,-0.042
823887,1961,1809,2079,-0.0114,0.1883,1.1309,1.196,4.320,0.083
823897,2011,1757,2048,-0.0106,0.1894,1.1325,1.364,4.263,0.196
823907,1944,1809,2075,-0.0091,0.1911,1.1333,1.576,4.317,0.204
823917,2011,1745,2028,-0.0078,0.1932,1.1325,1.790,4.424,0.197
823927,1942,1798,2056,-0.0079,0.1966,1.1330,1.846,4.523,0.121
823937,1999,1749,2012,-0.0075,0.1977,1.1324,1.768,4.614,-0.040
823947,1940,1796,2039,-0.0097,0.1980,1.1301,1.583,4.687,-0.202
823957,2008,1748,1991,-0.0105,0.1984,1.1302,1.332,4.731,-0.217
823967,1931,1791,2023,-0.0106,0.1978,1.1314,0.994,4.668,-0.191
823977,2002,1741,1985,-0.0111,0.1951,1.1320,0.711,4.617,-0.197
823987,1925,1787,2016,-0.0112,0.1961,1.1298,0.643,4.736,-0.091
823997,1986,1746,1986,-0.0103,0.1972,1.1332,0.576,4.765,0.055
824007,1922,1783,2010,-0.0106,0.1968,1.1331,0.537,4.813,0.026
824017,1984,1739,1959,-0.0101,0.1977,1.1311,0.595,4.945,0.042
824027,1917,1776,1991,-0.0099,0.1988,1.1312,0.646,4.993,0.091
824037,1979,1730,1932,-0.0093,0.2007,1.1314,0.663,5.003,0.121
824047,1909,1780,1969,-0.0089,0.2026,1.1311,0.667,5.024,0.174
824057,1971,1738,1926,-0.0086,0.2034,1.1309,0.583,5.000,0.195
824067,1911,1775,1959,-0.0090,0.2033,1.1300,0.432,4.940,0.167
824077,1966,1742,1919,-0.0090,0.2038,1.1283,0.251,4.881,0.177
824087,1901,1770,1937,-0.0094,0.2032,1.1274,0.035,4.779,0.162
824097,1965,1736,1904,-0.0094,0.2016,1.1261,-0.170,4.629,0.091
824107,1902,1768,1927,-0.0086,0.2015,1.1255,-0.280,4.497,0.068
824117,1964,1741,1898,-0.0078,0.2003,1.1257,-0.312,4.337,0.092
824127,1896,1771,1906,-0.0072,0.1992,1.1261,-0.282,4.158,0.067
824137,1953,1728,1891,-0.0069,0.1977,1.1267,-0.126,4.028,0.036
824147,1894,1767,1891,-0.0061,0.1985,1.1270,0.129,3.910,0.083
824157,1959,1720,1873,-0.0060,0.2005,1.1281,0.381,3.784,0.173
824167,1885,1769,1877,-0.0055,0.2026,1.1297,0.583,3.632,0.271
824177,1974,1714,1860,-0.0049,0.2039,1.1299,0.695,3.538,0.383
824187,1902,1781,1871,-0.0043,0.2047,1.1320,0.664,3.455,0.516
824197,1993,1729,1855,-0.0031,0.2061,1.1340,0.432,3.369,0.742
824207,1861,1780,1860,-0.0030,0.2086,1.1352,0.066,3.361,0.966
824217,1925,1720,1841,-0.0033,0.2112,1.1332,-0.380,3.431,1.216
824227,1908,1747,1850,-0.0034,0.2123,1.1326,-0.923,3.410,1.428
824237,1934,1699,1832,-0.0028,0.2132,1.1337,-1.509,3.224,1.586
824247,1875,1800,1851,-0.0011,0.2130,1.1361,-2.085,3.014,1.709
824257,1902,1733,1835,0.0003,0.2116,1.1396,-2.738,2.795,1.799
824267,1887,1775,1829,0.0016,0.2110,1.1410,-3.505,2.610,1.941
824277,1953,1718,1828,0.0031,0.2143,1.1409,-4.298,2.525,2.218
824287,1910,1761,1826,0.0037,0.2167,1.1393,-5.065,2.431,2.536
824297,1924,1700,1818,0.0026,0.2183,1.1375,-5.815,2.228,2.814
824307,1873,1739,1807,0.0001,0.2175,1.1384,-6.544,1.910,3.141
824317,1925,1721,1809,-0.0007,0.2192,1.1412,-7.404,1.379,3.706
824327,1848,1725,1789,0.0020,0.2227,1.1420,-8.507,0.663,4.584
824337,1909,1706,1782,0.0052,0.2235,1.1500,-9.954,-0.337,5.537
824347,1846,1708,1781,0.0103,0.2235,1.1518,-11.856,-1.516,6.591
824357,1886,1709,1770,0.0157,0.2256,1.1473,-13.843,-2.433,8.043
824367,1928,1742,1770,0.0188,0.2361,1.1507,-16.319,-3.706,9.772
824377,1930,1712,1671,0.0324,0.2323,1.1603,-19.138,-5.133,11.444
824387,1965,1781,1721,0.0305,0.2006,1.1601,-22.560,-6.551,11.923
824397,1960,1716,1480,0.0378,0.1959,1.1576,-25.725,-7.573,13.837
824407,2038,1707,1698,0.0429,0.1959,1.1659,-29.076,-8.556,17.385
824417,1891,1721,1540,0.0359,0.1872,1.1726,-32.957,-9.855,19.741
824427,2057,1768,1604,0.0393,0.1832,1.1676,-36.386,-10.510,22.066
824437,2002,1736,1526,0.0482,0.1670,1.1514,-39.450,-10.960,24.192
824447,1969,1757,1551,0.0546,0.1507,1.1479,-41.741,-11.857,25.708
824457,1865,1705,1507,0.0634,0.1447,1.1620,-43.468,-13.103,27.372
824467,1792,1764,1539,0.0650,0.1313,1.1546,-44.264,-13.396,28.285
824477,1947,1712,1513,0.0681,0.1247,1.1459,-43.812,-13.068,28.792
824487,1987,1719,1458,0.0695,0.1184,1.1442,-42.708,-13.177,28.900
824497,1912,1711,1450,0.0717,0.1065,1.1420,-40.834,-13.359,28.169
824507,1987,1753,1340,0.0776,0.0956,1.1448,-38.648,-13.595,27.049
824517,1972,1743,1511,0.0823,0.0852,1.1426,-36.353,-13.641,25.724
824527,1955,1777,1465,0.0870,0.0803,1.1392,-34.019,-13.506,24.420
824537,2034,1787,1536,0.0932,0.0807,1.1446,-31.996,-13.396,23.134
824547,1780,1739,1456,0.0958,0.0799,1.1488,-30.228,-13.128,21.468
824557,1961,1721,1437,0.0968,0.0786,1.1500,-28.350,-12.561,19.502
824567,1867,1828,1509,0.0982,0.0767,1.1493,-26.297,-11.999,17.464
824577,2187,1708,1410,0.1024,0.0714,1.1473,-23.814,-11.418,15.139
824587,1880,1760,1404,0.1076,0.0572,1.1516,-21.055,-10.912,12.426
824597,1988,1708,1383,0.1116,0.0377,1.1592,-18.361,-10.419,9.533
824607,1957,1782,1389,0.1149,0.0210,1.1643,-16.034,-9.638,7.070
824617,2057,1745,1355,0.1177,0.0118,1.1676,-14.164,-8.523,5.439
824627,1905,1731,1351,0.1170,0.0146,1.1757,-12.639,-7.397,4.598
824637,1973,1702,1328,0.1143,0.0223,1.1873,-11.487,-6.338,4.209
824647,1877,1738,1270,0.1124,0.0313,1.1995,-10.671,-5.207,3.851
824657,1819,1709,1246,0.1101,0.0405,1.2154,-10.283,-4.085,3.459
824667,2024,1711,1213,0.1067,0.0512,1.2352,-10.309,-2.843,2.963
824677,1812,1704,1245,0.1028,0.0616,1.2533,-10.593,-1.287,2.341
824687,1804,1761,1188,0.0984,0.0715,1.2695,-11.132,0.469,1.582
824697,1905,1744,1183,0.0931,0.0781,1.2831,-11.821,2.402,0.609
824707,1805,1782,1176,0.0895,0.0809,1.2980,-12.521,4.398,-0.489
824717,1893,1717,1169,0.0860,0.0773,1.3145,-13.286,6.431,-1.615
824727,1817,1748,1172,0.0840,0.0718,1.3292,-14.103,8.625,-2.483
824737,1837,1723,1147,0.0814,0.0649,1.3431,-14.967,10.988,-2.880
824747,1800,1730,1158,0.0764,0.0597,1.3565,-15.874,13.430,-2.738
824757,1852,1709,1161,0.0699,0.0593,1.3670,-16.668,15.928,-1.990
824767,1801,1760,1174,0.0626,0.0592,1.3746,-17.312,18.461,-0.897
824777,1882,1708,1166,0.0560,0.0574,1.3837,-17.820,20.874,0.120
824787,1838,1743,1184,0.0505,0.0507,1.3887,-18.163,23.222,0.917
824797,1892,1698,1151,0.0464,0.0410,1.3903,-18.408,25.573,1.664
824807,1852,1728,1123,0.0430,0.0304,1.3889,-18.464,27.909,2.577
824817,1863,1698,1064,0.0410,0.0200,1.3832,-18.343,30.203,3.700
824827,1755,1701,1048,0.0404,0.0082,1.3742,-18.080,32.414,4.920
824837,1848,1699,967,0.0380,-0.0035,1.3577,-17.697,34.653,6.163
824847,1804,1699,896,0.0377,-0.0140,1.3351,-17.199,36.878,7.405
824857,1829,1702,876,0.0348,-0.0252,1.3045,-16.502,38.963,8.461
824867,1774,1714,872,0.0296,-0.0362,1.2669,-15.563,40.864,9.359
824877,1815,1710,886,0.0215,-0.0455,1.2224,-14.432,42.323,10.077
824887,1693,1698,868,0.0150,-0.0591,1.1757,-13.252,43.110,10.609
824897,1783,1702,891,0.0059,-0.0768,1.1270,-12.196,43.002,10.948
824907,1635,1694,869,-0.0050,-0.0865,1.0825,-11.235,41.908,11.605
824917,1668,1697,870,-0.0137,-0.0903,1.0374,-10.397,40.086,12.635
824927,1633,1693,887,-0.0237,-0.0840,0.9926,-9.703,37.571,13.402
824937,1669,1720,948,-0.0248,-0.0821,0.9535,-8.932,34.358,13.527
824947,1571,1695,880,-0.0213,-0.0926,0.9191,-8.047,30.184,12.444
824957,1631,1717,959,-0.0128,-0.1045,0.8980,-6.930,25.536,11.416
824967,1541,1693,877,-0.0011,-0.1157,0.8869,-5.827,20.559,10.952
824977,1599,1715,945,0.0045,-0.1275,0.8800,-4.788,15.716,10.851
824987,1611,1699,874,0.0129,-0.1359,0.8782,-3.794,11.119,11.372
824997,1540,1710,916,0.0189,-0.1453,0.8900,-3.132,6.475,12.407
825007,1549,1701,875,0.0217,-0.1472,0.9034,-2.473,2.046,14.113
825017,1607,1738,881,0.0231,-0.1329,0.9101,-1.260,-1.725,16.700
825027,1546,1753,880,0.0243,-0.1170,0.9167,0.738,-5.065,19.113
825037,1549,1724,879,0.0262,-0.1103,0.9272,3.748,-8.301,20.384
825047,1667,1754,897,0.0282,-0.1065,0.9419,7.955,-11.273,20.855
825057,1636,1746,893,0.0309,-0.0958,0.9581,13.443,-13.777,21.282
825067,1639,1697,915,0.0308,-0.0816,0.9720,20.015,-15.880,21.830
825077,1603,1755,904,0.0282,-0.0640,0.9815,27.547,-17.486,22.483
825087,1598,1704,894,0.0278,-0.0438,0.9927,35.470,-18.930,23.244
825097,1548,1753,930,0.0292,-0.0309,1.0045,43.063,-20.408,23.876
825107,1755,1701,1106,0.0313,-0.0190,1.0111,49.882,-21.822,24.714
825117,1688,1700,909,0.0343,-0.0082,1.0179,55.488,-23.279,26.189
825127,1921,1717,909,0.0377,0.0002,1.0310,59.248,-25.197,28.328
825137,1684,1784,916,0.0327,0.0205,1.0466,60.762,-27.591,31.286
825147,1741,1710,890,0.0262,0.0715,1.0447,60.342,-30.014,35.100
825157,1676,1815,895,0.0243,0.1164,1.0221,58.471,-32.625,38.409
825167,1562,1735,927,0.0240,0.1431,0.9953,55.019,-36.620,39.571
825177,1612,1702,975,0.0341,0.1629,0.9747,49.966,-42.182,39.892
825187,1583,1695,968,0.0467,0.1533,0.9417,43.427,-48.952,39.487
825197,1551,1852,1017,0.0532,0.1228,0.9059,35.738,-57.086,38.629
825207,1619,1732,995,0.0680,0.1052,0.9133,27.605,-67.219,39.144
825217,1575,1933,1026,0.0931,0.0910,0.9427,19.541,-77.980,40.847
825227,1628,1824,1511,0.1237,0.0681,0.9523,12.704,-87.369,42.335
825237,1698,1882,1162,0.1610,0.0466,0.9506,8.060,-95.346,43.724
825247,1560,1694,906,0.1994,0.0346,0.9437,5.881,-102.391,45.368
825257,1649,1863,905,0.2377,0.0347,0.9507,6.535,-108.696,47.208
825267,1572,1718,964,0.2806,0.0307,0.9781,9.993,-114.319,48.472
825277,1622,1772,934,0.3204,0.0190,1.0053,16.299,-118.529,48.505
825287,1564,1698,955,0.3639,0.0181,1.0379,25.404,-120.729,48.197
825297,1545,1797,1129,0.4075,0.0283,1.0731,36.188,-120.860,47.788
825307,1635,1695,900,0.4451,0.0462,1.1034,47.617,-118.962,46.929
825317,1684,1755,1008,0.4779,0.0715,1.1330,58.984,-115.309,45.679
825327,1629,1695,979,0.5045,0.1008,1.1673,69.652,-110.397,44.057
825337,1561,1746,1132,0.5278,0.1362,1.1944,79.309,-104.173,42.068
825347,1707,1707,1038,0.5366,0.1698,1.2058,88.155,-96.237,39.469
825357,1570,1718,929,0.5451,0.2109,1.2192,96.230,-87.547,36.469
825367,1567,1756,938,0.5482,0.2527,1.2329,103.376,-78.434,33.135
825377,1574,1743,998,0.5494,0.2961,1.2362,109.434,-68.621,29.326
825387,1555,1719,926,0.5490,0.3344,1.2343,114.060,-58.277,25.338
825397,1558,1775,991,0.5466,0.3669,1.2240,116.591,-47.760,21.267
825407,1558,1706,917,0.5404,0.3989,1.2171,116.597,-37.610,17.601
825417,1586,1736,929,0.5318,0.4291,1.2044,113.946,-27.769,14.454
825427,1559,1711,991,0.5254,0.4545,1.1787,108.707,-18.370,11.575
825437,1696,1776,1336,0.5182,0.4771,1.1551,101.116,-10.094,8.647
825447,1576,1737,1032,0.5085,0.4868,1.1311,91.929,-2.955,5.215
825457,1681,1770,960,0.4952,0.4882,1.1105,82.159,3.294,1.191
825467,1561,1695,923,0.4819,0.4878,1.0873,72.724,8.951,-2.870
825477,1844,1775,951,0.4696,0.4843,1.0598,64.343,14.207,-6.711
825487,1819,1764,978,0.4614,0.4747,1.0359,57.063,18.648,-10.146
825497,1948,1798,1071,0.4537,0.4656,1.0176,50.586,22.295,-12.870
825507,1959,1714,1227,0.4432,0.4530,0.9824,43.475,25.357,-14.290
825517,1668,1786,1537,0.4344,0.4367,0.9555,36.453,27.079,-15.247
825527,1902,1781,939,0.4272,0.4185,0.9400,29.754,27.756,-15.923
825537,1615,1915,1012,0.4199,0.4052,0.9321,23.925,28.052,-16.195
825547,1719,1790,1018,0.4096,0.4001,0.9280,19.125,28.227,-16.204
825557,2196,1698,925,0.4049,0.3996,0.9235,15.364,28.229,-16.167
825567,2021,1720,967,0.4040,0.3971,0.9176,12.786,28.246,-16.358
825577,2108,1780,1010,0.4076,0.3875,0.9280,11.190,28.102,-16.739
825587,2717,1720,1129,0.4149,0.3772,0.9460,10.332,28.038,-16.948
825597,2270,1709,968,0.4114,0.3763,0.9432,10.390,28.876,-16.649
825607,1671,1819,1192,0.4063,0.3948,0.9554,10.890,29.983,-15.587
825617,2143,1791,1102,0.3998,0.4052,0.9831,10.740,30.392,-14.992
825627,1572,1886,1695,0.3869,0.4101,0.9950,10.358,31.147,-15.385
825637,2803,1695,1019,0.3921,0.4057,1.0077,9.792,32.005,-15.641
825647,3921,1719,1453,0.3832,0.3721,0.9710,9.285,32.830,-16.553
825657,2089,1854,1223,0.3821,0.3298,0.8957,10.664,33.860,-17.046
825667,2070,1839,1229,0.3711,0.2843,0.8574,13.631,32.923,-16.573
825677,1791,1839,3184,0.3512,0.2619,0.8433,19.089,30.530,-15.035
825687,1780,1688,1469,0.3274,0.2826,0.8491,27.086,28.706,-11.566
825697,2267,1807,1162,0.3275,0.3220,0.9047,34.866,26.428,-7.494
825707,2542,2123,1190,0.3329,0.3605,0.9486,40.184,24.223,-4.017
825717,2976,1755,950,0.3411,0.4019,0.9509,43.299,23.538,-0.509
825727,1664,1745,1651,0.3540,0.4277,0.9607,43.339,22.371,2.742
825737,2165,1709,1219,0.3505,0.4247,0.9501,40.686,20.478,4.257
825747,2130,1695,1211,0.3437,0.4253,0.9247,37.924,19.186,5.414
825757,2024,1689,1212,0.3366,0.4347,0.9164,35.239,17.416,6.734
825767,2178,1699,1340,0.3312,0.4476,0.9215,33.293,15.471,7.677
825777,1805,1724,1232,0.3361,0.4775,0.9445,32.160,13.833,8.935
825787,1613,1706,1317,0.3424,0.4995,0.9456,31.047,12.997,10.259
825797,1678,1701,1278,0.3382,0.5074,0.9351,29.539,12.751,10.697
825807,2101,1824,963,0.3415,0.5203,0.9523,27.041,11.721,11.094
825817,1898,2162,1126,0.3417,0.5276,0.9519,23.849,10.857,11.365
825827,2359,1712,944,0.3389,0.5258,0.9220,20.834,10.864,11.281
825837,2222,1794,982,0.3411,0.5239,0.9265,17.560,9.822,11.274
825847,2104,1764,1043,0.3402,0.5218,0.9288,14.685,8.431,11.071
825857,2106,1759,1104,0.3400,0.5261,0.9181,13.329,8.207,10.873
825867,1589,1817,976,0.3422,0.5363,0.9287,12.228,7.783,10.791
825877,1975,1875,1792,0.3436,0.5472,0.9458,11.084,7.342,10.338
825887,1830,1715,1048,0.3495,0.5641,0.9561,9.810,7.481,9.998
825897,1661,1832,964,0.3533,0.5661,0.9538,8.414,8.140,9.253
825907,2422,1780,1084,0.3562,0.5609,0.9561,6.730,8.623,7.973
825917,1697,1820,955,0.3549,0.5563,0.9497,4.986,9.014,6.723
825927,1659,1719,1040,0.3498,0.5419,0.9282,3.984,9.788,5.400
825937,1935,1937,1392,0.3482,0.5312,0.9308,3.666,9.868,4.112
825947,2038,1757,1148,0.3444,0.5263,0.9294,4.149,9.869,3.097
825957,1717,1801,987,0.3404,0.5265,0.9180,5.627,10.559,2.300
825967,1629,1831,1938,0.3431,0.5283,0.9249,7.211,10.679,1.577
825977,1637,1753,1042,0.3443,0.5252,0.9320,8.928,10.649,0.612
825987,2237,1696,1039,0.3425,0.5265,0.9291,10.740,11.169,-0.135
825997,1667,1898,1140,0.3413,0.5279,0.9251,12.132,11.607,-0.639
826007,1601,1723,993,0.3380,0.5250,0.9181,13.073,11.725,-1.360
826017,2068,1812,1026,0.3370,0.5206,0.9130,13.888,11.656,-2.081
826027,2125,1779,1052,0.3329,0.5167,0.9047,14.702,11.532,-2.748
826037,1656,1697,976,0.3256,0.5143,0.8941,15.724,11.533,-3.295
826047,1544,1694,1101,0.3180,0.5193,0.8972,16.644,11.195,-3.563
826057,1860,1741,1020,0.3147,0.5316,0.8973,17.126,10.701,-3.514
826067,1587,1713,966,0.3114,0.5422,0.8877,17.114,10.362,-3.408
826077,1573,1743,1026,0.3112,0.5487,0.8895,16.385,9.545,-3.576
826087,1744,1918,962,0.3149,0.5516,0.8921,14.899,8.311,-3.878
826097,2237,2096,1474,0.3158,0.5498,0.8930,13.156,7.317,-4.271
826107,1759,1723,1002,0.3188,0.5573,0.8979,10.837,6.117,-4.262
826117,1568,1752,1447,0.3232,0.5643,0.8985,8.455,5.012,-3.917
826127,1694,1735,1079,0.3341,0.5620,0.9199,5.754,3.539,-3.676
826137,1765,1970,1136,0.3451,0.5579,0.9586,2.010,1.950,-3.622
826147,1590,1926,1586,0.3485,0.5653,0.9769,-2.338,1.900,-3.094
826157,1638,1774,994,0.3547,0.5760,0.9727,-7.017,3.156,-2.205
826167,1590,1863,1423,0.3567,0.5634,0.9495,-11.808,4.184,-2.407
826177,1665,1792,1193,0.3411,0.5455,0.9174,-15.423,4.572,-3.861
826187,1756,1846,1376,0.3239,0.5404,0.8887,-17.379,4.167,-5.106
826197,1714,1935,1264,0.3119,0.5268,0.8700,-17.956,2.938,-6.410
826207,1575,1724,991,0.3121,0.5078,0.8764,-17.616,0.896,-7.608
826217,1672,1798,1279,0.3069,0.5155,0.9034,-16.954,-1.157,-7.150
826227,1724,1883,1195,0.3170,0.5340,0.9161,-16.573,-2.013,-4.984
826237,1561,1833,1222,0.3148,0.5395,0.9253,-16.427,-2.107,-3.551
826247,1558,1792,1020,0.3292,0.5469,0.9427,-16.155,-2.454,-2.176
826257,1940,1742,1237,0.3317,0.5449,0.9401,-15.931,-2.362,-1.344
826267,1642,1701,1182,0.3346,0.5432,0.9467,-16.078,-2.266,-1.139
826277,1588,1925,1884,0.3353,0.5352,0.9479,-16.701,-2.505,-1.379
826287,1562,1766,1022,0.3387,0.5255,0.9445,-16.606,-2.471,-2.082
826297,1867,1753,3420,0.3529,0.5207,0.9637,-16.247,-2.703,-2.388
826307,1786,1696,1252,0.3525,0.5140,0.9746,-15.635,-2.294,-3.148
826317,1637,1794,1145,0.3637,0.5236,1.0042,-14.350,-1.158,-3.148
826327,1580,1745,989,0.3673,0.5345,1.0212,-13.496,0.340,-2.761
826337,1566,1841,1086,0.3703,0.5437,1.0084,-12.938,2.794,-2.718
826347,1563,1701,1053,0.3770,0.5378,1.0124,-13.580,4.491,-2.986
826357,1657,1702,1094,0.3681,0.5152,1.0019,-15.077,5.460,-4.252
826367,1791,1746,1644,0.3612,0.5072,0.9768,-15.336,6.975,-4.787
826377,1600,1793,1141,0.3570,0.5013,0.9733,-14.855,8.016,-4.677
826387,1639,1851,1840,0.3544,0.4853,0.9762,-13.920,8.541,-5.188
826397,1564,1916,1147,0.3500,0.4830,0.9727,-12.024,9.569,-5.316
826407,1570,1974,1260,0.3482,0.4962,0.9744,-9.708,10.753,-4.583
826417,1637,1738,1221,0.3466,0.4962,0.9810,-7.889,11.484,-4.410
826427,1720,1822,1077,0.3383,0.4888,0.9676,-6.317,12.294,-4.900
826437,1571,1824,1136,0.3351,0.4888,0.9620,-4.711,12.987,-4.901
826447,1601,1780,1950,0.3300,0.4869,0.9606,-3.633,12.977,-4.814
826457,1657,1888,1106,0.3231,0.4862,0.9431,-2.539,13.132,-4.833
826467,1611,1756,1077,0.3220,0.4835,0.9311,-1.374,13.041,-4.450
826477,1584,1764,1180,0.3162,0.4778,0.9297,-0.468,12.200,-4.176
826487,1589,1916,1218,0.3120,0.4825,0.9265,0.400,11.457,-3.526
826497,1564,1863,1085,0.3109,0.4909,0.9271,0.894,10.801,-2.565
826507,1573,1696,1082,0.3102,0.4960,0.9284,0.775,9.910,-1.927
826517,1593,1758,1384,0.3094,0.5008,0.9251,0.276,8.969,-1.446
826527,1600,1710,1075,0.3060,0.5070,0.9203,-0.473,8.022,-0.996
826537,1754,1826,1094,0.3071,0.5109,0.9233,-1.280,6.942,-0.568
826547,1602,1700,988,0.3106,0.5074,0.9321,-2.075,5.796,-0.347
826557,1699,2027,991,0.3104,0.5088,0.9310,-2.691,5.058,-0.208
826567,1668,1818,1010,0.3090,0.5212,0.9183,-2.838,4.815,0.385
826577,2306,1914,1098,0.3085,0.5242,0.9010,-2.211,4.488,0.603
826587,2407,1944,1052,0.3144,0.5109,0.8863,-0.696,3.703,0.134
826597,2585,1729,1139,0.3302,0.4861,0.8797,1.737,2.690,-0.389
826607,2769,1713,1150,0.3426,0.4589,0.8826,4.575,1.630,-0.451
826617,1770,2031,2109,0.3527,0.4474,0.8930,7.765,1.089,0.396
826627,2598,2453,1101,0.3708,0.4522,0.9447,10.982,0.734,2.524
826637,2017,1856,1188,0.3682,0.4587,0.9990,12.932,0.835,4.478
826647,1971,1764,1131,0.3452,0.4857,1.0118,13.099,2.776,6.613
826657,1711,1797,1128,0.3412,0.5100,1.0077,10.442,5.020,8.977
826667,2560,1693,1007,0.3436,0.4660,0.9809,5.337,5.275,9.071
826677,2813,1990,1132,0.3515,0.4127,0.9749,1.025,4.191,8.331
826687,1977,1733,1618,0.3639,0.4037,1.0069,-1.936,2.714,10.301
826697,1846,1707,1538,0.3567,0.4188,1.0090,-3.405,3.392,12.620
826707,1604,2077,1070,0.3639,0.4560,1.0286,-3.605,5.121,14.682
826717,2306,1911,1086,0.3612,0.4804,1.0351,-3.412,6.589,15.576
826727,1848,1741,1472,0.3580,0.4978,1.0032,-1.681,9.106,15.658
826737,2573,1779,1539,0.3567,0.4983,0.9923,0.734,10.689,15.294
826747,2026,1934,1084,0.3474,0.4836,0.9911,3.431,11.067,13.470
826757,1858,1895,1166,0.3402,0.4904,0.9664,7.159,12.001,12.090
826767,1631,1729,1207,0.3383,0.5063,0.9335,11.896,13.284,11.476
826777,1700,2221,1088,0.3393,0.5126,0.9388,16.360,13.068,10.367
826787,1627,1753,1135,0.3330,0.5271,0.9461,19.903,12.358,8.913
826797,1700,1870,1293,0.3316,0.5549,0.9322,23.164,12.757,8.435
826807,1733,1930,1286,0.3325,0.5727,0.9327,25.308,12.731,7.899
826817,1615,1889,1063,0.3345,0.5781,0.9418,25.707,11.694,6.752
826827,2583,1817,1334,0.3360,0.5823,0.9339,25.169,11.019,5.719
826837,1885,1924,1413,0.3346,0.5893,0.9281,23.935,10.459,5.016
826847,1594,1856,1250,0.3319,0.5911,0.9160,22.202,9.731,4.253
826857,1569,1738,1131,0.3327,0.5870,0.9078,20.506,8.959,3.573
826867,2317,1817,1159,0.3312,0.5872,0.9143,18.380,7.693,3.055
826877,1638,1905,1421,0.3343,0.5934,0.9265,16.054,6.675,2.773
826887,2338,1792,1097,0.3414,0.6028,0.9377,13.218,5.988,2.607
826897,1702,1908,1105,0.3441,0.6038,0.9363,10.049,5.796,2.061
826907,2719,1697,1059,0.3480,0.5996,0.9502,6.799,5.572,1.367
826917,1688,1886,1175,0.3507,0.5907,0.9633,3.693,5.366,0.400
826927,1982,1814,1094,0.3517,0.5868,0.9637,1.409,5.854,-0.470
826937,1828,1701,1228,0.3487,0.5811,0.9466,0.062,6.942,-1.228
826947,1691,1739,1143,0.3453,0.5666,0.9398,-0.381,7.626,-2.415
826957,1843,1837,1148,0.3393,0.5548,0.9440,0.012,7.846,-3.876
826967,1582,1734,1246,0.3347,0.5571,0.9405,1.632,8.650,-4.854
826977,1933,1823,1268,0.3312,0.5663,0.9405,3.618,9.663,-5.356
826987,1806,1825,1171,0.3293,0.5735,0.9429,5.182,10.396,-5.920
826997,1854,1849,1259,0.3274,0.5758,0.9385,6.146,11.084,-6.619
827007,2425,1800,1060,0.3224,0.5750,0.9320,6.423,11.638,-7.311
827017,1988,1775,1053,0.3152,0.5749,0.9253,6.072,11.931,-7.894
827027,1623,1804,1164,0.3123,0.5784,0.9234,5.222,11.966,-8.129
827037,1687,1750,1054,0.3112,0.5766,0.9204,3.865,11.690,-8.318
827047,1564,1794,1045,0.3108,0.5716,0.9215,2.324,11.235,-8.629
827057,1605,1851,1147,0.3099,0.5684,0.9222,0.832,10.763,-8.925
827067,1597,1767,1343,0.3083,0.5671,0.9249,-0.327,10.525,-9.230
827077,1658,1700,1368,0.3071,0.5665,0.9271,-1.105,10.381,-9.522
827087,1650,1763,1087,0.3045,0.5643,0.9227,-1.347,10.359,-9.782
827097,1852,1750,1599,0.3008,0.5610,0.9188,-1.442,10.188,-9.921
827107,1570,1706,1178,0.3034,0.5550,0.9321,-1.708,9.522,-9.864
827117,1942,1857,1322,0.3096,0.5499,0.9616,-2.251,8.713,-9.536
827127,1641,1820,2147,0.3171,0.5582,0.9946,-3.217,8.711,-8.592
827137,1849,1991,1132,0.3185,0.5778,1.0091,-4.977,9.959,-7.317
827147,1720,1734,1044,0.3193,0.5885,0.9907,-7.406,11.922,-6.725
827157,1770,2202,1374,0.3020,0.5783,0.9294,-9.893,13.537,-7.762
827167,1748,1818,1646,0.2739,0.5586,0.8574,-11.051,14.164,-10.192
827177,1657,1875,1161,0.2527,0.5322,0.8272,-10.779,12.566,-12.960
827187,1999,2819,1197,0.2556,0.4979,0.8432,-9.773,9.121,-15.339
827197,1634,1989,1096,0.2587,0.4809,0.8764,-8.590,6.069,-16.014
827207,1659,1808,1092,0.2620,0.5100,0.8912,-8.181,5.022,-13.279
827217,1746,1788,1211,0.2627,0.5573,0.9038,-9.375,5.002,-9.329
827227,1966,1755,1113,0.2828,0.5808,0.9428,-12.879,4.302,-6.638
827237,1647,1871,1083,0.2931,0.5724,0.9568,-18.725,3.450,-5.778
827247,1601,1837,1097,0.2950,0.5672,0.9420,-25.187,3.674,-4.988
827257,1696,1716,1159,0.3004,0.5575,0.9549,-32.628,3.099,-3.722
827267,1739,2369,1188,0.2959,0.5290,0.9613,-40.461,1.772,-3.926
827277,1648,1907,1378,0.2986,0.5106,0.9606,-46.131,1.310,-3.993
827287,1731,1724,1283,0.2976,0.5039,0.9616,-49.676,1.284,-3.409
827297,1639,1878,1107,0.3042,0.4944,0.9735,-50.488,1.656,-2.974
827307,1643,1897,1047,0.3151,0.4707,0.9893,-49.010,2.272,-2.697
827317,1578,1757,1169,0.3052,0.4597,0.9776,-45.801,3.625,-2.570
827327,1972,1861,1232,0.3086,0.4681,0.9696,-41.055,5.496,-1.403
827337,1594,1938,1700,0.3117,0.4455,0.9770,-36.361,5.986,-1.293
827347,2294,1868,1398,0.2966,0.4275,0.9646,-31.535,6.214,-2.406
827357,1788,2080,1085,0.3016,0.4425,0.9561,-25.916,6.852,-1.452
827367,1638,1708,1100,0.2961,0.4380,0.9468,-20.315,6.773,-0.962
827377,1710,1807,1137,0.2971,0.4319,0.9580,-14.550,6.164,-1.385
827387,1596,1741,1625,0.3006,0.4462,0.9750,-9.269,5.549,-0.707
827397,1614,1808,1103,0.2994,0.4625,0.9650,-4.254,5.976,0.225
827407,1788,1882,1210,0.3009,0.4741,0.9687,-0.083,6.246,1.048
827417,2739,1710,1596,0.2990,0.4822,0.9774,2.496,5.744,1.465
827427,1642,1803,1097,0.2998,0.4874,0.9649,4.146,5.581,1.784
827437,2114,1780,1100,0.3024,0.4857,0.9716,4.605,4.949,1.877
827447,1828,1765,1097,0.3012,0.4874,0.9858,3.865,3.728,1.806
827457,2124,1715,1137,0.3048,0.4998,0.9858,3.076,3.447,2.402
827467,1627,1794,1228,0.3051,0.5054,0.9835,1.971,3.393,2.918
827477,1982,1751,1282,0.3062,0.5056,0.9895,0.502,2.953,2.760
827487,1611,1863,1337,0.3074,0.5016,0.9828,-0.740,2.855,2.557
827497,1603,1772,1114,0.3056,0.4922,0.9727,-1.452,3.116,2.250
827507,1625,1860,1358,0.3026,0.4906,0.9711,-2.002,2.996,2.085
827517,2204,2228,1126,0.3010,0.4915,0.9634,-1.992,3.054,2.122
827527,1645,1899,1814,0.2979,0.4905,0.9536,-1.657,3.031,1.870
827537,1593,1941,2528,0.2962,0.4892,0.9510,-1.140,2.725,1.405
827547,2114,1984,1180,0.2997,0.4870,0.9608,-0.445,2.315,0.945
827557,1723,1841,1320,0.3020,0.4895,0.9727,0.101,2.085,0.511
827567,1705,1787,1153,0.3040,0.5025,0.9872,0.651,2.379,0.312
827577,1997,1708,1071,0.3101,0.5093,0.9940,0.694,2.822,0.023
827587,2225,1706,1150,0.3078,0.5026,0.9870,0.391,3.558,-0.970
827597,1873,1973,1378,0.3080,0.4970,0.9816,-0.052,4.256,-1.758
827607,1644,1823,1065,0.3064,0.4895,0.9788,-0.458,4.823,-2.353
827617,2874,1968,1731,0.3016,0.4854,0.9749,-0.981,5.343,-2.973
827627,1699,1734,1417,0.2959,0.4848,0.9655,-1.283,5.987,-3.329
827637,1603,1774,1069,0.2936,0.4827,0.9657,-1.487,6.334,-3.486
827647,1799,1725,1173,0.2892,0.4811,0.9678,-1.700,6.436,-3.770
827657,2004,1726,1156,0.2891,0.4827,0.9660,-1.626,6.730,-3.806
827667,2663,1751,1367,0.2881,0.4851,0.9710,-1.438,6.996,-3.836
827677,2707,1764,1254,0.2888,0.4891,0.9834,-1.365,7.080,-4.027
827687,1915,1794,1148,0.2902,0.4951,0.9894,-1.254,7.476,-4.345
827697,1618,1772,1381,0.2900,0.4954,0.9881,-1.051,8.356,-4.888
827707,1794,1780,1140,0.2878,0.4918,0.9888,-0.830,9.179,-5.671
827717,1592,1927,1079,0.2850,0.4934,0.9946,-0.585,9.886,-6.293
827727,1795,1784,1113,0.2811,0.4963,0.9935,-0.275,10.892,-6.723
827737,1880,1788,1324,0.2795,0.4966,0.9954,-0.164,11.789,-7.292
827747,1753,1857,1183,0.2770,0.4993,1.0027,-0.384,12.473,-7.937
827757,1613,1934,1570,0.2745,0.5029,0.9988,-0.619,13.500,-8.412
827767,1732,1713,1233,0.2713,0.5047,0.9972,-0.978,14.548,-8.938
827777,1582,1810,1078,0.2691,0.5052,1.0023,-1.793,15.268,-9.591
827787,1573,1787,1165,0.2696,0.5085,1.0065,-2.853,16.037,-10.130
827797,1924,1901,1347,0.2689,0.5117,1.0086,-4.181,16.768,-10.521
827807,2044,1820,1281,0.2648,0.5133,1.0022,-5.579,17.521,-10.892
827817,1596,1912,1224,0.2602,0.5107,0.9985,-6.894,18.239,-11.119
827827,1615,1841,1091,0.2573,0.5050,1.0076,-8.550,18.417,-11.540
827837,1803,1775,1368,0.2529,0.5050,1.0107,-10.221,18.704,-11.845
827847,1693,1851,1225,0.2515,0.5076,1.0073,-11.435,19.495,-11.817
827857,1678,1868,1089,0.2490,0.5046,1.0121,-12.734,19.903,-12.127
827867,2056,1950,1354,0.2478,0.4968,1.0170,-14.004,19.972,-12.724
827877,1884,1847,1185,0.2449,0.4900,1.0097,-14.755,20.405,-13.047
827887,1756,1873,1082,0.2411,0.4820,1.0026,-15.060,20.801,-13.016
827897,2115,1886,1157,0.2383,0.4762,1.0048,-15.119,20.724,-12.821
827907,1715,1750,1131,0.2344,0.4725,1.0036,-14.896,20.634,-12.413
827917,1606,1873,1089,0.2322,0.4724,1.0004,-14.577,20.673,-11.826
827927,1614,1830,1251,0.2295,0.4689,1.0020,-14.642,20.401,-11.362
827937,1568,1778,1453,0.2259,0.4654,1.0047,-14.966,19.966,-11.012
827947,1627,1804,1243,0.2243,0.4642,1.0079,-15.485,19.494,-10.441
827957,1741,1841,1250,0.2204,0.4602,1.0082,-16.142,19.056,-9.921
827967,1851,1709,1624,0.2162,0.4546,1.0069,-16.806,18.598,-9.493
827977,1589,1843,1103,0.2137,0.4492,1.0070,-17.415,18.022,-8.980
827987,1671,1773,1277,0.2096,0.4418,1.0039,-17.787,17.435,-8.513
827997,1707,1793,1120,0.2081,0.4354,1.0049,-17.870,16.819,-8.087
828007,1707,1848,1216,0.2065,0.4299,1.0061,-17.650,16.272,-7.702
828017,1701,1804,1274,0.2058,0.4267,1.0081,-17.059,15.896,-7.345
828027,2150,1761,1114,0.2057,0.4249,1.0128,-16.195,15.597,-7.039
828037,1570,1881,1320,0.2038,0.4225,1.0152,-15.068,15.508,-6.839
828047,1667,1848,1183,0.2008,0.4225,1.0147,-13.733,15.591,-6.615
828057,1589,1879,1271,0.1986,0.4224,1.0150,-12.376,15.638,-6.346
828067,1921,1844,1600,0.1962,0.4208,1.0146,-11.151,15.600,-6.317
828077,2466,1904,1283,0.1947,0.4193,1.0150,-10.052,15.533,-6.346
828087,1753,1820,1494,0.1948,0.4216,1.0163,-9.004,15.467,-6.184
828097,1623,1930,1244,0.1942,0.4232,1.0156,-7.995,15.523,-6.013
828107,1657,2058,1151,0.1954,0.4234,1.0223,-7.124,15.506,-5.857
828117,1632,1902,1131,0.1950,0.4272,1.0345,-6.669,15.347,-5.581
828127,1580,1908,1245,0.1950,0.4361,1.0353,-6.438,15.610,-5.067
828137,1748,1987,1260,0.1946,0.4397,1.0336,-6.508,16.044,-4.694
828147,1575,2056,1294,0.1937,0.4384,1.0414,-7.171,15.950,-4.830
828157,1614,1899,1374,0.1916,0.4385,1.0466,-7.998,15.828,-4.952
828167,1581,1902,1234,0.1899,0.4400,1.0413,-8.618,16.105,-4.725
828177,1739,1939,1311,0.1856,0.4392,1.0366,-9.156,16.286,-4.503
828187,2383,1818,2001,0.1837,0.4374,1.0405,-9.579,16.155,-4.377
828197,1787,1902,1425,0.1808,0.4375,1.0431,-9.801,16.035,-4.270
828207,1844,1758,1370,0.1781,0.4403,1.0381,-9.765,16.168,-4.096
828217,1671,1947,1347,0.1759,0.4434,1.0430,-9.608,16.239,-3.976
828227,1596,1946,1249,0.1745,0.4465,1.0525,-9.652,15.991,-4.084
828237,1662,1898,1400,0.1747,0.4503,1.0581,-9.719,15.971,-4.272
828247,2163,1955,1363,0.1751,0.4523,1.0603,-9.857,16.158,-4.458
828257,1768,1978,1343,0.1725,0.4501,1.0604,-10.100,16.347,-4.865
828267,1616,1970,1321,0.1704,0.4490,1.0579,-10.340,16.531,-5.292
828277,1597,1980,1180,0.1675,0.4457,1.0597,-10.479,16.626,-5.810
828287,1867,1968,1230,0.1647,0.4427,1.0623,-10.532,16.695,-6.429
828297,1902,2115,1271,0.1630,0.4456,1.0643,-10.394,17.023,-6.844
828307,1867,1991,1299,0.1620,0.4491,1.0672,-10.209,17.453,-7.242
828317,1575,1994,1340,0.1585,0.4498,1.0719,-10.205,17.814,-7.996
828327,1717,1968,1437,0.1571,0.4517,1.0706,-10.271,18.331,-8.840
828337,2268,2088,1349,0.1543,0.4495,1.0686,-10.399,18.875,-9.827
828347,1619,1996,1385,0.1504,0.4421,1.0712,-10.609,19.242,-11.076
828357,1603,2036,1369,0.1451,0.4374,1.0662,-10.640,19.689,-12.198
828367,2459,1804,1892,0.1411,0.4339,1.0604,-10.403,20.238,-13.040
828377,1584,2000,1387,0.1376,0.4285,1.0618,-10.186,20.495,-13.900
828387,1730,2032,1464,0.1335,0.4236,1.0607,-9.994,20.695,-14.763
828397,1971,2023,1375,0.1307,0.4208,1.0560,-9.634,21.122,-15.385
828407,1609,2021,1353,0.1274,0.4175,1.0593,-9.451,21.334,-16.000
828417,1572,2055,1400,0.1236,0.4137,1.0595,-9.418,21.501,-16.691
828427,1617,2017,1371,0.1209,0.4118,1.0544,-9.386,21.918,-17.234
828437,1639,2086,1405,0.1160,0.4074,1.0554,-9.566,22.223,-17.815
828447,1737,2023,1375,0.1108,0.4048,1.0569,-9.923,22.445,-18.424
828457,1576,2088,1401,0.1059,0.4039,1.0568,-10.399,22.853,-18.929
828467,1986,1990,1326,0.1010,0.4071,1.0592,-11.254,23.296,-19.423
828477,1746,2088,1395,0.0978,0.4123,1.0621,-12.606,23.793,-20.043
828487,1774,2059,1378,0.0933,0.4171,1.0572,-14.366,24.547,-21.039
828497,1963,1951,1379,0.0877,0.4166,1.0496,-16.350,25.307,-22.640
828507,1578,2124,1389,0.0794,0.4092,1.0436,-18.259,25.833,-24.831
828517,1699,2149,1384,0.0726,0.4024,1.0371,-19.634,26.167,-27.207
828527,1637,2103,1372,0.0646,0.3993,1.0271,-20.087,26.751,-29.425
828537,1734,2194,1399,0.0605,0.3978,1.0223,-19.618,27.394,-31.536
828547,1705,2092,1344,0.0582,0.3960,1.0206,-18.541,28.077,-33.759
828557,1600,2165,1345,0.0544,0.3950,1.0155,-16.924,29.172,-36.319
828567,1744,2129,1123,0.0554,0.3969,1.0177,-15.268,30.340,-39.150
828577,1666,2241,1126,0.0534,0.3949,1.0157,-13.977,31.617,-42.330
828587,1770,2204,1132,0.0569,0.3898,1.0152,-13.344,33.066,-45.483
828597,1699,2296,1164,0.0589,0.3860,1.0265,-14.380,34.095,-48.262
828607,1872,2157,1213,0.0497,0.3865,1.0180,-16.819,35.454,-50.509
828617,1804,2524,1288,0.0394,0.3864,1.0092,-20.402,36.738,-52.221
828627,2044,2305,1401,0.0290,0.3767,1.0073,-25.761,36.900,-54.326
828637,1776,2453,1360,0.0201,0.3516,0.9864,-33.722,36.429,-56.708
828647,1579,2351,1713,0.0075,0.3184,0.9761,-41.336,35.123,-58.769
828657,1985,2485,1781,-0.0028,0.2851,0.9709,-48.181,33.371,-60.156
828667,1807,2411,1921,-0.0021,0.2425,0.9673,-54.330,31.521,-60.573
828677,1942,2432,1732,-0.0069,0.1997,0.9733,-60.057,29.505,-60.049
828687,2268,2357,1736,-0.0147,0.1812,0.9947,-65.280,27.606,-57.454
828697,2032,2422,1624,-0.0198,0.1722,1.0061,-69.977,26.254,-53.176
828707,2347,2441,1664,-0.0266,0.1688,1.0133,-74.291,25.357,-48.637
828717,2444,2519,1664,-0.0330,0.1704,1.0236,-78.256,24.305,-44.141
828727,2134,2463,1730,-0.0398,0.1667,1.0264,-81.389,23.216,-40.403
828737,2310,2555,1713,-0.0520,0.1567,1.0240,-83.507,22.209,-37.619
828747,2257,2461,1780,-0.0618,0.1411,1.0313,-84.539,20.935,-35.443
828757,2131,2540,1855,-0.0720,0.1304,1.0306,-84.887,19.457,-33.652
828767,2270,2474,1890,-0.0916,0.1162,1.0330,-83.781,17.988,-32.303
828777,2525,2587,2330,-0.1058,0.1061,1.0436,-81.489,16.237,-31.000
828787,2653,2437,2252,-0.1211,0.0964,1.0535,-77.781,14.405,-29.742
828797,2693,2528,2369,-0.1381,0.0814,1.0574,-72.698,12.607,-28.747
828807,2277,2522,2266,-0.1503,0.0734,1.0751,-66.359,10.499,-27.592
828817,1687,2541,2250,-0.1571,0.0684,1.0971,-59.387,8.339,-26.073
828827,2445,2564,1974,-0.1631,0.0570,1.1039,-51.970,6.565,-25.014
828837,2444,2466,2108,-0.1649,0.0499,1.1101,-44.143,4.858,-23.894
828847,2503,2431,1936,-0.1700,0.0392,1.1137,-36.040,2.979,-22.629
828857,2506,2386,2212,-0.1716,0.0367,1.1239,-27.579,0.804,-20.992
828867,2908,2335,2569,-0.1721,0.0398,1.1335,-18.956,-1.344,-18.680
828877,2681,2388,2733,-0.1735,0.0453,1.1426,-10.576,-3.423,-16.134
828887,2437,2331,2809,-0.1712,0.0605,1.1620,-3.020,-5.730,-13.376
828897,2113,2440,2918,-0.1623,0.0765,1.1835,3.411,-7.879,-10.561
828907,2665,2274,2857,-0.1509,0.0912,1.1988,8.496,-9.577,-8.129
828917,2288,2366,2845,-0.1368,0.1058,1.2129,12.129,-10.975,-6.021
828927,2559,2374,2706,-0.1232,0.1207,1.2226,14.415,-12.005,-4.120
828937,2232,2397,2757,-0.1141,0.1375,1.2237,15.619,-12.530,-2.428
828947,2403,2243,2710,-0.1073,0.1513,1.2203,15.969,-12.745,-1.124
828957,2481,2334,2735,-0.1009,0.1615,1.2130,15.381,-13.071,-0.378
828967,2472,2271,2613,-0.0935,0.1648,1.2075,14.005,-13.540,-0.275
828977,2110,2318,2771,-0.0844,0.1650,1.2065,12.145,-13.952,-0.312
828987,2484,2295,2793,-0.0759,0.1690,1.2090,9.795,-14.304,-0.192
828997,2573,2289,2803,-0.0692,0.1752,1.2069,7.033,-14.315,-0.002
829007,2721,2237,2758,-0.0616,0.1813,1.2041,4.031,-14.066,0.161
829017,2784,2293,2885,-0.0600,0.1852,1.2048,0.951,-13.709,0.048
829027,2512,2236,2696,-0.0573,0.1796,1.1981,-2.117,-13.216,-0.588
829037,2639,2238,2881,-0.0561,0.1702,1.1902,-4.947,-12.737,-1.518
829047,2694,2218,2808,-0.0537,0.1616,1.1815,-7.284,-12.266,-2.342
829057,2559,2338,2828,-0.0494,0.1539,1.1752,-8.997,-11.910,-3.039
829067,2537,2258,2864,-0.0454,0.1476,1.1697,-10.176,-11.695,-3.771
829077,2546,2303,2891,-0.0380,0.1423,1.1654,-10.833,-11.546,-4.509
829087,2552,2257,2945,-0.0314,0.1343,1.1657,-11.363,-11.550,-5.333
829097,2815,2359,3029,-0.0231,0.1261,1.1693,-11.873,-11.555,-6.245
829107,2320,2275,3031,-0.0135,0.1192,1.1727,-12.383,-11.301,-6.985
829117,2205,2381,3083,-0.0097,0.1135,1.1706,-12.907,-10.725,-7.603
829127,2475,2237,2980,-0.0052,0.1082,1.1692,-13.335,-10.152,-8.166
829137,2662,2350,3026,-0.0005,0.1021,1.1648,-13.706,-9.670,-8.774
829147,2520,2282,2970,0.0060,0.0938,1.1716,-13.909,-9.311,-9.385
829157,2615,2384,2998,0.0143,0.0855,1.1935,-14.143,-9.038,-9.892
829167,2538,2418,2863,0.0171,0.0733,1.2034,-14.524,-8.184,-10.244
829177,2727,2418,2998,0.0158,0.0659,1.2071,-14.513,-6.726,-10.069
829187,2555,2442,2847,0.0172,0.0669,1.2182,-14.265,-5.430,-9.281
829197,2556,2508,2998,0.0148,0.0600,1.2200,-13.954,-4.120,-8.771
829207,2615,2507,2871,0.0129,0.0534,1.2181,-13.244,-2.744,-8.467
829217,2489,2494,2946,0.0129,0.0497,1.2211,-12.006,-1.616,-7.860
829227,2681,2515,2889,0.0111,0.0457,1.2206,-10.279,-0.481,-7.292
829237,2586,2565,2959,0.0071,0.0444,1.2130,-8.180,0.848,-6.664
829247,2632,2492,2895,0.0036,0.0463,1.2043,-5.999,2.075,-5.906
829257,2184,2537,2974,0.0001,0.0479,1.1982,-3.870,3.028,-5.312
829267,2600,2450,2867,-0.0026,0.0496,1.1873,-1.892,3.820,-4.891
829277,2693,2544,2950,-0.0061,0.0533,1.1734,-0.012,4.443,-4.393
829287,2558,2484,2870,-0.0068,0.0595,1.1671,1.574,4.696,-3.764
829297,2645,2520,2900,-0.0084,0.0630,1.1597,2.709,4.688,-3.362
829307,2739,2414,2876,-0.0079,0.0674,1.1553,3.356,4.576,-3.028
829317,2631,2479,2885,-0.0085,0.0674,1.1526,3.446,4.295,-2.918
829327,2704,2388,2839,-0.0122,0.0671,1.1498,3.209,4.039,-2.796
829337,2679,2400,2861,-0.0101,0.0782,1.1385,3.011,3.775,-2.634
829347,2696,2384,2839,-0.0030,0.0798,1.1434,4.784,3.605,-2.337
829357,2551,2374,2857,0.0004,0.0625,1.1520,7.031,2.984,-3.587
829367,2737,2315,2808,0.0025,0.0487,1.1578,9.809,2.797,-4.800
829377,2650,2367,2837,0.0039,0.0494,1.1561,12.773,3.355,-4.764
829387,2594,2300,2819,0.0033,0.0548,1.1557,15.329,3.984,-4.203
829397,2598,2314,2855,0.0030,0.0649,1.1609,17.151,4.278,-3.601
829407,2545,2272,2807,0.0026,0.0756,1.1610,18.383,4.630,-3.052
829417,2570,2246,2849,0.0011,0.0877,1.1596,19.124,5.019,-2.549
829427,2681,2259,2834,-0.0003,0.0969,1.1581,19.286,5.232,-2.273
829437,2630,2220,2846,-0.0021,0.1058,1.1528,19.155,5.469,-2.137
829447,2683,2202,2823,-0.0028,0.1141,1.1503,18.815,5.625,-2.087
829457,2700,2247,2902,-0.0037,0.1197,1.1509,18.318,5.573,-2.182
829467,2610,2162,2823,-0.0036,0.1222,1.1513,17.862,5.520,-2.382
829477,2646,2213,2893,-0.0035,0.1245,1.1501,17.403,5.535,-2.520
829487,2676,2153,2859,-0.0038,0.1267,1.1510,16.900,5.524,-2.586
829497,2506,2193,2908,-0.0039,0.1294,1.1516,16.307,5.537,-2.610
829507,2714,2129,2870,-0.0034,0.1318,1.1517,15.697,5.547,-2.562
829517,2571,2188,2942,-0.0029,0.1329,1.1522,15.049,5.486,-2.513
829527,2713,2136,2883,-0.0025,0.1361,1.1532,14.370,5.425,-2.446
829537,2616,2152,2957,-0.0027,0.1378,1.1516,13.745,5.443,-2.398
829547,2629,2091,2877,-0.0031,0.1399,1.1490,13.102,5.495,-2.301
829557,2610,2160,3008,-0.0026,0.1422,1.1475,12.440,5.491,-2.131
829567,2673,2096,2915,-0.0035,0.1451,1.1448,11.790,5.451,-1.916
829577,2628,2141,3011,-0.0038,0.1470,1.1427,11.184,5.368,-1.685
829587,2676,2078,2954,-0.0032,0.1485,1.1433,10.565,5.251,-1.434
829597,2619,2128,3039,-0.0026,0.1530,1.1429,10.022,5.215,-1.141
829607,2670,2073,2954,-0.0015,0.1582,1.1459,9.463,5.184,-0.822
829617,2601,2111,3025,-0.0005,0.1597,1.1472,8.798,5.203,-0.748
829627,2608,2112,2941,0.0006,0.1606,1.1477,8.096,5.347,-0.799
829637,2596,2120,3036,0.0020,0.1603,1.1482,7.333,5.573,-0.832
829647,2646,2064,2941,0.0007,0.1590,1.1480,6.588,5.815,-0.938
829657,2588,2115,3011,-0.0008,0.1581,1.1458,5.892,6.055,-1.007
829667,2647,2038,2926,-0.0019,0.1552,1.1410,5.403,6.300,-1.100
829677,2517,2069,3009,-0.0025,0.1541,1.1330,5.142,6.520,-1.140
829687,2617,2071,2935,-0.0035,0.1559,1.1364,5.036,6.509,-1.099
829697,2451,2090,2995,-0.0026,0.1546,1.1402,5.047,6.384,-1.226
829707,2718,2033,2911,-0.0035,0.1521,1.1407,5.299,6.435,-1.482
829717,2657,2089,3002,-0.0029,0.1539,1.1408,5.727,6.552,-1.482
829727,2629,2028,2926,-0.0031,0.1562,1.1432,6.149,6.607,-1.400
829737,2547,2067,2967,-0.0032,0.1585,1.1434,6.471,6.658,-1.290
829747,2638,2015,2891,-0.0050,0.1626,1.1421,6.645,6.711,-1.132
829757,2452,2069,2958,-0.0068,0.1682,1.1417,6.628,6.707,-0.976
829767,2751,1996,2874,-0.0075,0.1733,1.1421,6.474,6.679,-0.881
829777,2455,2046,2928,-0.0095,0.1760,1.1380,6.295,6.627,-0.957
829787,2569,1992,2854,-0.0093,0.1795,1.1370,6.102,6.494,-0.958
829797,2509,2038,2917,-0.0095,0.1828,1.1376,5.823,6.207,-0.889
829807,2658,1990,2841,-0.0102,0.1844,1.1362,5.414,5.930,-0.909
829817,2322,2028,2889,-0.0105,0.1856,1.1349,4.944,5.746,-0.827
829827,2543,1988,2841,-0.0096,0.1893,1.1341,4.406,5.508,-0.673
829837,2502,2023,2874,-0.0095,0.1901,1.1346,3.790,5.189,-0.675
829847,2541,1981,2810,-0.0098,0.1883,1.1353,3.144,4.853,-0.887
829857,2515,2011,2865,-0.0089,0.1875,1.1345,2.606,4.654,-1.002
829867,2523,1969,2796,-0.0070,0.1854,1.1337,2.170,4.522,-0.983
829877,2367,2038,2852,-0.0061,0.1817,1.1353,1.839,4.276,-1.088
829887,2506,1947,2787,-0.0049,0.1774,1.1374,1.652,4.063,-1.225
829897,2504,2011,2832,-0.0039,0.1742,1.1377,1.655,4.047,-1.237
829907,2589,1955,2764,-0.0028,0.1738,1.1395,1.773,4.071,-1.140
829917,2528,1993,2813,-0.0025,0.1746,1.1407,1.952,4.178,-0.926
829927,2727,1943,2747,-0.0027,0.1748,1.1385,2.115,4.376,-0.752
829937,2547,1997,2789,-0.0040,0.1746,1.1327,2.258,4.569,-0.581
829947,2514,1947,2740,-0.0054,0.1773,1.1326,2.350,4.615,-0.374
829957,2493,1994,2800,-0.0049,0.1779,1.1336,2.411,4.546,-0.292
829967,2596,1939,2732,-0.0052,0.1773,1.1351,2.580,4.548,-0.316
829977,2500,1988,2781,-0.0037,0.1780,1.1386,2.819,4.552,-0.304
829987,2621,1931,2725,-0.0041,0.1796,1.1399,3.015,4.585,-0.302
829997,2451,1972,2748,-0.0043,0.1818,1.1383,3.113,4.704,-0.268
830007,2544,1937,2722,-0.0036,0.1833,1.1369,3.056,4.802,-0.206
830017,2468,1967,2758,-0.0055,0.1842,1.1307,2.971,4.932,-0.191
830027,2538,1936,2699,-0.0055,0.1847,1.1279,2.930,4.962,-0.141
830037,2514,1963,2737,-0.0033,0.1856,1.1305,2.887,4.706,-0.153
830047,2541,1923,2689,-0.0025,0.1846,1.1321,2.955,4.477,-0.224
830057,2445,1960,2732,-0.0011,0.1858,1.1327,3.159,4.354,-0.192
830067,2482,1918,2676,-0.0001,0.1878,1.1358,3.300,4.257,-0.076
830077,2427,1956,2704,0.0003,0.1892,1.1382,3.342,4.275,0.001
830087,2504,1918,2663,0.0007,0.1924,1.1386,3.238,4.406,0.144
830097,2416,1957,2689,0.0010,0.1953,1.1402,2.985,4.602,0.319
830107,2482,1892,2641,-0.0001,0.1958,1.1384,2.651,4.869,0.400
830117,2412,1954,2679,-0.0000,0.1955,1.1373,2.281,5.124,0.442
830127,2452,1886,2626,-0.0007,0.1957,1.1337,1.908,5.349,0.461
830137,2422,1931,2666,-0.0018,0.1953,1.1310,1.600,5.550,0.494
830147,2408,1884,2588,-0.0005,0.1966,1.1308,1.368,5.641,0.574
830157,2379,1927,2629,-0.0014,0.1956,1.1287,1.265,5.644,0.522
830167,2460,1886,2583,-0.0030,0.1961,1.1287,1.320,5.612,0.415
830177,2390,1934,2616,-0.0070,0.1940,1.1279,1.498,5.596,0.272
830187,2488,1877,2544,-0.0082,0.1981,1.1260,1.785,5.579,0.239
830197,2389,1921,2594,-0.0073,0.2026,1.1278,2.018,5.368,0.357
830207,2427,1863,2541,-0.0061,0.2003,1.1347,2.101,5.024,0.199
830217,2345,1923,2573,-0.0034,0.2060,1.1333,1.917,5.084,0.399
830227,2427,1858,2507,-0.0027,0.2056,1.1357,1.467,5.021,0.486
830237,2343,1904,2548,-0.0034,0.2025,1.1337,0.974,4.986,0.201
830247,2409,1855,2514,-0.0019,0.2016,1.1313,0.652,5.069,0.145
830257,2354,1896,2539,-0.0019,0.2010,1.1328,0.402,5.052,0.178
830267,2207,1889,2495,-0.0019,0.1999,1.1325,0.254,5.010,0.095
830277,2308,1886,2517,-0.0004,0.1984,1.1315,0.242,5.061,0.067
830287,2381,1848,2466,-0.0013,0.1969,1.1320,0.274,5.088,0.055
830297,2320,1877,2483,-0.0014,0.1972,1.1319,0.365,5.152,0.130
830307,2382,1838,2454,-0.0016,0.1990,1.1308,0.416,5.234,0.269
830317,2340,1876,2472,-0.0023,0.1998,1.1299,0.407,5.285,0.288
830327,2340,1836,2419,-0.0018,0.1996,1.1296,0.411,5.334,0.263
830337,2301,1877,2450,0.0006,0.2008,1.1304,0.364,5.313,0.296
830347,2353,1819,2396,0.0011,0.2011,1.1326,0.286,5.286,0.320
830357,2336,1880,2436,0.0010,0.2013,1.1342,0.157,5.319,0.327
830367,2341,1822,2381,0.0008,0.2012,1.1353,-0.025,5.405,0.347
830377,2310,1868,2404,0.0003,0.2016,1.1342,-0.207,5.553,0.356
830387,2334,1811,2358,0.0010,0.2017,1.1328,-0.368,5.726,0.437
830397,2279,1852,2388,0.0004,0.2017,1.1320,-0.515,5.805,0.467
830407,2309,1811,2346,0.0000,0.2016,1.1326,-0.606,5.881,0.497
830417,2151,1863,2375,-0.0001,0.2011,1.1344,-0.657,5.947,0.552
830427,2348,1804,2330,-0.0006,0.2013,1.1339,-0.694,6.047,0.577
830437,2421,1800,2317,-0.0007,0.2015,1.1327,-0.707,6.169,0.651
830447,2296,1816,2312,-0.0010,0.2023,1.1330,-0.789,6.241,0.723
830457,2209,1828,2339,-0.0017,0.2025,1.1322,-0.881,6.307,0.783
830467,2302,1782,2273,-0.0019,0.2038,1.1306,-0.983,6.373,0.841
830477,2252,1828,2308,-0.0018,0.2049,1.1312,-1.120,6.346,0.881
830487,2296,1782,2260,-0.0029,0.2037,1.1341,-1.300,6.282,0.872
830497,2217,1827,2287,-0.0026,0.2029,1.1347,-1.497,6.298,0.865
