530957,2015,1891,1966,0.0569,0.0711,1.1496,-1.668,-0.500,0.594
530967,1938,1930,2008,0.0566,0.0740,1.1477,-2.219,-0.444,0.662
530977,2014,1895,1969,0.0511,0.0739,1.1505,-2.798,-0.316,0.563
530987,1895,1932,2005,0.0430,0.0717,1.1461,-3.317,-0.144,0.169
530997,1993,1892,1972,0.0452,0.0738,1.1437,-3.372,0.162,0.479
531007,1958,1935,1991,0.0480,0.0725,1.1494,-3.577,0.031,0.775
531017,1989,1891,1974,0.0456,0.0676,1.1454,-3.913,-0.193,0.405
531027,1913,1926,1990,0.0458,0.0681,1.1413,-4.433,-0.236,0.374
531037,1986,1891,1970,0.0493,0.0706,1.1429,-5.093,-0.298,0.691
531047,1889,1934,2007,0.0486,0.0686,1.1428,-5.620,-0.362,0.534
531057,1978,1896,1978,0.0477,0.0646,1.1440,-5.883,-0.446,0.161
531067,1865,1926,1989,0.0471,0.0602,1.1447,-6.059,-0.590,-0.094
531077,1948,1895,1971,0.0465,0.0576,1.1438,-6.075,-0.642,-0.172
531087,1833,1929,1998,0.0467,0.0548,1.1460,-6.056,-0.718,-0.147
531097,1941,1897,1976,0.0464,0.0518,1.1457,-5.981,-0.786,-0.212
531107,1885,1924,1995,0.0471,0.0499,1.1453,-5.761,-0.814,-0.240
531117,1938,1896,1965,0.0480,0.0481,1.1446,-5.467,-0.834,-0.179
531127,1867,1916,1994,0.0476,0.0459,1.1440,-5.084,-0.783,-0.233
531137,1919,1892,1974,0.0477,0.0448,1.1433,-4.602,-0.731,-0.320
531147,1827,1936,1990,0.0478,0.0440,1.1447,-4.093,-0.723,-0.325
531157,1985,1884,1971,0.0488,0.0429,1.1431,-3.513,-0.694,-0.321
531167,1812,1920,1980,0.0497,0.0432,1.1428,-2.959,-0.712,-0.326
531177,1918,1893,1958,0.0512,0.0439,1.1448,-2.450,-0.750,-0.360
531187,1841,1927,1997,0.0505,0.0450,1.1456,-2.057,-0.723,-0.343
531197,1934,1889,1966,0.0514,0.0476,1.1467,-1.739,-0.670,-0.261
531207,1835,1922,1993,0.0514,0.0490,1.1473,-1.557,-0.602,-0.168
531217,1906,1886,1955,0.0506,0.0491,1.1475,-1.490,-0.516,-0.092
531227,1815,1927,1998,0.0503,0.0490,1.1479,-1.469,-0.426,-0.016
531237,1905,1891,1955,0.0504,0.0503,1.1480,-1.466,-0.359,0.071
531247,1811,1933,1992,0.0504,0.0498,1.1490,-1.449,-0.305,0.150
531257,1993,1893,1962,0.0501,0.0489,1.1459,-1.485,-0.267,0.203
531267,1827,1918,1991,0.0488,0.0488,1.1443,-1.459,-0.226,0.240
531277,1916,1891,1953,0.0479,0.0496,1.1455,-1.462,-0.226,0.342
531287,1828,1930,2001,0.0477,0.0496,1.1455,-1.511,-0.241,0.363
531297,1917,1892,1959,0.0463,0.0490,1.1443,-1.494,-0.265,0.338
531307,1823,1927,1994,0.0472,0.0502,1.1449,-1.448,-0.363,0.340
531317,1936,1887,1964,0.0480,0.0493,1.1444,-1.411,-0.470,0.270
531327,1841,1925,2002,0.0474,0.0495,1.1442,-1.350,-0.539,0.167
531337,1873,1894,1958,0.0475,0.0491,1.1446,-1.307,-0.607,0.147
531347,1832,1930,1995,0.0478,0.0488,1.1437,-1.319,-0.656,0.148
531357,1909,1893,1953,0.0478,0.0492,1.1441,-1.315,-0.732,0.136
531367,1834,1926,1998,0.0476,0.0494,1.1442,-1.266,-0.840,0.120
531377,1905,1891,1959,0.0481,0.0480,1.1445,-1.133,-0.931,0.080
531387,1832,1931,1978,0.0479,0.0481,1.1448,-0.974,-1.001,0.070
531397,1907,1893,1950,0.0477,0.0495,1.1461,-0.827,-1.049,0.121
531407,1809,1921,1987,0.0479,0.0503,1.1450,-0.723,-1.058,0.191
531417,1919,1887,1951,0.0477,0.0514,1.1444,-0.660,-1.079,0.238
531427,1785,1922,1995,0.0481,0.0517,1.1448,-0.646,-1.139,0.259
531437,1904,1895,1953,0.0483,0.0511,1.1441,-0.603,-1.186,0.251
531447,1829,1933,1999,0.0488,0.0512,1.1455,-0.541,-1.247,0.233
531457,1922,1897,1948,0.0485,0.0515,1.1474,-0.520,-1.350,0.203
531467,1849,1912,1985,0.0486,0.0521,1.1467,-0.468,-1.346,0.174
531477,1931,1890,1959,0.0482,0.0528,1.1459,-0.480,-1.324,0.212
531487,1842,1928,1976,0.0477,0.0513,1.1463,-0.663,-1.408,0.121
531497,1942,1887,1949,0.0482,0.0501,1.1471,-0.854,-1.526,0.005
531507,1827,1926,1989,0.0486,0.0487,1.1484,-1.011,-1.608,-0.096
531517,1922,1895,1957,0.0495,0.0489,1.1514,-1.105,-1.641,-0.173
531527,1856,1917,1978,0.0495,0.0484,1.1508,-1.147,-1.583,-0.220
531537,1926,1892,1941,0.0505,0.0482,1.1486,-1.176,-1.502,-0.249
531547,1840,1933,1974,0.0509,0.0481,1.1487,-1.158,-1.468,-0.281
531557,1916,1890,1942,0.0511,0.0460,1.1473,-1.019,-1.405,-0.351
531567,1831,1928,1975,0.0518,0.0451,1.1477,-0.841,-1.335,-0.422
531577,1914,1892,1931,0.0525,0.0440,1.1482,-0.669,-1.281,-0.469
531587,1829,1929,1980,0.0533,0.0440,1.1486,-0.420,-1.188,-0.484
531597,1932,1892,1934,0.0535,0.0454,1.1489,-0.150,-1.076,-0.423
531607,1826,1936,1971,0.0531,0.0470,1.1483,0.096,-0.926,-0.315
531617,1930,1888,1929,0.0527,0.0492,1.1483,0.283,-0.781,-0.211
531627,1838,1926,1967,0.0526,0.0493,1.1480,0.392,-0.669,-0.156
531637,1907,1884,1929,0.0526,0.0498,1.1466,0.420,-0.570,-0.123
531647,1836,1926,1976,0.0516,0.0504,1.1467,0.395,-0.502,-0.099
531657,1959,1888,1917,0.0515,0.0514,1.1473,0.378,-0.473,-0.069
531667,1829,1950,1976,0.0514,0.0511,1.1467,0.386,-0.465,-0.072
531677,1943,1890,1932,0.0521,0.0492,1.1473,0.421,-0.472,-0.116
531687,1910,1944,1974,0.0536,0.0460,1.1484,0.563,-0.495,-0.227
531697,1920,1885,1921,0.0535,0.0404,1.1472,0.868,-0.516,-0.474
531707,1869,1914,1979,0.0524,0.0366,1.1469,1.363,-0.532,-0.743
531717,1961,1887,1918,0.0506,0.0346,1.1431,2.094,-0.529,-0.857
531727,1908,1925,1977,0.0487,0.0346,1.1412,3.267,-0.530,-0.918
531737,1903,1906,1943,0.0511,0.0351,1.1449,4.876,-0.667,-0.979
531747,1827,1928,1964,0.0541,0.0346,1.1508,6.509,-0.929,-1.089
531757,2031,1886,1908,0.0562,0.0342,1.1537,7.980,-1.037,-1.177
531767,2064,1938,1974,0.0597,0.0357,1.1617,8.991,-1.153,-1.044
531777,1938,1888,1901,0.0610,0.0342,1.1642,9.733,-1.106,-0.961
531787,1819,1919,1932,0.0585,0.0353,1.1635,10.683,-0.855,-0.860
531797,2049,1888,1897,0.0553,0.0392,1.1582,11.951,-0.534,-0.429
531807,1956,1946,1969,0.0527,0.0448,1.1514,13.716,-0.191,0.286
531817,2017,1898,1926,0.0527,0.0522,1.1530,15.517,-0.237,1.239
531827,1995,1921,1946,0.0502,0.0580,1.1651,16.748,-0.708,1.937
531837,2076,1882,1897,0.0502,0.0648,1.1694,17.523,-0.975,2.385
531847,1856,1880,1953,0.0514,0.0781,1.1706,17.917,-0.749,3.388
531857,2231,1887,1913,0.0508,0.0941,1.1747,17.738,-0.572,4.613
531867,2018,1936,1937,0.0423,0.1111,1.1682,17.420,-0.283,5.307
531877,2107,1897,1925,0.0352,0.1278,1.1589,17.308,0.226,5.830
531887,2055,1921,1950,0.0314,0.1417,1.1572,16.878,0.357,6.221
531897,2063,1896,1903,0.0246,0.1483,1.1526,16.182,0.166,5.673
531907,2020,1911,1939,0.0171,0.1473,1.1485,14.884,-0.145,4.607
531917,2272,1888,1929,0.0070,0.1453,1.1425,13.073,-0.544,3.454
531927,2055,1919,1929,0.0028,0.1521,1.1326,10.896,-0.914,3.166
531937,2163,1886,1890,0.0056,0.1611,1.1261,8.254,-1.376,3.650
531947,2224,1945,1946,0.0089,0.1610,1.1232,5.348,-2.291,3.552
531957,2194,1905,1906,0.0083,0.1530,1.1250,2.383,-3.454,2.515
531967,2150,1953,1912,0.0077,0.1434,1.1238,-0.277,-4.517,1.411
531977,2260,1904,1871,0.0175,0.1415,1.1248,-2.737,-5.512,1.117
531987,2192,1951,1914,0.0292,0.1430,1.1317,-4.984,-6.363,1.319
531997,2273,1942,1849,0.0396,0.1335,1.1405,-6.873,-7.065,1.087
532007,2220,1972,1973,0.0458,0.1187,1.1430,-8.401,-7.566,0.538
532017,2322,1968,1830,0.0429,0.1078,1.1391,-9.254,-7.637,0.219
532027,2211,1916,1872,0.0449,0.1117,1.1382,-9.517,-7.251,1.160
532037,2415,1929,1894,0.0522,0.1111,1.1325,-9.861,-6.870,2.627
532047,2206,2013,1954,0.0545,0.1022,1.1382,-10.102,-6.841,2.875
532057,2366,1963,1863,0.0573,0.0963,1.1450,-10.380,-6.965,2.647
532067,2253,2013,1899,0.0631,0.0845,1.1532,-10.619,-6.700,2.612
532077,2336,1961,1820,0.0638,0.0806,1.1626,-11.246,-6.292,2.486
532087,2244,2029,1902,0.0605,0.0774,1.1531,-11.711,-5.560,2.395
532097,2303,2000,1805,0.0575,0.0852,1.1406,-11.393,-4.485,2.628
532107,2018,2116,1919,0.0630,0.0955,1.1358,-10.822,-3.664,3.089
532117,2354,1998,1807,0.0727,0.0966,1.1241,-9.698,-3.083,2.642
532127,2288,2110,1884,0.0838,0.0879,1.1275,-8.548,-2.835,1.473
532137,2675,2089,1892,0.0861,0.0705,1.1300,-8.021,-2.759,-0.319
532147,2187,2089,1901,0.0853,0.0552,1.1307,-7.782,-2.459,-1.932
532157,2312,1978,1852,0.0828,0.0477,1.1342,-8.114,-2.284,-2.137
532167,2198,2026,1850,0.0819,0.0427,1.1372,-8.649,-2.277,-1.697
532177,2237,2028,1809,0.0847,0.0339,1.1425,-9.088,-2.543,-0.928
532187,2259,2034,1893,0.0888,0.0264,1.1480,-9.181,-2.776,-0.103
532197,2257,2018,1805,0.0912,0.0205,1.1487,-8.742,-2.893,0.991
532207,2186,2091,1876,0.0953,0.0204,1.1465,-7.909,-2.949,2.166
532217,2361,1985,1787,0.0948,0.0207,1.1422,-6.863,-2.858,3.270
532227,2218,2095,1869,0.0976,0.0193,1.1360,-5.624,-2.741,4.181
532237,2231,2016,1835,0.1025,0.0201,1.1368,-4.260,-2.725,4.960
532247,2155,2143,1906,0.0977,0.0202,1.1378,-2.840,-2.576,5.636
532257,2296,2025,1819,0.0953,0.0306,1.1410,-1.264,-2.346,6.309
532267,2255,2092,1840,0.0889,0.0332,1.1366,-0.021,-1.856,6.531
532277,2294,2029,1809,0.0865,0.0427,1.1358,1.469,-1.724,6.635
532287,2218,2109,1874,0.0857,0.0504,1.1400,2.683,-1.806,6.581
532297,2354,2016,1804,0.0833,0.0554,1.1424,3.631,-1.821,6.298
532307,2244,2116,1865,0.0809,0.0623,1.1395,4.312,-1.730,5.899
532317,2611,2018,1800,0.0792,0.0708,1.1371,4.735,-1.757,5.583
532327,2261,2105,1852,0.0790,0.0789,1.1356,4.919,-1.990,5.329
532337,2314,2037,1814,0.0749,0.0833,1.1311,5.069,-2.191,4.932
532347,2311,2109,1890,0.0697,0.0851,1.1260,5.311,-2.571,4.405
532357,2406,2095,1872,0.0655,0.0865,1.1282,5.581,-3.474,3.920
532367,2304,2135,1904,0.0620,0.0868,1.1330,5.875,-4.820,3.541
532377,2355,2103,1937,0.0593,0.0881,1.1391,6.344,-6.390,3.223
532387,2356,2087,1794,0.0598,0.0950,1.1449,7.185,-7.989,2.928
532397,2385,2037,1832,0.0659,0.1062,1.1530,8.485,-9.413,2.676
532407,2226,2120,1824,0.0749,0.1152,1.1585,10.154,-10.397,2.300
532417,2395,2016,1807,0.0833,0.1178,1.1576,12.310,-10.916,1.256
532427,2269,2132,1821,0.0921,0.1178,1.1619,14.805,-11.260,-0.079
532437,2375,2010,1770,0.0981,0.1211,1.1631,17.529,-11.197,-1.268
532447,2241,2101,1801,0.1001,0.1278,1.1624,20.102,-10.696,-2.073
532457,2405,2039,1800,0.1040,0.1383,1.1626,21.915,-10.113,-2.465
532467,2248,2115,1796,0.1060,0.1459,1.1637,22.779,-9.499,-2.980
532477,2307,2088,1770,0.1094,0.1521,1.1631,22.529,-8.922,-3.671
532487,2245,2109,1799,0.1121,0.1549,1.1636,21.215,-8.372,-4.291
532497,2310,2043,1770,0.1144,0.1523,1.1612,18.929,-7.772,-4.781
532507,2247,2096,1791,0.1155,0.1456,1.1599,16.002,-7.164,-5.047
532517,2179,2059,1768,0.1126,0.1400,1.1573,12.899,-6.599,-5.016
532527,2177,1996,1769,0.1068,0.1402,1.1543,10.023,-6.053,-4.603
532537,2208,1990,1772,0.1034,0.1419,1.1499,7.279,-5.606,-4.003
532547,2138,2101,1805,0.0987,0.1420,1.1395,5.163,-5.052,-3.477
532557,2166,2070,1774,0.0978,0.1417,1.1383,3.780,-4.650,-3.114
532567,2084,2096,1770,0.0929,0.1392,1.1361,2.995,-4.220,-3.013
532577,2178,2024,1769,0.0881,0.1386,1.1322,3.139,-3.527,-3.057
532587,2000,2062,1773,0.0826,0.1379,1.1303,3.808,-2.919,-3.101
532597,2218,1979,1766,0.0759,0.1363,1.1254,5.069,-2.281,-3.301
532607,2063,2048,1771,0.0723,0.1394,1.1166,7.033,-1.584,-3.509
532617,2046,2006,1768,0.0716,0.1443,1.1102,9.367,-1.018,-3.551
532627,1985,2025,1773,0.0686,0.1477,1.1040,11.639,-0.682,-3.825
532637,2085,1978,1777,0.0685,0.1516,1.0982,13.641,-0.637,-4.284
532647,2015,1892,1768,0.0664,0.1534,1.0971,14.847,-0.997,-4.875
532657,2099,1967,1767,0.0667,0.1525,1.0980,15.042,-1.749,-5.542
532667,2072,2010,1767,0.0681,0.1541,1.0964,14.416,-2.704,-6.020
532677,2044,1948,1774,0.0715,0.1560,1.0921,13.166,-3.677,-6.244
532687,2005,2025,1768,0.0755,0.1566,1.0867,11.465,-4.745,-6.294
532697,2185,1964,1776,0.0807,0.1553,1.0827,9.384,-6.019,-6.439
532707,2057,2046,1775,0.0863,0.1521,1.0838,7.021,-7.550,-6.768
532717,2232,1974,1774,0.0910,0.1482,1.0838,4.526,-9.133,-7.103
532727,2009,2066,1771,0.0937,0.1455,1.0891,2.047,-10.643,-7.390
532737,2014,1955,1773,0.0976,0.1377,1.0945,-0.559,-12.077,-7.825
532747,2090,2005,1771,0.1025,0.1249,1.0885,-2.785,-13.130,-8.436
532757,2074,1926,1780,0.1176,0.1138,1.0885,-4.543,-14.057,-8.389
532767,1984,1947,1773,0.1277,0.1014,1.0960,-6.126,-15.254,-7.930
532777,2108,1977,1774,0.1346,0.0927,1.1076,-7.080,-16.418,-7.165
532787,2018,1945,1770,0.1404,0.0875,1.1216,-7.642,-17.485,-5.942
532797,2168,1941,1779,0.1449,0.0877,1.1385,-8.112,-18.516,-4.477
532807,1988,1989,1770,0.1514,0.0931,1.1601,-8.397,-19.391,-2.752
532817,2071,1961,1776,0.1591,0.0970,1.1802,-8.327,-19.645,-0.994
532827,1993,2000,1773,0.1681,0.1002,1.2029,-7.946,-19.094,0.631
532837,2089,1910,1804,0.1786,0.1041,1.2302,-7.406,-17.893,1.941
532847,1987,1925,1779,0.1858,0.1099,1.2520,-6.571,-15.862,2.904
532857,2037,1960,1791,0.1866,0.1193,1.2563,-5.212,-12.977,3.663
532867,2085,1999,1771,0.1813,0.1320,1.2512,-3.136,-9.925,4.148
532877,2069,1940,1809,0.1715,0.1390,1.2441,-0.558,-7.420,4.018
532887,2016,2000,1773,0.1636,0.1405,1.2328,2.605,-5.442,3.277
532897,2078,1933,1792,0.1538,0.1457,1.2371,6.189,-4.080,2.375
532907,1985,1960,1786,0.1517,0.1515,1.2352,9.347,-3.111,1.457
532917,2079,1972,1803,0.1535,0.1605,1.2331,12.561,-1.860,0.788
532927,1988,1985,1788,0.1578,0.1732,1.2366,15.041,-0.674,0.488
532937,2099,1938,1802,0.1555,0.1837,1.2309,17.182,0.680,-0.094
532947,2068,2008,1792,0.1524,0.1952,1.2242,19.116,2.137,-0.733
532957,2127,1934,1807,0.1465,0.2020,1.2181,20.538,3.338,-1.520
532967,2076,1996,1774,0.1435,0.2070,1.2127,21.552,4.292,-2.570
532977,2145,2027,1803,0.1413,0.2086,1.2057,22.144,5.153,-3.632
532987,2189,1926,1799,0.1406,0.2098,1.1967,22.310,5.934,-4.536
532997,2330,1899,1839,0.1401,0.2101,1.1822,22.255,6.772,-5.196
533007,2095,2031,1777,0.1400,0.2113,1.1677,21.910,7.592,-5.641
533017,2220,1950,1790,0.1379,0.2093,1.1517,21.168,8.336,-6.092
533027,2172,2004,1791,0.1361,0.2063,1.1387,20.092,8.875,-6.521
533037,2290,1946,1792,0.1338,0.2023,1.1257,18.750,9.394,-6.771
533047,2105,2063,1775,0.1303,0.1979,1.1100,17.265,9.934,-6.895
533057,2205,2024,1781,0.1272,0.1922,1.0938,15.705,10.349,-6.929
533067,2097,2071,1791,0.1235,0.1830,1.0765,14.224,10.705,-6.874
533077,2244,1964,1847,0.1221,0.1733,1.0584,12.970,11.016,-6.607
533087,2151,2037,1774,0.1200,0.1651,1.0378,12.169,11.195,-5.423
533097,2341,1963,1811,0.1163,0.1622,1.0183,11.744,11.193,-3.988
533107,2260,2015,1784,0.1134,0.1626,1.0019,11.602,11.068,-2.493
533117,2285,1970,1839,0.1116,0.1615,0.9882,11.639,10.683,-1.297
533127,2256,2031,1795,0.1069,0.1597,0.9783,11.715,9.958,-0.450
533137,2381,2024,1781,0.1006,0.1615,0.9703,11.724,9.025,0.438
533147,2253,2066,1775,0.0946,0.1672,0.9655,11.475,7.958,1.622
533157,2417,1956,1839,0.0906,0.1754,0.9613,11.012,6.700,2.771
533167,2362,1985,1831,0.0867,0.1816,0.9603,10.493,5.199,3.500
533177,2328,1995,1804,0.0859,0.1887,0.9609,9.814,3.503,3.846
533187,2254,2056,1776,0.0838,0.1926,0.9635,8.918,1.620,3.786
533197,2401,1932,1818,0.0816,0.1966,0.9712,7.860,-0.442,3.552
533207,2238,1951,1791,0.0801,0.2015,0.9788,6.410,-2.466,3.437
533217,2313,1918,1810,0.0780,0.2050,0.9853,4.790,-4.273,3.273
533227,2351,1980,1790,0.0775,0.2093,0.9931,3.045,-6.026,3.188
533237,2138,1939,1829,0.0795,0.2129,1.0048,1.286,-7.785,3.269
533247,2135,2013,1793,0.0841,0.2151,1.0194,-0.655,-9.523,3.435
533257,2246,1963,1821,0.0890,0.2148,1.0348,-2.772,-11.128,3.551
533267,2128,2016,1780,0.0963,0.2185,1.0477,-5.185,-12.490,3.857
533277,2071,1975,1807,0.1049,0.2242,1.0637,-7.742,-13.615,4.424
533287,2068,1973,1776,0.1123,0.2251,1.0790,-10.461,-14.585,4.692
533297,2085,1913,1813,0.1190,0.2214,1.0941,-13.107,-15.318,4.594
533307,1732,1963,1778,0.1250,0.2140,1.1065,-15.706,-15.759,4.413
533317,2249,1877,1831,0.1282,0.2056,1.1158,-18.028,-15.878,4.286
533327,2034,1973,1780,0.1301,0.2016,1.1242,-19.885,-15.696,4.602
533337,2182,1918,1804,0.1322,0.2004,1.1323,-21.066,-15.336,5.246
533347,1988,1925,1779,0.1336,0.1983,1.1391,-21.618,-14.975,5.806
533357,1979,1925,1811,0.1394,0.1947,1.1476,-21.547,-14.729,6.217
533367,1761,1959,1777,0.1444,0.1936,1.1540,-21.039,-14.422,6.439
533377,2007,1948,1802,0.1491,0.1961,1.1597,-19.863,-13.882,6.574
533387,1902,1980,1800,0.1549,0.2026,1.1694,-18.318,-13.125,6.694
533397,2130,1936,1782,0.1618,0.2020,1.1755,-16.650,-12.272,6.457
533407,1973,1967,1791,0.1593,0.1981,1.1635,-14.892,-11.180,5.730
533417,2124,1925,1777,0.1586,0.2078,1.1734,-13.132,-10.534,5.216
533427,2037,1984,1779,0.1670,0.2180,1.2022,-12.102,-10.357,4.986
533437,2071,1901,1777,0.1759,0.2199,1.2127,-10.998,-9.236,4.303
533447,2105,1942,1779,0.1862,0.2185,1.2251,-10.532,-7.756,3.687
533457,2224,1905,1778,0.1974,0.2231,1.2248,-11.294,-6.236,3.280
533467,2181,1953,1796,0.1966,0.2292,1.2241,-11.734,-4.159,3.499
533477,2173,1907,1780,0.1954,0.2109,1.2114,-12.006,-2.505,2.321
533487,2156,1922,1779,0.1864,0.1880,1.1960,-11.089,-0.824,0.137
533497,2274,1892,1788,0.1842,0.1815,1.1976,-10.634,0.313,-0.014
533507,2208,1964,1782,0.1783,0.1796,1.1793,-10.069,1.851,1.056
533517,2236,1917,1778,0.1753,0.1850,1.1659,-9.526,3.440,2.377
533527,2131,1942,1802,0.1718,0.1882,1.1574,-9.553,4.482,3.213
533537,2219,1955,1780,0.1702,0.1900,1.1428,-9.632,5.281,3.339
533547,1846,2042,1786,0.1692,0.1927,1.1385,-9.735,5.707,3.284
533557,2290,1923,1778,0.1643,0.1868,1.1312,-9.758,5.874,2.591
533567,2153,2003,1791,0.1570,0.1750,1.1203,-9.262,6.039,1.274
533577,2368,1925,1782,0.1513,0.1646,1.1188,-8.764,5.890,0.280
533587,2219,1975,1782,0.1465,0.1527,1.1157,-8.474,5.493,-0.222
533597,2339,1904,1779,0.1409,0.1472,1.1078,-8.155,5.140,-0.288
533607,2184,1927,1781,0.1445,0.1538,1.1120,-7.986,4.715,0.657
533617,2324,1943,1794,0.1433,0.1555,1.1163,-7.577,4.288,1.211
533627,2209,1968,1801,0.1378,0.1489,1.1193,-6.894,3.858,0.545
533637,2275,1900,1785,0.1315,0.1435,1.1246,-6.381,3.296,-0.207
533647,2127,1991,1834,0.1286,0.1472,1.1302,-6.080,2.851,-0.111
533657,2237,1934,1786,0.1317,0.1535,1.1355,-5.850,2.489,0.470
533667,2323,1958,1786,0.1340,0.1513,1.1405,-5.580,1.949,0.325
533677,2256,1916,1793,0.1350,0.1457,1.1444,-5.261,1.417,-0.389
533687,2176,1919,1789,0.1375,0.1459,1.1480,-5.016,1.189,-0.543
533697,2325,1956,1790,0.1371,0.1480,1.1463,-4.781,1.289,-0.353
533707,2100,1977,1784,0.1351,0.1449,1.1428,-4.450,1.429,-0.488
533717,2131,1925,1780,0.1339,0.1363,1.1308,-3.962,1.466,-0.961
533727,2105,1944,1822,0.1336,0.1356,1.1326,-3.257,1.369,-0.894
533737,2243,1914,1784,0.1345,0.1335,1.1344,-2.882,1.094,-0.590
533747,2165,1974,1797,0.1290,0.1321,1.1206,-2.311,1.168,-0.730
533757,2161,1941,1789,0.1332,0.1400,1.1234,-2.009,1.029,-0.215
533767,2221,1981,1804,0.1380,0.1417,1.1212,-1.782,0.757,0.002
533777,2211,1941,1785,0.1366,0.1353,1.1156,-0.893,0.802,-0.837
533787,2144,1943,1793,0.1380,0.1314,1.1140,-0.030,0.553,-1.575
533797,2219,1936,1793,0.1361,0.1388,1.1132,0.965,0.567,-1.557
533807,2192,1971,1783,0.1380,0.1469,1.1196,1.778,0.471,-1.365
533817,2187,1922,1792,0.1362,0.1462,1.1209,2.797,0.067,-2.237
533827,1998,1993,1793,0.1351,0.1453,1.1239,4.156,-0.208,-3.370
533837,2060,1983,1812,0.1377,0.1480,1.1270,5.587,-0.320,-3.626
533847,2162,1940,1782,0.1395,0.1492,1.1258,7.054,-0.193,-3.607
533857,2336,1911,1802,0.1401,0.1440,1.1280,8.086,-0.134,-3.762
533867,2202,1983,1805,0.1367,0.1438,1.1245,8.482,-0.290,-3.756
533877,2308,1974,1801,0.1436,0.1561,1.1334,8.215,-0.321,-2.231
533887,2108,2055,1890,0.1416,0.1601,1.1347,6.873,-0.571,-1.263
533897,2256,1942,1787,0.1356,0.1602,1.1298,5.997,-0.665,-1.660
533907,2648,1989,1833,0.1403,0.1590,1.1322,5.490,-0.933,-1.647
533917,2239,1945,1801,0.1413,0.1488,1.1328,5.680,-1.117,-1.956
533927,2103,1992,1833,0.1409,0.1414,1.1355,6.206,-1.348,-2.573
533937,2229,1976,1815,0.1402,0.1454,1.1385,6.835,-1.258,-2.196
533947,2146,2004,1807,0.1375,0.1507,1.1388,7.939,-0.685,-1.603
533957,2334,2006,1834,0.1329,0.1550,1.1330,9.586,-0.079,-1.594
533967,2163,1980,1805,0.1295,0.1582,1.1282,11.639,0.330,-1.866
533977,2336,1941,1799,0.1264,0.1609,1.1231,13.629,0.489,-2.191
533987,2172,2010,1810,0.1265,0.1659,1.1226,15.298,0.531,-2.315
533997,2302,1935,1802,0.1300,0.1711,1.1270,16.265,0.354,-2.434
534007,2183,2032,1823,0.1304,0.1757,1.1246,16.877,0.398,-2.786
534017,2329,1945,1825,0.1319,0.1837,1.1300,17.243,0.560,-2.911
534027,2148,2051,1826,0.1305,0.1938,1.1346,17.333,0.649,-2.824
534037,2223,1973,1834,0.1287,0.2001,1.1310,17.492,0.872,-2.919
534047,2153,1986,1792,0.1280,0.2031,1.1304,17.353,0.891,-3.200
534057,2206,1947,1835,0.1312,0.2017,1.1355,16.656,0.551,-3.514
534067,2136,1979,1804,0.1347,0.2009,1.1392,15.512,0.231,-3.560
534077,2271,1958,1823,0.1357,0.2044,1.1371,14.180,0.158,-3.130
534087,2057,1992,1799,0.1358,0.2106,1.1334,12.690,0.196,-2.323
534097,2140,1978,1824,0.1329,0.2169,1.1235,11.433,0.311,-1.550
534107,2142,1979,1804,0.1261,0.2211,1.1130,10.680,0.413,-1.112
534117,2191,1971,1835,0.1211,0.2238,1.1074,10.235,0.247,-1.121
534127,2131,1991,1824,0.1214,0.2263,1.1101,10.000,-0.185,-1.365
534137,2207,1932,1811,0.1248,0.2285,1.1167,9.738,-0.622,-1.477
534147,2133,1988,1810,0.1284,0.2325,1.1206,9.448,-0.770,-1.469
534157,2152,1940,1809,0.1308,0.2362,1.1247,8.894,-0.817,-1.391
534167,2144,1967,1796,0.1302,0.2399,1.1258,7.962,-0.813,-1.391
534177,2204,1921,1817,0.1304,0.2417,1.1228,6.760,-0.723,-1.337
534187,2146,1990,1813,0.1303,0.2413,1.1221,5.295,-0.696,-1.264
534197,2226,1946,1810,0.1316,0.2383,1.1238,3.748,-0.823,-1.231
534207,2076,1991,1825,0.1320,0.2343,1.1234,2.354,-0.908,-1.268
534217,2188,1947,1805,0.1321,0.2298,1.1222,1.275,-0.918,-1.271
534227,2125,1986,1809,0.1319,0.2254,1.1219,0.471,-0.920,-1.203
534237,2198,1943,1810,0.1311,0.2211,1.1218,-0.020,-0.917,-1.177
534247,2086,1997,1812,0.1313,0.2178,1.1215,-0.261,-0.929,-1.119
534257,2149,1944,1797,0.1310,0.2159,1.1196,-0.295,-0.904,-1.057
534267,2144,1975,1804,0.1314,0.2147,1.1198,-0.183,-0.863,-1.015
534277,2196,1932,1799,0.1319,0.2142,1.1218,0.014,-0.807,-0.984
534287,2163,1973,1808,0.1309,0.2141,1.1203,0.311,-0.673,-0.990
534297,2211,1927,1801,0.1300,0.2142,1.1188,0.671,-0.553,-1.011
534307,2117,1977,1801,0.1300,0.2153,1.1173,1.098,-0.466,-1.024
534317,2200,1938,1808,0.1291,0.2152,1.1141,1.678,-0.406,-1.108
534327,1919,1974,1812,0.1288,0.2168,1.1151,2.402,-0.417,-1.186
534337,2360,1915,1788,0.1286,0.2189,1.1150,3.159,-0.443,-1.265
534347,2114,1980,1808,0.1299,0.2227,1.1166,3.766,-0.464,-1.296
534357,2182,1927,1805,0.1306,0.2252,1.1172,4.159,-0.453,-1.324
534367,2104,1971,1808,0.1306,0.2284,1.1169,4.374,-0.398,-1.388
534377,2172,1920,1800,0.1297,0.2320,1.1175,4.325,-0.342,-1.395
534387,2097,1969,1810,0.1295,0.2335,1.1173,4.082,-0.327,-1.414
534397,2314,1901,1788,0.1287,0.2346,1.1156,3.737,-0.348,-1.469
534407,2134,1964,1811,0.1290,0.2354,1.1163,3.376,-0.423,-1.485
534417,2196,1917,1797,0.1295,0.2365,1.1154,3.074,-0.501,-1.431
534427,2068,1972,1830,0.1290,0.2370,1.1159,2.821,-0.556,-1.367
534437,2173,1925,1793,0.1291,0.2383,1.1174,2.470,-0.653,-1.268
534447,2155,1975,1828,0.1287,0.2398,1.1180,2.044,-0.731,-1.165
534457,2191,1933,1801,0.1291,0.2408,1.1175,1.574,-0.749,-1.088
534467,2082,1972,1807,0.1289,0.2409,1.1156,1.051,-0.802,-1.065
534477,2144,1922,1798,0.1284,0.2402,1.1154,0.529,-0.880,-1.081
534487,2088,1961,1814,0.1284,0.2388,1.1134,0.018,-1.000,-1.073
534497,2170,1930,1795,0.1296,0.2389,1.1153,-0.514,-1.146,-0.936
534507,2098,1974,1818,0.1309,0.2395,1.1150,-0.974,-1.281,-0.878
534517,2178,1924,1797,0.1310,0.2383,1.1151,-1.314,-1.336,-0.967
534527,2105,1962,1814,0.1319,0.2390,1.1149,-1.607,-1.301,-0.992
534537,2191,1924,1791,0.1312,0.2389,1.1152,-1.946,-1.231,-1.029
534547,2086,1971,1822,0.1296,0.2385,1.1156,-2.313,-1.155,-1.133
534557,2129,1925,1800,0.1290,0.2396,1.1163,-2.744,-1.078,-1.049
534567,2091,1968,1822,0.1281,0.2431,1.1163,-3.292,-0.972,-0.820
534577,2178,1928,1793,0.1274,0.2459,1.1151,-3.961,-0.949,-0.688
534587,2156,1963,1809,0.1280,0.2485,1.1146,-4.754,-1.015,-0.552
534597,2172,1926,1793,0.1274,0.2490,1.1133,-5.687,-1.169,-0.546
534607,2092,1954,1808,0.1280,0.2456,1.1141,-6.747,-1.408,-0.664
534617,2171,1930,1794,0.1292,0.2403,1.1161,-7.815,-1.666,-0.691
534627,2074,1975,1812,0.1299,0.2364,1.1170,-8.918,-1.914,-0.641
534637,2166,1927,1796,0.1317,0.2349,1.1197,-9.865,-2.100,-0.507
534647,2068,1969,1817,0.1321,0.2349,1.1226,-10.805,-2.235,-0.330
534657,2181,1922,1791,0.1328,0.2301,1.1247,-11.704,-2.352,-0.375
534667,2053,1961,1808,0.1328,0.2204,1.1253,-12.649,-2.611,-0.826
534677,2168,1926,1795,0.1320,0.2159,1.1220,-12.950,-2.516,-0.878
534687,2078,1976,1818,0.1360,0.2164,1.1216,-13.139,-2.316,-0.258
534697,2251,1922,1797,0.1364,0.2098,1.1226,-13.204,-2.250,-0.419
534707,2043,1972,1818,0.1338,0.2015,1.1216,-13.267,-2.139,-0.943
534717,2198,1912,1789,0.1324,0.1976,1.1171,-13.072,-1.860,-1.057
534727,2242,1955,1816,0.1332,0.1983,1.1206,-12.683,-1.634,-0.475
534737,2130,1916,1789,0.1333,0.1920,1.1220,-12.330,-1.636,-0.403
534747,2067,1969,1815,0.1295,0.1854,1.1205,-11.719,-1.482,-0.703
534757,2149,1909,1790,0.1324,0.1842,1.1292,-11.182,-1.501,-0.323
534767,2056,1967,1816,0.1331,0.1825,1.1303,-10.627,-1.353,0.088
534777,2179,1917,1793,0.1330,0.1810,1.1259,-9.730,-0.903,0.244
534787,2074,1970,1816,0.1338,0.1814,1.1276,-8.821,-0.682,0.491
534797,2144,1906,1790,0.1329,0.1803,1.1278,-7.917,-0.538,0.588
534807,2069,1961,1806,0.1321,0.1802,1.1245,-7.018,-0.362,0.568
534817,2138,1911,1796,0.1316,0.1804,1.1239,-6.224,-0.295,0.544
534827,2060,1978,1812,0.1300,0.1819,1.1243,-5.531,-0.281,0.554
534837,2140,1914,1787,0.1314,0.1841,1.1243,-4.912,-0.252,0.577
534847,2069,1952,1819,0.1315,0.1845,1.1234,-4.379,-0.228,0.501
534857,2135,1920,1790,0.1308,0.1846,1.1227,-3.888,-0.219,0.343
534867,2036,1954,1810,0.1314,0.1841,1.1213,-3.394,-0.213,0.216
534877,2167,1920,1790,0.1324,0.1844,1.1214,-2.987,-0.243,0.137
534887,2055,1955,1817,0.1333,0.1841,1.1221,-2.647,-0.310,0.015
534897,2155,1906,1790,0.1332,0.1827,1.1226,-2.332,-0.336,-0.120
534907,2074,1972,1811,0.1340,0.1832,1.1229,-2.072,-0.312,-0.067
534917,2169,1921,1791,0.1335,0.1843,1.1239,-1.867,-0.307,-0.029
534927,2179,1962,1812,0.1327,0.1844,1.1258,-1.697,-0.344,-0.073
534937,2140,1909,1791,0.1321,0.1852,1.1259,-1.592,-0.350,-0.010
534947,2055,1970,1815,0.1324,0.1859,1.1246,-1.498,-0.371,0.055
534957,2121,1902,1787,0.1327,0.1860,1.1269,-1.453,-0.438,0.082
534967,2062,1958,1815,0.1333,0.1863,1.1271,-1.446,-0.450,0.114
534977,2147,1883,1790,0.1326,0.1865,1.1249,-1.436,-0.402,0.120
534987,2051,1961,1811,0.1317,0.1871,1.1252,-1.480,-0.393,0.151
534997,2138,1921,1789,0.1310,0.1868,1.1263,-1.549,-0.460,0.151
535007,2102,1966,1810,0.1304,0.1873,1.1268,-1.606,-0.531,0.166
535017,2128,1909,1789,0.1306,0.1867,1.1260,-1.660,-0.581,0.258
535027,2041,1949,1808,0.1308,0.1862,1.1260,-1.685,-0.646,0.316
535037,2087,1894,1787,0.1304,0.1857,1.1250,-1.686,-0.713,0.285
535047,1979,1955,1808,0.1307,0.1857,1.1251,-1.698,-0.785,0.285
535057,2143,1910,1787,0.1309,0.1853,1.1244,-1.696,-0.831,0.284
535067,2044,1957,1806,0.1311,0.1847,1.1245,-1.705,-0.888,0.250
535077,2119,1920,1789,0.1314,0.1843,1.1261,-1.785,-1.014,0.267
535087,2040,1963,1815,0.1313,0.1839,1.1263,-1.813,-1.101,0.336
535097,2179,1926,1798,0.1312,0.1838,1.1244,-1.790,-1.116,0.361
535107,1866,1980,1821,0.1313,0.1843,1.1260,-1.767,-1.184,0.394
535117,2121,1913,1785,0.1320,0.1850,1.1252,-1.898,-1.264,0.474
535127,2061,1954,1826,0.1325,0.1862,1.1251,-2.113,-1.423,0.521
535137,2125,1926,1792,0.1336,0.1858,1.1263,-2.384,-1.628,0.644
535147,2086,1983,1837,0.1332,0.1844,1.1237,-2.549,-1.689,0.718
535157,2125,1901,1791,0.1330,0.1837,1.1251,-2.679,-1.830,0.727
535167,2042,1958,1819,0.1350,0.1827,1.1283,-2.924,-2.080,0.773
535177,2103,1921,1798,0.1356,0.1809,1.1279,-3.127,-2.183,0.785
535187,2043,1960,1850,0.1353,0.1807,1.1285,-3.310,-2.256,0.870
535197,2271,1901,1788,0.1338,0.1828,1.1296,-3.539,-2.349,1.149
535207,2107,1960,1794,0.1296,0.1857,1.1274,-3.676,-2.454,1.373
535217,2089,1924,1788,0.1242,0.1885,1.1290,-3.791,-2.888,1.504
535227,2069,1955,1822,0.1207,0.1924,1.1321,-4.004,-3.740,1.792
535237,2123,1899,1793,0.1241,0.1981,1.1395,-4.632,-4.885,2.595
535247,2072,1950,1811,0.1277,0.1996,1.1477,-6.010,-6.219,3.351
535257,2229,1925,1785,0.1295,0.1988,1.1582,-7.923,-7.422,3.783
535267,2071,1956,1818,0.1338,0.1967,1.1576,-10.221,-8.147,4.495
535277,2295,1917,1790,0.1360,0.2015,1.1518,-12.715,-8.197,5.751
535287,2017,1948,1789,0.1373,0.1981,1.1587,-16.154,-8.589,6.631
535297,2097,1883,1794,0.1314,0.1847,1.1489,-19.806,-8.927,6.175
535307,2010,1924,1796,0.1354,0.1736,1.1339,-22.963,-8.825,6.198
535317,2023,1882,1790,0.1426,0.1634,1.1309,-25.595,-9.059,6.746
535327,2026,1915,1788,0.1460,0.1487,1.1272,-27.524,-9.135,6.799
535337,2094,1876,1800,0.1530,0.1344,1.1245,-28.322,-9.034,6.435
535347,2028,1943,1786,0.1614,0.1208,1.1245,-28.172,-8.799,6.120
535357,2092,1862,1800,0.1683,0.1078,1.1193,-26.987,-8.063,5.781
535367,2009,1864,1796,0.1747,0.0990,1.1191,-24.914,-7.137,5.637
535377,2004,1868,1804,0.1761,0.0919,1.1178,-22.297,-6.214,5.520
535387,2086,1915,1788,0.1741,0.0882,1.1145,-18.894,-5.090,5.355
535397,2073,1958,1795,0.1744,0.0903,1.1187,-15.485,-3.987,5.729
535407,1976,1945,1790,0.1766,0.0922,1.1244,-12.268,-2.928,6.127
535417,2050,1924,1786,0.1800,0.0961,1.1345,-9.484,-1.963,6.336
535427,2022,1978,1789,0.1830,0.0982,1.1475,-7.453,-1.030,6.609
535437,1915,1919,1801,0.1841,0.1029,1.1550,-6.145,0.156,7.066
535447,2002,1932,1786,0.1862,0.1091,1.1653,-5.710,1.385,7.900
535457,1983,1881,1800,0.1848,0.1149,1.1765,-5.932,2.514,8.764
535467,1915,1957,1799,0.1831,0.1220,1.1868,-6.537,3.701,9.536
535477,1829,1959,1827,0.1820,0.1297,1.1946,-7.691,4.850,10.378
535487,1917,2005,1844,0.1801,0.1321,1.2030,-9.178,5.954,11.011
535497,2094,1862,1849,0.1825,0.1257,1.2147,-11.016,6.901,11.321
535507,2080,1924,1801,0.1791,0.1181,1.2207,-13.464,7.691,11.609
535517,2174,1879,1848,0.1747,0.1164,1.2214,-16.423,8.462,12.449
535527,2013,1929,1891,0.1754,0.1179,1.2282,-19.861,8.991,13.996
535537,2144,1902,1813,0.1803,0.1077,1.2446,-23.821,9.154,15.482
535547,1838,1990,1792,0.1887,0.0980,1.2574,-28.214,9.473,16.742
535557,1869,1872,1833,0.1984,0.0943,1.2752,-32.465,10.231,18.163
535567,1938,1935,1792,0.2035,0.0881,1.2990,-36.598,11.163,19.297
535577,1878,1892,1867,0.2073,0.0768,1.3117,-39.007,13.131,19.948
535587,1636,1956,1788,0.2154,0.0527,1.3255,-39.635,15.595,20.068
535597,1763,1908,1854,0.2198,0.0204,1.3386,-38.742,17.914,19.703
535607,1853,1974,1790,0.2189,-0.0103,1.3508,-36.488,20.684,19.973
535617,1807,1946,1878,0.2152,-0.0241,1.3599,-33.394,23.737,21.757
535627,1798,1966,1790,0.2103,-0.0284,1.3623,-29.291,27.116,24.434
535637,1886,1953,1824,0.2026,-0.0268,1.3612,-24.699,30.602,27.196
535647,1816,1974,1844,0.1907,-0.0192,1.3604,-19.732,33.990,29.628
535657,1667,1936,1890,0.1787,-0.0088,1.3624,-14.835,37.043,31.377
535667,2007,1932,1808,0.1686,-0.0012,1.3561,-10.236,39.968,32.259
535677,1760,1901,1867,0.1619,0.0016,1.3497,-6.040,42.752,32.463
535687,1774,1979,1790,0.1597,0.0002,1.3394,-2.142,45.173,32.445
535697,2084,1924,1843,0.1556,-0.0049,1.3240,1.536,47.504,32.429
535707,2194,1981,1849,0.1548,-0.0070,1.3130,5.236,49.454,32.735
535717,1881,1956,2027,0.1473,-0.0101,1.2986,8.965,51.401,33.325
535727,2058,1952,1851,0.1374,-0.0095,1.2862,12.738,53.260,34.407
535737,1853,1901,1954,0.1277,-0.0020,1.2797,16.459,54.752,35.917
535747,1740,2069,1875,0.1180,0.0081,1.2733,19.848,55.934,37.555
535757,1567,1909,1910,0.1109,0.0187,1.2692,22.774,57.044,39.027
535767,1562,1960,1824,0.1038,0.0242,1.2649,24.848,58.028,40.374
535777,1691,1859,1836,0.1007,0.0299,1.2550,26.091,58.996,41.697
535787,1541,1905,1866,0.0953,0.0375,1.2525,26.508,59.867,43.187
535797,1531,1911,1867,0.0956,0.0432,1.2544,26.406,60.641,44.935
535807,1719,1857,1891,0.0954,0.0446,1.2502,26.057,61.846,46.611
535817,1569,1930,1802,0.0909,0.0466,1.2464,24.999,63.125,48.416
535827,1612,1876,1808,0.0842,0.0503,1.2393,23.455,64.517,50.287
535837,1629,1848,1804,0.0750,0.0530,1.2285,21.869,66.082,52.089
535847,1534,1880,1841,0.0637,0.0541,1.2115,20.330,67.637,53.700
535857,1717,1850,1974,0.0539,0.0567,1.1940,18.722,68.884,55.212
535867,1610,1845,1790,0.0426,0.0584,1.1759,16.908,69.623,56.618
535877,1879,1863,1796,0.0295,0.0555,1.1506,15.271,70.181,57.903
535887,1553,1883,1801,0.0129,0.0519,1.1268,13.964,70.258,59.338
535897,1673,1860,1818,-0.0041,0.0473,1.0993,13.118,69.804,61.029
535907,1600,1847,1799,-0.0302,0.0424,1.0754,12.672,68.836,62.633
535917,1608,1861,1801,-0.0554,0.0418,1.0587,12.666,67.148,64.231
535927,1592,1847,1793,-0.0781,0.0471,1.0375,13.167,65.304,66.006
535937,1535,1846,1791,-0.1034,0.0575,1.0130,14.420,63.424,67.451
535947,1617,1892,1815,-0.1279,0.0751,0.9953,16.438,61.060,68.548
535957,1569,1858,2002,-0.1531,0.1000,0.9724,19.497,58.607,69.382
535967,1648,1901,1799,-0.1790,0.1303,0.9505,23.594,56.137,69.758
535977,1534,1863,1796,-0.2064,0.1592,0.9352,28.168,53.048,69.090
535987,1568,1847,1802,-0.2303,0.1826,0.9208,32.778,49.488,67.275
535997,1546,1872,1801,-0.2531,0.2043,0.9096,36.889,45.453,64.814
536007,1620,1847,1800,-0.2732,0.2230,0.8941,40.233,41.038,61.953
536017,1566,1857,1854,-0.2882,0.2385,0.8680,43.241,36.541,58.950
536027,1534,1845,1811,-0.3018,0.2544,0.8441,46.000,31.618,56.135
536037,1582,1850,1818,-0.3110,0.2573,0.8114,48.343,26.075,53.015
536047,1649,1858,1793,-0.3256,0.2601,0.7876,49.964,19.496,49.747
536057,1535,1847,1821,-0.3314,0.2578,0.7661,50.163,12.004,47.143
536067,1576,1851,1826,-0.3301,0.2477,0.7423,49.154,4.010,44.932
536077,1580,1871,1850,-0.3280,0.2406,0.7194,46.836,-4.514,43.087
536087,1549,1863,1866,-0.3225,0.2402,0.6917,43.968,-12.945,42.161
536097,1535,1846,2051,-0.3141,0.2454,0.6667,41.474,-21.427,41.813
536107,1535,1867,1807,-0.3068,0.2426,0.6463,40.055,-30.283,40.821
536117,1599,1860,1861,-0.2953,0.2314,0.6311,40.177,-39.365,38.930
536127,1589,1862,1799,-0.2814,0.2227,0.6201,42.007,-48.079,37.363
536137,1608,1872,1962,-0.2671,0.2224,0.6094,45.444,-55.862,36.722
536147,1559,1882,1891,-0.2483,0.2282,0.6106,50.129,-63.042,36.575
536157,1582,1980,1798,-0.2321,0.2414,0.6220,55.512,-69.859,36.446
536167,2129,2222,1972,-0.2109,0.2557,0.6307,61.400,-75.942,36.318
536177,1732,1846,1839,-0.1887,0.2660,0.6406,66.918,-81.498,35.993
536187,1867,1931,2338,-0.1660,0.2681,0.6401,71.455,-86.842,35.042
536197,1766,1902,2280,-0.1389,0.2658,0.6363,74.856,-92.135,34.241
536207,2002,2070,2090,-0.1000,0.2588,0.6380,77.506,-97.488,34.220
536217,1916,1993,1807,-0.0656,0.2557,0.6400,80.018,-102.309,34.980
536227,1676,1847,2052,-0.0252,0.2668,0.6592,82.489,-106.251,36.872
536237,1647,2006,1999,0.0099,0.3004,0.7049,84.893,-109.414,39.411
536247,1660,1865,1799,0.0421,0.3451,0.7526,87.627,-111.065,41.772
536257,1758,1906,3269,0.0676,0.3970,0.7988,90.730,-110.905,43.360
536267,1777,1881,2081,0.1057,0.4502,0.8588,92.727,-109.854,44.594
536277,1561,1987,1795,0.1529,0.5071,0.9335,89.441,-106.434,45.130
536287,1856,1934,2101,0.1999,0.5595,1.0057,83.105,-101.974,45.995
536297,2042,1852,1938,0.2296,0.6108,1.0628,74.647,-96.382,46.453
536307,2258,1874,2587,0.2586,0.6688,1.1085,64.526,-89.625,46.690
536317,1597,1974,2126,0.2783,0.7184,1.1481,52.950,-82.265,45.872
536327,1899,1853,1843,0.2911,0.7450,1.1828,40.590,-75.095,42.641
536337,1617,1845,2136,0.3003,0.7426,1.1947,27.979,-67.503,38.662
536347,2061,1959,1994,0.3027,0.7225,1.1898,15.624,-59.797,35.015
536357,1962,1925,2463,0.3080,0.6952,1.1845,3.856,-52.785,32.198
536367,1622,2046,1811,0.3092,0.6773,1.1895,-6.258,-46.475,30.489
536377,1844,1981,1821,0.3049,0.6611,1.1883,-13.272,-39.901,29.294
536387,1851,1958,2020,0.2867,0.6493,1.1783,-16.553,-33.293,27.244
536397,1698,2022,1961,0.2872,0.6494,1.1663,-17.409,-26.466,26.005
536407,1889,2176,2205,0.2686,0.6327,1.1462,-16.644,-20.361,23.398
536417,2009,1884,2050,0.2435,0.6201,1.1271,-14.531,-15.362,19.439
536427,1682,1902,2406,0.2371,0.6242,1.1171,-11.605,-11.296,17.401
536437,2076,2005,1866,0.2278,0.6152,1.0884,-8.436,-7.659,15.487
536447,2466,1950,1939,0.2182,0.5957,1.0670,-5.977,-5.544,12.629
536457,1664,1856,1901,0.2146,0.5851,1.0513,-4.672,-4.688,10.937
536467,2018,1876,2848,0.2130,0.5811,1.0344,-3.517,-3.913,10.425
536477,3183,1915,1828,0.2140,0.5740,1.0236,-2.537,-3.539,9.992
536487,1607,1910,2263,0.2116,0.5588,1.0149,-1.562,-3.678,8.764
536497,2300,1895,2151,0.2087,0.5451,1.0019,-0.453,-3.855,7.565
536507,1588,1867,1869,0.2080,0.5419,0.9947,1.001,-4.144,7.218
536517,2428,1949,1801,0.2145,0.5379,0.9907,2.837,-4.512,7.216
536527,1863,1854,1892,0.2194,0.5290,0.9878,4.585,-4.972,6.749
536537,2412,1904,2163,0.2261,0.5198,0.9905,5.611,-5.698,6.431
536547,1594,2000,2062,0.2335,0.5183,0.9924,5.873,-6.200,6.965
536557,2339,1856,1873,0.2432,0.5157,0.9964,5.429,-6.405,7.897
536567,3590,2140,2124,0.2484,0.5081,1.0004,4.616,-6.740,8.170
536577,2125,1925,1884,0.2534,0.4956,0.9962,3.972,-6.795,8.127
536587,1895,1971,1797,0.2590,0.4874,0.9936,3.821,-6.507,8.495
536597,1884,1865,1963,0.2662,0.4808,0.9908,4.333,-6.045,9.014
536607,2738,1849,2590,0.2700,0.4722,0.9852,5.637,-5.351,9.177
536617,1510,1931,1914,0.2678,0.4735,0.9906,7.735,-4.734,9.223
536627,1615,1859,2456,0.2735,0.4808,0.9914,10.652,-3.692,9.836
536637,2600,2146,2003,0.2792,0.4923,0.9847,13.765,-2.264,10.694
536647,2821,1854,1790,0.2838,0.5038,0.9832,15.905,-1.266,11.345
536657,3117,2113,1814,0.2885,0.5131,0.9814,16.455,-0.644,11.933
536667,1733,1859,1819,0.2906,0.5225,0.9784,15.433,-0.177,12.627
536677,1737,1917,2206,0.2940,0.5282,0.9778,12.997,-0.040,13.384
536687,1817,1864,1836,0.2934,0.5282,0.9766,9.840,-0.148,13.684
536697,1602,1987,2441,0.2916,0.5289,0.9729,6.822,-0.205,13.851
536707,1555,2093,1842,0.2975,0.5281,0.9710,4.389,-0.107,14.425
536717,2296,1915,2031,0.2986,0.5262,0.9729,2.675,-0.098,14.569
536727,1627,1848,1790,0.2970,0.5240,0.9707,2.076,0.059,14.107
536737,1877,1864,1923,0.2965,0.5283,0.9673,2.808,0.663,13.688
536747,1624,1901,1792,0.2950,0.5410,0.9642,4.719,1.650,13.233
536757,1629,1870,1887,0.2909,0.5566,0.9596,7.508,2.771,12.239
536767,1532,1886,1883,0.2887,0.5655,0.9516,10.279,3.723,10.747
536777,1612,1857,2459,0.2826,0.5767,0.9444,12.124,4.240,9.327
536787,1876,1871,1922,0.2797,0.5915,0.9410,12.811,4.484,8.475
536797,1585,1847,2252,0.2789,0.6013,0.9353,12.262,4.449,7.641
536807,1847,1849,2208,0.2753,0.6032,0.9331,10.611,3.890,6.170
536817,1723,1926,1971,0.2776,0.6000,0.9297,8.198,3.030,4.786
536827,1846,1904,1882,0.2799,0.5951,0.9301,5.274,2.141,3.904
536837,3426,2130,1780,0.2798,0.5876,0.9348,2.254,1.206,2.969
536847,1746,1850,1992,0.2785,0.5750,0.9375,-0.335,0.382,1.833
536857,1993,1860,1927,0.2790,0.5626,0.9339,-2.190,-0.009,1.177
536867,1923,1997,1861,0.2806,0.5570,0.9354,-3.415,-0.355,1.129
536877,1950,1884,1919,0.2838,0.5538,0.9413,-4.124,-0.835,1.218
536887,1911,2073,2517,0.2845,0.5486,0.9411,-4.196,-1.142,0.884
536897,1602,1843,1797,0.2847,0.5481,0.9421,-3.852,-1.359,0.458
536907,1530,1903,2048,0.2891,0.5435,0.9437,-3.430,-1.531,0.161
536917,1614,1872,2385,0.2889,0.5338,0.9412,-2.953,-1.668,-0.483
536927,1536,1871,1819,0.2866,0.5293,0.9431,-2.435,-1.940,-0.967
536937,1924,1969,2565,0.2880,0.5263,0.9441,-1.477,-2.031,-0.995
536947,1580,1868,1914,0.2887,0.5211,0.9434,0.036,-1.913,-1.222
536957,2688,1864,1932,0.2869,0.5194,0.9456,1.882,-1.913,-1.746
536967,1733,1886,1913,0.2846,0.5255,0.9475,3.924,-1.711,-1.854
536977,1530,1851,2230,0.2848,0.5355,0.9489,5.694,-1.322,-1.550
536987,1682,1855,1985,0.2866,0.5409,0.9517,6.390,-1.190,-1.320
536997,1614,1863,1994,0.2872,0.5411,0.9526,5.734,-1.405,-1.326
537007,1668,1845,1817,0.2892,0.5390,0.9543,4.141,-1.690,-1.156
537017,1645,1976,1806,0.2887,0.5356,0.9603,2.174,-1.913,-0.838
537027,1645,1973,2154,0.2861,0.5278,0.9601,0.595,-1.907,-0.790
537037,1919,1869,2105,0.2833,0.5246,0.9617,-0.209,-1.638,-0.635
537047,1921,1858,1927,0.2840,0.5299,0.9655,-0.094,-1.094,-0.024
537057,1885,1888,2041,0.2827,0.5380,0.9646,0.781,-0.199,0.502
537067,1845,1941,2191,0.2793,0.5434,0.9638,1.714,0.585,0.460
537077,2773,1992,1787,0.2756,0.5482,0.9622,2.252,1.234,0.232
537087,1606,1932,1966,0.2768,0.5516,0.9577,2.189,1.827,0.273
537097,2224,1847,1833,0.2768,0.5508,0.9538,1.468,2.204,0.237
537107,1999,1844,2868,0.2742,0.5475,0.9546,0.389,2.320,-0.032
537117,1776,1932,3010,0.2694,0.5463,0.9536,-0.520,2.429,-0.308
537127,1509,1875,1890,0.2658,0.5498,0.9513,-0.779,2.782,-0.284
537137,3422,1942,2473,0.2651,0.5558,0.9504,-0.590,3.203,-0.023
537147,3031,2123,2425,0.2672,0.5529,0.9486,-0.555,3.395,-0.125
537157,1561,1848,2463,0.2654,0.5447,0.9410,-0.906,3.273,-0.726
537167,2052,1855,1947,0.2658,0.5459,0.9448,-1.840,2.868,-0.679
537177,2021,1899,1998,0.2720,0.5451,0.9496,-2.898,2.516,-0.108
537187,1776,1874,2209,0.2728,0.5353,0.9489,-3.673,2.362,-0.118
537197,1867,1928,2096,0.2725,0.5289,0.9523,-4.252,2.006,-0.247
537207,2024,1905,1939,0.2714,0.5334,0.9590,-4.436,1.856,0.269
537217,2021,1934,2146,0.2738,0.5379,0.9607,-3.915,2.355,0.878
537227,1910,2050,1783,0.2731,0.5393,0.9631,-3.275,2.874,0.787
537237,1682,1869,2023,0.2723,0.5391,0.9627,-3.104,3.083,0.453
537247,2749,2113,1993,0.2720,0.5458,0.9622,-3.383,3.386,0.685
537257,2939,2021,1924,0.2727,0.5512,0.9643,-4.012,3.636,1.024
537267,2522,2030,2502,0.2744,0.5487,0.9662,-4.931,3.627,0.795
537277,1708,1845,1815,0.2716,0.5449,0.9680,-5.945,3.579,0.262
537287,1939,1851,1944,0.2679,0.5455,0.9689,-6.764,3.691,0.075
537297,1815,1848,1911,0.2695,0.5436,0.9663,-6.981,3.964,0.058
537307,2659,1963,2265,0.2681,0.5418,0.9636,-6.732,4.199,-0.212
537317,1615,1968,1827,0.2686,0.5453,0.9700,-6.311,4.166,-0.466
537327,1887,2108,2102,0.2718,0.5508,0.9783,-5.840,4.306,-0.477
537337,2356,2282,2135,0.2726,0.5565,0.9859,-5.592,4.778,-0.654
537347,1578,1924,1866,0.2707,0.5613,0.9956,-5.746,5.257,-1.215
537357,1661,1857,1982,0.2701,0.5643,0.9986,-6.112,5.992,-1.809
537367,1732,1901,2542,0.2675,0.5676,0.9967,-6.380,6.973,-2.388
537377,1723,1850,1814,0.2658,0.5714,0.9966,-6.442,7.820,-3.133
537387,1620,1865,1864,0.2647,0.5713,0.9942,-6.357,8.532,-4.055
537397,2029,1862,1962,0.2603,0.5744,0.9938,-6.336,9.183,-4.983
537407,1573,1847,1774,0.2601,0.5801,0.9978,-6.880,9.685,-5.497
537417,1514,1961,2515,0.2588,0.5789,1.0005,-8.063,10.051,-6.135
537427,1878,1978,1974,0.2576,0.5768,1.0128,-9.888,10.214,-7.015
537437,1894,1879,1794,0.2591,0.5835,1.0398,-12.280,10.208,-7.493
537447,1680,1846,1813,0.2602,0.5939,1.0656,-14.429,10.975,-7.796
537457,1776,1860,1786,0.2614,0.6029,1.0853,-16.127,12.689,-8.547
537467,1575,1854,1775,0.2652,0.6112,1.1130,-17.771,14.590,-9.841
537477,1522,1848,1775,0.2722,0.6222,1.1456,-19.521,16.863,-11.330
537487,1583,1852,1774,0.2777,0.6345,1.1795,-21.214,20.111,-12.943
537497,1517,1847,1803,0.2823,0.6478,1.2086,-22.880,24.429,-14.783
537507,1583,1848,1775,0.2847,0.6602,1.2295,-24.593,29.788,-16.913
537517,1579,1875,1775,0.2866,0.6692,1.2437,-26.319,35.996,-19.416
537527,1549,1854,1817,0.2854,0.6724,1.2551,-27.900,42.791,-22.420
537537,1688,1867,1817,0.2817,0.6682,1.2616,-29.721,50.082,-25.920
537547,1548,1864,1785,0.2730,0.6591,1.2568,-32.226,57.844,-29.733
537557,1512,1923,1776,0.2612,0.6451,1.2500,-35.276,65.683,-33.636
537567,1586,1951,1773,0.2499,0.6293,1.2454,-38.760,73.252,-37.521
537577,1517,1883,1773,0.2372,0.6087,1.2291,-42.114,80.827,-41.493
537587,1833,1885,1775,0.2256,0.5859,1.2045,-44.475,88.424,-45.386
537597,1586,1899,1783,0.2132,0.5609,1.1767,-45.438,95.830,-49.005
537607,1534,1851,1784,0.1952,0.5337,1.1436,-44.611,103.117,-52.714
537617,1775,1887,1794,0.1741,0.5086,1.1120,-41.933,110.173,-56.479
537627,1515,1857,1796,0.1516,0.4884,1.0838,-37.626,116.977,-60.014
537637,1656,1877,1813,0.1257,0.4704,1.0561,-32.146,123.662,-63.527
537647,1526,1862,1777,0.0924,0.4568,1.0220,-26.070,130.127,-67.369
537657,1770,1920,1793,0.0598,0.4481,0.9848,-19.795,136.102,-71.228
537667,1543,1876,1820,0.0314,0.4419,0.9436,-13.702,141.304,-74.864
537677,1523,1901,1776,0.0046,0.4282,0.8944,-7.840,145.566,-78.856
537687,1508,1881,1797,-0.0270,0.4150,0.8531,-2.424,148.253,-83.525
537697,1546,1878,1777,-0.0604,0.4044,0.8118,2.297,149.524,-88.125
537707,1562,1872,1780,-0.0896,0.3823,0.7554,6.704,150.047,-92.235
537717,1523,1936,1847,-0.1281,0.3713,0.7257,10.749,149.165,-96.060
537727,1517,1872,1785,-0.1673,0.3622,0.7025,13.190,146.707,-99.835
537737,1605,1864,1784,-0.2082,0.3547,0.6595,14.452,143.965,-103.434
537747,1532,1852,1776,-0.2348,0.3481,0.6163,14.264,140.559,-106.180
537757,1553,1893,1782,-0.2644,0.3441,0.5844,12.789,135.444,-109.315
537767,1598,1864,1775,-0.2943,0.3348,0.5450,10.411,129.261,-113.345
537777,1667,1846,1783,-0.3234,0.3154,0.5043,7.623,122.205,-117.933
537787,1529,1867,1792,-0.3496,0.2861,0.4757,4.025,113.632,-122.448
537797,1535,1847,1776,-0.3778,0.2558,0.4626,-0.337,103.602,-126.313
537807,1531,1874,1781,-0.4009,0.2201,0.4439,-5.201,93.220,-128.499
537817,1522,1847,1775,-0.4262,0.1839,0.4286,-10.604,82.384,-128.595
537827,1593,1847,1781,-0.4556,0.1503,0.4264,-16.728,70.410,-126.812
537837,1527,1869,1792,-0.4888,0.1203,0.4342,-23.375,57.530,-123.091
537847,1536,1915,1797,-0.5203,0.0990,0.4499,-30.629,44.179,-117.177
537857,1600,1850,1805,-0.5386,0.0946,0.4992,-40.745,27.391,-106.517
537867,1525,1871,1776,-0.5508,0.0913,0.5309,-50.772,12.114,-95.891
537877,1540,1848,1778,-0.5525,0.0894,0.5567,-60.665,-1.976,-85.267
537887,1734,1895,1776,-0.5453,0.0852,0.5910,-70.385,-15.665,-75.379
537897,1619,1862,1777,-0.5379,0.0725,0.6218,-79.355,-28.803,-67.083
537907,1532,1885,1777,-0.5326,0.0556,0.6516,-86.986,-41.152,-59.957
537917,1691,1849,1780,-0.5254,0.0396,0.6836,-93.161,-52.622,-53.067
537927,1780,1900,1785,-0.5162,0.0260,0.7206,-97.702,-63.115,-46.290
537937,1862,1863,1779,-0.4993,0.0124,0.7646,-100.628,-72.666,-39.938
537947,1609,1893,1776,-0.4797,-0.0028,0.8013,-101.761,-80.823,-34.496
537957,1793,1859,1778,-0.4562,-0.0150,0.8300,-100.783,-87.228,-29.662
537967,1780,1910,1810,-0.4260,-0.0182,0.8594,-97.728,-92.111,-24.894
537977,1685,1846,1827,-0.3953,-0.0156,0.8810,-92.544,-95.630,-20.718
537987,1621,1901,1777,-0.3672,-0.0089,0.8959,-85.412,-98.079,-17.804
537997,1928,1846,1782,-0.3421,-0.0005,0.9082,-76.876,-99.970,-16.315
538007,1932,1845,1781,-0.3203,0.0058,0.9192,-67.350,-101.703,-16.436
538017,2050,1855,1820,-0.2998,0.0094,0.9322,-57.157,-103.464,-18.094
538027,1990,1894,1916,-0.2805,0.0087,0.9518,-46.735,-105.354,-20.752
538037,1980,1851,1924,-0.2553,0.0035,0.9731,-36.332,-107.272,-23.855
538047,1958,1859,1887,-0.2277,-0.0018,1.0037,-26.283,-108.968,-26.631
538057,2154,1966,1809,-0.1964,-0.0042,1.0349,-17.076,-110.146,-28.720
538067,2204,1862,1840,-0.1695,-0.0079,1.0586,-8.777,-110.333,-30.436
538077,2375,1850,1793,-0.1461,-0.0063,1.0720,-1.888,-109.961,-31.538
538087,2083,1951,1865,-0.1246,-0.0105,1.0992,4.556,-110.146,-32.526
538097,2245,1855,1782,-0.1085,-0.0163,1.1214,9.706,-110.109,-33.053
538107,2093,1917,1888,-0.0883,-0.0191,1.1540,13.529,-110.244,-32.722
538117,2342,1863,1778,-0.0699,-0.0232,1.1941,15.659,-110.601,-31.549
538127,2224,1937,1915,-0.0499,-0.0224,1.2370,16.556,-110.439,-29.726
538137,2292,1845,1787,-0.0284,-0.0162,1.2754,15.889,-109.672,-27.244
538147,2014,1982,1813,-0.0068,-0.0108,1.2975,14.562,-107.684,-24.559
538157,2228,1904,1781,0.0151,-0.0020,1.3114,13.341,-104.743,-21.676
538167,2105,2010,1783,0.0369,0.0062,1.3171,12.216,-101.225,-19.028
538177,2170,1966,1783,0.0537,0.0115,1.3186,11.755,-97.155,-17.246
538187,2144,1982,1800,0.0663,0.0165,1.3232,11.924,-92.983,-16.217
538197,2092,2103,1873,0.0736,0.0215,1.3247,12.530,-88.840,-15.783
538207,2250,2085,1828,0.0769,0.0311,1.3327,13.353,-84.872,-15.547
538217,2316,1970,1829,0.0776,0.0382,1.3307,14.255,-80.816,-15.389
538227,2247,1873,1865,0.0823,0.0445,1.3287,15.066,-76.822,-15.200
538237,2369,1902,1930,0.0852,0.0508,1.3274,15.420,-73.089,-14.974
538247,2243,1936,1864,0.0892,0.0573,1.3230,15.827,-69.457,-14.833
538257,2271,1876,1787,0.0963,0.0627,1.3185,16.142,-65.936,-14.665
538267,2269,2023,1794,0.1017,0.0663,1.3145,16.358,-62.701,-14.726
538277,2317,1884,1780,0.1055,0.0664,1.3090,16.628,-59.729,-14.955
538287,2364,1933,1789,0.1129,0.0691,1.3064,17.025,-56.993,-14.983
538297,2420,1844,1777,0.1193,0.0721,1.3021,17.621,-54.193,-14.748
538307,2296,1862,1778,0.1265,0.0753,1.2993,18.294,-51.315,-14.489
538317,2375,1877,1832,0.1340,0.0788,1.3014,18.691,-48.481,-14.245
538327,2248,1967,1806,0.1411,0.0808,1.3021,18.772,-45.475,-13.973
538337,2339,1865,1779,0.1467,0.0795,1.3014,18.486,-42.397,-13.638
538347,2471,1988,1833,0.1502,0.0785,1.2969,17.765,-39.387,-13.178
538357,2706,1940,1780,0.1491,0.0769,1.2877,16.761,-36.394,-12.683
538367,2277,2001,1854,0.1490,0.0769,1.2754,15.696,-33.526,-12.199
538377,2544,1913,1787,0.1546,0.0772,1.2674,14.582,-31.015,-11.652
538387,2578,1956,1935,0.1554,0.0792,1.2586,13.500,-28.602,-11.018
538397,2491,1870,1833,0.1652,0.0984,1.2211,12.533,-26.043,-10.093
538407,2395,1929,1955,0.1805,0.1234,1.2413,12.459,-23.304,-7.804
538417,2461,1850,1783,0.1710,0.0962,1.2369,13.422,-21.061,-10.769
538427,2291,1892,1983,0.1555,0.0655,1.2395,15.804,-19.143,-16.031
538437,2269,1872,1779,0.1570,0.0693,1.2680,15.489,-17.941,-15.501
538447,2307,1888,1993,0.1532,0.0785,1.2556,15.172,-14.826,-12.383
538457,2362,1846,1785,0.1570,0.0927,1.2633,13.856,-12.048,-9.943
538467,2256,1869,2001,0.1538,0.0832,1.2739,10.733,-10.656,-9.740
538477,2260,1844,1791,0.1360,0.0677,1.2515,8.591,-9.130,-11.639
538487,2141,1870,2093,0.1445,0.0789,1.2653,7.422,-7.439,-10.121
538497,2287,1855,1846,0.1517,0.0827,1.2755,5.961,-5.917,-7.353
538507,2333,1868,2005,0.1418,0.0683,1.2583,5.407,-3.956,-7.707
538517,2364,1852,1820,0.1404,0.0650,1.2615,4.221,-2.711,-7.633
538527,2238,1869,1991,0.1389,0.0692,1.2492,2.332,-1.275,-5.844
538537,2339,1858,1839,0.1366,0.0762,1.2200,0.517,0.773,-3.667
538547,2274,1888,1974,0.1320,0.0797,1.1975,-1.539,2.242,-1.950
538557,2330,1868,1862,0.1238,0.0780,1.1728,-3.258,3.023,-1.339
538567,2265,1872,2015,0.1185,0.0747,1.1551,-4.414,3.421,-1.058
538577,2320,1860,1854,0.1156,0.0689,1.1400,-4.969,3.554,-0.805
538587,1955,1906,1964,0.1120,0.0634,1.1281,-4.491,3.555,-0.924
538597,2218,1881,1911,0.1081,0.0607,1.1220,-3.088,3.387,-1.068
538607,2230,1894,1930,0.1056,0.0633,1.1154,-0.995,3.275,-0.948
538617,2271,1857,1871,0.1006,0.0719,1.1086,1.677,3.250,-0.887
538627,1958,1918,1955,0.0991,0.0798,1.1020,4.807,3.164,-1.108
538637,2341,1850,1909,0.1011,0.0831,1.0939,8.062,2.962,-1.682
538647,2221,1918,1964,0.1054,0.0832,1.0916,11.302,2.347,-2.674
538657,2309,1855,1903,0.1058,0.0884,1.0979,14.303,1.558,-3.497
538667,2220,1896,1954,0.1092,0.0984,1.1058,16.799,1.169,-3.842
538677,2261,1847,1931,0.1067,0.1058,1.1189,18.413,0.809,-4.614
538687,1996,1892,1948,0.1026,0.1137,1.1265,19.620,0.509,-5.829
538697,2175,1847,1887,0.1078,0.1271,1.1402,20.631,0.638,-5.873
538707,2094,1866,1925,0.1154,0.1349,1.1532,21.013,0.837,-5.723
538717,2182,1847,1897,0.1179,0.1350,1.1620,20.900,1.053,-6.469
538727,2076,1884,1926,0.1184,0.1367,1.1679,20.043,1.356,-6.911
538737,2162,1849,1885,0.1194,0.1426,1.1687,18.669,1.960,-6.335
538747,2096,1892,1950,0.1176,0.1489,1.1655,16.959,2.615,-5.450
538757,2110,1857,1897,0.1146,0.1551,1.1581,15.121,3.100,-4.683
538767,2070,1873,1907,0.1111,0.1619,1.1508,13.306,3.337,-3.911
538777,2198,1859,1874,0.1089,0.1643,1.1477,11.340,3.333,-3.398
538787,2131,1859,1988,0.1034,0.1612,1.1404,9.473,3.155,-3.650
538797,2131,1851,1877,0.1007,0.1631,1.1337,8.042,3.084,-3.477
538807,2078,1885,1914,0.1031,0.1677,1.1341,6.818,2.860,-2.649
538817,2234,1852,1868,0.0999,0.1679,1.1301,5.981,2.592,-2.530
538827,2078,1887,1954,0.0968,0.1686,1.1310,5.468,2.244,-2.797
538837,2167,1848,1866,0.0973,0.1706,1.1356,4.931,1.753,-2.789
538847,2074,1868,1969,0.0966,0.1703,1.1330,4.436,1.386,-2.844
538857,2176,1850,1845,0.0965,0.1705,1.1321,3.637,0.959,-2.817
538867,2088,1869,1951,0.0964,0.1735,1.1332,2.471,0.389,-2.631
538877,2161,1843,1849,0.0978,0.1756,1.1356,1.208,-0.136,-2.398
538887,2087,1888,1954,0.0990,0.1752,1.1363,-0.019,-0.473,-2.351
538897,2215,1848,1866,0.0997,0.1726,1.1370,-1.194,-0.828,-2.612
538907,2064,1890,1962,0.1002,0.1673,1.1377,-2.247,-1.239,-2.963
538917,2182,1856,1880,0.0993,0.1622,1.1373,-3.113,-1.543,-3.115
538927,2109,1896,1941,0.1008,0.1587,1.1375,-3.869,-1.791,-2.941
538937,2134,1860,1894,0.1023,0.1564,1.1384,-4.539,-1.997,-2.678
538947,2146,1880,1939,0.1048,0.1541,1.1371,-5.089,-2.168,-2.440
538957,2174,1849,1890,0.1064,0.1522,1.1359,-5.507,-2.277,-2.200
538967,2101,1886,1938,0.1074,0.1509,1.1333,-5.766,-2.305,-2.046
538977,2234,1853,1889,0.1087,0.1473,1.1324,-5.991,-2.415,-2.089
538987,2118,1888,1954,0.1078,0.1435,1.1332,-6.147,-2.565,-2.314
538997,2178,1856,1896,0.1075,0.1410,1.1332,-6.091,-2.578,-2.467
539007,2110,1876,1947,0.1069,0.1394,1.1314,-5.777,-2.437,-2.455
539017,2168,1854,1887,0.1062,0.1381,1.1307,-5.326,-2.283,-2.433
539027,2092,1893,1946,0.1065,0.1379,1.1315,-4.867,-2.206,-2.441
539037,2177,1852,1883,0.1060,0.1376,1.1296,-4.374,-2.100,-2.448
539047,2049,1898,1949,0.1062,0.1377,1.1328,-3.909,-2.000,-2.381
539057,2148,1867,1898,0.1058,0.1379,1.1354,-3.533,-1.972,-2.365
539067,2093,1893,1918,0.1051,0.1392,1.1342,-3.175,-1.892,-2.385
539077,2167,1857,1871,0.1049,0.1425,1.1348,-2.890,-1.809,-2.273
539087,1952,1909,1956,0.1051,0.1456,1.1360,-2.722,-1.755,-2.164
539097,2210,1870,1919,0.1043,0.1478,1.1348,-2.654,-1.684,-2.208
539107,2071,1905,1947,0.1042,0.1508,1.1323,-2.716,-1.640,-2.232
539117,2185,1853,1871,0.1042,0.1515,1.1302,-2.897,-1.678,-2.259
539127,2096,1901,1944,0.1042,0.1497,1.1305,-3.219,-1.897,-2.457
539137,2160,1868,1892,0.1060,0.1463,1.1318,-3.692,-2.238,-2.726
539147,2097,1910,1939,0.1065,0.1444,1.1333,-4.131,-2.452,-2.804
539157,2147,1889,1910,0.1070,0.1447,1.1352,-4.598,-2.599,-2.624
539167,2091,1889,1944,0.1067,0.1436,1.1362,-5.110,-2.696,-2.508
539177,2177,1861,1902,0.1068,0.1435,1.1361,-5.598,-2.791,-2.450
539187,2055,1901,1938,0.1084,0.1433,1.1371,-6.022,-2.879,-2.305
539197,2177,1881,1915,0.1077,0.1406,1.1362,-6.298,-2.941,-2.273
539207,2035,1916,1947,0.1078,0.1369,1.1356,-6.411,-3.009,-2.404
539217,2147,1870,1909,0.1094,0.1342,1.1359,-6.432,-3.075,-2.470
539227,2059,1914,1953,0.1108,0.1311,1.1358,-6.381,-3.117,-2.451
539237,2139,1869,1901,0.1116,0.1289,1.1362,-6.263,-3.144,-2.431
539247,2055,1870,1944,0.1119,0.1282,1.1357,-6.044,-3.128,-2.391
539257,2185,1866,1896,0.1122,0.1289,1.1351,-5.738,-3.053,-2.264
539267,2030,1906,1958,0.1126,0.1303,1.1352,-5.386,-2.941,-2.120
539277,2149,1867,1907,0.1129,0.1317,1.1349,-5.068,-2.800,-2.112
539287,2036,1919,1952,0.1142,0.1344,1.1353,-4.912,-2.772,-2.236
539297,2143,1873,1908,0.1156,0.1368,1.1343,-4.846,-2.695,-2.499
539307,2005,1921,1949,0.1174,0.1353,1.1338,-4.859,-2.546,-3.025
539317,2163,1878,1918,0.1175,0.1291,1.1366,-4.945,-2.560,-3.915
539327,2020,1928,1972,0.1147,0.1233,1.1357,-4.948,-2.481,-4.572
539337,2180,1869,1894,0.1143,0.1243,1.1349,-4.827,-2.166,-4.185
539347,2021,1929,1965,0.1178,0.1267,1.1370,-4.800,-1.947,-3.366
539357,2111,1877,1914,0.1167,0.1214,1.1379,-4.782,-1.899,-3.388
539367,2063,1922,1963,0.1168,0.1145,1.1396,-4.722,-2.004,-3.813
539377,2146,1883,1903,0.1183,0.1108,1.1426,-4.591,-1.949,-3.669
539387,1979,1932,1974,0.1193,0.1108,1.1429,-4.267,-1.646,-3.042
539397,2108,1867,1901,0.1200,0.1099,1.1432,-3.909,-1.305,-2.489
539407,2098,1912,1952,0.1189,0.1102,1.1429,-3.431,-1.073,-2.216
539417,2141,1872,1919,0.1176,0.1116,1.1411,-2.907,-0.774,-1.914
539427,2063,1913,1973,0.1165,0.1141,1.1395,-2.436,-0.450,-1.543
539437,2153,1868,1882,0.1164,0.1138,1.1387,-2.110,-0.141,-1.409
539447,2061,1919,1975,0.1157,0.1141,1.1376,-1.850,0.253,-1.311
539457,2156,1873,1921,0.1142,0.1146,1.1369,-1.630,0.650,-1.206
539467,2059,1920,1979,0.1130,0.1143,1.1365,-1.401,0.940,-1.159
539477,2075,1877,1919,0.1115,0.1136,1.1350,-1.164,1.109,-1.147
539487,2074,1919,1992,0.1118,0.1124,1.1349,-0.783,1.156,-1.144
539497,2173,1865,1917,0.1122,0.1118,1.1361,-0.316,1.135,-1.103
539507,2153,1915,1987,0.1114,0.1109,1.1375,0.219,1.090,-1.071
539517,2154,1872,1926,0.1111,0.1125,1.1388,0.733,1.061,-0.907
539527,2082,1925,1984,0.1116,0.1153,1.1373,1.264,1.139,-0.638
539537,2185,1873,1926,0.1114,0.1186,1.1384,1.631,1.158,-0.442
539547,2053,1905,1982,0.1114,0.1206,1.1394,1.852,1.168,-0.418
539557,2184,1865,1915,0.1104,0.1225,1.1385,2.051,1.338,-0.426
539567,2063,1906,1990,0.1108,0.1243,1.1361,2.173,1.540,-0.355
539577,2158,1871,1928,0.1115,0.1246,1.1370,2.228,1.666,-0.325
539587,2081,1909,2007,0.1110,0.1266,1.1406,2.173,1.738,-0.389
539597,2156,1877,1932,0.1111,0.1271,1.1422,2.130,1.881,-0.469
539607,2103,1886,1982,0.1106,0.1288,1.1426,2.117,2.159,-0.487
539617,2171,1883,1927,0.1100,0.1290,1.1422,2.133,2.455,-0.480
539627,2057,1918,2034,0.1088,0.1290,1.1407,2.181,2.770,-0.456
539637,2140,1875,1926,0.1080,0.1285,1.1391,2.219,3.032,-0.438
539647,2050,1907,2013,0.1066,0.1288,1.1382,2.231,3.228,-0.430
539657,2189,1899,1921,0.1054,0.1306,1.1371,2.191,3.417,-0.402
539667,2052,1918,2025,0.1036,0.1321,1.1378,2.092,3.598,-0.362
539677,2132,1861,1921,0.1009,0.1338,1.1378,1.935,3.760,-0.333
539687,2042,1907,2012,0.0992,0.1368,1.1355,1.744,3.821,-0.289
539697,2128,1868,1923,0.0977,0.1374,1.1351,1.499,3.789,-0.306
539707,2076,1881,2008,0.0966,0.1384,1.1355,1.162,3.651,-0.442
539717,2080,1873,1931,0.0976,0.1379,1.1366,0.738,3.473,-0.571
539727,2027,1913,2021,0.0977,0.1377,1.1367,0.295,3.351,-0.636
539737,2102,1871,1933,0.0981,0.1374,1.1366,-0.057,3.302,-0.726
539747,2010,1905,2026,0.0972,0.1349,1.1357,-0.320,3.272,-0.859
539757,2098,1868,1922,0.0972,0.1331,1.1376,-0.413,3.214,-1.037
539767,2000,1918,2024,0.0985,0.1313,1.1378,-0.482,3.137,-1.109
539777,2105,1861,1924,0.0993,0.1286,1.1386,-0.490,3.057,-1.272
539787,1981,1916,2037,0.0985,0.1279,1.1389,-0.415,3.043,-1.410
539797,2077,1865,1929,0.0972,0.1286,1.1375,-0.380,3.078,-1.358
539807,1987,1904,2044,0.0962,0.1285,1.1373,-0.366,3.040,-1.335
539817,2060,1868,1953,0.0943,0.1272,1.1378,-0.230,2.996,-1.456
539827,1886,1903,2032,0.0928,0.1288,1.1383,0.038,3.051,-1.289
539837,2057,1872,1933,0.0939,0.1311,1.1397,0.257,3.104,-0.894
539847,1966,1901,2038,0.0925,0.1305,1.1388,0.337,3.165,-0.737
539857,2032,1870,1936,0.0917,0.1296,1.1394,0.219,3.151,-0.649
539867,1944,1910,2056,0.0898,0.1300,1.1390,-0.007,3.117,-0.460
539877,2028,1866,1956,0.0882,0.1316,1.1366,-0.055,3.356,0.007
539887,1918,1900,2035,0.0871,0.1345,1.1347,-0.144,3.457,0.523
539897,2058,1857,1939,0.0834,0.1365,1.1324,-0.232,3.387,0.762
539907,1944,1910,2046,0.0818,0.1391,1.1345,-0.346,3.198,0.861
539917,2025,1858,1944,0.0807,0.1401,1.1338,-0.418,3.027,0.859
539927,1925,1894,2043,0.0808,0.1393,1.1334,-0.420,2.867,0.829
539937,2010,1865,1974,0.0816,0.1390,1.1349,-0.500,2.607,0.888
539947,1962,1894,2052,0.0815,0.1379,1.1339,-0.610,2.424,0.908
539957,2012,1860,1949,0.0813,0.1376,1.1342,-0.699,2.335,0.888
539967,1934,1892,2043,0.0815,0.1377,1.1342,-0.804,2.270,0.897
539977,2001,1856,1950,0.0819,0.1385,1.1332,-0.889,2.182,0.886
539987,1927,1887,2052,0.0830,0.1379,1.1332,-0.985,1.973,0.819
539997,1979,1853,1969,0.0836,0.1363,1.1365,-1.066,1.726,0.708
540007,1893,1903,2057,0.0841,0.1357,1.1376,-1.167,1.558,0.578
540017,1964,1857,1979,0.0848,0.1343,1.1373,-1.236,1.582,0.572
540027,1903,1881,2045,0.0868,0.1354,1.1380,-1.322,1.611,0.682
540037,1992,1855,1987,0.0905,0.1347,1.1369,-1.460,1.647,0.692
540047,1860,1903,2051,0.0904,0.1315,1.1353,-1.448,1.588,0.323
540057,2000,1854,1959,0.0887,0.1317,1.1373,-1.560,1.586,0.295
540067,1881,1895,2058,0.0847,0.1371,1.1446,-1.960,1.662,0.645
540077,1988,1855,1983,0.0794,0.1398,1.1427,-2.523,1.973,0.676
540087,1848,1874,2050,0.0781,0.1417,1.1354,-2.838,2.538,0.673
540097,1936,1856,1966,0.0808,0.1408,1.1444,-3.224,2.562,0.718
540107,1890,1894,2041,0.0728,0.1333,1.1452,-3.451,2.449,-0.036
540117,1981,1856,1977,0.0684,0.1326,1.1396,-3.299,2.877,-0.182
540127,1865,1884,2054,0.0712,0.1367,1.1405,-3.440,3.151,0.640
540137,1963,1860,1965,0.0688,0.1368,1.1381,-3.699,3.250,0.909
540147,1846,1883,2058,0.0677,0.1363,1.1376,-4.101,3.167,0.803
540157,1927,1854,1985,0.0697,0.1376,1.1402,-4.614,2.972,0.906
540167,1851,1883,2057,0.0695,0.1369,1.1391,-4.965,2.949,0.862
540177,1884,1866,1984,0.0687,0.1344,1.1387,-5.273,2.904,0.664
540187,1859,1883,2045,0.0683,0.1313,1.1393,-5.679,2.753,0.512
540197,1875,1851,1986,0.0674,0.1279,1.1389,-5.968,2.606,0.376
540207,1819,1878,2048,0.0678,0.1258,1.1389,-6.189,2.513,0.336
540217,1891,1854,1985,0.0668,0.1231,1.1380,-6.299,2.461,0.332
540227,1836,1881,2055,0.0651,0.1228,1.1382,-6.309,2.385,0.310
540237,1884,1856,1971,0.0652,0.1214,1.1398,-6.237,2.321,0.335
540247,1844,1885,2032,0.0658,0.1202,1.1381,-6.101,2.265,0.286
