2021662,1834,1904,1922,0.8826,-0.2696,0.5505,-12.088,4.731,-9.273
2021672,1832,1902,1907,0.8827,-0.2743,0.5532,-11.759,4.116,-9.260
2021682,1831,1902,1907,0.8830,-0.2789,0.5556,-11.419,3.522,-9.318
2021692,1857,1903,1901,0.8834,-0.2828,0.5582,-11.029,2.986,-9.398
2021702,2035,1904,1904,0.8854,-0.2859,0.5583,-10.614,2.532,-9.498
2021712,1920,1903,1917,0.8856,-0.2886,0.5599,-10.094,2.158,-9.593
2021722,1825,1908,1903,0.8865,-0.2923,0.5619,-9.532,1.840,-9.648
2021732,2039,1916,1925,0.8868,-0.2956,0.5625,-8.927,1.674,-9.644
2021742,1810,1922,1903,0.8863,-0.2977,0.5627,-8.273,1.608,-9.573
2021752,1802,1901,1904,0.8868,-0.2976,0.5668,-7.538,1.560,-9.379
2021762,1797,1904,1907,0.8875,-0.2964,0.5700,-6.822,1.591,-9.065
2021772,1805,1903,1903,0.8873,-0.2932,0.5724,-6.273,1.675,-8.628
2021782,1825,1904,1902,0.8870,-0.2898,0.5757,-5.964,1.745,-8.075
2021792,1804,1901,1903,0.8864,-0.2864,0.5770,-5.929,1.793,-7.481
2021802,1835,1904,1906,0.8859,-0.2845,0.5810,-6.185,1.704,-6.921
2021812,1891,1905,1905,0.8844,-0.2820,0.5820,-6.643,1.650,-6.407
2021822,1805,1905,1908,0.8835,-0.2800,0.5825,-7.185,1.603,-5.975
2021832,1833,1906,1903,0.8821,-0.2768,0.5830,-7.728,1.501,-5.601
2021842,1804,1912,1902,0.8811,-0.2727,0.5831,-8.108,1.424,-5.278
2021852,1833,1903,1903,0.8808,-0.2691,0.5844,-8.268,1.322,-5.001
2021862,1793,1905,1904,0.8803,-0.2663,0.5836,-8.110,1.282,-4.750
2021872,1881,1900,1903,0.8794,-0.2636,0.5846,-7.579,1.286,-4.481
2021882,1846,1905,1905,0.8778,-0.2609,0.5865,-6.828,1.267,-4.208
2021892,1829,1902,1902,0.8777,-0.2576,0.5865,-5.981,1.266,-3.933
2021902,1792,1905,1923,0.8767,-0.2540,0.5879,-5.118,1.230,-3.659
2021912,1805,1902,1904,0.8761,-0.2494,0.5883,-4.333,1.134,-3.430
2021922,1878,1906,1908,0.8751,-0.2446,0.5870,-3.702,1.028,-3.255
2021932,1812,1900,1904,0.8753,-0.2406,0.5884,-3.242,0.873,-3.180
2021942,1809,1904,1907,0.8756,-0.2370,0.5905,-2.994,0.652,-3.211
2021952,1869,1903,1920,0.8755,-0.2351,0.5905,-2.913,0.406,-3.303
2021962,1831,1902,1915,0.8766,-0.2340,0.5910,-2.997,0.142,-3.427
2021972,1827,1904,1904,0.8782,-0.2348,0.5911,-3.140,-0.092,-3.544
2021982,1806,1900,1923,0.8800,-0.2348,0.5929,-3.242,-0.322,-3.603
2021992,1802,1903,1913,0.8819,-0.2357,0.5918,-3.254,-0.541,-3.626
2022002,1794,1904,1915,0.8842,-0.2365,0.5940,-3.164,-0.724,-3.631
2022012,1812,1922,1935,0.8858,-0.2370,0.5968,-3.028,-0.860,-3.569
2022022,1808,1949,1931,0.8865,-0.2347,0.5968,-2.837,-0.883,-3.464
2022032,1841,1903,1901,0.8878,-0.2322,0.5966,-2.581,-0.854,-3.376
2022042,1849,1930,1904,0.8879,-0.2313,0.5974,-2.235,-0.802,-3.363
2022052,1878,1909,1936,0.8880,-0.2300,0.5989,-1.837,-0.723,-3.387
2022062,1802,1916,1903,0.8871,-0.2262,0.5977,-1.391,-0.591,-3.446
2022072,1870,1916,1915,0.8874,-0.2244,0.5967,-0.865,-0.422,-3.589
2022082,1807,1900,1905,0.8881,-0.2219,0.5976,-0.304,-0.256,-3.824
2022092,1805,1929,1920,0.8889,-0.2179,0.5965,0.292,0.012,-4.076
2022102,1809,1903,1932,0.8889,-0.2143,0.5970,0.749,0.293,-4.375
2022112,1842,1912,1918,0.8885,-0.2093,0.5963,1.025,0.622,-4.709
2022122,1838,1914,1926,0.8883,-0.2061,0.5950,1.137,0.979,-5.116
2022132,1893,1939,1912,0.8879,-0.2038,0.5947,0.996,1.297,-5.612
2022142,1813,1915,1924,0.8861,-0.2021,0.5928,0.614,1.615,-6.082
2022152,1856,1918,1906,0.8851,-0.2001,0.5911,-0.043,1.905,-6.533
2022162,1803,1902,1940,0.8850,-0.1991,0.5906,-0.831,2.161,-6.928
2022172,1865,1903,1905,0.8851,-0.1986,0.5911,-1.842,2.422,-7.297
2022182,1824,1922,1957,0.8835,-0.1979,0.5919,-2.967,2.636,-7.609
2022192,1799,1902,1922,0.8824,-0.1984,0.5905,-4.248,2.845,-7.916
2022202,2053,1908,1927,0.8818,-0.1984,0.5897,-5.698,2.960,-8.205
2022212,1909,1903,1952,0.8819,-0.1985,0.5881,-7.200,3.002,-8.483
2022222,1908,1918,1931,0.8814,-0.2019,0.5879,-8.715,2.975,-8.774
2022232,1900,1903,1904,0.8819,-0.2075,0.5863,-10.127,2.912,-9.039
2022242,1812,1901,1910,0.8807,-0.2097,0.5843,-11.277,2.859,-9.242
2022252,1851,1905,1904,0.8786,-0.2160,0.5815,-12.019,2.766,-9.391
2022262,1798,1903,1906,0.8772,-0.2185,0.5810,-12.381,2.586,-9.461
2022272,2124,1903,1903,0.8759,-0.2201,0.5780,-12.238,2.335,-9.453
2022282,1867,1912,1904,0.8755,-0.2235,0.5778,-11.727,2.002,-9.449
2022292,1854,1909,1911,0.8751,-0.2230,0.5785,-10.494,1.496,-9.321
2022302,1869,1901,1916,0.8750,-0.2241,0.5809,-9.201,0.960,-9.210
2022312,1834,1912,1967,0.8763,-0.2246,0.5808,-7.893,0.485,-9.102
2022322,1799,1904,1936,0.8780,-0.2244,0.5821,-6.565,0.090,-8.980
2022332,1904,1906,1904,0.8794,-0.2243,0.5839,-5.244,-0.204,-8.886
2022342,1807,1905,1904,0.8814,-0.2233,0.5856,-3.988,-0.439,-8.802
2022352,1928,1904,1905,0.8832,-0.2209,0.5895,-2.808,-0.615,-8.697
2022362,1804,1905,1905,0.8859,-0.2190,0.5919,-1.789,-0.707,-8.577
2022372,1830,1913,1904,0.8879,-0.2183,0.5948,-0.964,-0.695,-8.443
2022382,1827,1910,1913,0.8885,-0.2155,0.5964,-0.419,-0.612,-8.268
2022392,1996,1910,1906,0.8905,-0.2138,0.5974,-0.145,-0.458,-8.054
2022402,1813,1907,1903,0.8918,-0.2121,0.5972,-0.126,-0.264,-7.791
2022412,2073,1927,1904,0.8930,-0.2095,0.5989,-0.287,-0.020,-7.491
2022422,1835,1901,1910,0.8942,-0.2070,0.5999,-0.632,0.244,-7.166
2022432,2028,1903,1919,0.8951,-0.2048,0.5996,-1.120,0.547,-6.833
2022442,1845,1904,1907,0.8954,-0.2026,0.5997,-1.754,0.850,-6.520
2022452,1829,1909,1904,0.8955,-0.2008,0.5986,-2.493,1.143,-6.224
2022462,1957,1921,1928,0.8946,-0.2005,0.5962,-3.244,1.420,-5.949
2022472,1813,1903,1903,0.8936,-0.1995,0.5953,-3.971,1.618,-5.695
2022482,1801,1903,1904,0.8922,-0.1980,0.5929,-4.655,1.789,-5.428
2022492,1969,1906,1905,0.8917,-0.1975,0.5935,-5.238,1.961,-5.168
2022502,1817,1918,1944,0.8901,-0.1970,0.5905,-5.723,2.092,-4.924
2022512,1872,1902,1902,0.8887,-0.1967,0.5897,-6.098,2.223,-4.692
2022522,1804,1915,1904,0.8866,-0.1965,0.5896,-6.328,2.300,-4.499
2022532,1816,1900,1926,0.8854,-0.1973,0.5877,-6.382,2.330,-4.349
2022542,1807,1904,1911,0.8846,-0.1990,0.5865,-6.224,2.301,-4.253
2022552,1913,1899,1924,0.8825,-0.1995,0.5862,-5.882,2.255,-4.186
2022562,1820,1909,1910,0.8810,-0.1997,0.5859,-5.352,2.188,-4.144
2022572,1849,1906,1911,0.8801,-0.1997,0.5880,-4.667,2.076,-4.123
2022582,1825,1903,1908,0.8800,-0.1994,0.5886,-3.865,1.982,-4.123
2022592,1950,1904,1903,0.8798,-0.2003,0.5896,-3.004,1.926,-4.123
2022602,1810,1904,1905,0.8798,-0.1997,0.5906,-2.144,1.917,-4.092
2022612,1952,1921,1940,0.8799,-0.1979,0.5909,-1.362,1.978,-4.011
2022622,1912,1900,1902,0.8799,-0.1972,0.5912,-0.731,2.073,-3.888
2022632,1967,1909,1925,0.8801,-0.1954,0.5921,-0.334,2.192,-3.747
2022642,1818,1931,1933,0.8798,-0.1938,0.5924,-0.176,2.336,-3.567
2022652,1888,1905,1905,0.8798,-0.1924,0.5936,-0.338,2.480,-3.372
2022662,1823,1902,1907,0.8789,-0.1916,0.5940,-0.769,2.647,-3.168
2022672,1832,1902,1920,0.8772,-0.1921,0.5937,-1.425,2.791,-2.988
2022682,1869,1920,1950,0.8766,-0.1926,0.5919,-2.229,2.942,-2.837
2022692,1827,1903,1930,0.8751,-0.1947,0.5902,-3.071,3.033,-2.690
2022702,1861,1904,1916,0.8738,-0.1966,0.5886,-3.831,3.042,-2.511
2022712,1963,1905,1943,0.8728,-0.1991,0.5877,-4.433,3.016,-2.305
2022722,1879,1907,1903,0.8719,-0.2021,0.5861,-4.853,2.932,-2.097
2022732,1903,1916,1925,0.8711,-0.2053,0.5863,-5.093,2.818,-1.883
2022742,1801,1902,1908,0.8710,-0.2085,0.5846,-5.110,2.679,-1.676
2022752,1886,1936,1904,0.8708,-0.2110,0.5835,-4.901,2.513,-1.479
2022762,1803,1969,1917,0.8695,-0.2137,0.5831,-4.466,2.321,-1.298
2022772,1988,1920,1924,0.8675,-0.2151,0.5821,-3.864,2.076,-1.104
2022782,1802,1901,1910,0.8671,-0.2162,0.5831,-3.163,1.754,-0.908
2022792,1868,1939,1902,0.8672,-0.2167,0.5832,-2.435,1.413,-0.739
2022802,1809,1914,1912,0.8674,-0.2179,0.5844,-1.700,1.065,-0.553
2022812,2001,1902,1922,0.8674,-0.2178,0.5847,-1.018,0.694,-0.335
2022822,1833,1901,1913,0.8688,-0.2175,0.5863,-0.493,0.319,-0.087
2022832,1841,1901,1915,0.8703,-0.2178,0.5880,-0.161,0.005,0.199
2022842,1834,1914,1928,0.8714,-0.2178,0.5885,0.069,-0.246,0.500
2022852,1803,1908,1906,0.8725,-0.2192,0.5890,0.259,-0.464,0.823
2022862,1843,1904,1914,0.8738,-0.2197,0.5896,0.483,-0.641,1.179
2022872,1809,1903,1903,0.8753,-0.2201,0.5891,0.734,-0.824,1.581
2022882,1825,1917,1904,0.8764,-0.2203,0.5893,1.043,-0.994,2.013
2022892,1832,1903,1909,0.8785,-0.2188,0.5900,1.416,-1.152,2.453
2022902,1802,1906,1903,0.8806,-0.2171,0.5887,1.788,-1.288,2.854
2022912,2037,1900,1903,0.8840,-0.2156,0.5891,2.136,-1.427,3.196
2022922,1815,1901,1901,0.8892,-0.2155,0.5917,2.468,-1.526,3.523
2022932,1846,1918,1904,0.8929,-0.2138,0.5928,2.771,-1.492,3.896
2022942,1932,1908,1906,0.8948,-0.2114,0.5954,2.929,-1.401,4.283
2022952,1837,1902,1909,0.8981,-0.2088,0.5970,2.850,-1.413,4.631
2022962,1825,1910,1909,0.9010,-0.2096,0.5990,2.585,-1.515,4.890
2022972,1822,1902,1904,0.9036,-0.2117,0.5981,2.191,-1.657,5.093
2022982,1816,1901,1922,0.9045,-0.2127,0.5957,1.789,-1.791,5.290
2022992,1823,1901,1915,0.9047,-0.2135,0.5930,1.482,-1.929,5.485
2023002,1821,1903,1910,0.9030,-0.2130,0.5898,1.431,-2.080,5.710
2023012,1803,1902,1904,0.9015,-0.2133,0.5864,1.644,-2.257,6.023
2023022,1819,1913,1904,0.8982,-0.2134,0.5855,2.078,-2.512,6.443
2023032,1823,1908,1909,0.8944,-0.2134,0.5852,2.656,-2.861,7.003
2023042,1861,1906,1903,0.8901,-0.2109,0.5828,3.289,-3.241,7.642
2023052,1831,1904,1902,0.8860,-0.2078,0.5804,3.980,-3.640,8.318
2023062,1815,1935,1903,0.8827,-0.2057,0.5798,4.736,-4.128,8.942
2023072,1839,1903,1929,0.8800,-0.2038,0.5785,5.550,-4.692,9.498
2023082,1808,1963,1911,0.8787,-0.2020,0.5777,6.389,-5.254,9.962
2023092,1807,1905,1921,0.8763,-0.1991,0.5785,7.265,-5.812,10.318
2023102,2125,1953,1912,0.8749,-0.1957,0.5786,8.221,-6.350,10.572
2023112,1798,1928,1936,0.8742,-0.1935,0.5815,9.196,-6.841,10.695
2023122,1817,1921,1902,0.8742,-0.1925,0.5831,10.182,-7.169,10.720
2023132,1813,1901,1918,0.8729,-0.1909,0.5873,11.128,-7.333,10.695
2023142,1803,1900,1911,0.8734,-0.1886,0.5886,11.959,-7.374,10.626
2023152,1872,1912,1906,0.8732,-0.1875,0.5904,12.640,-7.308,10.524
2023162,1805,1922,1918,0.8729,-0.1854,0.5914,13.168,-7.173,10.391
2023172,1839,1901,1914,0.8721,-0.1840,0.5897,13.534,-6.964,10.215
2023182,1806,1906,1903,0.8714,-0.1831,0.5889,13.788,-6.771,9.942
2023192,1816,1899,1903,0.8717,-0.1853,0.5892,13.885,-6.640,9.594
2023202,1920,1901,1908,0.8713,-0.1849,0.5883,13.852,-6.404,9.260
2023212,1814,1902,1918,0.8714,-0.1849,0.5881,13.677,-6.174,8.903
2023222,1827,1912,1913,0.8710,-0.1849,0.5857,13.370,-5.973,8.453
2023232,1961,1881,1916,0.8714,-0.1872,0.5844,12.975,-5.822,7.899
2023242,1928,1938,1916,0.8723,-0.1897,0.5862,12.527,-5.706,7.262
2023252,1841,1900,1918,0.8725,-0.1921,0.5873,12.098,-5.574,6.585
2023262,1800,1917,1907,0.8740,-0.1953,0.5878,11.672,-5.377,5.877
2023272,2083,1902,1917,0.8750,-0.1956,0.5891,11.314,-5.193,5.190
2023282,1973,1914,1922,0.8757,-0.1976,0.5897,10.965,-5.040,4.517
2023292,1850,1900,1920,0.8782,-0.2016,0.5901,10.596,-4.895,3.843
2023302,1865,1901,1912,0.8804,-0.2049,0.5929,10.259,-4.756,3.244
2023312,1923,1902,1929,0.8831,-0.2086,0.5928,9.897,-4.540,2.728
2023322,1807,1947,1921,0.8860,-0.2091,0.5942,9.571,-4.212,2.271
2023332,1853,1899,1925,0.8964,-0.2114,0.6043,9.187,-4.006,1.845
2023342,1848,1902,1904,0.9064,-0.2188,0.6092,8.752,-3.279,1.472
2023352,1811,1902,1907,0.9119,-0.2266,0.6162,8.336,-2.116,1.441
2023362,1804,1904,1920,0.9124,-0.2250,0.6216,7.760,-0.906,1.848
2023372,1889,1911,1910,0.9101,-0.2201,0.6208,7.028,0.276,2.376
2023382,1869,1906,1937,0.9100,-0.2192,0.6225,6.073,1.091,2.609
2023392,1811,1908,1902,0.9099,-0.2190,0.6194,5.119,1.821,2.518
2023402,1826,1898,1910,0.9079,-0.2152,0.6140,4.325,2.461,2.219
2023412,1846,1902,1905,0.9051,-0.2119,0.6105,3.615,2.967,1.764
2023422,1814,1904,1903,0.9013,-0.2093,0.6039,2.988,3.440,1.202
2023432,1849,1898,1905,0.8982,-0.2068,0.6010,2.373,3.786,0.603
2023442,1919,1906,1906,0.8967,-0.2078,0.5961,1.828,4.112,0.067
2023452,1809,1918,1905,0.8939,-0.2076,0.5899,1.507,4.525,-0.316
2023462,1817,1906,1914,0.8909,-0.2055,0.5902,1.382,4.753,-0.546
2023472,1830,1936,1912,0.8892,-0.2004,0.5869,1.284,5.044,-0.759
2023482,1807,1916,1911,0.8869,-0.1967,0.5875,1.071,5.239,-1.052
2023492,1890,1903,1965,0.8854,-0.1959,0.5867,0.555,5.265,-1.449
2023502,1806,1943,1928,0.8836,-0.1970,0.5862,-0.274,5.188,-1.865
2023512,1811,1909,2111,0.8819,-0.1984,0.5865,-1.478,5.012,-2.225
2023522,1860,1905,1904,0.8790,-0.2015,0.5828,-2.932,4.920,-2.522
2023532,1880,1902,2013,0.8760,-0.2071,0.5807,-4.493,4.750,-2.717
2023542,1863,1934,1990,0.8735,-0.2140,0.5787,-5.938,4.416,-2.769
2023552,1959,1913,1986,0.8741,-0.2226,0.5779,-6.999,3.951,-2.661
2023562,1930,1906,1906,0.8756,-0.2309,0.5821,-7.491,3.392,-2.388
2023572,1847,1905,1907,0.8777,-0.2379,0.5838,-7.184,2.948,-1.953
2023582,1848,1900,1918,0.8796,-0.2432,0.5866,-5.969,2.620,-1.422
2023592,1914,1901,1920,0.8795,-0.2459,0.5885,-3.900,2.449,-0.907
2023602,1812,1912,1904,0.8791,-0.2470,0.5899,-0.987,2.442,-0.474
2023612,1818,1908,1905,0.8779,-0.2453,0.5924,2.550,2.546,-0.198
2023622,1827,1906,1913,0.8759,-0.2414,0.5957,6.374,2.697,-0.054
2023632,1933,1903,1917,0.8746,-0.2355,0.6008,10.074,2.819,-0.021
2023642,1823,1902,1933,0.8741,-0.2281,0.6076,13.297,2.956,-0.053
2023652,1811,1919,1912,0.8727,-0.2197,0.6096,15.800,3.243,-0.113
2023662,1807,1902,1918,0.8712,-0.2102,0.6135,17.466,3.528,-0.151
2023672,1833,1900,1950,0.8687,-0.2004,0.6125,18.253,3.844,-0.162
2023682,1841,1953,1946,0.8680,-0.1900,0.6141,18.222,4.001,-0.141
2023692,1869,1902,1919,0.8678,-0.1846,0.6123,17.381,4.186,-0.198
2023702,1812,1908,1918,0.8687,-0.1788,0.6142,16.048,4.328,-0.275
2023712,1849,1900,1910,0.8678,-0.1712,0.6127,14.212,4.470,-0.368
2023722,1808,1929,1934,0.8670,-0.1653,0.6109,12.123,4.568,-0.557
2023732,1939,1906,1936,0.8656,-0.1646,0.6104,9.877,4.532,-0.939
2023742,1815,1903,1976,0.8635,-0.1621,0.6117,7.705,4.377,-1.406
2023752,1980,1898,1921,0.8623,-0.1621,0.6112,5.391,4.037,-1.867
2023762,1865,1902,1922,0.8619,-0.1641,0.6089,2.943,3.804,-2.249
2023772,1893,1902,1907,0.8628,-0.1665,0.6060,0.536,3.444,-2.525
2023782,1842,1902,1904,0.8614,-0.1664,0.6033,-1.697,3.109,-2.769
2023792,1809,1912,1930,0.8608,-0.1671,0.6024,-3.732,2.674,-3.132
2023802,1935,1937,1965,0.8612,-0.1705,0.6003,-5.461,2.204,-3.647
2023812,1953,1903,1916,0.8614,-0.1732,0.5986,-6.661,1.709,-4.255
2023822,1806,1942,1911,0.8600,-0.1764,0.5968,-7.300,1.048,-4.910
2023832,1925,1902,1948,0.8573,-0.1782,0.5946,-7.404,0.302,-5.595
2023842,1808,1900,1921,0.8545,-0.1780,0.5906,-6.921,-0.654,-6.271
2023852,1966,1910,1941,0.8547,-0.1784,0.5882,-5.229,-2.254,-7.020
2023862,1875,1908,1910,0.8591,-0.1828,0.5908,-3.675,-4.073,-7.693
2023872,1870,1904,1923,0.8623,-0.1827,0.5912,-2.167,-5.461,-8.189
2023882,1932,1902,1921,0.8668,-0.1816,0.5999,-0.790,-6.665,-8.507
2023892,1981,1947,1921,0.8710,-0.1801,0.6030,0.289,-7.447,-8.760
2023902,1818,1905,1903,0.8786,-0.1798,0.6089,1.255,-8.005,-8.932
2023912,1909,1903,1921,0.8866,-0.1800,0.6159,2.121,-8.512,-9.016
2023922,1815,1910,1916,0.8928,-0.1806,0.6185,3.089,-8.705,-8.987
2023932,1970,1904,1903,0.8983,-0.1805,0.6229,4.081,-8.761,-8.849
2023942,1950,1914,1903,0.9035,-0.1786,0.6283,4.987,-8.825,-8.630
2023952,1824,1902,1906,0.9091,-0.1787,0.6244,5.633,-8.588,-8.440
2023962,1805,1944,1946,0.9138,-0.1799,0.6257,6.211,-8.346,-8.233
2023972,1862,1899,1913,0.9183,-0.1774,0.6301,6.720,-7.974,-7.959
2023982,1846,1902,1903,0.9221,-0.1757,0.6324,6.993,-7.513,-7.561
2023992,1805,1906,1977,0.9260,-0.1716,0.6324,7.046,-6.871,-7.026
2024002,1830,1903,1903,0.9281,-0.1726,0.6345,7.006,-6.266,-6.381
2024012,1892,1902,1912,0.9287,-0.1701,0.6380,6.894,-5.617,-5.577
2024022,1859,1904,1902,0.9261,-0.1648,0.6379,6.507,-4.979,-4.654
2024032,1867,1901,1913,0.9240,-0.1609,0.6336,5.901,-4.433,-3.801
2024042,1821,1911,1902,0.9217,-0.1601,0.6310,5.432,-4.100,-3.114
2024052,1836,1903,1903,0.9197,-0.1601,0.6311,5.170,-4.063,-2.559
2024062,1920,1927,1904,0.9169,-0.1590,0.6267,5.185,-4.030,-2.073
2024072,1817,1909,1957,0.9143,-0.1560,0.6240,5.635,-4.028,-1.678
2024082,1820,1931,1906,0.9106,-0.1518,0.6207,6.558,-4.193,-1.401
2024092,1852,1909,1919,0.9072,-0.1482,0.6190,7.910,-4.465,-1.220
2024102,1802,1908,1903,0.9039,-0.1442,0.6187,9.454,-4.857,-1.116
2024112,1824,1903,1916,0.9016,-0.1406,0.6165,10.957,-5.302,-1.046
2024122,1863,1916,1908,0.8997,-0.1374,0.6137,12.221,-5.773,-0.989
2024132,1805,1914,1930,0.8984,-0.1349,0.6126,13.108,-6.245,-0.941
2024142,1811,1904,1903,0.8973,-0.1328,0.6093,13.538,-6.701,-0.916
2024152,1822,1905,1904,0.8970,-0.1327,0.6065,13.585,-7.147,-0.927
2024162,1812,1920,1913,0.8968,-0.1332,0.6036,13.362,-7.610,-0.916
2024172,1811,1902,1926,0.8959,-0.1336,0.6007,13.018,-7.993,-0.894
2024182,1828,1903,1903,0.8952,-0.1355,0.5995,12.569,-8.348,-0.902
2024192,1841,1902,1903,0.8946,-0.1378,0.5963,12.114,-8.661,-0.960
2024202,1805,1914,1909,0.8946,-0.1421,0.5941,11.682,-8.964,-1.021
2024212,1893,1935,1904,0.8946,-0.1447,0.5924,11.284,-9.264,-1.061
2024222,1805,1910,1924,0.8962,-0.1467,0.5900,10.944,-9.534,-1.051
2024232,1873,1946,1905,0.8975,-0.1475,0.5892,10.637,-9.832,-1.004
2024242,1846,1908,1904,0.8986,-0.1494,0.5885,10.334,-10.149,-0.976
2024252,1820,1902,1920,0.9004,-0.1518,0.5841,10.091,-10.396,-1.025
2024262,1816,1905,1906,0.9020,-0.1547,0.5834,9.838,-10.726,-1.168
2024272,1840,1904,1915,0.9046,-0.1577,0.5842,9.461,-11.090,-1.380
2024282,1824,1918,1903,0.9073,-0.1611,0.5842,8.977,-11.359,-1.643
2024292,1866,1903,1943,0.9101,-0.1658,0.5851,8.472,-11.509,-1.880
2024302,1920,1903,1919,0.9125,-0.1718,0.5825,8.071,-11.514,-1.974
2024312,1934,1912,1987,0.9147,-0.1760,0.5803,7.826,-11.385,-1.862
2024322,1926,1918,1904,0.9154,-0.1736,0.5753,7.889,-11.147,-1.569
2024332,1815,1915,1921,0.9166,-0.1648,0.5656,8.596,-10.691,-1.272
2024342,1964,1902,1906,0.9178,-0.1592,0.5604,9.932,-10.321,-1.182
2024352,1869,1903,1918,0.9200,-0.1565,0.5600,11.532,-10.195,-1.351
2024362,1949,1919,1903,0.9220,-0.1537,0.5615,13.196,-10.036,-1.545
2024372,2002,1903,1912,0.9213,-0.1489,0.5630,14.679,-9.847,-1.637
2024382,1835,1904,1905,0.9180,-0.1420,0.5624,15.860,-9.486,-1.696
2024392,1877,1901,1922,0.9154,-0.1335,0.5609,16.669,-9.057,-1.772
2024402,1811,1909,1903,0.9144,-0.1277,0.5566,17.115,-8.661,-1.864
2024412,1835,1916,1922,0.9132,-0.1227,0.5559,17.302,-8.321,-1.880
2024422,1808,1899,1902,0.9130,-0.1207,0.5515,17.143,-7.912,-1.782
2024432,1937,1959,1911,0.9134,-0.1186,0.5467,16.700,-7.363,-1.447
2024442,1812,1940,1905,0.9131,-0.1136,0.5426,15.951,-6.884,-0.874
2024452,1805,1903,1907,0.9133,-0.1076,0.5365,14.922,-6.401,-0.243
2024462,1813,1904,1909,0.9148,-0.1058,0.5343,13.567,-6.041,0.246
2024472,1850,1903,1913,0.9172,-0.1041,0.5340,12.023,-5.929,0.464
2024482,1910,1913,1913,0.9188,-0.1025,0.5306,10.512,-5.782,0.675
2024492,1856,1903,1903,0.9208,-0.1016,0.5280,9.209,-5.654,0.895
2024502,1850,1906,1904,0.9216,-0.1009,0.5275,8.227,-5.581,1.081
2024512,1821,1901,1909,0.9233,-0.1004,0.5272,7.601,-5.570,1.275
2024522,1821,1933,1924,0.9228,-0.1003,0.5273,7.307,-5.645,1.474
2024532,1837,1906,1945,0.9231,-0.0989,0.5304,7.366,-5.792,1.693
2024542,1806,1914,1904,0.9236,-0.0984,0.5308,7.718,-5.963,1.923
2024552,1856,1903,1907,0.9262,-0.0977,0.5347,8.400,-6.219,2.126
2024562,1814,1933,1908,0.9305,-0.0989,0.5412,9.202,-6.695,2.389
2024572,1845,1900,1923,0.9329,-0.1006,0.5411,10.138,-6.867,2.643
2024582,1812,1908,1903,0.9357,-0.0976,0.5449,11.313,-6.980,2.992
2024592,1863,1906,1912,0.9372,-0.0945,0.5455,12.619,-7.022,3.285
2024602,1818,1916,1903,0.9377,-0.0909,0.5461,14.040,-6.938,3.417
2024612,1875,1909,1921,0.9388,-0.0867,0.5478,15.416,-6.936,3.415
2024622,1812,1905,1903,0.9379,-0.0848,0.5474,16.566,-6.860,3.280
2024632,1809,1903,1919,0.9373,-0.0829,0.5494,17.341,-6.807,3.106
2024642,1826,1919,1903,0.9365,-0.0805,0.5491,17.693,-6.710,2.978
2024652,1844,1901,1907,0.9367,-0.0786,0.5497,17.521,-6.612,2.900
2024662,1814,1904,1904,0.9365,-0.0775,0.5506,16.802,-6.468,2.857
2024672,2016,1916,1923,0.9348,-0.0767,0.5502,15.635,-6.182,2.861
2024682,1829,1904,1905,0.9337,-0.0743,0.5484,14.153,-5.879,2.938
2024692,1848,1905,1932,0.9327,-0.0736,0.5445,12.533,-5.520,3.039
2024702,1818,1907,1901,0.9307,-0.0736,0.5423,10.862,-5.185,3.094
2024712,1872,1902,1915,0.9290,-0.0749,0.5383,9.286,-4.850,3.079
2024722,1863,1904,1908,0.9284,-0.0762,0.5360,7.838,-4.621,2.993
2024732,1844,1910,1922,0.9292,-0.0780,0.5343,6.460,-4.518,2.860
2024742,1844,1904,1903,0.9300,-0.0822,0.5323,5.113,-4.408,2.690
2024752,1940,1903,1906,0.9311,-0.0872,0.5324,3.768,-4.326,2.510
2024762,1858,1912,1904,0.9321,-0.0921,0.5318,2.424,-4.228,2.391
2024772,1860,1903,1917,0.9328,-0.0969,0.5317,1.084,-4.110,2.362
2024782,1823,1915,1904,0.9338,-0.1011,0.5318,-0.158,-3.978,2.412
2024792,1853,1902,1920,0.9332,-0.1034,0.5306,-1.283,-3.744,2.505
2024802,1850,1906,1904,0.9316,-0.1058,0.5279,-2.133,-3.399,2.616
2024812,1915,1903,1916,0.9297,-0.1067,0.5275,-2.793,-3.172,2.706
2024822,1943,1916,1902,0.9296,-0.1067,0.5277,-3.201,-2.999,2.756
2024832,1880,1902,1904,0.9310,-0.1081,0.5279,-3.368,-2.809,2.750
2024842,1821,1918,1906,0.9305,-0.1090,0.5287,-3.252,-2.551,2.714
2024852,1829,1901,1904,0.9301,-0.1106,0.5297,-2.851,-2.271,2.660
2024862,1838,1907,1910,0.9301,-0.1111,0.5283,-2.199,-1.989,2.598
2024872,1889,1902,1918,0.9297,-0.1107,0.5287,-1.329,-1.716,2.526
2024882,1841,1918,1915,0.9294,-0.1092,0.5279,-0.297,-1.517,2.463
2024892,2011,1906,1904,0.9285,-0.1064,0.5259,0.881,-1.335,2.393
2024902,1893,1913,1902,0.9288,-0.1044,0.5252,2.064,-1.289,2.261
2024912,1895,1904,1909,0.9315,-0.1031,0.5284,3.084,-1.370,2.047
2024922,1874,1904,1903,0.9343,-0.1019,0.5327,3.806,-1.445,1.774
2024932,1925,1902,1912,0.9352,-0.1023,0.5346,4.240,-1.398,1.483
2024942,1831,1919,1903,0.9352,-0.1033,0.5361,4.361,-1.216,1.249
2024952,1903,1902,1905,0.9345,-0.1026,0.5386,4.294,-1.070,1.179
2024962,1845,1915,1908,0.9347,-0.1001,0.5415,4.032,-0.990,1.195
2024972,1959,1898,1901,0.9334,-0.0984,0.5413,3.735,-0.808,1.199
2024982,1896,1912,1904,0.9315,-0.0962,0.5408,3.522,-0.549,1.122
2024992,1912,1900,1913,0.9310,-0.0930,0.5400,3.527,-0.324,0.970
2025002,1853,1913,1904,0.9303,-0.0911,0.5389,3.636,-0.181,0.744
2025012,1897,1903,1908,0.9297,-0.0901,0.5399,3.797,-0.123,0.508
2025022,1836,1901,1903,0.9295,-0.0904,0.5411,3.959,-0.118,0.319
2025032,1823,1907,1903,0.9295,-0.0913,0.5411,3.974,-0.162,0.197
2025042,1821,1905,1903,0.9305,-0.0924,0.5388,3.785,-0.188,0.159
2025052,1884,1900,1903,0.9317,-0.0942,0.5365,3.322,-0.238,0.149
2025062,1839,1913,1904,0.9326,-0.0961,0.5345,2.617,-0.367,0.157
2025072,1900,1902,1904,0.9340,-0.0972,0.5332,1.742,-0.528,0.178
2025082,1838,1903,1903,0.9355,-0.0998,0.5338,0.743,-0.746,0.208
2025092,1839,1901,1907,0.9374,-0.1024,0.5344,-0.266,-0.966,0.218
2025102,1892,1923,1903,0.9389,-0.1047,0.5336,-1.144,-1.136,0.214
2025112,1873,1903,1911,0.9392,-0.1065,0.5334,-1.730,-1.233,0.202
2025122,1829,1910,1904,0.9387,-0.1068,0.5318,-1.894,-1.243,0.216
2025132,1891,1902,1921,0.9373,-0.1068,0.5309,-1.640,-1.250,0.194
2025142,1829,1910,1903,0.9349,-0.1061,0.5297,-1.102,-1.291,0.094
2025152,1871,1903,1911,0.9330,-0.1064,0.5282,-0.386,-1.297,-0.071
2025162,1846,1916,1904,0.9319,-0.1059,0.5275,0.340,-1.234,-0.245
2025172,1896,1901,1913,0.9323,-0.1062,0.5257,0.980,-1.130,-0.375
2025182,1857,1912,1903,0.9330,-0.1061,0.5241,1.389,-1.015,-0.437
2025192,1878,1902,1910,0.9342,-0.1059,0.5225,1.537,-0.858,-0.414
2025202,1838,1910,1904,0.9338,-0.1046,0.5221,1.487,-0.704,-0.331
2025212,1845,1902,1905,0.9331,-0.1031,0.5227,1.209,-0.605,-0.250
2025222,1822,1919,1903,0.9326,-0.1021,0.5213,0.791,-0.429,-0.227
2025232,1864,1899,1903,0.9331,-0.1025,0.5208,0.254,-0.237,-0.237
2025242,1833,1921,1904,0.9327,-0.1030,0.5197,-0.346,-0.101,-0.251
2025252,1882,1903,1910,0.9321,-0.1034,0.5205,-0.961,0.033,-0.248
2025262,1897,1915,1904,0.9317,-0.1037,0.5197,-1.563,0.112,-0.224
2025272,1864,1901,1914,0.9310,-0.1035,0.5204,-2.040,0.189,-0.166
2025282,1839,1933,1910,0.9312,-0.1028,0.5212,-2.296,0.283,-0.087
2025292,1883,1900,1906,0.9302,-0.1020,0.5225,-2.292,0.343,-0.025
2025302,1852,1911,1904,0.9311,-0.1023,0.5240,-2.100,0.330,-0.020
2025312,1878,1899,1904,0.9325,-0.1029,0.5279,-1.734,0.280,-0.079
2025322,1832,1916,1903,0.9338,-0.1041,0.5297,-1.284,0.215,-0.158
2025332,1877,1901,1906,0.9339,-0.1027,0.5318,-0.742,0.117,-0.201
2025342,1827,1904,1903,0.9330,-0.1004,0.5349,-0.255,-0.026,-0.260
2025352,1904,1904,1916,0.9342,-0.1006,0.5373,0.069,-0.127,-0.338
2025362,1831,1909,1904,0.9353,-0.1002,0.5403,0.186,-0.190,-0.373
2025372,1838,1903,1905,0.9355,-0.0982,0.5417,0.108,-0.179,-0.332
2025382,1846,1908,1903,0.9349,-0.0980,0.5399,-0.126,-0.059,-0.298
2025392,1851,1901,1910,0.9341,-0.0972,0.5379,-0.457,0.004,-0.275
2025402,1839,1920,1903,0.9341,-0.0982,0.5363,-0.756,0.016,-0.308
2025412,1865,1903,1904,0.9338,-0.0991,0.5348,-1.016,-0.001,-0.370
2025422,1821,1917,1903,0.9338,-0.1000,0.5341,-1.192,0.059,-0.422
2025432,1971,1906,1944,0.9334,-0.1011,0.5319,-1.355,0.129,-0.469
2025442,1840,1911,1905,0.9321,-0.1019,0.5289,-1.558,0.216,-0.503
2025452,1903,1902,1934,0.9320,-0.1016,0.5263,-1.768,0.306,-0.523
2025462,1826,1911,1903,0.9318,-0.1021,0.5258,-1.951,0.388,-0.518
2025472,1876,1902,1906,0.9325,-0.1031,0.5238,-2.048,0.465,-0.501
2025482,1827,1929,1917,0.9323,-0.1029,0.5221,-2.065,0.520,-0.442
2025492,1874,1905,1920,0.9320,-0.1020,0.5206,-1.998,0.513,-0.377
2025502,1822,1923,1904,0.9324,-0.1019,0.5194,-1.875,0.487,-0.332
2025512,1860,1901,1929,0.9326,-0.1004,0.5200,-1.687,0.410,-0.308
2025522,1822,1913,1904,0.9330,-0.0998,0.5211,-1.530,0.373,-0.308
2025532,1853,1901,1922,0.9326,-0.0988,0.5225,-1.283,0.398,-0.291
2025542,1822,1911,1906,0.9327,-0.0982,0.5239,-0.998,0.354,-0.243
2025552,1870,1904,1906,0.9333,-0.0974,0.5241,-0.629,0.274,-0.215
2025562,1811,1918,1912,0.9325,-0.0976,0.5230,-0.229,0.179,-0.214
2025572,1864,1903,1904,0.9332,-0.0968,0.5238,0.192,0.006,-0.187
2025582,1826,1924,1905,0.9344,-0.0961,0.5254,0.545,-0.262,-0.118
2025592,1884,1900,1904,0.9344,-0.0963,0.5294,0.802,-0.495,-0.047
2025602,1828,1914,1904,0.9352,-0.0963,0.5307,0.980,-0.629,0.004
2025612,1824,1904,1905,0.9355,-0.0950,0.5311,1.235,-0.781,0.095
2025622,1828,1921,1904,0.9356,-0.0954,0.5330,1.493,-0.986,0.189
2025632,1879,1902,1925,0.9351,-0.0956,0.5333,1.805,-1.196,0.276
2025642,1816,1920,1903,0.9345,-0.0939,0.5320,2.149,-1.419,0.383
2025652,1858,1912,1904,0.9345,-0.0926,0.5354,2.494,-1.704,0.477
2025662,1833,1903,1904,0.9345,-0.0944,0.5372,2.679,-1.877,0.501
2025672,1870,1904,1904,0.9342,-0.0950,0.5376,2.651,-1.984,0.507
2025682,1820,1907,1905,0.9339,-0.0941,0.5376,2.399,-2.123,0.549
2025692,1860,1903,1917,0.9327,-0.0954,0.5380,1.957,-2.197,0.615
2025702,1833,1904,1903,0.9325,-0.0980,0.5365,1.402,-2.230,0.698
2025712,1867,1901,1916,0.9314,-0.0988,0.5344,0.855,-2.237,0.800
2025722,1811,1920,1903,0.9302,-0.1016,0.5318,0.383,-2.249,0.887
2025732,1878,1902,1906,0.9292,-0.1032,0.5305,-0.009,-2.269,0.920
2025742,1815,1930,1903,0.9285,-0.1048,0.5282,-0.330,-2.264,0.906
2025752,1903,1900,1915,0.9294,-0.1058,0.5267,-0.556,-2.241,0.860
2025762,1808,1920,1904,0.9300,-0.1038,0.5269,-0.686,-2.308,0.812
2025772,1861,1903,1906,0.9325,-0.1047,0.5291,-0.812,-2.391,0.713
2025782,1815,1924,1906,0.9345,-0.1071,0.5267,-0.876,-2.267,0.632
2025792,1837,1907,1904,0.9354,-0.1070,0.5248,-0.865,-2.189,0.631
2025802,1836,1918,1905,0.9362,-0.1064,0.5231,-0.853,-2.141,0.665
2025812,1878,1905,1907,0.9365,-0.1070,0.5206,-0.828,-2.116,0.622
2025822,1815,1912,1904,0.9375,-0.1086,0.5209,-0.823,-2.213,0.546
2025832,1865,1903,1914,0.9383,-0.1101,0.5221,-0.784,-2.380,0.477
2025842,1842,1912,1904,0.9392,-0.1115,0.5219,-0.738,-2.425,0.409
2025852,1870,1903,1904,0.9388,-0.1116,0.5227,-0.672,-2.501,0.405
2025862,1816,1917,1903,0.9380,-0.1109,0.5218,-0.498,-2.507,0.421
2025872,1852,1907,1915,0.9373,-0.1111,0.5205,-0.146,-2.454,0.413
2025882,1834,1918,1905,0.9371,-0.1100,0.5200,0.416,-2.433,0.369
2025892,1828,1912,1905,0.9375,-0.1075,0.5194,1.257,-2.387,0.307
2025902,1823,1910,1910,0.9380,-0.1066,0.5199,2.297,-2.380,0.194
2025912,1869,1900,1903,0.9387,-0.1049,0.5193,3.460,-2.341,0.031
2025922,1815,1912,1904,0.9389,-0.1028,0.5218,4.624,-2.331,-0.160
2025932,1821,1902,1933,0.9390,-0.1001,0.5237,5.543,-2.373,-0.378
2025942,1818,1909,1903,0.9384,-0.0988,0.5238,6.174,-2.310,-0.590
2025952,1842,1903,1909,0.9379,-0.0972,0.5243,6.441,-2.217,-0.751
2025962,1808,1912,1904,0.9379,-0.0941,0.5251,6.392,-2.136,-0.824
2025972,1877,1901,1906,0.9387,-0.0928,0.5251,6.003,-2.054,-0.844
2025982,1808,1926,1906,0.9380,-0.0933,0.5245,5.323,-1.920,-0.839
2025992,1871,1901,1911,0.9362,-0.0910,0.5231,4.560,-1.776,-0.790
2026002,1853,1958,1918,0.9352,-0.0897,0.5222,3.745,-1.670,-0.756
2026012,1831,1903,1949,0.9346,-0.0891,0.5212,2.934,-1.557,-0.776
2026022,1815,1914,1904,0.9351,-0.0873,0.5202,2.219,-1.462,-0.839
2026032,1839,1901,1905,0.9352,-0.0866,0.5201,1.672,-1.395,-0.906
2026042,1825,1907,1904,0.9350,-0.0863,0.5197,1.244,-1.363,-0.977
2026052,1844,1905,1919,0.9346,-0.0848,0.5209,0.892,-1.310,-1.037
2026062,1813,1911,1902,0.9352,-0.0831,0.5227,0.538,-1.299,-1.127
2026072,1848,1901,1907,0.9354,-0.0836,0.5245,0.079,-1.277,-1.256
2026082,1831,1923,1903,0.9359,-0.0849,0.5223,-0.492,-1.185,-1.341
2026092,1874,1903,1936,0.9360,-0.0847,0.5217,-1.115,-1.083,-1.335
2026102,1823,1911,1908,0.9359,-0.0844,0.5228,-1.810,-1.060,-1.273
2026112,1852,1906,1904,0.9364,-0.0849,0.5231,-2.563,-1.013,-1.209
2026122,1815,1916,1904,0.9367,-0.0861,0.5227,-3.300,-0.939,-1.172
2026132,1837,1903,1915,0.9368,-0.0875,0.5206,-3.941,-0.866,-1.135
2026142,1822,1924,1906,0.9375,-0.0872,0.5193,-4.447,-0.817,-1.096
2026152,1851,1902,1914,0.9380,-0.0880,0.5170,-4.820,-0.794,-1.089
2026162,1818,1917,1903,0.9385,-0.0898,0.5160,-5.022,-0.740,-1.106
2026172,1837,1900,1905,0.9373,-0.0918,0.5149,-5.055,-0.714,-1.125
2026182,1826,1916,1905,0.9378,-0.0929,0.5142,-4.930,-0.682,-1.136
2026192,1859,1903,1914,0.9392,-0.0944,0.5142,-4.705,-0.681,-1.155
2026202,1825,1912,1903,0.9401,-0.0963,0.5144,-4.407,-0.660,-1.145
2026212,1847,1904,1904,0.9402,-0.0974,0.5170,-4.089,-0.653,-1.061
2026222,1814,1912,1904,0.9411,-0.0964,0.5168,-3.814,-0.664,-0.968
2026232,1851,1903,1910,0.9415,-0.0966,0.5172,-3.608,-0.656,-0.911
2026242,1819,1918,1907,0.9410,-0.0969,0.5185,-3.487,-0.637,-0.904
2026252,1853,1900,1905,0.9406,-0.0976,0.5198,-3.426,-0.627,-0.888
2026262,1817,1912,1907,0.9405,-0.0977,0.5187,-3.354,-0.564,-0.830
2026272,1825,1903,1908,0.9395,-0.0977,0.5192,-3.291,-0.524,-0.746
2026282,1829,1918,1904,0.9388,-0.0966,0.5187,-3.215,-0.431,-0.635
2026292,1854,1901,1903,0.9387,-0.0953,0.5187,-3.119,-0.289,-0.537
2026302,1842,1903,1902,0.9376,-0.0934,0.5187,-2.960,-0.175,-0.486
2026312,1891,1909,1904,0.9371,-0.0926,0.5181,-2.743,-0.096,-0.475
2026322,2172,1905,1903,0.9360,-0.0920,0.5170,-2.497,-0.069,-0.485
2026332,1883,1907,1903,0.9364,-0.0919,0.5170,-2.258,-0.078,-0.506
2026342,1838,1923,1909,0.9362,-0.0929,0.5213,-2.158,-0.123,-0.533
2026352,1831,1908,1908,0.9369,-0.0945,0.5212,-2.195,-0.055,-0.553
2026362,1830,1914,1907,0.9386,-0.0962,0.5230,-2.258,0.027,-0.563
2026372,1848,1904,1928,0.9402,-0.0977,0.5224,-2.350,0.052,-0.591
2026382,1830,1915,1910,0.9417,-0.0974,0.5227,-2.331,0.135,-0.638
2026392,1865,1902,1907,0.9415,-0.0972,0.5242,-2.188,0.206,-0.753
2026402,1901,1905,1904,0.9398,-0.0974,0.5234,-1.952,0.356,-0.995
2026412,1843,1907,1904,0.9386,-0.0977,0.5233,-1.732,0.484,-1.358
2026422,1863,1901,1903,0.9370,-0.0987,0.5218,-1.549,0.560,-1.793
2026432,1850,1903,1904,0.9365,-0.1013,0.5227,-1.284,0.569,-2.244
2026442,1826,1908,1904,0.9372,-0.1054,0.5232,-0.921,0.521,-2.595
2026452,1902,1903,1904,0.9387,-0.1074,0.5197,-0.296,0.581,-2.789
2026462,1828,1915,1904,0.9388,-0.1085,0.5179,0.659,0.632,-2.869
2026472,1870,1907,1906,0.9375,-0.1069,0.5142,1.960,0.648,-2.876
2026482,1833,1911,1904,0.9374,-0.1047,0.5118,3.590,0.604,-2.876
2026492,1869,1902,1904,0.9361,-0.1008,0.5143,5.298,0.410,-2.916
2026502,1967,1903,1905,0.9353,-0.0961,0.5147,7.003,0.269,-2.982
2026512,1844,1907,1903,0.9354,-0.0928,0.5183,8.513,0.118,-3.102
2026522,1819,1906,1905,0.9359,-0.0897,0.5216,9.540,-0.065,-3.230
2026532,1850,1903,1904,0.9366,-0.0860,0.5245,10.042,-0.157,-3.309
2026542,1832,1906,1908,0.9379,-0.0823,0.5281,9.905,-0.248,-3.325
2026552,1866,1906,1904,0.9385,-0.0785,0.5307,9.204,-0.304,-3.271
2026562,1827,1904,1903,0.9392,-0.0753,0.5327,8.028,-0.300,-3.143
2026572,1854,1904,1903,0.9395,-0.0723,0.5322,6.534,-0.236,-2.941
2026582,1817,1904,1904,0.9398,-0.0699,0.5319,4.823,-0.153,-2.670
2026592,1852,1908,1910,0.9404,-0.0687,0.5306,2.962,-0.069,-2.347
2026602,1828,1905,1903,0.9415,-0.0680,0.5259,1.117,0.067,-1.984
2026612,1855,1903,1903,0.9424,-0.0678,0.5231,-0.540,0.202,-1.606
2026622,1829,1902,1907,0.9425,-0.0685,0.5191,-1.877,0.343,-1.247
2026632,1861,1906,1907,0.9436,-0.0696,0.5141,-2.835,0.485,-0.958
2026642,1837,1905,1915,0.9442,-0.0699,0.5105,-3.438,0.627,-0.756
2026652,1865,1902,1903,0.9451,-0.0721,0.5080,-3.762,0.761,-0.633
2026662,1836,1902,1905,0.9466,-0.0731,0.5060,-3.891,0.869,-0.542
2026672,1853,1905,1904,0.9475,-0.0748,0.5052,-3.913,0.949,-0.434
2026682,1819,1902,1904,0.9467,-0.0770,0.5057,-3.899,1.022,-0.310
2026692,1889,1907,1905,0.9466,-0.0781,0.5061,-3.866,1.119,-0.164
2026702,1831,1903,1904,0.9467,-0.0788,0.5085,-3.771,1.195,-0.017
2026712,1855,1905,1906,0.9468,-0.0805,0.5108,-3.570,1.353,0.111
2026722,1831,1903,1904,0.9467,-0.0817,0.5116,-3.165,1.604,0.271
2026732,1875,1903,1915,0.9448,-0.0805,0.5118,-2.562,1.844,0.456
2026742,1835,1911,1918,0.9432,-0.0790,0.5123,-1.897,2.034,0.608
2026752,1872,1912,1904,0.9415,-0.0785,0.5106,-1.256,2.203,0.674
2026762,1823,1902,1913,0.9391,-0.0761,0.5129,-0.738,2.299,0.702
2026772,1831,1910,1903,0.9381,-0.0738,0.5176,-0.492,2.264,0.699
2026782,1843,1906,1904,0.9368,-0.0743,0.5206,-0.621,2.294,0.643
2026792,1879,1903,1906,0.9357,-0.0752,0.5250,-1.114,2.329,0.579
2026802,1838,1914,1904,0.9347,-0.0763,0.5268,-1.886,2.366,0.553
2026812,1851,1909,1906,0.9340,-0.0786,0.5280,-2.769,2.446,0.568
2026822,1841,1905,1903,0.9328,-0.0803,0.5290,-3.664,2.478,0.588
2026832,1854,1906,1921,0.9319,-0.0833,0.5278,-4.447,2.503,0.617
2026842,1833,1919,1938,0.9304,-0.0851,0.5297,-5.028,2.455,0.636
2026852,1854,1905,1903,0.9302,-0.0869,0.5300,-5.449,2.395,0.626
2026862,1853,1907,1907,0.9297,-0.0890,0.5281,-5.612,2.420,0.598
2026872,1845,1904,1939,0.9294,-0.0894,0.5286,-5.559,2.370,0.563
2026882,1837,1911,1921,0.9295,-0.0899,0.5281,-5.272,2.313,0.496
2026892,1884,1904,1904,0.9300,-0.0905,0.5277,-4.757,2.253,0.400
2026902,1853,1904,1904,0.9293,-0.0916,0.5274,-4.055,2.106,0.298
2026912,1854,1903,1904,0.9300,-0.0907,0.5280,-3.240,1.924,0.232
2026922,1849,1914,1903,0.9307,-0.0901,0.5301,-2.554,1.669,0.160
2026932,1860,1903,1903,0.9323,-0.0895,0.5316,-2.349,1.436,0.113
2026942,1843,1904,1936,0.9326,-0.0878,0.5313,-2.407,1.253,0.143
2026952,1875,1913,1906,0.9338,-0.0864,0.5328,-2.647,1.109,0.193
2026962,1847,1903,1904,0.9341,-0.0874,0.5343,-2.956,1.020,0.209
2026972,1876,1903,1906,0.9341,-0.0864,0.5345,-3.112,0.977,0.216
2026982,1838,1906,1906,0.9348,-0.0864,0.5354,-3.088,0.884,0.200
2026992,1889,1905,1907,0.9359,-0.0868,0.5353,-2.850,0.749,0.137
2027002,1840,1905,1927,0.9353,-0.0876,0.5346,-2.322,0.656,0.032
2027012,1842,1915,1904,0.9356,-0.0865,0.5354,-1.524,0.562,-0.068
2027022,1863,1906,1905,0.9347,-0.0856,0.5366,-0.577,0.464,-0.195
2027032,1875,1901,1904,0.9336,-0.0849,0.5371,0.379,0.362,-0.360
2027042,1876,1908,1904,0.9335,-0.0844,0.5376,1.191,0.283,-0.507
2027052,1854,1904,1912,0.9337,-0.0839,0.5372,1.719,0.201,-0.598
2027062,1872,1917,1904,0.9337,-0.0838,0.5389,1.908,0.126,-0.639
2027072,1887,1903,1916,0.9335,-0.0838,0.5377,1.762,0.057,-0.632
2027082,1829,1912,1906,0.9336,-0.0836,0.5376,1.388,0.031,-0.576
2027092,1867,1904,1905,0.9337,-0.0837,0.5375,0.887,-0.009,-0.480
2027102,1865,1909,1904,0.9333,-0.0836,0.5365,0.349,-0.051,-0.354
2027112,1877,1903,1923,0.9336,-0.0849,0.5323,-0.113,-0.069,-0.216
2027122,1841,1905,1904,0.9341,-0.0842,0.5304,-0.446,-0.122,-0.077
2027132,1870,1909,1903,0.9337,-0.0840,0.5291,-0.625,-0.151,0.059
2027142,1845,1906,1908,0.9350,-0.0818,0.5284,-0.691,-0.190,0.153
2027152,1840,1904,1920,0.9347,-0.0813,0.5279,-0.688,-0.233,0.217
2027162,1854,1912,1906,0.9345,-0.0796,0.5271,-0.645,-0.251,0.297
2027172,1862,1903,1921,0.9343,-0.0780,0.5284,-0.671,-0.314,0.387
2027182,1878,1904,1904,0.9346,-0.0755,0.5287,-0.840,-0.360,0.491
2027192,1898,1910,1929,0.9340,-0.0721,0.5301,-1.213,-0.401,0.619
2027202,1874,1915,1904,0.9347,-0.0701,0.5296,-1.826,-0.449,0.787
2027212,1866,1904,1918,0.9361,-0.0664,0.5336,-2.817,-0.691,0.999
2027222,1866,1904,1904,0.9373,-0.0665,0.5380,-4.292,-0.997,1.187
2027232,1870,1904,1905,0.9385,-0.0698,0.5379,-6.117,-1.092,1.343
2027242,1850,1916,1910,0.9390,-0.0752,0.5383,-8.117,-1.100,1.551
2027252,1860,1904,1904,0.9377,-0.0828,0.5351,-9.999,-1.010,1.795
2027262,1871,1903,1904,0.9363,-0.0908,0.5281,-11.360,-0.794,2.037
2027272,1854,1913,1905,0.9357,-0.0974,0.5243,-11.977,-0.634,2.265
2027282,1851,1906,1904,0.9344,-0.1020,0.5216,-11.747,-0.554,2.424
2027292,1879,1906,1904,0.9341,-0.1068,0.5209,-10.780,-0.494,2.457
2027302,1859,1903,1903,0.9341,-0.1096,0.5200,-9.208,-0.419,2.364
2027312,1857,1893,1906,0.9350,-0.1131,0.5202,-7.220,-0.292,2.186
2027322,1864,1921,1904,0.9348,-0.1157,0.5222,-5.044,-0.117,1.977
2027332,1874,1903,1904,0.9341,-0.1176,0.5247,-2.895,0.095,1.790
2027342,1846,1922,1904,0.9336,-0.1203,0.5250,-0.834,0.400,1.609
2027352,1866,1904,1903,0.9327,-0.1235,0.5208,1.320,0.864,1.411
2027362,1863,1910,1903,0.9320,-0.1239,0.5203,3.687,1.285,1.192
2027372,1867,1903,1905,0.9314,-0.1235,0.5218,6.247,1.632,0.951
2027382,1851,1916,1904,0.9293,-0.1239,0.5186,8.988,2.124,0.645
2027392,1914,1904,1926,0.9274,-0.1231,0.5181,11.907,2.578,0.320
2027402,1867,1916,1905,0.9271,-0.1166,0.5209,14.822,2.811,0.004
2027412,1877,1905,1908,0.9270,-0.1112,0.5240,17.385,2.997,-0.384
2027422,1871,1910,1903,0.9275,-0.1090,0.5274,19.456,3.149,-0.836
2027432,1891,1910,1923,0.9280,-0.1047,0.5304,21.045,3.257,-1.211
2027442,1863,1911,1905,0.9293,-0.0983,0.5344,22.055,3.339,-1.453
2027452,1903,1904,1915,0.9290,-0.0927,0.5381,22.392,3.418,-1.600
2027462,1872,1926,1904,0.9282,-0.0856,0.5423,22.207,3.469,-1.650
2027472,1861,1905,1907,0.9274,-0.0789,0.5459,21.584,3.452,-1.636
2027482,1846,1916,1904,0.9285,-0.0742,0.5490,20.628,3.437,-1.632
2027492,1906,1904,1904,0.9300,-0.0713,0.5492,19.520,3.448,-1.659
2027502,1880,1915,1908,0.9321,-0.0682,0.5488,18.420,3.519,-1.651
2027512,1892,1905,1904,0.9343,-0.0645,0.5513,17.356,3.605,-1.571
2027522,1867,1905,1905,0.9353,-0.0598,0.5520,16.310,3.750,-1.448
2027532,1885,1908,1908,0.9355,-0.0548,0.5530,15.293,3.944,-1.335
2027542,1847,1909,1903,0.9356,-0.0497,0.5512,14.245,4.117,-1.256
2027552,1895,1903,1910,0.9354,-0.0430,0.5485,13.206,4.236,-1.179
2027562,1861,1915,1906,0.9361,-0.0373,0.5455,12.077,4.142,-1.171
2027572,1867,1904,1922,0.9368,-0.0354,0.5450,10.637,3.823,-1.288
2027582,1859,1918,1917,0.9361,-0.0316,0.5432,8.924,3.388,-1.459
2027592,1870,1919,1906,0.9356,-0.0301,0.5442,6.826,2.855,-1.697
2027602,1895,1915,1935,0.9358,-0.0328,0.5453,4.294,2.385,-1.970
2027612,1890,1903,1918,0.9343,-0.0376,0.5437,1.479,2.055,-2.103
2027622,1881,1909,1905,0.9319,-0.0404,0.5455,-1.437,1.687,-2.023
2027632,1868,1905,1913,0.9292,-0.0443,0.5470,-4.308,1.309,-1.834
2027642,1860,1916,1905,0.9275,-0.0512,0.5478,-6.917,1.011,-1.642
2027652,1875,1911,1915,0.9261,-0.0584,0.5467,-9.017,0.830,-1.471
2027662,1852,1939,1940,0.9248,-0.0666,0.5468,-10.431,0.712,-1.272
2027672,1867,1903,1904,0.9232,-0.0732,0.5484,-11.107,0.674,-1.014
2027682,1860,1932,1904,0.9213,-0.0786,0.5502,-11.071,0.700,-0.740
2027692,1894,1905,1907,0.9197,-0.0824,0.5538,-10.459,0.741,-0.468
2027702,1861,1912,1912,0.9192,-0.0850,0.5566,-9.468,0.878,-0.193
2027712,1877,1903,1907,0.9186,-0.0848,0.5596,-8.262,1.144,0.111
2027722,1856,1915,1904,0.9176,-0.0847,0.5615,-7.036,1.508,0.449
2027732,1893,1904,1906,0.9170,-0.0823,0.5602,-5.913,1.949,0.836
2027742,1861,1920,1911,0.9172,-0.0795,0.5618,-5.023,2.370,1.232
2027752,1849,1904,1926,0.9177,-0.0779,0.5613,-4.466,2.729,1.581
2027762,1866,1916,1906,0.9181,-0.0761,0.5584,-4.155,3.118,1.862
2027772,1854,1906,1923,0.9199,-0.0747,0.5564,-4.061,3.424,2.078
2027782,1870,1926,1905,0.9226,-0.0748,0.5540,-4.141,3.661,2.234
2027792,1872,1904,1918,0.9252,-0.0746,0.5528,-4.363,3.843,2.338
2027802,1843,1932,1904,0.9279,-0.0750,0.5509,-4.595,3.964,2.364
2027812,1877,1904,1923,0.9305,-0.0747,0.5500,-4.713,4.069,2.294
2027822,1877,1921,1904,0.9326,-0.0747,0.5485,-4.716,4.141,2.096
2027832,1862,1905,1903,0.9342,-0.0733,0.5465,-4.563,4.135,1.785
2027842,1964,1921,1907,0.9361,-0.0714,0.5459,-4.339,4.052,1.344
2027852,1867,1908,1917,0.9361,-0.0714,0.5472,-4.130,3.885,0.767
2027862,1866,1912,1906,0.9354,-0.0712,0.5469,-3.938,3.671,0.102
2027872,1878,1903,1914,0.9331,-0.0732,0.5485,-3.882,3.370,-0.642
2027882,1860,1932,1905,0.9310,-0.0748,0.5498,-3.908,3.069,-1.392
2027892,1890,1907,1920,0.9282,-0.0770,0.5539,-4.014,2.741,-2.084
2027902,1869,1930,1907,0.9248,-0.0789,0.5551,-4.184,2.413,-2.698
2027912,1863,1905,1906,0.9209,-0.0786,0.5561,-4.456,2.103,-3.206
2027922,1864,1934,1908,0.9177,-0.0776,0.5616,-4.827,1.720,-3.623
2027932,1849,1904,1904,0.9146,-0.0791,0.5652,-5.298,1.483,-3.965
2027942,1862,1945,1913,0.9134,-0.0813,0.5659,-5.763,1.422,-4.143
2027952,1862,1915,1904,0.9125,-0.0818,0.5655,-6.101,1.352,-4.125
2027962,1861,1922,1907,0.9132,-0.0816,0.5671,-6.286,1.198,-3.981
2027972,1876,1905,1912,0.9156,-0.0818,0.5709,-6.367,0.968,-3.771
2027982,1850,1920,1909,0.9180,-0.0816,0.5768,-6.495,0.721,-3.558
2027992,1843,1904,1909,0.9188,-0.0786,0.5823,-6.721,0.500,-3.338
2028002,1941,1924,1914,0.9199,-0.0755,0.5869,-7.153,0.367,-3.186
2028012,1839,1904,1917,0.9214,-0.0730,0.5915,-7.884,0.443,-3.085
2028022,1849,1912,1908,0.9221,-0.0688,0.5911,-8.826,0.805,-2.909
2028032,1834,1903,1913,0.9217,-0.0611,0.5870,-9.976,1.336,-2.665
2028042,1833,1912,1916,0.9182,-0.0587,0.5762,-11.495,1.963,-2.486
2028052,1879,1904,1911,0.9132,-0.0629,0.5625,-13.350,2.535,-2.438
2028062,1842,1907,1904,0.9102,-0.0672,0.5544,-15.372,2.589,-2.433
2028072,1849,1908,1919,0.9113,-0.0744,0.5449,-17.316,2.266,-2.508
2028082,1865,1909,1915,0.9171,-0.0850,0.5428,-18.834,1.675,-2.668
2028092,1866,1904,1913,0.9234,-0.0935,0.5422,-19.654,1.008,-2.801
2028102,1874,1912,1917,0.9281,-0.0981,0.5442,-19.528,0.359,-2.864
2028112,1851,1904,1918,0.9304,-0.1018,0.5451,-18.400,-0.168,-2.994
2028122,1858,1914,1911,0.9308,-0.1049,0.5478,-16.136,-0.528,-3.233
2028132,1844,1904,1913,0.9299,-0.1065,0.5506,-12.821,-0.851,-3.576
2028142,1864,1920,1914,0.9278,-0.1064,0.5530,-8.756,-1.181,-3.978
2028152,1844,1905,1911,0.9257,-0.1054,0.5563,-4.519,-1.535,-4.442
2028162,1842,1916,1907,0.9231,-0.1029,0.5611,-0.641,-1.895,-4.870
2028172,1840,1906,1912,0.9212,-0.0987,0.5638,2.546,-2.119,-5.154
2028182,1851,1920,1906,0.9189,-0.0939,0.5662,4.900,-2.230,-5.247
2028192,1849,1903,1908,0.9165,-0.0884,0.5656,6.475,-2.231,-5.141
2028202,1861,1914,1911,0.9143,-0.0825,0.5674,7.397,-2.192,-4.889
2028212,1839,1923,1912,0.9129,-0.0777,0.5665,7.769,-2.224,-4.549
2028222,1859,1923,1914,0.9124,-0.0738,0.5638,7.695,-2.220,-4.175
2028232,1874,1903,1910,0.9143,-0.0691,0.5620,7.285,-2.284,-3.762
2028242,1865,1917,1915,0.9155,-0.0663,0.5616,6.652,-2.368,-3.374
2028252,1835,1905,1913,0.9161,-0.0641,0.5614,6.005,-2.401,-3.011
2028262,1873,1918,1915,0.9164,-0.0625,0.5605,5.579,-2.374,-2.644
2028272,1842,1916,1910,0.9175,-0.0598,0.5616,5.499,-2.349,-2.237
2028282,1888,1914,1906,0.9188,-0.0561,0.5627,5.695,-2.363,-1.801
2028292,1834,1913,1917,0.9213,-0.0519,0.5609,6.168,-2.287,-1.384
2028302,1889,1923,1907,0.9248,-0.0483,0.5614,6.824,-2.316,-1.046
2028312,1842,1904,1909,0.9299,-0.0453,0.5606,7.434,-2.483,-0.849
2028322,1891,1915,1907,0.9353,-0.0415,0.5592,7.913,-2.630,-0.777
2028332,1851,1901,1912,0.9408,-0.0382,0.5582,8.127,-2.863,-0.845
2028342,1901,1919,1912,0.9427,-0.0355,0.5557,8.040,-3.170,-1.033
2028352,1850,1903,1905,0.9442,-0.0311,0.5553,7.706,-3.496,-1.312
2028362,1870,1916,1905,0.9423,-0.0287,0.5529,7.077,-3.888,-1.692
2028372,1839,1903,1915,0.9405,-0.0285,0.5514,6.219,-4.302,-2.140
2028382,1846,1913,1916,0.9378,-0.0300,0.5531,5.229,-4.767,-2.631
2028392,1838,1905,1904,0.9357,-0.0343,0.5529,3.784,-5.182,-3.200
2028402,1874,1905,1909,0.9344,-0.0393,0.5534,2.096,-5.527,-3.743
2028412,1835,1902,1915,0.9339,-0.0438,0.5531,0.270,-5.809,-4.201
2028422,1906,1908,1908,0.9345,-0.0490,0.5491,-1.517,-5.998,-4.564
2028432,1834,1906,1908,0.9361,-0.0544,0.5484,-3.331,-6.164,-4.869
2028442,1989,1925,1922,0.9383,-0.0615,0.5460,-5.108,-6.191,-5.140
2028452,1877,1904,1911,0.9383,-0.0692,0.5424,-6.658,-6.027,-5.349
2028462,1840,1913,1918,0.9374,-0.0749,0.5393,-7.905,-5.841,-5.485
2028472,1826,1913,1933,0.9359,-0.0795,0.5353,-8.855,-5.654,-5.558
2028482,1865,1904,1907,0.9343,-0.0843,0.5347,-9.585,-5.544,-5.634
2028492,1965,1906,1911,0.9336,-0.0893,0.5334,-9.977,-5.378,-5.677
2028502,1868,1910,1913,0.9337,-0.0929,0.5325,-9.948,-5.215,-5.609
2028512,1845,1906,1917,0.9327,-0.0952,0.5330,-9.561,-5.045,-5.444
2028522,1884,1904,1905,0.9333,-0.0932,0.5358,-8.275,-4.894,-5.091
2028532,1844,1912,1914,0.9331,-0.0895,0.5372,-6.683,-4.747,-4.704
2028542,1922,1905,1906,0.9337,-0.0851,0.5404,-4.779,-4.615,-4.329
2028552,1853,1905,1905,0.9335,-0.0790,0.5438,-2.659,-4.487,-3.975
2028562,1859,1904,1917,0.9324,-0.0717,0.5452,-0.392,-4.376,-3.632
2028572,1822,1924,1918,0.9327,-0.0636,0.5484,1.865,-4.355,-3.304
2028582,1857,1905,1907,0.9321,-0.0554,0.5493,3.993,-4.337,-2.965
2028592,1866,1904,1905,0.9321,-0.0454,0.5499,5.842,-4.342,-2.608
2028602,1971,1909,1909,0.9325,-0.0376,0.5508,7.311,-4.385,-2.277
2028612,1839,1906,1904,0.9327,-0.0322,0.5487,8.331,-4.390,-1.991
2028622,1860,1903,1905,0.9336,-0.0275,0.5465,8.885,-4.437,-1.749
2028632,1886,1909,1908,0.9338,-0.0232,0.5452,8.970,-4.509,-1.532
2028642,1831,1911,1905,0.9343,-0.0191,0.5430,8.628,-4.581,-1.345
2028652,1834,1910,1905,0.9346,-0.0163,0.5409,7.873,-4.651,-1.158
2028662,1878,1904,1906,0.9357,-0.0166,0.5393,6.699,-4.708,-0.994
2028672,1872,1904,1906,0.9370,-0.0182,0.5360,5.160,-4.700,-0.827
2028682,1884,1904,1906,0.9371,-0.0206,0.5330,3.404,-4.636,-0.639
2028692,1865,1933,1919,0.9373,-0.0244,0.5293,1.527,-4.600,-0.450
2028702,1857,1904,1906,0.9371,-0.0291,0.5247,-0.304,-4.532,-0.288
2028712,1851,1915,1906,0.9374,-0.0345,0.5209,-1.894,-4.458,-0.135
2028722,1989,1911,1922,0.9370,-0.0400,0.5189,-3.096,-4.374,0.039
2028732,1850,1904,1909,0.9378,-0.0434,0.5165,-3.859,-4.274,0.237
2028742,2108,1908,1928,0.9387,-0.0472,0.5137,-4.175,-4.146,0.414
2028752,1844,1912,1904,0.9394,-0.0498,0.5131,-4.093,-4.011,0.534
2028762,1862,1904,1907,0.9396,-0.0520,0.5119,-3.647,-3.811,0.597
2028772,1867,1905,1910,0.9400,-0.0544,0.5120,-2.969,-3.594,0.616
2028782,1871,1902,1905,0.9404,-0.0568,0.5134,-2.179,-3.421,0.632
2028792,1860,1904,1906,0.9409,-0.0565,0.5160,-1.325,-3.259,0.702
2028802,1883,1907,1918,0.9412,-0.0548,0.5190,-0.477,-3.069,0.818
2028812,1943,1907,1905,0.9418,-0.0527,0.5211,0.288,-2.882,0.949
2028822,1841,1905,1914,0.9420,-0.0494,0.5218,0.962,-2.657,1.095
2028832,1905,1920,1905,0.9420,-0.0446,0.5242,1.473,-2.471,1.247
2028842,1931,1910,1954,0.9422,-0.0413,0.5257,1.773,-2.313,1.387
2028852,1833,1911,1904,0.9421,-0.0390,0.5268,1.821,-2.173,1.485
2028862,1881,1902,1920,0.9415,-0.0357,0.5278,1.661,-2.033,1.568
2028872,1840,1916,1904,0.9412,-0.0343,0.5266,1.260,-1.821,1.658
2028882,1893,1903,1912,0.9406,-0.0330,0.5257,0.635,-1.606,1.727
2028892,1828,1918,1953,0.9397,-0.0345,0.5233,-0.177,-1.391,1.787
2028902,1839,1904,1938,0.9400,-0.0357,0.5217,-1.075,-1.207,1.858
2028912,1833,1926,1906,0.9417,-0.0366,0.5184,-2.024,-1.030,1.922
2028922,1859,1903,1904,0.9424,-0.0382,0.5169,-3.038,-0.886,1.975
2028932,1838,1934,1996,0.9436,-0.0408,0.5177,-4.104,-0.754,2.037
2028942,1890,1904,1916,0.9437,-0.0419,0.5173,-5.203,-0.554,2.115
2028952,1839,1910,1906,0.9439,-0.0455,0.5154,-6.335,-0.339,2.167
2028962,1876,1902,1911,0.9450,-0.0499,0.5138,-7.411,-0.150,2.254
2028972,1837,1905,1904,0.9446,-0.0523,0.5124,-8.300,0.057,2.414
2028982,1839,1903,1906,0.9439,-0.0545,0.5121,-8.908,0.275,2.604
2028992,1828,1909,1912,0.9436,-0.0569,0.5104,-9.191,0.512,2.767
2029002,1839,1909,1907,0.9439,-0.0581,0.5092,-9.173,0.731,2.887
2029012,1828,1908,1910,0.9430,-0.0598,0.5085,-8.878,0.936,2.957
2029022,1863,1904,1904,0.9421,-0.0601,0.5086,-8.295,1.120,2.998
2029032,1874,1924,1911,0.9422,-0.0615,0.5111,-7.567,1.217,2.980
2029042,1865,1908,1906,0.9417,-0.0625,0.5111,-6.814,1.364,2.933
2029052,1827,1906,1908,0.9415,-0.0633,0.5132,-6.157,1.481,2.933
2029062,1852,1906,1907,0.9415,-0.0634,0.5162,-5.691,1.521,2.969
2029072,1828,1913,1916,0.9420,-0.0644,0.5188,-5.361,1.568,3.030
2029082,1847,1905,1905,0.9431,-0.0659,0.5222,-5.195,1.594,3.108
2029092,1832,1908,1904,0.9436,-0.0665,0.5244,-5.117,1.619,3.204
2029102,1834,1904,1908,0.9432,-0.0662,0.5270,-5.111,1.654,3.308
2029112,1835,1908,1909,0.9429,-0.0657,0.5288,-5.149,1.718,3.375
2029122,1860,1904,1906,0.9420,-0.0652,0.5297,-5.165,1.814,3.382
2029132,1832,1916,1909,0.9401,-0.0657,0.5291,-5.153,1.883,3.348
2029142,1864,1904,1905,0.9388,-0.0666,0.5284,-5.048,1.932,3.312
2029152,1826,1913,1904,0.9386,-0