0.0131,1.1456,3.462,3.736,0.521
1593707,1970,1255,1976,-0.0753,-0.0132,1.1448,3.152,3.861,0.604
1593717,1829,1338,1935,-0.0747,-0.0127,1.1424,2.837,3.930,0.753
1593727,1969,1336,2028,-0.0744,-0.0120,1.1417,2.531,3.934,0.875
1593737,1827,1428,2009,-0.0739,-0.0120,1.1407,2.301,3.906,0.955
1593747,1974,1410,2039,-0.0728,-0.0130,1.1403,2.209,3.906,0.940
1593757,1824,1524,1884,-0.0739,-0.0152,1.1401,2.240,3.877,0.805
1593767,1980,1496,1868,-0.0737,-0.0140,1.1406,2.402,3.851,0.776
1593777,1822,1597,1954,-0.0733,-0.0118,1.1402,2.655,3.895,0.801
1593787,1977,1584,2012,-0.0734,-0.0101,1.1401,2.864,3.935,0.816
1593797,1819,1704,1932,-0.0734,-0.0098,1.1424,2.904,3.856,0.782
1593807,1984,1669,1936,-0.0738,-0.0106,1.1438,2.865,3.730,0.721
1593817,1817,1771,1987,-0.0726,-0.0109,1.1425,2.908,3.688,0.703
1593827,1982,1728,2098,-0.0711,-0.0103,1.1408,3.023,3.663,0.791
1593837,1806,1811,2006,-0.0706,-0.0097,1.1428,3.171,3.552,0.840
1593847,1996,1777,2144,-0.0696,-0.0075,1.1444,3.371,3.419,0.879
1593857,1808,1885,2019,-0.0698,-0.0051,1.1434,3.638,3.421,0.898
1593867,1994,1830,2027,-0.0711,-0.0008,1.1419,3.847,3.491,0.909
1593877,1798,1921,2009,-0.0697,0.0036,1.1409,3.908,3.470,0.945
1593887,1986,1841,2109,-0.0708,0.0038,1.1409,3.739,3.368,0.804
1593897,1784,1931,2126,-0.0703,0.0043,1.1424,3.409,3.188,0.618
1593907,1991,1870,2104,-0.0691,0.0034,1.1412,3.133,3.106,0.471
1593917,1778,1947,2081,-0.0681,0.0025,1.1422,2.931,3.067,0.332
1593927,1997,1883,2080,-0.0665,0.0013,1.1443,2.810,2.931,0.177
1593937,1774,1973,2041,-0.0656,0.0007,1.1450,2.846,2.851,0.055
1593947,1993,1891,2028,-0.0665,0.0003,1.1433,2.989,2.916,-0.023
1593957,1761,1995,1934,-0.0668,0.0036,1.1418,3.192,3.008,0.027
1593967,1996,1896,2107,-0.0659,0.0066,1.1404,3.353,3.047,0.068
1593977,1754,1981,1978,-0.0662,0.0071,1.1396,3.421,3.022,-0.015
1593987,1996,1925,2043,-0.0646,0.0083,1.1424,3.359,2.887,-0.159
1593997,1741,1992,2214,-0.0650,0.0070,1.1427,3.277,2.764,-0.370
1594007,1993,1914,2007,-0.0646,0.0048,1.1421,3.242,2.724,-0.503
1594017,1730,1960,1986,-0.0632,0.0050,1.1412,3.244,2.637,-0.510
1594027,1997,1879,2007,-0.0629,0.0047,1.1421,3.269,2.451,-0.521
1594037,1722,1941,2049,-0.0623,0.0051,1.1440,3.364,2.301,-0.509
1594047,1995,1880,2122,-0.0613,0.0062,1.1463,3.543,2.196,-0.449
1594057,1714,1923,2024,-0.0591,0.0086,1.1496,3.691,2.097,-0.381
1594067,1996,1852,1971,-0.0567,0.0097,1.1509,3.752,2.083,-0.356
1594077,1705,1915,1975,-0.0558,0.0102,1.1519,3.705,2.145,-0.342
1594087,1996,1836,1899,-0.0555,0.0107,1.1537,3.499,2.232,-0.314
1594097,1705,1906,1960,-0.0558,0.0115,1.1538,3.200,2.428,-0.230
1594107,1987,1820,1979,-0.0564,0.0150,1.1520,2.854,2.665,-0.007
1594117,1696,1884,1985,-0.0566,0.0185,1.1509,2.425,2.840,0.229
1594127,1992,1794,1959,-0.0573,0.0214,1.1508,1.951,2.888,0.350
1594137,1696,1883,1912,-0.0580,0.0226,1.1497,1.534,2.915,0.419
1594147,1984,1797,1897,-0.0574,0.0236,1.1496,1.137,2.939,0.498
1594157,1690,1866,1920,-0.0547,0.0255,1.1539,0.559,2.822,0.624
1594167,1982,1794,1907,-0.0529,0.0238,1.1570,-0.175,2.708,0.569
1594177,1685,1884,1943,-0.0535,0.0224,1.1587,-0.921,2.775,0.622
1594187,1975,1821,1883,-0.0526,0.0227,1.1605,-1.815,2.856,0.945
1594197,1682,1932,1928,-0.0534,0.0206,1.1627,-2.970,2.834,1.222
1594207,1981,1844,1890,-0.0533,0.0155,1.1641,-4.093,2.835,1.452
1594217,1686,1918,1985,-0.0557,0.0118,1.1623,-5.118,2.947,1.943
1594227,1987,1862,1941,-0.0565,0.0097,1.1586,-6.129,2.989,2.560
1594237,1683,1956,2059,-0.0565,0.0087,1.1627,-7.232,2.694,3.220
1594247,1978,1915,1954,-0.0520,0.0064,1.1681,-8.301,2.285,3.791
1594257,1688,2066,2101,-0.0490,0.0047,1.1709,-9.460,2.070,4.395
1594267,1976,1956,2007,-0.0411,0.0084,1.1766,-10.794,1.920,5.165
1594277,1691,2074,2167,-0.0384,0.0042,1.1791,-12.167,1.952,5.841
1594287,1977,2012,2057,-0.0384,-0.0014,1.1729,-13.551,2.256,6.201
1594297,1694,2078,2136,-0.0325,-0.0029,1.1665,-15.208,2.528,6.937
1594307,1965,1953,2036,-0.0288,-0.0118,1.1568,-17.123,2.645,7.778
1594317,1696,1958,2088,-0.0344,-0.0089,1.1572,-18.907,2.422,8.691
1594327,1967,1792,2040,-0.0303,-0.0082,1.1401,-20.086,2.572,9.894
1594337,1698,1759,2111,-0.0355,-0.0066,1.1397,-20.207,2.845,10.725
1594347,1963,1647,2031,-0.0424,-0.0124,1.1458,-19.879,2.753,10.516
1594357,1706,1696,2014,-0.0467,-0.0203,1.1366,-18.364,3.297,9.930
1594367,1962,1550,1896,-0.0453,-0.0270,1.1374,-16.270,3.715,9.571
1594377,1699,1569,2005,-0.0476,-0.0372,1.1458,-14.371,3.619,8.908
1594387,1968,1472,1968,-0.0495,-0.0439,1.1445,-12.246,3.786,8.460
1594397,1707,1572,1967,-0.0482,-0.0416,1.1440,-9.996,4.105,8.784
1594407,1955,1449,1948,-0.0499,-0.0383,1.1467,-8.222,4.211,9.161
1594417,1709,1480,1979,-0.0506,-0.0382,1.1461,-6.480,4.382,9.304
1594427,1953,1421,1950,-0.0466,-0.0407,1.1434,-4.585,4.600,9.531
1594437,1707,1469,1952,-0.0446,-0.0439,1.1454,-2.797,4.672,9.716
1594447,1948,1351,1922,-0.0429,-0.0446,1.1435,-1.125,4.774,9.948
1594457,1710,1384,1940,-0.0378,-0.0463,1.1355,0.542,4.931,10.301
1594467,1951,1241,1913,-0.0337,-0.0426,1.1378,2.379,4.868,10.634
1594477,1706,1333,1848,-0.0315,-0.0369,1.1403,4.190,4.708,11.135
1594487,1949,1206,1770,-0.0355,-0.0274,1.1307,6.147,4.897,11.437
1594497,1708,1265,1767,-0.0352,-0.0162,1.1270,8.150,5.039,11.844
1594507,1943,1114,1707,-0.0331,-0.0154,1.1229,9.924,4.890,11.671
1594517,1710,1181,1712,-0.0311,-0.0167,1.1204,11.529,4.605,11.185
1594527,1935,1124,1719,-0.0294,-0.0159,1.1198,12.678,4.259,11.131
1594537,1707,1206,1758,-0.0293,-0.0124,1.1154,13.369,3.918,11.368
1594547,1948,1191,1732,-0.0287,-0.0034,1.1094,13.789,3.569,11.943
1594557,1708,1286,1639,-0.0273,0.0100,1.1074,14.073,3.070,12.638
1594567,1937,1235,1707,-0.0226,0.0208,1.1064,14.351,2.445,13.160
1594577,1709,1331,1707,-0.0174,0.0263,1.1072,14.979,1.745,13.231
1594587,1932,1266,1707,-0.0148,0.0282,1.1068,15.855,1.049,13.052
1594597,1704,1370,1543,-0.0142,0.0329,1.1125,16.906,0.432,12.878
1594607,1934,1297,1691,-0.0121,0.0376,1.1164,17.890,-0.131,12.834
1594617,1702,1325,1577,-0.0119,0.0370,1.1161,18.780,-0.511,12.604
1594627,1936,1246,1653,-0.0115,0.0411,1.1193,19.512,-1.011,12.404
1594637,1696,1266,1577,-0.0140,0.0466,1.1185,20.180,-1.454,12.251
1594647,1935,1200,1637,-0.0147,0.0525,1.1161,20.982,-1.725,12.000
1594657,1691,1000,1587,-0.0165,0.0534,1.1204,21.646,-2.294,11.480
1594667,1934,966,1622,-0.0205,0.0571,1.1209,22.314,-2.921,10.730
1594677,1687,972,1580,-0.0201,0.0647,1.1176,23.355,-3.328,10.349
1594687,1930,854,1589,-0.0206,0.0696,1.1167,24.419,-3.756,9.920
1594697,1681,866,1524,-0.0231,0.0733,1.1199,25.324,-4.389,9.124
1594707,1933,805,1605,-0.0230,0.0794,1.1196,25.971,-4.959,8.423
1594717,1684,726,1472,-0.0220,0.0842,1.1141,26.327,-5.398,7.701
1594727,1923,690,1704,-0.0205,0.0864,1.1170,26.223,-6.082,6.727
1594737,1682,746,1485,-0.0163,0.0877,1.1308,25.401,-7.133,5.630
1594747,1932,629,1631,-0.0155,0.0910,1.1380,24.095,-7.811,4.685
1594757,1681,578,1473,-0.0118,0.0959,1.1383,22.543,-7.924,4.045
1594767,1912,645,1635,-0.0116,0.0975,1.1431,20.350,-8.054,3.257
1594777,1680,615,1476,-0.0152,0.0933,1.1452,17.717,-8.136,2.069
1594787,1912,522,1568,-0.0111,0.0894,1.1356,15.143,-8.011,1.090
1594797,1681,582,1495,-0.0127,0.0835,1.1287,12.843,-7.988,0.279
1594807,1921,457,1573,-0.0137,0.0722,1.1338,11.117,-8.403,-0.701
1594817,1680,505,1495,-0.0146,0.0631,1.1379,9.873,-8.783,-1.512
1594827,1922,475,1507,-0.0138,0.0586,1.1381,8.955,-8.738,-1.855
1594837,1686,407,1484,-0.0115,0.0588,1.1417,8.193,-8.663,-1.895
1594847,1918,376,1529,-0.0108,0.0619,1.1443,7.714,-8.549,-1.990
1594857,1686,353,1484,-0.0076,0.0620,1.1466,7.431,-8.374,-2.183
1594867,1912,317,1517,-0.0082,0.0581,1.1512,7.004,-8.281,-2.649
1594877,1690,354,1477,-0.0067,0.0557,1.1602,6.522,-8.198,-2.856
1594887,1909,277,1512,-0.0046,0.0511,1.1661,5.916,-7.895,-2.797
1594897,1696,328,1481,-0.0024,0.0465,1.1724,5.195,-7.439,-2.598
1594907,1906,272,1491,0.0000,0.0447,1.1761,4.410,-6.945,-2.136
1594917,1704,312,1474,0.0015,0.0456,1.1805,3.750,-6.343,-1.379
1594927,1909,196,1481,0.0047,0.0468,1.1822,3.480,-5.585,-0.542
1594937,1709,222,1482,0.0088,0.0517,1.1843,3.660,-4.717,0.377
1594947,1912,197,1474,0.0127,0.0577,1.1835,4.335,-3.669,1.289
1594957,1716,216,1497,0.0155,0.0651,1.1811,5.400,-2.620,1.928
1594967,1905,180,1489,0.0197,0.0711,1.1807,6.635,-1.766,2.270
1594977,1716,171,1524,0.0241,0.0771,1.1791,7.926,-0.982,2.355
1594987,1904,181,1500,0.0277,0.0835,1.1758,9.096,-0.215,2.466
1594997,1726,180,1537,0.0307,0.0917,1.1712,10.009,0.582,2.675
1595007,1904,217,1510,0.0338,0.1022,1.1659,10.353,1.387,2.884
1595017,1723,195,1552,0.0351,0.1096,1.1595,10.413,2.048,2.895
1595027,1905,241,1542,0.0343,0.1155,1.1556,10.305,2.607,2.726
1595037,1735,193,1574,0.0348,0.1191,1.1497,9.993,3.041,2.525
1595047,1903,265,1543,0.0357,0.1223,1.1437,9.542,3.365,2.435
1595057,1746,291,1609,0.0373,0.1259,1.1416,8.895,3.493,2.453
1595067,1903,365,1564,0.0396,0.1294,1.1415,8.079,3.525,2.427
1595077,1750,320,1622,0.0430,0.1349,1.1431,7.258,3.591,2.485
1595087,1902,407,1591,0.0458,0.1406,1.1459,6.445,3.758,2.522
1595097,1757,368,1639,0.0462,0.1443,1.1467,5.659,4.013,2.336
1595107,1901,479,1606,0.0471,0.1444,1.1461,4.927,4.355,2.003
1595117,1764,414,1643,0.0467,0.1425,1.1461,4.180,4.694,1.562
1595127,1910,503,1610,0.0452,0.1390,1.1473,3.396,4.952,1.057
1595137,1783,508,1660,0.0440,0.1355,1.1465,2.649,5.185,0.709
1595147,1903,488,1651,0.0447,0.1337,1.1486,2.001,5.352,0.562
1595157,1790,496,1664,0.0459,0.1311,1.1506,1.429,5.451,0.503
1595167,1896,615,1644,0.0472,0.1296,1.1535,0.953,5.525,0.551
1595177,1798,589,1672,0.0488,0.1287,1.1564,0.592,5.684,0.695
1595187,1908,575,1682,0.0508,0.1302,1.1595,0.336,5.936,0.867
1595197,1807,606,1646,0.0526,0.1314,1.1626,0.079,6.160,1.021
1595207,1874,710,1677,0.0510,0.1330,1.1648,-0.098,6.456,1.073
1595217,1817,570,1695,0.0506,0.1347,1.1700,-0.238,6.806,1.067
1595227,1873,660,1710,0.0470,0.1332,1.1705,-0.382,7.258,0.865
1595237,1827,646,1764,0.0444,0.1317,1.1687,-0.460,7.787,0.588
1595247,1877,595,1657,0.0442,0.1292,1.1641,-0.529,8.220,0.343
1595257,1830,724,1721,0.0453,0.1247,1.1647,-0.403,8.437,0.037
1595267,1883,763,1628,0.0488,0.1198,1.1717,0.059,8.653,-0.085
1595277,1833,761,1697,0.0529,0.1134,1.1764,0.707,9.045,0.073
1595287,1902,644,1921,0.0575,0.1114,1.1872,1.261,9.622,0.638
1595297,1840,685,1664,0.0611,0.1129,1.2009,1.457,10.293,1.582
1595307,1887,791,1732,0.0657,0.1176,1.2117,1.406,11.368,2.783
1595317,1849,708,1726,0.0691,0.1220,1.2189,1.129,12.790,3.964
1595327,1912,689,1758,0.0694,0.1229,1.2260,0.790,14.285,4.876
1595337,1852,765,1701,0.0656,0.1241,1.2301,0.610,15.873,5.647
1595347,1872,864,1633,0.0582,0.1269,1.2334,0.634,17.538,6.412
1595357,1860,781,1708,0.0513,0.1274,1.2374,0.871,19.196,7.043
1595367,1857,857,1664,0.0471,0.1259,1.2484,1.145,20.756,7.517
1595377,1867,718,1718,0.0444,0.1253,1.2597,1.294,22.463,7.972
1595387,1874,841,1705,0.0456,0.1282,1.2743,1.172,24.409,8.589
1595397,1877,716,1749,0.0447,0.1377,1.2997,0.576,26.614,9.423
1595407,1872,756,1722,0.0417,0.1518,1.3207,-0.381,29.340,10.440
1595417,1876,928,1725,0.0384,0.1655,1.3376,-1.861,32.538,11.395
1595427,1868,791,1709,0.0338,0.1728,1.3539,-4.115,35.839,11.967
1595437,1895,768,1724,0.0305,0.1759,1.3649,-6.994,39.330,12.298
1595447,1871,804,1756,0.0267,0.1770,1.3747,-10.440,42.986,12.702
1595457,1884,665,1805,0.0213,0.1781,1.3886,-14.815,46.601,13.308
1595467,1875,915,1744,0.0145,0.1801,1.3970,-20.149,50.387,14.099
1595477,1888,700,1796,0.0065,0.1801,1.4002,-26.373,54.419,14.978
1595487,1863,795,1776,-0.0041,0.1773,1.3997,-33.238,58.550,15.696
1595497,1904,780,1867,-0.0130,0.1682,1.3985,-40.317,62.546,16.105
1595507,1871,907,1795,-0.0224,0.1508,1.3979,-47.057,66.498,16.173
1595517,1909,781,1784,-0.0305,0.1303,1.3941,-52.949,70.514,16.242
1595527,1840,782,1787,-0.0367,0.1093,1.3889,-57.830,74.656,16.578
1595537,1919,676,1766,-0.0436,0.0840,1.3822,-61.762,78.943,17.054
1595547,1860,669,1776,-0.0493,0.0573,1.3706,-64.572,83.479,17.768
1595557,1910,688,1765,-0.0552,0.0315,1.3611,-66.520,88.071,18.892
1595567,1862,665,1746,-0.0617,0.0043,1.3491,-67.858,92.701,20.246
1595577,1910,526,1719,-0.0710,-0.0215,1.3328,-68.407,97.401,21.727
1595587,1846,596,1649,-0.0794,-0.0417,1.3198,-68.209,102.113,23.578
1595597,1913,424,1710,-0.0878,-0.0609,1.3083,-67.456,106.704,25.635
1595607,1889,227,1673,-0.0978,-0.0815,1.2928,-66.170,111.333,27.750
1595617,1923,343,1695,-0.1053,-0.1003,1.2838,-64.700,115.726,30.210
1595627,1838,432,1618,-0.1145,-0.1177,1.2684,-63.457,119.989,33.056
1595637,1918,305,1639,-0.1268,-0.1320,1.2456,-62.183,124.423,36.232
1595647,1832,422,1581,-0.1374,-0.1418,1.2207,-61.097,128.626,39.814
1595657,1915,277,1546,-0.1529,-0.1509,1.1912,-60.112,132.493,43.287
1595667,1826,397,1519,-0.1700,-0.1564,1.1590,-58.983,136.075,46.739
1595677,1919,272,1508,-0.1898,-0.1581,1.1235,-57.697,139.360,50.290
1595687,1810,390,1484,-0.2131,-0.1533,1.0872,-56.172,142.243,53.833
1595697,1923,258,1485,-0.2346,-0.1447,1.0513,-54.667,144.541,57.310
1595707,1789,355,1477,-0.2594,-0.1364,1.0146,-53.233,146.267,60.213
1595717,1918,259,1492,-0.2840,-0.1220,0.9782,-51.731,147.494,62.632
1595727,1793,372,1474,-0.3085,-0.1027,0.9412,-50.054,148.389,64.779
1595737,1960,235,1506,-0.3335,-0.0822,0.9013,-48.148,148.903,66.285
1595747,1810,397,1483,-0.3623,-0.0606,0.8629,-45.988,148.960,67.020
1595757,1889,362,1487,-0.3892,-0.0393,0.8292,-43.435,148.627,66.940
1595767,1776,451,1483,-0.4141,-0.0244,0.7932,-40.375,147.846,66.016
1595777,1728,236,1521,-0.4388,-0.0139,0.7615,-37.334,146.347,64.498
1595787,1792,370,1488,-0.4603,-0.0043,0.7374,-34.237,144.211,62.727
1595797,1909,319,1501,-0.4839,0.0070,0.7113,-31.146,141.875,61.004
1595807,1819,405,1484,-0.5062,0.0200,0.6821,-27.951,139.500,59.377
1595817,1930,342,1517,-0.5270,0.0342,0.6578,-24.925,136.786,57.724
1595827,1771,357,1487,-0.5462,0.0472,0.6377,-22.290,133.535,55.748
1595837,1923,328,1491,-0.5651,0.0603,0.6206,-19.996,129.792,53.575
1595847,1825,346,1482,-0.5843,0.0751,0.6053,-17.845,125.765,51.218
1595857,1928,393,1497,-0.6007,0.0873,0.5930,-15.863,121.634,48.655
1595867,1792,380,1481,-0.6140,0.0941,0.5856,-14.468,117.163,45.545
1595877,1920,350,1488,-0.6296,0.1000,0.5733,-13.496,112.729,42.121
1595887,1810,377,1479,-0.6451,0.1033,0.5564,-12.570,108.547,38.808
1595897,1906,325,1488,-0.6615,0.1057,0.5428,-11.883,104.268,35.527
1595907,1793,355,1484,-0.6757,0.1051,0.5381,-11.488,99.638,32.228
1595917,1922,275,1486,-0.6897,0.1042,0.5367,-11.555,94.841,28.973
1595927,1787,332,1484,-0.7013,0.1014,0.5382,-11.983,90.152,25.833
1595937,1918,289,1512,-0.7134,0.1007,0.5391,-12.758,85.709,22.950
1595947,1792,333,1483,-0.7226,0.1019,0.5434,-13.766,81.478,20.277
1595957,1889,289,1486,-0.7314,0.1011,0.5490,-15.156,77.403,17.651
1595967,1849,268,1487,-0.7406,0.0994,0.5503,-16.606,73.675,14.995
1595977,1917,322,1497,-0.7499,0.0984,0.5480,-17.925,70.355,12.446
1595987,1815,270,1492,-0.7583,0.0952,0.5443,-19.176,67.207,9.898
1595997,1903,305,1496,-0.7689,0.0885,0.5420,-20.322,64.121,7.230
1596007,1827,266,1495,-0.7803,0.0803,0.5370,-21.281,61.128,4.569
1596017,1920,278,1517,-0.7921,0.0721,0.5298,-21.961,58.267,2.098
1596027,1815,270,1494,-0.8027,0.0639,0.5243,-22.399,55.372,-0.136
1596037,1909,280,1523,-0.8126,0.0544,0.5258,-22.704,52.240,-2.322
1596047,1826,297,1504,-0.8220,0.0449,0.5262,-22.686,49.169,-4.429
1596057,1909,264,1527,-0.8287,0.0384,0.5232,-22.373,46.399,-6.179
1596067,1829,268,1499,-0.8380,0.0298,0.5199,-21.896,43.799,-7.830
1596077,1906,275,1535,-0.8485,0.0212,0.5179,-21.285,41.183,-9.547
1596087,1772,282,1506,-0.8580,0.0112,0.5174,-20.383,38.654,-11.086
1596097,1919,271,1533,-0.8660,-0.0004,0.5184,-19.435,36.115,-12.507
1596107,1808,272,1534,-0.8750,-0.0134,0.5197,-18.578,33.508,-13.945
1596117,1897,289,1548,-0.8841,-0.0264,0.5208,-17.637,31.047,-15.082
1596127,1815,276,1514,-0.8900,-0.0397,0.5202,-16.680,28.770,-15.828
1596137,1924,281,1526,-0.8960,-0.0537,0.5237,-15.980,26.452,-16.432
1596147,1808,300,1649,-0.9011,-0.0670,0.5278,-15.485,24.329,-16.665
1596157,1915,280,1631,-0.9078,-0.0751,0.5302,-14.964,22.632,-16.284
1596167,1814,300,1599,-0.9156,-0.0817,0.5274,-14.313,21.252,-15.655
1596177,1914,282,1546,-0.9218,-0.0902,0.5227,-13.555,19.967,-15.100
1596187,1777,333,2093,-0.9264,-0.0979,0.5184,-12.796,18.602,-14.597
1596197,1925,302,1495,-0.9287,-0.1050,0.5255,-12.001,17.059,-14.083
1596207,1769,305,1853,-0.9283,-0.1128,0.5405,-11.251,15.442,-13.561
1596217,1915,294,1763,-0.9243,-0.1156,0.5523,-10.135,14.388,-12.744
1596227,1754,309,1593,-0.9170,-0.1158,0.5677,-8.930,13.840,-11.521
1596237,1940,321,1510,-0.9077,-0.1214,0.5830,-8.146,13.653,-10.494
1596247,1682,405,1875,-0.9020,-0.1296,0.5925,-7.792,13.847,-9.771
1596257,1919,318,2154,-0.8976,-0.1364,0.5930,-7.444,14.491,-8.868
1596267,1814,309,1516,-0.8985,-0.1449,0.5827,-6.731,15.530,-7.765
1596277,1923,383,1597,-0.9020,-0.1585,0.5723,-5.615,16.394,-6.838
1596287,1785,303,1498,-0.9029,-0.1672,0.5712,-4.056,16.733,-5.809
1596297,1937,342,1645,-0.8990,-0.1662,0.5764,-1.740,17.003,-4.270
1596307,1785,344,1734,-0.8916,-0.1544,0.5835,1.397,17.440,-2.308
1596317,1908,336,1607,-0.8823,-0.1433,0.5840,4.856,18.161,-0.714
1596327,1777,309,1548,-0.8761,-0.1410,0.5806,8.441,19.314,-0.264
1596337,1953,342,1560,-0.8729,-0.1438,0.5763,11.686,20.584,-0.563
1596347,1756,364,2090,-0.8768,-0.1506,0.5631,15.171,22.260,-1.055
1596357,1932,314,1776,-0.8803,-0.1528,0.5497,18.975,24.054,-1.014
1596367,1768,314,1661,-0.8844,-0.1579,0.5384,22.616,25.529,-0.560
1596377,1937,452,1859,-0.8897,-0.1605,0.5254,25.736,26.770,0.167
1596387,1772,319,1601,-0.8904,-0.1489,0.5201,28.191,27.453,1.655
1596397,1948,397,1537,-0.8891,-0.1309,0.5195,29.772,27.755,3.640
1596407,1767,346,1638,-0.8905,-0.1183,0.5088,30.304,28.170,5.162
1596417,1941,390,1535,-0.8916,-0.1078,0.4973,29.956,28.428,6.078
1596427,1759,436,1556,-0.8923,-0.0968,0.4976,28.901,28.116,6.752
1596437,1946,331,1534,-0.8946,-0.0844,0.5013,27.409,27.502,7.383
1596447,1784,355,1582,-0.8995,-0.0702,0.4937,25.816,27.222,8.072
1596457,1960,360,1653,-0.9063,-0.0577,0.4711,24.439,27.421,8.569
1596467,1753,370,1956,-0.9132,-0.0539,0.4467,23.028,27.418,8.438
1596477,1951,396,2018,-0.9192,-0.0555,0.4370,21.407,26.402,7.853
1596487,1732,424,1560,-0.9220,-0.0514,0.4488,19.485,24.318,7.516
1596497,1948,479,1642,-0.9232,-0.0421,0.4577,17.583,22.269,7.727
1596507,1754,404,1501,-0.9208,-0.0277,0.4615,15.768,20.797,8.289
1596517,1968,345,1725,-0.9153,-0.0080,0.4726,13.522,19.405,8.832
1596527,1724,349,1582,-0.9150,0.0034,0.4642,10.203,18.532,7.975
1596537,1965,385,1848,-0.9157,0.0020,0.4537,6.869,17.809,6.335
1596547,1715,347,1587,-0.9176,-0.0076,0.4586,3.548,16.488,4.294
1596557,1965,373,2332,-0.9215,-0.0205,0.4619,0.711,15.141,2.303
1596567,1710,364,1503,-0.9240,-0.0289,0.4607,-1.208,14.381,0.941
1596577,1974,345,1668,-0.9235,-0.0274,0.4687,-2.419,13.842,0.296
1596587,1714,421,1539,-0.9242,-0.0177,0.4834,-3.270,13.424,-0.248
1596597,1965,395,1597,-0.9249,-0.0065,0.4837,-3.635,13.907,-1.189
1596607,1709,364,1965,-0.9255,-0.0019,0.4725,-3.719,15.288,-2.886
1596617,1967,367,1497,-0.9283,-0.0072,0.4721,-3.911,16.709,-5.653
1596627,1697,378,1667,-0.9363,-0.0214,0.4726,-4.096,18.248,-9.086
1596637,1964,371,1560,-0.9476,-0.0398,0.4621,-4.144,20.399,-12.334
1596647,1707,389,1650,-0.9590,-0.0609,0.4422,-4.501,22.756,-14.976
1596657,1976,366,1989,-0.9729,-0.0847,0.4233,-5.681,24.598,-17.177
1596667,1716,362,1796,-0.9885,-0.1160,0.3944,-7.674,26.093,-19.125
1596677,1977,360,2751,-1.0099,-0.1587,0.3500,-10.497,27.514,-20.965
1596687,1696,369,1727,-1.0386,-0.2106,0.2838,-13.710,28.662,-22.791
1596697,1970,372,1771,-1.0654,-0.2764,0.2082,-16.463,28.874,-24.210
1596707,1691,373,1893,-1.0808,-0.3681,0.1264,-18.563,26.823,-25.555
1596717,1974,365,2058,-1.0806,-0.5082,0.0300,-20.004,22.032,-26.596
1596727,1686,368,1656,-1.0763,-0.6774,-0.0733,-20.656,14.326,-25.234
1596737,1968,535,1803,-1.0694,-0.8156,-0.1382,-20.489,2.724,-17.941
1596747,1691,391,2515,-1.0498,-0.8785,-0.1290,-19.415,-12.415,-2.683
1596757,1972,408,1717,-1.0122,-0.8643,-0.0779,-16.468,-28.174,18.482
1596767,1684,378,1869,-0.9617,-0.8081,-0.0242,-11.537,-41.802,41.863
1596777,1944,383,2136,-0.9120,-0.7246,0.0488,-5.963,-53.560,63.985
1596787,1679,409,1920,-0.8611,-0.6196,0.1378,-1.200,-64.006,84.219
1596797,1989,385,1777,-0.8038,-0.5000,0.2222,1.854,-72.518,102.564
1596807,1681,381,1524,-0.7537,-0.3623,0.3184,2.457,-79.481,118.755
1596817,1967,377,1510,-0.7003,-0.2159,0.4267,0.015,-85.495,132.631
1596827,1679,383,1663,-0.6639,-0.0522,0.5427,-4.245,-89.541,143.973
1596837,2005,387,1853,-0.6275,0.1236,0.6499,-9.007,-90.577,152.434
1596847,1739,432,1575,-0.5950,0.2828,0.7355,-13.875,-88.536,156.380
1596857,1975,383,1582,-0.5729,0.4034,0.7975,-19.048,-84.476,153.740
1596867,1668,500,1966,-0.5585,0.4928,0.8472,-23.976,-79.195,145.865
1596877,1957,396,1538,-0.5511,0.5599,0.8889,-28.600,-73.152,134.815
1596887,1680,456,1867,-0.5525,0.5973,0.9248,-32.786,-66.499,121.588
1596897,1977,396,1588,-0.5585,0.6037,0.9651,-36.697,-59.791,106.955
1596907,1681,408,1525,-0.5697,0.5911,0.9997,-40.340,-52.954,92.183
1596917,1972,456,1572,-0.5803,0.5791,1.0157,-43.175,-45.199,79.059
1596927,1681,408,1629,-0.5857,0.5769,1.0214,-45.151,-36.805,68.070
1596937,1967,432,1593,-0.5866,0.5735,1.0305,-46.612,-28.674,58.020
1596947,1677,439,1517,-0.5875,0.5620,1.0354,-47.273,-20.723,47.855
1596957,1968,429,1733,-0.5874,0.5484,1.0316,-46.725,-12.528,37.833
1596967,1682,400,1504,-0.5871,0.5294,1.0181,-45.070,-4.157,28.205
1596977,1916,403,1593,-0.5913,0.5015,0.9985,-42.759,3.874,18.525
1596987,1697,438,1677,-0.5964,0.4737,0.9853,-40.022,11.130,9.243
1596997,1964,402,1520,-0.6054,0.4481,0.9635,-36.950,17.937,0.902
1597007,1689,433,1631,-0.6153,0.4186,0.9283,-33.539,24.493,-6.825
1597017,1965,406,1580,-0.6238,0.3882,0.9086,-30.365,29.907,-14.209
1597027,1695,446,1515,-0.6334,0.3568,0.8958,-27.612,34.102,-21.294
1597037,1968,427,1543,-0.6489,0.3240,0.8720,-24.581,38.193,-27.867
1597047,1694,451,1519,-0.6641,0.2975,0.8411,-21.322,42.205,-33.469
1597057,1961,452,1557,-0.6793,0.2731,0.8196,-18.233,45.439,-38.565
1597067,1690,471,1513,-0.6965,0.2416,0.8032,-15.124,47.967,-43.792
1597077,1934,462,1505,-0.7124,0.2080,0.7855,-11.670,50.295,-48.713
1597087,1692,465,1605,-0.7257,0.1767,0.7667,-7.753,52.642,-52.831
1597097,1949,452,1604,-0.7377,0.1461,0.7451,-3.580,54.820,-56.276
1597107,1695,436,1510,-0.7482,0.1142,0.7279,0.668,56.781,-59.345
1597117,1951,428,1541,-0.7602,0.0855,0.7107,4.989,58.648,-61.908
1597127,1696,424,1533,-0.7720,0.0635,0.6988,9.289,60.379,-63.784
1597137,1937,433,1994,-0.7853,0.0455,0.6880,13.368,62.175,-64.966
1597147,1695,432,1772,-0.7983,0.0281,0.6717,17.039,64.161,-65.859
1597157,1944,499,1765,-0.8114,0.0118,0.6492,20.117,66.198,-66.575
1597167,1703,431,1564,-0.8268,-0.0041,0.6245,22.646,68.124,-67.111
1597177,1949,433,1549,-0.8401,-0.0168,0.5976,24.631,69.783,-67.387
1597187,1706,432,1521,-0.8535,-0.0253,0.5721,26.191,71.325,-67.247
1597197,1857,437,1560,-0.8691,-0.0329,0.5476,27.094,72.567,-67.096
1597207,1710,444,1523,-0.8856,-0.0443,0.5188,27.415,73.499,-67.192
1597217,1938,525,1592,-0.9013,-0.0574,0.4926,27.292,74.211,-67.350
1597227,1701,475,1835,-0.9216,-0.0766,0.4605,26.622,74.635,-67.717
1597237,1935,438,1518,-0.9390,-0.1017,0.4310,25.894,74.663,-68.056
1597247,1711,442,1609,-0.9511,-0.1261,0.4184,24.908,73.948,-67.701
1597257,1925,471,1608,-0.9635,-0.1511,0.4011,23.456,72.980,-66.796
1597267,1717,466,1682,-0.9760,-0.1777,0.3582,22.257,72.733,-65.346
1597277,1916,511,1512,-0.9920,-0.2057,0.3061,20.999,72.693,-63.378
1597287,1719,463,1666,-1.0115,-0.2398,0.2495,19.754,71.981,-61.427
1597297,1917,453,1563,-1.0358,-0.2844,0.1893,18.616,70.398,-59.537
1597307,1708,522,2464,-1.0622,-0.3452,0.1232,17.378,67.695,-57.617
1597317,1905,503,1632,-1.0892,-0.4276,0.0529,15.776,63.644,-55.275
1597327,1711,522,1521,-1.1080,-0.5300,-0.0321,13.749,58.100,-51.581
1597337,1922,496,1598,-1.1204,-0.6470,-0.1215,11.493,50.584,-45.330
1597347,1722,489,1563,-1.1243,-0.7461,-0.1948,8.624,40.066,-35.052
1597357,1895,484,1556,-1.1126,-0.7960,-0.2445,5.610,26.783,-19.757
1597367,1726,458,1815,-1.0887,-0.8024,-0.2721,3.495,11.986,-1.052
1597377,1887,594,1612,-1.0579,-0.7851,-0.2732,2.264,-3.685,18.445
1597387,1731,520,2079,-1.0285,-0.7472,-0.2505,1.626,-19.676,37.365
1597397,1929,490,1753,-0.9949,-0.6902,-0.2166,1.178,-35.067,55.580
1597407,1727,480,1541,-0.9604,-0.6202,-0.1802,0.279,-49.614,72.578
1597417,1914,466,1627,-0.9215,-0.5405,-0.1320,-1.202,-63.611,87.851
1597427,1724,558,1700,-0.8775,-0.4528,-0.0583,-3.289,-77.286,101.435
1597437,1850,465,1548,-0.8320,-0.3642,0.0323,-5.621,-90.182,112.994
1597447,1737,464,1571,-0.7850,-0.2743,0.1298,-8.145,-101.187,122.729
1597457,1923,516,1583,-0.7404,-0.1812,0.2219,-10.737,-109.593,130.839
1597467,1739,478,1597,-0.6957,-0.0821,0.3161,-13.692,-115.782,137.384
1597477,1929,590,1814,-0.6552,0.0232,0.4320,-17.362,-120.534,142.081
1597487,1754,541,1547,-0.6221,0.1299,0.5457,-21.641,-123.327,144.508
1597497,1910,587,1892,-0.5995,0.2293,0.6356,-25.674,-122.807,144.260
1597507,1746,471,1595,-0.5785,0.3171,0.7025,-29.633,-119.584,141.364
1597517,1903,500,1527,-0.5564,0.3894,0.7857,-33.837,-115.384,136.021
1597527,1755,478,1574,-0.5396,0.4389,0.8703,-38.686,-110.895,128.183
1597537,1891,551,1691,-0.5289,0.4766,0.9459,-43.264,-104.830,118.962
1597547,1753,517,1660,-0.5196,0.5072,1.0064,-47.308,-96.763,109.618
1597557,1877,530,1620,-0.5157,0.5344,1.0588,-50.984,-87.428,100.005
1597567,1754,560,1521,-0.5108,0.5525,1.1051,-54.567,-77.535,89.952
1597577,1877,505,1530,-0.5089,0.5580,1.1316,-57.749,-67.047,79.265
1597587,1754,520,1919,-0.5083,0.5517,1.1414,-60.090,-55.953,68.193
1597597,1888,585,1571,-0.5088,0.5407,1.1515,-61.463,-44.932,57.114
1597607,1766,490,1527,-0.5136,0.5224,1.1555,-61.623,-34.004,46.071
1597617,1889,489,1518,-0.5205,0.5003,1.1460,-60.218,-22.891,35.243
1597627,1775,500,1816,-0.5307,0.4730,1.1280,-57.398,-11.805,24.818
1597637,1886,600,1557,-0.5454,0.4383,1.1052,-53.445,-1.246,14.590
1597647,1777,523,1547,-0.5620,0.3959,1.0777,-48.649,8.468,4.778
1597657,1883,496,1524,-0.5792,0.3545,1.0516,-43.302,17.191,-3.984
1597667,1779,498,1555,-0.5961,0.3160,1.0239,-37.685,24.984,-11.479
1597677,1881,501,1659,-0.6142,0.2820,0.9908,-31.943,31.877,-17.790
1597687,1782,740,1522,-0.6320,0.2555,0.9613,-26.176,37.784,-22.941
1597697,1872,531,1521,-0.6502,0.2354,0.9348,-20.545,42.706,-27.109
1597707,1788,515,1546,-0.6674,0.2170,0.9123,-15.197,46.727,-30.830
1597717,1879,510,1760,-0.6810,0.1998,0.8973,-10.347,49.969,-34.290
1597727,1794,525,1554,-0.6924,0.1830,0.8827,-5.984,52.786,-37.486
1597737,1872,532,1531,-0.7016,0.1697,0.8648,-1.973,55.576,-40.107
1597747,1800,528,1588,-0.7077,0.1622,0.8481,1.595,58.231,-42.216
1597757,1836,672,1595,-0.7141,0.1556,0.8302,4.656,60.688,-44.263
1597767,1812,510,1534,-0.7213,0.1507,0.8103,7.441,63.045,-46.436
1597777,1875,537,1525,-0.7288,0.1442,0.7940,10.175,65.274,-48.726
1597787,1807,513,1771,-0.7365,0.1331,0.7800,12.706,67.260,-51.380
1597797,1850,534,1523,-0.7456,0.1194,0.7636,14.966,69.103,-54.193
1597807,1807,522,1524,-0.7538,0.1050,0.7437,17.021,71.027,-56.799
1597817,1848,527,1573,-0.7621,0.0882,0.7175,18.973,72.982,-59.231
1597827,1813,558,1535,-0.7713,0.0671,0.6919,20.822,74.753,-61.584
1597837,1858,547,1601,-0.7814,0.0436,0.6633,22.826,76.365,-63.698
1597847,1822,546,1568,-0.7907,0.0201,0.6342,25.044,77.782,-65.351
1597857,1806,570,1524,-0.8007,-0.0055,0.6010,27.266,78.944,-66.529
1597867,1823,574,1570,-0.8124,-0.0299,0.5718,29.504,79.747,-67.297
1597877,1849,529,1552,-0.8260,-0.0525,0.5431,31.503,80.148,-67.432
1597887,1822,593,1521,-0.8390,-0.0710,0.5132,33.330,80.286,-66.827
1597897,1845,554,1527,-0.8516,-0.0866,0.4840,34.810,80.086,-65.645
1597907,1830,527,1587,-0.8637,-0.0981,0.4579,35.682,79.299,-64.138
1597917,1847,566,1535,-0.8769,-0.1079,0.4283,36.176,78.205,-62.320
1597927,1822,535,1582,-0.8898,-0.1174,0.3932,36.236,76.898,-60.336
1597937,1840,543,1585,-0.9024,-0.1279,0.3591,35.797,75.100,-58.282
1597947,1824,553,1600,-0.9143,-0.1393,0.3302,34.830,72.531,-56.224
1597957,1837,566,1636,-0.9255,-0.1522,0.3095,33.599,69.293,-53.998
1597967,1837,546,1601,-0.9373,-0.1656,0.2865,32.077,65.668,-51.474
1597977,1837,542,1533,-0.9501,-0.1743,0.2617,30.365,61.813,-48.534
1597987,1838,561,1605,-0.9625,-0.1778,0.2460,28.718,57.680,-45.130
1597997,1830,550,1535,-0.9733,-0.1810,0.2355,26.876,53.161,-41.711
1598007,1840,545,1592,-0.9834,-0.1876,0.2162,24.968,48.633,-38.601
1598017,1840,584,1533,-0.9901,-0.1919,0.1969,23.199,44.109,-35.437
1598027,1841,552,1622,-0.9927,-0.1949,0.1818,21.403,39.159,-32.121
1598037,1829,554,1559,-0.9952,-0.1973,0.1704,19.687,33.845,-28.901
1598047,1847,560,1599,-0.9948,-0.1955,0.1653,18.268,27.119,-25.136
1598057,1824,562,1580,-0.9917,-0.1946,0.1645,17.204,20.510,-21.687
1598067,1841,556,1602,-0.9883,-0.1910,0.1717,16.476,14.090,-18.487
1598077,1824,570,1569,-0.9839,-0.1831,0.1854,15.955,8.048,-15.325
1598087,1847,561,1614,-0.9807,-0.1713,0.2011,15.422,2.527,-12.369
1598097,1821,585,1583,-0.9756,-0.1575,0.2159,14.703,-2.517,-9.726
1598107,1846,561,1607,-0.9697,-0.1449,0.2347,13.785,-7.176,-7.604
1598117,1822,573,1591,-0.9657,-0.1326,0.2571,12.595,-11.500,-5.920
1598127,1855,560,1619,-0.9613,-0.1204,0.2799,11.181,-15.344,-4.525
1598137,1822,586,1601,-0.9564,-0.1104,0.2958,9.539,-18.570,-3.341
1598147,1853,566,1704,-0.9522,-0.1013,0.3090,7.638,-21.379,-2.379
1598157,1812,565,1596,-0.9469,-0.0921,0.3262,5.460,-24.128,-1.598
1598167,1856,567,1635,-0.9440,-0.0836,0.3448,3.083,-26.769,-1.067
1598177,1824,591,1590,-0.9400,-0.0783,0.3593,0.658,-29.086,-0.819
1598187,1861,571,1615,-0.9374,-0.0742,0.3718,-1.749,-31.138,-0.781
1598197,1815,593,1585,-0.9354,-0.0706,0.3875,-4.095,-33.129,-0.871
1598207,1860,573,1617,-0.9338,-0.0659,0.4036,-6.311,-34.985,-1.035
1598217,1812,614,1535,-0.9347,-0.0621,0.4137,-8.204,-36.559,-1.218
1598227,1861,576,1618,-0.9345,-0.0573,0.4220,-9.718,-38.022,-1.481
1598237,1808,593,1567,-0.9339,-0.0547,0.4307,-10.902,-39.563,-1.972
1598247,1863,576,1598,-0.9309,-0.0534,0.4382,-11.530,-41.101,-2.685
1598257,1808,617,1556,-0.9250,-0.0518,0.4487,-11.469,-42.620,-3.529
1598267,1869,579,1589,-0.9200,-0.0524,0.4571,-10.702,-43.987,-4.599
1598277,1800,624,1535,-0.9144,-0.0524,0.4627,-9.056,-45.080,-5.927
1598287,1866,581,1595,-0.9074,-0.0518,0.4713,-6.560,-46.092,-7.405
1598297,1807,603,1540,-0.8988,-0.0539,0.4825,-3.510,-47.204,-9.201
1598307,1873,592,1575,-0.8908,-0.0574,0.4910,-0.074,-48.234,-11.160
1598317,1804,609,1539,-0.8817,-0.0588,0.4992,3.609,-49.230,-12.879
1598327,1871,589,1579,-0.8730,-0.0589,0.5118,7.129,-50.399,-14.403
1598337,1803,628,1535,-0.8685,-0.0570,0.5232,10.232,-51.614,-15.737
1598347,1874,586,1563,-0.8652,-0.0519,0.5303,12.831,-52.783,-16.721
1598357,1799,594,1534,-0.8627,-0.0426,0.5312,14.745,-54.146,-17.448
1598367,1879,596,1584,-0.8620,-0.0320,0.5311,15.924,-55.922,-18.250
1598377,1802,634,1535,-0.8577,-0.0248,0.5301,16.430,-58.190,-19.329
1598387,1874,605,1551,-0.8513,-0.0220,0.5287,16.314,-61.078,-20.766
1598397,1799,600,1535,-0.8422,-0.0219,0.5322,15.762,-64.588,-22.494
1598407,1878,602,1563,-0.8294,-0.0242,0.5385,14.923,-68.524,-24.373
1598417,1795,598,1535,-0.8171,-0.0297,0.5409,14.172,-72.556,-26.342
1598427,1880,600,1535,-0.8011,-0.0367,0.5442,13.538,-76.721,-28.309
1598437,1800,600,1558,-0.7856,-0.0482,0.5564,13.008,-81.159,-30.417
1598447,1881,617,1589,-0.7710,-0.0615,0.5711,12.855,-85.526,-32.458
1598457,1795,632,1535,-0.7533,-0.0701,0.5846,13.378,-89.559,-33.962
1598467,1880,604,1567,-0.7381,-0.0776,0.5959,14.494,-93.286,-35.015
1598477,1793,632,1535,-0.7227,-0.0836,0.6104,16.149,-97.008,-35.945
1598487,1878,611,1567,-0.7064,-0.0890,0.6319,18.129,-100.828,-36.946
1598497,1793,627,1535,-0.6867,-0.0958,0.6501,20.513,-104.330,-38.085
1598507,1885,628,1535,-0.6648,-0.1040,0.6690,23.482,-107.387,-39.293
1598517,1791,621,1535,-0.6424,-0.1076,0.6945,26.980,-110.107,-40.418
1598527,1885,612,1539,-0.6225,-0.1080,0.7136,31.026,-112.185,-41.430
1598537,1792,629,1535,-0.6025,-0.1043,0.7314,35.695,-113.712,-42.473
1598547,1885,642,1570,-0.5807,-0.1003,0.7556,40.415,-115.101,-43.747
1598557,1779,633,1535,-0.5576,-0.0999,0.7762,45.174,-116.190,-45.408
1598567,1877,651,1561,-0.5357,-0.1001,0.7983,50.154,-116.885,-47.173
1598577,1788,691,1535,-0.5137,-0.0997,0.8228,55.064,-117.434,-48.753
1598587,1883,656,1535,-0.4930,-0.1021,0.8454,59.787,-117.708,-50.242
1598597,1781,668,1559,-0.4720,-0.1046,0.8659,64.378,-117.761,-51.588
1598607,1884,641,1535,-0.4477,-0.1093,0.8845,68.613,-117.699,-52.537
1598617,1772,640,1535,-0.4222,-0.1135,0.9042,72.554,-117.468,-52.883
1598627,1898,650,1584,-0.3967,-0.1219,0.9294,75.846,-117.334,-52.663
1598637,1785,656,1540,-0.3652,-0.1373,0.9643,77.967,-117.506,-52.125
1598647,1890,662,1558,-0.3345,-0.1575,0.9964,78.900,-117.530,-50.964
1598657,1776,690,1556,-0.3042,-0.1759,1.0263,79.049,-116.979,-48.757
1598667,1893,677,1573,-0.2716,-0.1907,1.0541,78.469,-115.883,-45.285
1598677,1776,696,1572,-0.2405,-0.1938,1.0779,77.213,-114.316,-40.713
1598687,1893,660,1650,-0.2168,-0.1884,1.0956,75.792,-112.104,-35.525
1598697,1777,772,1578,-0.1963,-0.1759,1.1085,74.783,-109.207,-30.077
1598707,1899,675,1641,-0.1824,-0.1589,1.1189,74.378,-105.884,-24.909
1598717,1778,710,1602,-0.1728,-0.1399,1.1214,74.734,-102.182,-20.449
1598727,1900,680,1644,-0.1714,-0.1204,1.1161,76.153,-97.992,-16.779
1598737,1780,781,1587,-0.1684,-0.0997,1.1117,78.375,-93.912,-13.998
1598747,1896,681,1677,-0.1664,-0.0773,1.1130,80.997,-90.127,-12.185
1598757,1776,774,1588,-0.1681,-0.0482,1.1114,84.116,-86.319,-11.019
1598767,1900,773,1646,-0.1667,-0.0089,1.1139,87.781,-82.486,-9.955
1598777,1777,794,1588,-0.1663,0.0360,1.1154,91.438,-78.896,-9.131
1598787,1898,789,1635,-0.1678,0.0745,1.1100,94.930,-75.493,-9.278
1598797,1775,911,1667,-0.1644,0.1046,1.1132,97.679,-72.749,-10.442
1598807,1905,824,1692,-0.1577,0.1196,1.1202,99.106,-70.829,-12.278
1598817,1773,911,1624,-0.1525,0.1280,1.1236,99.377,-69.135,-14.084
1598827,1905,956,1729,-0.1424,0.1427,1.1327,98.347,-67.642,-14.726
1598837,1773,1081,1675,-0.1359,0.1626,1.1426,95.602,-66.422,-14.286
1598847,1912,1059,1777,-0.1259,0.1900,1.1557,90.992,-65.471,-13.214
1598857,1779,1203,1856,-0.1112,0.2131,1.1637,84.645,-64.622,-11.882
1598867,1914,1050,1896,-0.0914,0.2273,1.1681,76.932,-63.805,-10.917
1598877,1768,1151,1904,-0.0819,0.2410,1.1709,68.655,-63.052,-10.268
1598887,1918,1164,2008,-0.0722,0.2533,1.1728,60.206,-62.036,-9.440
1598897,1757,1249,2002,-0.0639,0.2648,1.1752,51.801,-60.776,-8.694
1598907,1932,1174,2040,-0.0589,0.2706,1.1809,43.493,-59.592,-8.406
1598917,1754,1258,1933,-0.0514,0.2781,1.1839,35.299,-58.454,-8.368
1598927,1937,1219,1934,-0.0402,0.2754,1.1773,27.468,-57.014,-8.457
1598937,1750,1266,1927,-0.0402,0.2782,1.1805,20.464,-55.870,-8.873
1598947,1939,1274,1927,-0.0374,0.2878,1.1808,14.298,-54.718,-9.161
1598957,1744,1272,1856,-0.0267,0.2940,1.1714,9.140,-53.245,-9.705
1598967,1940,1265,1910,-0.0195,0.2885,1.1703,4.325,-52.253,-11.353
1598977,1742,1379,1821,-0.0094,0.2748,1.1757,0.024,-51.670,-13.644
1598987,1956,1252,1861,-0.0034,0.2594,1.1755,-3.476,-50.839,-15.815
1598997,1733,1291,1817,0.0027,0.2446,1.1739,-6.229,-49.740,-17.447
1599007,1951,1168,1855,0.0060,0.2313,1.1782,-8.578,-48.848,-18.623
1599017,1728,1183,1871,0.0089,0.2209,1.1800,-10.266,-47.946,-19.452
1599027,1957,1068,1896,0.0156,0.2116,1.1779,-11.000,-46.771,-19.990
1599037,1722,1019,1841,0.0264,0.2021,1.1823,-10.987,-45.672,-20.418
1599047,1960,955,1846,0.0364,0.1910,1.1885,-10.434,-44.769,-20.833
1599057,1720,975,1815,0.0459,0.1823,1.1927,-9.272,-43.681,-20.868
1599067,1961,896,1850,0.0543,0.1806,1.1941,-7.801,-42.367,-20.298
1599077,1711,968,1799,0.0609,0.1797,1.1924,-6.439,-41.099,-19.537
1599087,1965,901,1815,0.0667,0.1788,1.1889,-5.158,-39.948,-18.809
1599097,1713,840,1847,0.0735,0.1754,1.1858,-4.055,-38.945,-18.028
1599107,1974,729,1928,0.0784,0.1711,1.1883,-3.356,-38.122,-17.357
1599117,1709,746,1886,0.0859,0.1661,1.1895,-2.970,-37.185,-16.665
1599127,1969,794,1932,0.0929,0.1646,1.1919,-2.776,-36.144,-15.816
1599137,1709,960,1878,0.1005,0.1664,1.1965,-2.860,-35.128,-14.744
1599147,1973,966,1928,0.1061,0.1720,1.1993,-3.096,-33.942,-13.630
1599157,1700,900,1838,0.1117,0.1736,1.2006,-3.185,-32.582,-12.679
1599167,1977,868,1890,0.1175,0.1723,1.1966,-3.506,-31.177,-12.061
1599177,1700,913,1828,0.1278,0.1641,1.1958,-3.795,-30.016,-11.874
1599187,1970,854,1878,0.1340,0.1544,1.1947,-3.882,-28.903,-11.770
1599197,1700,884,1780,0.1366,0.1498,1.1931,-3.546,-27.595,-11.365
1599207,1981,872,1795,0.1378,0.1534,1.1944,-2.900,-26.191,-10.375
1599217,1696,882,1872,0.1387,0.1591,1.1967,-2.238,-24.750,-9.262
1599227,1971,841,1870,0.1394,0.1696,1.1985,-1.663,-23.285,-8.195
1599237,1696,877,2047,0.1460,0.1799,1.1999,-1.099,-21.715,-7.201
1599247,1973,745,1967,0.1550,0.1790,1.2083,-0.888,-20.177,-6.520
1599257,1689,921,2015,0.1658,0.1768,1.2297,-1.381,-18.744,-6.152
1599267,1965,823,2031,0.1781,0.1730,1.2569,-2.640,-16.991,-5.757
1599277,1690,816,1961,0.1988,0.2199,1.2626,-4.395,-14.538,-5.054
1599287,1973,752,2090,0.2099,0.2121,1.2932,-4.071,-11.213,-4.700
1599297,1685,839,1984,0.1889,0.1376,1.2854,-1.534,-8.055,-9.936
1599307,1971,707,2114,0.1740,0.1021,1.2774,2.667,-4.319,-12.618
1599317,1683,829,2097,0.1719,0.1168,1.2672,6.733,-0.392,-9.416
1599327,1969,790,2057,0.1616,0.1333,1.2455,8.494,3.230,-5.753
1599337,1682,823,2034,0.1517,0.1518,1.2361,7.981,5.275,-3.733
1599347,1969,773,2111,0.1470,0.1693,1.2129,6.981,6.827,-2.281
1599357,1681,809,2068,0.1440,0.1773,1.1922,5.949,8.244,-0.864
1599367,1971,725,2121,0.1387,0.1756,1.1795,4.119,8.812,-0.023
1599377,1683,766,2064,0.1380,0.1770,1.1584,2.678,9.211,0.919
1599387,1968,722,2132,0.1385,0.1768,1.1431,1.486,9.316,1.864
1599397,1681,806,2043,0.1390,0.1743,1.1381,0.399,8.872,2.398
1599407,1965,772,2091,0.1383,0.1737,1.1280,0.090,8.574,2.687
1599417,1678,847,1998,0.1364,0.1772,1.1191,0.643,8.393,2.938
1599427,1964,873,2073,0.1346,0.1837,1.1160,1.650,8.047,3.217
1599437,1678,800,2003,0.1339,0.1921,1.1095,2.835,7.739,3.427
1599447,1953,807,2015,0.1357,0.2026,1.1085,3.890,7.432,3.518
1599457,1679,797,1886,0.1382,0.2090,1.1123,4.683,7.067,3.272
1599467,1955,759,2000,0.1404,0.2113,1.1135,5.178,6.829,2.780
1599477,1673,771,1965,0.1412,0.2144,1.1119,5.448,6.791,2.392
1599487,1953,727,2018,0.1404,0.2141,1.1110,5.344,6.762,2.087
1599497,1676,786,1900,0.1374,0.2156,1.1140,4.868,6.675,1.744
1599507,1955,732,1996,0.1383,0.2147,1.1137,4.410,6.643,1.393
1599517,1676,798,1896,0.1409,0.2096,1.1100,4.358,6.777,1.033
1599527,1953,748,1976,0.1404,0.2017,1.1119,4.368,6.705,0.498
1599537,1681,759,2026,0.1381,0.2035,1.1126,4.303,6.502,0.240
1599547,1950,743,1957,0.1411,0.2131,1.1188,4.491,6.562,0.706
1599557,1681,754,1902,0.1424,0.2124,1.1226,4.697,6.585,0.639
1599567,1950,725,1954,0.1388,0.2067,1.1213,5.010,6.647,-0.237
1599577,1685,783,1685,0.1376,0.2090,1.1247,5.344,6.820,-0.427
1599587,1945,764,1867,0.1346,0.2108,1.1219,5.462,7.084,-0.383
1599597,1680,759,1953,0.1335,0.2134,1.1222,5.439,7.094,-0.403
1599607,1934,744,1968,0.1329,0.2151,1.1204,5.435,7.109,-0.363
1599617,1681,777,1716,0.1326,0.2157,1.1206,5.388,7.076,-0.419
1599627,1939,728,1901,0.1333,0.2177,1.1234,5.263,6.903,-0.441
1599637,1693,768,1920,0.1334,0.2202,1.1222,5.125,6.851,-0.356
1599647,1946,729,1834,0.1330,0.2225,1.1237,4.933,6.911,-0.225
1599657,1700,741,1658,0.1333,0.2250,1.1238,4.528,6.874,-0.134
1599667,1939,792,1826,0.1314,0.2260,1.1234,4.052,6.891,-0.168
1599677,1702,748,1751,0.1296,0.2288,1.1193,3.650,7.005,-0.191
1599687,1929,750,1787,0.1282,0.2312,1.1154,3.362,7.077,-0.179
1599697,1699,784,1932,0.1279,0.2316,1.1135,3.145,7.075,-0.208
1599707,1928,737,2417,0.1276,0.2301,1.1107,3.026,7.000,-0.355
1599717,1697,770,1843,0.1278,0.2294,1.1085,3.011,6.892,-0.519
1599727,1930,737,1645,0.1261,0.2276,1.1068,3.069,6.784,-0.682
1599737,1706,759,1699,0.1258,0.2247,1.1090,3.103,6.665,-0.854
1599747,1924,743,1843,0.1275,0.2187,1.1136,3.027,6.342,-0.991
1599757,1708,770,1696,0.1287,0.2173,1.1189,2.874,6.111,-0.937
1599767,1920,766,1735,0.1383,0.2217,1.1281,3.007,6.061,-0.141
1599777,1705,785,1667,0.1407,0.2157,1.1369,2.976,6.041,0.365
1599787,1920,755,1718,0.1350,0.2114,1.1396,2.797,6.102,0.366
1599797,1705,774,1749,0.1361,0.2223,1.1345,2.860,6.765,1.705
1599807,1910,751,1647,0.1365,0.2310,1.1302,2.779,7.290,3.137
1599817,1711,751,1640,0.1313,0.2287,1.1266,2.566,7.307,3.341
1599827,1905,752,1678,0.1297,0.2301,1.1217,2.467,7.253,3.532
1599837,1706,761,1604,0.1299,0.2343,1.1189,2.445,7.268,4.114
1599847,1909,753,1593,0.1279,0.2363,1.1150,2.340,7.191,4.339
1599857,1719,784,2105,0.1257,0.2395,1.1106,2.299,7.086,4.395
1599867,1910,773,1715,0.1271,0.2441,1.1108,2.363,6.948,4.520
1599877,1719,767,1558,0.1262,0.2439,1.1140,2.368,6.625,4.289
1599887,1907,768,1612,0.1241,0.2423,1.1159,2.320,6.338,3.826
1599897,1727,769,1562,0.1239,0.2461,1.1141,2.240,6.262,3.590
1599907,1902,755,1771,0.1258,0.2520,1.1145,2.041,6.188,3.601
1599917,1734,774,1560,0.1254,0.2536,1.1138,1.687,6.025,3.285
1599927,1902,783,1589,0.1271,0.2553,1.1090,1.358,5.957,2.835
1599937,1735,766,1783,0.1306,0.2573,1.1099,0.999,5.888,2.500
1599947,1895,777,1561,0.1321,0.2533,1.1107,0.516,5.732,1.801
1599957,1738,768,1555,0.1305,0.2474,1.1094,0.078,5.637,0.921
1599967,1894,781,1569,0.1310,0.2442,1.1103,-0.204,5.640,0.457
1599977,1742,764,1570,0.1311,0.2398,1.1106,-0.436,5.634,0.166
1599987,1895,778,1595,0.1326,0.2377,1.1080,-0.565,5.705,0.001
1599997,1743,785,2043,0.1360,0.2375,1.1054,-0.559,5.815,0.052
1600007,1894,803,1553,0.1368,0.2373,1.1082,-0.540,5.742,-0.078
1600017,1747,767,1602,0.1342,0.2357,1.1113,-0.443,5.712,-0.417
1600027,1891,783,1545,0.1342,0.2336,1.1109,-0.035,5.896,-0.601
1600037,1752,772,1647,0.1343,0.2322,1.1117,0.488,6.106,-0.659
1600047,1879,805,1570,0.1323,0.2317,1.1128,0.965,6.258,-0.683
1600057,1752,770,1635,0.1316,0.2327,1.1139,1.425,6.394,-0.639
1600067,1874,826,1707,0.1306,0.2330,1.1162,1.913,6.513,-0.582
1600077,1756,774,1638,0.1295,0.2328,1.1176,2.414,6.584,-0.567
1600087,1878,813,1559,0.1289,0.2344,1.1170,2.958,6.683,-0.486
1600097,1766,777,1753,0.1287,0.2373,1.1174,3.477,6.804,-0.392
1600107,1882,805,1590,0.1280,0.2405,1.1156,3.900,6.939,-0.308
1600117,1773,780,1576,0.1263,0.2431,1.1127,4.176,7.058,-0.310
1600127,1874,823,1644,0.1255,0.2455,1.1111,4.325,7.085,-0.370
1600137,1776,785,1704,0.1246,0.2474,1.1102,4.390,7.030,-0.414
1600147,1870,832,1611,0.1244,0.2476,1.1106,4.388,6.899,-0.480
1600157,1781,784,1743,0.1248,0.2471,1.1127,4.313,6.693,-0.563
1600167,1867,845,1554,0.1253,0.2473,1.1137,4.205,6.496,-0.602
1600177,1787,799,1733,0.1257,0.2489,1.1131,4.142,6.379,-0.551
1600187,1869,834,1599,0.1246,0.2499,1.1119,4.133,6.338,-0.510
1600197,1792,793,1720,0.1243,0.2515,1.1100,4.186,6.308,-0.467
1600207,1860,828,1596,0.1249,0.2529,1.1104,4.231,6.212,-0.337
1600217,1799,795,1786,0.1247,0.2544,1.1123,4.236,6.093,-0.389
1600227,1863,830,1681,0.1252,0.2557,1.1119,4.254,6.039,-0.494
1600237,1806,795,1867,0.1248,0.2564,1.1085,4.251,6.025,-0.398
1600247,1860,817,1725,0.1248,0.2593,1.1092,4.144,5.903,-0.255
1600257,1810,809,1789,0.1238,0.2606,1.1093,4.014,5.742,-0.215
1600267,1856,851,1672,0.1231,0.2603,1.1061,4.035,5.683,-0.301
1600277,1819,821,1788,0.1236,0.2616,1.1100,3.999,5.572,-0.429
1600287,1851,816,1661,0.1226,0.2610,1.1104,3.932,5.486,-0.606
1600297,1817,801,1978,0.1224,0.2617,1.1089,3.972,5.498,-0.765
1600307,1848,829,1740,0.1217,0.2626,1.1093,4.059,5.523,-0.826
1600317,1831,807,1830,0.1216,0.2642,1.1083,4.192,5.539,-0.849
1600327,1843,833,1658,0.1217,0.2658,1.1093,4.267,5.469,-0.885
1600337,1834,802,1900,0.1223,0.2673,1.1101,4.334,5.406,-1.001
1600347,1842,870,1548,0.1222,0.2684,1.1078,4.434,5.401,-1.136
1600357,1839,805,1851,0.1220,0.2694,1.1066,4.467,5.381,-1.199
1600367,1841,841,2119,0.1219,0.2707,1.1045,4.456,5.353,-1.281
1600377,1842,819,1835,0.1221,0.2724,1.1044,4.396,5.272,-1.341
1600387,1838,846,2014,0.1222,0.2723,1.1072,4.163,5.056,-1.469
1600397,1842,809,1959,0.1229,0.2727,1.1084,3.953,4.897,-1.585
1600407,1834,859,1825,0.1233,0.2729,1.1088,3.814,4.868,-1.604
1600417,1844,811,1789,0.1234,0.2724,1.1097,3.617,4.816,-1.594
1600427,1832,848,1819,0.1237,0.2713,1.1102,3.409,4.803,-1.578
1600437,1843,813,1814,0.1246,0.2711,1.1098,3.193,4.795,-1.516
1600447,1828,837,1815,0.1264,0.2713,1.1100,2.861,4.738,-1.435
1600457,1852,823,1835,0.1261,0.2707,1.1081,2.534,4.727,-1.312
1600467,1828,862,1795,0.1254,0.2706,1.1078,2.274,4.749,-1.126
1600477,1857,821,1959,0.1234,0.2711,1.1084,2.037,4.704,-0.854
1600487,1827,865,2216,0.1225,0.2742,1.1065,1.952,4.679,-0.461
