.5953,0.9477,0.548,-1.176,-0.676
6556517,1711,1790,1845,-0.0234,0.5963,0.9480,0.543,-1.180,-0.600
6556527,1643,1778,1862,-0.0225,0.5974,0.9480,0.496,-1.174,-0.546
6556537,1695,1779,1833,-0.0229,0.5977,0.9479,0.410,-1.171,-0.555
6556547,1642,1785,1818,-0.0238,0.5965,0.9470,0.303,-1.124,-0.627
6556557,1701,1790,1932,-0.0231,0.5945,0.9467,0.257,-1.132,-0.723
6556567,1644,1785,1895,-0.0227,0.5933,0.9492,0.224,-1.194,-0.799
6556577,1688,1781,1909,-0.0228,0.5928,0.9496,0.298,-1.182,-0.842
6556587,1641,1794,1866,-0.0214,0.5943,0.9490,0.402,-1.124,-0.753
6556597,1693,1785,1859,-0.0216,0.5971,0.9480,0.429,-1.100,-0.652
6556607,1641,1791,2002,-0.0227,0.5982,0.9485,0.427,-1.040,-0.634
6556617,1692,1778,1875,-0.0228,0.5999,0.9471,0.376,-0.995,-0.682
6556627,1646,1804,1853,-0.0233,0.5995,0.9488,0.240,-0.975,-0.791
6556637,1703,1781,1939,-0.0241,0.5972,0.9474,0.078,-0.932,-0.977
6556647,1649,1803,1908,-0.0239,0.5955,0.9475,-0.054,-0.906,-1.104
6556657,1709,1783,1915,-0.0239,0.5937,0.9487,-0.087,-0.890,-1.156
6556667,1647,1787,1859,-0.0239,0.5929,0.9480,0.024,-0.858,-1.205
6556677,1702,1780,1945,-0.0230,0.5924,0.9481,0.206,-0.821,-1.179
6556687,1647,1804,1877,-0.0230,0.5937,0.9462,0.401,-0.764,-1.093
6556697,1696,1788,1978,-0.0227,0.5960,0.9445,0.598,-0.722,-1.009
6556707,1647,1789,1867,-0.0229,0.5972,0.9457,0.751,-0.753,-0.974
6556717,1703,1782,1978,-0.0239,0.5985,0.9457,0.830,-0.782,-0.976
6556727,1646,1807,1797,-0.0248,0.5991,0.9439,0.816,-0.753,-0.957
6556737,1722,1788,1936,-0.0245,0.5997,0.9445,0.664,-0.845,-0.851
6556747,1654,1803,1843,-0.0240,0.5992,0.9465,0.410,-1.026,-0.742
6556757,1709,1784,1898,-0.0238,0.5984,0.9468,0.173,-1.102,-0.652
6556767,1649,1798,1872,-0.0229,0.5973,0.9463,-0.024,-1.093,-0.477
6556777,1698,1779,1901,-0.0227,0.5973,0.9470,-0.177,-1.051,-0.268
6556787,1646,1802,1873,-0.0223,0.5978,0.9456,-0.230,-0.965,-0.084
6556797,1704,1778,1903,-0.0220,0.5982,0.9457,-0.243,-0.938,0.108
6556807,1650,1807,1875,-0.0218,0.5979,0.9476,-0.256,-0.903,0.228
6556817,1694,1781,1912,-0.0223,0.5989,0.9490,-0.259,-0.781,0.291
6556827,1647,1801,1868,-0.0213,0.6012,0.9511,-0.307,-0.646,0.455
6556837,1699,1780,1911,-0.0201,0.6044,0.9523,-0.410,-0.431,0.627
6556847,1641,1800,1865,-0.0203,0.6069,0.9522,-0.613,-0.138,0.640
6556857,1663,1781,1917,-0.0209,0.6083,0.9531,-0.922,0.116,0.529
6556867,1670,1785,1877,-0.0206,0.6115,0.9558,-1.262,0.384,0.409
6556877,1732,1791,1920,-0.0231,0.6136,0.9533,-1.607,0.840,0.199
6556887,1713,1789,1881,-0.0251,0.6151,0.9516,-2.045,1.293,-0.154
6556897,1736,1790,1902,-0.0263,0.6166,0.9511,-2.582,1.583,-0.569
6556907,1677,1794,1876,-0.0288,0.6180,0.9536,-3.080,1.836,-1.057
6556917,1687,1810,1929,-0.0323,0.6184,0.9568,-3.630,2.060,-1.620
6556927,1918,1796,1882,-0.0350,0.6188,0.9559,-4.183,2.427,-2.143
6556937,1653,1782,1930,-0.0359,0.6210,0.9572,-4.877,2.732,-2.475
6556947,1662,1808,1867,-0.0380,0.6211,0.9615,-6.017,2.755,-2.951
6556957,1832,1790,1929,-0.0428,0.6219,0.9582,-7.385,2.941,-3.531
6556967,1707,1810,1894,-0.0460,0.6283,0.9559,-8.761,3.332,-3.732
6556977,1981,1820,1938,-0.0452,0.6297,0.9542,-10.284,3.484,-4.059
6556987,1701,1790,1868,-0.0468,0.6265,0.9530,-11.781,3.493,-4.765
6556997,1704,1788,1871,-0.0473,0.6207,0.9594,-13.496,3.242,-5.462
6557007,1648,1825,1821,-0.0517,0.6151,0.9528,-15.629,3.292,-6.056
6557017,1724,1786,1872,-0.0487,0.6188,0.9439,-17.715,3.601,-5.926
6557027,1892,1789,1818,-0.0471,0.6223,0.9562,-19.883,3.165,-5.565
6557037,1947,1791,1899,-0.0444,0.6086,0.9544,-21.893,2.609,-6.355
6557047,1714,1806,1814,-0.0455,0.5976,0.9547,-23.068,2.512,-7.148
6557057,1923,1785,1835,-0.0388,0.5856,0.9656,-24.446,1.951,-7.328
6557067,1682,1856,1803,-0.0438,0.5722,0.9685,-25.591,1.779,-7.572
6557077,1680,1784,1843,-0.0435,0.5615,0.9726,-26.472,1.807,-7.362
6557087,1654,1813,1800,-0.0432,0.5460,0.9771,-27.423,1.726,-6.945
6557097,1721,1801,1828,-0.0471,0.5308,0.9757,-28.186,1.659,-6.702
6557107,1648,1825,1798,-0.0519,0.5187,0.9829,-28.449,1.409,-6.168
6557117,1740,1792,1836,-0.0524,0.5136,1.0006,-28.633,1.094,-4.958
6557127,1718,1793,1817,-0.0509,0.5053,1.0094,-28.712,1.105,-3.830
6557137,1698,1792,1839,-0.0546,0.4952,1.0200,-28.934,1.400,-3.077
6557147,1654,1814,1806,-0.0607,0.4973,1.0331,-29.983,1.626,-1.909
6557157,1724,1782,1840,-0.0716,0.5096,1.0207,-31.410,2.833,0.073
6557167,1657,1820,1809,-0.0753,0.5256,1.0110,-33.372,4.112,2.157
6557177,1724,1788,1836,-0.0779,0.5272,1.0142,-36.588,4.049,2.916
6557187,1733,1804,1796,-0.0801,0.5140,1.0194,-39.816,3.474,2.278
6557197,1664,1791,1835,-0.0764,0.4980,1.0222,-42.727,3.100,1.775
6557207,1829,1820,1790,-0.0758,0.4823,1.0322,-45.398,2.827,1.801
6557217,1681,1794,1835,-0.0762,0.4653,1.0366,-47.957,2.774,1.969
6557227,1678,1841,1794,-0.0735,0.4529,1.0353,-49.912,3.055,2.452
6557237,1732,1796,1820,-0.0692,0.4456,1.0435,-51.092,3.000,3.205
6557247,1680,1834,1799,-0.0703,0.4293,1.0431,-51.335,3.028,3.259
6557257,1657,1791,1823,-0.0730,0.4126,1.0361,-49.982,3.293,2.834
6557267,1807,1835,1792,-0.0711,0.4009,1.0361,-47.509,3.450,3.078
6557277,1711,1786,1829,-0.0705,0.3905,1.0319,-44.150,3.730,3.551
6557287,1680,1815,1792,-0.0672,0.3798,1.0342,-40.336,3.852,3.958
6557297,1726,1785,1825,-0.0649,0.3719,1.0361,-37.080,3.893,4.368
6557307,1676,1832,1787,-0.0603,0.3735,1.0362,-34.047,4.222,5.154
6557317,1724,1787,1822,-0.0488,0.3804,1.0381,-31.285,4.682,6.480
6557327,1669,1817,1783,-0.0432,0.3811,1.0395,-28.837,5.091,6.912
6557337,1727,1801,1808,-0.0398,0.3764,1.0411,-26.383,5.298,6.307
6557347,1672,1852,1782,-0.0351,0.3726,1.0408,-23.999,5.474,5.888
6557357,1722,1784,1814,-0.0321,0.3714,1.0386,-21.669,5.700,5.791
6557367,1653,1819,1793,-0.0293,0.3730,1.0374,-19.618,5.811,5.869
6557377,1714,1789,1823,-0.0266,0.3750,1.0359,-17.995,5.851,6.031
6557387,1654,2779,1774,-0.0216,0.3775,1.0389,-16.960,5.816,6.254
6557397,1740,1786,1833,-0.0170,0.3829,1.0441,-16.767,5.746,6.588
6557407,1667,1851,1791,-0.0147,0.3910,1.0425,-18.315,6.078,6.732
6557417,1676,1791,1822,-0.0144,0.3943,1.0406,-20.572,6.291,6.488
6557427,1744,1808,1798,-0.0196,0.3920,1.0392,-23.341,6.363,5.777
6557437,1671,1790,1833,-0.0247,0.3823,1.0466,-24.616,6.158,4.258
6557447,1651,1822,1788,-0.0169,0.3639,1.0539,-21.545,5.562,2.496
6557457,1651,1797,1807,-0.0187,0.3358,1.0538,-16.906,5.632,0.409
6557467,1723,1790,1786,-0.0292,0.3152,1.0488,-10.989,5.820,-1.731
6557477,1669,1806,1833,-0.0392,0.3146,1.0444,-4.432,6.208,-2.315
6557487,1789,1820,1799,-0.0463,0.3297,1.0362,2.200,6.964,-1.391
6557497,2666,1807,1850,-0.0517,0.3491,1.0282,8.371,7.520,-0.394
6557507,1695,1813,1795,-0.0578,0.3652,1.0288,13.892,7.334,-0.218
6557517,2113,2047,1864,-0.0644,0.3768,1.0367,18.629,6.744,-0.637
6557527,1680,1814,1787,-0.0662,0.3835,1.0464,22.157,6.016,-1.094
6557537,1662,1800,1817,-0.0706,0.3884,1.0538,24.387,5.311,-1.532
6557547,1718,1787,1790,-0.0738,0.3948,1.0600,25.393,4.727,-1.513
6557557,1729,1787,1837,-0.0743,0.4024,1.0640,25.280,4.194,-0.850
6557567,1739,1831,1798,-0.0755,0.4056,1.0641,24.414,3.699,-0.106
6557577,1711,1791,1831,-0.0746,0.4056,1.0674,22.909,3.038,0.493
6557587,1765,2146,1808,-0.0737,0.4036,1.0709,20.931,2.283,1.091
6557597,1861,1809,1838,-0.0737,0.4011,1.0690,18.938,1.834,1.914
6557607,1756,1783,1814,-0.0745,0.3984,1.0613,17.153,1.596,3.039
6557617,1707,1790,1825,-0.0747,0.3952,1.0577,15.457,1.120,4.242
6557627,1674,1787,1818,-0.0750,0.3894,1.0537,13.983,0.443,5.390
6557637,1702,1789,1836,-0.0749,0.3860,1.0490,13.004,-0.152,6.704
6557647,1681,1794,1811,-0.0706,0.3869,1.0532,12.326,-0.832,8.376
6557657,1734,1823,1811,-0.0672,0.3897,1.0561,11.927,-1.429,10.071
6557667,1665,1818,1802,-0.0663,0.3950,1.0527,11.932,-1.593,11.707
6557677,1660,1789,1833,-0.0643,0.4047,1.0501,11.914,-1.672,13.355
6557687,1656,1813,1807,-0.0622,0.4128,1.0484,11.752,-1.872,14.574
6557697,1734,1783,1831,-0.0613,0.4177,1.0461,11.556,-2.175,15.241
6557707,1690,1821,1806,-0.0597,0.4229,1.0430,11.347,-2.521,15.670
6557717,1741,1801,1843,-0.0593,0.4279,1.0392,11.263,-2.749,16.102
6557727,1697,1841,1797,-0.0588,0.4345,1.0391,11.194,-3.031,16.489
6557737,1703,1818,1837,-0.0573,0.4400,1.0364,11.193,-3.331,16.640
6557747,1668,1835,1801,-0.0517,0.4425,1.0315,11.364,-3.548,16.579
6557757,1694,1794,1827,-0.0483,0.4501,1.0283,11.706,-3.759,16.630
6557767,1694,1833,1802,-0.0418,0.4626,1.0317,11.941,-4.228,16.772
6557777,1721,1786,1836,-0.0430,0.4662,1.0381,12.048,-4.840,15.998
6557787,1714,1818,1800,-0.0457,0.4694,1.0384,12.273,-4.978,14.822
6557797,1717,1799,1861,-0.0429,0.4793,1.0378,12.398,-4.770,14.429
6557807,1708,1787,1816,-0.0404,0.4907,1.0388,12.033,-4.627,14.329
6557817,1860,1808,1848,-0.0385,0.5026,1.0434,11.122,-4.669,13.782
6557827,1762,1835,1814,-0.0360,0.5123,1.0501,9.718,-4.741,12.830
6557837,1673,1801,1822,-0.0343,0.5203,1.0564,7.916,-4.618,11.600
6557847,1726,1816,1802,-0.0330,0.5274,1.0604,5.762,-4.227,10.241
6557857,1713,1798,1856,-0.0321,0.5367,1.0705,2.965,-3.747,8.956
6557867,1694,1852,1823,-0.0334,0.5443,1.0805,-0.658,-3.173,7.649
6557877,1841,1786,1850,-0.0352,0.5507,1.0871,-5.057,-2.297,6.275
6557887,1806,1794,1816,-0.0340,0.5552,1.0945,-10.350,-1.289,4.987
6557897,2333,1809,1862,-0.0355,0.5562,1.1008,-16.618,-0.290,3.559
6557907,1758,1807,1825,-0.0384,0.5543,1.1024,-23.609,0.824,2.041
6557917,1899,1787,1858,-0.0418,0.5531,1.1083,-31.146,1.881,0.866
6557927,1763,1835,1810,-0.0459,0.5450,1.1174,-39.181,2.745,-0.348
6557937,1759,1808,1825,-0.0517,0.5267,1.1194,-47.122,3.810,-1.899
6557947,1684,1788,1819,-0.0530,0.5082,1.1252,-55.107,4.893,-3.075
6557957,1707,1808,1828,-0.0587,0.4885,1.1368,-63.239,5.805,-4.019
6557967,1785,1800,1808,-0.0659,0.4672,1.1515,-70.885,6.849,-5.005
6557977,1660,1832,1811,-0.0682,0.4448,1.1662,-77.492,8.335,-5.717
6557987,1765,1840,1800,-0.0690,0.4241,1.1821,-82.749,10.061,-6.186
6557997,1690,1801,1821,-0.0715,0.4028,1.1963,-86.267,12.037,-6.815
6558007,1673,1806,1791,-0.0759,0.3771,1.2106,-87.851,14.279,-7.893
6558017,1873,1794,1811,-0.0769,0.3485,1.2278,-87.885,16.540,-9.330
6558027,1660,1892,1776,-0.0784,0.3140,1.2476,-86.535,19.029,-10.911
6558037,1669,1788,1801,-0.0806,0.2798,1.2678,-84.389,21.868,-12.134
6558047,1706,1829,1788,-0.0834,0.2535,1.2860,-81.493,25.083,-12.512
6558057,1834,1803,1813,-0.0864,0.2372,1.3022,-77.959,28.790,-11.713
6558067,1669,1799,1781,-0.0907,0.2258,1.3124,-74.260,32.925,-10.272
6558077,1700,1790,1801,-0.1013,0.2140,1.3184,-70.534,37.223,-9.179
6558087,1808,1993,1780,-0.1093,0.2033,1.3257,-67.205,41.475,-8.063
6558097,1766,1789,1775,-0.1151,0.1916,1.3327,-64.462,45.635,-6.800
6558107,2016,1854,1779,-0.1193,0.1752,1.3397,-62.442,49.661,-5.625
6558117,1666,1831,1773,-0.1270,0.1584,1.3478,-61.379,53.572,-4.346
6558127,1674,2439,1829,-0.1282,0.1425,1.3603,-61.831,57.503,-2.555
6558137,1912,2281,1877,-0.1287,0.1367,1.3789,-63.125,61.276,-0.165
6558147,1692,1995,1861,-0.1269,0.1310,1.3914,-65.345,65.850,3.103
6558157,1760,1969,1806,-0.1274,0.1294,1.3946,-68.657,70.904,6.750
6558167,1811,2149,1799,-0.1238,0.1269,1.4015,-73.397,75.942,10.928
6558177,1870,1935,1783,-0.1206,0.1153,1.4026,-79.895,80.824,15.061
6558187,1968,1806,1781,-0.1239,0.0900,1.4016,-87.777,85.832,18.360
6558197,2387,2001,1829,-0.1214,0.0533,1.4112,-97.405,90.508,21.296
6558207,1972,1836,1793,-0.1225,0.0047,1.4156,-108.157,95.231,24.117
6558217,1664,1836,1830,-0.1334,-0.0455,1.4111,-117.701,100.326,27.289
6558227,1669,1935,1791,-0.1479,-0.0899,1.3962,-124.963,106.031,32.028
6558237,1660,1858,1846,-0.1617,-0.1288,1.3776,-129.365,111.956,38.308
6558247,1659,1793,1801,-0.1808,-0.1682,1.3526,-130.587,117.946,44.951
6558257,1749,1813,1877,-0.2024,-0.2087,1.3156,-128.674,124.012,51.692
6558267,1677,1822,1820,-0.2263,-0.2379,1.2790,-123.857,129.975,58.978
6558277,1765,1790,1863,-0.2430,-0.2526,1.2426,-116.972,135.704,67.197
6558287,1719,1857,1870,-0.2636,-0.2573,1.1932,-108.452,141.297,75.391
6558297,1764,1848,1832,-0.2858,-0.2515,1.1406,-98.266,146.183,83.014
6558307,1668,1866,1812,-0.3077,-0.2400,1.0974,-86.896,149.915,89.980
6558317,2073,1797,1835,-0.3308,-0.2247,1.0415,-74.138,153.059,95.796
6558327,1660,1851,1779,-0.3514,-0.2034,0.9828,-59.549,155.895,100.782
6558337,2047,1805,1812,-0.3701,-0.1758,0.9319,-44.031,157.886,104.818
6558347,1667,1819,1853,-0.3915,-0.1497,0.8854,-27.804,159.053,107.011
6558357,1819,1808,1805,-0.4103,-0.1281,0.8317,-11.298,159.883,107.626
6558367,1863,1799,1788,-0.4272,-0.1083,0.7820,5.041,160.165,107.403
6558377,1796,1787,1863,-0.4424,-0.0889,0.7385,20.871,159.720,106.807
6558387,1707,1823,1791,-0.4579,-0.0679,0.6937,36.235,158.902,106.145
6558397,1744,1785,1802,-0.4770,-0.0426,0.6501,50.842,157.830,105.542
6558407,1699,1810,1769,-0.4949,-0.0109,0.6071,64.404,156.245,104.914
6558417,1744,1846,1784,-0.5113,0.0241,0.5672,76.367,154.054,104.094
6558427,1831,1789,2112,-0.5295,0.0572,0.5250,86.764,151.101,102.530
6558437,1752,1809,1799,-0.5451,0.0898,0.4777,95.412,147.394,100.421
6558447,1853,1791,1803,-0.5615,0.1273,0.4351,102.042,142.813,98.398
6558457,1673,1909,1814,-0.5736,0.1673,0.4027,106.463,136.914,96.388
6558467,1967,1783,2011,-0.5856,0.2112,0.3860,108.469,129.933,94.201
6558477,1756,1807,1776,-0.5955,0.2560,0.3805,108.147,122.339,91.702
6558487,1750,1850,1795,-0.6054,0.2984,0.3806,105.833,114.677,88.598
6558497,1917,1800,1796,-0.6115,0.3327,0.3794,101.603,107.479,85.001
6558507,1779,1784,1775,-0.6194,0.3571,0.3750,95.601,100.686,81.006
6558517,1986,1789,1932,-0.6293,0.3773,0.3659,87.953,94.191,77.026
6558527,1710,1838,1829,-0.6376,0.3961,0.3604,78.627,87.707,73.638
6558537,1831,1792,1918,-0.6437,0.4097,0.3485,67.452,80.995,70.551
6558547,1850,1790,1934,-0.6536,0.4178,0.3310,55.104,74.189,67.516
6558557,1700,1807,1787,-0.6646,0.4265,0.3198,42.269,67.228,65.082
6558567,1881,1821,1780,-0.6702,0.4349,0.3231,29.075,59.759,63.269
6558577,1857,1818,1778,-0.6785,0.4379,0.3292,16.105,52.218,61.369
6558587,1714,2044,1807,-0.6875,0.4375,0.3280,4.116,45.280,59.681
6558597,1916,1818,1785,-0.6930,0.4406,0.3317,-6.858,38.756,58.701
6558607,1809,1857,2061,-0.6955,0.4456,0.3430,-16.843,32.155,57.907
6558617,1784,1822,2038,-0.7000,0.4472,0.3540,-25.197,25.917,56.757
6558627,1734,1809,1777,-0.7031,0.4462,0.3681,-31.209,20.423,55.224
6558637,1701,1787,1777,-0.7060,0.4427,0.3863,-34.800,15.459,53.135
6558647,2026,1854,1904,-0.7099,0.4363,0.3994,-35.931,11.244,50.540
6558657,2216,1790,1932,-0.7128,0.4352,0.4156,-34.814,7.768,48.056
6558667,2328,1798,2033,-0.7146,0.4396,0.4359,-31.951,4.811,45.831
6558677,1744,1837,1788,-0.7174,0.4444,0.4427,-27.680,2.722,43.617
6558687,1892,1911,1805,-0.7225,0.4474,0.4455,-22.380,1.305,41.199
6558697,2060,1840,1860,-0.7272,0.4467,0.4539,-16.882,-0.204,38.463
6558707,1847,1795,1999,-0.7304,0.4410,0.4643,-11.396,-1.694,35.509
6558717,1847,1790,1815,-0.7327,0.4433,0.4807,-6.528,-2.994,33.096
6558727,1710,1798,1978,-0.7365,0.4606,0.5084,-2.382,-4.048,31.601
6558737,2031,1887,3171,-0.7377,0.4880,0.5311,1.136,-4.385,30.857
6558747,3041,1820,1832,-0.7366,0.5134,0.5491,4.247,-3.872,29.968
6558757,1883,1949,4095,-0.7347,0.5247,0.5617,6.224,-3.284,28.079
6558767,1900,1978,1594,-0.7408,0.5237,0.5554,7.403,-2.602,25.071
6558777,2902,1907,2011,-0.7514,0.5181,0.5356,8.306,-1.818,22.179
6558787,1697,1822,1621,-0.7614,0.5025,0.5001,8.882,-1.407,19.830
6558797,1758,1910,2689,-0.7710,0.4781,0.4629,9.327,-1.668,17.755
6558807,1803,1871,1481,-0.7676,0.4534,0.4642,9.340,-3.459,16.477
6558817,2068,1859,1682,-0.7474,0.4672,0.5626,6.998,-6.813,17.609
6558827,2009,1886,1489,-0.7365,0.5050,0.6175,4.468,-6.650,20.238
6558837,2289,1918,1474,-0.7333,0.5445,0.5974,2.995,-2.762,23.082
6558847,2847,1820,1576,-0.7391,0.5527,0.5392,1.870,1.228,23.742
6558857,3307,1831,1370,-0.7533,0.5183,0.4912,0.214,2.367,20.969
6558867,2230,1799,1576,-0.7639,0.4641,0.4893,-2.278,0.032,16.873
6558877,1960,1785,2287,-0.7632,0.4245,0.5239,-5.230,-3.635,14.689
6558887,1703,1799,2449,-0.7596,0.4273,0.5586,-7.059,-5.637,16.465
6558897,2974,1787,1637,-0.7538,0.4818,0.5701,-6.874,-4.549,22.126
6558907,2664,1809,1651,-0.7446,0.5686,0.5783,-5.831,-2.092,28.780
6558917,3122,1816,1544,-0.7377,0.6437,0.5680,-4.654,-0.029,32.180
6558927,2117,1922,1392,-0.7413,0.6673,0.5345,-2.661,1.103,29.892
6558937,1736,1905,1535,-0.7479,0.6472,0.5035,-0.551,0.647,23.489
6558947,2996,1827,1926,-0.7513,0.5968,0.5020,1.186,-1.501,15.907
6558957,2340,1815,1587,-0.7532,0.5467,0.5241,1.604,-4.630,9.692
6558967,2017,1814,1570,-0.7574,0.5332,0.5454,1.562,-6.563,7.480
6558977,2332,1876,3359,-0.7512,0.5616,0.5556,1.786,-6.279,9.981
6558987,1800,1832,1599,-0.7370,0.6003,0.5791,1.173,-5.467,13.473
6558997,1814,1816,1701,-0.7289,0.6194,0.5915,-0.697,-5.483,13.665
6559007,2349,2022,1407,-0.7337,0.6107,0.5706,-2.001,-4.973,10.845
6559017,2465,1853,1604,-0.7360,0.5856,0.5396,-2.487,-4.235,7.842
6559027,3394,1985,2188,-0.7360,0.5449,0.5329,-3.615,-4.932,4.982
6559037,2512,1803,1552,-0.7371,0.5041,0.5475,-5.478,-6.883,2.413
6559047,2089,1842,1866,-0.7360,0.4874,0.5689,-7.378,-8.295,2.240
6559057,1679,1964,1403,-0.7282,0.4970,0.5822,-8.610,-8.087,5.012
6559067,1856,1839,1830,-0.7223,0.5153,0.5895,-9.601,-6.923,8.382
6559077,3753,2028,1783,-0.7185,0.5249,0.5949,-10.506,-6.002,9.992
6559087,1728,1872,1708,-0.7216,0.5201,0.5938,-11.143,-5.318,9.632
6559097,2149,2806,1348,-0.7261,0.5067,0.5737,-10.947,-4.311,8.589
6559107,2774,1919,1805,-0.7245,0.4989,0.5660,-10.198,-3.581,8.328
6559117,1668,1823,2091,-0.7225,0.4937,0.5720,-9.652,-3.658,8.851
6559127,2023,1879,2005,-0.7242,0.4909,0.5813,-8.587,-3.488,9.441
6559137,1710,2014,1668,-0.7186,0.5019,0.6066,-7.754,-3.403,10.573
6559147,2325,1800,1332,-0.7181,0.5216,0.6201,-6.652,-2.721,11.794
6559157,2319,1818,1383,-0.7193,0.5417,0.6084,-4.174,-0.776,12.615
6559167,1731,2082,1813,-0.7153,0.5532,0.5990,-1.325,1.077,12.764
6559177,1963,1845,1976,-0.7165,0.5438,0.5869,0.819,1.904,10.982
6559187,1856,1853,1980,-0.7275,0.5258,0.5567,2.669,2.462,8.132
6559197,1878,1840,1730,-0.7330,0.5223,0.5424,4.289,2.954,7.023
6559207,2139,1788,1512,-0.7244,0.5399,0.5713,4.398,2.110,7.955
6559217,1890,1890,2154,-0.7190,0.5590,0.5949,3.179,1.385,8.978
6559227,1881,2049,1551,-0.7174,0.5779,0.5846,2.217,2.168,9.364
6559237,1686,1829,1598,-0.7157,0.5910,0.5722,1.414,3.188,9.436
6559247,1668,1851,1322,-0.7163,0.5879,0.5686,0.291,3.130,8.104
6559257,2316,1840,1595,-0.7231,0.5704,0.5599,-0.773,2.570,5.428
6559267,1810,1836,1351,-0.7307,0.5556,0.5449,-1.140,2.211,3.133
6559277,1775,1791,1537,-0.7283,0.5551,0.5394,-1.099,1.835,2.555
6559287,1724,1845,1967,-0.7217,0.5615,0.5497,-1.272,1.216,2.675
6559297,1667,1844,1772,-0.7154,0.5757,0.5776,-2.049,0.375,2.454
6559307,1884,1886,2301,-0.7106,0.5905,0.5902,-2.868,0.082,2.033
6559317,2103,1853,1811,-0.7129,0.5909,0.5723,-2.683,1.001,1.178
6559327,1795,1783,1323,-0.7143,0.5792,0.5647,-2.547,1.328,-0.368
6559337,1767,1807,1342,-0.7148,0.5561,0.5663,-3.090,0.425,-2.536
6559347,2381,1792,1405,-0.7190,0.5299,0.5542,-3.265,-0.186,-4.588
6559357,1728,1879,1910,-0.7181,0.5185,0.5512,-3.201,-0.439,-5.108
6559367,1891,1814,1536,-0.7101,0.5204,0.5718,-3.719,-1.131,-4.362
6559377,1710,1795,3118,-0.7069,0.5270,0.5868,-4.458,-1.495,-3.545
6559387,1883,2149,2176,-0.7024,0.5359,0.5896,-4.897,-1.067,-2.792
6559397,2127,1855,1709,-0.6990,0.5331,0.5873,-5.276,-0.511,-2.571
6559407,2305,2095,1766,-0.6981,0.5140,0.5825,-5.478,-0.323,-3.518
6559417,2333,1946,1391,-0.6991,0.4898,0.5810,-5.470,-0.514,-4.795
6559427,1637,1837,1352,-0.6981,0.4678,0.5750,-5.290,-0.661,-5.436
6559437,1899,1937,1517,-0.6991,0.4512,0.5678,-4.621,-0.478,-5.160
6559447,2027,1810,1838,-0.6971,0.4487,0.5774,-4.087,-0.522,-3.908
6559457,1638,1917,2756,-0.6949,0.4612,0.5957,-3.733,-0.565,-2.153
6559467,1675,1976,1986,-0.6910,0.4803,0.5995,-3.144,0.095,-0.328
6559477,1751,2426,1541,-0.6886,0.4921,0.5888,-2.170,1.359,0.994
6559487,1687,1784,1741,-0.6897,0.4929,0.5793,-1.275,2.107,1.164
6559497,3151,2110,3309,-0.6924,0.4837,0.5669,-0.696,2.122,0.632
6559507,2834,1796,1909,-0.6952,0.4718,0.5516,-0.037,2.093,0.299
6559517,1805,1783,1499,-0.6899,0.4638,0.5537,0.092,1.466,0.835
6559527,1779,1866,1456,-0.6889,0.4540,0.5556,-0.231,0.660,1.709
6559537,2490,1786,1373,-0.6905,0.4553,0.5604,-0.587,0.226,3.007
6559547,1673,1864,2225,-0.6872,0.4740,0.5742,-1.237,-0.218,5.158
6559557,1775,1810,1515,-0.6862,0.4952,0.5757,-1.774,-0.205,7.227
6559567,1835,1809,1325,-0.6856,0.5129,0.5739,-1.847,0.107,8.389
6559577,2143,2328,1442,-0.6822,0.5259,0.5816,-2.149,-0.170,8.795
6559587,1946,1790,1437,-0.6847,0.5335,0.5838,-2.274,-0.426,8.503
6559597,2256,1819,1330,-0.6864,0.5457,0.5787,-2.009,-0.325,8.124
6559607,1899,1850,1505,-0.6864,0.5563,0.5775,-1.666,-0.276,7.812
6559617,1691,1792,1775,-0.6898,0.5587,0.5804,-1.494,-0.521,6.885
6559627,1983,1814,1924,-0.6922,0.5635,0.5893,-1.485,-0.998,5.735
6559637,1681,1806,1389,-0.6900,0.5730,0.5966,-1.341,-1.213,5.025
6559647,1662,1823,1354,-0.6893,0.5810,0.6006,-1.265,-1.139,4.253
6559657,2188,1876,1363,-0.6881,0.5838,0.6036,-1.461,-1.131,3.173
6559667,1663,1877,1485,-0.6896,0.5822,0.6016,-1.773,-1.100,1.912
6559677,1638,1856,1417,-0.6931,0.5676,0.5861,-1.921,-0.762,0.612
6559687,2646,1803,1344,-0.6964,0.5421,0.5859,-2.275,-1.010,-0.730
6559697,2072,1848,1365,-0.6994,0.5244,0.6109,-3.475,-2.345,-1.855
6559707,1646,1968,1669,-0.7015,0.5197,0.6153,-4.248,-2.750,-1.737
6559717,1945,1997,1339,-0.6987,0.5225,0.6051,-3.620,-1.699,-0.271
6559727,1679,1831,1611,-0.6943,0.5288,0.6188,-2.894,-1.264,0.888
6559737,2106,1877,1541,-0.6952,0.5300,0.6301,-1.882,-1.209,0.608
6559747,1670,1789,1487,-0.6929,0.5331,0.6316,0.319,-0.365,-0.211
6559757,2157,1864,1548,-0.6865,0.5372,0.6383,2.810,0.502,-1.039
6559767,1886,1866,1414,-0.6865,0.5291,0.6283,5.437,1.381,-2.612
6559777,1979,1932,1388,-0.6892,0.5178,0.6029,8.691,2.568,-4.195
6559787,4055,2273,1483,-0.6875,0.5157,0.5884,12.066,3.369,-4.688
6559797,2243,1927,2234,-0.6864,0.5150,0.5855,15.354,3.707,-4.584
6559807,2227,1840,1541,-0.6814,0.5183,0.6242,18.524,3.983,-4.554
6559817,1589,2047,1455,-0.6531,0.5343,0.6969,19.930,3.593,-4.123
6559827,1712,1885,1629,-0.6481,0.5526,0.7587,20.629,5.241,-4.378
6559837,2516,1807,1346,-0.6386,0.6098,0.8570,21.129,9.164,-4.206
6559847,1685,1824,1330,-0.6144,0.6779,0.8972,18.900,15.105,-3.121
6559857,1578,1792,1336,-0.6454,0.6729,0.7175,19.049,27.348,-6.784
6559867,3967,1805,1341,-0.7078,0.6349,0.4593,22.644,40.439,-13.837
6559877,1504,1802,1376,-0.7463,0.5953,0.2804,26.261,43.628,-20.352
6559887,1608,1802,1379,-0.7586,0.5162,0.2370,21.718,34.958,-25.376
6559897,3009,1830,1333,-0.8007,0.4055,0.1963,14.346,21.485,-31.133
6559907,1804,1787,1623,-0.8370,0.3694,0.1674,8.490,10.089,-28.878
6559917,1405,1787,1347,-0.8058,0.4564,0.2239,2.874,0.405,-14.031
6559927,2302,1845,1505,-0.7681,0.5600,0.3026,-4.742,-7.984,1.271
6559937,1534,1830,1359,-0.7674,0.6000,0.3733,-12.654,-15.092,5.278
6559947,1540,1886,1384,-0.7537,0.6037,0.4664,-20.153,-22.021,1.686
6559957,1387,1818,1344,-0.7284,0.5902,0.5657,-25.670,-27.636,-2.995
6559967,2555,1788,1356,-0.7016,0.5641,0.6429,-27.695,-29.568,-7.113
6559977,2048,1997,1508,-0.6862,0.5289,0.6798,-26.502,-27.852,-10.505
6559987,1718,1793,1341,-0.6868,0.4996,0.6857,-22.752,-23.761,-12.598
6559997,2725,1968,1588,-0.6980,0.4865,0.6713,-18.271,-19.078,-12.944
6560007,1437,1787,1342,-0.7143,0.4788,0.6361,-13.645,-14.502,-12.239
6560017,1435,1829,1426,-0.7246,0.4775,0.6222,-10.062,-11.465,-11.207
6560027,1596,1793,1345,-0.7308,0.4753,0.6363,-8.342,-10.304,-10.456
6560037,1887,1904,1463,-0.7384,0.4715,0.6459,-7.157,-8.912,-10.104
6560047,1795,1792,1491,-0.7413,0.4723,0.6445,-5.885,-6.587,-9.337
6560057,3116,1909,1535,-0.7401,0.4732,0.6455,-4.816,-4.176,-8.192
6560067,1497,1805,1518,-0.7416,0.4700,0.6499,-3.684,-2.091,-7.538
6560077,1570,1822,1360,-0.7433,0.4694,0.6472,-2.403,-0.079,-6.875
6560087,2177,1812,1350,-0.7422,0.4732,0.6326,-0.842,2.266,-5.645
6560097,1409,1850,1387,-0.7410,0.4797,0.6205,0.321,4.412,-4.271
6560107,2138,1798,1343,-0.7402,0.4888,0.6138,0.595,5.870,-3.262
6560117,1396,1811,1380,-0.7395,0.4936,0.5980,0.657,7.266,-2.688
6560127,1686,1814,1354,-0.7420,0.4915,0.5818,0.517,8.435,-2.580
6560137,1581,1864,1481,-0.7453,0.4833,0.5719,0.149,8.901,-2.784
6560147,1518,1802,1566,-0.7482,0.4743,0.5674,-0.030,8.972,-2.774
6560157,1881,1791,1353,-0.7476,0.4743,0.5737,-0.138,8.744,-2.111
6560167,1606,1799,1470,-0.7492,0.4760,0.5705,0.145,8.688,-1.082
6560177,1469,1791,1465,-0.7481,0.4787,0.5631,0.974,8.841,0.038
6560187,1463,1816,1513,-0.7453,0.4808,0.5624,1.700,8.574,1.040
6560197,1865,1944,1417,-0.7443,0.4877,0.5590,2.956,8.182,1.928
6560207,1459,1831,1358,-0.7397,0.4989,0.5554,4.224,7.931,3.089
6560217,2098,1840,1421,-0.7364,0.5034,0.5474,5.297,7.643,3.872
6560227,1514,1802,1409,-0.7374,0.5028,0.5388,6.138,7.260,4.069
6560237,1691,1809,1477,-0.7386,0.5036,0.5359,6.673,6.628,4.192
6560247,1482,1795,1657,-0.7402,0.5079,0.5339,7.084,5.978,4.421
6560257,1566,1802,1527,-0.7375,0.5157,0.5461,7.309,5.209,4.666
6560267,1752,1801,1519,-0.7307,0.5231,0.5628,7.179,4.462,4.666
6560277,2609,2006,1446,-0.7246,0.5276,0.5744,6.915,4.236,4.254
6560287,1866,1790,1622,-0.7209,0.5315,0.5748,6.577,4.653,3.658
6560297,1556,1991,1470,-0.7242,0.5293,0.5528,6.267,5.592,2.876
6560307,2333,1874,1497,-0.7305,0.5229,0.5288,5.897,6.299,2.032
6560317,1499,1852,1376,-0.7332,0.5178,0.5209,4.784,5.786,1.549
6560327,1398,1785,1518,-0.7375,0.5138,0.5190,3.298,4.794,1.402
6560337,1743,1848,1468,-0.7387,0.5163,0.5170,1.870,3.998,1.684
6560347,1673,1930,1389,-0.7371,0.5244,0.5229,0.461,3.214,2.212
6560357,1536,1811,1427,-0.7353,0.5299,0.5295,-0.710,2.483,2.327
6560367,1882,1817,1662,-0.7358,0.5275,0.5290,-1.419,2.066,1.823
6560377,1775,1862,1558,-0.7381,0.5223,0.5223,-1.632,1.906,1.045
6560387,1896,1826,1382,-0.7392,0.5205,0.5228,-1.539,1.568,0.411
6560397,1785,1876,1653,-0.7398,0.5228,0.5247,-1.287,1.140,-0.012
6560407,1642,1870,1465,-0.7440,0.5228,0.5186,-0.893,1.020,-0.489
6560417,1596,1867,1371,-0.7453,0.5243,0.5186,-0.469,0.783,-1.004
6560427,1643,1799,1374,-0.7451,0.5251,0.5251,-0.213,0.185,-1.453
6560437,1792,1848,1371,-0.7487,0.5230,0.5254,0.093,-0.134,-1.989
6560447,1614,1809,1591,-0.7517,0.5211,0.5241,0.411,-0.238,-2.451
6560457,1746,1964,1719,-0.7524,0.5182,0.5259,0.458,-0.504,-2.758
6560467,1870,1808,1489,-0.7544,0.5139,0.5295,0.214,-0.849,-3.110
6560477,1887,1849,1421,-0.7561,0.5086,0.5290,-0.141,-1.081,-3.372
6560487,1494,1897,2335,-0.7554,0.5041,0.5338,-0.425,-1.245,-3.362
6560497,1706,1897,1472,-0.7553,0.5000,0.5386,-0.713,-1.404,-3.218
6560507,2354,1870,1496,-0.7563,0.4982,0.5444,-0.695,-1.442,-2.958
6560517,1716,1819,1412,-0.7539,0.4983,0.5502,-0.413,-1.292,-2.528
6560527,3028,1839,1872,-0.7526,0.4929,0.5473,0.024,-0.885,-2.243
6560537,1701,1982,1814,-0.7527,0.4846,0.5433,0.426,-0.478,-2.121
6560547,1692,1812,1401,-0.7522,0.4784,0.5474,0.616,-0.300,-1.749
6560557,1563,1850,1560,-0.7518,0.4759,0.5538,0.398,-0.195,-1.012
6560567,1627,1805,1478,-0.7519,0.4783,0.5612,-0.121,0.109,-0.058
6560577,1546,1789,1394,-0.7499,0.4795,0.5687,-1.047,0.506,0.787
6560587,1633,1803,1513,-0.7482,0.4777,0.5689,-1.871,1.158,1.277
6560597,1450,1805,1370,-0.7455,0.4772,0.5727,-2.375,1.892,1.697
6560607,1978,1795,1375,-0.7465,0.4757,0.5770,-2.518,2.660,2.071
6560617,2109,1854,1615,-0.7506,0.4744,0.5643,-2.018,3.917,2.475
6560627,1404,1955,1540,-0.7517,0.4798,0.5490,-1.302,5.253,3.375
6560637,2618,1992,1370,-0.7528,0.4874,0.5455,-0.940,5.875,4.341
6560647,2029,1792,1432,-0.7559,0.4905,0.5369,-0.703,6.190,4.851
6560657,1439,1843,1609,-0.7575,0.4957,0.5261,-0.386,6.508,5.249
6560667,1418,1805,1673,-0.7570,0.5021,0.5306,-0.250,6.291,5.726
6560677,1717,1818,1387,-0.7573,0.5080,0.5356,-0.202,5.924,6.015
6560687,1678,1979,1415,-0.7561,0.5122,0.5317,0.181,6.042,6.073
6560697,1392,1868,1439,-0.7528,0.5170,0.5326,0.689,6.133,6.078
6560707,1394,1840,1389,-0.7529,0.5234,0.5432,1.164,5.861,6.007
6560717,1798,1799,1395,-0.7505,0.5328,0.5422,1.727,5.990,6.087
6560727,1529,1812,1412,-0.7518,0.5406,0.5248,2.351,6.715,6.000
6560737,2023,1798,1380,-0.7562,0.5447,0.5080,2.863,7.044,5.455
6560747,1458,1796,1381,-0.7596,0.5465,0.4938,3.073,6.604,4.678
6560757,2026,1882,1449,-0.7635,0.5464,0.4759,3.234,5.931,3.917
6560767,1590,1815,1437,-0.7661,0.5456,0.4603,3.307,4.919,3.318
6560777,1414,1837,1433,-0.7659,0.5437,0.4580,3.176,3.264,2.821
6560787,1429,1797,1378,-0.7619,0.5390,0.4617,2.847,1.313,2.351
6560797,1448,1846,1449,-0.7594,0.5369,0.4651,2.512,-0.282,2.128
6560807,1607,1826,1407,-0.7571,0.5427,0.4742,2.274,-1.625,2.401
6560817,1969,1804,1472,-0.7544,0.5497,0.4851,1.927,-2.787,2.764
6560827,1411,1784,1399,-0.7550,0.5543,0.4902,1.469,-3.702,2.602
6560837,1461,1870,1432,-0.7519,0.5540,0.4866,1.017,-4.529,1.902
6560847,1434,1845,1393,-0.7506,0.5496,0.4767,0.772,-5.323,0.864
6560857,1447,1794,1388,-0.7494,0.5404,0.4788,0.589,-6.579,-0.404
6560867,1412,1792,1401,-0.7514,0.5347,0.4832,0.420,-8.040,-1.572
6560877,1512,1824,1429,-0.7557,0.5357,0.4749,0.819,-8.827,-2.053
6560887,1403,1796,1408,-0.7550,0.5450,0.4765,1.375,-9.511,-1.722
6560897,1595,1848,1516,-0.7492,0.5547,0.4987,1.252,-10.860,-1.502
6560907,1449,1793,1406,-0.7454,0.5622,0.5238,0.776,-12.048,-1.957
6560917,1484,1805,1426,-0.7400,0.5657,0.5448,0.251,-12.413,-2.806
6560927,1417,1849,1411,-0.7347,0.5647,0.5587,-0.562,-12.211,-3.837
6560937,1692,1802,1440,-0.7323,0.5601,0.5698,-1.658,-11.744,-5.033
6560947,1489,1808,1392,-0.7326,0.5466,0.5730,-2.953,-11.169,-6.538
6560957,1632,1820,1447,-0.7369,0.5314,0.5623,-4.292,-10.426,-7.947
6560967,1404,1816,1431,-0.7386,0.5204,0.5554,-5.628,-9.942,-8.541
6560977,1498,1825,1440,-0.7382,0.5116,0.5485,-7.010,-9.944,-8.595
6560987,1456,1802,1419,-0.7378,0.5006,0.5386,-8.194,-10.075,-8.696
6560997,1565,1857,1454,-0.7350,0.4881,0.5328,-9.133,-10.498,-8.790
6561007,1502,1794,1408,-0.7317,0.4770,0.5326,-9.794,-11.216,-8.770
6561017,1524,1854,1457,-0.7293,0.4678,0.5277,-9.980,-11.826,-8.564
6561027,1494,1801,1408,-0.7263,0.4638,0.5262,-9.600,-12.416,-8.114
6561037,1530,1848,1451,-0.7239,0.4619,0.5280,-8.708,-13.236,-7.724
6561047,1449,1793,1409,-0.7235,0.4606,0.5296,-7.160,-14.086,-7.727
6561057,1483,1847,1447,-0.7243,0.4593,0.5189,-4.748,-14.676,-8.066
6561067,1429,1802,1405,-0.7261,0.4563,0.4985,-1.548,-15.166,-8.703
6561077,1617,1865,1448,-0.7276,0.4519,0.4717,2.193,-15.981,-9.796
6561087,1448,1798,1415,-0.7276,0.4410,0.4431,6.235,-17.494,-11.401
6561097,1535,1860,1459,-0.7246,0.4280,0.4193,10.469,-20.016,-13.127
6561107,1542,1797,1423,-0.7223,0.4173,0.4002,14.900,-23.390,-14.338
6561117,1425,1934,1456,-0.7216,0.4118,0.3798,19.600,-27.221,-14.607
6561127,1468,1793,1428,-0.7203,0.4159,0.3651,24.076,-31.584,-14.014
6561137,1592,1856,1469,-0.7165,0.4250,0.3589,27.866,-36.752,-13.048
6561147,1443,1793,1421,-0.7095,0.4343,0.3588,31.002,-42.482,-11.993
6561157,1523,1866,1460,-0.6984,0.4445,0.3641,33.552,-48.341,-10.826
6561167,1458,1795,1412,-0.6847,0.4545,0.3720,35.650,-54.065,-9.605
6561177,1412,1871,1484,-0.6704,0.4594,0.3868,37.368,-59.598,-8.498
6561187,1416,1792,1413,-0.6580,0.4632,0.4113,38.675,-64.885,-7.334
6561197,1521,1843,1470,-0.6501,0.4734,0.4368,39.446,-69.703,-5.683
6561207,1507,1792,1412,-0.6435,0.4939,0.4628,39.949,-73.870,-3.392
6561217,1671,1876,1482,-0.6327,0.5235,0.4968,39.886,-77.552,-0.832
6561227,1494,1798,1413,-0.6241,0.5520,0.5253,39.192,-80.760,0.997
6561237,1556,1797,1466,-0.6172,0.5811,0.5513,38.231,-83.434,1.740
6561247,1466,1807,1411,-0.6035,0.6043,0.5755,36.918,-85.775,1.656
6561257,1523,1835,1475,-0.5987,0.6202,0.5897,35.302,-87.608,0.367
6561267,1423,1807,1418,-0.5966,0.6305,0.5883,33.812,-88.890,-1.948
6561277,1548,1833,1484,-0.5875,0.6358,0.5821,32.632,-89.939,-4.427
6561287,1525,1815,1421,-0.5781,0.6330,0.5816,31.469,-91.397,-7.128
6561297,1529,1808,1470,-0.5692,0.6236,0.5902,30.477,-93.436,-9.979
6561307,1486,1813,1420,-0.5567,0.6147,0.6037,29.877,-95.461,-12.182
6561317,1658,1794,1469,-0.5409,0.6119,0.6286,29.189,-97.355,-13.440
6561327,1456,1803,1430,-0.5256,0.6198,0.6639,27.864,-99.054,-14.159
6561337,1632,1812,1501,-0.5094,0.6362,0.6933,26.093,-99.847,-14.738
6561347,1470,1810,1423,-0.4901,0.6497,0.7059,23.981,-99.473,-15.757
6561357,1543,1792,1494,-0.4745,0.6497,0.7124,21.367,-98.912,-18.123
6561367,1518,1817,1408,-0.4668,0.6348,0.7149,18.262,-98.827,-21.810
6561377,1513,1796,1486,-0.4606,0.6187,0.7140,15.123,-98.978,-25.476
6561387,1446,1823,1427,-0.4521,0.6075,0.7093,12.174,-99.104,-28.040
6561397,1476,1801,1482,-0.4454,0.5986,0.7044,9.728,-99.436,-29.851
6561407,1478,1822,1434,-0.4362,0.5926,0.7049,7.858,-100.238,-31.380
6561417,1558,1802,1482,-0.4231,0.5890,0.7113,6.368,-101.376,-32.758
6561427,1542,1845,1428,-0.4069,0.5888,0.7217,5.065,-102.642,-34.145
6561437,1508,1805,1484,-0.3966,0.5892,0.7250,3.861,-103.532,-35.660
6561447,1422,1879,1450,-0.3929,0.5928,0.7142,2.960,-103.909,-37.288
6561457,1483,1803,1495,-0.3903,0.5955,0.6976,1.966,-104.501,-38.761
6561467,1574,1864,1448,-0.3913,0.5945,0.6789,0.454,-105.844,-40.357
6561477,1466,1824,1492,-0.3888,0.5904,0.6607,-1.602,-108.052,-42.000
6561487,1423,1892,1454,-0.3793,0.5848,0.6607,-4.101,-111.320,-43.490
6561497,1746,1809,1505,-0.3634,0.5738,0.6846,-7.011,-115.547,-45.301
6561507,1461,1907,1464,-0.3448,0.5553,0.7232,-10.269,-119.822,-47.594
6561517,1533,1802,1493,-0.3282,0.5363,0.7656,-13.725,-123.417,-49.719
6561527,1588,1889,1480,-0.3179,0.5273,0.7947,-16.916,-125.555,-50.928
6561537,1648,1810,1512,-0.3095,0.5280,0.8066,-19.449,-126.300,-51.010
6561547,1483,1939,1411,-0.3028,0.5308,0.8083,-21.598,-126.806,-50.959
6561557,1610,1877,1503,-0.2988,0.5220,0.8014,-23.155,-127.731,-51.875
6561567,1452,1962,1479,-0.2943,0.5098,0.7955,-24.203,-129.578,-53.433
6561577,1741,1843,1522,-0.2835,0.4914,0.8008,-25.021,-132.334,-54.853
6561587,1442,1964,1469,-0.2623,0.4600,0.8400,-26.491,-136.819,-56.168
6561597,1520,1881,1524,-0.2366,0.4369,0.8901,-28.493,-140.870,-56.245
6561607,1424,1989,1467,-0.2133,0.4246,0.9333,-30.421,-143.372,-55.304
6561617,1477,1888,1535,-0.1874,0.4212,0.9669,-31.625,-144.068,-53.618
6561627,1491,2045,1432,-0.1573,0.4222,0.9996,-32.630,-143.958,-51.601
6561637,1535,1878,1532,-0.1319,0.4176,1.0274,-33.623,-143.608,-50.437
6561647,1861,2015,1476,-0.1081,0.4050,1.0529,-34.610,-142.975,-50.170
6561657,1494,1937,1494,-0.0831,0.3859,1.0855,-36.214,-142.498,-50.446
6561667,1659,2034,1446,-0.0586,0.3578,1.1245,-38.728,-141.992,-51.064
6561677,1613,1945,1502,-0.0361,0.3265,1.1556,-42.557,-140.538,-51.503
6561687,1434,2027,1467,-0.0164,0.2910,1.1940,-45.750,-138.659,-51.662
6561697,1547,1893,1512,0.0109,0.2663,1.2236,-47.983,-135.430,-50.157
6561707,1587,2031,1443,0.0342,0.2455,1.2487,-48.641,-130.909,-47.941
6561717,1622,1984,1506,0.0507,0.2280,1.2652,-47.806,-125.493,-46.089
6561727,1589,1956,1421,0.0640,0.2165,1.2706,-45.454,-119.542,-44.562
6561737,1473,1973,1438,0.0735,0.2082,1.2710,-41.858,-113.372,-43.147
6561747,1525,2103,1422,0.0774,0.1987,1.2661,-37.585,-107.428,-42.264
6561757,1530,2013,1423,0.0777,0.1855,1.2688,-33.058,-102.104,-41.995
6561767,1551,2096,1435,0.0797,0.1722,1.2750,-28.570,-97.208,-41.795
6561777,1598,1987,1458,0.0819,0.1595,1.2776,-24.001,-92.250,-41.219
6561787,1571,2034,1423,0.0842,0.1525,1.2802,-19.258,-87.155,-39.991
6561797,1693,1967,1464,0.0900,0.1504,1.2815,-14.405,-82.104,-38.101
6561807,1450,2158,1423,0.0947,0.1496,1.2837,-9.576,-77.198,-36.006
6561817,1434,1970,1469,0.1022,0.1494,1.2895,-5.121,-72.558,-33.784
6561827,1440,2125,1436,0.1075,0.1510,1.2899,-1.251,-68.022,-31.323
6561837,1479,1990,1443,0.1121,0.1552,1.2851,2.051,-63.443,-28.546
6561847,1473,2145,1426,0.1153,0.1631,1.2782,4.618,-59.007,-25.500
6561857,1506,1981,1449,0.1170,0.1708,1.2700,6.529,-54.938,-22.609
6561867,1439,2118,1437,0.1158,0.1775,1.2629,7.960,-51.161,-20.020
6561877,1715,1970,1454,0.1151,0.1858,1.2571,9.013,-47.583,-17.456
6561887,1451,2070,1454,0.1188,0.1960,1.2522,9.719,-44.174,-14.739
6561897,1743,1926,1506,0.1215,0.2050,1.2455,10.220,-40.788,-12.136
6561907,1509,2122,1432,0.1235,0.2143,1.2408,10.545,-37.590,-9.770
6561917,1729,2066,1430,0.1258,0.2250,1.2375,10.618,-34.522,-7.435
6561927,1471,2082,1438,0.1268,0.2339,1.2260,10.512,-31.322,-5.261
6561937,1499,1964,1455,0.1268,0.2416,1.2149,10.229,-28.321,-3.429
6561947,1585,2115,1427,0.1272,0.2467,1.2047,9.675,-25.794,-1.962
6561957,1477,1965,1453,0.1282,0.2494,1.1974,9.063,-23.546,-0.733
6561967,1495,2076,1427,0.1298,0.2535,1.1916,8.332,-21.449,0.530
6561977,1540,1954,1480,0.1312,0.2577,1.1856,7.544,-19.494,1.793
6561987,1488,2026,1454,0.1320,0.2648,1.1831,6.745,-17.673,3.048
6561997,1699,1937,1478,0.1349,0.2696,1.1789,5.919,-15.945,4.176
6562007,1440,2043,1441,0.1347,0.2722,1.1728,5.120,-14.302,5.091
6562017,1572,1948,1488,0.1355,0.2759,1.1672,4.433,-12.846,5.896
6562027,1452,1907,1440,0.1364,0.2809,1.1625,3.921,-11.507,6.736
6562037,1482,1859,1489,0.1369,0.2855,1.1548,3.628,-10.226,7.409
6562047,1458,2024,1470,0.1382,0.2887,1.1468,3.512,-9.087,7.954
6562057,1465,1937,1525,0.1397,0.2919,1.1375,3.577,-8.104,8.409
6562067,1522,1993,1473,0.1405,0.2951,1.1282,3.845,-7.292,8.684
6562077,1756,1903,1530,0.1418,0.2978,1.1246,4.230,-6.690,8.781
6562087,1481,2000,1470,0.1445,0.3017,1.1169,4.632,-6.192,8.766
6562097,1472,1919,1505,0.1485,0.3340,1.0993,5.192,-5.628,8.819
6562107,1631,2000,1486,0.1768,0.3492,1.1466,7.759,-5.249,9.466
6562117,1614,1891,1546,0.1811,0.3077,1.1793,14.009,-5.736,4.556
6562127,1467,1949,1553,0.1669,0.2684,1.1868,22.921,-4.471,-1.502
6562137,1607,1887,1534,0.1725,0.2826,1.1829,31.050,-0.906,-0.312
6562147,1485,1978,1522,0.1803,0.3320,1.1675,36.241,3.258,5.056
6562157,1530,1895,1536,0.1763,0.3718,1.1479,36.844,5.863,7.947
6562167,1580,1937,1515,0.1672,0.4014,1.1324,33.858,6.833,8.064
6562177,1532,1895,1576,0.1669,0.4212,1.1183,29.119,7.188,7.602
6562187,1466,1988,1520,0.1637,0.4211,1.1065,23.742,7.177,6.414
6562197,1534,1884,1554,0.1564,0.4027,1.0997,18.767,6.667,4.110
6562207,1449,1955,1514,0.1493,0.3806,1.0925,14.947,6.201,2.050
6562217,1504,1880,1568,0.1459,0.3680,1.0846,12.561,6.064,1.432
6562227,1482,1947,1520,0.1441,0.3661,1.0809,11.352,6.020,1.892
6562237,1530,1871,1576,0.1425,0.3701,1.0732,11.137,6.053,2.613
6562247,1480,1954,1521,0.1409,0.3782,1.0652,11.546,6.092,3.191
6562257,1526,1864,1609,0.1412,0.3868,1.0608,11.943,5.885,3.365
6562267,1462,1961,1492,0.1414,0.3890,1.0603,11.915,5.317,2.890
6562277,1520,1855,1552,0.1400,0.3861,1.0609,11.550,4.621,1.950
6562287,1477,1955,1511,0.1389,0.3812,1.0598,11.013,4.018,1.038
6562297,1524,1867,1536,0.1411,0.3751,1.0566,10.466,3.393,0.351
6562307,1470,1943,1512,0.1429,0.3716,1.0569,10.358,2.816,-0.111
6562317,1550,1939,1607,0.1447,0.3630,1.0601,10.770,2.247,-0.707
6562327,1459,1955,1462,0.1403,0.3510,1.0592,11.644,1.783,-1.705
6562337,1533,1855,1581,0.1379,0.3427,1.0559,12.950,1.520,-2.158
6562347,1477,1947,1517,0.1382,0.3408,1.0563,14.499,1.256,-1.714
6562357,1517,1906,1554,0.1386,0.3406,1.0560,16.205,0.925,-0.959
6562367,1478,1908,1796,0.1379,0.3430,1.0576,18.041,0.514,-0.207
6562377,1530,1841,1830,0.1395,0.3474,1.0610,19.887,0.159,0.675
6562387,1473,1944,1543,0.1399,0.3531,1.0608,21.654,0.040,1.590
6562397,1585,1858,1583,0.1400,0.3620,1.0593,23.145,0.008,2.590
6562407,1467,1959,1547,0.1416,0.3716,1.0570,24.077,0.010,3.699
6562417,1534,1865,1629,0.1417,0.3817,1.0524,24.574,0.135,4.660
6562427,1491,1912,1583,0.1437,0.3910,1.0485,24.774,0.106,5.346
6562437,1534,1865,1594,0.1436,0.3988,1.0456,24.953,-0.058,5.703
6562447,1462,1978,1564,0.1454,0.4045,1.0440,25.468,-0.321,5.705
6562457,1525,1874,1623,0.1416,0.4047,1.0459,26.252,-0.626,5.276
6562467,1481,1939,1472,0.1371,0.4028,1.0406,27.080,-0.731,4.768
6562477,1531,1879,1682,0.1362,0.4074,1.0301,27.947,-0.552,4.880
6562487,1484,1929,1610,0.1398,0.4153,1.0308,28.849,-0.504,5.591
6562497,1539,1867,1802,0.1395,0.4198,1.0354,29.611,-0.845,5.723
6562507,1473,1919,1563,0.1348,0.4170,1.0425,30.541,-1.123,5.080
6562517,1524,1856,1713,0.1296,0.4175,1.0373,31.240,-0.757,4.823
6562527,1478,1935,1645,0.1303,0.4312,1.0301,32.203,0.146,5.880
6562537,1535,1854,1708,0.1324,0.4488,1.0307,32.860,0.722,7.303
6562547,1499,1886,1640,0.1286,0.4595,1.0288,33.381,0.925,7.354
6562557,1535,1842,1710,0.1249,0.4688,1.0264,33.961,1.139,6.672
6562567,1482,1928,1615,0.1239,0.4802,1.0244,34.162,1.296,6.251
6562577,1545,1850,1571,0.1214,0.4929,1.0190,33.935,1.497,5.845
6562587,1473,1925,1502,0.1243,0.5044,1.0137,33.425,1.693,5.389
6562597,1549,1828,1654,0.1251,0.5157,1.0123,32.577,1.698,4.735
6562607,1485,1902,1614,0.1249,0.5238,1.0113,31.487,1.597,3.699
6562617,1545,1812,1735,0.1259,0.5290,1.0099,30.172,1.521,2.547
6562627,1473,1948,1643,0.1270,0.5313,1.0073,28.709,1.532,1.381
6562637,1544,1806,1831,0.1291,0.5330,1.0032,27.128,1.556,0.253
6562647,1482,1885,1583,0.1321,0.5328,1.0001,25.490,1.583,-0.761
6562657,1553,1810,1624,0.1340,0.5306,0.9940,23.843,1.627,-1.629
6562667,1477,1894,1512,0.1377,0.5347,0.9940,22.579,1.514,-1.954
6562677,1542,1813,1765,0.1427,0.5398,0.9987,21.357,1.255,-1.869
6562687,1475,1887,1596,0.1434,0.5393,0.9977,20.184,1.177,-2.228
6562697,1527,1837,1665,0.1420,0.5378,0.9931,18.977,1.244,-2.691
6562707,1469,1913,1605,0.1422,0.5409,0.9925,17.497,1.226,-2.586
6562717,1539,1837,1564,0.1410,0.5451,0.9928,15.789,1.174,-2.262
6562727,1469,1896,1575,0.1384,0.5484,0.9911,13.968,1.091,-2.092
6562737,1535,1843,1538,0.1365,0.5505,0.9889,12.160,0.977,-1.961
6562747,1481,1853,1531,0.1357,0.5528,0.9845,10.513,0.820,-1.767
6562757,1535,1827,1796,0.1347,0.5535,0.9827,9.107,0.532,-1.590
6562767,1476,1878,1592,0.1350,0.5520,0.9717,7.751,0.131,-1.611
6562777,1540,1829,1528,0.1304,0.5538,0.9716,6.572,-0.264,-1.506
6562787,1481,1894,1487,0.1295,0.5588,0.9843,5.227,-1.205,-1.386
6562797,1535,1834,1626,0.1249,0.5549,0.9879,4.222,-1.788,-1.830
6562807,1487,1862,1589,0.1262,0.5503,0.9774,3.659,-1.643,-2.076
6562817,1540,1854,1611,0.1347,0.5509,0.9717,3.348,-1.803,-1.614
6562827,1483,1878,1719,0.1361,0.5493,0.9742,3.041,-2.504,-1.377
6562837,1540,1833,1460,0.1328,0.5459,0.9785,2.534,-3.391,-1.909
6562847,1487,1885,1563,0.1269,0.5453,0.9773,2.011,-3.674,-2.418
6562857,1535,1838,1592,0.1303,0.5469,0.9712,1.828,-3.532,-2.266
6562867,1487,1891,1621,0.1319,0.5547,0.9670,1.855,-3.502,-2.025
6562877,1535,1831,1518,0.1352,0.5520,0.9823,2.065,-4.158,-2.469
6562887,1490,1866,1620,0.1268,0.5370,0.9881,2.028,-4.702,-4.043
6562897,1553,1811,1569,0.1224,0.5272,0.9798,2.624,-4.321,-4.953
6562907,1483,1900,1563,0.1285,0.