1457567,1994,1900,1872,0.0540,0.0227,1.1300,-20.067,-15.077,-5.973
1457577,1848,1903,1903,0.0592,0.0176,1.1392,-19.604,-15.397,-5.950
1457587,1864,1901,1875,0.0649,0.0094,1.1501,-20.123,-15.681,-6.002
1457597,1832,1903,1898,0.0696,-0.0018,1.1598,-21.469,-16.105,-6.074
1457607,1935,1902,1871,0.0732,-0.0134,1.1665,-23.108,-16.382,-6.038
1457617,1817,1903,1892,0.0777,-0.0208,1.1743,-24.817,-16.518,-5.645
1457627,1842,1900,1873,0.0807,-0.0274,1.1794,-26.368,-16.467,-5.201
1457637,1879,1900,1900,0.0850,-0.0351,1.1833,-27.532,-16.197,-4.941
1457647,1832,1902,1872,0.0948,-0.0182,1.2029,-27.951,-15.748,-4.635
1457657,1798,1904,1899,0.1125,-0.0332,1.2221,-27.814,-15.629,-5.345
1457667,2040,1904,1870,0.1021,-0.0798,1.2192,-26.814,-15.062,-7.907
1457677,1847,1903,1903,0.1053,-0.0952,1.2161,-24.679,-14.033,-8.187
1457687,1786,1899,1875,0.1168,-0.0933,1.2091,-21.990,-12.872,-6.143
1457697,2101,1901,1886,0.1187,-0.1011,1.1854,-18.534,-11.530,-5.062
1457707,1875,1903,1874,0.1258,-0.1051,1.1716,-14.018,-10.749,-4.777
1457717,1855,1904,1883,0.1334,-0.1057,1.1663,-8.412,-10.419,-4.655
1457727,1889,1903,1871,0.1407,-0.1009,1.1679,-1.662,-10.004,-4.255
1457737,1799,1899,1886,0.1485,-0.0909,1.1743,5.116,-9.510,-3.522
1457747,1978,1905,1872,0.1550,-0.0785,1.1789,11.206,-8.893,-2.579
1457757,1901,1903,1888,0.1631,-0.0632,1.1827,16.266,-8.144,-1.402
1457767,1796,1903,1871,0.1723,-0.0464,1.1922,19.859,-7.564,-0.094
1457777,1891,1904,1925,0.1760,-0.0311,1.1974,22.287,-6.855,1.019
1457787,1900,1903,1874,0.1784,-0.0177,1.1957,24.001,-5.822,2.117
1457797,1873,1903,1876,0.1793,0.0005,1.1979,24.723,-4.862,3.334
1457807,1847,1904,1873,0.1807,0.0226,1.1972,24.295,-4.024,4.560
1457817,1855,1891,1891,0.1808,0.0434,1.1959,22.896,-3.187,5.382
1457827,1908,1902,1874,0.1763,0.0605,1.1954,20.492,-2.461,5.572
1457837,1854,1903,1906,0.1710,0.0749,1.1909,17.386,-1.752,5.373
1457847,1900,1903,1890,0.1645,0.0825,1.1831,13.668,-1.052,4.950
1457857,1817,1903,1915,0.1582,0.0834,1.1763,9.400,-0.553,4.350
1457867,1943,1901,1904,0.1502,0.0790,1.1685,4.965,-0.268,3.629
1457877,1908,1901,1907,0.1437,0.0720,1.1637,0.342,-0.257,3.351
1457887,1874,1899,1883,0.1388,0.0645,1.1575,-3.543,-0.342,3.277
1457897,1900,1896,1917,0.1350,0.0551,1.1497,-6.631,-0.501,3.096
1457907,1959,1885,1883,0.1306,0.0450,1.1435,-8.882,-0.770,2.838
1457917,1858,1901,1907,0.1283,0.0353,1.1361,-10.267,-1.170,2.499
1457927,1916,1901,1875,0.1267,0.0252,1.1288,-10.813,-1.712,2.180
1457937,1939,1903,1896,0.1267,0.0146,1.1256,-10.609,-2.275,1.943
1457947,1980,1902,1872,0.1240,0.0052,1.1303,-9.809,-2.824,1.858
1457957,1807,1902,1876,0.1203,-0.0001,1.1437,-8.603,-3.305,2.067
1457967,1897,1903,1906,0.1192,-0.0059,1.1559,-7.221,-3.560,2.366
1457977,1819,1900,1891,0.1186,-0.0123,1.1613,-5.888,-3.657,2.524
1457987,1923,1901,1871,0.1212,-0.0143,1.1695,-4.620,-3.733,2.750
1457997,1851,1903,1896,0.1226,-0.0129,1.1762,-3.357,-3.658,2.934
1458007,1824,1901,1898,0.1239,-0.0132,1.1846,-2.069,-3.601,2.924
1458017,1946,1901,1873,0.1246,-0.0170,1.1994,-1.125,-3.649,2.714
1458027,1795,1901,1872,0.1242,-0.0248,1.2120,-0.553,-3.669,2.564
1458037,1878,1902,1928,0.1213,-0.0274,1.2187,-0.341,-3.491,2.802
1458047,1971,1903,1873,0.1196,-0.0266,1.2234,-0.648,-3.353,3.462
1458057,1812,1903,1898,0.1202,-0.0280,1.2307,-1.514,-3.345,4.259
1458067,1884,1901,1871,0.1230,-0.0311,1.2404,-2.704,-3.399,5.237
1458077,1835,1902,1902,0.1278,-0.0309,1.2530,-4.229,-3.335,6.650
1458087,2119,1904,1880,0.1332,-0.0260,1.2750,-6.235,-3.049,8.620
1458097,1831,1903,1929,0.1383,-0.0184,1.3036,-9.308,-2.459,10.952
1458107,2005,1903,1885,0.1424,-0.0083,1.3343,-13.674,-1.280,13.444
1458117,1868,1902,1894,0.1469,0.0002,1.3624,-19.337,0.562,15.852
1458127,2167,1903,1922,0.1500,0.0016,1.3876,-26.076,3.231,17.947
1458137,1964,1904,1898,0.1527,-0.0104,1.4056,-33.625,6.610,19.595
1458147,1806,1901,1872,0.1542,-0.0271,1.4173,-41.622,10.446,20.742
1458157,1844,1903,1884,0.1486,-0.0563,1.4112,-49.100,14.855,21.149
1458167,1892,1904,1873,0.1461,-0.0886,1.4027,-55.334,19.432,21.135
1458177,1808,1810,1874,0.1414,-0.1272,1.3818,-59.508,23.889,20.784
1458187,1892,1859,1876,0.1325,-0.1748,1.3559,-60.760,28.089,20.111
1458197,1828,1881,1876,0.1196,-0.2151,1.3375,-59.257,31.576,20.225
1458207,1880,1893,1889,0.1095,-0.2446,1.3136,-54.830,34.858,21.566
1458217,1834,1807,1891,0.0986,-0.2633,1.2941,-47.954,37.717,23.628
1458227,1929,1890,1886,0.0875,-0.2709,1.2839,-39.613,39.882,25.943
1458237,1845,1837,1876,0.0777,-0.2724,1.2733,-30.050,41.803,28.378
1458247,1850,1817,1891,0.0684,-0.2666,1.2656,-19.894,43.518,30.757
1458257,2035,1812,1886,0.0578,-0.2607,1.2579,-10.011,45.011,32.782
1458267,2078,1856,1883,0.0490,-0.2502,1.2541,-0.529,46.313,34.455
1458277,1786,1843,1877,0.0391,-0.2355,1.2517,8.143,47.380,35.787
1458287,1877,1863,1901,0.0303,-0.2209,1.2447,16.034,48.364,36.812
1458297,1799,1781,1872,0.0230,-0.2046,1.2434,22.879,49.167,37.658
1458307,1844,1834,1885,0.0160,-0.1904,1.2422,28.079,49.708,38.365
1458317,1789,1900,1899,0.0098,-0.1760,1.2410,31.699,50.180,38.938
1458327,1923,1961,1934,0.0050,-0.1639,1.2442,33.724,50.518,39.627
1458337,1846,1914,1897,0.0017,-0.1545,1.2516,34.201,50.720,40.452
1458347,1886,1934,1923,-0.0023,-0.1458,1.2596,33.363,51.075,41.488
1458357,1842,1800,1870,-0.0028,-0.1401,1.2634,31.411,51.782,42.694
1458367,1907,1966,1928,-0.0020,-0.1363,1.2729,28.421,52.647,44.073
1458377,1794,1663,1900,0.0008,-0.1375,1.2742,24.566,53.849,45.467
1458387,2000,2351,1905,0.0064,-0.1439,1.2742,20.453,55.420,46.885
1458397,1814,2202,1935,0.0119,-0.1577,1.2695,15.712,57.044,48.313
1458407,1864,1993,1945,0.0163,-0.1728,1.2585,11.075,58.935,49.824
1458417,1968,2290,2027,0.0240,-0.1868,1.2489,6.500,60.988,52.136
1458427,1995,2109,2168,0.0334,-0.2032,1.2372,2.164,63.115,54.712
1458437,1843,1760,2070,0.0424,-0.2227,1.2264,-1.850,65.205,57.410
1458447,2043,1995,1968,0.0647,-0.2581,1.2242,-5.682,67.138,60.501
1458457,1832,2153,1896,0.0867,-0.3140,1.2457,-10.090,68.703,63.781
1458467,2124,1811,2142,0.1106,-0.3857,1.2671,-16.099,70.202,68.096
1458477,1790,1732,1923,0.1268,-0.4460,1.2913,-22.917,72.540,75.114
1458487,1941,1929,1942,0.1337,-0.4914,1.2911,-30.028,76.611,85.197
1458497,1838,1867,1922,0.1356,-0.5187,1.2832,-36.693,81.216,96.986
1458507,1966,1889,1918,0.1389,-0.5380,1.2803,-43.070,85.119,109.335
1458517,1858,1782,1951,0.1411,-0.5583,1.2754,-48.274,88.631,121.348
1458527,1915,1833,1898,0.1333,-0.5743,1.2627,-51.903,91.983,133.139
1458537,1847,1757,1883,0.1258,-0.5734,1.2523,-53.696,95.206,145.692
1458547,2240,2447,2087,0.1140,-0.5556,1.2412,-54.395,98.389,158.952
1458557,1973,2291,1958,0.0944,-0.5312,1.2386,-53.861,101.322,171.541
1458567,1899,1909,1872,0.0656,-0.4843,1.2221,-51.586,104.617,183.719
1458577,1895,1672,1875,0.0432,-0.4267,1.2032,-47.235,108.416,195.321
1458587,1856,1769,1884,0.0224,-0.3634,1.1854,-41.585,111.937,205.127
1458597,1788,1735,1886,-0.0045,-0.2904,1.1659,-34.286,115.425,212.948
1458607,2479,2106,2367,-0.0267,-0.2032,1.1301,-25.125,119.387,219.542
1458617,1926,2180,1936,-0.0553,-0.1164,1.0749,-14.167,123.737,224.244
1458627,2608,2686,1916,-0.0861,-0.0296,1.0175,-1.927,127.782,226.674
1458637,1729,1896,2253,-0.1241,0.0569,0.9587,10.944,130.884,226.748
1458647,1912,1901,2248,-0.1699,0.1498,0.8969,24.325,133.490,224.772
1458657,1764,2082,2139,-0.1986,0.2519,0.8374,38.642,135.711,221.568
1458667,2161,2545,1918,-0.2216,0.3383,0.7674,53.124,137.207,216.081
1458677,1791,1861,2964,-0.2603,0.4149,0.6926,67.856,138.146,207.231
1458687,3282,4095,2958,-0.2809,0.5021,0.6490,82.677,137.605,197.266
1458697,2371,2414,1884,-0.2939,0.5622,0.6219,94.995,135.210,185.003
1458707,1893,2114,1929,-0.3199,0.5821,0.5903,104.971,131.549,167.758
1458717,1960,2169,2103,-0.3316,0.5846,0.5497,112.368,127.121,149.354
1458727,2300,1606,1959,-0.3375,0.5758,0.4792,118.044,122.635,132.734
1458737,2205,1716,2040,-0.3503,0.5628,0.3836,122.499,118.070,118.799
1458747,1757,1745,2415,-0.3952,0.5840,0.2929,126.291,113.099,108.936
1458757,3628,1517,1967,-0.4250,0.6388,0.2324,128.105,105.615,103.171
1458767,1719,1522,2084,-0.4413,0.7052,0.2452,124.855,93.952,97.906
1458777,1922,1996,2018,-0.4362,0.7539,0.2997,116.312,79.561,90.165
1458787,1992,1462,1952,-0.4308,0.7706,0.3241,105.457,66.742,80.371
1458797,1731,1679,1880,-0.4243,0.7819,0.3360,93.560,56.145,70.706
1458807,2560,1715,1914,-0.4280,0.7832,0.3693,79.428,46.000,61.868
1458817,2346,1847,1959,-0.4456,0.7639,0.3894,63.870,36.747,52.610
1458827,1966,2136,2128,-0.4592,0.7338,0.4016,48.198,28.564,43.968
1458837,1772,1482,1887,-0.4719,0.6981,0.4120,32.730,20.880,36.752
1458847,1727,1869,1975,-0.4815,0.6489,0.4302,18.667,13.571,30.244
1458857,1873,1848,1953,-0.4913,0.5950,0.4702,5.923,6.413,24.367
1458867,2204,1877,1885,-0.5053,0.5464,0.5087,-5.124,0.297,19.682
1458877,1834,1878,1972,-0.5191,0.5120,0.5340,-13.137,-3.498,16.950
1458887,1915,1901,2004,-0.5261,0.4910,0.5631,-18.768,-5.983,15.568
1458897,1996,1875,1947,-0.5366,0.4705,0.5879,-22.602,-7.854,13.894
1458907,1729,1901,1884,-0.5451,0.4503,0.6006,-23.942,-8.811,11.864
1458917,2058,1906,1907,-0.5530,0.4338,0.6078,-22.967,-9.260,9.923
1458927,1981,1915,1883,-0.5675,0.4225,0.5993,-19.885,-9.371,8.012
1458937,1848,1914,1871,-0.5851,0.4281,0.5760,-14.674,-9.066,6.811
1458947,1816,1914,1865,-0.5960,0.4477,0.5626,-8.267,-9.299,6.504
1458957,1977,1918,1933,-0.6031,0.4707,0.5757,-2.120,-10.790,6.189
1458967,1850,1915,1914,-0.6042,0.4944,0.6042,2.715,-12.930,5.537
1458977,2287,1916,1984,-0.5959,0.5123,0.6443,5.754,-14.979,4.814
1458987,1760,1916,1926,-0.5913,0.5128,0.6824,6.426,-16.403,3.321
1458997,2353,1914,1871,-0.5927,0.5019,0.7154,4.930,-17.128,1.234
1459007,2003,1917,1966,-0.5977,0.4911,0.7405,1.549,-17.161,-0.038
1459017,1784,1916,1946,-0.6089,0.4881,0.7505,-2.707,-16.377,-0.270
1459027,1953,1917,1904,-0.6166,0.4987,0.7573,-7.297,-15.322,0.614
1459037,2342,1915,1865,-0.6209,0.5069,0.7674,-11.596,-14.444,1.451
1459047,1952,1916,2011,-0.6252,0.5062,0.7811,-15.093,-13.744,1.380
1459057,1966,1912,2068,-0.6277,0.5019,0.7968,-17.424,-12.888,0.822
1459067,1942,1912,1865,-0.6283,0.4942,0.8095,-18.440,-11.640,0.172
1459077,2018,1912,1904,-0.6291,0.4800,0.8158,-18.410,-10.103,-0.648
1459087,2307,1912,1893,-0.6351,0.4633,0.8198,-17.505,-8.456,-1.566
1459097,2717,1909,1875,-0.6398,0.4468,0.8257,-15.961,-6.849,-2.101
1459107,1908,1911,1966,-0.6434,0.4276,0.8290,-13.897,-5.279,-2.312
1459117,1880,1915,1900,-0.6465,0.4145,0.8307,-11.503,-3.749,-2.090
1459127,2203,1913,1941,-0.6480,0.4133,0.8208,-8.538,-2.023,-1.115
1459137,1914,1911,1957,-0.6451,0.4176,0.8093,-5.027,-0.426,0.212
1459147,1844,1908,1905,-0.6428,0.4205,0.8116,-1.762,0.311,0.985
1459157,1877,1909,1925,-0.6445,0.4255,0.8093,1.363,0.753,1.269
1459167,1772,1910,1889,-0.6430,0.4378,0.7996,4.585,1.506,1.991
1459177,1812,1908,1872,-0.6397,0.4515,0.7931,7.275,2.052,2.859
1459187,2003,1907,1865,-0.6399,0.4628,0.7876,9.081,2.129,3.206
1459197,1713,1909,1985,-0.6386,0.4730,0.7780,10.198,2.105,3.394
1459207,1766,1914,1873,-0.6335,0.4799,0.7749,10.366,1.792,3.532
1459217,1724,1909,1906,-0.6286,0.4769,0.7754,9.373,1.022,3.184
1459227,1996,1908,1870,-0.6243,0.4690,0.7739,7.926,0.317,2.681
1459237,1766,1906,1927,-0.6188,0.4639,0.7738,6.255,-0.260,2.568
1459247,1964,1906,1876,-0.6160,0.4570,0.7717,4.618,-0.782,2.520
1459257,1733,1907,1881,-0.6138,0.4516,0.7685,3.290,-1.221,2.476
1459267,1924,1906,1873,-0.6097,0.4525,0.7672,2.347,-1.592,2.791
1459277,2130,1907,2044,-0.6046,0.4539,0.7652,1.760,-1.812,3.209
1459287,1725,1906,2017,-0.6010,0.4502,0.7632,1.379,-1.876,3.193
1459297,2258,1904,1865,-0.5992,0.4453,0.7643,1.058,-2.001,2.805
1459307,1845,1906,1867,-0.5991,0.4424,0.7639,0.935,-2.019,2.465
1459317,2025,1914,1970,-0.5988,0.4416,0.7668,1.096,-1.921,2.287
1459327,1827,1907,1943,-0.5985,0.4420,0.7668,1.439,-1.749,2.095
1459337,1739,1908,2052,-0.5986,0.4465,0.7640,2.110,-1.402,1.982
1459347,1721,1909,1880,-0.5963,0.4525,0.7634,2.824,-1.016,2.026
1459357,1869,1907,1945,-0.5969,0.4555,0.7649,3.180,-0.824,1.712
1459367,1758,1907,1874,-0.5988,0.4551,0.7653,3.212,-0.691,1.084
1459377,1927,1908,1907,-0.6016,0.4550,0.7634,3.162,-0.420,0.604
1459387,2174,1908,1867,-0.6047,0.4562,0.7596,3.035,-0.182,0.288
1459397,1721,1905,1933,-0.6067,0.4579,0.7543,2.903,-0.073,0.003
1459407,1721,1906,1894,-0.6077,0.4564,0.7515,2.828,-0.103,-0.354
1459417,2179,1905,1897,-0.6086,0.4532,0.7560,2.577,-0.429,-0.805
1459427,1905,1907,1895,-0.6086,0.4518,0.7616,2.212,-0.818,-1.087
1459437,1772,1905,1923,-0.6099,0.4510,0.7626,1.893,-0.989,-1.069
1459447,1892,1906,1910,-0.6114,0.4512,0.7675,1.449,-1.198,-0.935
1459457,1990,1904,1912,-0.6145,0.4524,0.7721,1.030,-1.432,-0.825
1459467,1965,1903,1913,-0.6174,0.4552,0.7708,0.917,-1.495,-0.674
1459477,1827,1903,1993,-0.6196,0.4594,0.7693,1.110,-1.555,-0.522
1459487,1940,1904,1939,-0.6203,0.4622,0.7713,1.564,-1.795,-0.624
1459497,1906,1903,1865,-0.6206,0.4597,0.7744,2.856,-2.141,-1.233
1459507,2020,1904,1892,-0.6217,0.4524,0.7783,4.404,-2.402,-1.824
1459517,1831,1904,1885,-0.6230,0.4464,0.7823,5.725,-2.614,-2.252
1459527,1798,1903,1911,-0.6235,0.4458,0.7858,6.898,-2.621,-2.194
1459537,1876,1905,1929,-0.6245,0.4487,0.7862,7.949,-2.413,-1.817
1459547,1889,1908,1870,-0.6257,0.4512,0.7838,8.869,-2.127,-1.526
1459557,1836,1903,1879,-0.6255,0.4537,0.7809,9.552,-1.888,-1.281
1459567,1886,1903,1909,-0.6254,0.4575,0.7779,9.990,-1.716,-1.044
1459577,1772,1903,1911,-0.6257,0.4599,0.7753,10.249,-1.565,-0.846
1459587,1907,1903,1944,-0.6267,0.4598,0.7715,10.300,-1.417,-0.745
1459597,1756,1903,1913,-0.6284,0.4606,0.7655,10.063,-1.346,-0.661
1459607,2279,1896,1865,-0.6276,0.4632,0.7632,9.602,-1.394,-0.424
1459617,1964,1904,1940,-0.6260,0.4641,0.7579,8.915,-1.520,-0.140
1459627,1732,1903,1906,-0.6241,0.4624,0.7534,8.062,-1.717,-0.118
1459637,1837,1901,1953,-0.6218,0.4638,0.7500,7.180,-1.935,0.031
1459647,1827,1901,1898,-0.6198,0.4681,0.7474,6.329,-2.142,0.415
1459657,1739,1903,1895,-0.6178,0.4706,0.7490,5.477,-2.443,0.678
1459667,1837,1903,1942,-0.6158,0.4704,0.7490,4.542,-2.794,0.675
1459677,1809,1904,1925,-0.6145,0.4697,0.7490,3.536,-3.128,0.614
1459687,1816,1905,1896,-0.6110,0.4683,0.7528,2.477,-3.429,0.665
1459697,2367,1902,1885,-0.6062,0.4648,0.7587,1.325,-3.713,0.733
1459707,1770,1906,1907,-0.6032,0.4620,0.7658,0.167,-3.851,0.839
1459717,1784,1905,1929,-0.6013,0.4618,0.7693,-0.791,-3.611,1.199
1459727,2048,1904,1871,-0.6002,0.4661,0.7690,-1.370,-3.032,1.720
1459737,1723,1904,1887,-0.6000,0.4707,0.7685,-1.624,-2.419,2.079
1459747,1742,1905,1953,-0.6018,0.4744,0.7703,-1.627,-1.910,2.092
1459757,1799,1903,1869,-0.6054,0.4760,0.7695,-1.375,-1.398,1.812
1459767,1866,1904,1908,-0.6065,0.4753,0.7686,-0.939,-0.885,1.435
1459777,1724,1902,1993,-0.6062,0.4722,0.7667,-0.481,-0.494,0.960
1459787,2235,1902,1907,-0.6064,0.4674,0.7669,-0.076,-0.204,0.419
1459797,1766,1904,1985,-0.6064,0.4665,0.7644,0.295,0.061,0.133
1459807,1839,1903,1916,-0.6068,0.4672,0.7618,0.572,0.301,0.167
1459817,1806,1903,1869,-0.6081,0.4690,0.7630,0.595,0.442,0.194
1459827,1833,1906,1884,-0.6111,0.4699,0.7648,0.338,0.481,0.074
1459837,2098,1903,1867,-0.6133,0.4696,0.7621,-0.011,0.594,-0.061
1459847,1936,1904,1980,-0.6154,0.4704,0.7605,-0.471,0.658,-0.103
1459857,1898,1905,1878,-0.6159,0.4718,0.7623,-1.161,0.514,-0.113
1459867,1747,1905,1872,-0.6155,0.4711,0.7623,-1.845,0.428,-0.180
1459877,1816,1904,1901,-0.6154,0.4688,0.7653,-2.532,0.370,-0.320
1459887,1758,1903,1870,-0.6159,0.4656,0.7675,-3.230,0.292,-0.496
1459897,1821,1903,1871,-0.6195,0.4621,0.7665,-3.674,0.433,-0.671
1459907,2009,1903,1912,-0.6213,0.4593,0.7663,-3.922,0.582,-0.748
1459917,2207,1903,1899,-0.6209,0.4549,0.7697,-4.131,0.531,-0.779
1459927,2091,1905,1870,-0.6219,0.4490,0.7709,-4.239,0.561,-0.855
1459937,1724,1904,1969,-0.6220,0.4477,0.7705,-4.174,0.728,-0.657
1459947,1737,1905,1873,-0.6209,0.4491,0.7696,-3.987,0.935,-0.265
1459957,1922,1904,1871,-0.6227,0.4493,0.7681,-3.694,1.118,-0.034
1459967,1772,1904,1934,-0.6235,0.4491,0.7677,-3.352,1.187,0.071
1459977,1782,1902,1880,-0.6229,0.4493,0.7701,-3.046,1.144,0.185
1459987,1758,1903,1869,-0.6236,0.4520,0.7684,-2.640,1.271,0.384
1459997,1751,1904,1874,-0.6223,0.4565,0.7643,-2.121,1.510,0.711
1460007,1729,1904,1872,-0.6202,0.4569,0.7664,-1.780,1.559,0.841
1460017,1834,1899,1908,-0.6211,0.4524,0.7687,-1.703,1.449,0.648
1460027,1721,1902,1872,-0.6222,0.4497,0.7702,-1.711,1.518,0.574
1460037,1788,1902,1889,-0.6238,0.4513,0.7684,-1.722,1.750,0.871
1460047,1857,1902,1913,-0.6253,0.4549,0.7648,-1.766,1.941,1.223
1460057,1784,1903,2093,-0.6263,0.4561,0.7634,-1.878,1.943,1.401
1460067,1907,1902,1885,-0.6257,0.4557,0.7668,-2.090,1.698,1.436
1460077,1892,1901,1921,-0.6255,0.4526,0.7728,-2.359,1.362,1.362
1460087,2337,1903,1868,-0.6250,0.4506,0.7759,-2.552,1.221,1.362
1460097,1777,1902,1892,-0.6237,0.4529,0.7760,-2.584,1.296,1.602
1460107,2028,1901,1929,-0.6235,0.4581,0.7760,-2.467,1.457,1.907
1460117,1765,1902,1902,-0.6229,0.4628,0.7751,-2.170,1.591,2.006
1460127,2142,1904,1908,-0.6222,0.4643,0.7772,-1.745,1.676,1.793
1460137,1929,1903,1865,-0.6221,0.4611,0.7793,-1.293,1.727,1.320
1460147,1749,1903,1880,-0.6223,0.4579,0.7801,-0.867,1.792,0.831
1460157,1977,1904,1878,-0.6224,0.4544,0.7790,-0.446,1.918,0.533
1460167,1775,1903,1916,-0.6228,0.4501,0.7745,0.022,2.128,0.375
1460177,1727,1901,1882,-0.6227,0.4462,0.7727,0.458,2.246,0.270
1460187,2126,1903,1891,-0.6225,0.4422,0.7700,0.832,2.257,0.153
1460197,1766,1900,1899,-0.6233,0.4400,0.7661,1.335,2.317,0.157
1460207,1838,1900,1879,-0.6258,0.4418,0.7607,1.866,2.350,0.368
1460217,1715,1900,1892,-0.6267,0.4443,0.7574,2.362,2.208,0.596
1460227,1769,1901,1893,-0.6261,0.4453,0.7601,2.652,1.797,0.713
1460237,1722,1901,1932,-0.6255,0.4442,0.7649,2.667,1.268,0.744
1460247,1908,1901,1867,-0.6239,0.4443,0.7649,2.498,0.938,0.881
1460257,1766,1901,1937,-0.6228,0.4453,0.7646,2.135,0.734,1.217
1460267,1775,1901,1872,-0.6223,0.4484,0.7642,1.609,0.509,1.549
1460277,2025,1900,1872,-0.6218,0.4524,0.7631,1.090,0.330,1.762
1460287,1761,1902,1892,-0.6217,0.4543,0.7632,0.645,0.120,1.801
1460297,2278,1905,1915,-0.6221,0.4551,0.7650,0.229,-0.172,1.616
1460307,1831,1903,1898,-0.6235,0.4575,0.7651,0.042,-0.344,1.468
1460317,1856,1902,1924,-0.6232,0.4629,0.7673,-0.009,-0.432,1.496
1460327,1717,1903,2079,-0.6226,0.4680,0.7742,-0.166,-0.555,1.445
1460337,1777,1908,1970,-0.6232,0.4720,0.7748,-0.374,-0.481,1.203
1460347,1781,1903,1870,-0.6232,0.4700,0.7712,-0.653,-0.265,0.790
1460357,1778,1903,1935,-0.6215,0.4589,0.7737,-1.159,-0.360,0.111
1460367,1748,1901,1868,-0.6199,0.4427,0.7828,-1.759,-0.780,-0.712
1460377,1928,1902,1923,-0.6195,0.4279,0.7923,-2.036,-1.005,-1.120
1460387,1747,1903,1923,-0.6199,0.4206,0.7979,-1.664,-0.752,-0.896
1460397,1826,1903,1883,-0.6216,0.4237,0.7971,-0.598,-0.083,-0.153
1460407,1730,1903,1912,-0.6225,0.4304,0.7880,0.991,0.752,0.727
1460417,1765,1902,1878,-0.6232,0.4336,0.7797,2.723,1.428,1.148
1460427,1734,1902,1871,-0.6256,0.4367,0.7747,4.282,1.696,1.122
1460437,1807,1902,1891,-0.6272,0.4439,0.7699,5.884,1.885,1.225
1460447,1717,1901,1883,-0.6280,0.4539,0.7587,7.637,2.295,1.572
1460457,1753,1898,1884,-0.6295,0.4642,0.7505,9.084,2.497,1.707
1460467,1722,1900,1869,-0.6312,0.4741,0.7466,9.941,2.336,1.434
1460477,1902,1901,1878,-0.6313,0.4813,0.7384,10.223,2.136,0.937
1460487,1720,1903,1879,-0.6307,0.4850,0.7324,9.748,1.831,0.325
1460497,1754,1903,1872,-0.6322,0.4865,0.7276,8.408,1.274,-0.380
1460507,2061,1903,1867,-0.6342,0.4875,0.7229,6.382,0.551,-1.007
1460517,1806,1904,1981,-0.6352,0.4872,0.7188,3.873,-0.306,-1.443
1460527,1719,1903,1868,-0.6361,0.4873,0.7136,1.111,-1.255,-1.838
1460537,1777,1907,1924,-0.6357,0.4900,0.7087,-1.586,-2.264,-2.176
1460547,1767,1902,1908,-0.6334,0.4966,0.7085,-4.012,-3.425,-2.456
1460557,1771,1901,1882,-0.6329,0.5030,0.7079,-6.055,-4.645,-3.057
1460567,1717,1917,1871,-0.6338,0.5093,0.7036,-7.433,-5.727,-4.101
1460577,1816,1902,1873,-0.6339,0.5191,0.7016,-8.050,-6.797,-5.359
1460587,1912,1900,1889,-0.6340,0.5281,0.6960,-7.828,-7.956,-7.050
1460597,1821,1902,1890,-0.6350,0.5341,0.6809,-6.676,-9.073,-9.297
1460607,1749,1903,1884,-0.6358,0.5381,0.6687,-4.760,-10.472,-11.968
1460617,1726,1902,1877,-0.6344,0.5413,0.6690,-2.477,-12.508,-14.825
1460627,1742,1903,1893,-0.6317,0.5436,0.6695,0.236,-14.693,-17.743
1460637,1753,1901,1867,-0.6279,0.5474,0.6663,3.197,-16.728,-20.602
1460647,2059,1897,1892,-0.6241,0.5540,0.6632,5.915,-18.827,-23.381
1460657,1727,1903,1935,-0.6196,0.5602,0.6603,8.158,-21.039,-26.275
1460667,1875,1902,1900,-0.6164,0.5646,0.6507,9.840,-23.290,-29.480
1460677,1999,1901,1910,-0.6130,0.5681,0.6396,10.890,-25.669,-32.855
1460687,2003,1903,1874,-0.6123,0.5700,0.6243,11.395,-28.303,-36.453
1460697,1815,1900,1890,-0.6094,0.5697,0.6132,11.554,-31.438,-40.161
1460707,1750,1902,1872,-0.6052,0.5666,0.6071,11.399,-35.083,-43.977
1460717,1794,1903,1882,-0.6018,0.5623,0.5980,11.257,-38.851,-47.849
1460727,1776,1903,1891,-0.5953,0.5596,0.5921,11.113,-42.765,-51.356
1460737,1802,1903,1872,-0.5897,0.5550,0.5858,10.596,-46.942,-54.745
1460747,1761,1901,1901,-0.5819,0.5502,0.5815,9.755,-51.359,-58.217
1460757,1805,1903,1880,-0.5713,0.5440,0.5818,8.587,-55.948,-61.652
1460767,1749,1902,1988,-0.5608,0.5354,0.5869,7.197,-60.704,-65.298
1460777,1846,1902,1875,-0.5457,0.5252,0.5982,5.788,-65.554,-69.054
1460787,1730,1902,1900,-0.5285,0.5059,0.6071,4.446,-70.177,-73.059
1460797,1825,1904,1879,-0.5134,0.4817,0.6105,3.098,-74.436,-77.321
1460807,1797,1901,1884,-0.4999,0.4561,0.6121,1.742,-78.494,-81.203
1460817,1810,1898,1870,-0.4879,0.4360,0.6196,0.438,-82.635,-84.405
1460827,1724,1899,1889,-0.4755,0.4166,0.6312,-0.632,-86.891,-87.151
1460837,1886,1901,1883,-0.4633,0.3983,0.6443,-1.405,-91.059,-89.709
1460847,1731,1903,1891,-0.4507,0.3803,0.6543,-1.688,-94.928,-92.064
1460857,1813,1902,1873,-0.4359,0.3649,0.6657,-1.398,-98.512,-94.205
1460867,1719,1901,1894,-0.4152,0.3454,0.6825,-0.869,-102.029,-96.374
1460877,1882,1900,1874,-0.3970,0.3212,0.6946,-0.171,-105.285,-98.857
1460887,1747,1898,1901,-0.3783,0.2989,0.7051,0.913,-108.084,-101.008
1460897,1868,1899,1881,-0.3564,0.2783,0.7209,2.189,-110.663,-102.506
1460907,1908,1902,1887,-0.3426,0.2605,0.7270,3.667,-112.889,-103.903
1460917,1817,1521,1871,-0.3291,0.2505,0.7323,5.818,-114.742,-104.879
1460927,1790,1551,1893,-0.3122,0.2467,0.7555,8.325,-116.915,-105.421
1460937,1752,1656,1891,-0.2970,0.2394,0.7768,10.853,-119.178,-106.327
1460947,1723,1702,1915,-0.2789,0.2271,0.7955,13.637,-121.069,-107.690
1460957,1743,1740,1873,-0.2529,0.2099,0.8188,15.906,-122.808,-108.797
1460967,1720,1830,1893,-0.2310,0.1860,0.8324,17.225,-124.674,-109.792
1460977,1856,1598,1903,-0.2053,0.1659,0.8591,17.450,-126.669,-110.146
1460987,1935,1477,1914,-0.1858,0.1528,0.8877,17.269,-128.216,-109.543
1460997,1809,1612,1874,-0.1696,0.1541,0.9044,16.892,-128.797,-107.841
1461007,1798,1480,1871,-0.1608,0.1608,0.9145,16.121,-128.631,-105.758
1461017,1795,1582,1932,-0.1475,0.1750,0.9175,15.526,-128.543,-104.095
1461027,1735,1551,1920,-0.1329,0.1822,0.9263,14.539,-128.861,-103.062
1461037,1769,1650,1924,-0.1087,0.1753,0.9460,12.431,-129.992,-102.920
1461047,2000,1489,1894,-0.0786,0.1546,0.9691,9.128,-131.560,-103.189
1461057,1850,1614,1889,-0.0487,0.1313,0.9825,4.660,-132.891,-102.803
1461067,1810,1546,1869,-0.0234,0.1120,0.9970,-0.736,-133.691,-101.314
1461077,1831,1807,1949,0.0036,0.0965,1.0021,-6.410,-133.816,-98.922
1461087,1956,1833,1875,0.0295,0.0816,1.0126,-12.422,-133.574,-96.240
1461097,1803,1750,1905,0.0535,0.0628,1.0280,-18.678,-133.389,-93.813
1461107,1871,1835,1901,0.0746,0.0487,1.0490,-24.657,-133.049,-91.570
1461117,1994,1853,1923,0.0959,0.0361,1.0695,-30.510,-132.346,-89.270
1461127,1833,1799,1869,0.1158,0.0191,1.0868,-35.792,-131.145,-87.600
1461137,1932,1767,1988,0.1368,-0.0045,1.1003,-40.689,-128.561,-86.386
1461147,1742,1785,1880,0.1577,-0.0353,1.1058,-44.303,-125.676,-85.183
1461157,1719,1772,1912,0.1702,-0.0614,1.1060,-46.771,-122.771,-83.930
1461167,1733,1746,1888,0.1805,-0.0796,1.1134,-47.580,-119.846,-81.476
1461177,1884,1745,1891,0.1944,-0.0911,1.1358,-47.747,-117.811,-78.007
1461187,1720,1789,1934,0.1952,-0.1004,1.1574,-47.920,-116.459,-74.558
1461197,1737,1771,2013,0.2098,-0.0986,1.1916,-48.120,-115.035,-70.392
1461207,1826,1545,1884,0.2262,-0.1040,1.2227,-48.936,-113.248,-66.427
1461217,1777,1759,1922,0.2474,-0.1158,1.2511,-50.254,-110.969,-63.426
1461227,2161,1710,1870,0.2671,-0.1365,1.2644,-51.143,-107.993,-61.024
1461237,1821,1738,1938,0.2886,-0.1468,1.2729,-50.569,-104.473,-58.724
1461247,1978,1582,1871,0.3013,-0.1601,1.2930,-48.761,-101.236,-55.986
1461257,1893,1720,1937,0.3115,-0.1761,1.3134,-45.020,-97.857,-53.136
1461267,1816,1720,1871,0.3188,-0.1838,1.3370,-39.827,-94.268,-49.929
1461277,1802,1710,1937,0.3241,-0.1751,1.3571,-34.208,-90.379,-46.280
1461287,1864,1679,1872,0.3326,-0.1624,1.3737,-28.647,-86.109,-42.580
1461297,1916,1729,1877,0.3416,-0.1493,1.3898,-23.844,-81.571,-39.164
1461307,2079,1767,1887,0.3458,-0.1330,1.4009,-19.254,-76.547,-36.104
1461317,1718,1722,1974,0.3436,-0.1187,1.4004,-14.676,-71.050,-33.440
1461327,1725,1711,1895,0.3389,-0.1102,1.4000,-9.989,-65.625,-31.336
1461337,1801,1746,1892,0.3344,-0.1049,1.4068,-5.813,-60.906,-29.590
1461347,1835,1715,1866,0.3309,-0.0937,1.4066,-2.164,-56.482,-27.848
1461357,1771,1709,1880,0.3290,-0.0806,1.4047,0.777,-52.121,-25.955
1461367,1811,1690,1870,0.3296,-0.0666,1.4073,2.251,-48.314,-23.855
1461377,1754,1677,1870,0.3300,-0.0526,1.4017,2.325,-44.802,-21.767
1461387,1928,1693,1938,0.3321,-0.0398,1.3942,1.208,-41.474,-19.733
1461397,1861,1713,1884,0.3329,-0.0363,1.3875,-0.960,-38.356,-17.943
1461407,1870,1688,1876,0.3340,-0.0422,1.3787,-3.733,-35.315,-16.459
1461417,1922,1707,1872,0.3338,-0.0451,1.3635,-6.667,-32.241,-14.910
1461427,1755,1691,1874,0.3312,-0.0461,1.3437,-9.097,-29.086,-13.240
1461437,1962,1698,1867,0.3278,-0.0458,1.3260,-11.277,-26.286,-11.631
1461447,1725,1728,1879,0.3250,-0.0444,1.3077,-13.017,-23.877,-10.169
1461457,1743,1702,1869,0.3259,-0.0463,1.2906,-14.335,-21.758,-8.939
1461467,1845,1707,1874,0.3362,-0.0386,1.2613,-15.092,-19.767,-7.924
1461477,1830,1694,1958,0.3521,-0.0212,1.2754,-14.033,-17.786,-6.111
1461487,1794,1665,1869,0.3491,-0.0484,1.2668,-13.589,-16.992,-7.340
1461497,1731,1655,1871,0.3331,-0.1001,1.2693,-12.138,-15.655,-10.735
1461507,1849,1745,1892,0.3414,-0.1171,1.3033,-11.200,-13.641,-8.919
1461517,1994,1663,1873,0.3317,-0.1283,1.2967,-10.062,-10.258,-5.499
1461527,1895,1634,1898,0.3278,-0.1263,1.2704,-8.699,-6.191,-2.120
1461537,1805,1661,1867,0.3284,-0.1215,1.2440,-7.869,-3.044,0.653
1461547,1790,1650,1884,0.3262,-0.1188,1.2172,-5.942,-0.979,1.812
1461557,1768,1670,1863,0.3215,-0.1100,1.1954,-2.712,0.518,2.672
1461567,1800,1655,1890,0.3171,-0.0989,1.1717,1.049,1.665,3.535
1461577,1841,1647,1871,0.3107,-0.0906,1.1541,4.691,2.193,3.965
1461587,1806,1645,1902,0.3024,-0.0835,1.1447,7.726,1.991,4.209
1461597,1865,1658,1871,0.2920,-0.0719,1.1326,10.227,1.770,4.765
1461607,1779,1614,1938,0.2887,-0.0566,1.1214,12.314,1.634,5.856
1461617,1849,1662,1872,0.2876,-0.0408,1.1238,13.684,1.039,7.009
1461627,1727,1617,1878,0.2880,-0.0277,1.1260,14.155,0.236,7.530
1461637,1837,1665,1876,0.2909,-0.0114,1.1252,14.089,-0.068,7.923
1461647,1758,1653,1910,0.2996,0.0024,1.1324,13.165,-0.412,8.087
1461657,1909,1669,1869,0.3040,-0.0016,1.1386,11.413,-0.841,6.936
1461667,1746,1660,1905,0.3019,-0.0098,1.1434,9.375,-0.921,5.388
1461677,1927,1674,1871,0.3096,-0.0128,1.1375,7.150,-0.674,4.837
1461687,1743,1649,1915,0.3101,-0.0162,1.1377,5.072,-0.225,4.660
1461697,1843,1675,1869,0.3075,-0.0220,1.1404,2.609,-0.217,4.038
1461707,1731,1645,1905,0.3057,-0.0320,1.1277,0.968,0.034,3.184
1461717,1866,1687,1870,0.3111,-0.0401,1.1179,0.077,0.177,2.889
1461727,1768,1691,1895,0.3105,-0.0478,1.1267,-0.559,-0.325,2.668
1461737,1845,1681,1875,0.3076,-0.0541,1.1249,-0.673,-0.628,2.619
1461747,1758,1658,1871,0.3048,-0.0509,1.1168,-0.178,-0.391,3.217
1461757,1839,1689,1873,0.3096,-0.0411,1.1124,0.212,-0.253,4.235
1461767,1775,1680,1896,0.3118,-0.0426,1.1117,0.674,-0.433,4.470
1461777,1806,1675,1885,0.3121,-0.0488,1.1153,1.318,-0.811,3.940
1461787,1760,1679,1900,0.3123,-0.0463,1.1240,1.963,-1.116,3.924
1461797,1843,1709,1887,0.3100,-0.0423,1.1251,2.519,-0.917,4.249
1461807,1738,1666,1896,0.3063,-0.0414,1.1182,2.939,-0.422,4.185
1461817,1814,1685,1877,0.3029,-0.0417,1.1160,2.878,-0.363,3.834
1461827,1775,1681,1925,0.2983,-0.0390,1.1094,2.780,-0.433,3.613
1461837,1819,1693,1874,0.3008,-0.0382,1.0953,3.020,-0.430,3.614
1461847,1772,1669,1904,0.3047,-0.0429,1.0895,3.499,-0.852,3.292
1461857,1890,1678,1886,0.3097,-0.0478,1.0909,4.302,-1.679,2.831
1461867,1775,1666,1887,0.3162,-0.0512,1.0957,5.716,-2.410,2.674
1461877,1858,1686,1873,0.3169,-0.0563,1.0994,7.399,-2.869,2.615
1461887,1785,1671,1897,0.3168,-0.0528,1.0999,9.135,-3.038,2.905
1461897,1832,1715,1894,0.3190,-0.0418,1.1023,10.839,-3.034,3.809
1461907,1997,1677,1901,0.3217,-0.0345,1.1047,12.057,-3.021,4.483
1461917,1776,1666,1883,0.3212,-0.0337,1.1047,12.969,-3.004,4.439
1461927,1758,1623,1887,0.3244,-0.0329,1.1048,13.748,-2.933,4.506
1461937,2229,1795,1872,0.3248,-0.0303,1.1031,14.390,-2.716,4.768
1461947,1870,1701,1905,0.3219,-0.0251,1.1000,14.779,-2.522,4.933
1461957,1727,1680,1884,0.3198,-0.0219,1.0988,14.903,-2.456,4.976
1461967,2198,1603,1940,0.3190,-0.0192,1.0949,14.834,-2.452,4.797
1461977,2340,1729,1881,0.3200,-0.0140,1.0911,14.808,-2.401,4.755
1461987,1988,1690,1922,0.3214,-0.0096,1.0919,14.773,-2.542,4.692
1461997,1807,1639,1890,0.3229,-0.0086,1.0904,14.865,-2.692,4.243
1462007,1842,1688,1923,0.3232,-0.0120,1.0945,15.297,-2.717,3.653
1462017,2000,1678,1873,0.3181,-0.0158,1.0956,15.714,-2.921,2.820
1462027,1884,1661,1912,0.3137,-0.0126,1.0862,16.522,-2.613,2.682
1462037,1776,1664,1871,0.3190,-0.0049,1.0856,17.171,-2.491,3.255
1462047,1968,1624,1906,0.3201,-0.0048,1.0955,17.151,-3.139,3.008
1462057,1785,1669,1884,0.3204,-0.0027,1.0972,17.226,-3.522,2.430
1462067,2303,1678,1882,0.3256,0.0056,1.0960,17.775,-3.242,2.644
1462077,1796,1712,1892,0.3277,0.0110,1.0972,18.300,-2.932,2.648
1462087,1749,1651,1895,0.3251,0.0122,1.0979,18.689,-2.709,2.008
1462097,1783,1684,1879,0.3266,0.0165,1.0985,19.064,-2.393,1.604
1462107,1779,1686,1909,0.3299,0.0209,1.1031,19.316,-2.017,1.461
1462117,1810,1699,1881,0.3298,0.0232,1.1061,19.543,-1.481,1.171
1462127,1771,1684,1909,0.3291,0.0286,1.1090,19.772,-0.809,0.975
1462137,1810,1687,1880,0.3272,0.0367,1.1085,20.018,-0.039,1.005
1462147,1771,1675,1922,0.3252,0.0429,1.1078,20.196,0.610,0.926
1462157,1831,1694,1875,0.3240,0.0476,1.1118,20.174,0.932,0.796
1462167,1769,1688,1905,0.3225,0.0541,1.1140,19.950,1.228,0.838
1462177,1834,1697,1873,0.3219,0.0592,1.1108,19.539,1.630,0.998
1462187,1778,1687,1907,0.3215,0.0657,1.1112,18.808,1.858,1.063
1462197,1848,1699,1878,0.3216,0.0700,1.1120,17.893,1.993,1.087
1462207,1765,1685,1904,0.3212,0.0732,1.1112,16.948,2.175,1.131
1462217,1831,1696,1878,0.3195,0.0766,1.1114,15.882,2.267,1.175
1462227,1734,1684,1922,0.3174,0.0809,1.1119,14.683,2.310,1.255
1462237,1823,1699,1878,0.3149,0.0858,1.1131,13.521,2.379,1.449
1462247,1756,1688,1907,0.3129,0.0881,1.1128,12.362,2.433,1.577
1462257,1844,1705,1885,0.3108,0.0874,1.1073,11.184,2.482,1.603
1462267,1755,1703,1912,0.3090,0.0892,1.1052,9.922,2.432,1.712
1462277,1741,1718,1876,0.3097,0.0923,1.1081,8.426,2.167,1.919
1462287,1741,1707,1899,0.3099,0.0916,1.1092,6.880,1.946,1.996
1462297,1882,1708,1876,0.3083,0.0887,1.1046,5.506,1.867,1.842
1462307,1754,1698,1898,0.3084,0.0864,1.1056,4.129,1.547,1.744
1462317,1841,1711,1872,0.3096,0.0846,1.1081,2.831,1.071,1.790
1462327,1757,1696,1903,0.3108,0.0817,1.1056,1.836,0.790,1.832
1462337,1827,1709,1874,0.3117,0.0790,1.1038,1.106,0.639,1.920
1462347,1755,1704,1903,0.3135,0.0772,1.1034,0.506,0.484,2.043
1462357,1857,1721,1876,0.3151,0.0753,1.1024,0.045,0.421,2.147
1462367,1749,1705,1906,0.3162,0.0732,1.1004,-0.306,0.474,2.193
1462377,1830,1721,1874,0.3158,0.0709,1.1000,-0.563,0.560,2.125
1462387,1762,1701,1903,0.3154,0.0686,1.1009,-0.709,0.671,1.950
1462397,1827,1718,1879,0.3151,0.0669,1.1012,-0.681,0.854,1.791
1462407,1767,1704,1898,0.3151,0.0652,1.1020,-0.442,1.005,1.683
1462417,1803,1722,1873,0.3141,0.0626,1.1024,0.002,1.134,1.546
1462427,1763,1707,1907,0.3139,0.0622,1.1025,0.625,1.304,1.509
1462437,1815,1723,1870,0.3144,0.0642,1.1026,1.337,1.575,1.646
1462447,1757,1706,1912,0.3141,0.0640,1.1021,1.969,1.803,1.637
1462457,1840,1730,1883,0.3130,0.0669,1.1021,2.534,2.012,1.569
1462467,1742,1709,1902,0.3131,0.0712,1.1026,3.037,2.245,1.630
1462477,1850,1723,1877,0.3095,0.0758,1.1032,3.373,2.457,1.534
1462487,1768,1714,1908,0.3111,0.0746,1.0990,3.644,2.663,1.211
1462497,1815,1728,1869,0.3102,0.0739,1.0995,3.877,2.764,0.921
1462507,1752,1715,1890,0.3096,0.0753,1.1056,3.914,2.644,0.812
1462517,1822,1730,1878,0.3086,0.0762,1.1036,3.996,2.779,0.805
1462527,1759,1720,1919,0.3082,0.0773,1.1017,4.046,3.013,0.807
1462537,1803,1732,1881,0.3083,0.0778,1.1044,3.805,2.972,0.738
1462547,1744,1721,1906,0.3057,0.0751,1.1032,3.470,2.839,0.393
1462557,1852,1730,1883,0.3056,0.0755,1.1029,3.283,2.795,0.213
1462567,1764,1726,1912,0.3055,0.0753,1.1013,3.195,2.741,0.228
1462577,1821,1732,1881,0.3054,0.0745,1.1006,3.219,2.674,0.142
1462587,1774,1725,1923,0.3046,0.0748,1.1020,3.357,2.635,0.143
1462597,1804,1735,1888,0.3050,0.0763,1.1021,3.550,2.655,0.302
1462607,1766,1722,1911,0.3044,0.0780,1.1024,3.700,2.677,0.377
1462617,1823,1731,1880,0.3025,0.0801,1.1020,3.781,2.686,0.377
1462627,1754,1726,1927,0.3020,0.0815,1.1019,3.789,2.682,0.367
1462637,1813,1739,1890,0.3013,0.0841,1.1023,3.688,2.604,0.317
1462647,1758,1725,1926,0.3011,0.0851,1.1042,3.501,2.454,0.244
1462657,1803,1740,1885,0.3017,0.0841,1.1052,3.307,2.279,0.068
1462667,1766,1727,1923,0.3012,0.0836,1.1048,3.186,2.211,-0.142
1462677,1806,1743,1872,0.3023,0.0833,1.1053,3.106,2.212,-0.210
1462687,1745,1729,1941,0.3016,0.0829,1.1056,3.004,2.182,-0.320
1462697,1813,1743,1889,0.3013,0.0833,1.1061,2.975,2.203,-0.429
1462707,1759,1730,1936,0.3008,0.0844,1.1059,3.055,2.300,-0.475
1462717,1818,1741,1895,0.2994,0.0843,1.1056,3.218,2.423,-0.541
1462727,1757,1738,1932,0.2978,0.0843,1.1039,3.367,2.542,-0.557
1462737,1828,1750,1893,0.2972,0.0855,1.1033,3.494,2.629,-0.523
1462747,1761,1740,1920,0.2971,0.0843,1.1037,3.608,2.680,-0.651
1462757,1808,1743,1889,0.2940,0.0827,1.1032,3.786,2.731,-0.843
1462767,1749,1742,1936,0.2937,0.0834,1.1036,4.009,2.785,-0.729
1462777,1829,1748,1903,0.2935,0.0872,1.1030,4.340,2.655,-0.333
1462787,1760,1744,1943,0.2937,0.0906,1.1066,4.656,2.394,0.046
1462797,1823,1754,1922,0.2930,0.0935,1.1086,4.978,2.111,0.300
1462807,1764,1740,1934,0.2913,0.0973,1.1065,5.258,2.005,0.584
1462817,1818,1750,1899,0.2918,0.1010,1.1025,5.301,1.925,1.018
1462827,1778,1735,1951,0.2919,0.1036,1.1035,4.937,1.593,1.334
1462837,1831,1754,1909,0.2914,0.1059,1.1039,4.355,1.191,1.510
1462847,1774,1738,1939,0.2920,0.1072,1.1052,3.760,0.858,1.709
1462857,1820,1754,1902,0.2914,0.1070,1.1046,3.150,0.509,1.816
1462867,1768,1742,1939,0.2912,0.1046,1.1048,2.597,0.122,1.774
1462877,1825,1759,1899,0.2915,0.1025,1.1043,2.127,-0.249,1.755
1462887,1755,1742,1942,0.2920,0.1007,1.1036,1.727,-0.585,1.800
1462897,1816,1758,1899,0.2926,0.0997,1.1039,1.436,-0.883,1.858
1462907,1773,1739,1941,0.2937,0.0987,1.1028,1.263,-1.125,1.905
1462917,1820,1754,1911,0.2936,0.0977,1.1040,1.202,-1.302,1.908
1462927,1771,1741,1952,0.2937,0.0966,1.1041,1.224,-1.363,1.885
1462937,1810,1755,1901,0.2946,0.0975,1.1033,1.383,-1.326,1.892
1462947,1778,1741,1948,0.2970,0.0980,1.1037,1.520,-1.312,1.937
1462957,1815,1754,1908,0.2954,0.0983,1.1061,1.577,-1.370,1.900
1462967,1773,1750,1957,0.2960,0.1004,1.1049,1.579,-1.322,1.877
1462977,1825,1762,1934,0.2971,0.1003,1.1019,1.667,-1.134,1.774
1462987,1772,1748,1945,0.2978,0.1003,1.1030,1.654,-1.016,1.492
1462997,1819,1768,1907,0.2978,0.0997,1.1039,1.627,-0.938,1.207
1463007,1772,1748,1936,0.2985,0.1005,1.1037,1.725,-0.703,1.069
1463017,1834,1766,1902,0.2990,0.1002,1.1035,1.828,-0.435,0.903
1463027,1757,1746,1902,0.2972,0.0998,1.1018,1.957,-0.139,0.629
1463037,1824,1766,1907,0.2963,0.0997,1.1007,2.123,0.162,0.447
1463047,1788,1755,1935,0.2974,0.1005,1.1031,2.219,0.340,0.344
1463057,1831,1760,1913,0.2970,0.1013,1.1040,2.279,0.483,0.163
1463067,1774,1750,1935,0.2959,0.1026,1.1035,2.465,0.724,0.050
1463077,1823,1774,1964,0.2971,0.1055,1.1036,2.707,0.962,0.113
1463087,1789,1751,1947,0.2968,0.1059,1.1022,2.908,1.135,0.105
1463097,1829,1773,1906,0.2960,0.1060,1.1034,3.082,1.236,0.120
1463107,1779,1753,1950,0.2955,0.1076,1.1044,3.222,1.345,0.292
1463117,1808,1770,1904,0.2943,0.1089,1.1031,3.310,1.525,0.508
1463127,1771,1756,1922,0.2936,0.1099,1.1036,3.311,1.644,0.665
1463137,1826,1771,1908,0.2921,0.1110,1.1049,3.191,1.606,0.782
1463147,1787,1760,1917,0.2910,0.1110,1.1043,3.037,1.538,0.881
1463157,1841,1774,1904,0.2899,0.1109,1.1047,2.926,1.472,1.059
