1786767,1880,1909,1928,0.2000,0.2457,1.1394,-4.814,3.499,0.198
1786777,1944,1910,1901,0.1981,0.2423,1.1349,-4.917,3.932,0.027
1786787,2098,1913,1921,0.1956,0.2395,1.1306,-4.970,4.210,-0.175
1786797,2050,1911,1923,0.1930,0.2380,1.1288,-4.858,4.397,-0.343
1786807,2060,1910,1913,0.1907,0.2384,1.1268,-4.611,4.521,-0.468
1786817,1944,1907,1925,0.1893,0.2365,1.1259,-4.371,4.559,-0.592
1786827,1962,1906,1915,0.1893,0.2340,1.1254,-4.253,4.540,-0.712
1786837,2018,1907,1972,0.1899,0.2320,1.1256,-4.232,4.557,-0.836
1786847,1946,1907,1900,0.1901,0.2305,1.1233,-4.192,4.634,-0.950
1786857,1933,1909,1923,0.1910,0.2288,1.1216,-4.086,4.774,-1.088
1786867,1920,1907,1895,0.1916,0.2261,1.1204,-3.910,4.926,-1.257
1786877,1881,1912,1945,0.1916,0.2240,1.1203,-3.723,5.069,-1.417
1786887,1915,1909,1905,0.1916,0.2236,1.1210,-3.551,5.240,-1.560
1786897,1841,1909,1952,0.1906,0.2243,1.1209,-3.372,5.432,-1.667
1786907,1968,1909,1936,0.1890,0.2241,1.1201,-3.204,5.646,-1.756
1786917,1848,1907,1964,0.1881,0.2233,1.1197,-3.091,5.884,-1.859
1786927,1911,1908,1899,0.1886,0.2227,1.1192,-3.045,6.118,-1.950
1786937,1958,1910,2008,0.1886,0.2232,1.1180,-2.963,6.413,-1.988
1786947,1995,1907,1944,0.1879,0.2254,1.1171,-2.890,6.723,-2.023
1786957,2009,1908,1946,0.1867,0.2272,1.1147,-2.856,7.020,-2.102
1786967,1969,1908,1914,0.1850,0.2281,1.1101,-2.805,7.352,-2.244
1786977,1920,1909,1920,0.1833,0.2280,1.1060,-2.751,7.660,-2.429
1786987,2134,1910,1909,0.1826,0.2285,1.1037,-2.727,7.896,-2.628
1786997,1905,1910,1929,0.1804,0.2285,1.0995,-2.737,8.044,-2.802
1787007,2130,1907,1908,0.1772,0.2287,1.0954,-2.815,8.096,-2.946
1787017,1955,1910,1914,0.1750,0.2302,1.0946,-3.043,7.994,-3.063
1787027,1994,1910,1915,0.1730,0.2321,1.0938,-3.338,7.802,-3.208
1787037,1891,1910,1953,0.1705,0.2333,1.0889,-3.514,7.648,-3.396
1787047,2076,1908,1903,0.1677,0.2353,1.0854,-3.634,7.393,-3.583
1787057,1948,1908,1905,0.1644,0.2364,1.0845,-3.767,6.991,-3.776
1787067,1990,1905,1909,0.1608,0.2383,1.0831,-3.815,6.548,-3.978
1787077,1931,1915,1926,0.1572,0.2397,1.0834,-3.870,6.057,-4.220
1787087,1845,1908,1910,0.1533,0.2402,1.0826,-3.966,5.534,-4.511
1787097,1968,1914,1904,0.1488,0.2414,1.0810,-3.971,5.038,-4.822
1787107,2042,1906,1902,0.1440,0.2411,1.0816,-3.995,4.414,-5.121
1787117,1965,1908,1902,0.1381,0.2413,1.0841,-4.051,3.697,-5.384
1787127,2210,1911,1897,0.1335,0.2400,1.0842,-4.201,2.908,-5.613
1787137,2025,1909,1929,0.1293,0.2380,1.0866,-4.502,1.999,-5.818
1787147,2055,1911,1906,0.1264,0.2356,1.0897,-4.890,1.004,-5.988
1787157,1963,1911,1918,0.1234,0.2326,1.0937,-5.405,0.048,-6.160
1787167,1975,1907,1900,0.1207,0.2295,1.0993,-5.973,-0.872,-6.343
1787177,2012,1909,1925,0.1184,0.2280,1.1031,-6.520,-1.694,-6.505
1787187,1996,1910,1917,0.1159,0.2246,1.1064,-6.987,-2.371,-6.703
1787197,1978,1905,1918,0.1135,0.2209,1.1112,-7.406,-2.947,-6.925
1787207,1840,1904,1895,0.1116,0.2147,1.1181,-7.865,-3.475,-7.235
1787217,1983,1907,1903,0.1096,0.2072,1.1220,-8.360,-3.879,-7.644
1787227,1971,1910,1899,0.1099,0.1991,1.1249,-8.935,-4.158,-8.126
1787237,1872,1911,1937,0.1093,0.1905,1.1243,-9.617,-4.414,-8.686
1787247,1990,1911,1904,0.1122,0.1798,1.1181,-10.452,-4.920,-9.289
1787257,1942,1906,1906,0.1186,0.1684,1.1173,-11.340,-5.669,-9.885
1787267,2032,1906,1894,0.1265,0.1572,1.1209,-12.047,-6.491,-10.418
1787277,2039,1913,1895,0.1383,0.1498,1.1336,-12.566,-7.214,-10.700
1787287,2150,1908,1906,0.1504,0.1462,1.1485,-13.051,-7.583,-10.697
1787297,2097,1911,1905,0.1605,0.1455,1.1576,-13.550,-7.361,-10.575
1787307,2595,1911,1895,0.1691,0.1448,1.1623,-14.124,-6.680,-10.418
1787317,1957,1911,1913,0.1736,0.1452,1.1638,-14.745,-5.777,-10.236
1787327,1830,1910,1897,0.1753,0.1463,1.1591,-15.064,-4.637,-9.972
1787337,2532,1919,1946,0.1750,0.1472,1.1488,-14.935,-3.394,-9.641
1787347,2041,1915,1897,0.1747,0.1453,1.1391,-14.433,-2.290,-9.309
1787357,2124,1911,1914,0.1736,0.1442,1.1293,-13.406,-1.312,-8.945
1787367,2249,1911,1903,0.1738,0.1476,1.1250,-11.980,-0.599,-8.478
1787377,2011,1909,1903,0.1740,0.1534,1.1259,-10.341,-0.119,-7.951
1787387,2361,1912,1919,0.1747,0.1611,1.1271,-8.430,0.384,-7.427
1787397,1860,1914,1897,0.1741,0.1695,1.1325,-6.711,0.866,-6.937
1787407,2405,1916,1907,0.1735,0.1785,1.1377,-5.415,1.373,-6.477
1787417,2641,1913,1906,0.1686,0.1858,1.1341,-4.389,2.039,-6.077
1787427,2306,1920,1891,0.1603,0.1929,1.1269,-3.756,2.593,-5.780
1787437,1875,1917,1905,0.1491,0.1938,1.1134,-3.720,2.839,-5.635
1787447,2389,1917,1894,0.1369,0.2018,1.0971,-3.790,2.716,-5.468
1787457,2075,1918,1904,0.1275,0.2133,1.0868,-3.984,2.072,-5.309
1787467,2034,1915,1893,0.1219,0.2257,1.0864,-3.896,1.166,-5.292
1787477,1977,1913,1906,0.1186,0.2364,1.0953,-3.364,0.331,-5.454
1787487,2161,1913,1900,0.1159,0.2494,1.1037,-2.535,-0.156,-5.782
1787497,2003,1917,1910,0.1138,0.2610,1.1072,-1.736,-0.462,-6.404
1787507,2041,1918,1898,0.1133,0.2625,1.1166,-1.564,-1.039,-7.414
1787517,2158,1917,1899,0.1129,0.2550,1.1240,-2.311,-1.806,-8.712
1787527,2044,1913,1909,0.1139,0.2444,1.1290,-3.273,-2.663,-9.881
1787537,2089,1921,1896,0.1166,0.2303,1.1377,-4.810,-3.798,-10.861
1787547,1935,1918,1896,0.1175,0.2123,1.1413,-6.677,-5.148,-11.784
1787557,1982,1915,1899,0.1164,0.1919,1.1429,-8.638,-6.482,-12.691
1787567,1975,1914,1897,0.1151,0.1781,1.1546,-10.748,-7.906,-13.054
1787577,1841,1914,1898,0.1165,0.1754,1.1633,-12.423,-8.954,-12.464
1787587,1955,1914,1897,0.1195,0.1807,1.1673,-13.388,-9.447,-11.391
1787597,1938,1917,1901,0.1236,0.1892,1.1767,-14.222,-9.828,-10.442
1787607,2044,1914,1896,0.1281,0.1959,1.1856,-15.151,-10.038,-9.867
1787617,1895,1914,1895,0.1334,0.2012,1.1939,-16.025,-9.969,-9.601
1787627,1988,1916,1896,0.1371,0.2048,1.2093,-17.103,-9.769,-9.532
1787637,1828,1923,1908,0.1419,0.2002,1.2305,-18.414,-9.400,-9.564
1787647,2052,1920,1919,0.1443,0.1962,1.2561,-20.184,-8.808,-9.476
1787657,2114,1918,1907,0.1455,0.1935,1.2729,-22.010,-7.703,-9.110
1787667,2187,1919,1900,0.1520,0.1834,1.2945,-24.727,-6.343,-8.783
1787677,1881,1916,1935,0.1558,0.1722,1.3112,-28.448,-4.934,-8.409
1787687,2065,1919,1899,0.1538,0.1582,1.3232,-32.187,-3.060,-8.010
1787697,2025,1920,1900,0.1535,0.1442,1.3372,-36.383,-0.971,-7.134
1787707,1839,1919,1929,0.1520,0.1218,1.3445,-40.366,1.443,-5.914
1787717,1861,1928,1924,0.1502,0.0949,1.3574,-43.697,3.985,-4.671
1787727,1889,2111,2081,0.1485,0.0664,1.3766,-46.252,6.359,-3.189
1787737,1857,1997,1932,0.1487,0.0400,1.4062,-47.627,8.689,-1.381
1787747,1834,1976,1904,0.1484,0.0116,1.4423,-47.992,11.203,0.624
1787757,2149,1969,1902,0.1435,-0.0241,1.4759,-47.549,14.326,2.653
1787767,1996,1941,1958,0.1406,-0.0646,1.5093,-47.105,18.012,4.801
1787777,1826,1998,1911,0.1478,-0.1095,1.5380,-46.778,22.063,6.934
1787787,1938,1979,1898,0.1725,-0.1637,1.5471,-46.152,26.315,8.132
1787797,1840,1936,1932,0.1747,-0.2435,1.5850,-44.851,30.354,7.885
1787807,1926,1907,1901,0.1912,-0.3026,1.5959,-41.136,35.999,10.689
1787817,1859,1916,1901,0.2058,-0.3422,1.6063,-35.357,43.180,16.636
1787827,1894,1918,1899,0.2130,-0.3559,1.6084,-28.105,50.826,24.134
1787837,1872,1926,1908,0.2167,-0.3500,1.6010,-19.672,59.218,32.392
1787847,1834,1920,1895,0.2184,-0.3342,1.5899,-11.220,67.488,40.628
1787857,2013,1930,1906,0.2187,-0.3136,1.5742,-3.182,75.812,48.438
1787867,1882,1918,1897,0.2188,-0.2958,1.5626,4.081,83.803,55.679
1787877,2116,1919,1927,0.2170,-0.2810,1.5436,10.691,91.707,62.379
1787887,1857,1917,1943,0.2124,-0.2646,1.5258,16.727,99.393,68.697
1787897,1867,1922,1925,0.2035,-0.2427,1.5058,22.199,106.705,74.702
1787907,1892,1914,2022,0.1908,-0.2153,1.4844,27.265,113.697,80.399
1787917,1865,1925,1905,0.1783,-0.1815,1.4667,31.665,120.147,85.764
1787927,1876,1920,1898,0.1637,-0.1432,1.4465,35.290,126.309,90.702
1787937,2118,1945,1919,0.1479,-0.1059,1.4159,38.079,132.529,95.111
1787947,1933,1935,1958,0.1300,-0.0715,1.3800,39.972,138.584,98.896
1787957,1850,1969,1903,0.1086,-0.0392,1.3328,41.355,144.282,102.121
1787967,2153,1986,1958,0.0874,-0.0076,1.2838,42.730,149.383,104.905
1787977,1861,1901,1901,0.0676,0.0200,1.2357,44.035,153.465,106.968
1787987,1961,1937,1941,0.0477,0.0431,1.1801,45.263,156.737,108.409
1787997,1990,1918,2027,0.0272,0.0686,1.1208,45.921,159.402,109.966
1788007,2345,1924,1906,0.0167,0.0923,1.0604,45.074,161.192,111.844
1788017,1887,1924,2182,0.0044,0.1098,1.0166,42.947,161.827,113.220
1788027,1990,1965,1929,-0.0052,0.1083,0.9642,39.298,161.433,113.758
1788037,2011,1963,1979,-0.0194,0.1053,0.9018,35.652,160.803,114.033
1788047,2208,1937,1910,-0.0350,0.1197,0.8629,31.803,159.309,115.377
1788057,1929,1949,1980,-0.0481,0.1370,0.8385,27.650,156.731,117.268
1788067,2058,1956,1901,-0.0702,0.1521,0.7988,24.360,154.220,118.517
1788077,1840,1969,1934,-0.0940,0.1661,0.7473,21.665,151.877,119.728
1788087,2129,1973,1983,-0.1234,0.1872,0.6798,18.904,149.213,120.904
1788097,2065,1944,2021,-0.1470,0.2149,0.6058,15.934,145.607,121.719
1788107,2061,1937,1895,-0.1677,0.2434,0.5648,12.077,140.156,121.821
1788117,1904,1936,2017,-0.1983,0.2678,0.5431,8.088,132.977,120.004
1788127,1940,2017,2236,-0.2252,0.2967,0.5269,5.712,125.875,117.589
1788137,2064,2114,1980,-0.2438,0.3319,0.5127,4.696,119.350,115.699
1788147,2321,2018,2040,-0.2633,0.3634,0.5000,4.991,113.128,112.960
1788157,2133,1966,2112,-0.2842,0.3871,0.4813,6.104,106.937,108.897
1788167,1830,2078,1940,-0.3064,0.4050,0.4566,7.209,100.712,104.110
1788177,1905,2183,2121,-0.3253,0.4148,0.4407,8.319,94.046,98.855
1788187,1940,2185,1902,-0.3393,0.4177,0.4475,8.695,86.347,93.317
1788197,2261,2187,1993,-0.3465,0.4038,0.4551,8.326,78.790,87.276
1788207,1850,2044,2119,-0.3617,0.3762,0.4582,7.790,71.825,80.658
1788217,1864,2044,2853,-0.3654,0.3513,0.5069,6.547,64.924,75.057
1788227,2046,1981,1898,-0.3573,0.3380,0.5937,3.612,58.470,71.357
1788237,1903,2002,2102,-0.3587,0.3244,0.6462,0.268,54.963,68.735
1788247,1829,1970,1962,-0.3601,0.3233,0.6617,-2.069,54.668,67.435
1788257,2083,2133,1959,-0.3743,0.3273,0.6695,-5.638,55.536,66.907
1788267,2027,2199,2057,-0.4177,0.3414,0.6520,-9.457,56.830,65.873
1788277,1947,2031,1966,-0.4632,0.3609,0.6048,-12.431,58.539,65.732
1788287,1885,1966,2046,-0.5151,0.4137,0.5723,-14.183,59.166,66.850
1788297,2059,1938,1927,-0.5446,0.4952,0.5572,-14.196,58.165,68.962
1788307,1843,2031,1975,-0.5718,0.5809,0.5465,-11.403,55.999,69.673
1788317,1892,2007,1964,-0.5746,0.6604,0.5345,-6.484,52.430,67.206
1788327,2449,2033,1944,-0.5950,0.7306,0.4101,0.601,48.397,60.505
1788337,1822,2232,2191,-0.6132,0.7381,0.2950,15.727,45.249,49.197
1788347,1934,1972,1934,-0.5956,0.6851,0.2960,30.189,35.030,35.508
1788357,2077,2157,1895,-0.6136,0.6284,0.4088,35.425,16.990,21.403
1788367,1872,2036,1947,-0.5977,0.6174,0.5310,37.398,1.846,13.548
1788377,1887,1967,1901,-0.5576,0.6340,0.6041,37.343,-5.633,13.390
1788387,1921,1983,1987,-0.5315,0.6324,0.6668,33.272,-9.856,12.228
1788397,1885,1985,1941,-0.5184,0.5907,0.7465,24.993,-14.241,7.548
1788407,2795,1971,2117,-0.5344,0.5473,0.8149,14.018,-17.756,2.045
1788417,2060,2129,2012,-0.5551,0.5442,0.8540,3.205,-18.443,0.808
1788427,1859,2111,2300,-0.5639,0.5641,0.8725,-6.031,-16.519,3.423
1788437,1839,2004,1973,-0.5772,0.5718,0.8710,-14.192,-14.182,4.919
1788447,1861,1945,2027,-0.5839,0.5574,0.8641,-20.091,-12.428,3.830
1788457,1989,1996,1896,-0.5795,0.5310,0.8790,-24.060,-11.455,2.086
1788467,1934,1997,2089,-0.5821,0.4902,0.8960,-26.216,-10.875,-0.485
1788477,2112,1951,2107,-0.5966,0.4492,0.9049,-25.521,-10.001,-3.402
1788487,2013,1955,2095,-0.6025,0.4271,0.9126,-22.822,-8.781,-4.290
1788497,1857,2068,1979,-0.6034,0.4179,0.9083,-18.259,-7.118,-3.404
1788507,1857,1971,1939,-0.5987,0.4173,0.9042,-12.610,-5.522,-1.992
1788517,2032,2000,1891,-0.5962,0.4156,0.9048,-6.833,-4.390,-1.129
1788527,1860,1972,1893,-0.5908,0.4156,0.9079,-1.147,-3.469,-0.901
1788537,1997,1938,1903,-0.5882,0.4181,0.9070,3.924,-2.568,-0.726
1788547,1821,1943,2128,-0.5867,0.4178,0.8986,8.208,-1.596,-0.509
1788557,1889,2024,1934,-0.5860,0.4159,0.8980,11.043,-1.072,-0.127
1788567,2210,2011,1899,-0.5863,0.4205,0.8964,12.551,-0.916,0.491
1788577,1901,2023,2026,-0.5861,0.4285,0.8854,13.825,-0.526,1.579
1788587,2016,2003,1908,-0.5826,0.4411,0.8747,14.673,-0.157,3.049
1788597,1878,1977,2002,-0.5799,0.4570,0.8636,15.233,-0.002,4.238
1788607,1929,1936,1904,-0.5771,0.4713,0.8455,15.988,0.177,4.788
1788617,2048,1939,1893,-0.5709,0.4816,0.8348,16.467,0.055,4.856
1788627,1898,1935,2027,-0.5645,0.4813,0.8306,16.235,-0.544,4.110
1788637,1991,1938,1893,-0.5640,0.4724,0.8204,15.678,-1.136,2.747
1788647,1972,1929,1897,-0.5636,0.4671,0.8089,14.740,-1.542,1.971
1788657,2012,1958,1939,-0.5576,0.4683,0.8047,13.247,-2.084,2.221
1788667,1933,1943,1895,-0.5499,0.4652,0.8019,11.270,-2.890,2.638
1788677,1838,1959,1905,-0.5408,0.4562,0.8037,8.984,-3.807,2.693
1788687,2107,1937,1998,-0.5367,0.4473,0.8108,6.590,-4.648,2.552
1788697,1833,1970,1920,-0.5342,0.4463,0.8208,4.378,-5.146,2.635
1788707,1978,1964,1897,-0.5334,0.4515,0.8283,2.816,-5.010,3.034
1788717,1862,1955,1888,-0.5314,0.4547,0.8295,1.920,-4.304,3.266
1788727,1828,1931,2088,-0.5308,0.4563,0.8353,1.344,-3.439,2.857
1788737,1923,1933,1893,-0.5309,0.4606,0.8383,1.200,-2.369,2.056
1788747,1824,1922,1908,-0.5322,0.4580,0.8272,1.988,-0.798,1.049
1788757,1823,1950,1896,-0.5349,0.4462,0.8221,3.175,0.690,-0.255
1788767,1834,1943,1913,-0.5413,0.4339,0.8301,3.939,1.540,-1.719
1788777,2100,1969,1905,-0.5470,0.4275,0.8283,4.787,2.554,-2.412
1788787,1829,1956,1953,-0.5500,0.4272,0.8139,6.036,4.098,-1.955
1788797,1946,1944,1919,-0.5509,0.4343,0.8058,6.905,5.277,-1.076
1788807,2055,1953,1911,-0.5524,0.4415,0.7985,7.420,5.785,-0.529
1788817,1841,1939,1902,-0.5534,0.4443,0.7863,7.963,6.047,-0.300
1788827,1841,1921,1928,-0.5521,0.4486,0.7805,8.103,5.863,0.008
1788837,1905,1936,1897,-0.5539,0.4507,0.7770,7.921,5.272,0.290
1788847,1815,1923,1892,-0.5577,0.4482,0.7729,7.581,4.574,0.454
1788857,1877,1925,1903,-0.5606,0.4451,0.7768,6.754,3.544,0.728
1788867,1894,1908,1953,-0.5616,0.4461,0.7859,5.538,2.375,1.316
1788877,1964,1924,1958,-0.5587,0.4571,0.7910,4.510,1.935,2.634
1788887,1814,1966,1970,-0.5556,0.4674,0.7964,3.387,1.621,3.586
1788897,1829,1924,1920,-0.5564,0.4734,0.7972,2.337,1.497,3.866
1788907,1876,1928,1951,-0.5557,0.4759,0.8032,1.239,1.425,3.893
1788917,1871,1935,1893,-0.5544,0.4747,0.8138,-0.176,1.282,3.726
1788927,1860,1921,1906,-0.5556,0.4700,0.8163,-1.344,1.467,3.398
1788937,1998,1932,1946,-0.5534,0.4673,0.8189,-2.253,1.931,3.275
1788947,1893,1921,1890,-0.5533,0.4694,0.8236,-3.192,2.410,3.361
1788957,1835,1916,1951,-0.5557,0.4783,0.8210,-3.674,3.186,3.559
1788967,1898,1907,1915,-0.5558,0.4897,0.8133,-3.688,4.314,3.920
1788977,1838,1959,2097,-0.5552,0.4956,0.8097,-3.735,5.231,3.924
1788987,2112,1966,2034,-0.5560,0.4926,0.8078,-3.991,5.718,3.119
1788997,1993,1966,1954,-0.5564,0.4822,0.8071,-4.208,6.016,2.012
1789007,1878,1927,1927,-0.5587,0.4751,0.8119,-4.502,6.188,1.220
1789017,1940,1928,1907,-0.5641,0.4772,0.8108,-4.656,6.416,1.059
1789027,1869,1909,1894,-0.5716,0.4861,0.8000,-4.131,6.956,1.317
1789037,1853,1928,1890,-0.5760,0.4989,0.7939,-3.301,7.298,1.577
1789047,1995,1926,1919,-0.5803,0.5064,0.7927,-2.433,7.095,1.128
1789057,1866,1919,1902,-0.5855,0.5033,0.7826,-1.252,6.732,-0.198
1789067,1833,1917,1917,-0.5860,0.4951,0.7781,-0.128,6.195,-1.635
1789077,1823,1945,1940,-0.5833,0.4838,0.7850,0.414,5.245,-2.773
1789087,1875,2020,2124,-0.5804,0.4670,0.7915,0.556,4.388,-3.683
1789097,1999,2031,2043,-0.5776,0.4489,0.7924,0.463,3.885,-4.072
1789107,1871,1979,2091,-0.5749,0.4331,0.7957,-0.183,3.537,-3.748
1789117,1882,1944,1891,-0.5751,0.4217,0.7986,-1.285,3.254,-3.047
1789127,2021,1919,1889,-0.5781,0.4179,0.7976,-2.419,3.173,-2.020
1789137,1812,1913,1909,-0.5856,0.4231,0.7905,-3.057,3.373,-0.641
1789147,1915,1910,1900,-0.5899,0.4354,0.7812,-3.221,3.628,0.971
1789157,1831,1912,1890,-0.5924,0.4465,0.7726,-2.937,3.675,2.109
1789167,1845,1906,1900,-0.5924,0.4523,0.7659,-2.361,3.398,2.393
1789177,1869,1912,1888,-0.5914,0.4541,0.7687,-1.719,2.772,2.192
1789187,2056,1912,1892,-0.5901,0.4603,0.7739,-1.006,2.209,2.041
1789197,1971,1917,1892,-0.5883,0.4694,0.7749,-0.119,2.066,2.144
1789207,1896,1910,1886,-0.5848,0.4825,0.7743,0.571,2.197,2.318
1789217,1823,1913,1904,-0.5846,0.4959,0.7687,1.003,2.463,2.122
1789227,1822,1907,1901,-0.5831,0.5090,0.7563,1.325,2.857,1.479
1789237,1920,1911,1896,-0.5816,0.5151,0.7432,1.245,3.049,0.308
1789247,1821,1908,1902,-0.5826,0.5185,0.7324,0.674,2.763,-1.416
1789257,1907,1912,1892,-0.5856,0.5271,0.7241,-0.221,2.273,-2.948
1789267,1865,1913,1895,-0.5892,0.5457,0.7132,-1.189,1.899,-3.952
1789277,1821,1900,1914,-0.5945,0.5712,0.6976,-2.108,1.559,-5.075
1789287,1838,1903,1893,-0.6016,0.6015,0.6757,-2.765,1.029,-7.006
1789297,1819,1908,1890,-0.6078,0.6351,0.6516,-2.893,0.013,-10.013
1789307,1854,1905,1901,-0.6081,0.6649,0.6244,-2.227,-1.593,-14.299
1789317,1815,1897,1896,-0.6114,0.6841,0.5998,-0.665,-4.108,-20.297
1789327,1876,1898,1896,-0.6143,0.7005,0.5824,1.914,-7.645,-27.398
1789337,1847,1907,1907,-0.6063,0.7050,0.5639,5.395,-11.693,-34.676
1789347,1949,1919,1922,-0.6001,0.6925,0.5502,8.921,-16.476,-42.763
1789357,1819,1902,1888,-0.5961,0.6766,0.5473,12.009,-21.966,-51.033
1789367,1815,1904,1904,-0.5867,0.6678,0.5509,14.491,-27.460,-57.908
1789377,1820,1903,1890,-0.5772,0.6601,0.5543,16.097,-32.566,-63.724
1789387,1819,1899,1924,-0.5674,0.6469,0.5625,16.592,-37.622,-69.499
1789397,1897,1935,1900,-0.5508,0.6209,0.5831,15.734,-43.069,-75.313
1789407,1848,1917,1893,-0.5374,0.5819,0.6075,13.314,-48.544,-81.051
1789417,2063,1904,1899,-0.5321,0.5485,0.6273,9.480,-53.418,-85.763
1789427,1812,1906,1940,-0.5287,0.5334,0.6429,4.789,-57.165,-88.123
1789437,1813,1907,1890,-0.5218,0.5271,0.6488,-0.611,-59.943,-88.897
1789447,1817,1903,1899,-0.5174,0.5132,0.6491,-6.979,-62.540,-90.260
1789457,1826,1911,1901,-0.5130,0.4916,0.6526,-14.267,-65.553,-92.737
1789467,2349,1918,1891,-0.5040,0.4675,0.6678,-21.738,-68.833,-95.339
1789477,1837,1907,1891,-0.4892,0.4377,0.6829,-28.739,-71.854,-97.903
1789487,1937,1898,1895,-0.4727,0.3925,0.6901,-34.862,-74.497,-101.143
1789497,1835,1906,1904,-0.4605,0.3411,0.6981,-40.041,-76.895,-104.767
1789507,1958,1903,1904,-0.4458,0.2907,0.7027,-44.060,-78.944,-107.593
1789517,1856,1910,1911,-0.4316,0.2426,0.7065,-47.057,-80.686,-109.289
1789527,1990,1911,1941,-0.4247,0.1978,0.7057,-49.366,-82.327,-110.325
1789537,1861,1912,1927,-0.4190,0.1655,0.7148,-50.767,-83.996,-110.302
1789547,1892,1908,1914,-0.4094,0.1473,0.7397,-51.255,-85.931,-109.260
1789557,1872,1913,1893,-0.4026,0.1250,0.7627,-50.938,-87.739,-108.445
1789567,1864,1912,1908,-0.3913,0.1028,0.7921,-49.739,-89.667,-108.398
1789577,2364,1931,1898,-0.3803,0.0790,0.8269,-48.110,-91.650,-108.615
1789587,1896,1931,1898,-0.3647,0.0518,0.8627,-45.668,-93.294,-108.983
1789597,1819,1876,1904,-0.3431,0.0297,0.8895,-43.031,-94.386,-109.178
1789607,1815,1918,1905,-0.3272,0.0084,0.9186,-39.746,-95.240,-109.651
1789617,1844,1920,1894,-0.3149,-0.0063,0.9336,-35.128,-95.149,-110.003
1789627,1934,1916,1931,-0.2980,-0.0228,0.9415,-29.040,-94.391,-110.088
1789637,1981,1918,1903,-0.2834,-0.0453,0.9410,-22.425,-93.661,-110.323
1789647,1818,1905,1917,-0.2742,-0.0666,0.9396,-15.560,-93.549,-110.363
1789657,1822,1915,1889,-0.2648,-0.0831,0.9493,-8.941,-94.053,-109.282
1789667,1849,1910,1907,-0.2579,-0.0941,0.9593,-2.497,-94.796,-107.238
1789677,1999,1908,1891,-0.2509,-0.0976,0.9632,3.941,-95.461,-104.445
1789687,1899,1909,1907,-0.2419,-0.0877,0.9759,10.043,-96.393,-101.063
1789697,2041,1904,1891,-0.2256,-0.0709,1.0009,14.867,-97.698,-97.271
1789707,1824,1907,1945,-0.2054,-0.0565,1.0261,18.288,-99.064,-93.851
1789717,1971,1910,1889,-0.1849,-0.0434,1.0509,19.948,-100.178,-90.849
1789727,1860,1913,1919,-0.1620,-0.0369,1.0766,19.913,-101.116,-88.201
1789737,1942,1906,1891,-0.1396,-0.0404,1.0891,18.233,-101.648,-85.975
1789747,1962,1917,1963,-0.1164,-0.0467,1.0900,15.744,-101.719,-83.825
1789757,2755,1918,1906,-0.0944,-0.0495,1.0943,12.607,-101.822,-81.444
1789767,1829,1913,1890,-0.0764,-0.0441,1.1049,9.001,-102.003,-78.837
1789777,1896,1916,1900,-0.0651,-0.0321,1.1064,5.602,-101.639,-76.329
1789787,1987,1907,1936,-0.0585,-0.0190,1.1057,2.224,-100.989,-73.947
1789797,2616,1920,1894,-0.0461,-0.0103,1.1245,-1.840,-101.000,-71.758
1789807,1835,1912,1953,-0.0325,-0.0215,1.1546,-7.026,-101.704,-70.267
1789817,1860,1941,1895,-0.0081,-0.0433,1.1826,-13.497,-102.505,-69.173
1789827,2067,1935,1922,0.0145,-0.0779,1.2103,-20.849,-103.199,-68.438
1789837,2079,1920,1899,0.0296,-0.1065,1.2339,-28.085,-103.082,-66.980
1789847,1853,1925,1959,0.0567,-0.1294,1.2459,-33.950,-101.963,-64.015
1789857,2280,1918,1896,0.0802,-0.1435,1.2531,-37.928,-100.010,-60.281
1789867,1865,1896,1907,0.1009,-0.1581,1.2622,-40.303,-97.654,-56.649
1789877,2088,1946,1894,0.1229,-0.1675,1.2702,-41.321,-94.908,-53.378
1789887,1910,1936,1959,0.1426,-0.1705,1.2717,-40.841,-91.589,-50.558
1789897,2124,1925,1901,0.1573,-0.1748,1.2682,-39.148,-87.827,-48.338
1789907,1940,1953,1966,0.1676,-0.1838,1.2645,-36.718,-83.957,-46.732
1789917,1869,1958,1913,0.1740,-0.1888,1.2578,-33.589,-80.119,-45.496
1789927,1993,2048,1955,0.1748,-0.1968,1.2504,-29.444,-76.196,-44.448
1789937,1827,1904,1888,0.1756,-0.2074,1.2462,-23.724,-72.329,-43.611
1789947,1836,1953,1896,0.1739,-0.2093,1.2435,-16.761,-68.591,-42.734
1789957,1821,1891,1888,0.1711,-0.1964,1.2393,-9.175,-65.104,-41.707
1789967,1871,1987,1949,0.1700,-0.1789,1.2349,-1.567,-62.045,-40.717
1789977,1836,1926,1900,0.1731,-0.1636,1.2322,5.493,-59.442,-39.962
1789987,2285,1910,1914,0.1789,-0.1527,1.2243,11.807,-57.074,-39.395
1789997,1988,1957,1896,0.1841,-0.1467,1.2144,17.211,-55.003,-38.791
1790007,1841,1951,1912,0.1906,-0.1396,1.2123,21.802,-53.355,-37.922
1790017,2154,1876,1891,0.1959,-0.1338,1.2108,25.572,-52.013,-36.749
1790027,1853,1928,1914,0.1999,-0.1223,1.2057,28.888,-50.679,-35.305
1790037,1856,1897,1888,0.2038,-0.1080,1.2048,31.638,-49.406,-33.550
1790047,2044,1935,1977,0.2103,-0.0910,1.2105,33.524,-48.174,-31.509
1790057,1985,2038,1890,0.2154,-0.0754,1.2119,34.777,-46.892,-29.610
1790067,1841,1891,1915,0.2208,-0.0616,1.2174,35.251,-45.658,-27.852
1790077,2062,1976,1904,0.2255,-0.0500,1.2203,34.717,-44.446,-26.218
1790087,1954,1892,1894,0.2298,-0.0396,1.2209,33.180,-43.233,-24.712
1790097,1822,1896,1893,0.2339,-0.0288,1.2201,30.886,-41.985,-23.285
1790107,1914,1895,1889,0.2385,-0.0261,1.2164,28.294,-40.571,-21.978
1790117,1816,1903,1934,0.2438,-0.0264,1.2121,25.712,-39.064,-20.759
1790127,1818,1902,1894,0.2480,-0.0262,1.2092,23.344,-37.432,-19.554
1790137,1840,1940,1904,0.2539,-0.0279,1.2084,21.454,-35.748,-18.404
1790147,1820,1888,1939,0.2586,-0.0263,1.2130,19.913,-34.186,-17.332
1790157,2103,1892,1908,0.2641,-0.0219,1.2174,18.705,-32.793,-16.295
1790167,1909,2019,1905,0.2698,-0.0169,1.2235,17.657,-31.444,-15.267
1790177,1854,1905,1900,0.2765,-0.0143,1.2268,16.524,-30.077,-14.219
1790187,1854,1878,1890,0.2800,-0.0147,1.2248,15.159,-28.675,-13.066
1790197,2016,1894,1889,0.2821,-0.0154,1.2176,13.613,-27.278,-11.804
1790207,1930,1927,1896,0.2826,-0.0194,1.2117,11.870,-26.062,-10.510
1790217,1824,1899,1891,0.2852,-0.0251,1.2082,10.178,-25.026,-9.230
1790227,1834,1905,1898,0.2862,-0.0305,1.2026,8.979,-23.902,-7.925
1790237,1816,1965,1890,0.2891,-0.0302,1.2032,8.275,-22.815,-6.473
1790247,1975,1949,1904,0.2910,-0.0264,1.2041,7.648,-21.661,-4.914
1790257,1844,1925,1888,0.2915,-0.0205,1.1994,7.015,-20.347,-3.307
1790267,1937,1888,1892,0.2903,-0.0145,1.1933,5.900,-19.053,-1.549
1790277,1819,1896,1893,0.2974,0.0124,1.1513,4.337,-17.839,0.475
1790287,1832,1943,1898,0.3205,0.0379,1.1566,3.895,-16.459,3.753
1790297,1843,1918,1900,0.3286,0.0046,1.1535,1.841,-15.920,2.704
1790307,1817,1934,1894,0.3140,-0.0376,1.1370,2.285,-15.510,-1.301
1790317,1818,1894,1896,0.3151,-0.0404,1.1703,3.149,-15.006,-1.338
1790327,1831,1917,1895,0.3085,-0.0360,1.1978,3.910,-13.917,1.390
1790337,1825,1911,1898,0.2992,-0.0163,1.1917,5.359,-11.666,4.215
1790347,1832,1904,1893,0.3019,0.0118,1.1769,6.918,-9.075,6.828
1790357,1829,1902,1924,0.3064,0.0399,1.1797,7.513,-7.597,8.213
1790367,1814,1913,1902,0.3100,0.0562,1.1865,7.393,-6.821,7.486
1790377,1818,1904,1923,0.3141,0.0649,1.1824,7.633,-5.927,5.605
1790387,1910,1932,1898,0.3142,0.0613,1.1859,7.644,-5.084,3.193
1790397,1814,1906,1932,0.2991,0.0501,1.2001,7.404,-4.287,0.755
1790407,1817,1904,1897,0.2905,0.0325,1.1972,8.421,-3.275,-1.818
1790417,1820,1910,1919,0.2890,0.0238,1.1742,12.492,-1.406,-3.233
1790427,1822,1900,1987,0.2881,0.0135,1.1790,16.503,-0.467,-3.882
1790437,1898,1941,1914,0.2889,0.0002,1.1871,19.617,-0.164,-4.668
1790447,1819,1909,1891,0.2912,0.0024,1.1751,23.465,0.824,-4.885
1790457,1819,1922,1898,0.2910,0.0179,1.1710,26.696,1.777,-4.456
1790467,1819,1910,1890,0.2919,0.0330,1.1645,28.717,2.403,-3.889
1790477,1822,1895,1906,0.2888,0.0453,1.1489,30.360,3.248,-3.473
1790487,1819,1902,1901,0.2860,0.0548,1.1460,31.102,3.641,-2.992
1790497,1823,1907,1914,0.2805,0.0679,1.1370,30.581,3.632,-2.740
1790507,1820,1916,1907,0.2785,0.0749,1.1308,29.737,3.435,-2.618
1790517,1836,1915,1903,0.2784,0.0736,1.1313,28.645,2.901,-2.759
1790527,1823,1919,1892,0.2800,0.0794,1.1308,27.753,2.393,-2.701
1790537,1819,1901,1911,0.2817,0.0881,1.1297,26.692,2.046,-2.385
1790547,1822,1905,1900,0.2850,0.0943,1.1294,25.253,1.752,-2.033
1790557,1826,1904,1921,0.2860,0.0996,1.1245,23.849,1.721,-1.821
1790567,1819,1934,1894,0.2867,0.1033,1.1173,22.716,1.838,-1.664
1790577,1819,1903,1904,0.2866,0.1055,1.1130,21.755,1.851,-1.535
1790587,1818,1916,1892,0.2864,0.1080,1.1093,21.120,1.818,-1.436
1790597,1820,1904,1913,0.2873,0.1112,1.1085,20.818,1.731,-1.354
1790607,1822,1907,1889,0.2884,0.1133,1.1105,20.769,1.649,-1.357
1790617,1823,1919,1911,0.2876,0.1165,1.1126,20.938,1.756,-1.422
1790627,1820,1904,1887,0.2858,0.1192,1.1107,21.094,2.162,-1.470
1790637,1826,1905,1896,0.2842,0.1249,1.1053,21.440,2.754,-1.295
1790647,1818,1901,1889,0.2847,0.1313,1.1052,21.491,3.168,-0.964
1790657,1823,1935,1920,0.2843,0.1360,1.1055,21.256,3.367,-0.831
1790667,1826,1893,1890,0.2842,0.1401,1.1026,21.210,3.635,-0.844
1790677,1821,1904,1914,0.2832,0.1434,1.1065,21.081,3.750,-0.842
1790687,1822,1915,1900,0.2822,0.1448,1.1076,20.862,3.800,-0.853
1790697,1835,1909,1933,0.2811,0.1492,1.1074,20.758,3.864,-0.717
1790707,1824,1926,1889,0.2803,0.1535,1.1107,20.335,3.728,-0.391
1790717,1829,1900,1911,0.2794,0.1606,1.1097,19.678,3.576,0.084
1790727,1823,1929,1901,0.2765,0.1709,1.1061,18.919,3.505,0.680
1790737,1831,1914,1911,0.2721,0.1806,1.1095,17.849,3.279,1.238
1790747,1820,1933,1893,0.2672,0.1875,1.1107,16.424,2.955,1.513
1790757,1843,1922,1919,0.2631,0.1951,1.1039,15.115,2.775,1.859
1790767,1821,1912,1895,0.2633,0.2043,1.1033,13.321,2.302,2.397
1790777,1832,1916,1912,0.2629,0.2088,1.1065,10.879,1.437,2.712
1790787,1828,1908,1890,0.2632,0.2104,1.1080,8.325,0.635,2.716
1790797,1841,1917,1906,0.2631,0.2085,1.1093,5.756,-0.035,2.576
1790807,1819,1911,1891,0.2633,0.2042,1.1075,3.199,-0.581,2.323
1790817,1837,1919,1918,0.2633,0.1959,1.1048,0.924,-1.020,2.053
1790827,1844,1910,1891,0.2645,0.1872,1.1038,-1.082,-1.506,1.845
1790837,1841,1915,1905,0.2670,0.1798,1.1034,-2.552,-1.929,1.750
1790847,1829,1911,1891,0.2688,0.1746,1.1021,-3.446,-2.262,1.723
1790857,1824,1912,1900,0.2713,0.1692,1.1020,-4.019,-2.565,1.692
1790867,1830,1911,1889,0.2741,0.1650,1.1009,-4.149,-2.651,1.672
1790877,1836,1918,1921,0.2762,0.1629,1.0999,-3.980,-2.580,1.670
1790887,1826,1911,1896,0.2775,0.1620,1.0989,-3.662,-2.458,1.648
1790897,1843,1915,1907,0.2786,0.1600,1.0986,-3.143,-2.214,1.591
1790907,1823,1908,1892,0.2794,0.1583,1.0982,-2.462,-1.905,1.506
1790917,1831,1910,1906,0.2797,0.1572,1.0994,-1.698,-1.588,1.432
1790927,1824,1913,1891,0.2801,0.1564,1.1005,-0.857,-1.263,1.371
1790937,1834,1909,1924,0.2797,0.1567,1.1011,0.018,-0.903,1.316
1790947,1840,1915,1893,0.2792,0.1575,1.1023,0.827,-0.550,1.255
1790957,1827,1910,1922,0.2783,0.1597,1.1008,1.543,-0.219,1.181
1790967,1838,1911,1887,0.2783,0.1619,1.1003,2.152,0.072,1.118
1790977,1825,1914,1905,0.2781,0.1633,1.1008,2.646,0.322,1.040
1790987,1850,1909,1891,0.2776,0.1644,1.0995,3.048,0.517,0.961
1790997,1837,1915,1912,0.2762,0.1650,1.0999,3.374,0.669,0.892
1791007,1833,1915,1889,0.2750,0.1659,1.0989,3.642,0.772,0.855
1791017,1825,1916,1908,0.2749,0.1681,1.0992,3.882,0.836,0.874
1791027,1832,1910,1888,0.2745,0.1704,1.0993,4.069,0.863,0.919
1791037,1845,1914,1917,0.2742,0.1735,1.0998,4.147,0.832,0.998
1791047,1846,1916,1893,0.2744,0.1775,1.0991,4.070,0.756,1.071
1791057,1836,1915,1916,0.2738,0.1799,1.0987,3.840,0.640,1.119
1791067,1834,1912,1891,0.2733,0.1800,1.0993,3.474,0.501,1.148
1791077,1837,1912,1902,0.2731,0.1796,1.1000,3.030,0.341,1.168
1791087,1825,1920,1893,0.2725,0.1789,1.1001,2.587,0.189,1.187
1791097,1843,1915,1907,0.2737,0.1780,1.0998,2.175,0.017,1.224
1791107,1848,1914,1889,0.2734,0.1781,1.1003,1.786,-0.151,1.295
1791117,1832,1913,1904,0.2732,0.1788,1.1009,1.425,-0.315,1.395
1791127,1839,1918,1890,0.2728,0.1788,1.1010,1.091,-0.469,1.493
1791137,1831,1910,1915,0.2732,0.1784,1.1010,0.756,-0.601,1.552
1791147,1839,1918,1891,0.2733,0.1768,1.1001,0.386,-0.758,1.595
1791157,1831,1913,1907,0.2738,0.1758,1.1008,-0.030,-0.944,1.662
1791167,1848,1910,1889,0.2739,0.1757,1.1018,-0.430,-1.119,1.721
1791177,1827,1912,1899,0.2740,0.1752,1.1015,-0.775,-1.263,1.766
1791187,1854,1921,1893,0.2739,0.1751,1.1015,-1.055,-1.398,1.820
1791197,1825,1915,1919,0.2732,0.1753,1.1010,-1.296,-1.521,1.890
1791207,1857,1920,1894,0.2722,0.1758,1.1018,-1.534,-1.666,1.976
1791217,1828,1912,1905,0.2733,0.1758,1.1011,-1.829,-1.817,2.062
1791227,1867,1912,1890,0.2727,0.1745,1.1036,-2.177,-1.931,2.109
1791237,1835,1912,1918,0.2733,0.1736,1.1025,-2.471,-1.949,2.140
1791247,1844,1916,1891,0.2737,0.1727,1.1025,-2.632,-1.937,2.134
1791257,1830,1912,1916,0.2748,0.1695,1.1042,-2.898,-2.055,2.122
1791267,1858,1923,1895,0.2751,0.1679,1.1023,-2.982,-2.042,2.149
1791277,1828,1913,1916,0.2755,0.1668,1.1005,-2.965,-2.005,2.212
1791287,1853,1920,1893,0.2767,0.1662,1.1013,-2.998,-2.043,2.292
1791297,1836,1913,1917,0.2777,0.1658,1.0997,-2.939,-2.016,2.387
1791307,1835,1920,1893,0.2790,0.1655,1.1000,-2.894,-1.960,2.473
1791317,1833,1915,1906,0.2794,0.1648,1.1015,-2.874,-1.902,2.542
1791327,1858,1922,1889,0.2802,0.1644,1.1013,-2.768,-1.766,2.586
1791337,1839,1913,1915,0.2808,0.1634,1.1019,-2.643,-1.625,2.607
1791347,1846,1920,1895,0.2809,0.1615,1.1021,-2.555,-1.532,2.593
1791357,1832,1917,1912,0.2812,0.1600,1.1013,-2.424,-1.424,2.564
1791367,1864,1917,1890,0.2825,0.1592,1.1009,-2.266,-1.331,2.529
1791377,1836,1913,1902,0.2825,0.1577,1.1020,-2.067,-1.236,2.492
1791387,1850,1921,1892,0.2823,0.1568,1.1010,-1.794,-1.117,2.425
1791397,1836,1917,1910,0.2822,0.1565,1.0999,-1.517,-1.008,2.356
1791407,1846,1916,1888,0.2825,0.1560,1.0999,-1.246,-0.906,2.268
1791417,1840,1913,1910,0.2821,0.1561,1.1002,-0.981,-0.801,2.183
1791427,1855,1917,1894,0.2817,0.1565,1.1017,-0.698,-0.715,2.112
1791437,1837,1915,1915,0.2815,0.1569,1.1008,-0.401,-0.662,2.059
1791447,1839,1918,1892,0.2807,0.1577,1.0989,-0.132,-0.606,2.025
1791457,1841,1914,1905,0.2809,0.1593,1.0977,0.064,-0.564,2.015
1791467,1894,1915,1891,0.2820,0.1611,1.0975,0.208,-0.525,2.013
1791477,1832,1917,1909,0.2827,0.1620,1.0976,0.333,-0.459,2.005
1791487,1863,1925,1894,0.2820,0.1625,1.0976,0.490,-0.351,1.994
1791497,1831,1919,1909,0.2815,0.1625,1.0969,0.673,-0.219,1.986
1791507,1863,1922,1897,0.2809,0.1619,1.0983,0.809,-0.116,1.988
1791517,1866,1920,1903,0.2810,0.1615,1.0984,0.873,-0.047,2.014
1791527,1857,1925,1892,0.2817,0.1600,1.0982,0.916,0.005,2.037
1791537,1833,1917,1922,0.2820,0.1571,1.0974,0.976,0.078,2.032
1791547,1891,1919,1890,0.2813,0.1554,1.0989,1.165,0.161,2.040
1791557,1838,1915,1911,0.2792,0.1558,1.1008,1.504,0.173,2.085
1791567,1859,1921,1890,0.2782,0.1575,1.1005,1.887,0.052,2.194
1791577,1833,1917,1910,0.2772,0.1607,1.0995,2.157,-0.177,2.342
1791587,1857,1923,1901,0.2769,0.1643,1.0992,2.184,-0.529,2.537
1791597,1831,1913,1924,0.2765,0.1681,1.1016,1.892,-0.962,2.748
1791607,1852,1920,1898,0.2761,0.1715,1.1001,1.383,-1.354,2.949
1791617,1836,1919,1914,0.2763,0.1744,1.0988,0.696,-1.713,3.098
1791627,1858,1921,1893,0.2768,0.1749,1.1006,-0.348,-2.237,3.171
1791637,1836,1916,1907,0.2782,0.1744,1.1005,-1.420,-2.686,3.147
1791647,1843,1924,1891,0.2805,0.1719,1.0990,-2.390,-3.011,3.065
1791657,1838,1919,1909,0.2826,0.1675,1.0997,-3.343,-3.322,2.941
1791667,1873,1920,1890,0.2837,0.1634,1.0980,-4.026,-3.482,2.809
1791677,1826,1913,1921,0.2854,0.1578,1.0970,-4.339,-3.451,2.657
1791687,1871,1921,1903,0.2872,0.1537,1.0971,-4.375,-3.332,2.472
1791697,1842,1922,1898,0.2882,0.1501,1.0958,-4.098,-3.093,2.244
1791707,1896,1924,1898,0.2887,0.1460,1.0960,-3.543,-2.772,1.955
1791717,1836,1919,1914,0.2882,0.1421,1.0964,-2.759,-2.480,1.676
1791727,1869,1923,1892,0.2874,0.1406,1.0958,-1.760,-2.204,1.414
1791737,1827,1919,1916,0.2877,0.1411,1.0966,-0.788,-2.003,1.162
1791747,1873,1921,1892,0.2878,0.1434,1.0967,0.097,-1.888,0.970
1791757,1845,1917,1914,0.2886,0.1467,1.0964,0.817,-1.809,0.806
1791767,1879,1919,1889,0.2879,0.1507,1.0965,1.309,-1.774,0.660
1791777,1835,1920,1904,0.2878,0.1543,1.0968,1.647,-1.789,0.539
1791787,1892,1922,1900,0.2881,0.1566,1.0965,1.860,-1.806,0.422
1791797,1833,1916,1917,0.2878,0.1571,1.0963,1.888,-1.873,0.286
1791807,1874,1923,1881,0.2877,0.1581,1.0961,1.758,-1.941,0.138
1791817,1833,1919,1904,0.2881,0.1594,1.0965,1.588,-1.975,-0.038
1791827,1873,1922,1894,0.2876,0.1584,1.0961,1.506,-1.948,-0.214
1791837,1834,1912,1912,0.2877,0.1565,1.0979,1.546,-1.914,-0.378
1791847,1892,1926,1905,0.2881,0.1558,1.0981,1.646,-1.953,-0.492
1791857,1835,1922,1906,0.2896,0.1550,1.0968,1.766,-1.993,-0.546
1791867,1865,1921,1901,0.2901,0.1553,1.0964,1.885,-1.982,-0.567
1791877,1829,1913,1907,0.2908,0.1573,1.0967,2.035,-1.955,-0.552
1791887,1890,1924,1900,0.2916,0.1605,1.0974,2.306,-1.869,-0.529
1791897,1831,1920,1898,0.2921,0.1621,1.0968,2.660,-1.708,-0.500
1791907,1884,1929,1893,0.2922,0.1641,1.0973,2.983,-1.516,-0.451
1791917,1835,1920,1899,0.2923,0.1640,1.0964,3.173,-1.283,-0.418
1791927,1863,1924,1891,0.2930,0.1639,1.0963,3.200,-1.081,-0.375
1791937,1847,1920,1905,0.2938,0.1635,1.0955,3.162,-0.837,-0.349
1791947,1912,1925,1890,0.2942,0.1619,1.0960,3.191,-0.549,-0.346
1791957,1832,1923,1904,0.2928,0.1614,1.0962,3.337,-0.311,-0.346
1791967,1883,1925,1898,0.2923,0.1611,1.0959,3.681,-0.122,-0.354
1791977,1826,1915,1907,0.2913,0.1601,1.0954,4.166,0.014,-0.398
1791987,1863,1928,1925,0.2906,0.1590,1.0962,4.552,0.017,-0.435
1791997,1834,1916,1906,0.2895,0.1596,1.0965,4.890,-0.023,-0.446
1792007,1886,1921,1894,0.2881,0.1633,1.0959,5.120,-0.105,-0.445
1792017,1836,1917,1898,0.2876,0.1674,1.0958,5.194,-0.328,-0.434
1792027,1858,1929,1891,0.2869,0.1709,1.0956,5.239,-0.539,-0.466
1792037,1843,1921,1939,0.2875,0.1723,1.0950,5.244,-0.755,-0.524
1792047,1874,1921,1892,0.2882,0.1739,1.0951,5.093,-1.030,-0.603
1792057,1840,1924,1910,0.2894,0.1750,1.0946,4.875,-1.266,-0.671
1792067,1881,1925,1898,0.2889,0.1763,1.0944,4.654,-1.441,-0.719
1792077,1837,1920,1894,0.2883,0.1768,1.0928,4.466,-1.584,-0.736
1792087,1897,1925,1902,0.2883,0.1773,1.0922,4.379,-1.697,-0.738
1792097,1847,1919,1893,0.2881,0.1786,1.0927,4.381,-1.843,-0.702
1792107,1889,1917,1931,0.2883,0.1812,1.0932,4.436,-2.001,-0.633
1792117,1838,1915,1919,0.2893,0.1825,1.0936,4.432,-2.190,-0.554
1792127,1884,1920,1906,0.2902,0.1842,1.0951,4.001,-2.589,-0.464
1792137,1842,1921,1910,0.2918,0.1845,1.0938,3.466,-2.950,-0.369
1792147,1890,1924,1892,0.2931,0.1842,1.0928,2.943,-3.224,-0.273
1792157,1835,1924,1919,0.2942,0.1834,1.0933,2.411,-3.483,-0.145
1792167,1875,1927,1893,0.2937,0.1841,1.0939,1.909,-3.719,0.002
1792177,1835,1918,1924,0.2945,0.1841,1.0919,1.528,-3.922,0.172
1792187,1891,1923,1893,0.2946,0.1844,1.0929,1.202,-4.125,0.348
1792197,1835,1922,1910,0.2945,0.1844,1.0937,0.890,-4.369,0.534
1792207,1879,1928,1898,0.2946,0.1831,1.0938,0.578,-4.576,0.737
1792217,1844,1919,1906,0.2965,0.1825,1.0932,0.245,-4.731,0.960
1792227,1878,1915,1931,0.2980,0.1830,1.0932,-0.123,-4.901,1.159
1792237,1834,1919,1896,0.2992,0.1810,1.0923,-0.497,-5.076,1.293
1792247,1876,1922,1908,0.3001,0.1807,1.0910,-0.751,-5.177,1.405
1792257,1836,1922,1922,0.3018,0.1803,1.0912,-0.862,-5.192,1.505
1792267,1890,1925,1933,0.3036,0.1799,1.0912,-0.917,-5.176,1.574
1792277,1850,1925,1915,0.3053,0.1794,1.0916,-0.895,-5.118,1.622
1792287,1899,1931,1891,0.3066,0.1792,1.0907,-0.817,-4.960,1.665
1792297,1832,1918,1905,0.3094,0.1791,1.0908,-0.731,-4.713,1.695
1792307,1877,1924,1896,0.3104,0.1782,1.0919,-0.644,-4.395,1.705
1792317,1838,1919,1897,0.3123,0.1779,1.0919,-0.523,-4.009,1.678
1792327,1865,1927,1927,0.3127,0.1767,1.0896,-0.325,-3.514,1.586
1792337,1836,1911,1937,0.3129,0.1746,1.0889,-0.067,-3.008,1.438
1792347,1890,1935,1913,0.3138,0.1721,1.0900,0.252,-2.512,1.239
1792357,1836,1921,1998,0.3140,0.1702,1.0901,0.771,-1.950,0.963
1792367,1902,1933,1911,0.3142,0.1687,1.0888,1.478,-1.337,0.631
1792377,1834,1920,1891,0.3133,0.1678,1.0896,2.331,-0.781,0.291
1792387,1934,1935,1964,0.3114,0.1685,1.0905,3.263,-0.264,-0.043
1792397,1832,1921,1908,0.3095,0.1708,1.0880,4.272,0.240,-0.342
1792407,1887,1932,1910,0.3075,0.1736,1.0889,5.140,0.599,-0.605
1792417,1842,1921,1908,0.3046,0.1764,1.0902,5.712,0.804,-0.832
1792427,1866,1923,1910,0.3028,0.1814,1.0899,6.144,0.965,-0.942
1792437,1839,1920,1891,0.3021,0.1867,1.0895,6.283,1.004,-0.964
1792447,1897,1928,1895,0.3020,0.1896,1.0902,6.111,0.852,-0.997
1792457,1836,1929,1898,0.3015,0.1917,1.0896,5.822,0.697,-1.084
1792467,1900,1926,1890,0.3009,0.1947,1.0892,5.453,0.515,-1.127
1792477,1856,1923,1899,0.3010,0.1951,1.0887,4.989,0.249,-1.161
1792487,1894,1930,1941,0.3011,0.1960,1.0891,4.455,-0.083,-1.131
1792497,1842,1924,1893,0.3014,0.1968,1.0897,3.867,-0.415,-1.012
1792507,1918,1935,1989,0.3014,0.1987,1.0888,3.283,-0.652,-0.853
1792517,1842,1920,1906,0.3021,0.1992,1.0867,2.695,-0.870,-0.695
1792527,1912,1930,1910,0.3031,0.1998,1.0878,2.080,-1.126,-0.545
1792537,1843,1921,1916,0.3030,0.1995,1.0893,1.522,-1.344,-0.375
1792547,1926,1932,1900,0.3034,0.1999,1.0876,1.046,-1.478,-0.211
1792557,1845,1922,1969,0.3027,0.