2111297,1741,1877,1711,0.0029,0.4093,1.0629,0.221,6.361,0.366
2111307,1243,1867,1692,0.0022,0.4093,1.0645,0.179,6.294,0.380
2111317,1683,1887,1725,0.0007,0.4081,1.0627,0.112,6.264,0.310
2111327,1205,1855,1704,0.0001,0.4068,1.0638,-0.056,6.173,0.310
2111337,1647,1902,1754,0.0012,0.4047,1.0653,-0.246,6.032,0.261
2111347,1183,1878,1705,-0.0004,0.4025,1.0616,-0.361,5.998,0.132
2111357,1616,1875,1764,0.0015,0.4025,1.0641,-0.373,5.874,0.220
2111367,1159,1860,1722,0.0036,0.4041,1.0648,-0.376,5.792,0.464
2111377,1574,1887,1786,0.0021,0.4057,1.0597,-0.228,5.914,0.364
2111387,1144,1863,1736,0.0034,0.4106,1.0575,0.003,6.045,0.415
2111397,1546,1892,1805,0.0053,0.4157,1.0593,0.145,6.080,0.603
2111407,1138,1854,1745,0.0043,0.4163,1.0584,0.349,6.080,0.439
2111417,1508,1874,1799,0.0037,0.4149,1.0615,0.358,6.022,0.201
2111427,1124,1859,1764,0.0033,0.4131,1.0654,0.164,5.915,0.066
2111437,1492,1899,1827,0.0014,0.4092,1.0648,-0.064,5.962,-0.072
2111447,1117,1857,1788,0.0000,0.4049,1.0648,-0.259,5.995,-0.191
2111457,1455,1904,1838,0.0008,0.4039,1.0669,-0.462,5.954,-0.055
2111467,1109,1859,1802,0.0001,0.4020,1.0661,-0.469,5.975,0.015
2111477,1415,1890,1844,0.0010,0.4045,1.0639,-0.313,6.022,0.123
2111487,1105,1864,1804,0.0028,0.4094,1.0636,-0.114,6.079,0.360
2111497,1384,1895,1864,0.0022,0.4129,1.0624,0.142,6.154,0.448
2111507,1104,1858,1850,0.0015,0.4161,1.0607,0.328,6.200,0.387
2111517,1358,1900,1886,0.0015,0.4185,1.0600,0.303,6.134,0.297
2111527,1103,1858,1853,0.0006,0.4169,1.0600,0.153,5.997,0.077
2111537,1317,1894,1891,0.0001,0.4136,1.0613,-0.203,5.849,0.035
2111547,1104,1857,1864,-0.0010,0.4105,1.0616,-0.510,5.708,-0.014
2111557,1289,1906,1899,-0.0022,0.4082,1.0626,-0.691,5.680,0.089
2111567,1103,1860,1846,-0.0020,0.4088,1.0619,-0.749,5.681,0.330
2111577,1259,1896,1916,-0.0031,0.4090,1.0614,-0.733,5.662,0.522
2111587,1108,1862,1874,-0.0023,0.4106,1.0616,-0.697,5.643,0.676
2111597,1231,1885,1929,-0.0012,0.4138,1.0618,-0.694,5.626,0.829
2111607,1109,1867,1888,-0.0000,0.4144,1.0627,-0.756,5.582,0.858
2111617,1217,1906,1947,0.0008,0.4146,1.0613,-0.854,5.510,0.759
2111627,1115,1864,1894,0.0011,0.4133,1.0614,-0.941,5.462,0.683
2111637,1199,1908,1951,0.0016,0.4117,1.0614,-1.037,5.430,0.627
2111647,1118,1862,1913,0.0015,0.4114,1.0621,-1.067,5.481,0.559
2111657,1186,1902,1956,0.0013,0.4091,1.0614,-1.050,5.555,0.538
2111667,1122,1860,1919,0.0015,0.4092,1.0621,-1.024,5.593,0.597
2111677,1178,1892,1970,0.0015,0.4093,1.0628,-0.989,5.636,0.634
2111687,1130,1867,1936,0.0011,0.4093,1.0630,-0.963,5.652,0.643
2111697,1166,1894,1974,0.0008,0.4091,1.0616,-0.934,5.707,0.659
2111707,1137,1862,1936,0.0021,0.4102,1.0636,-0.905,5.761,0.777
2111717,1159,1896,1981,0.0015,0.4093,1.0626,-0.895,5.802,0.760
2111727,1144,1863,1947,0.0001,0.4087,1.0611,-0.907,5.838,0.645
2111737,1154,1907,1998,0.0009,0.4099,1.0618,-0.960,5.870,0.688
2111747,1155,1873,1940,0.0010,0.4099,1.0609,-1.002,5.889,0.770
2111757,1146,1893,2003,0.0004,0.4107,1.0621,-1.003,5.903,0.753
2111767,1163,1860,1962,0.0006,0.4111,1.0622,-1.023,5.919,0.751
2111777,1141,1897,2005,0.0020,0.4115,1.0621,-1.063,5.936,0.738
2111787,1198,1873,1963,0.0032,0.4112,1.0618,-1.106,5.979,0.735
2111797,1136,1899,2014,0.0043,0.4111,1.0624,-1.130,6.047,0.749
2111807,1231,1864,1982,0.0038,0.4105,1.0635,-1.196,6.116,0.683
2111817,1133,1907,2021,0.0017,0.4094,1.0648,-1.229,6.239,0.527
2111827,1262,1857,1985,0.0007,0.4097,1.0653,-1.236,6.435,0.496
2111837,1126,1907,2030,0.0014,0.4102,1.0669,-1.203,6.680,0.545
2111847,1323,1870,1975,0.0010,0.4109,1.0657,-1.169,6.909,0.531
2111857,1120,1903,2037,-0.0009,0.4112,1.0636,-1.159,7.122,0.484
2111867,1356,1869,2000,-0.0004,0.4130,1.0640,-1.139,7.338,0.570
2111877,1117,1901,2040,0.0011,0.4149,1.0625,-1.191,7.600,0.730
2111887,1407,1866,1999,0.0017,0.4157,1.0635,-1.251,7.765,0.785
2111897,1114,1902,2037,0.0018,0.4161,1.0655,-1.339,7.911,0.773
2111907,1458,1866,2009,0.0006,0.4159,1.0661,-1.435,8.154,0.734
2111917,1110,1901,2046,-0.0001,0.4147,1.0629,-1.550,8.471,0.712
2111927,1502,1857,1988,-0.0006,0.4133,1.0646,-1.772,8.619,0.679
2111937,1106,1907,2032,-0.0013,0.4105,1.0660,-2.029,8.655,0.628
2111947,1565,1867,2000,-0.0060,0.4099,1.0627,-2.102,8.817,0.641
2111957,1104,1910,2059,-0.0078,0.4113,1.0591,-2.143,8.981,0.927
2111967,1631,1867,2014,-0.0065,0.4137,1.0597,-2.364,8.832,1.309
2111977,1103,1895,2057,-0.0079,0.4141,1.0606,-2.674,8.520,1.401
2111987,1665,1869,2003,-0.0093,0.4124,1.0608,-3.001,8.267,1.369
2111997,1100,1886,2044,-0.0091,0.4133,1.0623,-3.494,8.009,1.499
2112007,1730,1858,2010,-0.0073,0.4144,1.0645,-4.001,7.716,1.753
2112017,1096,1912,2083,-0.0033,0.4098,1.0642,-4.517,7.504,1.991
2112027,1767,1870,1964,-0.0069,0.4080,1.0692,-5.140,7.163,2.226
2112037,1095,2034,2007,-0.0083,0.4137,1.0682,-5.789,6.968,2.990
2112047,1806,1946,1986,-0.0047,0.4187,1.0652,-6.410,7.036,4.237
2112057,1089,1935,2012,-0.0054,0.4251,1.0741,-7.384,6.653,5.191
2112067,1861,1913,2014,0.0016,0.4238,1.0784,-8.665,6.090,5.828
2112077,1090,1946,2027,0.0038,0.4227,1.0826,-10.395,5.882,6.714
2112087,1885,1875,2008,0.0091,0.4221,1.0989,-13.233,5.246,7.844
2112097,1088,1906,2039,0.0031,0.4297,1.1170,-17.294,4.657,9.090
2112107,1928,1864,1936,0.0074,0.4543,1.1321,-21.932,4.893,11.416
2112117,1086,1906,1939,0.0172,0.4737,1.1338,-26.861,6.274,13.807
2112127,1967,1865,1856,0.0153,0.4702,1.1353,-31.709,7.857,13.642
2112137,1084,1913,1906,0.0108,0.4523,1.1354,-35.965,9.261,11.549
2112147,2009,1931,1849,0.0063,0.4261,1.1315,-39.440,10.823,9.396
2112157,1084,1890,1866,0.0071,0.3912,1.1255,-42.319,12.153,7.702
2112167,2052,1882,1843,0.0098,0.3454,1.1132,-44.418,13.343,6.662
2112177,1080,1889,1896,-0.0028,0.3383,1.1299,-45.553,14.175,7.212
2112187,2085,1857,1863,0.0054,0.3532,1.1462,-46.944,15.184,10.291
2112197,1080,1907,1906,-0.0047,0.3562,1.1400,-47.480,17.090,11.635
2112207,2101,1874,1858,-0.0165,0.3581,1.1522,-48.566,18.539,11.155
2112217,1080,1966,1916,-0.0215,0.3460,1.1503,-49.944,19.650,9.543
2112227,2142,1860,1852,-0.0214,0.3325,1.1369,-50.122,21.147,7.874
2112237,1076,1870,1881,-0.0204,0.3219,1.1420,-50.900,21.841,6.960
2112247,2198,1862,1845,-0.0226,0.3062,1.1466,-52.220,22.058,5.825
2112257,1077,1884,1870,-0.0296,0.3005,1.1442,-53.549,22.417,4.835
2112267,2212,1899,1856,-0.0330,0.2889,1.1405,-55.535,22.631,4.365
2112277,1078,1924,1877,-0.0363,0.2794,1.1312,-58.144,22.607,3.986
2112287,2244,1862,1826,-0.0380,0.2699,1.1267,-61.928,21.989,3.955
2112297,1079,1882,1845,-0.0381,0.2591,1.1290,-65.791,20.995,4.060
2112307,2250,1908,1821,-0.0362,0.2444,1.1313,-68.612,20.168,4.227
2112317,1079,1941,1844,-0.0384,0.2191,1.1333,-69.986,19.592,3.939
2112327,2281,1922,1805,-0.0422,0.1897,1.1367,-69.727,19.276,3.279
2112337,1079,1980,1839,-0.0445,0.1680,1.1400,-68.231,19.271,3.250
2112347,2323,1906,1808,-0.0457,0.1535,1.1441,-65.787,19.602,3.784
2112357,1083,1940,1831,-0.0466,0.1439,1.1488,-62.583,20.074,4.370
2112367,2366,1899,1786,-0.0475,0.1359,1.1524,-58.754,20.701,4.613
2112377,1080,1982,1837,-0.0490,0.1258,1.1498,-54.120,21.524,4.403
2112387,2393,1982,1809,-0.0491,0.1136,1.1460,-48.795,22.325,3.788
2112397,1081,1993,1849,-0.0511,0.1002,1.1421,-42.923,23.057,2.991
2112407,2453,1927,1814,-0.0517,0.0911,1.1359,-36.684,23.862,2.446
2112417,1086,1994,1842,-0.0533,0.0844,1.1258,-30.383,24.649,2.205
2112427,2502,1896,1810,-0.0568,0.0807,1.1177,-24.571,25.126,2.104
2112437,1087,1970,1852,-0.0595,0.0785,1.1123,-19.560,25.194,2.159
2112447,2527,1959,1835,-0.0644,0.0799,1.1086,-15.475,24.994,2.536
2112457,1090,2033,1913,-0.0685,0.0835,1.1061,-12.353,24.590,3.242
2112467,2576,1941,1867,-0.0718,0.0878,1.1034,-10.309,23.918,4.050
2112477,1092,2006,1924,-0.0740,0.0921,1.1058,-9.222,23.030,4.816
2112487,2596,1928,1902,-0.0761,0.0960,1.1076,-8.771,22.101,5.533
2112497,1097,2042,1948,-0.0797,0.0981,1.1113,-8.649,21.274,6.159
2112507,2604,2074,1955,-0.0835,0.0979,1.1168,-8.729,20.549,6.592
2112517,1098,2070,2011,-0.0867,0.0961,1.1223,-8.943,19.845,6.774
2112527,2663,2032,2003,-0.0913,0.0920,1.1289,-9.163,19.235,6.894
2112537,1102,2007,2058,-0.0942,0.0901,1.1399,-9.351,18.693,7.227
2112547,2699,1960,2070,-0.0938,0.0873,1.1577,-9.776,18.256,7.780
2112557,1106,2029,2103,-0.0918,0.0817,1.1727,-10.449,18.174,8.420
2112567,2733,1949,2069,-0.0908,0.0795,1.1889,-11.554,18.409,9.322
2112577,1112,2061,2082,-0.0903,0.0789,1.2032,-13.215,18.884,10.649
2112587,2775,1975,2041,-0.0907,0.0778,1.2165,-15.375,19.630,12.237
2112597,1116,2027,2055,-0.0914,0.0772,1.2322,-18.063,20.443,13.937
2112607,2791,2000,2056,-0.0945,0.0751,1.2464,-21.274,21.317,15.616
2112617,1129,2067,2073,-0.0986,0.0733,1.2600,-24.698,22.372,17.245
2112627,2846,2036,2018,-0.1032,0.0703,1.2738,-28.151,23.603,18.867
2112637,1134,2040,2041,-0.1078,0.0631,1.2842,-31.496,24.949,20.302
2112647,2874,2036,2033,-0.1185,0.0546,1.2939,-34.405,26.252,21.368
2112657,1169,2105,2080,-0.1315,0.0471,1.3010,-36.607,27.534,22.419
2112667,2984,1973,2034,-0.1431,0.0418,1.3024,-37.816,28.865,23.657
2112677,1243,1913,2067,-0.1534,0.0325,1.3025,-37.841,30.117,24.586
2112687,3037,1986,2063,-0.1621,0.0193,1.3087,-36.558,31.150,25.108
2112697,1284,2168,2113,-0.1709,0.0068,1.3212,-33.983,32.225,25.678
2112707,3143,2095,2077,-0.1748,-0.0073,1.3338,-30.466,33.680,26.641
2112717,1427,2136,2105,-0.1793,-0.0188,1.3438,-26.513,35.400,28.050
2112727,3268,1992,1934,-0.1861,-0.0202,1.3549,-22.211,37.205,29.737
2112737,1516,2122,1866,-0.1921,-0.0171,1.3642,-17.794,39.093,31.563
2112747,3303,2042,1782,-0.1941,-0.0204,1.3736,-13.355,41.193,33.093
2112757,1635,2180,1817,-0.1931,-0.0293,1.3828,-9.023,43.446,34.245
2112767,3582,2185,1785,-0.1915,-0.0366,1.3842,-4.740,45.976,35.272
2112777,1847,2093,1718,-0.1921,-0.0402,1.3856,-0.437,48.643,36.365
2112787,3544,2152,1672,-0.1906,-0.0440,1.3871,3.894,51.453,37.572
2112797,1880,2131,1736,-0.1873,-0.0490,1.3860,8.070,54.494,38.851
2112807,3700,2121,1736,-0.1872,-0.0513,1.3859,11.938,57.682,40.171
2112817,2090,2151,1969,-0.1825,-0.0529,1.3839,15.284,61.055,41.794
2112827,3872,2042,1608,-0.1770,-0.0565,1.3771,17.964,64.642,43.873
2112837,2231,2097,1682,-0.1711,-0.0594,1.3706,19.890,68.383,46.315
2112847,3731,1969,1561,-0.1655,-0.0623,1.3647,20.899,72.149,49.045
2112857,2317,2111,1564,-0.1565,-0.0666,1.3586,20.872,76.209,52.022
2112867,3673,2069,1601,-0.1446,-0.0770,1.3525,19.444,80.333,55.276
2112877,2362,2048,1567,-0.1293,-0.0893,1.3361,16.750,84.538,59.024
2112887,3593,2067,1602,-0.1184,-0.1023,1.3188,13.100,88.891,63.563
2112897,2312,2136,1563,-0.1075,-0.1150,1.2994,8.372,92.947,68.977
2112907,3475,2148,1561,-0.1004,-0.1357,1.2714,2.824,96.899,74.828
2112917,2283,2127,1572,-0.1023,-0.1578,1.2548,-3.708,100.247,81.154
2112927,3209,2173,1592,-0.1053,-0.1762,1.2366,-10.714,103.264,88.622
2112937,2068,2066,1565,-0.1099,-0.1894,1.2131,-17.022,106.365,96.921
2112947,2777,1883,1639,-0.1119,-0.2048,1.1897,-22.482,109.107,105.495
2112957,1734,2125,1612,-0.1236,-0.2107,1.1606,-26.180,111.551,113.811
2112967,2474,1975,1571,-0.1371,-0.2021,1.1277,-27.397,114.090,122.282
2112977,1520,2120,1611,-0.1500,-0.1825,1.0960,-25.853,116.800,130.510
2112987,2303,1904,1579,-0.1642,-0.1629,1.0618,-21.726,119.565,137.521
2112997,1397,2247,1752,-0.1879,-0.1240,1.0294,-15.264,122.308,143.375
2113007,2214,2060,1563,-0.2015,-0.0597,0.9943,-6.764,125.586,149.229
2113017,1282,1856,1626,-0.2140,0.0007,0.9481,3.632,129.426,153.794
2113027,2137,1900,1749,-0.2310,0.0628,0.8904,17.920,132.916,153.853
2113037,1177,2103,1747,-0.2511,0.1182,0.8314,31.980,135.969,152.592
2113047,1975,2511,1674,-0.2690,0.1780,0.7765,45.452,138.539,150.467
2113057,1125,2709,1712,-0.2854,0.2461,0.7219,57.678,140.358,148.054
2113067,1840,1955,1632,-0.2970,0.3143,0.6602,68.224,141.828,144.989
2113077,1112,1871,1738,-0.2926,0.3643,0.5999,75.397,142.252,141.014
2113087,1721,1878,1567,-0.3032,0.3920,0.5400,77.775,141.635,136.035
2113097,1105,1975,1661,-0.3375,0.4443,0.4887,75.717,139.666,132.023
2113107,1676,1991,1581,-0.3790,0.5380,0.4573,69.964,136.212,130.089
2113117,1104,1938,1568,-0.4092,0.6163,0.4310,62.088,131.320,128.506
2113127,1642,1924,1580,-0.4327,0.6756,0.4206,52.781,124.425,124.328
2113137,1102,2040,1572,-0.4447,0.7217,0.3858,42.980,116.717,118.978
2113147,1644,1918,1888,-0.4540,0.7705,0.3447,33.327,108.771,112.899
2113157,1096,2135,1570,-0.4629,0.8079,0.3128,24.285,99.875,105.875
2113167,1606,2180,1584,-0.4882,0.8341,0.2802,16.479,90.311,97.464
2113177,1100,2415,1797,-0.5099,0.8403,0.2528,11.542,80.253,88.065
2113187,1617,2509,1847,-0.5144,0.8195,0.2492,8.691,69.286,77.840
2113197,1102,1990,1729,-0.5060,0.7907,0.2722,8.118,57.932,67.874
2113207,1615,1861,1590,-0.4901,0.7493,0.3020,9.385,47.712,58.749
2113217,1101,1861,1595,-0.4763,0.7074,0.3389,11.063,38.659,50.733
2113227,1610,2033,1684,-0.4675,0.6615,0.3815,12.029,30.751,43.946
2113237,1103,2260,1708,-0.4639,0.6244,0.4269,11.438,23.872,38.604
2113247,1622,1910,1595,-0.4640,0.5913,0.4636,9.548,17.886,34.877
2113257,1105,1925,1595,-0.4696,0.5602,0.5027,6.900,12.860,32.479
2113267,1605,1895,1730,-0.4781,0.5427,0.5308,4.148,8.880,31.122
2113277,1104,1949,1626,-0.4886,0.5450,0.5595,2.373,5.932,30.285
2113287,1594,1969,1660,-0.5021,0.5674,0.5823,1.878,4.003,29.307
2113297,1104,1925,1570,-0.5148,0.5939,0.5950,3.237,3.337,27.791
2113307,1611,2189,1741,-0.5251,0.6217,0.6120,5.502,3.289,25.599
2113317,1109,2106,1636,-0.5358,0.6510,0.6129,8.346,3.931,22.989
2113327,1612,2145,1627,-0.5427,0.6651,0.6161,10.917,4.964,20.062
2113337,1107,1956,1618,-0.5475,0.6676,0.6235,11.639,5.679,17.100
2113347,1615,1921,1639,-0.5507,0.6705,0.6291,11.046,6.268,14.635
2113357,1107,1874,1635,-0.5536,0.6710,0.6405,8.870,6.619,12.668
2113367,1599,1995,1700,-0.5568,0.6696,0.6442,5.860,6.899,11.169
2113377,1108,1933,2035,-0.5603,0.6654,0.6476,2.619,7.259,10.072
2113387,1596,1871,1581,-0.5623,0.6567,0.6486,-0.516,7.417,9.263
2113397,1107,2332,1678,-0.5646,0.6472,0.6493,-2.898,7.508,8.599
2113407,1593,1858,2063,-0.5646,0.6348,0.6512,-4.200,7.558,7.954
2113417,1113,1973,1673,-0.5637,0.6168,0.6540,-4.249,7.718,7.294
2113427,1578,1850,1577,-0.5666,0.6102,0.6579,-3.086,8.078,6.740
2113437,1114,1855,1707,-0.5714,0.6165,0.6544,-0.761,8.640,6.329
2113447,1589,2095,1588,-0.5758,0.6232,0.6486,1.855,9.272,5.930
2113457,1114,2008,1654,-0.5798,0.6310,0.6465,3.712,9.587,5.633
2113467,1583,1985,1718,-0.5780,0.6342,0.6481,4.627,9.524,5.483
2113477,1115,1993,1824,-0.5755,0.6287,0.6528,4.597,9.334,5.378
2113487,1574,1872,1664,-0.5750,0.6226,0.6574,4.074,9.223,5.414
2113497,1117,1911,1624,-0.5762,0.6196,0.6570,3.239,9.335,5.668
2113507,1564,2056,1717,-0.5787,0.6153,0.6604,1.912,9.356,6.137
2113517,1115,1932,1702,-0.5809,0.6130,0.6627,0.090,9.382,6.768
2113527,1537,2023,1588,-0.5836,0.6118,0.6600,-1.697,9.522,7.520
2113537,1117,1954,1609,-0.5861,0.6125,0.6662,-3.418,9.431,8.264
2113547,1534,1968,1582,-0.5886,0.6140,0.6699,-4.839,9.341,8.866
2113557,1116,1861,1583,-0.5955,0.6327,0.6635,-5.583,9.465,9.261
2113567,1539,2005,1753,-0.5987,0.6593,0.6459,-5.299,9.580,8.975
2113577,1117,2398,2148,-0.5962,0.6786,0.6288,-3.926,9.313,7.595
2113587,1496,2760,1874,-0.5944,0.6975,0.6148,-1.486,8.723,5.510
2113597,1119,1955,1578,-0.5905,0.7015,0.5998,1.120,8.146,3.286
2113607,1503,1908,1619,-0.5813,0.6868,0.6057,2.248,6.957,1.330
2113617,1119,1872,1580,-0.5720,0.6615,0.6185,1.222,5.338,-0.006
2113627,1497,1872,1618,-0.5638,0.6357,0.6327,-1.800,3.731,-0.569
2113637,1121,2114,1592,-0.5581,0.6158,0.6428,-6.259,2.126,-0.372
2113647,1493,1980,1864,-0.5570,0.6001,0.6424,-10.942,0.665,0.299
2113657,1121,2067,1628,-0.5557,0.5870,0.6452,-14.860,-0.751,1.130
2113667,1488,2069,1632,-0.5535,0.5777,0.6515,-17.449,-2.039,1.896
2113677,1120,1864,1589,-0.5492,0.5728,0.6628,-18.416,-2.980,2.496
2113687,1456,2079,1605,-0.5444,0.5674,0.6810,-18.083,-3.551,2.786
2113697,1120,1857,1603,-0.5445,0.5666,0.7008,-16.579,-3.670,2.813
2113707,1475,1848,1590,-0.5491,0.5743,0.7107,-13.977,-3.106,2.604
2113717,1118,2062,1598,-0.5536,0.5821,0.7181,-11.026,-2.186,2.089
2113727,1447,1928,1752,-0.5553,0.5923,0.7288,-8.413,-1.218,1.423
2113737,1121,1876,1613,-0.5559,0.5956,0.7387,-6.300,0.030,0.712
2113747,1412,2135,1603,-0.5571,0.5930,0.7487,-5.070,1.416,-0.032
2113757,1121,1919,1586,-0.5595,0.5915,0.7489,-4.498,2.949,-0.675
2113767,1424,2367,1593,-0.5624,0.5817,0.7411,-4.448,4.517,-1.278
2113777,1123,2190,1622,-0.5692,0.5801,0.7328,-4.654,5.813,-1.710
2113787,1379,1893,1645,-0.5764,0.5815,0.7185,-4.643,6.930,-2.019
2113797,1122,1963,1639,-0.5793,0.5750,0.7084,-4.613,7.560,-2.344
2113807,1378,1984,1648,-0.5816,0.5705,0.7053,-4.550,7.667,-2.531
2113817,1124,1860,1663,-0.5822,0.5651,0.7027,-4.421,7.646,-2.559
2113827,1366,2389,1942,-0.5830,0.5569,0.7052,-4.599,7.416,-2.436
2113837,1124,1987,1700,-0.5865,0.5559,0.7045,-5.119,7.063,-2.054
2113847,1383,2184,1643,-0.5907,0.5626,0.7010,-5.818,6.586,-1.524
2113857,1124,2066,1677,-0.5950,0.5752,0.6999,-6.616,5.913,-1.016
2113867,1335,2062,1796,-0.5965,0.5861,0.7032,-7.290,5.052,-0.614
2113877,1127,2270,1666,-0.5958,0.5870,0.7124,-8.051,4.166,-0.343
2113887,1324,2146,1596,-0.5920,0.5762,0.7296,-9.075,3.313,-0.052
2113897,1126,1857,1587,-0.5872,0.5608,0.7446,-10.207,2.784,0.410
2113907,1321,1853,1600,-0.5840,0.5474,0.7509,-11.002,2.727,1.017
2113917,1127,1891,1583,-0.5830,0.5419,0.7520,-11.165,3.026,1.595
2113927,1300,1892,1845,-0.5826,0.5455,0.7487,-10.480,3.538,1.982
2113937,1127,1945,2146,-0.5802,0.5488,0.7450,-8.812,4.184,2.156
2113947,1304,1881,1788,-0.5781,0.5546,0.7433,-6.662,4.815,2.204
2113957,1128,1906,1610,-0.5738,0.5534,0.7422,-4.502,5.381,2.205
2113967,1280,1944,1647,-0.5710,0.5482,0.7439,-2.776,5.879,2.283
2113977,1132,1915,1586,-0.5709,0.5509,0.7390,-1.534,6.345,2.531
2113987,1296,1935,1607,-0.5695,0.5550,0.7283,-0.537,6.802,2.791
2113997,1131,2395,1767,-0.5700,0.5586,0.7195,-0.003,6.974,2.997
2114007,1251,2861,1807,-0.5697,0.5677,0.7109,0.330,6.909,3.289
2114017,1131,2058,1613,-0.5681,0.5739,0.7037,0.357,6.613,3.557
2114027,1243,2265,1832,-0.5656,0.5742,0.7040,0.097,6.076,3.734
2114037,1132,1909,1646,-0.5631,0.5753,0.7023,-0.355,5.447,3.921
2114047,1243,1980,1607,-0.5611,0.5711,0.7001,-0.801,4.966,4.038
2114057,1133,2084,1712,-0.5631,0.5744,0.6991,-1.077,4.456,4.119
2114067,1230,2244,1607,-0.5659,0.5844,0.6950,-0.807,4.177,4.078
2114077,1135,1843,1632,-0.5677,0.5910,0.6910,-0.240,3.920,3.802
2114087,1233,1921,1633,-0.5681,0.5885,0.6867,0.149,3.605,3.405
2114097,1135,1910,1640,-0.5651,0.5847,0.6937,-0.025,3.007,3.213
2114107,1227,1933,1599,-0.5620,0.5814,0.7018,-0.845,2.335,3.323
2114117,1135,2772,1704,-0.5608,0.5795,0.7056,-1.916,1.892,3.621
2114127,1214,2311,1623,-0.5614,0.5808,0.7110,-3.201,1.466,3.933
2114137,1134,2080,1852,-0.5618,0.5812,0.7064,-4.238,1.209,4.160
2114147,1217,2045,1627,-0.5617,0.5818,0.7141,-4.864,1.022,4.286
2114157,1137,2046,1923,-0.5620,0.5867,0.7245,-5.266,0.792,4.385
2114167,1213,2157,1645,-0.5607,0.5891,0.7263,-5.113,1.111,4.401
2114177,1139,2267,1658,-0.5606,0.5889,0.7344,-5.128,1.420,4.322
2114187,1209,1853,1621,-0.5599,0.5902,0.7355,-5.278,1.799,4.254
2114197,1141,1837,1602,-0.5610,0.5931,0.7380,-5.367,2.399,4.163
2114207,1209,1943,1599,-0.5630,0.6023,0.7410,-5.473,2.844,3.974
2114217,1142,2203,1772,-0.5629,0.6113,0.7353,-5.226,3.467,3.582
2114227,1202,2166,1594,-0.5620,0.6158,0.7373,-5.000,4.004,3.021
2114237,1147,2297,1657,-0.5609,0.6141,0.7372,-5.082,4.470,2.447
2114247,1199,2031,1627,-0.5629,0.6091,0.7346,-5.440,5.030,1.989
2114257,1146,1867,1706,-0.5613,0.6023,0.7335,-6.177,5.327,1.702
2114267,1198,1994,1629,-0.5600,0.5951,0.7271,-6.887,5.625,1.556
2114277,1150,2089,1600,-0.5610,0.5934,0.7237,-7.515,5.716,1.504
2114287,1197,2081,1896,-0.5620,0.5938,0.7153,-7.643,5.791,1.439
2114297,1154,2671,1917,-0.5624,0.5947,0.7113,-7.184,5.779,1.244
2114307,1194,1966,1641,-0.5604,0.5954,0.7119,-6.479,5.590,0.961
2114317,1153,1857,1651,-0.5564,0.5823,0.7130,-5.951,5.339,0.715
2114327,1193,1843,1767,-0.5546,0.5763,0.7205,-6.050,4.942,0.761
2114337,1156,1936,1610,-0.5565,0.5825,0.7198,-6.657,4.663,1.124
2114347,1193,2075,1789,-0.5591,0.5904,0.7144,-7.452,4.448,1.520
2114357,1158,1891,1595,-0.5597,0.5981,0.7144,-8.289,3.906,1.726
2114367,1190,1954,1599,-0.5584,0.6011,0.7104,-8.772,3.384,1.681
2114377,1162,1856,1594,-0.5570,0.6055,0.7117,-8.828,2.882,1.572
2114387,1192,1930,1604,-0.5538,0.6102,0.7171,-8.849,2.394,1.403
2114397,1164,1875,1722,-0.5526,0.6158,0.7218,-8.833,2.029,1.147
2114407,1187,1872,1598,-0.5512,0.6209,0.7218,-8.867,1.913,0.735
2114417,1165,2012,1650,-0.5487,0.6206,0.7231,-9.260,1.823,0.117
2114427,1190,2169,1661,-0.5467,0.6231,0.7262,-9.808,1.696,-0.562
2114437,1167,1933,1817,-0.5414,0.6198,0.7137,-10.035,1.862,-1.316
2114447,1187,1973,1745,-0.5331,0.5983,0.7140,-9.935,1.872,-2.183
2114457,1169,1861,1848,-0.5297,0.5792,0.7179,-9.695,1.497,-2.904
2114467,1186,1846,1604,-0.5310,0.5718,0.7046,-8.520,1.727,-3.464
2114477,1172,1878,1617,-0.5318,0.5640,0.7076,-7.246,1.569,-4.108
2114487,1187,1844,1633,-0.5323,0.5628,0.7082,-5.988,1.114,-4.699
2114497,1173,2509,1750,-0.5311,0.5631,0.6990,-4.349,0.949,-5.132
2114507,1188,2334,1679,-0.5319,0.5634,0.7011,-2.924,0.491,-5.580
2114517,1178,1962,1605,-0.5296,0.5483,0.7026,-1.572,-0.114,-5.974
2114527,1190,1847,1625,-0.5278,0.5335,0.7095,-0.876,-0.897,-6.132
2114537,1177,1843,1671,-0.5273,0.5172,0.7197,-0.416,-1.496,-6.068
2114547,1185,1935,1624,-0.5299,0.5082,0.7312,0.268,-1.843,-5.793
2114557,1182,1953,1617,-0.5341,0.5090,0.7416,1.624,-1.871,-5.387
2114567,1187,1969,1626,-0.5378,0.5124,0.7411,3.319,-1.392,-4.965
2114577,1186,1842,1621,-0.5431,0.5233,0.7510,4.601,-0.856,-4.438
2114587,1188,1845,1627,-0.5433,0.5299,0.7613,4.594,-0.546,-3.828
2114597,1187,2131,1601,-0.5446,0.5332,0.7730,3.647,-0.152,-3.093
2114607,1187,1866,1637,-0.5474,0.5334,0.7840,1.838,0.202,-2.292
2114617,1191,2009,1602,-0.5504,0.5265,0.7863,-0.205,0.747,-1.577
2114627,1190,1981,1608,-0.5531,0.5205,0.7941,-2.052,1.179,-0.895
2114637,1192,1904,1604,-0.5551,0.5168,0.8016,-3.236,1.640,-0.237
2114647,1189,1983,1654,-0.5568,0.5157,0.8103,-3.582,2.324,0.347
2114657,1196,1960,1617,-0.5582,0.5208,0.8234,-3.121,3.051,0.818
2114667,1188,1862,1667,-0.5595,0.5251,0.8256,-1.811,4.201,1.110
2114677,1197,1942,1618,-0.5612,0.5289,0.8292,-0.014,5.468,1.245
2114687,1188,1867,1604,-0.5616,0.5325,0.8296,1.867,6.647,1.221
2114697,1199,1883,1609,-0.5632,0.5356,0.8232,4.054,7.953,1.099
2114707,1190,1876,1617,-0.5657,0.5392,0.8167,6.230,9.100,0.885
2114717,1201,1931,1605,-0.5658,0.5409,0.8093,8.252,9.978,0.661
2114727,1190,1912,1735,-0.5644,0.5420,0.8040,9.834,10.540,0.587
2114737,1204,1927,1661,-0.5637,0.5497,0.7999,10.789,10.797,0.747
2114747,1191,1851,1609,-0.5634,0.5596,0.7947,11.093,10.887,1.027
2114757,1205,1842,1611,-0.5643,0.5736,0.7862,10.857,10.815,1.253
2114767,1190,1846,1627,-0.5651,0.5907,0.7763,10.320,10.640,1.279
2114777,1207,1840,1617,-0.5658,0.6048,0.7657,9.487,10.223,0.941
2114787,1192,1838,1604,-0.5672,0.6234,0.7549,8.667,9.708,0.298
2114797,1208,1835,1664,-0.5676,0.6438,0.7468,7.754,8.993,-0.675
2114807,1192,1834,1661,-0.5661,0.6621,0.7377,6.609,8.093,-2.039
2114817,1214,1849,1637,-0.5666,0.6840,0.7280,5.332,7.076,-3.749
2114827,1193,1836,1648,-0.5678,0.7070,0.7164,3.870,5.857,-5.865
2114837,1216,1833,1627,-0.5680,0.7290,0.7000,2.185,4.403,-8.470
2114847,1193,1841,1635,-0.5687,0.7545,0.6868,0.518,2.567,-11.494
2114857,1222,1891,1611,-0.5671,0.7789,0.6774,-0.783,0.441,-15.032
2114867,1193,1842,1611,-0.5632,0.7954,0.6697,-1.462,-1.840,-19.260
2114877,1222,1837,1617,-0.5605,0.8114,0.6574,-1.320,-4.011,-24.154
2114887,1194,1834,1608,-0.5536,0.8247,0.6529,-0.515,-6.135,-29.708
2114897,1223,1844,1613,-0.5434,0.8168,0.6514,0.065,-8.311,-35.982
2114907,1192,1883,1611,-0.5328,0.8067,0.6384,0.044,-10.091,-42.347
2114917,1227,1831,1625,-0.5238,0.7907,0.6290,-1.286,-11.881,-48.308
2114927,1197,1937,1620,-0.5096,0.7571,0.6218,-4.375,-14.203,-53.710
2114937,1229,1855,1613,-0.5074,0.7345,0.6238,-7.987,-16.722,-58.287
2114947,1198,1840,1627,-0.5126,0.7164,0.6161,-10.905,-19.051,-62.385
2114957,1232,1839,1618,-0.5221,0.7047,0.5989,-12.065,-20.996,-66.786
2114967,1199,1849,1616,-0.5279,0.6963,0.5878,-10.977,-23.263,-71.933
2114977,1232,1834,1615,-0.5343,0.6833,0.5838,-7.483,-25.898,-78.193
2114987,1196,1889,1613,-0.5424,0.6650,0.5659,-1.033,-28.227,-85.306
2114997,1235,1832,1623,-0.5412,0.6461,0.5494,8.311,-30.393,-92.112
2115007,1198,1906,1612,-0.5315,0.6093,0.5285,19.246,-32.814,-98.808
2115017,1237,1838,1616,-0.5271,0.5600,0.5083,30.859,-35.847,-105.905
2115027,1198,1891,1620,-0.5205,0.5227,0.5035,42.089,-39.555,-111.506
2115037,1238,1882,1614,-0.5166,0.5021,0.4959,52.694,-43.166,-114.743
2115047,1197,1837,1614,-0.5179,0.4927,0.4778,62.506,-46.628,-116.561
2115057,1244,1840,1613,-0.5155,0.4930,0.4685,70.863,-50.850,-117.689
2115067,1199,1862,1619,-0.5149,0.4903,0.4591,77.583,-55.813,-118.963
2115077,1245,1844,1615,-0.5113,0.4825,0.4604,82.928,-61.585,-120.552
2115087,1200,1947,1618,-0.5042,0.4693,0.4759,86.969,-68.163,-121.917
2115097,1249,1836,1616,-0.4954,0.4535,0.4953,90.393,-74.716,-122.731
2115107,1199,1860,1619,-0.4815,0.4324,0.5091,93.096,-80.576,-122.556
2115117,1255,1906,1617,-0.4747,0.4062,0.5179,95.262,-86.048,-122.253
2115127,1199,1844,1619,-0.4576,0.3900,0.5203,97.346,-90.978,-120.634
2115137,1254,1874,1617,-0.4423,0.3766,0.5331,98.768,-95.642,-117.778
2115147,1200,1874,1621,-0.4358,0.3589,0.5460,99.612,-100.465,-115.432
2115157,1261,1865,1621,-0.4300,0.3496,0.5651,99.901,-105.020,-112.667
2115167,1200,1922,1628,-0.4139,0.3448,0.5817,99.233,-109.047,-108.677
2115177,1260,1866,1627,-0.4025,0.3386,0.5965,97.613,-112.837,-104.599
2115187,1201,1941,1630,-0.3945,0.3346,0.6184,95.017,-116.760,-100.417
2115197,1262,1858,1616,-0.3865,0.3342,0.6428,91.378,-120.802,-95.795
2115207,1201,1900,1686,-0.3775,0.3335,0.6616,86.848,-124.543,-90.930
2115217,1266,1877,1627,-0.3680,0.3342,0.6797,81.424,-128.032,-85.996
2115227,1202,1907,1635,-0.3527,0.3360,0.6937,75.110,-131.487,-81.060
2115237,1269,2007,1626,-0.3338,0.3389,0.7132,68.296,-134.624,-76.036
2115247,1204,1915,1664,-0.3069,0.3452,0.7459,60.740,-137.658,-70.828
2115257,1271,1970,1630,-0.2838,0.3507,0.7845,51.981,-140.562,-65.906
2115267,1202,1937,1635,-0.2649,0.3547,0.8161,42.468,-142.339,-61.255
2115277,1278,2035,1631,-0.2439,0.3632,0.8413,32.311,-143.113,-56.218
2115287,1204,1962,1634,-0.2241,0.3683,0.8642,21.338,-143.511,-51.190
2115297,1282,2008,1642,-0.2068,0.3673,0.8945,9.641,-144.154,-47.044
2115307,1205,1951,1618,-0.1884,0.3636,0.9341,-2.570,-145.041,-43.369
2115317,1289,2022,1635,-0.1702,0.3582,0.9727,-14.520,-145.347,-39.819
2115327,1206,2076,1625,-0.1554,0.3536,1.0076,-25.532,-144.482,-36.616
2115337,1302,2012,1628,-0.1350,0.3449,1.0415,-35.883,-142.855,-33.996
2115347,1207,2103,1623,-0.1183,0.3298,1.0729,-45.733,-140.769,-32.606
2115357,1295,2074,1629,-0.1042,0.3143,1.0975,-54.642,-138.145,-32.075
2115367,1210,2138,1621,-0.0847,0.2987,1.1107,-62.224,-134.880,-31.363
2115377,1313,2132,1745,-0.0666,0.2790,1.1171,-68.524,-131.456,-30.825
2115387,1211,2286,1687,-0.0489,0.2534,1.1297,-73.885,-128.539,-30.803
2115397,1312,2187,1693,-0.0356,0.2295,1.1439,-78.338,-126.122,-30.846
2115407,1211,2251,1730,-0.0209,0.2050,1.1583,-81.605,-123.661,-30.427
2115417,1321,2195,1841,-0.0114,0.1831,1.1796,-83.763,-121.107,-29.667
2115427,1213,2474,1928,-0.0005,0.1610,1.2093,-84.935,-118.828,-28.736
2115437,1353,2370,2014,0.0102,0.1404,1.2443,-85.292,-116.531,-27.647
2115447,1216,2650,1910,0.0246,0.1254,1.2726,-85.137,-113.490,-26.297
2115457,1379,2933,1939,0.0408,0.1154,1.2940,-83.624,-109.937,-25.015
2115467,1218,3043,1820,0.0563,0.1051,1.3035,-80.815,-105.311,-23.603
2115477,1396,3039,1747,0.0794,0.0959,1.3097,-77.561,-100.075,-22.332
2115487,1225,3266,1691,0.0967,0.0839,1.3184,-73.297,-95.141,-21.946
2115497,1438,3253,1646,0.1126,0.0703,1.3197,-68.462,-90.153,-21.786
2115507,1226,3370,1622,0.1205,0.0571,1.3105,-62.969,-85.267,-21.912
2115517,1486,3504,1822,0.1225,0.0442,1.3106,-57.010,-80.922,-22.316
2115527,1229,3610,1646,0.1239,0.0286,1.3172,-51.134,-77.228,-22.553
2115537,1549,3643,1626,0.1234,0.0168,1.3241,-45.297,-73.699,-22.240
2115547,1232,3839,1740,0.1266,0.0117,1.3328,-39.339,-70.032,-20.977
2115557,1555,3963,1672,0.1286,0.0144,1.3423,-33.426,-66.211,-18.834
2115567,1233,4081,1748,0.1318,0.0238,1.3508,-27.639,-62.325,-16.251
2115577,1601,4095,1712,0.1342,0.0392,1.3577,-22.007,-58.321,-13.468
2115587,1240,4095,1780,0.1375,0.0541,1.3644,-16.576,-54.308,-10.879
2115597,1660,4095,1693,0.1437,0.0660,1.3716,-11.788,-50.354,-8.976
2115607,1241,4095,1816,0.1472,0.0715,1.3743,-7.781,-46.282,-7.871
2115617,1686,3957,1813,0.1477,0.0785,1.3666,-4.330,-41.956,-6.913
2115627,1247,4095,1865,0.1449,0.0887,1.3589,-1.619,-37.591,-5.912
2115637,1732,4095,1863,0.1412,0.0982,1.3486,0.342,-33.480,-5.016
2115647,1252,4095,1991,0.1354,0.1083,1.3405,1.874,-29.712,-4.283
2115657,1786,4095,2012,0.1296,0.1204,1.3353,3.042,-26.328,-3.508
2115667,1255,4095,2157,0.1260,0.1323,1.3305,3.702,-23.206,-2.787
2115677,1802,4095,2310,0.1261,0.1415,1.3291,3.956,-20.295,-2.366
2115687,1263,4095,2387,0.1255,0.1460,1.3231,3.839,-17.684,-2.411
2115697,1848,4095,2368,0.1262,0.1444,1.3124,3.529,-15.189,-2.874
2115707,1265,4095,2356,0.1278,0.1394,1.3023,3.212,-12.924,-3.427
2115717,1859,4095,2309,0.1298,0.1354,1.2938,2.900,-10.871,-3.742
2115727,1266,4095,2416,0.1306,0.1338,1.2769,2.676,-8.789,-3.866
2115737,1917,4095,2339,0.1316,0.1333,1.2605,2.576,-6.908,-3.918
2115747,1273,4095,2308,0.1321,0.1347,1.2514,2.428,-5.504,-3.912
2115757,1941,4095,2348,0.1304,0.1352,1.2445,2.490,-4.350,-4.038
2115767,1279,4095,2450,0.1292,0.1366,1.2376,2.687,-3.163,-3.956
2115777,1974,4095,2337,0.1312,0.1393,1.2305,2.860,-1.890,-3.672
2115787,1284,4095,2463,0.1345,0.1389,1.2197,2.775,-0.576,-3.532
2115797,2010,4095,2358,0.1354,0.1336,1.2063,2.585,0.691,-3.738
2115807,1289,4095,2438,0.1335,0.1286,1.1966,2.277,1.655,-3.904
2115817,2044,4095,2379,0.1330,0.1221,1.1904,1.894,2.297,-3.711
2115827,1294,4095,2391,0.1327,0.1208,1.1900,1.307,2.575,-3.122
2115837,2088,4095,2293,0.1335,0.1216,1.1915,0.744,2.757,-2.257
2115847,1300,4095,2349,0.1279,0.1398,1.1921,0.399,3.130,-1.209
2115857,2092,4095,2314,0.1423,0.1582,1.2118,1.082,3.904,0.159
2115867,1304,4095,2343,0.1362,0.1306,1.2123,3.601,4.609,-1.913
2115877,2108,4095,2258,0.1224,0.0942,1.1899,7.259,5.933,-5.175
2115887,1310,4095,2286,0.1200,0.1010,1.1843,10.783,7.131,-4.177
2115897,2148,4095,2243,0.1257,0.1265,1.1821,13.475,8.202,-0.616
2115907,1318,4095,2265,0.1159,0.1333,1.1757,15.579,8.921,0.660
2115917,2153,4079,2168,0.1008,0.1387,1.1811,17.118,8.981,-0.129
2115927,1321,4064,2145,0.0965,0.1563,1.1914,18.220,8.969,0.056
2115937,2172,4038,2221,0.0946,0.1742,1.1821,19.360,9.903,1.161
2115947,1332,4045,2217,0.0949,0.1841,1.1763,19.680,10.590,1.723
2115957,2185,3836,2171,0.0893,0.1866,1.1792,18.264,10.299,1.271
2115967,1342,3891,2169,0.0823,0.1957,1.1741,15.691,10.173,1.113
2115977,2208,3693,2139,0.0800,0.2113,1.1587,12.377,10.567,1.984
2115987,1348,3826,2136,0.0767,0.2209,1.1413,8.643,10.766,2.437
2115997,2220,3763,2149,0.0732,0.2185,1.1334,4.804,10.093,1.575
2116007,1356,3780,1791,0.0721,0.2100,1.1283,1.613,9.009,0.031
2116017,2236,3557,1937,0.0749,0.1947,1.1186,0.413,8.080,-1.629
2116027,1357,3667,1970,0.0812,0.1787,1.1119,0.402,7.164,-3.072
2116037,2238,3478,2161,0.0882,0.1648,1.1087,1.466,6.357,-4.289
2116047,1360,3621,3118,0.0938,0.1533,1.1090,3.363,5.828,-5.123
2116057,2225,3414,2195,0.0973,0.1464,1.1064,5.845,5.667,-5.526
2116067,1365,3355,1971,0.0994,0.1441,1.1029,8.604,5.745,-5.582
2116077,2228,3269,1976,0.0980,0.1446,1.0996,11.267,5.793,-5.547
2116087,1366,3352,2066,0.1003,0.1459,1.1061,13.605,5.586,-5.562
2116097,2229,3204,2032,0.1068,0.1499,1.1261,15.500,4.995,-5.360
2116107,1364,3235,2079,0.1075,0.1513,1.1347,17.551,5.072,-5.059
2116117,2227,3092,1922,0.1072,0.1567,1.1312,19.895,5.906,-4.346
2116127,1369,3105,1887,0.1071,0.1660,1.1265,21.732,6.720,-3.289
2116137,2240,2967,2169,0.1038,0.1736,1.1232,23.009,7.126,-2.751
2116147,1365,3000,2057,0.1007,0.1792,1.1197,24.004,7.194,-2.688
2116157,2225,2903,1919,0.0981,0.1850,1.1156,25.071,7.193,-2.583
2116167,1364,2864,1979,0.0986,0.1932,1.1191,26.004,6.972,-2.290
2116177,2237,2759,1832,0.1018,0.1988,1.1287,26.565,6.490,-2.136
2116187,1364,2865,2579,0.1028,0.2057,1.1343,26.855,6.176,-2.023
2116197,2220,2711,1714,0.1034,0.2132,1.1341,27.259,6.301,-1.551
2116207,1362,2722,1936,0.1014,0.2237,1.1288,27.553,6.626,-0.736
2116217,2193,2606,1825,0.0979,0.2372,1.1253,27.552,6.760,-0.016
2116227,1354,2572,1796,0.0953,0.2472,1.1235,27.062,6.602,0.326
2116237,2180,2635,1828,0.0916,0.2538,1.1191,26.498,6.365,0.202
2116247,1344,2732,2588,0.0935,0.2591,1.1190,25.992,5.978,0.048
2116257,2172,2488,2164,0.1034,0.2623,1.1353,25.128,5.181,0.119
2116267,1345,2512,1713,0.1128,0.2608,1.1637,23.801,4.295,0.315
2116277,2157,2404,1844,0.1197,0.2644,1.1800,21.796,4.153,1.073
2116287,1341,2445,1807,0.1271,0.2775,1.1763,19.074,5.148,2.862
2116297,2137,2340,1853,0.1330,0.2989,1.1656,15.329,6.516,4.994
2116307,1335,2370,1855,0.1348,0.3185,1.1560,10.934,7.532,6.239
2116317,2114,2279,1639,0.1320,0.3285,1.1368,6.683,8.321,6.269
2116327,1330,2327,1925,0.1259,0.3277,1.1121,3.087,8.891,5.396
2116337,2107,2149,1645,0.1175,0.3195,1.0956,-0.366,8.743,3.947
2116347,1329,2260,1732,0.1064,0.3047,1.0854,-3.620,7.985,2.081
2116357,2083,2158,1648,0.0975,0.2895,1.0767,-6.138,7.223,0.493
2116367,1325,2205,1965,0.0934,0.2792,1.0661,-7.566,6.672,-0.182
2116377,2043,2139,2222,0.0952,0.2702,1.0628,-7.898,6.078,-0.353
2116387,1319,2007,2254,0.0952,0.2563,1.0676,-7.401,5.223,-0.955
2116397,2042,2018,1642,0.0928,0.2409,1.0752,-6.128,4.427,-1.986
2116407,1315,2060,1845,0.0927,0.2311,1.0869,-4.245,3.952,-2.664
2116417,1995,1981,1620,0.0935,0.2247,1.0991,-1.962,3.850,-2.860
2116427,1309,1995,1763,0.0934,0.2222,1.1093,0.800,4.067,-2.881
2116437,1972,1883,1645,0.0932,0.2237,1.1200,3.680,4.439,-2.670
2116447,1307,1996,1909,0.0877,0.2267,1.1180,6.444,5.104,-2.410
2116457,1948,1846,2113,0.0827,0.2356,1.1143,8.759,5.855,-1.971
2116467,1307,1927,1694,0.0802,0.2468,1.1132,10.051,6.283,-1.451
2116477,1915,1767,1639,0.0785,0.2540,1.1092,10.608,6.504,-1.421
2116487,1301,1829,1721,0.0812,0.2615,1.1063,10.826,6.578,-1.536
2116497,1895,1774,1657,0.0865,0.2668,1.1089,10.856,6.433,-1.560
2116507,1300,1778,1688,0.0893,0.2679,1.1104,10.824,6.192,-2.004
2116517,1863,1702,1668,0.0922,0.2682,1.1104,10.860,6.107,-2.593
2116527,1296,1708,1701,0.0955,0.2708,1.1099,10.997,6.191,-2.794
2116537,1827,1689,1702,0.0991,0.2737,1.1133,11.074,6.282,-2.769
2116547,1295,1698,2102,0.1002,0.2782,1.1142,10.982,6.359,-2.721
2116557,1800,1694,1615,0.1012,0.2855,1.1141,10.785,6.530,-2.438
2116567,1292,1688,1658,0.1019,0.2945,1.1116,10.351,6.796,-1.947
2116577,1769,1738,1855,0.1060,0.3030,1.1050,9.604,6.975,-1.619
2116587,1291,1697,1686,0.1108,0.3087,1.1068,8.699,6.975,-1.427
2116597,1747,1795,1725,0.1119,0.3089,1.1112,7.420,6.744,-1.731
2116607,1289,1762,1647,0.1071,0.3065,1.1089,6.022,6.717,-2.366
2116617,1708,1836,1713,0.1050,0.3103,1.1051,4.599,7.024,-2.357
2116627,1288,1728,1829,0.1043,0.3120,1.0990,3.255,7.308,-2.227
2116637,1681,1917,2130,0.0990,0.3096,1.0960,2.147,7.342,-2.660
2116647,1284,1823,1633,0.0972,0.3066,1.1027,1.140,7.086,-3.131
2116657,1645,1925,1771,0.0961,0.3017,1.1081,0.363,6.931,-3.396
2116667,1285,1896,1727,0.0949,0.2976,1.1057,-0.083,7.153,-3.409
2116677,1618,1967,1703,0.0925,0.2958,1.1040,-0.271,7.485,-3.172
2116687,1279,1970,1624,0.0872,0.2944,1.1013,-0.430,7.687,-3.028
2116697,1559,2093,1817,0.0821,0.2920,1.0992,-0.423,7.789,-3.075
2116707,1277,2029,1804,0.0803,0.2902,1.0987,-0.246,7.704,-3.022
2116717,1543,2120,1660,0.0793,0.2888,1.1010,0.108,7.501,-2.863
2116727,1276,2085,1943,0.0799,0.2868,1.1028,0.590,7.340,-2.721
2116737,1500,2249,2249,0.0805,0.2857,1.1047,1.157,7.235,-2.498
2116747,1274,2150,1791,0.0820,0.2865,1.1048,1.679,7.172,-2.153
2116757,1446,2224,1704,0.0829,0.2883,1.1016,2.179,7.247,-1.781
2116767,1271,2231,1629,0.0837,0.2906,1.0988,2.593,7.298,-1.456
2116777,1425,2268,1774,0.0849,0.2921,1.0986,2.864,7.186,-1.272
2116787,1269,2253,1814,0.0856,0.2936,1.0982,3.115,7.043,-1.209
2116797,1388,2296,1717,0.0851,0.2949,1.0973,3.322,6.933,-1.117
2116807,1271,2238,1626,0.0856,0.2972,1.0977,3.507,6.831,-0.989
2116817,1376,2422,2087,0.0857,0.2998,1.0981,3.759,6.799,-0.857
2116827,1269,2365,1655,0.0855,0.3027,1.0990,3.938,6.758,-0.719
2116837,1356,2443,2090,0.0857,0.3057,1.0990,3.947,6.635,-0.615
2116847,1272,2375,2125,0.0851,0.3076,1.1007,3.868,6.509,-0.512
2116857,1344,2453,1913,0.0855,0.3107,1.1023,3.679,6.367,-0.374
2116867,1275,2384,2239,0.0848,0.3131,1.1004,3.415,6.273,-0.235
2116877,1338,2489,1931,0.0852,0.3159,1.0990,3.071,6.186,-0.138
2116887,1275,2361,2549,0.0867,0.3160,1.1005,2.570,5.996,-0.168
2116897,1326,2527,2436,0.0856,0.3141,1.1022,2.052,5.836,-0.332
2116907,1281,2440,1773,0.0851,0.3130,1.1014,1.623,5.793,-0.435
2116917,1320,2534,1893,0.0862,0.3125,1.1023,1.241,5.749,-0.379
2116927,1281,2465,1842,0.0859,0.3101,1.1026,0.913,5.672,-0.399
2116937,1314,2515,1885,0.0856,0.3085,1.1014,0.727,5.650,-0.443
2116947,1285,2476,1797,0.0852,0.3089,1.0994,0.668,5.738,-0.340
2116957,1308,2636,2044,0.0854,0.3088,1.0980,0.628,5.783,-0.239
2116967,1286,2481,1814,0.0851,0.3075,1.0974,0.593,5.729,-0.289
2116977,1306,2646,1839,0.0854,0.3050,1.0962,0.645,5.648,-0.432
2116987,1292,2540,1899,0.0857,0.3026,1.0965,0.786,5.591,-0.508
2116997,1302,2639,1797,0.0867,0.3013,1.0969,0.977,5.573,-0.494
2117007,1292,2560,2059,0.0860,0.3019,1.0998,1.276,5.556,-0.374
2117017,1298,2672,2180,0.0854,0.3051,1.0985,1.583,5.684,-0.097
2117027,1297,2558,1997,0.0852,0.3085,1.0965,1.893,5.884,0.142
2117037,1297,2650,1773,0.0858,0.3113,1.0974,1.948,5.852,0.240
2117047,1300,2628,1886,0.0846,0.3121,1.0967,1.902,5.782,0.115
2117057,1293,2660,1780,0.0850,0.3117,1.0927,1.924,5.788,-0.034
2117067,1306,2619,1853,0.0839,0.3128,1.0950,1.855,5.657,-0.023
2117077,1290,2682,2018,0.0844,0.3146,1.1006,1.624,5.358,-0.034
2117087,1311,2615,1815,0.0857,0.3159,1.1008,1.584,5.298,0.032
2117097,1290,2801,2181,0.0850,0.3166,1.0950,1.674,5.542,0.107
2117107,1316,2710,1966,0.0834,0.3179,1.0930,1.566,5.593,0.127
2117117,1287,2705,1802,0.0837,0.3191,1.0942,1.301,5.430,0.102
2117127,1321,2634,1724,0.0845,0.3175,1.0955,1.113,5.305,-0.029
2117137,1284,2752,2048,0.0853,0.3146,1.0942,1.090,5.294,-0.213
2117147,1329,2717,1621,0.0855,0.3139,1.0958,1.160,5.268,-0.285
2117157,1282,2758,1917,0.0852,0.3132,1.0964,1.187,5.339,-0.244
2117167,1337,2679,1708,0.0845,0.3133,1.0942,1.196,5.492,-0.251
2117177,1283,2795,1933,0.0850,0.3127,1.0942,1.203,5.618,-0.277
2117187,1344,2644,1725,0.0843,0.3136,1.0932,1.220,5.720,-0.287
2117197,1280,2797,1844,0.0848,0.3148,1.0942,1.255,5.800,-0.245
2117207,1353,2726,2506,0.0854,0.3152,1.0953,1.232,5.813,-0.229
2117217,1279,2800,1939,0.0864,0.3160,1.0966,1.196,5.780,-0.269
2117227,1370,2718,2263,0.0860,0.3163,1.0964,1.188,5.825,-0.252
2117237,1276,2807,1974,0.0858,0.3180,1.0940,1.246,5.988,-0.128
2117247,1378,2746,1892,0.0852,0.3194,1.0944,1.239,6.026,-0.034
2117257,1276,2856,2101,0.0845,0.3198,1.0949,1.183,5.946,-0.072
2117267,1405,2756,1858,0.0834,0.3209,1.0952,1.170,5.924,-0.061
2117277,1273,2854,2065,0.0834,0.3218,1.0945,1.086,5.876,0.093
2117287,1427,2782,1782,0.0835,0.3203,1.0948,0.908,5.697,0.187
2117297,1273,2875,2296,0.0833,0.3198,1.0944,0.721,5.454,0.320
2117307,1455,2736,1895,0.0840,0.3207,1.0953,0.616,5.271,0.684
2117317,1275,2839,1689,0.0852,0.3227,1.0934,0.578,5.181,1.136
2117327,1491,2763,2028,0.0854,0.3240,1.0921,0.536,5.109,1.505
2117337,1276,2878,1770,0.0857,0.3251,1.0923,0.442,4.978,1.760
2117347,1537,2774,1973,0.0859,0.3244,1.0929,0.296,4.798,1.911
2117357,1274,2864,1900,0.0858,0.3221,1.0923,0.325,4.694,1.986
2117367,1538,2818,1918,0.0857,0.3245,1.0952,0.343,4.594,2.182
2117377,1281,2861,2182,0.0859,0.3254,1.0954,0.344,4.648,2.321
2117387,1569,2817,1898,0.0866,0.3265,1.0956,0.319,4.763,2.276
2117397,1278,2891,2069,0.0861,0.3267,1.0968,0.206,4.845,2.107
2117407,1620,2796,1847,0.0849,0.3262,1.0955,0.078,5.025,1.806
2117417,1280,2874,1894,0.0850,0.3250,1.0966,-0.124,5.194,1.432
2117427,1657,2794,2016,0.0864,0.3209,1.0977,-0.366,5.274,0.924
2117437,1280,2860,1979,0.0865,0.3176,1.0974,-0.409,5.447,0.450
2117447,1689,2813,1866,0.0863,0.3158,1.0938,-0.200,5.762,0.260
2117457,1283,2844,1915,0.0875,0.3154,1.0921,0.191,6.021,0.241
2117467,1729,2825,2007,0.0859,0.3163,1.0937,0.594,6.154,0.200
2117477,1286,2863,1907,0.0846,0.3170,1.0927,1.171,6.318,0.153
2117487,1755,2819,2023,0.0850,0.3210,1.0935,1.638,6.455,0.345
2117497,1284,2895,1807,0.0854,0.3233,1.0955,1.722,6.558,0.218
2117507,1799,2790,1730,0.0854,0.3231,1.0962,1.650,6.673,-0.025
2117517,1287,2926,1980,0.0845,0.3246,1.0956,1.518,6.888,-0.161
2117527,1836,2835,1988,0.0835,0.3269,1.0928,1.385,7.090,-0.218
2117537,1291,2924,1616,0.0826,0.3279,1.0900,1.310,7.201,-0.349
2117547,1861,2832,1640,0.0827,0.3281,1.0916,1.313,7.173,-0.490
2117557,1291,2960,1841,0.0826,0.3275,1.0912,1.355,7.145,-0.552
2117567,1900,2892,1894,0.0830,0.3281,1.0921,1.454,7.136,-0.587
2117577,1292,2972,2007,0.0838,0.3275,1.0940,1.476,7.062,-0.633
2117587,1919,2875,2062,0.0827,0.