2228597,2004,1888,1168,0.0058,0.2628,1.1131,-0.722,5.549,0.451
2228607,3074,1884,1095,0.0055,0.2629,1.1128,-0.702,5.570,0.473
2228617,1952,1821,1093,0.0046,0.2624,1.1136,-0.704,5.567,0.442
2228627,2985,1859,1068,0.0052,0.2619,1.1162,-0.790,5.517,0.396
2228637,1937,1779,1066,0.0056,0.2606,1.1162,-0.894,5.496,0.388
2228647,2895,1797,1016,0.0062,0.2581,1.1175,-1.044,5.491,0.372
2228657,1907,1757,1059,0.0067,0.2563,1.1167,-1.190,5.478,0.348
2228667,2868,1796,1008,0.0066,0.2556,1.1149,-1.200,5.546,0.375
2228677,1882,1701,1034,0.0070,0.2570,1.1144,-1.057,5.655,0.477
2228687,2696,1716,960,0.0069,0.2599,1.1154,-0.823,5.731,0.569
2228697,1860,1641,976,0.0069,0.2630,1.1149,-0.574,5.781,0.621
2228707,2590,1682,949,0.0066,0.2660,1.1145,-0.415,5.818,0.679
2228717,1826,1611,980,0.0066,0.2668,1.1147,-0.460,5.808,0.697
2228727,2142,1706,905,0.0054,0.2653,1.1141,-0.736,5.739,0.602
2228737,1757,1619,974,0.0053,0.2624,1.1146,-1.127,5.637,0.443
2228747,2054,1616,895,0.0061,0.2591,1.1142,-1.472,5.521,0.366
2228757,1703,1533,917,0.0075,0.2553,1.1150,-1.696,5.433,0.353
2228767,1940,1562,879,0.0083,0.2513,1.1156,-1.731,5.380,0.299
2228777,1661,1486,908,0.0078,0.2498,1.1145,-1.549,5.425,0.297
2228787,1778,1508,855,0.0072,0.2520,1.1127,-1.139,5.610,0.479
2228797,1495,1263,759,0.0088,0.2571,1.1126,-0.688,5.753,0.743
2228807,1304,1209,658,0.0088,0.2612,1.1124,-0.326,5.793,0.852
2228817,1364,1132,682,0.0080,0.2643,1.1131,-0.121,5.806,0.809
2228827,1301,1149,629,0.0080,0.2657,1.1131,-0.179,5.805,0.798
2228837,1354,1099,678,0.0065,0.2655,1.1142,-0.480,5.790,0.756
2228847,1294,1140,629,0.0056,0.2626,1.1141,-0.919,5.722,0.613
2228857,1347,1069,644,0.0052,0.2598,1.1150,-1.348,5.613,0.464
2228867,1295,1092,620,0.0058,0.2558,1.1155,-1.589,5.544,0.375
2228877,1344,1012,633,0.0063,0.2531,1.1156,-1.629,5.537,0.370
2228887,1293,1044,571,0.0073,0.2530,1.1151,-1.473,5.583,0.457
2228897,1343,984,610,0.0072,0.2549,1.1139,-1.140,5.693,0.562
2228907,1295,1039,535,0.0059,0.2577,1.1154,-0.801,5.783,0.706
2228917,1342,975,602,0.0044,0.2605,1.1151,-0.521,5.829,0.801
2228927,1288,1009,555,0.0050,0.2638,1.1129,-0.367,5.864,0.857
2228937,1339,949,590,0.0057,0.2655,1.1153,-0.418,5.778,0.841
2228947,1295,956,541,0.0049,0.2631,1.1162,-0.628,5.623,0.602
2228957,1338,927,549,0.0055,0.2599,1.1154,-0.877,5.498,0.392
2228967,1294,950,509,0.0070,0.2583,1.1149,-1.074,5.468,0.423
2228977,1333,922,565,0.0072,0.2568,1.1143,-1.110,5.484,0.433
2228987,1297,929,507,0.0069,0.2554,1.1151,-1.034,5.472,0.382
2228997,1334,906,536,0.0065,0.2553,1.1157,-0.857,5.493,0.411
2229007,1298,917,486,0.0075,0.2571,1.1147,-0.645,5.625,0.643
2229017,1329,897,512,0.0081,0.2594,1.1142,-0.457,5.724,0.823
2229027,1301,923,470,0.0084,0.2601,1.1147,-0.375,5.708,0.823
2229037,1331,898,500,0.0073,0.2599,1.1152,-0.370,5.665,0.721
2229047,1304,904,460,0.0060,0.2607,1.1133,-0.368,5.663,0.680
2229057,1332,900,482,0.0060,0.2617,1.1118,-0.419,5.681,0.745
2229067,1309,900,437,0.0063,0.2613,1.1115,-0.475,5.589,0.743
2229077,1334,904,453,0.0072,0.2591,1.1121,-0.500,5.478,0.635
2229087,1309,903,415,0.0071,0.2574,1.1134,-0.429,5.380,0.557
2229097,1329,916,446,0.0069,0.2566,1.1122,-0.234,5.350,0.596
2229107,1312,905,403,0.0072,0.2552,1.1115,0.033,5.354,0.733
2229117,1330,911,439,0.0078,0.2553,1.1127,0.267,5.289,0.912
2229127,1315,920,400,0.0072,0.2549,1.1111,0.517,5.209,1.062
2229137,1329,944,409,0.0056,0.2548,1.1110,0.837,5.164,1.188
2229147,1319,918,378,0.0055,0.2547,1.1102,1.150,5.121,1.414
2229157,1328,943,409,0.0064,0.2556,1.1093,1.467,5.032,1.683
2229167,1323,926,387,0.0073,0.2553,1.1106,1.837,4.919,1.850
2229177,1330,948,403,0.0083,0.2554,1.1119,2.234,4.827,2.031
2229187,1327,928,367,0.0087,0.2572,1.1125,2.638,4.797,2.326
2229197,1329,942,383,0.0083,0.2591,1.1112,3.031,4.836,2.694
2229207,1329,936,358,0.0091,0.2608,1.1125,3.344,4.835,3.048
2229217,1329,971,370,0.0084,0.2623,1.1119,3.602,4.803,3.314
2229227,1330,929,355,0.0075,0.2637,1.1109,3.818,4.759,3.558
2229237,1325,978,361,0.0089,0.2662,1.1123,3.983,4.653,3.888
2229247,1336,930,355,0.0104,0.2676,1.1122,4.076,4.591,4.177
2229257,1328,1007,362,0.0093,0.2694,1.1136,4.132,4.579,4.360
2229267,1341,954,365,0.0081,0.2726,1.1155,3.980,4.545,4.553
2229277,1328,1026,361,0.0070,0.2766,1.1151,3.751,4.619,4.665
2229287,1345,979,370,0.0073,0.2781,1.1128,3.512,4.713,4.650
2229297,1328,1031,359,0.0075,0.2781,1.1128,3.257,4.695,4.428
2229307,1345,1008,384,0.0080,0.2784,1.1139,3.010,4.581,4.085
2229317,1327,1061,364,0.0095,0.2782,1.1143,2.795,4.541,3.879
2229327,1357,1025,399,0.0099,0.2782,1.1159,2.641,4.594,3.718
2229337,1326,1111,379,0.0092,0.2794,1.1151,2.500,4.664,3.543
2229347,1361,1051,421,0.0091,0.2816,1.1137,2.392,4.780,3.486
2229357,1330,1117,389,0.0085,0.2842,1.1119,2.282,4.890,3.429
2229367,1362,1068,422,0.0068,0.2834,1.1043,2.184,4.900,3.235
2229377,1327,1138,397,0.0047,0.2769,1.0923,2.317,4.744,2.867
2229387,1373,1108,477,0.0043,0.2661,1.0880,2.791,4.152,2.569
2229397,1330,1220,412,0.0032,0.2519,1.0849,3.742,3.241,2.424
2229407,1337,1196,520,0.0034,0.2409,1.0853,5.486,2.234,2.835
2229417,1350,1308,488,0.0050,0.2374,1.0928,7.712,1.016,4.113
2229427,1306,1284,588,-0.0032,0.2521,1.0986,10.266,-0.144,5.974
2229437,1370,1394,551,0.0040,0.2725,1.1003,12.898,-0.980,8.589
2229447,1309,1353,668,0.0117,0.2851,1.1064,14.501,-2.022,10.651
2229457,1386,1415,567,0.0145,0.2941,1.1116,15.116,-3.328,11.504
2229467,1319,1311,693,0.0171,0.3083,1.1130,14.987,-4.179,12.601
2229477,1340,1325,508,0.0254,0.3220,1.1041,14.181,-4.625,14.152
2229487,1466,1218,616,0.0300,0.3297,1.1035,12.891,-5.329,15.194
2229497,1324,1284,535,0.0320,0.3315,1.1151,10.981,-6.690,15.471
2229507,1539,1227,636,0.0345,0.3290,1.1236,8.956,-7.774,15.636
2229517,1320,1339,575,0.0347,0.3248,1.1220,6.861,-8.079,16.059
2229527,1586,1277,616,0.0426,0.3251,1.1268,4.407,-8.500,16.842
2229537,1323,1371,607,0.0528,0.3131,1.1276,1.968,-8.915,17.148
2229547,1635,1312,644,0.0599,0.2898,1.1178,0.639,-8.838,16.668
2229557,1322,1392,813,0.0679,0.2769,1.1135,0.471,-8.546,16.869
2229567,1683,1358,730,0.0692,0.2693,1.1020,1.518,-7.738,17.803
2229577,1317,1461,648,0.0739,0.2773,1.0965,3.902,-6.602,19.103
2229587,1729,1407,679,0.0741,0.2892,1.1002,6.567,-5.621,20.139
2229597,1316,1462,698,0.0710,0.2961,1.0956,9.517,-4.566,20.022
2229607,1816,1404,745,0.0679,0.3074,1.0998,11.944,-3.688,19.799
2229617,1315,1469,722,0.0661,0.3201,1.1058,13.236,-3.110,19.293
2229627,1859,1386,755,0.0647,0.3351,1.1017,13.710,-2.238,18.390
2229637,1314,1425,746,0.0693,0.3443,1.1001,13.231,-1.507,17.194
2229647,1914,1369,805,0.0716,0.3416,1.1016,11.955,-1.229,15.026
2229657,1310,1427,766,0.0694,0.3372,1.0983,10.237,-0.869,12.637
2229667,1985,1360,813,0.0714,0.3436,1.0992,8.105,-0.418,11.267
2229677,1312,1442,771,0.0754,0.3473,1.0952,5.796,0.180,10.294
2229687,2000,1344,815,0.0770,0.3429,1.0901,3.716,0.693,8.659
2229697,1313,1440,780,0.0798,0.3369,1.0913,2.018,0.900,6.864
2229707,2092,1378,833,0.0813,0.3313,1.0883,0.842,1.395,5.394
2229717,1309,1444,797,0.0821,0.3265,1.0837,0.085,2.098,4.242
2229727,2191,1384,858,0.0835,0.3238,1.0870,-0.499,2.596,3.329
2229737,1309,1444,815,0.0843,0.3227,1.0885,-0.922,3.062,2.583
2229747,2217,1387,838,0.0877,0.3279,1.0925,-1.195,3.605,2.132
2229757,1309,1459,835,0.0912,0.3245,1.0995,-1.225,4.055,1.564
2229767,2329,1380,877,0.0861,0.3170,1.0950,-0.987,4.704,0.452
2229777,1305,1437,841,0.0858,0.3219,1.0967,-0.757,5.383,0.284
2229787,2414,1386,876,0.0870,0.3255,1.0986,-0.841,5.893,0.535
2229797,1307,1434,844,0.0832,0.3225,1.0966,-0.884,6.316,-0.015
2229807,2495,1378,877,0.0820,0.3232,1.0989,-0.969,6.473,-0.359
2229817,1306,1446,846,0.0825,0.3276,1.1022,-1.159,6.613,-0.051
2229827,2589,1390,895,0.0826,0.3297,1.1013,-1.430,6.858,0.163
2229837,1304,1446,864,0.0822,0.3314,1.1010,-1.853,6.939,0.139
2229847,2636,1404,891,0.0822,0.3335,1.1019,-2.372,6.963,0.195
2229857,1308,1438,866,0.0822,0.3341,1.1004,-2.985,7.040,0.299
2229867,2672,1405,910,0.0811,0.3322,1.0978,-3.761,7.038,0.245
2229877,1309,1446,875,0.0800,0.3299,1.0941,-4.596,6.967,0.075
2229887,2692,1380,914,0.0792,0.3273,1.0920,-5.358,6.892,-0.058
2229897,1306,1462,892,0.0790,0.3234,1.0912,-6.049,6.669,-0.150
2229907,2798,1399,946,0.0793,0.3194,1.0920,-6.593,6.323,-0.178
2229917,1310,1459,903,0.0801,0.3161,1.0952,-6.942,5.964,-0.120
2229927,2799,1416,916,0.0826,0.3138,1.0989,-7.234,5.640,0.047
2229937,1308,1476,909,0.0841,0.3112,1.1013,-7.463,5.444,0.214
2229947,2831,1417,946,0.0853,0.3082,1.1016,-7.609,5.448,0.388
2229957,1308,1490,921,0.0842,0.3061,1.0984,-7.679,5.575,0.604
2229967,2834,1411,971,0.0832,0.3049,1.0986,-7.661,5.615,0.883
2229977,1311,1511,934,0.0836,0.3035,1.0912,-7.548,5.653,1.261
2229987,2816,1436,988,0.0827,0.3056,1.0946,-7.131,5.553,1.743
2229997,1311,1515,945,0.0816,0.3053,1.0987,-6.887,5.228,2.017
2230007,2805,1452,990,0.0852,0.3021,1.0972,-5.754,5.287,2.537
2230017,1312,1521,955,0.0836,0.3019,1.1046,-4.717,4.994,2.983
2230027,2753,1473,1028,0.0791,0.3056,1.1031,-3.535,5.160,3.306
2230037,1314,1522,977,0.0771,0.3142,1.0991,-2.464,5.738,3.982
2230047,2741,1482,1007,0.0795,0.3183,1.1018,-1.985,5.868,4.388
2230057,1311,1520,1001,0.0789,0.3129,1.1070,-2.172,5.532,3.889
2230067,2748,1469,1028,0.0796,0.3087,1.1076,-2.705,5.420,3.422
2230077,1315,1538,1006,0.0813,0.3082,1.1063,-3.336,5.647,3.656
2230087,2757,1453,1052,0.0828,0.3052,1.1046,-4.049,5.823,3.875
2230097,1311,1529,1009,0.0819,0.3012,1.1014,-4.614,5.822,3.782
2230107,2760,1482,1062,0.0818,0.2977,1.0997,-4.894,5.859,3.801
2230117,1311,1532,1011,0.0808,0.2958,1.0970,-4.786,5.931,3.964
2230127,2757,1486,1062,0.0792,0.2949,1.0949,-4.382,5.938,4.096
2230137,1316,1540,1027,0.0802,0.2931,1.0941,-3.876,5.836,4.171
2230147,2753,1485,1068,0.0802,0.2916,1.0937,-3.268,5.689,4.194
2230157,1315,1540,1054,0.0807,0.2929,1.0937,-2.697,5.499,4.358
2230167,2764,1473,1087,0.0812,0.2906,1.0925,-2.233,5.249,4.542
2230177,1317,1575,1022,0.0814,0.2887,1.0927,-1.679,4.811,4.731
2230187,2749,1444,1098,0.0833,0.2885,1.0956,-1.110,4.155,5.232
2230197,1322,1520,1023,0.0845,0.2890,1.0990,-0.509,3.417,5.915
2230207,2746,1413,1087,0.0851,0.2902,1.1048,0.376,2.736,6.630
2230217,1317,1443,1052,0.0881,0.2923,1.1075,1.616,2.240,7.444
2230227,2765,1434,1092,0.0919,0.2945,1.1108,3.214,1.782,8.121
2230237,1322,1448,1020,0.0934,0.2936,1.1150,4.935,1.366,8.518
2230247,2707,1407,1094,0.0938,0.2943,1.1169,6.868,1.155,8.899
2230257,1322,1411,1065,0.0967,0.2982,1.1179,8.805,1.146,9.583
2230267,2703,1361,1126,0.0947,0.3020,1.1175,10.781,1.242,10.241
2230277,1321,1392,1044,0.0943,0.3091,1.1187,12.765,1.347,10.863
2230287,2663,1380,1009,0.0950,0.3184,1.1232,14.730,1.497,11.446
2230297,1322,1412,992,0.0952,0.3260,1.1262,16.568,1.843,11.654
2230307,2641,1328,1062,0.0979,0.3331,1.1313,18.280,2.347,11.597
2230317,1322,1412,647,0.0984,0.3403,1.1369,19.684,3.051,11.479
2230327,2630,1467,829,0.0964,0.3498,1.1362,20.809,4.073,11.309
2230337,1323,1470,1027,0.0956,0.3603,1.1384,21.419,5.094,11.061
2230347,2631,1383,1040,0.0932,0.3674,1.1389,21.413,5.974,10.401
2230357,1322,1441,1061,0.0899,0.3723,1.1417,20.884,6.722,9.439
2230367,2622,1373,1094,0.0897,0.3774,1.1460,19.819,7.417,8.641
2230377,1319,1409,1123,0.0883,0.3824,1.1481,18.401,8.277,7.889
2230387,2644,1392,1148,0.0896,0.3903,1.1515,16.787,9.209,7.151
2230397,1322,1467,1143,0.0973,0.4017,1.1612,15.077,10.165,6.546
2230407,2605,1356,1154,0.1069,0.4148,1.1691,13.345,11.327,5.993
2230417,1322,1493,1149,0.1135,0.4110,1.1590,11.876,12.911,4.733
2230427,2634,1425,1241,0.1158,0.4064,1.1556,9.998,14.191,3.110
2230437,1321,1547,1258,0.1176,0.4060,1.1586,7.479,14.936,2.179
2230447,2631,1604,1353,0.1116,0.4072,1.1582,4.904,15.982,1.709
2230457,1323,1604,1349,0.1035,0.4166,1.1695,1.976,16.942,1.797
2230467,2620,1504,1401,0.0971,0.4200,1.1809,-1.652,17.782,2.013
2230477,1323,1495,1393,0.0965,0.4220,1.1913,-5.612,18.868,2.327
2230487,2625,1566,1381,0.1018,0.4242,1.2022,-10.110,20.101,3.078
2230497,1325,1397,1386,0.1067,0.4143,1.2039,-14.782,21.730,3.653
2230507,2624,1371,1401,0.1134,0.3957,1.2108,-19.283,23.440,3.960
2230517,1325,1363,1350,0.1179,0.3693,1.2248,-23.778,24.918,3.987
2230527,2631,1305,1350,0.1212,0.3379,1.2360,-27.855,26.705,4.078
2230537,1322,1345,1314,0.1227,0.3111,1.2450,-31.062,28.995,4.785
2230547,2638,1193,1383,0.1239,0.2913,1.2551,-33.556,31.567,6.394
2230557,1327,1271,1315,0.1231,0.2723,1.2637,-35.389,34.308,8.246
2230567,2644,1235,1357,0.1191,0.2562,1.2685,-36.641,37.090,9.984
2230577,1328,1255,1326,0.1137,0.2431,1.2751,-37.169,40.001,11.717
2230587,2635,1165,1382,0.1110,0.2320,1.2802,-37.036,43.062,13.547
2230597,1327,1205,1339,0.1066,0.2187,1.2818,-36.308,46.252,15.205
2230607,2603,1217,1396,0.1025,0.2064,1.2846,-35.253,49.404,16.840
2230617,1327,1268,1353,0.0987,0.1971,1.2874,-33.806,52.671,18.723
2230627,2588,1222,1400,0.0945,0.1888,1.2869,-31.685,56.217,20.689
2230637,1328,1322,1360,0.0890,0.1804,1.2864,-29.163,59.795,22.466
2230647,2562,1181,1336,0.0805,0.1717,1.2849,-26.196,63.313,24.048
2230657,1328,1354,1292,0.0735,0.1691,1.2824,-22.848,66.841,25.901
2230667,2526,1231,1242,0.0648,0.1666,1.2758,-19.027,70.408,27.731
2230677,1329,1272,1151,0.0545,0.1661,1.2682,-14.970,73.813,29.321
2230687,2496,1179,1134,0.0440,0.1647,1.2594,-10.893,77.010,30.706
2230697,1330,1314,1024,0.0331,0.1627,1.2474,-6.834,80.061,31.973
2230707,2450,1350,1002,0.0245,0.1597,1.2393,-2.894,82.815,33.189
2230717,1329,1571,906,0.0159,0.1537,1.2310,0.908,85.282,34.225
2230727,2419,1447,906,0.0056,0.1493,1.2179,4.833,87.741,35.253
2230737,1328,1385,821,-0.0078,0.1495,1.2072,8.930,90.157,36.710
2230747,2402,1209,891,-0.0211,0.1530,1.1993,12.914,92.397,38.478
2230757,1329,1145,808,-0.0347,0.1602,1.1914,16.886,94.589,40.224
2230767,2363,1027,763,-0.0452,0.1704,1.1821,20.745,96.811,41.913
2230777,1328,1042,664,-0.0533,0.1788,1.1762,24.234,99.025,43.393
2230787,2349,926,699,-0.0622,0.1865,1.1690,27.330,101.217,44.581
2230797,1326,968,599,-0.0717,0.1965,1.1581,30.098,103.529,45.827
2230807,2317,913,606,-0.0819,0.2091,1.1460,32.391,105.844,47.318
2230817,1326,929,556,-0.0953,0.2220,1.1319,34.046,107.965,48.651
2230827,2184,914,561,-0.1112,0.2360,1.1159,35.007,109.890,49.800
2230837,1354,914,466,-0.1268,0.2539,1.1010,35.309,111.641,51.103
2230847,2243,930,530,-0.1421,0.2727,1.0863,35.045,113.215,52.258
2230857,1345,920,468,-0.1543,0.2897,1.0736,34.196,114.671,53.033
2230867,2008,947,534,-0.1635,0.3014,1.0598,32.895,116.080,53.453
2230877,1335,922,482,-0.1749,0.3091,1.0432,31.213,117.391,53.614
2230887,1690,944,526,-0.1872,0.3194,1.0297,29.206,118.618,53.966
2230897,1328,934,469,-0.2025,0.3362,1.0130,27.009,119.906,54.653
2230907,1492,962,482,-0.2190,0.3557,0.9904,24.721,121.182,55.339
2230917,1319,933,462,-0.2411,0.3770,0.9665,22.287,122.081,55.725
2230927,1400,964,483,-0.2668,0.4029,0.9423,19.893,122.432,55.697
2230937,1312,943,464,-0.2870,0.4305,0.9207,17.505,122.249,55.328
2230947,1387,933,476,-0.3072,0.4509,0.8964,15.258,121.778,54.364
2230957,1315,941,468,-0.3243,0.4669,0.8774,13.007,120.875,52.870
2230967,1374,1048,491,-0.3389,0.4762,0.8651,10.401,119.173,51.101
2230977,1307,932,472,-0.3532,0.4783,0.8538,7.530,117.055,49.297
2230987,1370,989,494,-0.3616,0.4764,0.8381,4.413,114.786,48.039
2230997,1312,971,477,-0.3779,0.4775,0.8237,1.090,112.347,47.345
2231007,1363,974,487,-0.3902,0.4836,0.8159,-2.237,109.525,47.201
2231017,1311,982,478,-0.4023,0.4908,0.8049,-5.445,106.572,47.299
2231027,1362,948,484,-0.4146,0.4997,0.7890,-8.271,103.788,47.196
2231037,1313,959,517,-0.4214,0.5076,0.7766,-10.908,100.922,46.955
2231047,1362,1028,627,-0.4259,0.5108,0.7753,-13.735,97.795,46.409
2231057,1317,938,735,-0.4319,0.5143,0.7779,-16.941,94.704,45.754
2231067,1364,943,508,-0.4362,0.5277,0.7822,-20.367,92.068,45.539
2231077,1317,1180,716,-0.4357,0.5365,0.7852,-23.751,89.830,45.441
2231087,1360,1229,700,-0.4423,0.5310,0.7928,-26.890,87.579,44.308
2231097,1318,1371,599,-0.4481,0.5266,0.8061,-30.214,85.110,43.220
2231107,1363,1969,559,-0.4485,0.5232,0.8174,-33.117,83.185,43.264
2231117,1321,1458,791,-0.4426,0.5080,0.8281,-35.753,82.029,44.066
2231127,1363,1626,502,-0.4387,0.4821,0.8426,-38.826,80.890,44.727
2231137,1320,1897,510,-0.4332,0.4384,0.8375,-42.050,80.510,45.654
2231147,1360,1255,929,-0.4309,0.3864,0.8167,-45.248,80.763,47.300
2231157,1319,1342,518,-0.4319,0.3333,0.7979,-48.779,80.795,49.859
2231167,1359,965,1457,-0.4406,0.2901,0.7908,-51.900,80.221,52.971
2231177,1323,1546,629,-0.4462,0.2703,0.7917,-53.755,79.546,56.845
2231187,1359,1070,636,-0.4480,0.2680,0.7986,-53.204,79.713,61.277
2231197,1327,1420,855,-0.4409,0.2778,0.8270,-50.202,80.602,65.557
2231207,1361,974,508,-0.4300,0.2827,0.8573,-45.639,82.182,69.054
2231217,1329,1825,784,-0.4215,0.2783,0.8597,-39.591,85.027,71.647
2231227,1356,1819,579,-0.4220,0.2693,0.8323,-32.640,88.745,73.856
2231237,1330,1313,956,-0.4335,0.2736,0.7792,-25.566,92.160,75.666
2231247,1353,2476,1252,-0.4443,0.2927,0.7165,-18.083,94.954,77.656
2231257,1329,1097,509,-0.4580,0.3235,0.6436,-9.801,96.668,79.567
2231267,1360,1162,3862,-0.4915,0.3718,0.5847,-0.171,97.085,80.959
2231277,1333,3299,930,-0.5206,0.4594,0.5460,9.823,96.180,83.107
2231287,1359,2402,704,-0.5480,0.5786,0.5181,18.912,94.753,85.546
2231297,1334,960,719,-0.5626,0.6632,0.4832,27.409,92.623,84.990
2231307,1360,1133,679,-0.5821,0.7064,0.4414,33.144,89.084,79.938
2231317,1333,1137,656,-0.6026,0.7436,0.4236,35.054,82.836,72.526
2231327,1360,991,580,-0.6165,0.7801,0.3917,34.858,76.063,65.938
2231337,1332,951,602,-0.6268,0.8079,0.3473,34.415,69.831,59.989
2231347,1361,947,1066,-0.6330,0.8362,0.3288,33.084,62.396,54.270
2231357,1336,1256,654,-0.6293,0.8571,0.3390,30.732,53.802,48.516
2231367,1362,1088,758,-0.6261,0.8555,0.3456,28.109,45.549,42.135
2231377,1331,965,637,-0.6173,0.8457,0.3570,25.082,37.721,35.819
2231387,1363,1430,676,-0.6000,0.8243,0.3797,21.375,30.073,30.201
2231397,1333,1398,878,-0.5858,0.7899,0.4086,17.250,22.966,24.696
2231407,1364,1171,686,-0.5722,0.7489,0.4379,13.486,16.835,19.645
2231417,1335,1094,627,-0.5608,0.7026,0.4644,10.909,12.052,15.267
2231427,1365,1155,1084,-0.5531,0.6619,0.4957,9.482,8.305,11.443
2231437,1336,970,542,-0.5489,0.6259,0.5170,9.457,5.864,8.495
2231447,1370,1128,825,-0.5511,0.5925,0.5308,11.221,4.680,6.374
2231457,1336,1113,815,-0.5576,0.5732,0.5485,13.608,4.157,5.228
2231467,1370,1064,645,-0.5578,0.5659,0.5642,15.906,4.273,5.458
2231477,1337,1242,780,-0.5612,0.5707,0.5785,17.377,4.902,6.548
2231487,1375,962,684,-0.5648,0.5911,0.5942,17.428,5.770,8.108
2231497,1339,1241,615,-0.5742,0.6273,0.5879,14.986,7.640,9.428
2231507,1375,1410,697,-0.5826,0.6595,0.5826,11.961,9.060,9.759
2231517,1337,1083,636,-0.5822,0.6751,0.5778,8.748,10.093,9.144
2231527,1378,995,655,-0.5806,0.6770,0.5800,5.268,10.558,7.496
2231537,1339,965,619,-0.5794,0.6734,0.5809,2.348,10.852,5.595
2231547,1374,1005,878,-0.5792,0.6575,0.5598,1.056,11.591,3.738
2231557,1340,978,993,-0.5864,0.6378,0.5482,1.064,11.965,1.773
2231567,1379,981,565,-0.5893,0.6298,0.5576,1.609,11.491,0.610
2231577,1342,998,556,-0.5909,0.6279,0.5605,2.701,11.299,0.598
2231587,1387,970,560,-0.5904,0.6326,0.5630,3.679,11.370,1.249
2231597,1342,1210,589,-0.5848,0.6332,0.5775,3.294,10.928,1.934
2231607,1387,968,729,-0.5853,0.6273,0.5922,1.736,10.255,2.083
2231617,1339,999,1172,-0.5905,0.6272,0.6020,-0.137,9.905,2.478
2231627,1386,1377,562,-0.5963,0.6355,0.6110,-1.715,9.860,3.444
2231637,1342,1474,564,-0.6072,0.6493,0.6148,-2.566,10.032,4.083
2231647,1392,1101,611,-0.6137,0.6613,0.6110,-2.064,10.551,4.249
2231657,1343,985,663,-0.6195,0.6707,0.6143,-0.716,10.935,3.785
2231667,1390,983,643,-0.6207,0.6727,0.6229,0.945,11.083,2.803
2231677,1343,1071,563,-0.6194,0.6649,0.6245,2.714,11.532,1.734
2231687,1392,1032,650,-0.6164,0.6580,0.6331,3.797,11.958,0.963
2231697,1342,979,600,-0.6127,0.6483,0.6366,3.850,12.323,0.668
2231707,1393,1064,956,-0.6159,0.6381,0.6262,3.254,12.937,0.494
2231717,1345,1153,585,-0.6174,0.6344,0.6145,2.190,13.306,0.693
2231727,1393,1191,775,-0.6224,0.6284,0.5999,1.150,13.310,0.943
2231737,1345,1094,588,-0.6288,0.6248,0.5862,0.783,13.022,1.099
2231747,1398,1218,625,-0.6287,0.6251,0.5808,1.053,12.312,1.581
2231757,1345,1156,637,-0.6249,0.6241,0.5784,1.637,11.343,2.044
2231767,1399,1199,571,-0.6188,0.6240,0.5815,2.236,10.337,2.560
2231777,1346,1079,578,-0.6136,0.6269,0.5862,2.420,9.446,3.252
2231787,1393,1117,572,-0.6113,0.6332,0.5829,2.068,8.862,3.914
2231797,1346,1076,716,-0.6071,0.6420,0.5762,1.109,8.458,4.609
2231807,1395,1043,578,-0.6016,0.6465,0.5753,-0.740,7.809,5.045
2231817,1347,990,769,-0.5948,0.6424,0.5786,-3.246,6.894,4.926
2231827,1407,1072,643,-0.5901,0.6311,0.5840,-5.848,6.089,4.510
2231837,1347,1282,626,-0.5873,0.6180,0.5942,-8.090,5.486,4.137
2231847,1405,1026,678,-0.5884,0.6090,0.6041,-9.649,5.212,4.033
2231857,1349,993,626,-0.5938,0.6146,0.6141,-10.297,5.412,4.216
2231867,1406,985,831,-0.5965,0.6270,0.6154,-9.787,6.175,4.557
2231877,1349,988,1008,-0.5965,0.6339,0.6080,-8.413,7.228,4.384
2231887,1408,1053,595,-0.5984,0.6373,0.6074,-6.962,7.878,3.599
2231897,1351,1016,649,-0.6008,0.6418,0.6086,-5.570,8.401,2.744
2231907,1409,1025,598,-0.6037,0.6483,0.6024,-4.274,9.180,1.985
2231917,1352,1093,613,-0.6004,0.6490,0.5945,-3.215,9.918,1.122
2231927,1406,996,653,-0.6062,0.6357,0.5947,-2.612,10.010,-0.575
2231937,1353,1081,597,-0.6171,0.6354,0.5976,-2.262,9.783,-2.144
2231947,1409,1144,596,-0.6158,0.6424,0.5908,-1.386,10.197,-2.085
2231957,1351,1006,915,-0.6166,0.6443,0.5907,-1.028,10.397,-2.108
2231967,1408,1109,887,-0.6150,0.6414,0.6041,-1.509,9.837,-2.776
2231977,1356,1121,830,-0.6143,0.6364,0.6077,-2.151,9.630,-3.224
2231987,1408,1208,687,-0.6142,0.6284,0.6025,-2.821,9.896,-3.308
2231997,1355,1020,718,-0.6177,0.6227,0.6060,-3.824,9.823,-3.184
2232007,1408,1123,663,-0.6265,0.6225,0.6064,-4.728,9.566,-2.879
2232017,1357,1290,596,-0.6302,0.6269,0.5986,-4.724,9.652,-2.231
2232027,1408,1189,596,-0.6284,0.6278,0.5973,-4.311,9.534,-1.643
2232037,1358,1006,630,-0.6287,0.6256,0.6067,-4.005,8.903,-1.535
2232047,1412,1008,650,-0.6282,0.6280,0.6135,-3.377,8.557,-1.231
2232057,1359,1191,656,-0.6253,0.6313,0.6159,-2.455,8.734,-0.590
2232067,1411,1096,607,-0.6261,0.6312,0.6175,-1.763,8.954,-0.306
2232077,1358,1123,636,-0.6300,0.6335,0.6145,-1.356,9.111,-0.302
2232087,1409,1218,718,-0.6343,0.6399,0.6051,-0.977,9.426,-0.128
2232097,1359,1165,677,-0.6371,0.6466,0.5933,-0.769,9.742,0.076
2232107,1413,1060,684,-0.6356,0.6488,0.5878,-1.144,9.577,0.065
2232117,1360,1558,693,-0.6338,0.6496,0.5884,-1.925,9.028,-0.260
2232127,1411,1242,637,-0.6205,0.6292,0.5910,-2.562,8.423,-0.847
2232137,1361,1195,623,-0.6225,0.6025,0.5988,-3.093,7.744,-1.970
2232147,1409,1108,612,-0.6239,0.5922,0.6091,-3.280,7.276,-2.199
2232157,1360,1129,668,-0.6249,0.5938,0.6066,-2.667,7.750,-0.914
2232167,1413,1019,622,-0.6250,0.6020,0.6041,-1.564,8.448,0.387
2232177,1361,1031,654,-0.6190,0.6095,0.6077,-0.273,8.784,1.290
2232187,1410,1026,623,-0.6179,0.6152,0.6092,1.263,9.192,1.678
2232197,1363,1077,676,-0.6112,0.6231,0.6060,3.025,9.837,1.953
2232207,1411,1117,647,-0.6055,0.6189,0.6087,4.716,10.367,1.944
2232217,1362,1043,619,-0.6135,0.6179,0.6115,6.036,10.696,1.212
2232227,1410,1130,740,-0.6179,0.6363,0.6033,7.524,11.458,1.452
2232237,1365,1142,664,-0.6203,0.6612,0.5886,9.200,12.635,2.353
2232247,1411,1015,625,-0.6202,0.6741,0.5798,10.418,13.173,2.161
2232257,1366,1085,648,-0.6231,0.6755,0.5782,11.121,13.008,0.720
2232267,1413,1015,655,-0.6265,0.6763,0.5737,11.765,12.937,-0.738
2232277,1366,1018,683,-0.6282,0.6743,0.5640,12.271,13.137,-1.727
2232287,1417,1075,655,-0.6295,0.6680,0.5588,12.140,13.074,-2.730
2232297,1367,1075,630,-0.6323,0.6589,0.5558,11.422,12.726,-3.733
2232307,1416,1024,632,-0.6355,0.6510,0.5445,10.350,12.431,-4.402
2232317,1371,1051,632,-0.6354,0.6436,0.5317,9.056,12.083,-4.577
2232327,1415,1030,637,-0.6385,0.6385,0.5249,7.446,11.312,-4.522
2232337,1372,1021,636,-0.6437,0.6396,0.5182,5.831,10.310,-4.296
2232347,1414,1048,647,-0.6512,0.6502,0.5059,4.571,9.421,-3.729
2232357,1373,1021,634,-0.6557,0.6698,0.4960,3.471,8.459,-3.035
2232367,1413,1057,646,-0.6559,0.6884,0.4909,2.298,7.196,-2.830
2232377,1374,1028,639,-0.6587,0.7017,0.4886,1.125,5.701,-3.537
2232387,1417,1040,671,-0.6614,0.7169,0.4881,-0.017,4.203,-4.793
2232397,1375,1076,650,-0.6641,0.7349,0.4886,-1.148,2.811,-6.128
2232407,1415,1062,654,-0.6673,0.7504,0.4862,-2.420,1.491,-7.744
2232417,1375,1045,669,-0.6671,0.7679,0.4871,-3.915,0.087,-9.640
2232427,1414,1089,675,-0.6610,0.7786,0.4896,-5.623,-1.391,-11.931
2232437,1376,1035,648,-0.6570,0.7834,0.4969,-7.643,-2.918,-14.860
2232447,1416,1083,650,-0.6480,0.7898,0.5059,-9.895,-4.226,-17.789
2232457,1377,1035,649,-0.6447,0.7939,0.5036,-12.150,-4.988,-20.785
2232467,1417,1077,660,-0.6466,0.8009,0.4942,-14.156,-5.510,-24.326
2232477,1377,1071,670,-0.6484,0.8082,0.4882,-15.918,-6.277,-28.275
2232487,1414,1090,664,-0.6543,0.8084,0.4791,-17.150,-7.259,-33.078
2232497,1377,1039,655,-0.6616,0.8035,0.4711,-17.469,-8.452,-38.556
2232507,1411,1087,665,-0.6718,0.7958,0.4675,-16.721,-9.979,-44.295
2232517,1378,1045,656,-0.6795,0.7821,0.4687,-14.863,-11.767,-50.083
2232527,1418,1074,660,-0.6874,0.7566,0.4655,-11.926,-13.644,-55.904
2232537,1380,1041,671,-0.7016,0.7338,0.4617,-8.119,-15.618,-61.374
2232547,1413,1042,670,-0.7121,0.7188,0.4619,-3.688,-17.646,-65.778
2232557,1380,1066,659,-0.7171,0.7001,0.4602,0.951,-19.789,-69.566
2232567,1417,1066,677,-0.7187,0.6779,0.4638,5.252,-22.354,-73.273
2232577,1382,1055,662,-0.7205,0.6568,0.4719,8.957,-25.325,-76.637
2232587,1414,1077,667,-0.7231,0.6397,0.4787,12.197,-28.213,-79.306
2232597,1383,1061,664,-0.7234,0.6234,0.4878,15.008,-31.009,-81.383
2232607,1417,1085,675,-0.7196,0.6074,0.5028,17.249,-34.041,-83.238
2232617,1384,1046,671,-0.7144,0.5866,0.5148,18.992,-37.049,-85.226
2232627,1418,1127,697,-0.7101,0.5637,0.5246,20.663,-39.763,-87.232
2232637,1384,1068,673,-0.7034,0.5426,0.5285,22.376,-42.263,-88.790
2232647,1420,1048,668,-0.7012,0.5216,0.5285,24.324,-44.556,-90.157
2232657,1385,1057,674,-0.6963,0.4997,0.5259,26.729,-46.842,-91.411
2232667,1419,1067,673,-0.6872,0.4764,0.5291,29.587,-49.351,-92.552
2232677,1387,1056,688,-0.6768,0.4475,0.5303,33.084,-51.970,-93.897
2232687,1418,1069,685,-0.6645,0.4196,0.5337,37.522,-54.466,-95.085
2232697,1389,1064,677,-0.6459,0.3889,0.5466,42.699,-56.844,-95.583
2232707,1421,1065,690,-0.6321,0.3571,0.5512,48.352,-58.979,-95.751
2232717,1388,1057,693,-0.6237,0.3389,0.5604,54.552,-60.483,-94.845
2232727,1422,1218,766,-0.6147,0.3350,0.5694,60.708,-61.421,-92.572
2232737,1390,1059,688,-0.6122,0.3351,0.5627,66.869,-61.856,-90.159
2232747,1421,1087,681,-0.6116,0.3439,0.5545,72.696,-62.383,-87.631
2232757,1392,1064,698,-0.6053,0.3590,0.5511,77.704,-63.596,-85.028
2232767,1423,1080,686,-0.6013,0.3669,0.5423,82.047,-65.236,-83.249
2232777,1391,1060,702,-0.5929,0.3637,0.5319,85.634,-67.455,-82.202
2232787,1424,1066,727,-0.5798,0.3532,0.5373,88.215,-70.682,-81.114
2232797,1391,1106,704,-0.5644,0.3362,0.5501,89.745,-74.445,-79.337
2232807,1423,1072,686,-0.5523,0.3234,0.5615,90.435,-78.068,-76.518
2232817,1392,1167,749,-0.5404,0.3184,0.5738,90.328,-81.156,-72.438
2232827,1424,1077,689,-0.5299,0.3239,0.5843,89.361,-83.740,-67.595
2232837,1392,1065,701,-0.5236,0.3366,0.5915,87.653,-86.014,-62.777
2232847,1424,1092,698,-0.5233,0.3555,0.5941,85.651,-88.050,-58.361
2232857,1393,1081,713,-0.5238,0.3780,0.5909,83.803,-89.844,-54.196
2232867,1423,1084,694,-0.5189,0.4013,0.5932,81.861,-91.982,-50.481
2232877,1393,1069,700,-0.5098,0.4135,0.6055,79.545,-94.791,-47.845
2232887,1422,1068,699,-0.5021,0.4156,0.6181,77.028,-97.882,-46.141
2232897,1392,1071,700,-0.4863,0.4191,0.6415,74.246,-100.802,-44.031
2232907,1424,1083,698,-0.4698,0.4268,0.6760,70.753,-103.510,-41.475
2232917,1394,1108,727,-0.4548,0.4302,0.7058,66.516,-105.675,-39.321
2232927,1424,1075,701,-0.4401,0.4338,0.7270,61.823,-106.777,-37.355
2232937,1395,1103,713,-0.4265,0.4376,0.7411,56.904,-107.131,-35.668
2232947,1426,1096,703,-0.4171,0.4425,0.7492,52.008,-107.105,-34.509
2232957,1395,1078,709,-0.4093,0.4501,0.7521,47.447,-106.862,-33.788
2232967,1426,1080,711,-0.4030,0.4541,0.7527,43.331,-106.740,-33.503
2232977,1395,1087,718,-0.3994,0.4558,0.7565,39.519,-107.177,-33.680
2232987,1427,1087,708,-0.3883,0.4521,0.7738,34.932,-108.593,-33.652
2232997,1395,1083,709,-0.3729,0.4462,0.7957,29.549,-110.339,-33.461
2233007,1431,1088,724,-0.3524,0.4344,0.8149,23.140,-111.794,-33.065
2233017,1395,1128,720,-0.3328,0.4185,0.8311,15.914,-112.745,-32.450
2233027,1433,1083,737,-0.3107,0.4001,0.8474,8.124,-113.517,-31.264
2233037,1397,1118,820,-0.2937,0.3800,0.8625,-0.040,-114.106,-29.481
2233047,1432,1106,715,-0.2821,0.3597,0.8727,-8.040,-114.462,-27.098
2233057,1401,1088,753,-0.2673,0.3428,0.8890,-15.544,-114.917,-23.670
2233067,1432,1080,895,-0.2556,0.3262,0.9135,-22.493,-115.736,-19.771
2233077,1397,1088,715,-0.2447,0.3126,0.9454,-28.572,-116.476,-15.876
2233087,1436,1089,724,-0.2344,0.3058,0.9771,-33.538,-116.664,-11.864
2233097,1400,1114,740,-0.2242,0.3081,1.0085,-37.151,-116.012,-8.083
2233107,1436,1149,731,-0.2116,0.3126,1.0306,-39.201,-114.453,-5.045
2233117,1400,1101,738,-0.2011,0.3168,1.0416,-39.607,-112.281,-3.261
2233127,1436,1178,732,-0.1886,0.3144,1.0517,-38.392,-109.982,-2.828
2233137,1399,1097,744,-0.1726,0.3069,1.0624,-35.910,-107.973,-3.357
2233147,1435,1087,733,-0.1579,0.2918,1.0781,-32.278,-106.099,-4.488
2233157,1401,1086,729,-0.1412,0.2770,1.0949,-27.788,-103.939,-5.559
2233167,1433,1100,731,-0.1253,0.2661,1.1152,-22.767,-101.352,-6.048
2233177,1401,1096,753,-0.1109,0.2652,1.1371,-17.394,-98.226,-5.643
2233187,1433,1089,735,-0.0980,0.2733,1.1550,-11.736,-94.346,-4.486
2233197,1402,1164,732,-0.0849,0.2834,1.1668,-6.193,-89.917,-3.139
2233207,1435,1103,755,-0.0747,0.2893,1.1765,-1.121,-85.473,-2.245
2233217,1403,1092,779,-0.0685,0.2912,1.1811,3.330,-81.187,-1.724
2233227,1434,1240,765,-0.0657,0.2949,1.1836,7.138,-77.075,-1.018
2233237,1405,1181,806,-0.0616,0.2999,1.1883,9.975,-73.347,0.209
2233247,1437,1316,741,-0.0504,0.3048,1.2055,11.410,-70.256,1.749
2233257,1407,1272,774,-0.0439,0.3137,1.2178,11.416,-67.278,3.423
2233267,1440,1290,793,-0.0322,0.3264,1.2255,10.314,-63.965,5.487
2233277,1406,1306,773,-0.0213,0.3387,1.2338,8.273,-60.405,7.566
2233287,1440,1380,793,-0.0152,0.3496,1.2384,5.581,-56.793,9.137
2233297,1407,1367,889,-0.0159,0.3574,1.2467,2.463,-53.275,10.255
2233307,1438,1349,900,-0.0147,0.3601,1.2506,-1.081,-49.958,11.188
2233317,1409,1351,906,-0.0229,0.3585,1.2467,-5.029,-46.753,11.791
2233327,1438,1390,855,-0.0239,0.3622,1.2513,-9.163,-43.929,12.515
2233337,1411,1282,1004,-0.0219,0.3652,1.2507,-13.314,-41.248,13.381
2233347,1439,1386,869,-0.0196,0.3618,1.2442,-16.931,-38.416,13.605
2233357,1411,1344,986,-0.0144,0.3508,1.2344,-20.120,-35.736,13.195
2233367,1438,1368,960,-0.0220,0.3415,1.2296,-22.403,-33.253,12.763
2233377,1415,1368,973,-0.0238,0.3447,1.2274,-23.429,-30.840,13.263
2233387,1438,1534,969,-0.0250,0.3452,1.2214,-23.559,-28.387,13.992
2233397,1414,1357,1087,-0.0311,0.3417,1.2189,-23.165,-26.423,13.782
2233407,1440,1461,943,-0.0351,0.3425,1.2200,-22.307,-25.008,13.395
2233417,1415,1465,997,-0.0346,0.3477,1.2136,-20.920,-23.423,13.329
2233427,1442,1432,1012,-0.0314,0.3500,1.2085,-19.488,-22.064,12.919
2233437,1420,1411,1046,-0.0264,0.3476,1.2054,-18.171,-21.295,11.778
2233447,1438,1550,1027,-0.0240,0.3411,1.1984,-16.666,-20.549,10.365
2233457,1418,1475,994,-0.0210,0.3373,1.1935,-14.942,-19.912,9.221
2233467,1439,1501,1030,-0.0198,0.3366,1.1915,-13.184,-19.542,8.428
2233477,1419,1445,1092,-0.0190,0.3392,1.1898,-11.338,-19.231,7.812
2233487,1438,1458,1065,-0.0135,0.3415,1.1901,-9.607,-19.019,7.280
2233497,1421,1467,925,-0.0073,0.3407,1.1892,-8.141,-18.904,6.446
2233507,1442,1542,1042,0.0019,0.3396,1.1897,-6.926,-18.715,5.509
2233517,1421,1473,1111,0.0128,0.3347,1.1904,-6.061,-18.284,4.726
2233527,1438,1543,1126,0.0211,0.3279,1.1885,-5.631,-17.658,3.904
2233537,1420,1593,1281,0.0293,0.3210,1.1900,-5.649,-16.942,3.265
2233547,1438,1607,1230,0.0347,0.3163,1.1893,-6.004,-16.041,3.118
2233557,1421,1607,1239,0.0394,0.3141,1.1829,-6.448,-14.893,3.376
2233567,1436,1630,1220,0.0424,0.3117,1.1757,-6.869,-13.686,3.792
2233577,1423,1533,1182,0.0453,0.3083,1.1711,-7.244,-12.673,4.100
2233587,1435,1659,1178,0.0478,0.3055,1.1700,-7.541,-11.830,4.257
2233597,1424,1581,1183,0.0504,0.3032,1.1681,-7.687,-10.902,4.381
2233607,1436,1653,1185,0.0537,0.3008,1.1618,-7.704,-9.793,4.495
2233617,1426,1503,1279,0.0563,0.2995,1.1615,-7.680,-8.847,4.517
2233627,1434,1613,1157,0.0587,0.2981,1.1625,-7.636,-8.014,4.438
2233637,1426,1517,1294,0.0597,0.2944,1.1595,-7.380,-7.017,4.246
2233647,1434,1595,1182,0.0612,0.2928,1.1585,-7.079,-5.988,4.210
2233657,1428,1581,1248,0.0618,0.2905,1.1556,-6.745,-4.985,4.254
2233667,1434,1714,1306,0.0644,0.2887,1.1498,-6.306,-3.880,4.348
2233677,1429,1557,1063,0.0673,0.2868,1.1494,-5.870,-2.785,4.513
2233687,1430,1608,1064,0.0675,0.2901,1.1573,-5.685,-1.823,4.653
2233697,1434,1671,1101,0.0703,0.2984,1.1665,-5.452,-0.733,4.943
2233707,1433,1645,1064,0.0695,0.3073,1.1695,-5.451,0.582,5.323
2233717,1434,1603,881,0.0708,0.3157,1.1784,-5.873,1.569,5.301
2233727,1433,1676,992,0.0717,0.3192,1.1892,-7.137,2.070,4.836
2233737,1436,1605,1110,0.0699,0.3194,1.1947,-8.526,2.646,4.205
2233747,1428,1719,1024,0.0717,0.3237,1.1948,-9.750,3.512,4.127
2233757,1441,1604,1126,0.0715,0.3253,1.1928,-10.741,4.456,4.124
2233767,1427,1696,1011,0.0700,0.3233,1.1910,-11.523,5.253,3.813
2233777,1440,1624,1155,0.0708,0.3204,1.1855,-11.952,5.965,3.398
2233787,1427,1681,1068,0.0695,0.3177,1.1760,-11.851,6.763,3.033
2233797,1444,1602,1103,0.0692,0.3139,1.1665,-11.420,7.413,2.728
2233807,1426,1702,1048,0.0674,0.3060,1.1555,-10.894,7.820,2.140
2233817,1446,1576,1072,0.0651,0.2981,1.1436,-10.342,8.048,1.400
2233827,1424,1679,1040,0.0632,0.2925,1.1318,-9.832,8.070,0.929
2233837,1446,1574,1124,0.0617,0.2867,1.1195,-9.370,7.970,0.639
2233847,1426,1699,1078,0.0596,0.2800,1.1073,-8.971,7.719,0.343
2233857,1450,1549,1359,0.0568,0.2742,1.0986,-8.743,7.288,0.057
2233867,1422,1642,1047,0.0548,0.2679,1.0888,-8.572,6.732,-0.318
2233877,1454,1533,1142,0.0551,0.2605,1.0783,-8.138,6.205,-0.758
2233887,1423,1617,951,0.0554,0.2531,1.0736,-7.613,5.496,-1.187
2233897,1452,1603,1120,0.0563,0.2476,1.0747,-7.253,4.581,-1.527
2233907,1424,1658,1002,0.0559,0.2459,1.0776,-6.895,3.825,-1.605
2233917,1454,1546,1198,0.0578,0.2481,1.0825,-6.628,3.346,-1.369
2233927,1424,1691,1001,0.0587,0.2510,1.0885,-6.578,3.025,-1.186
2233937,1454,1553,1194,0.0606,0.2554,1.0935,-6.733,2.847,-1.085
2233947,1422,1728,796,0.0613,0.2603,1.0973,-7.155,2.718,-1.018
2233957,1458,1566,1108,0.0615,0.2650,1.1027,-7.745,2.516,-1.078
2233967,1423,1684,1052,0.0604,0.2685,1.1128,-8.534,2.148,-1.235
2233977,1457,1629,1169,0.0593,0.2678,1.1242,-9.558,1.724,-1.480
2233987,1424,1684,1018,0.0596,0.2660,1.1356,-10.673,1.367,-1.746
2233997,1460,1585,1165,0.0610,0.2662,1.1458,-11.809,1.145,-1.786
2234007,1422,1656,875,0.0622,0.2669,1.1547,-12.784,1.069,-1.663
2234017,1465,1608,1147,0.0646,0.2674,1.1610,-13.481,1.154,-1.529
2234027,1422,1578,1012,0.0671,0.2651,1.1647,-13.828,1.378,-1.550
2234037,1468,1649,1327,0.0687,0.2607,1.1642,-13.813,1.716,-1.749
2234047,1423,1629,1027,0.0693,0.2538,1.1591,-13.453,2.125,-2.009
2234057,1469,1537,1130,0.0698,0.2491,1.1555,-12.873,2.479,-2.107
2234067,1423,1568,1072,0.0692,0.2437,1.1506,-12.198,2.765,-2.143
2234077,1475,1537,966,0.0665,0.2353,1.1440,-11.478,2.994,-2.351
2234087,1423,1608,1160,0.0650,0.2277,1.1384,-10.751,3.175,-2.538
2234097,1476,1620,1104,0.0652,0.2202,1.1321,-10.078,3.282,-2.506
2234107,1421,1592,1119,0.0671,0.2140,1.1291,-9.457,3.333,-2.343
2234117,1482,1483,941,0.0691,0.2092,1.1266,-8.794,3.367,-2.108
2234127,1421,1499,1330,0.0709,0.2039,1.1255,-8.080,3.417,-1.827
2234137,1487,1489,1118,0.0718,0.2012,1.1241,-7.251,3.562,-1.470
2234147,1420,1548,1040,0.0726,0.2008,1.1226,-6.340,3.742,-1.053
2234157,1489,1488,1071,0.0726,0.2010,1.1235,-5.340,3.906,-0.693
2234167,1423,1547,1032,0.0736,0.2019,1.1266,-4.314,4.050,-0.421
2234177,1493,1526,1069,0.0746,0.2027,1.1295,-3.360,4.184,-0.123
2234187,1422,1531,823,0.0769,0.2066,1.1328,-2.454,4.373,0.325
2234197,1500,1439,1046,0.0788,0.2111,1.1340,-1.593,4.676,0.744
2234207,1421,1533,1008,0.0800,0.2149,1.1332,-0.796,5.078,1.019
2234217,1512,1473,1046,0.0787,0.2174,1.1309,-0.127,5.534,1.166
2234227,1422,1520,988,0.0777,0.2186,1.1253,0.386,5.970,1.166
2234237,1516,1482,1040,0.0750,0.2200,1.1188,0.760,6.302,1.161
2234247,1423,1517,1011,0.0734,0.2228,1.1132,0.965,6.464,1.289
2234257,1522,1554,1117,0.0713,0.2241,1.1100,1.044,6.394,1.337
2234267,1422,1528,1136,0.0705,0.2266,1.1105,0.958,6.127,1.283
2234277,1538,1503,1195,0.0712,0.2303,1.1141,0.740,5.744,1.317
2234287,1425,1510,974,0.0726,0.2327,1.1153,0.544,5.431,1.316
2234297,1563,1460,1072,0.0739,0.2346,1.1154,0.314,5.211,1.219
2234307,1424,1450,1002,0.0747,0.2345,1.1194,0.011,4.989,1.019
2234317,1580,1462,1054,0.0753,0.2334,1.1212,-0.355,4.838,0.792
2234327,1425,1504,1023,0.0753,0.2319,1.1225,-0.716,4.769,0.613
2234337,1616,1448,1304,0.0763,0.2296,1.1224,-1.063,4.747,0.514
2234347,1427,1496,1028,0.0764,0.2275,1.1228,-1.335,4.758,0.440
2234357,1624,1480,951,0.0755,0.2245,1.1199,-1.470,4.775,0.325
2234367,1425,1483,1036,0.0758,0.2230,1.1185,-1.516,4.800,0.307
2234377,1670,1446,971,0.0764,0.2220,1.1187,-1.458,4.780,0.311
2234387,1428,1444,1157,0.0767,0.2212,1.1187,-1.316,4.817,0.270
2234397,1695,1408,1098,0.0774,0.2207,1.1187,-1.103,4.902,0.310
2234407,1426,1442,1148,0.0767,0.2221,1.1195,-0.840,5.031,0.350
2234417,1718,1441,1304,0.0766,0.2227,1.1209,-0.593,5.169,0.302
2234427,1429,1491,954,0.0752,0.2227,1.1200,-0.428,5.309,0.211
2234437,1751,1478,949,0.0743,0.2233,1.1201,-0.397,5.378,0.072
2234447,1429,1476,935,0.0735,0.2235,1.1241,-0.527,5.352,-0.027
2234457,1787,1413,1083,0.0737,0.2247,1.1269,-0.825,5.333,-0.021
2234467,1433,1461,1035,0.0741,0.2275,1.1288,-1.258,5.382,0.105
2234477,1829,1442,1068,0.0740,0.2299,1.1263,-1.636,5.528,0.271
2234487,1434,1468,838,0.0720,0.2302,1.1222,-1.766,5.674,0.214
2234497,1844,1408,1215,0.0699,0.2296,1.1184,-1.789,5.690,0.004
2234507,1430,1414,1038,0.0685,0.2278,1.1145,-1.772,5.582,-0.214
2234517,1893,1408,1071,0.0680,0.2261,1.1097,-1.774,5.378,-0.384
2234527,1436,1474,1152,0.0681,0.2254,1.1070,-1.831,5.093,-0.447
2234537,1905,1343,1219,0.0695,0.2254,1.1054,-1.943,4.785,-0.462
2234547,1434,1465,1032,0.0692,0.2289,1.1052,-2.062,4.476,-0.536
2234557,1952,1398,1016,0.0761,0.2327,1.1113,-1.655,4.146,-0.607
2234567,1435,1407,919,0.0793,0.2220,1.1152,-0.546,4.009,-1.367
2234577,2002,1456,1277,0.0746,0.2080,1.1164,0.883,3.981,-2.793
2234587,1435,1453,1054,0.0759,0.2093,1.1214,2.271,4.166,-2.947
2234597,2051,1366,1164,0.0757,0.2155,1.1200,3.344,4.564,-2.263
2234607,1439,1430,1068,0.0743,0.2184,1.1211,4.140,4.829,-2.080
2234617,2081,1379,847,0.0751,0.2193,1.1249,4.534,4.770,-2.266
2234627,1440,1431,853,0.0758,0.2190,1.1251,4.918,4.808,-2.428
2234637,2118,1364,1137,0.0769,0.2199,1.1235,5.297,5.081,-2.346
2234647,1440,1420,1043,0.0772,0.2209,1.1235,5.482,5.278,-2.194
2234657,2152,1347,1140,0.0761,0.2214,1.1225,5.577,5.442,-2.207
2234667,1441,1398,1079,0.0754,0.2230,1.1202,5.772,5.654,-2.200
2234677,2195,1334,1250,0.0747,0.2241,1.1173,6.078,5.831,-2.069
2234687,1442,1371,1058,0.0735,0.2261,1.1166,6.471,5.898,-1.944
2234697,2225,1358,1135,0.0724,0.2289,1.1164,6.865,5.844,-1.797
2234707,1442,1377,1013,0.0731,0.2326,1.1178,7.180,5.728,-1.606
2234717,2268,1349,1222,0.0733,0.2369,1.1195,7.419,5.631,-1.429
2234727,1439,1400,1027,0.0746,0.2398,1.1208,7.597,5.594,-1.310
2234737,2302,1330,1351,0.0752,0.2434,1.1205,7.679,5.609,-1.218
2234747,1439,1372,1127,0.0757,0.2462,1.1198,7.605,5.664,-1.166
2234757,2333,1337,1146,0.0757,0.2484,1.1185,7.422,5.726,-1.202
2234767,1434,1374,1025,0.0758,0.2495,1.1182,7.184,5.797,-1.266
2234777,2369,1354,1136,0.0766,0.2501,1.1175,6.957,5.879,-1.276
2234787,1434,1343,994,0.0757,0.2496,1.1174,6.826,5.985,-1.288
2234797,2397,1341,990,0.0759,0.2507,1.1171,6.703,6.093,-1.243
2234807,1425,1339,1057,0.0757,0.2520,1.1171,6.571,6.193,-1.136
2234817,2430,1304,1048,0.0770,0.2526,1.1189,6.441,6.309,-1.036
2234827,1421,1321,932,0.0760,0.2548,1.1193,6.256,6.433,-0.942
2234837,2463,1294,1040,0.0762,0.2567,1.1184,6.060,6.607,-0.817
2234847,1416,1322,996,0.0772,0.2582,1.1174,5.852,6.807,-0.663
2234857,2483,1267,1099,0.0760,0.2591,1.1179,5.660,6.983,-0.566
2234867,1413,1304,965,0.0756,0.2595,1.1167,5.425,7.154,-0.504
2234877,2522,1228,1515,0.0742,0.2590,1.1150,5.162,7.300,-0.401
2234887,1401,1314,986,0.0734,0.2604,1.1151,4.882,7.396,-0.252
2234897,2542,1273,1143,0.0724,0.2610,1.1141,4.647,7.462,-0.063
2234907,1387,1314,1078,0.0730,0.2621,1.1127,4.443,7.518,0.192
2234917,2558,1294,1096,0.0712,0.2641,1.1122,4.253,7.529,0.402
2234927,1382,1302,1028,0.0709,0.2655,1.1137,4.087,7.513,0.521
2234937,2570,1253,1104,0.0691,0.2657,1.1122,3.996,7.588,0.569
2234947,1370,1280,968,0.0681,0.2674,1.1105,3.935,7.713,0.723
2234957,2605,1236,1076,0.0693,0.2697,1.1091,3.770,7.681,0.905
2234967,1366,1235,966,0.0689,0.2722,1.1091,3.588,7.560,0.952
2234977,2623,1218,1147,0.0692,0.2747,1.1126,3.340,7.319,0.919
2234987,1358,1269,924,0.0680,0.2745,1.1149,3.088,7.160,0.624
2234997,2622,1243,1069,0.0659,0.2720,1.1124,3.062,7.286,0.281
2235007,1358,1238,905,0.0655,0.2717,1.1101,3.160,7.488,0.282
2235017,2646,1193,1264,0.0651,0.2727,1.1098,3.131,7.584,0.511
2235027,1359,1220,947,0.0649,0.2739,1.1110,2.878,7.534,0.651
2235037,2725,1186,1086,0.0649,0.2744,1.1113,2.596,7.494,0.674
2235047,1401,1218,917,0.0660,0.2756,1.1119,2.376,7.579,0.705
2235057,2751,1173,1065,0.0662,0.2758,1.1128,2.194,7.699,0.663
2235067,1437,1179,1069,0.0651,0.2747,1.1110,2.059,7.787,0.537
2235077,2858,1173,1071,0.0640,0.2739,1.1090,1.964,7.865,0.481
2235087,1471,1184,1041,0.0634,0.2753,1.1077,1.903,7.910,0.554
2235097,2879,1183,1028,0.0629,0.2757,1.1059,1.849,7.886,0.649
2235107,1439,1178,1182,0.0620,0.2754,1.1043,1.813,7.771,0.653
2235117,2880,1190,1154,0.0605,0.2769,1.1060,1.788,7.636,0.705
2235127,1503,1179,997,0.0610,0.2780,1.1078,1.711,7.487,0.792
2235137,3052,1178,973,0.0609,0.2769,1.1089,1.693,7.383,0.745
2235147,1431,1177,905,0.0624,0.2763,1.1027,1.755,7.375,0.753
2235157,2996,1195,1082,0.0640,0.2788,1.1056,1.768,7.278,1.102
2235167,1342,1187,970,0.0655,0.2777,1.1139,1.385,6.897,1.228
2235177,2896,1188,1018,0.0623,0.2726,1.1104,1.213,6.819,0.944
2235187,1291,1194,967,0.0638,0.2734,1.1054,1.385,7.096,1.237
2235197,2920,1212,1096,0.0658,0.2754,1.1085,1.376,7.183,1.873
2235207,1228,1195,1009,0.0640,0.2753,1.1083,1.239,7.148,1.962
2235217,2881,1230,965,0.0635,0.2759,1.1078,1.139,7.243,1.975
2235227,1162,1219,907,0.0655,0.2760,1.1072,1.046,7.401,2.219
2235237,2817,1296,1217,0.0652,0.2762,1.1068,0.990,7.531,2.291
2235247,1173,1283,904,0.0651,0.2745,1.1093,0.949,7.618,2.214
2235257,2796,1294,990,0.0625,0.2736,1.1105,0.972,7.771,2.259
2235267,1191,1351,935,0.0621,0.2739,1.1107,1.049,7.981,2.486
2235277,2794,1390,1304,0.0622,0.2754,1.1129,1.052,8.085,2.799
2235287,1202,1308,1365,0.0622,0.