1456102,2121,2100,2275,-0.0252,-0.1594,1.1108,-1.708,-4.713,3.558
1456112,2070,2124,2242,-0.0264,-0.1641,1.1149,-3.466,-4.787,3.192
1456122,2119,2095,2066,-0.0262,-0.1719,1.1177,-5.467,-4.802,2.807
1456132,2065,2128,2245,-0.0262,-0.1814,1.1173,-7.539,-4.613,2.459
1456142,2143,2096,2393,-0.0269,-0.1912,1.1201,-9.513,-4.408,2.154
1456152,2083,2120,2244,-0.0278,-0.2012,1.1193,-11.258,-4.114,1.851
1456162,2145,2096,2090,-0.0282,-0.2118,1.1196,-12.632,-3.809,1.554
1456172,2050,2122,2082,-0.0282,-0.2231,1.1184,-13.547,-3.505,1.292
1456182,2152,2093,2101,-0.0281,-0.2328,1.1172,-13.939,-3.166,1.090
1456192,2058,2148,2318,-0.0274,-0.2401,1.1154,-13.789,-2.854,0.964
1456202,2142,2090,2097,-0.0272,-0.2459,1.1145,-13.155,-2.555,0.866
1456212,2077,2122,2205,-0.0248,-0.2509,1.1147,-12.071,-2.310,0.734
1456222,2120,2120,2172,-0.0219,-0.2553,1.1163,-10.665,-2.112,0.572
1456232,2069,2123,2196,-0.0192,-0.2586,1.1209,-9.084,-1.959,0.433
1456242,2165,2087,2097,-0.0171,-0.2597,1.1227,-7.439,-1.701,0.343
1456252,2079,2139,2213,-0.0154,-0.2600,1.1250,-5.758,-1.358,0.302
1456262,2132,2106,2148,-0.0134,-0.2574,1.1259,-4.068,-0.985,0.297
1456272,2086,2132,2213,-0.0119,-0.2550,1.1255,-2.362,-0.568,0.334
1456282,2152,2096,2123,-0.0121,-0.2513,1.1231,-0.695,-0.141,0.389
1456292,2097,2115,2210,-0.0123,-0.2467,1.1221,0.811,0.271,0.412
1456302,2137,2097,2147,-0.0129,-0.2411,1.1198,2.094,0.671,0.378
1456312,2076,2127,2233,-0.0132,-0.2364,1.1188,3.142,1.007,0.286
1456322,2151,2104,2184,-0.0117,-0.2341,1.1163,3.936,1.257,0.172
1456332,2076,2137,2296,-0.0115,-0.2303,1.1172,4.516,1.420,0.071
1456342,2146,2087,2173,-0.0111,-0.2259,1.1171,4.959,1.550,-0.029
1456352,2119,2100,2221,-0.0105,-0.2208,1.1183,5.256,1.683,-0.216
1456362,2103,2103,2557,-0.0094,-0.2147,1.1205,5.517,1.782,-0.492
1456372,2094,2118,2281,-0.0087,-0.2076,1.1211,5.775,1.963,-0.804
1456382,2139,2122,2196,-0.0128,-0.2059,1.1270,6.016,2.162,-1.181
1456392,2093,2108,2237,-0.0102,-0.1990,1.1317,6.310,2.341,-1.572
1456402,2177,2090,2194,-0.0085,-0.1942,1.1391,6.684,2.427,-2.050
1456412,2105,2103,2236,-0.0085,-0.1886,1.1410,6.858,2.692,-2.545
1456422,2128,2095,2193,-0.0083,-0.1818,1.1459,6.657,2.910,-3.009
1456432,2050,2133,2241,-0.0080,-0.1778,1.1469,6.328,3.003,-3.444
1456442,2128,2087,2206,-0.0066,-0.1764,1.1478,5.733,3.122,-3.816
1456452,2009,2112,2241,-0.0065,-0.1760,1.1451,4.800,3.174,-4.039
1456462,2141,2110,2221,-0.0075,-0.1751,1.1406,3.578,3.137,-4.106
1456472,2095,2152,2253,-0.0087,-0.1763,1.1336,2.082,3.008,-4.054
1456482,2136,2083,2208,-0.0100,-0.1760,1.1247,0.460,2.715,-3.947
1456492,2121,2086,2198,-0.0116,-0.1770,1.1181,-1.117,2.182,-3.842
1456502,2130,2111,2202,-0.0115,-0.1795,1.1176,-2.485,1.483,-3.786
1456512,2090,2086,2225,-0.0094,-0.1810,1.1200,-3.660,0.697,-3.789
1456522,2138,2086,2166,-0.0077,-0.1833,1.1293,-4.735,-0.025,-3.867
1456532,2114,2107,2212,-0.0041,-0.1885,1.1380,-5.801,-0.537,-4.012
1456542,2152,2091,2161,-0.0003,-0.1937,1.1490,-6.960,-0.898,-4.193
1456552,2008,2152,2240,0.0035,-0.1983,1.1578,-8.264,-0.958,-4.342
1456562,2135,2114,2178,0.0039,-0.2034,1.1627,-9.741,-0.656,-4.446
1456572,2299,2114,2175,0.0006,-0.2091,1.1624,-11.337,-0.075,-4.545
1456582,2285,2095,2156,-0.0002,-0.2131,1.1625,-12.547,0.519,-4.627
1456592,2105,2133,2185,-0.0005,-0.2202,1.1615,-13.012,1.040,-4.770
1456602,2067,2083,2135,-0.0057,-0.2263,1.1482,-13.015,1.880,-4.873
1456612,2183,2102,2196,-0.0103,-0.2329,1.1454,-12.713,2.471,-4.863
1456622,2547,2099,2142,-0.0128,-0.2386,1.1390,-12.211,2.823,-4.748
1456632,2133,2104,2162,-0.0144,-0.2448,1.1266,-11.498,3.327,-4.551
1456642,2153,2122,2132,-0.0147,-0.2471,1.1192,-10.474,3.481,-4.240
1456652,2175,2120,2162,-0.0146,-0.2459,1.1143,-9.161,3.527,-3.813
1456662,2009,2147,2144,-0.0147,-0.2422,1.1092,-7.780,3.527,-3.356
1456672,2145,2254,2167,-0.0157,-0.2379,1.1036,-6.420,3.570,-2.930
1456682,2052,2147,2164,-0.0166,-0.2331,1.1038,-5.135,3.364,-2.589
1456692,2134,2102,2164,-0.0179,-0.2301,1.1002,-4.020,3.174,-2.405
1456702,2042,2104,2137,-0.0192,-0.2277,1.0979,-3.179,2.950,-2.379
1456712,2028,2089,2095,-0.0204,-0.2263,1.0942,-2.600,2.466,-2.468
1456722,2129,2087,2120,-0.0199,-0.2252,1.0941,-2.157,1.834,-2.601
1456732,2133,2144,2147,-0.0202,-0.2245,1.0971,-1.917,1.094,-2.709
1456742,2104,2119,2070,-0.0205,-0.2224,1.0960,-1.939,0.595,-2.790
1456752,2169,2086,2129,-0.0220,-0.2206,1.0968,-2.135,0.174,-2.935
1456762,2138,2153,2094,-0.0245,-0.2203,1.0969,-2.449,-0.230,-3.190
1456772,2096,2168,2155,-0.0278,-0.2228,1.0944,-2.762,-0.538,-3.557
1456782,2085,2178,2118,-0.0323,-0.2259,1.0889,-3.028,-0.943,-4.026
1456792,2283,2079,2112,-0.0381,-0.2302,1.0841,-3.161,-1.522,-4.595
1456802,2032,2088,2092,-0.0444,-0.2379,1.0795,-3.184,-2.409,-5.276
1456812,2246,2120,2170,-0.0451,-0.2474,1.0756,-3.052,-3.615,-5.973
1456822,2224,2154,2107,-0.0432,-0.2573,1.0704,-2.799,-4.822,-6.540
1456832,2056,2184,2120,-0.0371,-0.2652,1.0760,-2.405,-6.225,-6.777
1456842,2011,2138,2116,-0.0340,-0.2674,1.0787,-2.027,-7.326,-6.701
1456852,2102,2162,2135,-0.0337,-0.2659,1.0871,-1.560,-7.958,-6.459
1456862,2284,2095,2060,-0.0327,-0.2631,1.1000,-1.084,-8.310,-6.233
1456872,2100,2076,2098,-0.0322,-0.2635,1.1062,-0.545,-8.093,-6.082
1456882,2214,2079,2074,-0.0297,-0.2656,1.1209,0.052,-7.862,-5.880
1456892,2009,2136,2117,-0.0284,-0.2693,1.1259,0.667,-7.428,-5.510
1456902,2003,2081,2066,-0.0274,-0.2728,1.1348,1.287,-6.840,-4.935
1456912,2070,2202,2126,-0.0255,-0.2737,1.1473,1.749,-6.378,-4.181
1456922,2192,2080,2056,-0.0250,-0.2704,1.1536,1.938,-5.574,-3.400
1456932,2013,2088,2104,-0.0252,-0.2643,1.1607,1.742,-4.753,-2.721
1456942,2178,2088,2097,-0.0240,-0.2595,1.1622,1.223,-3.778,-2.235
1456952,2251,2127,2161,-0.0237,-0.2581,1.1644,0.503,-2.791,-1.860
1456962,2021,2105,2104,-0.0234,-0.2615,1.1648,-0.390,-1.936,-1.407
1456972,2105,2108,2096,-0.0252,-0.2595,1.1573,-1.432,-0.958,-0.712
1456982,2014,2084,2068,-0.0279,-0.2615,1.1514,-2.543,-0.010,0.058
1456992,2099,2082,2092,-0.0298,-0.2599,1.1515,-3.632,0.551,0.822
1457002,2093,2076,2112,-0.0290,-0.2598,1.1473,-4.615,1.193,1.584
1457012,2068,2162,2099,-0.0292,-0.2557,1.1475,-5.442,1.739,2.376
1457022,2199,2092,2058,-0.0297,-0.2511,1.1453,-6.063,2.264,3.203
1457032,2072,2116,2057,-0.0310,-0.2474,1.1431,-6.517,2.753,3.968
1457042,2062,2145,2105,-0.0318,-0.2466,1.1415,-6.869,3.156,4.633
1457052,2390,2183,2094,-0.0332,-0.2443,1.1373,-7.255,3.490,5.205
1457062,2063,2073,2061,-0.0318,-0.2436,1.1338,-7.679,3.736,5.679
1457072,2069,2091,2107,-0.0324,-0.2434,1.1275,-8.159,3.920,6.058
1457082,2255,2097,2079,-0.0318,-0.2492,1.1206,-8.691,3.946,6.441
1457092,2030,2155,2124,-0.0301,-0.2474,1.1178,-9.314,3.751,7.017
1457102,2252,2140,2086,-0.0329,-0.2511,1.1164,-10.212,3.536,7.704
1457112,2001,2163,2089,-0.0331,-0.2492,1.1191,-11.488,3.125,8.557
1457122,2156,2080,2060,-0.0327,-0.2522,1.1165,-13.240,2.766,9.374
1457132,2180,2131,2068,-0.0313,-0.2538,1.1146,-15.336,2.264,10.145
1457142,2156,2074,2063,-0.0302,-0.2546,1.1106,-18.160,1.674,10.998
1457152,2143,2125,2096,-0.0288,-0.2562,1.1043,-20.815,1.146,11.776
1457162,2199,2219,2093,-0.0279,-0.2588,1.0993,-23.183,0.607,12.439
1457172,2074,2124,2079,-0.0267,-0.2655,1.0964,-25.264,0.024,12.950
1457182,2126,2075,2070,-0.0251,-0.2716,1.0875,-27.121,-0.449,13.341
1457192,2117,2195,2085,-0.0248,-0.2764,1.0840,-28.543,-0.967,13.640
1457202,2241,2080,2073,-0.0238,-0.2789,1.0779,-29.560,-1.468,13.797
1457212,2128,2121,2139,-0.0222,-0.2805,1.0731,-30.107,-1.923,13.793
1457222,2159,2079,2112,-0.0198,-0.2822,1.0728,-30.233,-2.399,13.612
1457232,2071,2088,2186,-0.0185,-0.2858,1.0728,-30.062,-2.723,13.288
1457242,2223,2167,2119,-0.0182,-0.2901,1.0737,-29.856,-2.896,12.902
1457252,2116,2129,2170,-0.0166,-0.2956,1.0786,-29.748,-3.135,12.525
1457262,2189,2068,2084,-0.0157,-0.3030,1.0803,-29.837,-3.322,12.172
1457272,2107,2093,2126,-0.0146,-0.3100,1.0845,-30.057,-3.488,11.889
1457282,2052,2080,2089,-0.0138,-0.3191,1.0870,-30.307,-3.700,11.662
1457292,2146,2093,2139,-0.0132,-0.3251,1.0867,-30.373,-3.811,11.477
1457302,2220,2067,2088,-0.0141,-0.3313,1.0855,-30.096,-3.923,11.274
1457312,2210,2137,2107,-0.0155,-0.3369,1.0819,-29.316,-3.915,10.986
1457322,2226,2069,2073,-0.0175,-0.3437,1.0802,-27.995,-3.840,10.619
1457332,2162,2143,2107,-0.0201,-0.3491,1.0772,-26.150,-3.687,10.181
1457342,2205,2079,2054,-0.0233,-0.3529,1.0757,-23.844,-3.427,9.682
1457352,2188,2096,2068,-0.0287,-0.3547,1.0704,-21.091,-3.089,9.112
1457362,2257,2074,2044,-0.0353,-0.3598,1.0576,-17.861,-2.576,8.308
1457372,2135,2124,2064,-0.0411,-0.3660,1.0525,-14.009,-2.305,7.237
1457382,2201,2092,2060,-0.0464,-0.3723,1.0483,-9.530,-2.317,5.976
1457392,2170,2108,2075,-0.0506,-0.3758,1.0462,-4.460,-2.451,4.611
1457402,2229,2075,2047,-0.0523,-0.3761,1.0501,1.022,-2.843,3.246
1457412,2000,2083,2088,-0.0522,-0.3752,1.0586,6.600,-3.288,1.936
1457422,2275,2069,2051,-0.0509,-0.3757,1.0669,11.907,-3.634,0.779
1457432,2202,2140,2101,-0.0479,-0.3760,1.0749,16.580,-3.858,-0.102
1457442,2324,2101,2081,-0.0452,-0.3755,1.0827,20.463,-3.926,-0.669
1457452,2227,2102,2087,-0.0413,-0.3737,1.0935,23.269,-3.962,-0.987
1457462,2234,2078,2067,-0.0357,-0.3705,1.1003,25.007,-3.873,-1.088
1457472,2194,2123,2100,-0.0286,-0.3664,1.1037,25.846,-3.620,-1.007
1457482,2297,2096,2096,-0.0215,-0.3595,1.1077,25.986,-3.303,-0.775
1457492,2263,2073,2106,-0.0156,-0.3516,1.1073,25.672,-2.749,-0.448
1457502,2224,2068,2070,-0.0097,-0.3423,1.1076,25.131,-2.041,-0.056
1457512,2248,2067,2116,-0.0066,-0.3323,1.1087,24.486,-1.248,0.387
1457522,2240,2068,2059,-0.0078,-0.3233,1.1077,23.658,-0.373,0.892
1457532,2140,2118,2112,-0.0098,-0.3122,1.1079,22.447,0.442,1.415
1457542,2484,2069,2043,-0.0129,-0.3006,1.1096,20.728,1.078,1.917
1457552,2297,2067,2152,-0.0161,-0.2889,1.1085,18.545,1.709,2.346
1457562,2130,2095,2056,-0.0210,-0.2772,1.1090,15.942,2.215,2.622
1457572,2235,2069,2089,-0.0248,-0.2679,1.1081,13.118,2.589,2.668
1457582,2373,2065,2060,-0.0281,-0.2642,1.1048,10.277,2.878,2.469
1457592,2255,2067,2080,-0.0305,-0.2651,1.1071,7.563,2.985,2.103
1457602,2300,2069,2061,-0.0330,-0.2672,1.1043,5.100,3.043,1.744
1457612,2229,2071,2075,-0.0337,-0.2718,1.1008,2.928,3.159,1.490
1457622,2338,2064,2075,-0.0326,-0.2779,1.1032,1.104,3.129,1.409
1457632,2190,2123,2073,-0.0321,-0.2821,1.0979,-0.283,3.211,1.522
1457642,2323,2081,2087,-0.0323,-0.2853,1.0959,-1.173,3.360,1.697
1457652,2338,2081,2109,-0.0310,-0.2895,1.0951,-1.616,3.363,1.743
1457662,2339,2081,2043,-0.0283,-0.2933,1.0938,-1.750,3.363,1.594
1457672,2316,2076,2063,-0.0244,-0.2981,1.0950,-1.568,3.292,1.307
1457682,2541,2154,2043,-0.0210,-0.3040,1.0964,-1.265,3.187,0.992
1457692,2293,2109,2046,-0.0191,-0.3089,1.0950,-0.875,3.196,0.748
1457702,2299,2172,2148,-0.0170,-0.3118,1.0948,-0.464,3.227,0.566
1457712,2359,2091,2066,-0.0157,-0.3163,1.0906,0.057,3.257,0.429
1457722,2349,2063,2036,-0.0145,-0.3192,1.0853,0.732,3.331,0.346
1457732,2265,2064,2038,-0.0143,-0.3194,1.0803,1.522,3.270,0.313
1457742,2455,2066,2040,-0.0141,-0.3193,1.0730,2.304,3.140,0.341
1457752,2223,2097,2053,-0.0155,-0.3177,1.0652,3.014,2.868,0.392
1457762,2311,2200,2077,-0.0173,-0.3131,1.0573,3.569,2.362,0.426
1457772,2314,2070,2038,-0.0185,-0.3094,1.0503,3.940,1.628,0.370
1457782,2323,2065,2040,-0.0182,-0.3079,1.0490,4.040,0.614,0.218
1457792,2224,2074,2038,-0.0163,-0.3075,1.0484,3.819,-0.479,0.037
1457802,2371,2078,2048,-0.0129,-0.3054,1.0483,3.265,-1.620,-0.092
1457812,2460,2117,2039,-0.0103,-0.3004,1.0480,2.523,-2.752,-0.198
1457822,2261,2139,2067,-0.0086,-0.2942,1.0479,1.802,-3.806,-0.361
1457832,2283,2064,2047,-0.0066,-0.2881,1.0510,1.263,-4.801,-0.655
1457842,2372,2104,2049,-0.0033,-0.2841,1.0592,0.936,-5.702,-1.049
1457852,2387,2099,2035,-0.0001,-0.2828,1.0735,0.657,-6.552,-1.484
1457862,2375,2134,2053,0.0037,-0.2807,1.0825,0.203,-7.108,-1.911
1457872,2270,2116,2045,0.0065,-0.2776,1.0884,-0.344,-7.445,-2.310
1457882,2379,2236,2035,0.0098,-0.2767,1.0963,-0.796,-7.790,-2.702
1457892,2097,2081,2034,0.0142,-0.2766,1.1087,-1.120,-8.143,-3.033
1457902,2273,2146,2070,0.0179,-0.2746,1.1182,-1.388,-8.209,-3.225
1457912,2099,2077,2033,0.0219,-0.2712,1.1342,-1.756,-8.127,-3.330
1457922,2073,2062,2087,0.0266,-0.2685,1.1552,-2.485,-7.941,-3.386
1457932,2201,2070,2157,0.0288,-0.2668,1.1721,-3.689,-7.311,-3.423
1457942,2195,2289,2092,0.0297,-0.2668,1.1875,-5.451,-6.340,-3.442
1457952,2180,2071,2063,0.0291,-0.2704,1.2100,-7.676,-5.258,-3.459
1457962,2129,2119,2161,0.0268,-0.2726,1.2286,-10.300,-3.968,-3.351
1457972,2115,2064,2072,0.0242,-0.2754,1.2403,-13.221,-2.348,-3.039
1457982,2312,2118,2133,0.0207,-0.2800,1.2572,-16.375,-0.704,-2.515
1457992,2204,2170,2061,0.0159,-0.2893,1.2752,-19.859,1.073,-1.786
1458002,2098,2119,2148,0.0089,-0.2966,1.2885,-23.668,3.158,-0.820
1458012,2170,2101,2131,-0.0055,-0.3011,1.2972,-27.834,5.427,0.268
1458022,2056,2071,2246,-0.0177,-0.3081,1.3120,-32.228,7.649,1.274
1458032,2141,2061,2186,-0.0298,-0.3236,1.3236,-36.738,10.066,2.030
1458042,2127,2061,2197,-0.0440,-0.3420,1.3331,-41.255,12.722,2.729
1458052,2026,2078,2132,-0.0577,-0.3619,1.3363,-45.598,15.574,3.655
1458062,1996,2080,2135,-0.0762,-0.3830,1.3409,-49.675,18.401,4.961
1458072,2171,2115,2048,-0.0945,-0.4066,1.3258,-52.959,21.841,6.588
1458082,2194,2060,2090,-0.1137,-0.4267,1.3204,-55.394,24.974,8.530
1458092,2230,2080,2104,-0.1354,-0.4502,1.3036,-56.702,28.135,10.615
1458102,2059,2063,2117,-0.1547,-0.4769,1.2911,-56.863,31.066,12.785
1458112,1999,2105,2028,-0.1724,-0.5037,1.2788,-55.729,33.707,15.135
1458122,2177,2119,2112,-0.1889,-0.5269,1.2616,-53.361,36.299,17.648
1458132,2082,2064,2027,-0.2026,-0.5485,1.2426,-49.786,38.719,20.235
1458142,2138,2061,2084,-0.2135,-0.5709,1.2227,-44.904,41.099,22.828
1458152,2156,2061,2031,-0.2271,-0.5880,1.2024,-38.829,43.315,25.506
1458162,1983,2090,2071,-0.2386,-0.6028,1.1800,-31.646,45.397,28.197
1458172,2090,2063,2101,-0.2468,-0.6158,1.1543,-23.575,47.240,30.807
1458182,2137,2139,2093,-0.2560,-0.6238,1.1299,-14.843,48.718,33.328
1458192,2013,2123,2032,-0.2632,-0.6241,1.0980,-5.641,49.854,35.772
1458202,2032,2066,2100,-0.2680,-0.6250,1.0781,3.796,50.452,38.080
1458212,1985,2057,2030,-0.2729,-0.6275,1.0522,12.786,50.582,40.269
1458222,1985,2116,2067,-0.2782,-0.6240,1.0295,21.437,50.464,42.502
1458232,2008,2061,2030,-0.2808,-0.6167,1.0101,29.311,49.752,44.994
1458242,2008,2061,2064,-0.2879,-0.6032,0.9847,36.619,48.857,47.757
1458252,1993,2064,2026,-0.2953,-0.5892,0.9565,43.128,47.459,50.717
1458262,2016,2074,2239,-0.3011,-0.5742,0.9295,48.848,45.373,53.804
1458272,2166,2068,2029,-0.3062,-0.5557,0.9084,53.692,42.473,56.932
1458282,2238,2072,2059,-0.3101,-0.5321,0.8945,57.380,38.744,59.965
1458292,2137,2094,2031,-0.3119,-0.5044,0.8819,60.177,34.603,62.812
1458302,2078,2062,2032,-0.3100,-0.4699,0.8817,61.987,29.991,65.382
1458312,2203,2058,2065,-0.3080,-0.4350,0.8882,62.862,25.139,67.645
1458322,2175,2081,2058,-0.3043,-0.4005,0.8955,62.871,20.556,69.554
1458332,2277,2063,2032,-0.3012,-0.3746,0.8985,62.053,16.315,71.193
1458342,2095,2161,2036,-0.2978,-0.3560,0.8883,60.678,12.534,72.759
1458352,1998,2063,2098,-0.2971,-0.3421,0.8728,58.727,8.856,74.467
1458362,2101,2070,2116,-0.2982,-0.3330,0.8483,56.256,4.800,76.318
1458372,2129,2060,2161,-0.3025,-0.3188,0.8039,53.643,0.227,78.158
1458382,2005,2125,2081,-0.3076,-0.2974,0.7567,52.016,-5.197,79.883
1458392,2008,2084,2065,-0.3077,-0.2823,0.7492,51.043,-12.354,80.973
1458402,1986,2090,2429,-0.3014,-0.2663,0.7568,50.235,-20.525,81.273
1458412,2207,2063,2287,-0.2916,-0.2421,0.7546,49.904,-28.058,80.953
1458422,2246,2064,2153,-0.2775,-0.2041,0.7773,49.599,-35.593,80.112
1458432,2050,2062,2048,-0.2642,-0.1643,0.7908,49.132,-42.654,78.496
1458442,2278,2175,2063,-0.2548,-0.1391,0.7572,49.098,-47.993,75.777
1458452,2525,2519,2075,-0.2459,-0.1447,0.6975,49.709,-52.821,72.125
1458462,2413,2137,2372,-0.2504,-0.1643,0.6274,51.305,-58.599,68.322
1458472,2495,2248,2354,-0.2492,-0.1947,0.5708,55.448,-65.633,65.277
1458482,2494,2081,2821,-0.2451,-0.2412,0.5398,60.802,-74.370,63.063
1458492,2361,2437,2932,-0.2179,-0.2468,0.5405,67.665,-84.243,62.641
1458502,2210,2323,2272,-0.1789,-0.1962,0.5898,74.722,-94.497,63.924
1458512,2386,2278,3942,-0.1428,-0.1121,0.6699,81.269,-103.719,65.550
1458522,2686,2502,2660,-0.1181,-0.0193,0.7199,86.711,-109.941,66.229
1458532,2466,2197,2531,-0.1066,0.0595,0.7353,90.759,-113.562,65.316
1458542,2373,2258,2020,-0.0839,0.1036,0.7565,92.490,-117.264,63.021
1458552,2176,2141,2357,-0.0588,0.1186,0.7835,91.817,-121.159,60.085
1458562,2575,2270,2102,-0.0266,0.1148,0.8291,88.907,-125.215,57.972
1458572,2140,2149,2016,0.0082,0.1188,0.8452,82.768,-128.593,56.959
1458582,2403,2150,2463,0.0464,0.1427,0.8396,75.815,-131.095,57.338
1458592,2134,2139,4057,0.0882,0.1783,0.8917,68.143,-134.851,58.004
1458602,2373,2243,3138,0.1245,0.2142,0.9441,60.686,-138.102,57.404
1458612,2801,2184,1985,0.1572,0.2270,0.9836,54.049,-139.301,55.134
1458622,2225,2165,2014,0.1836,0.2380,1.0019,47.762,-138.247,52.088
1458632,2107,2314,2141,0.2169,0.2430,1.0237,42.105,-137.162,49.278
1458642,2504,2080,2172,0.2556,0.2360,1.0449,37.325,-136.103,46.305
1458652,2317,2149,2331,0.2911,0.2305,1.0723,34.418,-134.297,43.328
1458662,2828,2131,2345,0.3212,0.2311,1.1064,33.144,-131.894,40.331
1458672,2675,2080,1980,0.3480,0.2325,1.1349,32.840,-128.328,37.002
1458682,2054,2089,2552,0.3719,0.2335,1.1730,32.694,-124.335,33.444
1458692,2068,2115,1905,0.3904,0.2274,1.1885,32.480,-119.344,29.960
1458702,2825,2076,1931,0.4076,0.2193,1.1903,31.989,-113.640,26.718
1458712,2002,2215,1917,0.4278,0.2083,1.1895,31.418,-108.023,23.876
1458722,2617,2252,2126,0.4436,0.1896,1.1823,30.458,-102.490,21.521
1458732,2439,2067,1813,0.4573,0.1749,1.1739,29.046,-97.142,19.890
1458742,2338,2072,2119,0.4686,0.1603,1.1733,27.262,-92.291,18.660
1458752,4095,2134,2319,0.4759,0.1524,1.1711,24.942,-87.646,17.821
1458762,2602,2072,2546,0.4838,0.1488,1.1693,22.927,-83.148,17.339
1458772,1984,2135,2104,0.4891,0.1496,1.1751,21.771,-78.625,16.995
1458782,2059,2161,1816,0.4931,0.1490,1.1779,21.733,-73.991,16.477
1458792,1975,2069,2484,0.4941,0.1504,1.1669,22.990,-68.817,15.814
1458802,2203,2388,2277,0.4959,0.1570,1.1600,25.136,-63.853,15.158
1458812,2973,2074,2216,0.5008,0.1625,1.1525,27.267,-59.320,14.538
1458822,2129,2073,2268,0.5046,0.1704,1.1433,28.857,-55.016,14.098
1458832,2263,2098,2769,0.5061,0.1792,1.1401,29.409,-51.188,13.871
1458842,2127,2066,2336,0.5084,0.1862,1.1290,29.021,-47.649,13.736
1458852,2119,2090,1815,0.5069,0.1959,1.1200,28.293,-44.320,13.780
1458862,2801,2536,3028,0.5066,0.2054,1.1219,27.264,-41.557,13.903
1458872,2409,2082,3628,0.5048,0.2133,1.1114,26.220,-38.678,13.819
1458882,2125,2298,1820,0.5008,0.2256,1.0981,25.694,-35.655,13.580
1458892,2986,2091,1998,0.4999,0.2384,1.0985,25.057,-33.209,13.145
1458902,1989,2279,1812,0.4982,0.2452,1.0839,24.187,-30.656,12.457
1458912,2015,2077,1924,0.4973,0.2532,1.0696,23.123,-28.049,11.816
1458922,2116,2245,1830,0.4986,0.2526,1.0645,21.264,-26.103,11.201
1458932,3544,2128,1940,0.4969,0.2520,1.0513,18.977,-24.200,10.620
1458942,2643,2242,1886,0.4950,0.2516,1.0417,16.876,-22.442,10.133
1458952,3553,2503,1966,0.4928,0.2538,1.0413,15.130,-21.041,9.494
1458962,2034,2117,1828,0.4923,0.2540,1.0351,14.163,-19.482,8.578
1458972,2634,2063,1899,0.4917,0.2540,1.0324,13.883,-17.852,7.510
1458982,2944,2091,2190,0.4924,0.2542,1.0262,14.139,-16.162,6.390
1458992,2908,2287,1988,0.4935,0.2555,1.0138,14.704,-14.347,5.251
1459002,2062,2109,2109,0.4945,0.2598,1.0084,15.262,-12.749,4.152
1459012,2733,2077,1818,0.4956,0.2632,1.0019,15.551,-11.379,3.059
1459022,2263,2064,2043,0.4969,0.2640,0.9959,15.358,-10.172,2.039
1459032,2384,2137,2707,0.4977,0.2650,0.9916,14.530,-9.268,1.289
1459042,2425,2186,2165,0.4996,0.2678,0.9955,13.214,-8.661,0.813
1459052,2376,2073,2117,0.5010,0.2674,1.0009,11.374,-8.203,0.426
1459062,2388,2218,1888,0.5012,0.2653,0.9971,9.338,-7.484,0.060
1459072,2364,2232,1869,0.5023,0.2595,0.9968,7.230,-6.827,-0.179
1459082,2536,2369,2262,0.5015,0.2527,0.9971,5.128,-6.301,-0.341
1459092,1980,2102,1952,0.4990,0.2488,0.9902,3.502,-5.632,-0.488
1459102,2143,2087,1895,0.4980,0.2466,0.9860,2.520,-5.040,-0.737
1459112,2602,2199,1815,0.4974,0.2448,0.9872,2.018,-4.700,-1.050
1459122,2732,2069,1883,0.4971,0.2446,0.9873,1.875,-4.343,-1.288
1459132,2004,2071,2103,0.4964,0.2459,0.9849,1.706,-4.014,-1.369
1459142,2374,2183,2101,0.4956,0.2472,0.9885,1.133,-4.008,-1.263
1459152,2516,2090,1815,0.4938,0.2464,0.9893,-0.031,-4.105,-1.096
1459162,1988,2069,1867,0.4925,0.2467,0.9884,-1.313,-4.160,-0.892
1459172,2025,2132,1827,0.4914,0.2471,0.9907,-2.588,-4.434,-0.750
1459182,2184,2091,1866,0.4904,0.2437,0.9919,-3.537,-4.642,-0.750
1459192,2200,2169,1859,0.4909,0.2409,0.9910,-3.908,-4.669,-0.827
1459202,2029,2146,1909,0.4913,0.2449,0.9984,-3.639,-4.704,-0.931
1459212,2086,2079,1990,0.4931,0.2470,1.0049,-3.034,-4.680,-1.167
1459222,2713,2145,1925,0.4939,0.2508,1.0047,-2.391,-4.365,-1.453
1459232,2619,2063,1905,0.4944,0.2528,1.0055,-2.120,-4.099,-1.648
1459242,1988,2137,1825,0.4938,0.2537,1.0059,-2.567,-3.969,-1.781
1459252,3261,2488,2083,0.4926,0.2549,1.0063,-3.596,-3.892,-1.896
1459262,2005,2119,1967,0.4942,0.2534,1.0077,-4.938,-3.932,-2.070
1459272,2753,2236,2209,0.4970,0.2474,1.0102,-6.275,-3.946,-2.250
1459282,2189,2118,1833,0.5012,0.2412,1.0138,-7.383,-3.815,-2.339
1459292,2091,2149,1848,0.5038,0.2361,1.0174,-8.151,-3.488,-2.318
1459302,2272,2162,1942,0.5063,0.2308,1.0202,-8.448,-2.959,-2.276
1459312,3156,2221,1820,0.5077,0.2247,1.0220,-8.361,-2.303,-2.317
1459322,3299,2462,1939,0.5073,0.2223,1.0209,-7.735,-1.480,-2.411
1459332,2273,2128,1869,0.5066,0.2217,1.0201,-6.770,-0.614,-2.581
1459342,2701,2141,1948,0.5051,0.2207,1.0182,-5.757,0.283,-2.808
1459352,1999,2123,1929,0.5035,0.2222,1.0185,-4.785,1.108,-2.987
1459362,2065,2097,1839,0.5013,0.2253,1.0169,-4.027,1.888,-3.127
1459372,2331,2101,2090,0.4989,0.2237,1.0099,-3.560,2.682,-3.257
1459382,2104,2084,1882,0.4981,0.2216,1.0088,-3.467,3.181,-3.253
1459392,2477,2076,1982,0.4960,0.2205,1.0059,-3.757,3.471,-3.100
1459402,2704,2099,1833,0.4930,0.2198,1.0019,-4.135,3.730,-2.787
1459412,2414,2104,1842,0.4897,0.2184,1.0008,-4.695,3.728,-2.445
1459422,2125,2072,1953,0.4883,0.2139,0.9949,-5.164,3.647,-2.164
1459432,3490,2200,1953,0.4855,0.2117,0.9934,-5.381,3.475,-1.943
1459442,1986,2063,1883,0.4833,0.2116,0.9953,-5.176,3.162,-1.713
1459452,2067,2067,1826,0.4826,0.2115,0.9904,-4.541,3.026,-1.583
1459462,2183,2264,1930,0.4834,0.2126,0.9915,-3.695,2.832,-1.440
1459472,1988,2065,1884,0.4837,0.2161,0.9982,-2.988,2.466,-1.251
1459482,2060,2248,1826,0.4836,0.2177,0.9963,-2.478,2.340,-1.081
1459492,2110,2140,1953,0.4836,0.2193,0.9984,-2.380,2.198,-0.916
1459502,2189,2200,2306,0.4836,0.2191,1.0004,-2.644,1.931,-0.765
1459512,2549,2113,1824,0.4837,0.2184,0.9983,-2.832,1.854,-0.685
1459522,2016,2092,2106,0.4845,0.2174,1.0016,-2.886,1.731,-0.666
1459532,2256,2175,2352,0.4846,0.2195,1.0055,-2.719,1.698,-0.667
1459542,2263,2062,1921,0.4851,0.2200,1.0075,-2.301,1.886,-0.711
1459552,3101,2149,1830,0.4854,0.2217,1.0098,-1.857,2.100,-0.781
1459562,2224,2077,1837,0.4849,0.2221,1.0097,-1.501,2.375,-0.903
1459572,2889,2094,1994,0.4829,0.2225,1.0090,-1.238,2.690,-1.085
1459582,2148,2131,1938,0.4817,0.2227,1.0084,-0.976,2.940,-1.293
1459592,3036,2123,2026,0.4820,0.2247,1.0086,-0.673,3.116,-1.440
1459602,2178,2094,1853,0.4815,0.2247,1.0079,-0.391,3.247,-1.558
1459612,3361,2338,1927,0.4798,0.2253,1.0057,-0.182,3.360,-1.671
1459622,1962,2146,1940,0.4793,0.2272,1.0036,-0.026,3.447,-1.804
1459632,2278,2206,1921,0.4780,0.2303,1.0052,-0.009,3.483,-2.037
1459642,2094,2076,1839,0.4761,0.2313,1.0059,0.012,3.569,-2.355
1459652,2841,2070,1982,0.4752,0.2326,1.0069,0.036,3.672,-2.666
1459662,2327,2455,1981,0.4753,0.2322,1.0107,0.015,3.723,-2.922
1459672,2069,2111,1839,0.4754,0.2322,1.0127,-0.070,3.823,-3.139
1459682,2166,2074,1855,0.4752,0.2371,1.0183,-0.226,3.993,-3.320
1459692,2310,2270,1926,0.4754,0.2382,1.0227,-0.633,4.184,-3.554
1459702,2041,2067,1873,0.4752,0.2386,1.0262,-1.333,4.507,-3.750
1459712,2096,2071,1880,0.4755,0.2378,1.0281,-2.374,4.836,-3.835
1459722,2350,2119,1873,0.4740,0.2381,1.0293,-3.673,5.225,-3.839
1459732,2027,2064,1829,0.4736,0.2381,1.0355,-5.149,5.639,-3.832
1459742,2979,2143,1901,0.4730,0.2354,1.0393,-6.626,6.143,-3.903
1459752,2132,2138,2432,0.4738,0.2304,1.0409,-8.075,6.833,-4.071
1459762,2807,2269,1914,0.4725,0.2237,1.0416,-9.317,7.535,-4.246
1459772,2573,2077,1878,0.4698,0.2202,1.0392,-10.126,8.333,-4.375
1459782,2553,2308,1881,0.4680,0.2157,1.0363,-10.448,9.094,-4.484
1459792,2836,2306,2518,0.4632,0.2103,1.0313,-10.425,9.783,-4.608
1459802,2174,2064,1858,0.4585,0.2075,1.0337,-10.098,10.274,-4.682
1459812,2046,2095,2014,0.4540,0.2059,1.0322,-9.598,10.728,-4.714
1459822,2894,2455,1847,0.4492,0.2075,1.0348,-9.038,11.070,-4.649
1459832,2020,2063,1834,0.4444,0.2091,1.0381,-8.596,11.189,-4.524
1459842,2844,2357,1955,0.4397,0.2074,1.0354,-8.268,11.390,-4.393
1459852,1985,2268,1844,0.4355,0.2062,1.0321,-8.110,11.438,-4.278
1459862,2009,2151,1846,0.4325,0.2052,1.0286,-7.899,11.276,-4.152
1459872,2246,2062,1898,0.4275,0.2046,1.0262,-7.735,10.981,-4.044
1459882,1966,2240,1843,0.4216,0.2039,1.0249,-7.648,10.581,-3.910
1459892,2198,2160,2097,0.4178,0.2030,1.0270,-7.600,10.058,-3.754
1459902,2015,2407,1850,0.4171,0.2013,1.0311,-7.597,9.436,-3.577
1459912,2068,2113,1841,0.4171,0.2020,1.0359,-7.564,8.864,-3.323
1459922,2881,2085,1933,0.4204,0.2021,1.0440,-7.464,8.371,-3.086
1459932,2035,2379,1879,0.4223,0.1999,1.0509,-7.320,8.160,-2.995
1459942,1960,2093,1837,0.4236,0.1986,1.0568,-7.099,8.273,-3.042
1459952,2046,2083,1865,0.4257,0.1952,1.0608,-6.679,8.708,-3.197
1459962,2000,2061,1840,0.4272,0.1929,1.0649,-6.125,9.336,-3.409
1459972,1954,2073,1914,0.4299,0.1908,1.0698,-5.476,10.107,-3.564
1459982,2022,2094,1839,0.4309,0.1930,1.0760,-4.844,11.027,-3.612
1459992,2214,2080,1840,0.4301,0.1964,1.0822,-4.444,12.094,-3.592
1460002,1952,2099,1914,0.4314,0.2008,1.0895,-4.434,13.277,-3.583
1460012,1954,2071,1860,0.4351,0.2043,1.0970,-4.824,14.608,-3.606
1460022,2067,2128,1873,0.4411,0.2077,1.1049,-5.605,16.145,-3.639
1460032,2313,2067,1844,0.4474,0.2150,1.1173,-6.651,17.975,-3.690
1460042,2094,2081,1843,0.4513,0.2176,1.1278,-8.045,20.316,-3.962
1460052,1952,2088,1862,0.4516,0.2231,1.1387,-9.553,23.229,-4.490
1460062,1960,2139,1855,0.4530,0.2298,1.1454,-10.823,26.571,-5.276
1460072,1958,2086,1839,0.4550,0.2345,1.1491,-11.668,30.300,-6.384
1460082,2021,2194,2089,0.4550,0.2396,1.1515,-11.946,34.405,-7.784
1460092,2128,2125,1846,0.4544,0.2425,1.1500,-11.699,39.009,-9.401
1460102,1955,2081,1870,0.4483,0.2481,1.1545,-11.310,43.875,-11.185
1460112,2006,2065,1856,0.4357,0.2585,1.1528,-11.719,50.221,-13.838
1460122,2018,2120,1864,0.4248,0.2632,1.1481,-12.707,56.354,-16.742
1460132,2369,2176,1874,0.4114,0.2675,1.1438,-14.220,62.238,-19.768
1460142,2035,2126,1883,0.3998,0.2687,1.1446,-16.248,67.652,-22.881
1460152,2062,2246,1867,0.3894,0.2655,1.1447,-18.598,72.910,-26.093
1460162,2028,2065,1841,0.3766,0.2584,1.1390,-21.250,78.089,-29.323
1460172,1998,2065,1877,0.3572,0.2497,1.1206,-24.118,83.250,-32.526
1460182,2023,2155,1861,0.3432,0.2357,1.1007,-27.057,87.938,-35.703
1460192,2008,2138,1844,0.3232,0.2139,1.0779,-29.735,92.163,-38.875
1460202,1985,2127,1859,0.3023,0.1881,1.0551,-32.118,95.911,-41.826
1460212,2072,2061,1853,0.2844,0.1663,1.0345,-34.422,99.151,-44.383
1460222,2036,2060,1863,0.2591,0.1380,1.0107,-36.737,101.935,-46.442
1460232,2049,2060,1841,0.2372,0.1185,0.9964,-39.298,103.957,-47.784
1460242,1995,2061,1857,0.2148,0.0944,0.9819,-42.204,105.279,-48.565
1460252,2370,2091,1862,0.1959,0.0824,0.9884,-45.482,105.761,-48.894
1460262,2069,2064,1842,0.1793,0.0699,0.9941,-49.183,105.689,-48.873
1460272,1993,2123,1850,0.1626,0.0711,1.0009,-52.973,105.771,-48.524
1460282,2483,2079,1876,0.1519,0.0653,1.0116,-56.629,105.630,-47.974
1460292,1951,2055,1857,0.1396,0.0694,1.0181,-60.086,105.625,-47.245
1460302,2156,2064,1872,0.1156,0.0654,0.9927,-63.202,106.540,-46.564
1460312,2085,2057,1849,0.0910,0.0570,0.9781,-65.799,107.179,-46.439
1460322,2041,2083,1871,0.0676,0.0361,0.9476,-67.838,107.069,-47.075
1460332,2211,2101,1849,0.0394,0.0173,0.9090,-68.609,106.740,-48.270
1460342,1959,2071,1857,0.0160,-0.0135,0.8846,-67.856,105.090,-49.619
1460352,1975,2062,1841,-0.0126,-0.0322,0.8655,-65.890,102.211,-50.953
1460362,2002,2062,2004,-0.0382,-0.0512,0.8512,-62.622,98.432,-51.932
1460372,2037,2083,1867,-0.0617,-0.0590,0.8503,-58.805,93.662,-52.482
1460382,1987,2066,1843,-0.0847,-0.0652,0.8515,-54.288,88.497,-52.666
1460392,2050,2114,1866,-0.1093,-0.0643,0.8558,-49.461,83.214,-52.597
1460402,2188,2078,1853,-0.1372,-0.0641,0.8562,-44.570,77.893,-52.403
1460412,1948,2064,1854,-0.1658,-0.0609,0.8539,-39.785,72.406,-52.286
1460422,1951,2086,1856,-0.1936,-0.0618,0.8439,-35.451,66.438,-52.439
1460432,1965,2093,1849,-0.2214,-0.0683,0.8369,-31.507,59.715,-52.935
1460442,1954,2060,1861,-0.2431,-0.0802,0.8358,-27.827,51.983,-53.520
1460452,1970,2059,1868,-0.2589,-0.0881,0.8429,-24.304,43.359,-53.796
1460462,2083,2085,1870,-0.2685,-0.0915,0.8576,-20.995,34.337,-53.477
1460472,1956,2063,1850,-0.2699,-0.0874,0.8797,-18.265,25.184,-52.418
1460482,1959,2100,1877,-0.2682,-0.0784,0.9143,-16.457,16.333,-50.710
1460492,2006,2142,1880,-0.2653,-0.0642,0.9339,-15.397,8.190,-48.402
1460502,2381,2086,1869,-0.2609,-0.0563,0.9609,-15.292,0.750,-46.202
1460512,1988,2068,1851,-0.2539,-0.0566,0.9919,-16.265,-6.389,-44.400
1460522,2159,2061,1846,-0.2447,-0.0621,1.0168,-18.327,-12.862,-42.972
1460532,2190,2062,1874,-0.2327,-0.0700,1.0485,-21.363,-19.196,-41.777
1460542,1985,2083,1901,-0.2176,-0.0784,1.0813,-24.934,-25.050,-40.724
1460552,2023,2114,1848,-0.1983,-0.0888,1.1161,-28.696,-30.155,-39.766
1460562,2338,2112,1877,-0.1804,-0.1007,1.1439,-32.348,-34.238,-38.721
1460572,2245,2106,1887,-0.1601,-0.1130,1.1614,-35.517,-37.137,-37.540
1460582,2201,2113,1850,-0.1405,-0.1254,1.1834,-37.918,-39.312,-36.278
1460592,2106,2077,1865,-0.1266,-0.1362,1.1969,-39.338,-40.548,-34.810
1460602,1946,2070,1982,-0.1191,-0.1388,1.2010,-39.884,-40.873,-33.306
1460612,2013,2081,1940,-0.1131,-0.1438,1.2093,-39.874,-40.975,-32.242
1460622,2217,2126,2026,-0.1052,-0.1555,1.2181,-39.714,-40.836,-31.942
1460632,2013,2053,1877,-0.0951,-0.1555,1.2056,-39.375,-40.279,-32.225
1460642,2160,2055,1862,-0.0902,-0.1629,1.2176,-37.816,-39.041,-32.913
1460652,1949,2057,1853,-0.0796,-0.1655,1.2296,-36.767,-38.498,-33.990
1460662,2053,2063,1847,-0.0685,-0.1663,1.2212,-35.788,-36.489,-35.575
1460672,2315,2096,1869,-0.0567,-0.1737,1.2323,-34.908,-35.017,-37.414
1460682,2056,2084,1893,-0.0515,-0.1823,1.2187,-33.461,-32.792,-38.915
1460692,2025,2064,1877,-0.0472,-0.1916,1.2264,-31.980,-31.054,-39.845
1460702,1977,2061,1872,-0.0490,-0.2017,1.2203,-30.689,-29.225,-40.305
1460712,1966,2055,1884,-0.0478,-0.2154,1.2293,-29.793,-27.514,-40.412
1460722,2140,2078,1851,-0.0458,-0.2238,1.2252,-29.465,-26.130,-40.004
1460732,1994,2058,1885,-0.0438,-0.2279,1.2093,-29.466,-24.393,-39.216
1460742,1950,2064,1867,-0.0418,-0.2289,1.2059,-29.630,-23.216,-38.354
1460752,1983,2058,1868,-0.0410,-0.2299,1.1943,-29.529,-21.892,-37.737
1460762,2090,2071,1858,-0.0374,-0.2335,1.1905,-29.183,-20.789,-37.513
1460772,1950,2094,1851,-0.0343,-0.2391,1.1797,-28.681,-19.768,-37.639
1460782,1940,2088,1849,-0.0298,-0.2473,1.1787,-28.199,-19.001,-37.971
1460792,2170,2072,1870,-0.0247,-0.2570,1.1787,-27.980,-18.437,-38.343
1460802,1978,2071,1849,-0.0180,-0.2708,1.1761,-28.026,-17.784,-38.569
1460812,1948,2060,1865,-0.0115,-0.2817,1.1726,-28.250,-17.349,-38.425
1460822,1953,2063,1851,-0.0083,-0.2902,1.1610,-28.357,-16.869,-37.851
1460832,1968,2070,1866,-0.0051,-0.2969,1.1501,-28.231,-16.474,-37.066
1460842,2027,2095,1861,-0.0018,-0.3045,1.1418,-27.866,-16.356,-36.250
1460852,1962,2058,1857,0.0048,-0.3170,1.1325,-27.257,-16.247,-35.459
1460862,1964,2061,1883,0.0149,-0.3283,1.1274,-26.590,-16.414,-34.639
1460872,1956,2060,1862,0.0255,-0.3401,1.1207,-25.839,-16.687,-33.662
1460882,2157,2087,1876,0.0343,-0.3473,1.1194,-25.014,-17.044,-32.449
1460892,1975,2156,1853,0.0423,-0.3524,1.1207,-23.902,-17.427,-30.993
1460902,2009,2103,1893,0.0505,-0.3600,1.1213,-22.597,-17.651,-29.323
1460912,1945,2078,1862,0.0557,-0.3659,1.1171,-21.296,-17.703,-27.360
1460922,1970,2164,1915,0.0583,-0.3684,1.1119,-20.042,-17.773,-25.139
1460932,2030,2090,1866,0.0602,-0.3681,1.1097,-18.929,-17.940,-22.828
1460942,2071,2051,1891,0.0620,-0.3663,1.1066,-18.023,-18.110,-20.638
1460952,2053,2076,1853,0.0634,-0.3635,1.1007,-17.389,-18.260,-18.654
1460962,2008,2098,1904,0.0656,-0.3608,1.0998,-16.808,-18.507,-16.922
1460972,1941,2053,1885,0.0704,-0.3609,1.1022,-16.323,-18.840,-15.473
1460982,2056,2082,1920,0.0744,-0.3621,1.1054,-15.720,-18.930,-14.232
1460992,1984,2050,1880,0.0795,-0.3621,1.1056,-15.079,-18.872,-13.105
1461002,1941,2050,1891,0.0859,-0.3635,1.1260,-14.202,-18.666,-12.079
1461012,1956,2053,1876,0.0941,-0.3660,1.1574,-13.696,-18.449,-11.045
1461022,1937,2062,1929,0.1004,-0.3698,1.1750,-13.800,-17.090,-9.900
1461032,1945,2068,1916,0.1014,-0.3708,1.1933,-14.655,-15.365,-8.632
1461042,1956,2054,1874,0.0986,-0.3697,1.1974,-15.902,-13.317,-7.466
1461052,1967,2053,1888,0.0941,-0.3702,1.1933,-17.024,-11.050,-6.621
1461062,2000,2098,1935,0.0922,-0.3700,1.1856,-17.432,-8.944,-6.070
1461072,1937,2200,1936,0.0893,-0.3676,1.1758,-16.902,-6.918,-5.698
1461082,1943,2110,1930,0.0876,-0.3689,1.1673,-15.696,-5.198,-5.449
1461092,1949,2062,1883,0.0858,-0.3693,1.1582,-13.993,-3.598,-5.222
1461102,1941,2075,1917,0.0824,-0.3706,1.1498,-12.248,-2.047,-4.968
1461112,1949,2063,1876,0.0782,-0.3704,1.1390,-10.485,-0.666,-4.637
1461122,2052,2074,1906,0.0760,-0.3712,1.1272,-8.648,0.420,-4.258
1461132,2020,2164,1920,0.0740,-0.3709,1.1176,-6.705,1.178,-3.849
1461142,1987,2145,1958,0.0752,-0.3723,1.1083,-4.785,1.550,-3.427
1461152,1951,2048,1872,0.0767,-0.3738,1.0992,-3.068,1.700,-2.989
1461162,1937,2081,1939,0.0800,-0.3750,1.0979,-1.620,1.477,-2.501
1461172,1939,2056,1878,0.0830,-0.3735,1.0969,-0.530,1.104,-1.966
1461182,1942,2096,1912,0.0878,-0.3714,1.0969,0.233,0.789,-1.394
1461192,1949,2057,1888,0.0919,-0.3692,1.0973,0.677,0.470,-0.810
1461202,1948,2093,1915,0.0945,-0.3663,1.0974,0.813,0.295,-0.231
1461212,2033,2044,1879,0.0962,-0.3640,1.0960,0.757,0.272,0.322
1461222,1935,2101,1935,0.0964,-0.3629,1.0905,0.710,0.452,0.737
1461232,2089,2045,1910,0.0960,-0.3617,1.0864,0.834,0.624,0.983
1461242,1957,2063,1891,0.0965,-0.3607,1.0834,1.235,0.758,1.091
1461252,1934,2064,1895,0.0979,-0.3595,1.0816,1.838,0.824,1.100
1461262,1956,2054,1906,0.0978,-0.3588,1.0782,2.537,0.983,1.059
1461272,1958,2062,1905,0.0982,-0.3584,1.0770,3.250,1.121,1.001
1461282,1942,2086,1937,0.0973,-0.3574,1.0769,3.932,1.226,0.934
1461292,1969,2062,1911,0.0966,-0.3564,1.0754,4.583,1.398,0.892
1461302,1966,2084,1949,0.0956,-0.3548,1.0750,5.187,1.529,0.866
1461312,1933,2042,1886,0.0938,-0.3526,1.0762,5.715,1.639,0.852
1461322,1960,2046,1936,0.0923,-0.3503,1.0777,6.138,1.722,0.840
1461332,2003,2089,1935,0.0903,-0.3487,1.0762,6.462,1.899,0.819
1461342,2035,2078,1922,0.0885,-0.3476,1.0751,6.685,2.075,0.769
1461352,1935,2079,1900,0.0860,-0.3453,1.0740,6.859,2.220,0.701
1461362,1943,2097,1933,0.0840,-0.3430,1.0746,7.002,2.292,0.642
1461372,1981,2061,1902,0.0829,-0.3419,1.0745,7.104,2.303,0.654
1461382,1934,2102,1956,0.0817,-0.3418,1.0749,7.116,2.339,0.751
1461392,2102,2049,1922,0.0805,-0.3403,1.0748,7.000,2.262,0.904
1461402,1939,2078,1949,0.0789,-0.3388,1.0761,6.748,2.140,1.090
1461412,1985,2053,1893,0.0766,-0.3359,1.0781,6.336,1.990,1.272
1461422,1932,2134,1954,0.0754,-0.3326,1.0787,5.786,1.843,1.413
1461432,1945,2128,1902,0.0741,-0.3295,1.0796,5.068,1.644,1.481
1461442,1936,2111,1942,0.0722,-0.3269,1.0811,4.194,1.431,1.492
1461452,1975,2044,1904,0.0711,-0.3255,1.0822,3.202,1.162,1.433
1461462,1931,2074,1937,0.0718,-0.3251,1.0845,2.110,0.922,1.359
1461472,1958,2042,1889,0.0711,-0.3257,1.0824,0.966,0.749,1.345
1461482,2063,2047,1924,0.0707,-0.3259,1.0811,-0.193,0.604,1.357
1461492,1944,2071,1909,0.0702,-0.3265,1.0805,-1.370,0.458,1.359
1461502,1938,2061,1926,0.0702,-0.3289,1.0812,-2.453,0.304,1.316
1461512,1984,2044,1892,0.0699,-0.3313,1.0809,-3.383,0.137,1.242
1461522,1933,2091,1934,0.0708,-0.3347,1.0806,-4.070,-0.024,1.145
1461532,1973,2117,1906,0.0731,-0.3372,1.0823,-4.545,-0.215,1.009
1461542,1986,2076,1914,0.0749,-0.3397,1.0801,-4.751,-0.264,0.885
1461552,1964,2040,1891,0.0763,-0.3416,1.0829,-4.655,-0.292,0.781
1461562,1948,2080,1922,0.0773,-0.3441,1.0838,-4.366,-0.253,0.700
1461572,1957,2048,1892,0.0775,-0.3464,1.0838,-4.013,-0.045,0.630
1461582,1932,2063,1917,0.0780,-0.3483,1.0850,-3.650,0.107,0.564
1461592,2076,2048,1900,0.0777,-0.3499,1.0833,-3.287,0.268,0.475
1461602,1954,2058,1926,0.0775,-0.3488,1.0826,-2.715,0.476,0.388
1461612,2028,2038,1880,0.0764,-0.3472,1.0832,-2.123,0.669,0.309
1461622,1929,2039,1933,0.0751,-0.3459,1.0830,-1.565,0.843,0.215
1461632,1989,2063,1904,0.0740,-0.3444,1.0827,-1.103,0.975,0.129
1461642,1962,2064,1938,0.0743,-0.3445,1.0845,-0.805,1.048,0.068
1461652,2004,2043,1877,0.0740,-0.3445,1.0842,-0.689,1.141,0.027
1461662,1937,2054,1909,0.0739,-0.3424,1.0848,-0.696,1.240,0.016
1461672,1980,2038,1889,0.0736,-0.3405,1.0861,-0.795,1.293,0.017
1461682,1944,2063,1927,0.0729,-0.3409,1.0833,-0.913,1.363,0.024
1461692,2015,2038,1886,0.0720,-0.3408,1.0836,-1.006,1.395,0.047
1461702,1929,2106,1928,0.0703,-0.3401,1.0837,-1.060,1.384,0.071
1461712,1942,2042,1888,0.0694,-0.3406,1.0830,-1.131,1.315,0.106
1461722,1970,2056,1926,0.0682,-0.3406,1.0814,-1.225,1.249,0.138
1461732,1988,2037,1894,0.0677,-0.3385,1.0817,-1.291,1.175,0.146
1461742,1947,2062,1911,0.0670,-0.3371,1.0821,-1.314,1.036,0.107
1461752,1967,2066,1907,0.0665,-0.3364,1.0816,-1.295,0.917,0.026
1461762,1938,2104,1919,0.0655,-0.3360,1.0815,-1.271,0.815,-0.057
1461772,1956,2061,1922,0.0641,-0.3353,1.0808,-1.241,0.763,-0.125
1461782,1961,2073,1948,0.0621,-0.3356,1.0814,-1.219,0.698,-0.182
1461792,1991,2045,1892,0.0615,-0.3364,1.0796,-1.202,0.644,-0.270
1461802,1970,2085,1942,0.0609,-0.3375,1.0769,-1.116,0.641,-0.403
1461812,1952,2034,1891,0.0612,-0.3395,1.0774,-0.946,0.573,-0.617
1461822,1948,2065,1965,0.0622,-0.3412,1.0776,-0.646,0.535,-0.886
1461832,2006,2037,1908,0.0644,-0.3417,1.0813,-0.192,0.424,-1.187
1461842,1966,2075,1935,0.0670,-0.3470,1.0850,0.351,0.332,-1.467
1461852,1965,2133,1902,0.0679,-0.3511,1.0849,0.885,0.532,-1.568
1461862,1966,2092,1951,0.0693,-0.3523,1.0905,1.272,0.488,-1.466
1461872,2037,2039,1915,0.0690,-0.3547,1.0878,1.496,0.579,-1.333
1461882,1928,2109,1959,0.0703,-0.3564,1.0868,1.625,0.761,-1.203
1461892,1993,2047,1917,0.0713,-0.3565,1.0892,1.698,0.730,-1.034
1461902,1995,2061,1915,0.0719,-0.3570,1.0859,1.798,0.843,-0.876
1461912,2010,2036,1895,0.0729,-0.3555,1.0876,1.981,0.874,-0.728
1461922,1971,2064,1937,0.0733,-0.3542,1.0875,2.245,0.989,-0.581
1461932,1969,2083,1962,0.0722,-0.3523,1.0860,2.502,1.168,-0.445
1461942,1953,2094,1930,0.0723,-0.3509,1.0846,2.780,1.361,-0.385
1461952,2006,2036,1889,0.0717,-0.3489,1.0822,3.104,1.546,-0.383
1461962,1968,2102,1953,0.0720,-0.3471,1.0819,3.505,1.686,-0.445
1461972,2021,2064,1889,0.0705,-0.3450,1.0820,3.955,1.813,-0.532
1461982,1939,2090,1937,0.0697,-0.3417,1.0807,4.365,1.898,-0.612
1461992,2019,2035,1912,0.0682,-0.3373,1.0829,4.662,1.963,-0.706
1462002,1944,2093,1946,0.0668,-0.3337,1.0841,4.789,2.012,-0.831
1462012,1999,2041,1895,0.0641,-0.3317,1.0838,4.739,2.136,-0.985
1462022,1938,2073,1946,0.0620,-0.3275,1.0824,4.586,2.185,-1.144
1462032,1980,2075,1906,0.0609,-0.3242,1.0828,4.327,2.085,-1.306
1462042,1956,2093,1946,0.0596,-0.3231,1.0859,3.921,1.882,-1.420
1462052,2025,2049,1894,0.0587,-0.3233,1.0879,3.316,1.688,-1.454
1462062,1926,2087,1942,0.0584,-0.3236,1.0913,2.480,1.468,-1.415
1462072,1989,2046,1894,0.0579,-0.3227,1.0930,1.479,1.267,-1.332
1462082,1974,2032,1925,0.0576,-0.3228,1.0948,0.386,1.006,-1.253
1462092,2034,2032,1876,0.0576,-0.3238,1.0945,-0.629,0.792,-1.209
1462102,1959,2065,1915,0.0586,-0.3272,1.0953,-1.509,0.599,-1.198
1462112,2023,2033,1873,0.0604,-0.3308,1.0943,-2.203,0.487,-1.202
1462122,1982,2068,1934,0.0606,-0.3334,1.0912,-2.661,0.469,-1.209
1462132,2036,2036,1902,0.0602,-0.3361,1.0870,-2.813,0.480,-1.215
1462142,1967,2052,1894,0.0598,-0.3392,1.0850,-2.650,0.485,-1.233
1462152,2035,2061,1904,0.0596,-0.3414,1.0828,-2.252,0.443,-1.238
1462162,1965,2071,1951,0.0595,-0.3434,1.0805,-1.692,0.442,-1.242
1462172,1926,2034,1899,0.0602,-0.3440,1.0809,-1.095,0.374,-1.215
1462182,1974,2062,1930,0.0609,-0.3445,1.0791,-0.516,0.362,-1.159
1462192,2013,2064,1893,0.0609,-0.3463,1.0818,-0.011,0.330,-1.075
1462202,2015,2083,1938,0.0598,-0.3473,1.0830,0.363,0.319,-0.958
1462212,2050,2138,1919,0.0604,-0.3467,1.0834,0.620,0.355,-0.783
1462222,1950,2082,1943,0.0597,-0.3445,1.0833,0.730,0.346,-0.608
1462232,2061,2046,1897,0.0582,-0.3436,1.0836,0.779,0.375,-0.483
1462242,1972,2073,1933,0.0576,-0.3440,1.0833,0.882,0.421,-0.434
1462252,2039,2035,1896,0.0583,-0.3435,1.0836,1.085,0.458,-0.421
1462262,1970,2072,1936,0.0587,-0.3424,1.0820,1.379,0.570,-0.387
1462272,2034,2031,1904,0.0589,-0.3416,1.0820,1.741,0.682,-0.300
1462282,1979,2035,1936,0.0586,-0.3393,1.0814,2.134,0.777,-0.158
1462292,1997,2066,1907,0.0589,-0.3373,1.0806,2.453,0.866,0.023
1462302,2001,2060,1936,0.0581,-0.3351,1.0781,2.669,1.009,0.217
1462312,1962,2031,1903,0.0583,-0.3328,1.0804,2.739,1.025,0.423
1462322,1967,2060,1947,0.0567,-0.3307,1.0796,2.630,1.005,0.622
1462332,2014,2032,1900,0.0566,-0.3290,1.0809,2.357,1.009,0.808
1462342,1970,2065,1933,0.0585,-0.3288,1.0825,1.989,0.936,1.005
1462352,2142,2061,1909,0.0581,-0.3289,1.0823,1.529,0.969,1.218
1462362,1978,2042,1954,0.0573,-0.3306,1.0843,1.026,0.988,1.424
1462372,1949,2098,1924,0.0568,-0.3310,1.0854,0.525,0.968,1.591
1462382,2031,2070,1951,0.0550,-0.3310,1.0854,0.108,0.973,1.721
1462392,1992,2042,1911,0.0538,-0.3322,1.0847,-0.171,0.950,1.795
1462402,1997,2113,1951,0.0522,-0.3328,1.0863,-0.386,0.881,1.813
1462412,1929,2127,1922,0.0516,-0.3328,1.0864,-0.477,0.824,1.798
1462422,1948,2080,1929,0.0516,-0.3314,1.0882,-0.528,0.758,1.741
1462432,2025,2044,1897,0.0517,-0.3300,1.0884,-0.511,0.631,1.684
1462442,1927,2065,1937,0.0506,-0.3283,1.0883,-0.500,0.525,1.630
1462452,2050,2034,1902,0.0501,-0.3288,1.0905,-0.636,0.367,1.512
1462462,1999,2032,1956,0.0505,-0.3295,1.0922,-0.837,0.183,1.313
1462472,2021,2059,1918,0.0517,-0.3292,1.0925,-0.929,0.058,1.128
1462482,1979,2087,1933,0.0524,-0.3284,1.0945,-0.855,-0.135,1.037
1462492,2057,2033,1878,0.0525,-0.3271,1.0950,-0.727,-0.259,0.982
