7372912,1789,1896,1888,0.2725,0.1712,1.0998,2.376,0.720,-0.193
7372922,1811,1889,1891,0.2724,0.1733,1.1008,2.361,0.703,-0.301
7372932,1804,1926,1950,0.2735,0.1734,1.1001,2.274,0.724,-0.412
7372942,1840,1899,1897,0.2747,0.1739,1.1000,2.155,0.657,-0.471
7372952,1786,1903,1894,0.2716,0.1733,1.1032,2.022,0.560,-0.499
7372962,1823,1886,1891,0.2694,0.1714,1.1050,1.863,0.503,-0.479
7372972,1785,1895,1887,0.2700,0.1754,1.1011,1.847,0.601,-0.340
7372982,1821,1895,1899,0.2695,0.1768,1.1034,1.924,0.459,-0.220
7372992,1786,1905,1918,0.2695,0.1761,1.1001,1.995,0.372,-0.228
7373002,1806,1887,1892,0.2683,0.1758,1.1013,1.982,0.326,-0.257
7373012,1786,1896,1885,0.2679,0.1753,1.1024,1.846,0.175,-0.256
7373022,1805,1895,1884,0.2661,0.1743,1.1024,1.659,0.168,-0.251
7373032,1787,1914,1959,0.2649,0.1732,1.1042,1.401,0.108,-0.272
7373042,1818,1894,1899,0.2629,0.1731,1.1017,1.189,0.148,-0.311
7373052,1792,1904,1891,0.2623,0.1734,1.1007,1.109,0.141,-0.360
7373062,1809,1887,1888,0.2623,0.1729,1.1025,1.166,0.045,-0.439
7373072,1792,1904,1894,0.2632,0.1746,1.1034,1.338,-0.057,-0.512
7373082,1840,1895,1899,0.2643,0.1757,1.1034,1.505,-0.167,-0.554
7373092,1789,1912,1909,0.2652,0.1762,1.1035,1.596,-0.245,-0.584
7373102,1823,1903,1885,0.2659,0.1758,1.1041,1.572,-0.305,-0.586
7373112,1784,1889,1889,0.2661,0.1760,1.1043,1.427,-0.328,-0.519
7373122,1805,1891,1887,0.2659,0.1766,1.1024,1.232,-0.300,-0.423
7373132,1789,1901,1886,0.2660,0.1762,1.1017,1.055,-0.305,-0.328
7373142,1806,1889,1896,0.2668,0.1750,1.1002,1.007,-0.297,-0.216
7373152,1788,1894,1887,0.2672,0.1758,1.0985,1.078,-0.254,-0.100
7373162,1817,1891,1894,0.2667,0.1767,1.0985,1.239,-0.177,0.028
7373172,1790,1903,1898,0.2666,0.1786,1.0990,1.420,-0.100,0.171
7373182,1797,1888,1890,0.2656,0.1798,1.0993,1.599,-0.008,0.334
7373192,1789,1902,1891,0.2661,0.1805,1.1000,1.721,0.100,0.537
7373202,1821,1893,1887,0.2674,0.1807,1.1020,1.706,0.196,0.834
7373212,1809,1935,1900,0.2674,0.1813,1.1024,1.535,0.324,1.187
7373222,1821,1895,1908,0.2664,0.1831,1.1004,1.238,0.463,1.566
7373232,1789,1896,1889,0.2663,0.1845,1.1005,0.975,0.593,1.921
7373242,1805,1888,1890,0.2660,0.1839,1.1028,0.744,0.568,2.197
7373252,1788,1897,1890,0.2663,0.1823,1.1030,0.544,0.577,2.447
7373262,1808,1893,1888,0.2668,0.1824,1.1038,0.285,0.623,2.709
7373272,1790,1906,1895,0.2685,0.1824,1.1033,-0.092,0.673,2.937
7373282,1830,1887,1890,0.2682,0.1802,1.1023,-0.531,0.751,3.079
7373292,1786,1892,1884,0.2683,0.1765,1.1029,-0.949,0.880,3.129
7373302,1801,1886,1887,0.2676,0.1753,1.0974,-1.169,1.109,3.183
7373312,1791,1905,1900,0.2757,0.1709,1.0914,-1.114,1.378,3.274
7373322,1817,1889,1887,0.2714,0.1701,1.0992,-0.799,1.454,3.532
7373332,1789,1901,1893,0.2651,0.1763,1.1044,-0.124,1.393,3.988
7373342,1812,1889,1891,0.2613,0.1777,1.1032,0.435,1.556,4.152
7373352,1789,1904,1889,0.2636,0.1757,1.1082,0.677,1.405,4.022
7373362,1825,1895,1896,0.2655,0.1743,1.1062,0.675,1.354,3.882
7373372,1789,1897,1895,0.2650,0.1746,1.1077,0.547,1.332,3.901
7373382,1791,1889,1885,0.2639,0.1753,1.1066,0.380,1.355,4.069
7373392,1789,1900,1892,0.2634,0.1775,1.1034,0.304,1.440,4.325
7373402,1817,1887,1888,0.2614,0.1779,1.1018,0.277,1.452,4.610
7373412,1790,1896,1888,0.2634,0.1809,1.1005,0.253,1.408,4.929
7373422,1812,1888,1891,0.2639,0.1825,1.1160,0.084,1.113,5.215
7373432,1790,1906,1893,0.2623,0.1837,1.1072,-0.127,1.170,5.467
7373442,1843,1894,1893,0.2591,0.1819,1.0996,-0.458,1.433,5.735
7373452,1792,1900,1886,0.2603,0.1802,1.1070,-0.914,1.081,6.084
7373462,1808,1890,1888,0.2604,0.1786,1.1066,-1.348,0.865,6.455
7373472,1790,1902,1892,0.2593,0.1763,1.1060,-1.585,0.844,6.842
7373482,1808,1889,1893,0.2604,0.1719,1.1082,-1.693,0.791,7.309
7373492,1806,1894,1888,0.2603,0.1706,1.1137,-1.740,0.705,7.903
7373502,1890,1900,1889,0.2574,0.1706,1.1092,-1.744,0.792,8.546
7373512,1828,1902,1892,0.2575,0.1699,1.1071,-1.652,0.895,9.137
7373522,1811,1892,1888,0.2621,0.1663,1.1097,-1.483,0.752,9.713
7373532,1792,1898,1893,0.2654,0.1642,1.1061,-1.120,0.834,10.384
7373542,1790,1888,1894,0.2701,0.1661,1.1054,-0.835,0.854,11.135
7373552,1788,1898,1892,0.2719,0.1671,1.1053,-0.647,0.932,11.857
7373562,1802,1889,1889,0.2734,0.1675,1.1036,-0.900,1.133,12.515
7373572,1838,1914,1890,0.2729,0.1674,1.1048,-1.460,1.328,13.201
7373582,1797,1889,1888,0.2712,0.1643,1.1102,-2.060,1.408,13.901
7373592,1828,1891,1888,0.2694,0.1614,1.1059,-2.365,1.623,14.588
7373602,1812,1890,1886,0.2688,0.1566,1.1053,-2.265,1.731,15.265
7373612,1820,1905,1902,0.2670,0.1509,1.1092,-1.820,1.600,15.963
7373622,2058,1905,1890,0.2655,0.1476,1.1110,-1.164,1.446,16.656
7373632,1807,1895,1890,0.2652,0.1497,1.1108,-0.306,1.358,17.373
7373642,1922,1889,1888,0.2658,0.1538,1.1164,0.509,0.976,18.054
7373652,1791,1898,1887,0.2605,0.1512,1.1168,1.043,0.798,18.589
7373662,1816,1890,1888,0.2608,0.1540,1.1158,1.241,0.526,19.059
7373672,1795,1898,1896,0.2637,0.1570,1.1084,0.936,0.314,19.413
7373682,1806,1890,1889,0.2637,0.1583,1.1140,0.261,-0.206,19.616
7373692,1834,1914,1893,0.2674,0.1608,1.1118,-0.818,-0.705,19.632
7373702,1797,1892,1888,0.2659,0.1604,1.1115,-1.950,-1.054,19.422
7373712,1799,1890,1894,0.2653,0.1584,1.1144,-2.969,-1.627,19.049
7373722,1863,1891,1892,0.2617,0.1561,1.1106,-3.817,-1.736,18.498
7373732,1792,1916,1893,0.2614,0.1514,1.1105,-4.471,-1.980,17.852
7373742,1892,1905,1887,0.2607,0.1476,1.1072,-4.850,-2.191,17.273
7373752,2183,2004,1937,0.2673,0.1407,1.1046,-4.844,-2.432,16.832
7373762,1792,1889,1889,0.2647,0.1382,1.1104,-4.436,-2.783,16.552
7373772,1793,1921,1889,0.2604,0.1418,1.1169,-3.606,-3.119,16.401
7373782,1813,1891,1891,0.2594,0.1426,1.1161,-2.615,-3.287,16.153
7373792,1887,1890,1893,0.2604,0.1447,1.1202,-1.697,-3.591,15.834
7373802,1857,1936,1906,0.2720,0.1463,1.1171,-1.039,-3.918,15.583
7373812,1819,1978,1887,0.2802,0.1427,1.1200,-0.506,-4.236,15.485
7373822,1972,1927,1902,0.2846,0.1474,1.1390,-0.709,-5.128,15.745
7373832,1802,1890,1891,0.2811,0.1504,1.1207,-1.142,-4.602,16.172
7373842,2159,1909,1890,0.2816,0.1545,1.1399,-2.346,-4.639,16.472
7373852,1948,1909,1901,0.2834,0.1508,1.1319,-3.957,-4.315,16.739
7373862,1797,1893,1894,0.2887,0.1465,1.1358,-5.530,-3.708,17.178
7373872,1823,1900,1891,0.2910,0.1410,1.1382,-7.157,-3.303,17.824
7373882,2028,1891,1889,0.2939,0.1341,1.1332,-8.389,-2.294,18.626
7373892,1796,1892,1890,0.2940,0.1233,1.1321,-9.129,-1.360,19.489
7373902,1816,1900,1896,0.2952,0.1117,1.1267,-9.385,-0.251,20.340
7373912,1790,1889,1893,0.2948,0.1053,1.1212,-9.272,0.931,21.190
7373922,1809,1916,1889,0.2943,0.1053,1.1106,-8.758,1.974,21.883
7373932,1967,1888,1892,0.2929,0.1057,1.0955,-7.762,3.042,22.184
7373942,1925,1902,1892,0.2918,0.0991,1.0898,-6.352,3.599,22.042
7373952,1808,1891,1889,0.2921,0.0931,1.0902,-4.676,3.820,21.632
7373962,1824,1894,1887,0.2906,0.0899,1.0890,-2.838,4.081,21.167
7373972,1814,1896,1892,0.2892,0.0883,1.0890,-0.895,4.218,20.811
7373982,1793,1889,1886,0.2870,0.0895,1.0902,0.987,4.344,20.586
7373992,1805,1903,1894,0.2843,0.0887,1.0909,2.635,4.474,20.462
7374002,1860,1888,1887,0.2814,0.0894,1.0918,4.063,4.609,20.426
7374012,1843,1889,1888,0.2783,0.0922,1.0936,5.214,4.718,20.451
7374022,1793,1905,1899,0.2760,0.0938,1.0959,6.104,4.802,20.475
7374032,1971,1897,1888,0.2735,0.0947,1.0979,6.788,4.865,20.479
7374042,2078,1922,1890,0.2701,0.0942,1.1010,7.207,4.932,20.498
7374052,1930,1894,1891,0.2684,0.0950,1.0999,7.394,5.029,20.552
7374062,1812,1891,1886,0.2659,0.0948,1.0995,7.391,5.106,20.665
7374072,1824,1909,1899,0.2637,0.0952,1.0975,7.321,5.111,20.831
7374082,1868,1897,1891,0.2607,0.0965,1.0971,7.222,5.085,21.053
7374092,1814,1918,1904,0.2602,0.0964,1.0990,7.080,4.966,21.273
7374102,1860,1893,1914,0.2582,0.0966,1.1025,6.726,4.842,21.496
7374112,1803,1895,1889,0.2571,0.0981,1.1062,6.249,4.708,21.743
7374122,1799,1897,1889,0.2571,0.0974,1.1082,5.748,4.626,22.015
7374132,1802,1899,1890,0.2574,0.0973,1.1103,5.324,4.611,22.315
7374142,1827,1890,1886,0.2578,0.0969,1.1139,4.998,4.631,22.605
7374152,1819,1901,1891,0.2581,0.0964,1.1118,4.732,4.791,22.855
7374162,1870,1893,1889,0.2582,0.0964,1.1109,4.603,4.948,23.064
7374172,1922,1903,1895,0.2567,0.0972,1.1121,4.641,5.018,23.212
7374182,2079,1907,1890,0.2554,0.0951,1.1051,4.813,5.241,23.298
7374192,1840,1895,1892,0.2523,0.0968,1.1073,5.149,5.253,23.406
7374202,1949,1896,1890,0.2509,0.0979,1.1060,5.569,5.136,23.494
7374212,2081,1900,1890,0.2491,0.0971,1.1062,6.079,5.138,23.489
7374222,1989,1894,1888,0.2483,0.0987,1.1046,6.597,5.033,23.397
7374232,1811,1917,1893,0.2469,0.1013,1.1026,7.200,4.935,23.235
7374242,1947,1900,1892,0.2469,0.1047,1.1029,7.711,4.709,23.002
7374252,1809,1923,1918,0.2457,0.1089,1.1004,8.305,4.523,22.754
7374262,1914,1902,1903,0.2460,0.1131,1.0987,9.088,4.350,22.435
7374272,1841,1889,1891,0.2449,0.1172,1.1010,9.967,4.151,22.060
7374282,1818,1889,1888,0.2441,0.1213,1.1030,10.825,3.978,21.639
7374292,1941,1898,1891,0.2454,0.1247,1.1061,11.510,3.801,21.158
7374302,1919,1898,1892,0.2459,0.1277,1.1084,12.041,3.734,20.695
7374312,2084,1925,1897,0.2467,0.1318,1.1092,12.386,3.686,20.275
7374322,1846,1890,1891,0.2462,0.1371,1.1095,12.542,3.674,19.858
7374332,2099,1921,1892,0.2461,0.1417,1.1077,12.569,3.634,19.425
7374342,1809,1892,1889,0.2461,0.1462,1.1076,12.492,3.519,18.977
7374352,1810,1889,1892,0.2454,0.1501,1.1088,12.282,3.348,18.502
7374362,2049,1912,1896,0.2464,0.1520,1.1092,11.872,3.157,18.034
7374372,1815,1889,1889,0.2472,0.1550,1.1092,11.233,2.944,17.616
7374382,1920,1895,1890,0.2477,0.1578,1.1087,10.328,2.837,17.137
7374392,1910,1927,1892,0.2485,0.1614,1.1074,9.521,2.768,16.635
7374402,1838,1889,1886,0.2477,0.1639,1.1056,8.821,2.682,16.067
7374412,2079,1895,1887,0.2477,0.1676,1.1041,8.303,2.566,15.478
7374422,1809,1897,1886,0.2469,0.1707,1.1034,7.993,2.406,14.882
7374432,1966,1905,1898,0.2467,0.1733,1.1028,7.734,2.210,14.253
7374442,1885,1893,1890,0.2476,0.1770,1.1023,7.349,1.934,13.636
7374452,1822,1891,1893,0.2478,0.1802,1.1035,6.689,1.547,13.062
7374462,1822,1888,1886,0.2485,0.1834,1.1038,5.592,1.212,12.550
7374472,1792,1900,1892,0.2493,0.1859,1.1063,3.937,0.865,12.127
7374482,1819,1893,1888,0.2471,0.1907,1.1103,1.637,0.520,11.786
7374492,1857,1898,1893,0.2505,0.1896,1.1087,-1.265,0.247,11.476
7374502,1834,1899,1894,0.2542,0.1861,1.1106,-4.683,-0.107,11.269
7374512,1795,1891,1891,0.2581,0.1830,1.1105,-8.322,-0.478,11.289
7374522,1796,1889,1888,0.2606,0.1791,1.1140,-12.077,-0.869,11.490
7374532,1824,1897,1893,0.2611,0.1733,1.1182,-15.931,-1.299,11.779
7374542,2079,1898,1890,0.2626,0.1689,1.1266,-19.805,-1.685,12.104
7374552,1845,1893,1893,0.2670,0.1548,1.1335,-23.808,-1.982,12.358
7374562,1868,1929,1890,0.2744,0.1405,1.1394,-27.931,-2.160,12.666
7374572,2249,1914,1898,0.2806,0.1277,1.1450,-32.133,-2.222,13.213
7374582,1796,1895,1889,0.2851,0.1142,1.1463,-36.058,-2.053,13.962
7374592,1811,1909,1894,0.2885,0.1004,1.1493,-39.762,-1.862,14.794
7374602,1896,1891,1889,0.2889,0.0842,1.1487,-43.030,-1.614,15.629
7374612,1792,1928,1901,0.2890,0.0668,1.1472,-45.698,-1.285,16.436
7374622,1805,1895,1889,0.2883,0.0508,1.1469,-47.590,-1.104,17.247
7374632,1798,1891,1888,0.2878,0.0361,1.1472,-48.759,-1.081,18.084
7374642,1830,1892,1895,0.2877,0.0204,1.1454,-49.289,-1.081,18.956
7374652,1882,1902,1890,0.2890,0.0042,1.1464,-49.238,-1.104,19.887
7374662,1796,1888,1886,0.2893,-0.0110,1.1466,-48.706,-1.022,20.928
7374672,1820,1900,1895,0.2901,-0.0267,1.1507,-47.851,-0.886,22.072
7374682,1897,1895,1895,0.2894,-0.0413,1.1535,-46.910,-0.670,23.334
7374692,1793,1898,1891,0.2843,-0.0506,1.1545,-45.946,-0.325,24.722
7374702,1855,1910,1893,0.2813,-0.0626,1.1540,-45.087,-0.012,26.068
7374712,1813,1908,1895,0.2805,-0.0771,1.1563,-44.516,0.090,27.343
7374722,1884,1920,1901,0.2781,-0.0874,1.1662,-44.400,-0.021,28.757
7374732,1844,1890,1898,0.2786,-0.0986,1.1649,-44.638,0.016,30.295
7374742,1844,1892,1888,0.2804,-0.1095,1.1618,-45.119,0.215,31.850
7374752,1870,1905,1901,0.2795,-0.1181,1.1609,-45.578,0.374,33.341
7374762,1878,1991,1898,0.2780,-0.1243,1.1562,-45.694,0.797,34.545
7374772,1805,1890,1893,0.2787,-0.1371,1.1592,-45.446,1.053,35.332
7374782,1873,1889,1905,0.2813,-0.1529,1.1607,-44.707,1.321,35.971
7374792,1808,1901,1901,0.2814,-0.1693,1.1639,-43.500,1.676,36.877
7374802,1853,1891,1888,0.2801,-0.1818,1.1699,-42.114,2.008,38.316
7374812,1800,1900,1890,0.2753,-0.1933,1.1766,-40.889,2.393,40.224
7374822,1843,1892,1889,0.2709,-0.2005,1.1806,-40.213,2.799,42.394
7374832,1860,1890,1888,0.2684,-0.2079,1.1825,-40.145,3.350,44.596
7374842,1838,1902,1902,0.2674,-0.2164,1.1841,-40.628,3.872,46.659
7374852,1863,1888,1904,0.2653,-0.2248,1.1858,-41.439,4.605,48.519
7374862,1822,1904,1895,0.2634,-0.2308,1.1877,-42.277,5.388,50.234
7374872,1826,1905,1903,0.2613,-0.2393,1.1864,-42.966,6.299,51.845
7374882,1853,1897,1888,0.2591,-0.2467,1.1837,-43.303,7.304,53.435
7374892,1882,1897,1904,0.2569,-0.2539,1.1834,-43.214,8.251,55.017
7374902,1830,1892,1889,0.2514,-0.2613,1.1797,-42.728,9.287,56.531
7374912,1800,1893,1900,0.2478,-0.2674,1.1786,-41.761,10.302,57.942
7374922,1809,1903,1891,0.2433,-0.2733,1.1710,-40.453,11.404,59.209
7374932,1867,1953,1889,0.2395,-0.2833,1.1630,-38.897,12.555,60.347
7374942,2127,1939,1888,0.2351,-0.2906,1.1590,-37.068,13.510,61.491
7374952,1794,1899,1896,0.2318,-0.2983,1.1528,-35.053,14.494,62.712
7374962,1851,1890,1888,0.2277,-0.3032,1.1464,-32.967,15.433,64.019
7374972,1841,1901,1898,0.2221,-0.3051,1.1400,-30.687,16.346,65.351
7374982,1888,1896,1886,0.2170,-0.3109,1.1352,-28.363,17.212,66.558
7374992,1852,1929,1919,0.2152,-0.3193,1.1276,-26.025,17.952,67.613
7375002,2097,1892,1889,0.2111,-0.3258,1.1235,-23.833,18.505,68.701
7375012,1879,1903,1903,0.2082,-0.3258,1.1205,-21.830,18.936,69.869
7375022,1897,1983,1906,0.2022,-0.3239,1.1134,-19.941,19.566,70.957
7375032,1795,1949,1928,0.1969,-0.3258,1.1121,-18.366,19.997,71.863
7375042,1837,1891,1889,0.1915,-0.3264,1.1024,-17.087,20.479,72.753
7375052,1901,1898,1923,0.1867,-0.3278,1.0966,-16.179,21.008,73.683
7375062,1875,1891,1900,0.1804,-0.3292,1.0910,-15.735,21.376,74.741
7375072,1875,1932,1906,0.1731,-0.3273,1.0841,-15.738,21.805,75.995
7375082,2085,1898,1890,0.1657,-0.3189,1.0793,-16.306,21.939,77.370
7375092,1802,1893,1911,0.1574,-0.3069,1.0734,-17.457,21.990,78.664
7375102,1791,1894,1888,0.1461,-0.2965,1.0685,-19.034,21.905,79.673
7375112,1824,1893,1941,0.1351,-0.2851,1.0640,-21.012,21.619,80.330
7375122,1799,1897,1887,0.1254,-0.2759,1.0621,-23.267,21.279,80.679
7375132,1803,1905,1904,0.1154,-0.2690,1.0606,-25.819,20.815,80.725
7375142,1836,1889,1888,0.1055,-0.2646,1.0588,-28.709,20.341,80.540
7375152,1826,1902,1980,0.0953,-0.2607,1.0563,-32.021,19.771,80.243
7375162,1813,1906,1898,0.0842,-0.2562,1.0479,-35.439,19.249,79.942
7375172,1905,2102,2029,0.0746,-0.2485,1.0388,-39.160,18.511,79.639
7375182,1813,1889,1896,0.0608,-0.2398,1.0243,-42.935,17.597,79.257
7375192,1813,1890,1899,0.0465,-0.2324,1.0077,-46.385,16.680,78.617
7375202,2087,1916,1937,0.0344,-0.2252,0.9959,-49.634,15.282,77.572
7375212,1976,1890,1907,0.0232,-0.2228,0.9783,-52.810,13.673,75.973
7375222,2160,2008,1920,0.0113,-0.2247,0.9600,-55.739,11.699,74.020
7375232,1848,1889,1936,0.0010,-0.2307,0.9385,-58.343,9.229,71.940
7375242,2094,1976,2046,-0.0089,-0.2391,0.9198,-60.379,6.310,69.839
7375252,2001,1997,1988,-0.0201,-0.2503,0.8966,-61.620,3.093,67.718
7375262,1876,1893,1940,-0.0297,-0.2675,0.8720,-62.026,-0.333,65.477
7375272,2134,1904,1890,-0.0379,-0.2828,0.8624,-61.721,-4.187,63.120
7375282,2478,1890,2099,-0.0496,-0.2770,0.8457,-60.686,-8.199,60.722
7375292,2116,1930,1978,-0.0567,-0.2663,0.8259,-58.392,-12.203,57.938
7375302,2666,2113,2076,-0.0572,-0.2585,0.8393,-55.345,-16.622,54.572
7375312,2222,2038,2021,-0.0513,-0.2616,0.8498,-51.925,-20.404,50.476
7375322,2077,1943,1917,-0.0370,-0.2719,0.8524,-49.052,-23.179,45.918
7375332,1901,2120,2458,-0.0192,-0.2822,0.8930,-47.011,-25.851,41.296
7375342,2351,2054,2332,-0.0053,-0.2780,0.9344,-46.176,-28.160,36.581
7375352,2416,1916,1935,-0.0010,-0.2677,0.9659,-46.207,-28.848,31.654
7375362,1967,1923,1994,0.0052,-0.2698,0.9936,-46.203,-28.673,26.731
7375372,2100,2051,2178,0.0056,-0.2727,1.0229,-46.619,-27.981,21.917
7375382,1785,1908,1922,0.0033,-0.2703,1.0284,-47.539,-26.726,17.250
7375392,2472,2223,2158,0.0069,-0.2741,1.0196,-48.488,-25.298,12.705
7375402,2046,1985,2060,0.0072,-0.2962,1.0196,-48.990,-24.172,8.233
7375412,3991,2156,1897,0.0060,-0.3181,1.0162,-49.261,-23.167,3.857
7375422,1829,1901,1906,0.0057,-0.3379,1.0060,-49.758,-22.166,-0.446
7375432,2121,1915,2007,0.0064,-0.3587,1.0097,-50.563,-21.571,-4.632
7375442,2293,1964,2162,0.0058,-0.3744,1.0044,-51.551,-20.997,-8.682
7375452,3169,2120,2347,0.0087,-0.3901,0.9977,-52.414,-20.244,-12.644
7375462,2137,2022,1948,0.0136,-0.4174,0.9866,-52.696,-19.622,-16.542
7375472,1774,2156,2246,0.0199,-0.4508,0.9803,-52.145,-19.007,-20.272
7375482,2269,1958,1972,0.0255,-0.4877,0.9784,-50.732,-18.418,-23.622
7375492,2215,1987,2167,0.0317,-0.5181,0.9757,-48.856,-17.764,-26.493
7375502,1836,2006,2042,0.0381,-0.5409,0.9719,-47.089,-17.136,-28.753
7375512,4095,2303,2343,0.0427,-0.5586,0.9668,-45.795,-16.533,-30.458
7375522,2352,1888,1980,0.0486,-0.5832,0.9675,-45.043,-16.018,-31.797
7375532,1927,1982,2100,0.0552,-0.6128,0.9649,-44.776,-15.428,-32.758
7375542,2209,1977,2667,0.0629,-0.6440,0.9671,-44.655,-14.716,-33.205
7375552,2175,1919,2184,0.0704,-0.6741,0.9604,-44.216,-13.702,-33.008
7375562,2212,1918,1942,0.0768,-0.7021,0.9525,-43.425,-12.418,-32.222
7375572,1873,2005,2263,0.0821,-0.7229,0.9585,-42.263,-11.340,-30.897
7375582,2855,2104,2820,0.0882,-0.7393,0.9543,-41.260,-10.071,-29.249
7375592,2543,2108,2017,0.0906,-0.7566,0.9438,-40.416,-8.612,-27.344
7375602,1753,1989,2260,0.0916,-0.7734,0.9367,-39.699,-7.419,-25.142
7375612,2099,1914,2084,0.0906,-0.7850,0.9323,-39.076,-6.283,-22.779
7375622,2210,2075,1986,0.0928,-0.7997,0.9189,-38.304,-5.198,-20.477
7375632,2888,2109,2398,0.0958,-0.8125,0.9035,-36.906,-4.212,-18.165
7375642,1780,1976,2286,0.0978,-0.8262,0.8822,-34.882,-3.468,-15.794
7375652,2675,2029,1915,0.0970,-0.8341,0.8612,-32.083,-2.921,-13.277
7375662,1772,1906,1894,0.0931,-0.8380,0.8545,-29.030,-2.870,-10.638
7375672,1887,1898,1882,0.0906,-0.8412,0.8532,-26.172,-3.047,-8.156
7375682,1736,1923,2047,0.0903,-0.8431,0.8572,-23.547,-3.190,-6.008
7375692,2008,1891,2017,0.0903,-0.8415,0.8526,-20.738,-3.174,-3.965
7375702,1754,2014,2246,0.0891,-0.8372,0.8487,-17.713,-3.310,-1.923
7375712,1806,2027,1904,0.0865,-0.8309,0.8420,-14.429,-3.551,0.008
7375722,1847,1989,2088,0.0848,-0.8291,0.8404,-10.671,-3.995,1.697
7375732,2018,2071,2432,0.0816,-0.8187,0.8372,-6.671,-4.493,3.269
7375742,1902,2003,2045,0.0784,-0.8042,0.8404,-2.787,-5.032,4.876
7375752,2416,1946,1952,0.0785,-0.7877,0.8492,0.146,-5.778,6.505
7375762,1983,1893,2072,0.0786,-0.7784,0.8553,1.777,-6.300,8.013
7375772,1830,1890,1913,0.0784,-0.7704,0.8651,2.369,-6.699,9.396
7375782,1834,2036,1947,0.0787,-0.7608,0.8674,2.389,-6.750,10.661
7375792,1797,1895,2024,0.0772,-0.7490,0.8685,2.485,-6.622,11.780
7375802,2293,1924,1957,0.0746,-0.7378,0.8678,3.065,-6.383,12.611
7375812,2064,2018,2033,0.0725,-0.7283,0.8697,4.415,-6.089,13.120
7375822,2190,2067,2143,0.0724,-0.7169,0.8768,6.530,-5.884,13.342
7375832,2205,1912,2559,0.0743,-0.7057,0.8828,9.066,-5.466,13.328
7375842,1762,1888,2035,0.0754,-0.6918,0.8881,11.478,-4.934,13.169
7375852,2629,2045,1948,0.0754,-0.6793,0.8878,13.540,-4.229,12.871
7375862,1820,1927,1899,0.0762,-0.6683,0.8935,15.125,-3.534,12.454
7375872,1866,1934,2111,0.0752,-0.6571,0.8930,16.070,-2.870,11.983
7375882,1862,1909,1963,0.0729,-0.6461,0.8901,16.483,-2.147,11.465
7375892,2013,2013,1917,0.0714,-0.6397,0.8890,16.612,-1.645,10.824
7375902,2178,1983,1882,0.0716,-0.6326,0.8927,16.676,-1.279,10.095
7375912,1950,1885,1905,0.0714,-0.6253,0.8942,16.742,-0.918,9.350
7375922,1750,1885,2059,0.0741,-0.6212,0.8983,16.854,-0.557,8.643
7375932,1941,1910,1959,0.0776,-0.6219,0.9008,16.580,-0.088,8.053
7375942,2055,2056,1896,0.0803,-0.6196,0.9029,16.068,0.437,7.456
7375952,1840,1886,1958,0.0830,-0.6202,0.9032,15.414,0.883,6.811
7375962,1864,1996,1885,0.0842,-0.6238,0.9032,14.714,1.308,6.208
7375972,2159,1921,2073,0.0837,-0.6278,0.9006,14.082,1.646,5.679
7375982,1795,1897,1889,0.0833,-0.6312,0.8983,13.804,1.960,5.157
7375992,2093,1916,1894,0.0861,-0.6331,0.9054,13.954,2.052,4.687
7376002,2192,1886,1956,0.0886,-0.6322,0.9140,14.204,2.161,4.449
7376012,1736,1903,1907,0.0902,-0.6330,0.9177,14.219,2.513,4.457
7376022,1793,1890,1939,0.0911,-0.6324,0.9235,13.823,2.948,4.569
7376032,1756,1883,2022,0.0916,-0.6313,0.9302,13.003,3.370,4.660
7376042,1822,1888,1903,0.0904,-0.6328,0.9318,11.832,3.913,4.717
7376052,1738,1884,1918,0.0894,-0.6356,0.9343,10.436,4.451,4.804
7376062,1918,1911,1889,0.0879,-0.6394,0.9331,9.099,5.050,4.869
7376072,2095,1910,1960,0.0860,-0.6429,0.9331,8.183,5.692,4.863
7376082,1743,1885,1880,0.0849,-0.6486,0.9347,7.810,6.472,4.688
7376092,1730,1889,1889,0.0850,-0.6529,0.9408,8.149,7.346,4.471
7376102,1785,1921,1918,0.0828,-0.6476,0.9511,9.129,8.379,4.190
7376112,1995,1890,1929,0.0795,-0.6395,0.9577,10.717,9.722,3.609
7376122,1833,1919,1898,0.0767,-0.6398,0.9609,12.988,11.137,2.708
7376132,1730,1894,1908,0.0745,-0.6431,0.9570,15.881,12.544,1.677
7376142,1753,1887,1885,0.0631,-0.6475,0.9586,19.268,13.884,0.544
7376152,1801,1894,1881,0.0591,-0.6407,0.9618,23.206,14.958,-0.595
7376162,1750,1883,1897,0.0596,-0.6302,0.9741,27.578,15.674,-1.755
7376172,1780,1886,1901,0.0638,-0.6233,0.9888,32.046,16.419,-2.962
7376182,1740,1892,1881,0.0661,-0.6154,1.0049,36.166,17.465,-4.090
7376192,1736,1901,1926,0.0673,-0.6060,1.0207,39.676,18.794,-5.156
7376202,1733,1884,1882,0.0669,-0.5965,1.0314,42.456,20.486,-6.282
7376212,1781,1888,1912,0.0656,-0.5858,1.0362,44.924,22.493,-7.633
7376222,1754,1889,1886,0.0620,-0.5768,1.0428,47.623,24.609,-9.319
7376232,1746,1886,1916,0.0608,-0.5689,1.0440,51.153,26.933,-11.395
7376242,1758,1884,1884,0.0582,-0.5612,1.0436,55.784,29.312,-13.863
7376252,1740,1888,1899,0.0522,-0.5537,1.0437,61.730,31.790,-16.713
7376262,1739,1886,1884,0.0457,-0.5521,1.0485,69.471,34.422,-19.948
7376272,2099,1907,1902,0.0580,-0.5889,1.0568,78.377,36.853,-23.363
7376282,2011,1904,1901,0.0522,-0.5923,1.0335,88.564,40.032,-25.757
7376292,1734,1887,1902,0.0363,-0.5692,1.0050,100.081,43.377,-26.916
7376302,1735,1886,1897,0.0225,-0.5519,0.9959,112.107,45.997,-28.462
7376312,2076,1914,1910,0.0087,-0.5259,0.9804,124.396,48.071,-30.828
7376322,1774,1887,1889,-0.0039,-0.4863,0.9681,136.959,49.540,-33.878
7376332,1732,1884,1904,-0.0154,-0.4403,0.9609,149.884,50.213,-37.588
7376342,1753,1890,1886,-0.0286,-0.3893,0.9532,162.931,50.393,-41.844
7376352,2039,1906,1914,-0.0426,-0.3398,0.9609,175.431,49.813,-46.452
7376362,1791,1886,1890,-0.0545,-0.2895,0.9707,186.679,48.814,-51.177
7376372,1807,1884,1901,-0.0668,-0.2399,0.9858,196.266,47.716,-55.681
7376382,1811,1889,1890,-0.0746,-0.1918,1.0070,203.749,46.440,-59.792
7376392,1984,1886,1924,-0.0796,-0.1447,1.0229,208.819,45.365,-63.409
7376402,1743,1930,1884,-0.0814,-0.0992,1.0484,211.279,44.170,-66.341
7376412,1746,1886,1921,-0.0848,-0.0542,1.0632,210.888,43.066,-68.447
7376422,1816,1889,1884,-0.0879,-0.0097,1.0739,208.149,42.309,-69.747
7376432,1780,1886,1900,-0.0920,0.0262,1.0813,203.304,41.453,-70.446
7376442,2009,1942,1898,-0.0997,0.0591,1.0815,196.719,40.615,-70.668
7376452,1791,1888,1910,-0.1062,0.0885,1.0835,188.776,39.500,-70.513
7376462,1850,1904,1881,-0.1138,0.1177,1.0833,179.628,37.918,-70.066
7376472,1761,1886,1905,-0.1216,0.1477,1.0711,169.614,36.262,-69.399
7376482,1780,1885,1886,-0.1295,0.1712,1.0677,159.077,34.008,-68.666
7376492,1753,1887,1886,-0.1382,0.1929,1.0617,148.035,31.267,-67.853
7376502,1750,1890,1888,-0.1450,0.2192,1.0581,136.508,28.176,-66.799
7376512,1784,1886,1907,-0.1478,0.2382,1.0495,124.510,24.854,-65.685
7376522,1782,1912,1884,-0.1498,0.2541,1.0456,111.781,21.284,-64.612
7376532,1770,1886,1883,-0.1484,0.2604,1.0368,98.206,17.585,-63.599
7376542,1752,1922,1885,-0.1460,0.2615,1.0276,83.709,13.699,-62.498
7376552,1972,1889,1911,-0.1468,0.2599,1.0240,68.460,9.681,-61.130
7376562,1875,1902,1884,-0.1489,0.2525,1.0112,52.599,5.572,-59.563
7376572,1772,1901,1935,-0.1495,0.2350,0.9925,36.555,1.627,-57.956
7376582,1743,1904,1883,-0.1479,0.2149,0.9822,20.875,-2.730,-56.246
7376592,1842,1905,1913,-0.1447,0.1954,0.9774,6.236,-7.031,-54.299
7376602,1891,1901,1888,-0.1407,0.1813,0.9760,-7.052,-11.235,-52.089
7376612,1761,1887,1908,-0.1395,0.1682,0.9751,-18.841,-14.911,-49.878
7376622,2297,1954,1881,-0.1375,0.1587,0.9734,-28.769,-18.438,-47.861
7376632,1848,1900,1886,-0.1347,0.1470,0.9677,-36.712,-21.410,-46.393
7376642,1820,1908,1885,-0.1280,0.1296,0.9688,-42.706,-24.222,-45.581
7376652,1803,1885,1910,-0.1215,0.1135,0.9708,-46.696,-26.776,-45.259
7376662,1785,1905,1887,-0.1162,0.0997,0.9762,-48.719,-29.040,-45.216
7376672,1950,1894,1917,-0.1091,0.0888,0.9832,-48.857,-31.099,-45.376
7376682,1769,1888,1882,-0.1043,0.0851,0.9965,-47.521,-32.978,-45.828
7376692,1893,1891,1902,-0.0987,0.0804,1.0028,-45.019,-34.574,-46.671
7376702,2106,1971,1883,-0.0902,0.0742,1.0142,-41.843,-35.894,-47.969
7376712,1747,1893,1907,-0.0813,0.0638,1.0166,-38.193,-37.019,-49.540
7376722,1878,1923,1894,-0.0721,0.0545,1.0187,-34.062,-37.930,-51.165
7376732,1755,1886,1909,-0.0636,0.0468,1.0241,-29.620,-38.964,-52.706
7376742,1804,1905,1883,-0.0551,0.0385,1.0276,-25.008,-39.879,-54.125
7376752,1829,1886,1894,-0.0474,0.0324,1.0355,-20.525,-40.926,-55.326
7376762,1816,1908,1881,-0.0377,0.0274,1.0436,-16.434,-42.053,-56.209
7376772,1923,1901,1907,-0.0298,0.0313,1.0547,-12.980,-43.301,-56.662
7376782,1904,1894,1882,-0.0208,0.0350,1.0657,-10.314,-44.577,-56.816
7376792,1843,1890,1901,-0.0104,0.0337,1.0700,-8.635,-45.696,-56.980
7376802,1745,1901,1880,0.0010,0.0339,1.0760,-7.756,-46.834,-57.105
7376812,1750,1892,1899,0.0137,0.0268,1.0866,-7.445,-48.036,-57.137
7376822,1800,1908,1886,0.0277,0.0242,1.0963,-7.639,-49.079,-56.905
7376832,2001,2040,1896,0.0378,0.0317,1.1005,-8.199,-49.843,-56.371
7376842,1862,1912,1886,0.0452,0.0397,1.1086,-8.936,-50.399,-55.795
7376852,1862,1890,1905,0.0514,0.0439,1.1264,-10.090,-50.971,-55.434
7376862,1835,1901,1883,0.0589,0.0477,1.1339,-11.561,-51.248,-55.260
7376872,1965,1901,1896,0.0659,0.0429,1.1430,-13.413,-51.080,-55.334
7376882,1756,1889,1885,0.0762,0.0378,1.1494,-15.400,-50.926,-55.455
7376892,1744,1899,1889,0.0883,0.0287,1.1566,-17.459,-50.481,-55.568
7376902,1898,1915,1883,0.0979,0.0223,1.1629,-19.447,-50.142,-55.432
7376912,1800,1904,1933,0.1053,0.0162,1.1596,-21.345,-49.426,-55.205
7376922,1875,1971,1885,0.1139,0.0059,1.1646,-23.254,-48.954,-55.042
7376932,1949,1902,1887,0.1194,-0.0035,1.1690,-25.063,-48.525,-54.943
7376942,1832,1900,1881,0.1267,-0.0177,1.1713,-26.882,-48.138,-54.956
7376952,1755,1912,1929,0.1379,-0.0301,1.1751,-28.408,-47.881,-54.934
7376962,1833,1894,1885,0.1513,-0.0446,1.1785,-29.718,-47.650,-54.854
7376972,1855,1887,1933,0.1673,-0.0501,1.1804,-30.887,-47.254,-54.587
7376982,1773,1921,1882,0.1806,-0.0537,1.1868,-31.922,-46.644,-54.157
7376992,1811,1885,1898,0.1918,-0.0738,1.1919,-33.219,-45.756,-53.967
7377002,1776,1978,1896,0.2011,-0.0860,1.1937,-34.159,-44.558,-53.633
7377012,1794,1889,1887,0.2101,-0.0943,1.1917,-34.879,-43.203,-52.989
7377022,1749,1909,1883,0.2180,-0.1050,1.1909,-35.237,-41.826,-52.162
7377032,1841,1923,1899,0.2240,-0.1076,1.1844,-35.210,-40.329,-51.107
7377042,1769,1912,1882,0.2290,-0.1100,1.1846,-34.738,-38.739,-49.989
7377052,1739,1891,1893,0.2330,-0.1035,1.1868,-34.103,-37.368,-49.075
7377062,2026,1903,1885,0.2442,-0.1251,1.1883,-33.637,-35.880,-48.476
7377072,1893,1921,1883,0.2543,-0.1328,1.1966,-33.095,-34.705,-47.564
7377082,2245,1941,1897,0.2613,-0.1471,1.1892,-32.655,-32.981,-46.281
7377092,1842,1887,1898,0.2717,-0.1579,1.1937,-32.044,-31.537,-44.598
7377102,1752,1905,1882,0.2774,-0.1612,1.1922,-31.161,-30.092,-42.562
7377112,1791,1890,1900,0.2806,-0.1605,1.1906,-29.827,-28.447,-40.392
7377122,1766,1904,1884,0.2788,-0.1589,1.1857,-28.053,-26.681,-38.312
7377132,1862,1886,1892,0.2803,-0.1587,1.1810,-25.938,-24.915,-36.358
7377142,1782,1915,1883,0.2813,-0.1517,1.1808,-23.789,-23.405,-34.479
7377152,1980,1912,1883,0.2807,-0.1488,1.1780,-21.789,-21.852,-32.737
7377162,1979,1919,1882,0.2800,-0.1474,1.1735,-19.989,-20.319,-31.081
7377172,1741,1886,1932,0.2796,-0.1399,1.1706,-18.188,-19.014,-29.503
7377182,1766,1929,1884,0.2810,-0.1455,1.1656,-16.539,-17.810,-28.200
7377192,2004,1892,1891,0.2843,-0.1421,1.1663,-14.479,-16.543,-27.008
7377202,1744,1916,1881,0.2880,-0.1471,1.1811,-12.280,-15.211,-25.898
7377212,1863,1892,1895,0.2843,-0.1413,1.1774,-9.925,-13.240,-24.536
7377222,1760,1908,1884,0.2790,-0.1376,1.1678,-7.442,-11.049,-23.070
7377232,1794,1901,1904,0.2745,-0.1290,1.1715,-5.168,-9.889,-21.711
7377242,1982,1950,1887,0.2712,-0.1277,1.1556,-3.280,-8.789,-20.770
7377252,1758,1884,1889,0.2714,-0.1274,1.1508,-1.322,-8.029,-20.149
7377262,1774,1910,1916,0.2734,-0.1258,1.1423,0.861,-7.539,-19.698
7377272,1877,1898,1963,0.2734,-0.1226,1.1357,3.271,-6.942,-19.329
7377282,1753,1900,1919,0.2730,-0.1183,1.1229,5.583,-6.428,-19.044
7377292,2022,1897,2140,0.2743,-0.1170,1.1117,7.873,-5.951,-18.853
7377302,1779,1899,1886,0.2762,-0.1154,1.1126,10.134,-5.954,-18.667
7377312,1748,1888,1888,0.2772,-0.1127,1.1129,12.356,-5.960,-18.372
7377322,1748,1909,1882,0.2801,-0.1103,1.1188,14.258,-5.968,-17.975
7377332,1769,1895,1898,0.2818,-0.1049,1.1223,15.826,-5.949,-17.451
7377342,1767,1912,1890,0.2823,-0.0982,1.1288,17.023,-5.782,-16.814
7377352,1742,1886,1912,0.2826,-0.0902,1.1406,17.885,-5.706,-16.138
7377362,1805,1956,1950,0.2830,-0.0781,1.1466,18.542,-5.489,-15.517
7377372,1745,1890,1931,0.2842,-0.0677,1.1443,19.026,-5.144,-15.050
7377382,1796,1923,1886,0.2826,-0.0618,1.1386,19.467,-4.771,-14.718
7377392,1743,1901,1886,0.2798,-0.0562,1.1353,19.978,-4.549,-14.438
7377402,1764,1895,1951,0.2756,-0.0489,1.1330,20.508,-4.456,-14.189
7377412,1746,1887,1936,0.2725,-0.0416,1.1366,20.934,-4.569,-13.957
7377422,1767,1911,1951,0.2711,-0.0334,1.1377,21.118,-4.699,-13.734
7377432,1757,1886,1881,0.2702,-0.0291,1.1371,21.045,-4.725,-13.479
7377442,1806,1905,1922,0.2708,-0.0244,1.1400,20.778,-4.809,-13.122
7377452,1743,1894,1969,0.2701,-0.0186,1.1378,20.418,-4.804,-12.642
7377462,1775,1933,1901,0.2682,-0.0149,1.1338,19.946,-4.719,-12.122
7377472,1744,1887,1886,0.2670,-0.0087,1.1297,19.307,-4.724,-11.622
7377482,1809,1927,1935,0.2666,-0.0032,1.1271,18.616,-4.759,-11.251
7377492,1745,1885,1904,0.2671,0.0015,1.1267,17.807,-4.784,-10.959
7377502,1749,1906,2107,0.2668,0.0061,1.1249,16.808,-4.709,-10.642
7377512,1744,1891,1918,0.2672,0.0108,1.1231,15.737,-4.547,-10.221
7377522,1759,1887,1888,0.2684,0.0166,1.1205,14.617,-4.326,-9.665
7377532,1746,1888,1918,0.2690,0.0232,1.1159,13.488,-4.083,-9.065
7377542,1773,1963,1940,0.2695,0.0290,1.1127,12.339,-3.895,-8.533
7377552,1746,1889,1980,0.2711,0.0324,1.1135,11.135,-3.819,-8.119
7377562,1853,1889,1903,0.2741,0.0337,1.1158,9.849,-3.824,-7.796
7377572,1808,1887,1885,0.2762,0.0346,1.1186,8.470,-3.763,-7.535
7377582,1793,1926,1913,0.2786,0.0341,1.1202,6.999,-3.659,-7.281
7377592,1745,1890,1902,0.2802,0.0316,1.1227,5.501,-3.496,-6.994
7377602,1797,1909,1951,0.2812,0.0273,1.1244,4.072,-3.276,-6.660
7377612,1744,1899,2120,0.2808,0.0235,1.1212,2.787,-2.944,-6.274
7377622,1764,1903,1893,0.2802,0.0222,1.1211,1.749,-2.652,-5.881
7377632,1750,1891,1990,0.2789,0.0231,1.1210,1.096,-2.442,-5.567
7377642,1750,1907,1910,0.2805,0.0172,1.1125,0.829,-2.135,-5.467
7377652,1745,1887,1886,0.2827,0.0134,1.1120,0.806,-1.898,-5.530
7377662,1753,1906,1886,0.2830,0.0137,1.1125,1.095,-1.791,-5.483
7377672,1744,1884,1975,0.2810,0.0129,1.1173,1.602,-1.547,-5.347
7377682,1765,1918,1887,0.2792,0.0114,1.1204,2.169,-1.330,-5.168
7377692,1744,1887,1894,0.2777,0.0117,1.1198,2.906,-1.052,-5.010
7377702,1799,1900,1929,0.2761,0.0091,1.1209,3.716,-0.849,-4.914
7377712,1744,1886,1884,0.2747,0.0094,1.1178,4.707,-0.637,-4.874
7377722,1790,1932,1880,0.2746,0.0110,1.1179,5.943,-0.517,-4.868
7377732,1752,1890,1886,0.2738,0.0139,1.1172,7.244,-0.515,-4.905
7377742,1786,1913,1985,0.2727,0.0178,1.1158,8.590,-0.392,-4.974
7377752,1745,1887,1925,0.2719,0.0233,1.1146,9.847,-0.289,-5.062
7377762,1781,1907,1886,0.2718,0.0280,1.1177,10.855,-0.292,-5.118
7377772,1896,1918,1892,0.2715,0.0342,1.1173,11.615,-0.222,-5.128
7377782,1744,1896,1982,0.2721,0.0383,1.1168,12.076,-0.139,-5.095
7377792,1748,1887,1890,0.2716,0.0429,1.1189,12.286,-0.115,-5.012
7377802,1761,1908,1889,0.2712,0.0467,1.1240,12.309,-0.197,-4.851
7377812,1748,1898,1980,0.2703,0.0504,1.1236,12.167,-0.223,-4.653
7377822,1762,1900,1911,0.2690,0.0529,1.1247,11.851,-0.300,-4.493
7377832,1745,1901,1914,0.2693,0.0552,1.1222,11.486,-0.421,-4.352
7377842,1768,1909,1919,0.2687,0.0570,1.1169,11.147,-0.508,-4.225
7377852,1749,1890,1884,0.2687,0.0580,1.1159,10.827,-0.636,-4.111
7377862,1779,1906,1886,0.2685,0.0594,1.1157,10.516,-0.727,-3.985
7377872,1749,1887,1938,0.2688,0.0638,1.1139,10.155,-0.769,-3.846
7377882,1827,1926,1901,0.2677,0.0675,1.1113,9.637,-0.769,-3.740
7377892,1748,1889,1889,0.2674,0.0708,1.1111,8.987,-0.747,-3.680
7377902,1792,1934,1901,0.2658,0.0737,1.1123,8.221,-0.758,-3.627
7377912,1747,1900,1967,0.2656,0.0764,1.1162,7.298,-0.736,-3.564
7377922,1756,1895,1951,0.2667,0.0764,1.1186,6.166,-0.628,-3.492
7377932,1747,1888,1904,0.2680,0.0741,1.1168,4.990,-0.430,-3.360
7377942,1785,1926,1897,0.2683,0.0720,1.1170,3.891,-0.249,-3.133
7377952,1755,1887,1968,0.2679,0.0721,1.1166,2.955,-0.102,-2.821
7377962,1788,1918,1886,0.2673,0.0728,1.1148,2.233,0.027,-2.514
7377972,1747,1888,1918,0.2672,0.0732,1.1137,1.761,0.158,-2.219
7377982,1790,1929,1904,0.2677,0.0742,1.1123,1.511,0.244,-1.934
7377992,1751,1889,2034,0.2680,0.0756,1.1122,1.384,0.298,-1.647
7378002,1802,1935,1952,0.2676,0.0774,1.1118,1.291,0.340,-1.377
7378012,1760,1889,1908,0.2679,0.0785,1.1143,1.122,0.313,-1.141
7378022,1773,1901,1882,0.2687,0.0793,1.1169,0.764,0.256,-0.924
7378032,1751,1889,1906,0.2686,0.0784,1.1179,0.169,0.266,-0.688
7378042,1809,1932,1889,0.2675,0.0775,1.1169,-0.592,0.233,-0.416
7378052,1753,1895,1972,0.2672,0.0779,1.1141,-1.425,0.167,-0.144
7378062,1791,1914,1908,0.2674,0.0735,1.1138,-2.092,0.020,0.048
7378072,1751,1887,1883,0.2670,0.0680,1.1125,-2.331,-0.100,0.187
7378082,1773,1908,1923,0.2667,0.0645,1.1143,-2.142,-0.240,0.301
7378092,1747,1888,1910,0.2667,0.0609,1.1175,-1.790,-0.452,0.337
7378102,1775,1899,1907,0.2667,0.0596,1.1155,-1.303,-0.436,0.329
7378112,1749,1896,1883,0.2661,0.0602,1.1153,-0.807,-0.474,0.297
7378122,1777,1925,1900,0.2656,0.0620,1.1129,-0.276,-0.493,0.204
7378132,1748,1891,1889,0.2650,0.0647,1.1146,0.232,-0.563,0.044
7378142,1783,1903,1906,0.2656,0.0656,1.1150,0.690,-0.702,-0.176
7378152,1761,1889,1888,0.2653,0.0658,1.1144,1.003,-0.786,-0.440
7378162,1822,1929,1885,0.2658,0.0662,1.1162,1.095,-0.865,-0.692
7378172,1750,1891,2133,0.2669,0.0663,1.1157,1.039,-0.904,-0.925
7378182,1760,1892,1940,0.2669,0.0681,1.1157,0.919,-0.893,-1.122
7378192,1751,1890,1898,0.2667,0.0683,1.1128,0.861,-0.838,-1.322
7378202,1774,1910,1882,0.2659,0.0686,1.1145,0.888,-0.769,-1.534
7378212,1762,1894,1888,0.2672,0.0683,1.1149,1.017,-0.752,-1.748
7378222,1783,1904,1951,0.2673,0.0678,1.1141,1.207,-0.679,-1.931
7378232,1757,1921,1884,0.2681,0.0688,1.1154,1.348,-0.642,-2.042
7378242,1813,1894,1882,0.2687,0.0706,1.1141,1.452,-0.529,-2.077
7378252,1748,1887,1928,0.2688,0.0726,1.1134,1.446,-0.444,-2.093
7378262,1751,1890,1951,0.2688,0.0746,1.1136,1.384,-0.379,-2.096
7378272,1750,1886,1962,0.2692,0.0757,1.1124,1.319,-0.281,-2.080
7378282,1851,1892,1952,0.2688,0.0771,1.1120,1.211,-0.215,-2.043
7378292,1772,1906,1899,0.2675,0.0790,1.1155,1.055,-0.161,-2.016
7378302,1803,1917,1895,0.2662,0.0772,1.1169,0.815,-0.096,-1.948
7378312,1754,1887,1912,0.2658,0.0769,1.1158,0.648,0.053,-1.795
7378322,1795,1912,1898,0.2656,0.0754,1.1156,0.611,0.095,-1.566
7378332,1767,1900,1881,0.2657,0.0760,1.1155,0.645,0.151,-1.320
7378342,1795,1900,1883,0.2655,0.0771,1.1159,0.684,0.214,-1.090
7378352,1750,1887,2018,0.2653,0.0780,1.1134,0.790,0.233,-0.916
7378362,1790,1917,1898,0.2643,0.0781,1.1165,0.859,0.167,-0.826
7378372,1756,1888,1975,0.2630,0.0770,1.1184,0.937,0.096,-0.734
7378382,1821,1921,1890,0.2624,0.0764,1.1188,0.938,0.088,-0.613
7378392,1752,1889,2286,0.2609,0.0769,1.1193,0.857,0.011,-0.484
7378402,1784,1922,1887,0.2602,0.0760,1.1182,0.724,-0.061,-0.371
7378412,1752,1888,1952,0.2598,0.0772,1.1168,0.620,-0.091,-0.254
7378422,1792,1917,2003,0.2602,0.0786,1.1201,0.544,-0.234,-0.153
7378432,1791,1891,2008,0.2597,0.0787,1.1185,0.471,-0.332,-0.089
7378442,1769,1889,2025,0.2607,0.0775,1.1185,0.351,-0.402,-0.071
7378452,1756,1890,1934,0.2605,0.0757,1.1165,0.159,-0.485,-0.060
7378462,1793,1904,1881,0.2606,0.0752,1.1165,-0.049,-0.537,-0.051
7378472,1759,1889,1896,0.2607,0.0740,1.1159,-0.162,-0.585,-0.062
7378482,1774,1906,1928,0.2618,0.0732,1.1146,-0.104,-0.576,-0.071
7378492,1758,1888,2089,0.2618,0.0739,1.1139,0.098,-0.553,-0.060
7378502,1787,1915,1904,0.2621,0.0742,1.1164,0.364,-0.580,-0.039
7378512,1792,1938,1942,0.2626,0.0755,1.1176,0.602,-0.529,-0.014
7378522,1790,1914,1903,0.2638,0.0756,1.1201,0.741,-0.449,0.013
7378532,1755,1888,2027,0.2641,0.0763,1.1207,0.746,-0.334,0.062
7378542,1774,1897,1911,0.2636,0.0764,1.1197,0.639,-0.139,0.143
7378552,1758,1893,1883,0.2621,0.0770,1.1192,0.495,0.032,0.238
7378562,1783,1898,1881,0.2607,0.0772,1.1174,0.348,0.172,0.310
7378572,1756,1888,1907,0.2604,0.0784,1.1157,0.243,0.248,0.345
7378582,1803,1910,1885,0.2608,0.0776,1.1153,0.163,0.220,0.345
7378592,1780,1890,1926,0.2609,0.0767,1.1154,0.073,0.143,0.329
7378602,1790,1925,1923,0.2608,0.0763,1.1140,-0.037,0.080,0.314
7378612,1760,1889,1997,0.2606,0.0762,1.1136,-0.152,0.025,0.280
7378622,1797,1889,1917,0.2604,0.0753,1.1135,-0.199,-0.041,0.236
7378632,1760,1887,2060,0.2607,0.0752,1.1148,-0.141,-0.130,0.180
7378642,1756,1888,1930,0.2600,0.0746,1.1134,-0.031,-0.148,0.075
7378652,1756,1888,1941,0.2607,0.0743,1.1144,0.096,-0.179,-0.027
7378662,1755,1921,1884,0.2606,0.0742,1.1179,0.202,-0.257,-0.127
7378672,1756,1887,1947,0.2601,0.0747,1.1168,0.306,-0.297,-0.219
7378682,1792,1924,1882,0.2584,0.0753,1.1144,0.384,-0.289,-0.316
7378692,1762,1889,1966,0.2584,0.0761,1.1148,0.487,-0.324,-0.411
7378702,1797,1918,1897,0.2585,0.0778,1.1154,0.587,-0.388,-0.512
7378712,1758,1891,1899,0.2586,0.0782,1.1172,0.657,-0.484,-0.607
7378722,1770,1901,1978,0.2596,0.0770,1.1169,0.627,-0.523,-0.682
7378732,1765,1890,1952,0.2595,0.0772,1.1160,0.559,-0.522,-0.712
7378742,1782,1904,1903,0.2587,0.0800,1.1146,0.526,-0.499,-0.712
7378752,1771,1890,1988,0.2583,0.0801,1.1161,0.576,-0.514,-0.751
7378762,1787,1917,1887,0.2585,0.0793,1.1172,0.633,-0.534,-0.802
7378772,1758,1888,1880,0.2596,0.0781,1.1177,0.701,-0.558,-0.813
7378782,1805,1933,1893,0.2596,0.0776,1.1179,0.674,-0.574,-0.786
7378792,1758,1899,1895,0.2586,0.0781,1.1184,0.624,-0.570,-0.745
7378802,1797,1917,1936,0.2576,0.0789,1.1160,0.583,-0.576,-0.701
7378812,1766,1903,1902,0.2582,0.0799,1.1152,0.569,-0.618,-0.683
7378822,1789,1900,2015,0.2580,0.0801,1.1155,0.582,-0.624,-0.690
7378832,1762,1899,1947,0.2586,0.0801,1.1179,0.626,-0.625,-0.654
7378842,1789,1934,2104,0.2593,0.0801,1.1169,0.650,-0.628,-0.578
7378852,1765,1892,1954,0.2587,0.0804,1.1170,0.606,-0.568,-0.490
7378862,1796,1911,1881,0.2583,0.0810,1.1186,0.504,-0.525,-0.411
7378872,1762,1889,1885,0.2579,0.0802,1.1194,0.397,-0.496,-0.322
7378882,1763,1892,1884,0.2571,0.0810,1.1205,0.326,-0.494,-0.224
7378892,1757,1886,1905,0.2558,0.0816,1.1186,0.277,-0.494,-0.124
7378902,1786,1920,1895,0.2562,0.0809,1.1190,0.204,-0.517,-0.063
7378912,1762,1886,1883,0.2563,0.0799,1.1195,0.083,-0.557,-0.017
7378922,1795,1911,1880,0.2571,0.0798,1.1196,0.008,-0.567,0.009
7378932,1759,1897,1976,0.2577,0.0792,1.1170,-0.023,-0.555,0.018
7378942,1785,1916,1883,0.2571,0.0791,1.1151,0.019,-0.510,0.002
7378952,1775,1899,1887,0.2569,0.0801,1.1170,0.129,-0.587,-0.052
7378962,1807,1917,1889,0.2575,0.0801,1.1183,0.260,-0.651,-0.130
7378972,1759,1886,1929,0.2582,0.0791,1.1175,0.363,-0.630,-0.188
7378982,1777,1904,1905,0.2582,0.0795,1.1180,0.415,-0.600,-0.195
7378992,1761,1889,1885,0.2588,0.0799,1.1181,0.450,-0.593,-0.204
7379002,1799,1935,1952,0.2587,0.0808,1.1178,0.494,-0.629,-0.234
7379012,1765,1890,1935,0.2589,0.0811,1.1160,0.565,-0.605,-0.259
7379022,1786,1923,1889,0.2592,0.0840,1.1150,0.667,-0.594,-0.291
7379032,1758,1892,1978,0.2565,0.0850,1.1161,0.713,-0.668,-0.318
7379042,1792,1920,1901,0.2553,0.0870,1.1142,0.754,-0.627,-0.300
7379052,1765,1889,1902,0.2548,0.0882,1.1165,0.736,-0.732,-0.256
7379062,1801,1936,1937,0.2552,0.0874,1.1177,0.664,-0.784,-0.186
7379072,1762,1889,1909,0.2543,0.0862,1.1188,0.421,-0.822,-0.092
7379082,1778,1901,1880,0.2538,0.0859,1.1174,0.112,-0.878,0.007
7379092,1771,1904,1902,0.2542,0.0850,1.1160,-0.165,-0.892,0.068
7379102,1810,1916,1894,0.2547,0.0830,1.1162,-0.322,-0.977,0.085
7379112,1761,1889,1916,0.2556,0.0821,1.1173,-0.371,-1.093,0.109
7379122,1787,1901,1888,0.2554,0.0809,1.1166,-0.378,-1.145,0.087
7379132,1761,1891,1962,0.2559,0.0788,1.1152,-0.340,-1.156,0.055
7379142,1803,1909,1885,0.2565,0.0788,1.1149,-0.262,-1.187,0.070
7379152,1761,1893,1915,0.2567,0.0804,1.1162,-0.128,-1.189,0.080
7379162,1761,1889,1894,0.2569,0.0818,1.1163,0.077,-1.198,0.055
7379172,1762,1888,1900,0.2563,0.0834,1.1163,0.292,-1.210,0.004
7379182,1786,1904,1940,0.2561,0.0841,1.1179,0.417,-1.239,-0.061
7379192,1763,1889,1907,0.2561,0.0840,1.1172,0.350,-1.232,-0.113
7379202,1789,1886,1927,0.2559,0.0838,1.1178,0.153,-1.237,-0.163
7379212,1768,1895,1888,0.2559,0.0830,1.1171,-0.051,-1.224,-0.225
7379222,1776,1903,1880,0.2563,0.0811,1.1163,-0.115,-1.194,-0.304
7379232,1768,1888,1968,0.2572,0.0807,1.1153,-0.062,-1.156,-0.373
7379242,1786,1952,1970,0.2578,0.0799,1.1141,0.046,-1.096,-0.416
7379252,1771,1901,1890,0.2584,0.0801,1.1144,0.178,-1.041,-0.464
7379262,1771,1917,1911,0.2592,0.0809,1.1147,0.381,-1.003,-0.567
7379272,1764,1888,1887,0.2611,0.0796,1.1160,0.653,-1.039,-0.690
7379282,1783,1922,1919,0.2617,0.0795,1.1156,0.973,-0.997,-0.795
7379292,1773,1892,1924,0.2612,0.0801,1.1158,1.248,-1.003,-0.848
7379302,1778,1906,1914,0.2607,0.0814,1.1152,1.398,-1.021,-0.888
7379312,1777,1911,1902,0.2597,0.0816,1.1164,1.354,-1.042,-0.901
7379322,1794,1927,1931,0.2588,0.0838,1.1156,1.258,-1.083,-0.837
7379332,1773,1917,1911,0.2561,0.0871,1.1174,1.198,-1.127,-0.747
7379342,1777,1902,1911,0.2546,0.0886,1.1165,1.076,-1.141,-0.683
7379352,1772,1888,1893,0.2529,0.0914,1.1144,0.982,-1.100,-0.614
7379362,1772,1917,1883,0.2517,0.0914,1.1167,0.921,-1.220,-0.563
7379372,1824,1901,1881,0.2509,0.0907,1.1172,0.855,-1.241,-0.510
7379382,1805,1909,1877,0.2514,0.0920,1.1165,0.693,-1.209,-0.397
7379392,1765,1900,1927,0.2526,0.0911,1.1196,0.375,-1.301,-0.281
7379402,1784,1904,1879,0.2533,0.0885,1.1164,-0.003,-1.183,-0.196
