4991552,1531,1864,1952,0.0760,0.1437,1.1373,-0.046,-0.649,0.085
4991562,1568,1855,1738,0.0769,0.1432,1.1374,-0.168,-0.735,0.072
4991572,1544,1868,1794,0.0765,0.1426,1.1372,-0.269,-0.780,0.069
4991582,1555,1848,1691,0.0758,0.1432,1.1378,-0.367,-0.854,0.082
4991592,1574,1878,1778,0.0755,0.1433,1.1353,-0.412,-0.868,0.110
4991602,1545,1847,1738,0.0763,0.1433,1.1364,-0.390,-0.917,0.123
4991612,1539,1865,1876,0.0766,0.1431,1.1379,-0.427,-1.061,0.121
4991622,1557,1847,1765,0.0756,0.1428,1.1368,-0.472,-1.029,0.141
4991632,1544,1868,1762,0.0756,0.1429,1.1352,-0.474,-0.894,0.160
4991642,1555,1846,1753,0.0756,0.1426,1.1361,-0.399,-0.864,0.150
4991652,1535,1857,1703,0.0765,0.1435,1.1376,-0.315,-0.905,0.143
4991662,1563,1846,1904,0.0771,0.1435,1.1367,-0.242,-0.934,0.139
4991672,1535,1859,1787,0.0773,0.1420,1.1371,-0.274,-0.925,0.123
4991682,1564,1848,1773,0.0765,0.1406,1.1385,-0.416,-0.928,0.115
4991692,1549,1868,1819,0.0771,0.1399,1.1372,-0.587,-0.933,0.121
4991702,1561,1852,1710,0.0770,0.1400,1.1361,-0.672,-0.969,0.111
4991712,1550,1868,1798,0.0774,0.1404,1.1377,-0.605,-1.022,0.092
4991722,1547,1847,1689,0.0780,0.1415,1.1379,-0.386,-1.031,0.067
4991732,1535,1862,1792,0.0780,0.1427,1.1383,-0.132,-0.983,0.060
4991742,1546,1850,1738,0.0776,0.1428,1.1370,0.058,-0.865,0.054
4991752,1535,1865,1732,0.0771,0.1432,1.1363,0.133,-0.789,0.055
4991762,1552,1852,1795,0.0770,0.1431,1.1375,0.033,-0.837,0.049
4991772,1535,1854,1763,0.0772,0.1414,1.1365,-0.173,-0.891,0.045
4991782,1544,1846,1720,0.0773,0.1408,1.1358,-0.374,-0.901,0.045
4991792,1535,1863,1747,0.0775,0.1392,1.1377,-0.486,-0.947,0.036
4991802,1535,1852,1758,0.0769,0.1394,1.1376,-0.465,-0.957,0.026
4991812,1535,1852,1862,0.0775,0.1408,1.1358,-0.288,-0.887,0.018
4991822,1581,1850,1805,0.0777,0.1409,1.1384,-0.041,-0.822,-0.003
4991832,1562,1848,1701,0.0775,0.1418,1.1395,0.170,-0.750,-0.008
4991842,1571,1847,1776,0.0770,0.1423,1.1377,0.291,-0.623,0.004
4991852,1535,1855,1749,0.0769,0.1429,1.1390,0.295,-0.599,0.011
4991862,1539,1847,1704,0.0766,0.1426,1.1375,0.197,-0.627,0.019
4991872,1535,1859,1871,0.0774,0.1428,1.1363,0.065,-0.640,0.046
4991882,1535,1847,1694,0.0774,0.1418,1.1365,-0.061,-0.693,0.054
4991892,1535,1868,1861,0.0779,0.1410,1.1365,-0.091,-0.734,0.054
4991902,1535,1849,1822,0.0772,0.1420,1.1365,-0.043,-0.729,0.073
4991912,1535,1860,1788,0.0759,0.1426,1.1363,0.064,-0.700,0.105
4991922,1535,1849,1691,0.0755,0.1434,1.1369,0.173,-0.708,0.117
4991932,1535,1869,1872,0.0762,0.1434,1.1374,0.202,-0.750,0.120
4991942,1566,1852,1713,0.0755,0.1431,1.1370,0.130,-0.837,0.139
4991952,1535,1860,1792,0.0756,0.1434,1.1368,-0.010,-0.954,0.169
4991962,1562,1853,1709,0.0765,0.1424,1.1382,-0.205,-1.134,0.196
4991972,1544,1856,1727,0.0781,0.1427,1.1386,-0.339,-1.293,0.201
4991982,1563,1850,1751,0.0778,0.1444,1.1386,-0.434,-1.410,0.220
4991992,1539,1860,1804,0.0777,0.1448,1.1376,-0.441,-1.466,0.234
4992002,1577,1849,1722,0.0773,0.1453,1.1381,-0.452,-1.525,0.250
4992012,1550,1851,1715,0.0774,0.1460,1.1378,-0.494,-1.592,0.267
4992022,1558,1854,1733,0.0766,0.1463,1.1384,-0.574,-1.676,0.278
4992032,1540,1856,1770,0.0763,0.1450,1.1392,-0.712,-1.783,0.277
4992042,1578,1851,1723,0.0756,0.1440,1.1386,-0.935,-1.929,0.257
4992052,1558,1860,1730,0.0758,0.1432,1.1388,-1.190,-2.069,0.245
4992062,1570,1848,1736,0.0763,0.1429,1.1370,-1.440,-2.223,0.245
4992072,1559,1858,1746,0.0767,0.1441,1.1378,-1.600,-2.387,0.256
4992082,1574,1850,1730,0.0772,0.1448,1.1377,-1.702,-2.541,0.269
4992092,1540,1853,1784,0.0777,0.1465,1.1390,-1.768,-2.642,0.299
4992102,1578,1851,1727,0.0781,0.1487,1.1394,-1.841,-2.719,0.352
4992112,1559,1861,1760,0.0782,0.1497,1.1396,-2.036,-2.811,0.410
4992122,1587,1853,1748,0.0792,0.1493,1.1405,-2.405,-2.917,0.481
4992132,1623,1851,1759,0.0801,0.1476,1.1414,-2.964,-2.999,0.580
4992142,1587,1852,1735,0.0812,0.1448,1.1432,-3.696,-3.083,0.704
4992152,1609,1854,1742,0.0825,0.1430,1.1432,-4.450,-3.188,0.877
4992162,1730,1867,1716,0.0846,0.1396,1.1428,-5.054,-3.301,1.110
4992172,1570,1850,1772,0.0851,0.1368,1.1422,-5.395,-3.326,1.408
4992182,1644,1887,1723,0.0838,0.1361,1.1423,-5.445,-3.268,1.763
4992192,1544,1849,1742,0.0819,0.1342,1.1374,-5.207,-3.093,2.046
4992202,1760,1853,1727,0.0801,0.1273,1.1308,-4.669,-3.022,2.108
4992212,1561,1859,1759,0.0798,0.1167,1.1254,-3.758,-3.100,1.969
4992222,1563,1852,1724,0.0805,0.1063,1.1223,-2.562,-3.333,1.758
4992232,1558,1858,1756,0.0820,0.0997,1.1192,-1.111,-3.519,1.569
4992242,1670,1855,1718,0.0832,0.1004,1.1211,0.607,-3.705,1.478
4992252,1554,1867,1756,0.0847,0.1087,1.1244,2.527,-3.819,1.460
4992262,1560,1855,1728,0.0861,0.1212,1.1302,4.714,-3.728,1.451
4992272,1563,1851,1758,0.0868,0.1281,1.1364,6.589,-3.514,1.357
4992282,2087,1893,1716,0.0865,0.1336,1.1373,8.005,-3.083,1.261
4992292,1569,1850,1756,0.0854,0.1405,1.1385,8.716,-2.719,1.318
4992302,1587,1851,1723,0.0846,0.1472,1.1374,8.713,-2.488,1.466
4992312,1846,1894,1767,0.0844,0.1556,1.1348,8.125,-2.398,1.637
4992322,1610,1856,1722,0.0847,0.1628,1.1360,7.176,-2.470,1.736
4992332,1730,1861,1766,0.0851,0.1657,1.1384,6.003,-2.672,1.665
4992342,1639,1890,1711,0.0863,0.1654,1.1403,4.661,-2.873,1.527
4992352,1578,1916,1742,0.0879,0.1637,1.1425,3.212,-3.070,1.385
4992362,1572,1854,1730,0.0885,0.1621,1.1454,1.749,-3.207,1.285
4992372,1886,1876,1736,0.0894,0.1611,1.1476,0.429,-3.222,1.257
4992382,1577,1852,1721,0.0893,0.1597,1.1507,-0.695,-3.177,1.293
4992392,1738,1911,1741,0.0880,0.1603,1.1494,-1.636,-2.935,1.404
4992402,1575,1889,1718,0.0882,0.1636,1.1483,-2.482,-2.670,1.569
4992412,1716,1864,1742,0.0882,0.1687,1.1477,-3.403,-2.575,1.679
4992422,1807,1853,1731,0.0879,0.1698,1.1541,-4.678,-2.592,1.644
4992432,1568,1856,1729,0.0890,0.1654,1.1598,-6.211,-2.513,1.583
4992442,2020,1850,1708,0.0911,0.1580,1.1642,-7.945,-2.273,1.681
4992452,1787,1853,1731,0.0918,0.1471,1.1678,-10.032,-2.109,2.060
4992462,1891,1854,1725,0.0943,0.1424,1.1665,-12.368,-1.899,2.716
4992472,1586,1948,1748,0.0922,0.1359,1.1748,-14.880,-1.801,3.544
4992482,1733,1906,1720,0.0902,0.1310,1.1757,-17.627,-1.680,4.522
4992492,1630,1954,1723,0.0874,0.1274,1.1725,-20.247,-1.084,5.636
4992502,1866,1854,1724,0.0889,0.1267,1.1775,-22.774,-1.027,6.878
4992512,1565,1863,1720,0.0925,0.1180,1.1836,-25.287,-0.881,8.026
4992522,1744,1868,1727,0.0981,0.1118,1.1921,-28.021,-0.712,9.123
4992532,1649,1911,1764,0.1008,0.1019,1.2080,-31.025,-0.270,10.219
4992542,1562,1886,1730,0.1062,0.0942,1.2166,-34.164,0.484,11.420
4992552,1633,1855,1757,0.1080,0.0792,1.2256,-38.541,1.543,12.629
4992562,1642,1851,1706,0.1091,0.0714,1.2259,-43.394,2.772,14.163
4992572,1609,1854,1762,0.1080,0.0646,1.2291,-49.252,3.991,15.961
4992582,1619,1883,1723,0.1077,0.0615,1.2159,-55.375,5.187,17.827
4992592,1566,1889,1741,0.1106,0.0578,1.2131,-61.595,6.259,19.418
4992602,1631,1889,1720,0.1149,0.0500,1.2118,-67.124,6.928,20.662
4992612,1570,1857,1761,0.1169,0.0322,1.2104,-71.268,7.915,21.448
4992622,1783,1880,1741,0.1203,0.0067,1.2133,-73.792,9.009,22.133
4992632,1669,1866,1779,0.1197,-0.0127,1.2229,-75.472,10.066,22.979
4992642,1564,1879,1764,0.1186,-0.0350,1.2218,-76.414,11.465,23.648
4992652,1674,1851,1768,0.1189,-0.0653,1.2234,-76.660,13.269,23.750
4992662,1729,1892,1732,0.1172,-0.0928,1.2302,-75.927,15.167,23.454
4992672,1757,1854,1763,0.1136,-0.1185,1.2219,-73.758,17.662,23.047
4992682,1606,1870,1758,0.1094,-0.1368,1.2220,-69.715,20.199,22.732
4992692,1594,1892,1780,0.0952,-0.1522,1.2155,-63.768,22.834,22.519
4992702,1677,1853,1719,0.0776,-0.1188,1.2091,-56.287,25.474,22.345
4992712,1624,1976,1785,0.0659,-0.1286,1.2152,-47.786,27.236,21.705
4992722,1608,1880,1739,0.0626,-0.1399,1.1946,-39.863,28.846,21.031
4992732,1666,1872,1818,0.0488,-0.1347,1.1768,-30.004,31.386,21.103
4992742,1785,1920,1746,0.0400,-0.1408,1.1932,-20.921,32.568,21.120
4992752,1622,1914,1812,0.0297,-0.1409,1.1854,-12.649,34.429,21.186
4992762,1729,1853,1750,0.0225,-0.1305,1.2015,-5.810,35.883,21.543
4992772,1573,1853,1764,0.0160,-0.1242,1.2045,-1.075,37.371,21.880
4992782,1733,1852,1735,0.0115,-0.1287,1.2101,1.883,38.955,22.141
4992792,1597,1860,1785,0.0057,-0.1312,1.2153,3.608,40.329,22.702
4992802,1644,1865,1729,-0.0033,-0.1309,1.2166,4.484,41.864,23.678
4992812,1695,1853,1793,-0.0126,-0.1322,1.2221,4.501,43.145,24.893
4992822,1851,1861,1710,-0.0209,-0.1337,1.2299,3.967,44.364,26.292
4992832,1728,1852,1764,-0.0273,-0.1372,1.2374,2.928,45.586,27.852
4992842,1571,1914,1720,-0.0331,-0.1439,1.2411,1.476,47.011,29.530
4992852,1597,1962,1809,-0.0369,-0.1534,1.2477,-0.232,48.399,31.377
4992862,1600,1852,1712,-0.0421,-0.1615,1.2530,-1.893,49.921,33.443
4992872,1831,2096,1752,-0.0474,-0.1699,1.2571,-3.390,51.592,35.717
4992882,1624,1854,1721,-0.0501,-0.1817,1.2640,-4.804,53.346,38.076
4992892,1626,1976,1772,-0.0527,-0.1948,1.2739,-6.268,55.193,40.564
4992902,1578,1962,1707,-0.0549,-0.2049,1.2819,-7.667,57.262,43.319
4992912,1581,1857,1791,-0.0577,-0.2141,1.2854,-8.939,59.525,46.360
4992922,1902,1861,1721,-0.0626,-0.2205,1.2833,-10.010,61.991,49.619
4992932,1962,1913,1787,-0.0686,-0.2210,1.2814,-10.890,64.505,53.041
4992942,1731,1926,1723,-0.0777,-0.2216,1.2797,-11.441,67.033,56.570
4992952,1603,1917,1767,-0.0864,-0.2222,1.2747,-11.778,69.635,60.138
4992962,2158,2015,1698,-0.0968,-0.2261,1.2629,-12.142,72.293,63.618
4992972,1591,1850,1740,-0.1078,-0.2356,1.2445,-12.491,74.911,66.954
4992982,1572,1860,1706,-0.1171,-0.2442,1.2267,-12.562,77.313,70.160
4992992,1583,1863,1740,-0.1300,-0.2527,1.2084,-12.253,79.574,73.253
4993002,1682,1854,1698,-0.1418,-0.2470,1.1927,-11.435,81.889,76.944
4993012,1666,1933,1729,-0.1558,-0.2337,1.1741,-10.192,84.115,80.922
4993022,1615,1852,1694,-0.1822,-0.2040,1.1397,-8.212,86.243,85.341
4993032,1693,1884,1714,-0.2053,-0.1737,1.1124,-6.747,87.374,89.164
4993042,1737,1917,1703,-0.2286,-0.1379,1.0751,-5.982,87.875,92.269
4993052,1572,1877,1724,-0.2600,-0.1002,1.0520,-6.140,87.267,94.449
4993062,1674,1866,1697,-0.2865,-0.0606,1.0378,-7.557,85.490,96.090
4993072,1643,1922,1714,-0.3105,-0.0376,1.0053,-9.712,83.767,96.985
4993082,1874,1853,1764,-0.3367,-0.0192,0.9746,-13.160,81.420,97.232
4993092,1578,1858,1697,-0.3542,0.0010,0.9549,-18.041,78.057,97.740
4993102,1706,1854,1694,-0.3738,0.0167,0.9330,-24.270,74.070,98.478
4993112,2062,1999,1707,-0.3908,0.0294,0.9261,-31.912,69.446,99.347
4993122,1594,1887,1712,-0.4023,0.0287,0.9291,-41.054,64.081,100.531
4993132,1573,2015,1693,-0.4051,0.0274,0.9166,-51.050,58.795,102.419
4993142,1848,1957,1696,-0.4088,0.0171,0.8936,-61.766,53.905,105.288
4993152,1831,1876,1747,-0.4046,-0.0042,0.8730,-73.276,48.276,108.529
4993162,1695,1994,1711,-0.4052,-0.0143,0.8764,-85.308,41.749,112.823
4993172,1590,1861,1705,-0.4149,-0.0308,0.8738,-97.229,35.551,117.715
4993182,1982,1899,1696,-0.4257,-0.0348,0.8683,-109.147,29.736,122.899
4993192,1961,1853,1700,-0.4345,-0.0286,0.8628,-120.337,24.211,128.315
4993202,1882,2101,1707,-0.4453,-0.0084,0.8589,-130.079,18.888,133.159
4993212,1778,1860,1696,-0.4464,0.0225,0.8700,-137.841,13.543,137.258
4993222,2889,2052,1794,-0.4527,0.0604,0.8840,-143.463,8.690,139.640
4993232,1736,1909,1698,-0.4514,0.0814,0.8830,-146.721,5.093,139.564
4993242,1702,1922,1697,-0.4542,0.0707,0.8577,-148.682,2.494,136.476
4993252,1640,2005,1708,-0.4567,0.0402,0.8250,-149.009,0.187,131.341
4993262,1769,1851,1724,-0.4546,-0.0081,0.8103,-148.233,-2.830,125.288
4993272,1644,1861,1789,-0.4507,-0.0576,0.8106,-146.558,-6.600,118.768
4993282,1797,1878,1708,-0.4403,-0.0956,0.8277,-143.404,-10.406,112.846
4993292,2143,1879,1752,-0.4339,-0.1235,0.8494,-138.732,-13.514,107.459
4993302,1642,1858,1709,-0.4340,-0.1404,0.8562,-132.426,-15.177,102.604
4993312,1641,1852,1708,-0.4330,-0.1510,0.8565,-124.988,-15.666,98.545
4993322,1737,1872,1717,-0.4324,-0.1650,0.8756,-118.062,-16.247,94.604
4993332,1632,1924,1709,-0.4279,-0.1866,0.8902,-111.923,-16.802,90.502
4993342,2065,1867,1726,-0.4255,-0.2079,0.9034,-105.845,-16.693,86.882
4993352,2136,1877,1706,-0.4235,-0.2175,0.9213,-99.915,-16.206,84.231
4993362,2517,1953,1707,-0.4290,-0.2273,0.9284,-94.041,-15.259,81.767
4993372,1660,1901,1713,-0.4392,-0.2335,0.9254,-87.794,-13.597,79.256
4993382,1668,1995,1781,-0.4533,-0.2354,0.9191,-81.388,-11.696,77.025
4993392,1607,1851,1703,-0.4668,-0.2369,0.9129,-75.317,-10.117,74.646
4993402,2406,1902,1704,-0.4727,-0.2381,0.9191,-69.537,-9.079,72.263
4993412,1637,1861,1703,-0.4772,-0.2449,0.9289,-64.275,-8.289,69.843
4993422,1649,1907,1708,-0.4793,-0.2483,0.9366,-59.500,-7.348,67.666
4993432,1636,1883,1741,-0.4828,-0.2533,0.9364,-55.121,-6.112,65.869
4993442,2006,1871,1706,-0.4902,-0.2505,0.9384,-51.531,-4.967,64.495
4993452,1949,1855,1701,-0.5025,-0.2340,0.9369,-48.375,-3.791,63.747
4993462,1643,1874,1700,-0.5128,-0.2144,0.9398,-45.762,-2.799,63.291
4993472,1777,1868,1699,-0.5204,-0.2012,0.9371,-44.187,-2.077,62.831
4993482,1944,1862,1700,-0.5311,-0.1932,0.9219,-43.421,-1.157,62.315
4993492,1635,1859,1701,-0.5399,-0.1787,0.9095,-44.036,-0.585,62.153
4993502,2025,1969,1821,-0.5617,-0.1533,0.8931,-45.963,-0.597,62.028
4993512,1791,2095,1777,-0.5807,-0.1243,0.8558,-48.221,-1.004,61.247
4993522,1680,1937,1759,-0.5835,-0.1089,0.8512,-50.865,-3.171,59.214
4993532,1741,1925,1712,-0.5819,-0.1132,0.8728,-54.392,-7.612,55.295
4993542,1629,1912,1797,-0.5648,-0.1297,0.8845,-58.112,-12.076,51.123
4993552,2108,1897,1707,-0.5468,-0.1396,0.9038,-62.231,-15.944,47.808
4993562,1631,1947,1729,-0.5426,-0.1423,0.9123,-66.569,-18.813,45.140
4993572,2482,1898,1745,-0.5507,-0.1288,0.8979,-69.988,-20.404,42.729
4993582,1830,1970,1703,-0.5485,-0.1211,0.8807,-71.999,-21.509,40.296
4993592,1703,2141,1709,-0.5425,-0.1342,0.8830,-73.487,-23.396,36.376
4993602,1826,1986,1803,-0.5320,-0.1607,0.8912,-74.212,-25.611,31.120
4993612,1802,1874,1764,-0.5108,-0.1905,0.8960,-73.185,-27.027,26.342
4993622,2010,1900,1710,-0.4902,-0.2333,0.8949,-71.314,-27.832,21.519
4993632,2113,1858,1858,-0.4795,-0.2803,0.8820,-68.429,-28.143,16.580
4993642,1921,1985,1779,-0.4716,-0.3028,0.8794,-63.657,-28.012,12.927
4993652,2037,1862,1710,-0.4696,-0.3054,0.8883,-57.686,-27.766,10.355
4993662,2012,1849,1708,-0.4720,-0.3053,0.8802,-50.101,-26.782,7.564
4993672,1694,1867,1743,-0.4695,-0.3068,0.8671,-41.422,-25.462,4.538
4993682,2157,1859,1962,-0.4628,-0.3209,0.8695,-33.118,-24.842,1.021
4993692,1775,1984,1998,-0.4559,-0.3493,0.8771,-25.604,-24.615,-2.830
4993702,1591,1885,1734,-0.4554,-0.3754,0.8839,-18.655,-24.109,-6.115
4993712,1772,1857,1727,-0.4575,-0.3880,0.8973,-12.111,-23.375,-8.304
4993722,1823,1868,2044,-0.4570,-0.3894,0.9171,-5.898,-22.474,-9.797
4993732,1690,1926,1778,-0.4553,-0.3841,0.9337,-0.277,-21.162,-10.988
4993742,2754,2374,1983,-0.4534,-0.3606,0.9554,4.517,-19.523,-11.633
4993752,1877,1862,1777,-0.4553,-0.3341,0.9533,8.315,-17.221,-11.973
4993762,2852,2068,1732,-0.4594,-0.3235,0.9365,11.913,-14.361,-12.982
4993772,1651,2095,1721,-0.4650,-0.3169,0.9439,14.183,-12.765,-14.459
4993782,2341,1862,1935,-0.4749,-0.3141,0.9453,16.172,-11.489,-16.240
4993792,1863,1855,1734,-0.4759,-0.3195,0.9356,18.669,-9.802,-17.992
4993802,1556,1868,1970,-0.4750,-0.3326,0.9500,20.462,-8.833,-20.035
4993812,1783,1932,1940,-0.4419,-0.3269,1.0618,20.460,-9.457,-21.428
4993822,2393,1865,1952,-0.4567,-0.2837,1.1068,17.503,-9.061,-20.967
4993832,1756,2159,1709,-0.4413,-0.2328,1.0495,14.141,-4.064,-18.609
4993842,3214,2082,2289,-0.4342,-0.2267,1.0099,11.011,-0.223,-17.606
4993852,1524,2060,1736,-0.4477,-0.2599,0.9980,6.798,0.640,-21.027
4993862,1556,1900,1764,-0.4599,-0.2702,0.9559,5.550,1.613,-24.270
4993872,1812,1971,1745,-0.4679,-0.2876,0.9059,8.957,3.781,-26.238
4993882,1837,2320,2451,-0.4733,-0.3178,0.9321,13.190,3.503,-29.303
4993892,3548,2155,1760,-0.4780,-0.3283,0.9534,17.404,2.637,-32.276
4993902,1954,1927,1792,-0.4713,-0.3022,0.9396,23.053,4.676,-32.999
4993912,1858,1903,1712,-0.4515,-0.2664,0.9610,27.226,5.958,-32.874
4993922,1621,2014,1708,-0.4408,-0.2389,0.9915,28.834,6.155,-34.464
4993932,2253,2293,1749,-0.4323,-0.2137,0.9747,29.497,7.649,-36.680
4993942,1957,2020,1732,-0.4361,-0.2029,0.9482,29.669,9.783,-39.413
4993952,1523,1922,1711,-0.4424,-0.2133,0.9512,28.673,10.446,-43.490
4993962,1706,1867,1917,-0.4554,-0.2412,0.9482,27.310,10.545,-48.275
4993972,1671,1867,2177,-0.4615,-0.2524,0.9466,26.710,11.025,-52.023
4993982,1603,1905,1880,-0.4547,-0.2534,0.9586,25.909,11.180,-54.336
4993992,1695,2016,2058,-0.4468,-0.2507,0.9782,24.580,11.088,-56.684
4994002,1753,1864,1705,-0.4380,-0.2429,0.9959,22.734,11.334,-58.834
4994012,2341,2205,1778,-0.4387,-0.2425,0.9948,20.603,12.417,-60.950
4994022,1647,1850,1756,-0.4399,-0.2597,0.9841,18.367,13.685,-63.473
4994032,1524,1869,1708,-0.4409,-0.2954,0.9826,15.707,14.100,-66.229
4994042,1707,1898,1731,-0.4434,-0.3358,0.9770,13.165,14.285,-68.294
4994052,1516,1854,1919,-0.4471,-0.3729,0.9688,11.311,14.906,-68.831
4994062,1674,1862,1725,-0.4488,-0.4066,0.9667,9.316,15.371,-67.924
4994072,2015,1860,1743,-0.4499,-0.4439,0.9632,6.537,15.620,-66.197
4994082,1705,1906,1721,-0.4465,-0.4842,0.9567,2.686,15.916,-63.674
4994092,1727,1877,1766,-0.4416,-0.5293,0.9571,-2.605,15.719,-60.490
4994102,1686,1909,1772,-0.4343,-0.5880,0.9667,-9.315,14.945,-56.762
4994112,1541,1881,1727,-0.4267,-0.6539,0.9638,-16.921,14.256,-52.038
4994122,1705,1865,1720,-0.4312,-0.7165,0.9554,-24.822,13.756,-46.234
4994132,1526,1882,1723,-0.4438,-0.7600,0.9356,-31.486,13.680,-38.732
4994142,1522,1873,1710,-0.4608,-0.7942,0.9189,-35.919,13.726,-30.077
4994152,1581,1853,1711,-0.4722,-0.8247,0.9121,-37.682,13.600,-20.879
4994162,1631,1907,1719,-0.4757,-0.8342,0.9155,-36.979,13.464,-10.865
4994172,1590,1850,1712,-0.4836,-0.8329,0.9016,-34.539,14.013,-0.077
4994182,1538,1853,1712,-0.4931,-0.8140,0.8848,-30.945,14.913,10.766
4994192,1617,1928,1710,-0.5025,-0.7847,0.8666,-26.445,15.445,20.825
4994202,2277,1860,1721,-0.5118,-0.7536,0.8476,-20.960,15.430,29.643
4994212,1572,1852,1712,-0.5224,-0.7189,0.8287,-14.767,14.770,37.434
4994222,1733,1849,1765,-0.5318,-0.6791,0.8093,-7.897,13.611,44.416
4994232,2183,2008,1743,-0.5384,-0.6380,0.7921,-0.562,12.014,50.638
4994242,1550,1865,1718,-0.5420,-0.5966,0.7847,6.258,9.641,55.965
4994252,1665,1847,1729,-0.5412,-0.5537,0.7857,12.184,6.692,60.415
4994262,1638,1917,1848,-0.5346,-0.5078,0.7931,17.284,3.653,64.349
4994272,2027,1847,1771,-0.5234,-0.4575,0.8191,20.932,0.543,67.810
4994282,2067,1958,1713,-0.5123,-0.4071,0.8450,22.769,-2.317,70.654
4994292,1871,1925,1715,-0.5065,-0.3608,0.8561,23.006,-4.181,72.894
4994302,1794,1967,1712,-0.5005,-0.3178,0.8709,21.259,-5.705,74.528
4994312,2056,2006,1737,-0.4997,-0.2824,0.8883,17.544,-7.269,75.366
4994322,1973,1888,1737,-0.5067,-0.2492,0.8929,12.766,-8.465,75.554
4994332,1817,1853,1717,-0.5104,-0.2193,0.8942,7.809,-9.223,75.377
4994342,1622,1852,1729,-0.5123,-0.2020,0.8994,2.398,-10.210,74.354
4994352,1943,1883,1739,-0.5161,-0.1890,0.9098,-3.246,-11.404,72.523
4994362,1548,1856,1792,-0.5110,-0.1742,0.9265,-8.839,-12.433,70.904
4994372,2285,1948,1715,-0.5074,-0.1655,0.9391,-14.556,-12.980,69.135
4994382,1794,1879,1764,-0.5066,-0.1643,0.9438,-20.325,-13.113,66.714
4994392,1986,1873,1720,-0.5022,-0.1663,0.9454,-25.785,-13.186,64.097
4994402,2022,1907,1779,-0.4996,-0.1782,0.9338,-30.380,-12.953,61.245
4994412,2429,1967,1741,-0.4987,-0.2002,0.9184,-33.859,-12.670,58.069
4994422,1951,1873,1773,-0.5016,-0.2237,0.9088,-36.277,-12.702,54.811
4994432,1676,1861,1742,-0.5069,-0.2418,0.8960,-36.847,-12.554,51.843
4994442,1941,1965,1714,-0.5089,-0.2555,0.8934,-35.614,-12.351,49.216
4994452,1615,1860,1932,-0.5128,-0.2614,0.9015,-33.254,-12.236,46.593
4994462,1591,1884,1732,-0.5135,-0.2546,0.9017,-29.851,-11.620,44.358
4994472,1730,1925,1726,-0.5094,-0.2430,0.8968,-25.685,-10.519,42.316
4994482,1534,1855,1712,-0.5025,-0.2357,0.8997,-21.620,-9.769,39.817
4994492,1924,1984,1723,-0.4960,-0.2332,0.8912,-17.790,-9.013,36.921
4994502,1595,1869,1805,-0.4944,-0.2318,0.8827,-14.094,-8.044,34.036
4994512,1522,1854,1804,-0.4996,-0.2208,0.8801,-11.184,-7.514,31.324
4994522,1538,1881,1720,-0.5093,-0.2058,0.8625,-8.525,-6.946,28.495
4994532,1948,1869,1718,-0.5117,-0.1909,0.8546,-5.934,-6.717,25.404
4994542,1915,1977,1803,-0.5067,-0.1834,0.8661,-4.337,-7.538,21.587
4994552,1953,1971,2018,-0.4952,-0.1818,0.8753,-3.319,-8.311,17.155
4994562,1688,1902,1741,-0.4878,-0.1893,0.8702,-2.787,-8.267,12.466
4994572,4095,2691,1813,-0.4800,-0.1939,0.8753,-2.745,-8.080,7.736
4994582,3165,2014,1731,-0.4945,-0.1847,0.8590,-2.804,-7.627,3.444
4994592,1825,2180,1933,-0.5021,-0.1628,0.8545,-1.473,-7.098,-0.213
4994602,1889,2155,1758,-0.4937,-0.1672,0.8712,-0.700,-7.806,-3.811
4994612,1502,1919,1726,-0.5122,-0.2077,0.8581,-1.025,-8.367,-9.182
4994622,1561,1878,1847,-0.5125,-0.2189,0.8917,-2.182,-9.682,-11.903
4994632,1678,1924,1926,-0.5208,-0.2352,0.9015,-3.488,-10.093,-14.870
4994642,1737,1959,2036,-0.5099,-0.2365,0.9233,-4.904,-10.047,-16.521
4994652,1548,1938,1833,-0.4989,-0.2543,0.9587,-7.846,-10.309,-17.781
4994662,2043,1845,1721,-0.4962,-0.2839,0.9637,-11.780,-9.666,-19.584
4994672,2551,2120,2328,-0.4900,-0.3139,0.9499,-15.884,-8.264,-20.403
4994682,2039,1894,2466,-0.4966,-0.3562,0.9270,-19.484,-7.238,-21.409
4994692,2971,2155,1825,-0.5050,-0.3970,0.9072,-20.963,-6.691,-22.608
4994702,1460,1846,1920,-0.5044,-0.4254,0.8971,-19.415,-6.462,-23.007
4994712,1576,1906,1763,-0.5071,-0.4342,0.8909,-15.139,-6.082,-22.711
4994722,1874,1865,1729,-0.5046,-0.4272,0.9019,-8.866,-5.279,-21.769
4994732,1818,1877,1982,-0.4844,-0.4167,0.9939,-3.477,-4.959,-20.701
4994742,1882,2155,1758,-0.4849,-0.3829,1.0451,-1.000,-4.443,-19.228
4994752,1496,1959,1937,-0.4754,-0.3465,0.9844,0.066,0.138,-16.704
4994762,2271,2335,1722,-0.4772,-0.3558,0.9331,1.408,4.068,-15.684
4994772,1595,2002,1737,-0.4968,-0.4020,0.9199,1.445,4.769,-18.007
4994782,2740,2091,1775,-0.5079,-0.4077,0.9153,2.796,4.361,-19.083
4994792,4095,2201,1842,-0.5089,-0.3951,0.8858,6.424,4.964,-17.164
4994802,3032,1874,1963,-0.5183,-0.4084,0.8673,10.154,4.993,-16.484
4994812,1517,1843,1890,-0.5279,-0.4208,0.8876,13.394,3.714,-16.757
4994822,1830,1847,1938,-0.5291,-0.3978,0.9168,15.994,2.572,-15.462
4994832,2072,2009,2205,-0.5205,-0.3544,0.9288,17.239,2.241,-12.806
4994842,4095,2600,1815,-0.5141,-0.3367,0.9262,16.676,1.954,-11.040
4994852,2322,2176,1764,-0.5147,-0.3345,0.9239,14.929,1.066,-11.016
4994862,1630,1865,1743,-0.5137,-0.3239,0.9259,13.254,0.195,-11.168
4994872,1301,1955,1855,-0.5176,-0.3078,0.9157,12.388,-0.004,-11.623
4994882,1749,1864,1806,-0.5238,-0.2948,0.9093,12.824,0.104,-12.989
4994892,1176,1976,1812,-0.5284,-0.2783,0.9220,14.301,-0.055,-14.805
4994902,1248,1847,1826,-0.5293,-0.2636,0.9345,16.376,0.075,-17.065
4994912,1572,1844,1837,-0.5233,-0.2359,0.9535,18.465,0.607,-19.209
4994922,1610,2059,1769,-0.5105,-0.2048,0.9742,19.865,1.189,-21.267
4994932,1347,1873,1952,-0.5084,-0.1759,0.9646,20.540,2.240,-23.984
4994942,1630,2170,2073,-0.5104,-0.1596,0.9130,21.959,4.215,-27.546
4994952,1210,2091,1723,-0.5128,-0.1630,0.8891,24.199,5.125,-32.341
4994962,2265,1894,1724,-0.5160,-0.1810,0.8969,25.736,3.838,-38.576
4994972,1170,1841,2160,-0.5152,-0.1985,0.8916,27.873,2.830,-44.599
4994982,1526,2053,1865,-0.5051,-0.2026,0.9106,30.318,2.334,-49.018
4994992,1168,1848,2176,-0.4889,-0.1851,0.9623,30.828,1.109,-51.938
4995002,1496,1848,1820,-0.4728,-0.1687,0.9725,29.991,1.309,-53.894
4995012,2047,1945,1713,-0.4612,-0.1551,0.9653,28.096,2.674,-55.419
4995022,1142,2166,1828,-0.4599,-0.1477,0.9616,24.643,3.457,-57.738
4995032,1861,1857,1741,-0.4545,-0.1659,0.9339,20.633,4.053,-61.403
4995042,1387,1958,1821,-0.4515,-0.2079,0.9048,16.982,4.217,-66.214
4995052,1748,1845,1762,-0.4470,-0.2589,0.9074,13.725,3.110,-70.963
4995062,1154,1995,2515,-0.4413,-0.3005,0.9240,10.892,1.556,-74.536
4995072,1152,1857,1816,-0.4343,-0.3249,0.9447,9.067,0.929,-76.291
4995082,1792,2173,1753,-0.4227,-0.3353,0.9787,7.875,1.166,-76.396
4995092,1831,1848,1868,-0.4145,-0.3392,1.0008,6.615,2.015,-75.847
4995102,1190,1872,1903,-0.4097,-0.3385,0.9579,5.197,4.404,-74.871
4995112,1242,1845,1761,-0.4125,-0.3476,0.9012,5.790,7.420,-74.196
4995122,1887,1846,1792,-0.4058,-0.3932,0.8898,6.694,8.286,-74.797
4995132,1599,1840,1783,-0.4049,-0.4599,0.8965,6.997,7.184,-76.929
4995142,1145,1876,1943,-0.4062,-0.5026,0.8991,7.764,6.402,-77.821
4995152,1116,1851,1730,-0.3972,-0.5133,0.9159,9.012,6.095,-76.877
4995162,1106,1887,1881,-0.3986,-0.5103,0.9418,10.865,6.218,-75.964
4995172,1144,1841,1808,-0.3939,-0.5067,0.9632,14.020,7.616,-75.368
4995182,1105,1886,1855,-0.3941,-0.4933,0.9783,18.353,10.347,-74.832
4995192,1131,1840,1799,-0.3950,-0.4820,0.9800,24.161,14.299,-74.304
4995202,1106,1867,1887,-0.3987,-0.4682,0.9725,30.875,18.562,-74.066
4995212,1112,1848,1816,-0.4078,-0.4418,0.9551,38.994,22.693,-74.276
4995222,1116,1888,1821,-0.4138,-0.4202,0.9395,48.555,26.152,-75.289
4995232,1159,1873,1778,-0.4172,-0.4059,0.9219,59.055,28.598,-77.451
4995242,1300,1881,1876,-0.4227,-0.3879,0.9117,70.346,30.111,-80.010
4995252,1111,1852,1839,-0.4241,-0.3606,0.9148,81.439,30.601,-82.316
4995262,1116,1845,1864,-0.4216,-0.3329,0.9110,91.952,30.921,-84.717
4995272,1143,1852,1854,-0.4152,-0.3143,0.9125,101.720,30.798,-87.500
4995282,1137,1864,1890,-0.4052,-0.3041,0.9203,110.450,30.138,-90.701
4995292,1136,1842,1874,-0.3979,-0.2921,0.9226,117.975,29.407,-93.798
4995302,1249,1950,1916,-0.3873,-0.2829,0.9229,124.002,28.493,-96.365
4995312,1116,1873,1857,-0.3791,-0.2722,0.9228,128.439,26.895,-98.576
4995322,1265,1867,1905,-0.3774,-0.2517,0.9246,131.279,24.704,-100.056
4995332,1469,1919,1851,-0.3740,-0.2331,0.9198,132.815,22.022,-100.875
4995342,1125,1881,1928,-0.3729,-0.2196,0.9233,133.102,18.771,-101.709
4995352,1295,1863,1899,-0.3687,-0.2078,0.9345,131.624,14.661,-102.371
4995362,1264,1905,1902,-0.3657,-0.1985,0.9295,129.373,10.867,-102.721
4995372,1120,1883,1893,-0.3545,-0.1941,0.9407,126.251,6.772,-102.636
4995382,1124,1881,1931,-0.3452,-0.1896,0.9394,122.150,2.616,-102.326
4995392,1138,1878,1864,-0.3344,-0.1796,0.9511,117.640,-1.190,-101.375
4995402,1256,1945,1981,-0.3244,-0.1697,0.9685,112.479,-5.373,-99.986
4995412,1328,1844,1920,-0.3176,-0.1612,0.9649,106.747,-8.794,-98.285
4995422,1173,1862,1988,-0.3098,-0.1463,0.9799,100.570,-12.597,-96.069
4995432,1272,1955,1972,-0.3059,-0.1315,0.9894,94.058,-16.749,-94.096
4995442,1272,1860,1983,-0.2963,-0.1241,0.9937,87.545,-20.342,-92.451
4995452,1129,1854,1932,-0.2832,-0.1265,1.0096,81.006,-24.234,-91.123
4995462,1371,1845,1992,-0.2677,-0.1316,1.0061,74.348,-27.696,-89.891
4995472,1136,1844,1997,-0.2535,-0.1317,1.0101,67.922,-30.882,-88.583
4995482,1351,2077,2060,-0.2376,-0.1377,1.0147,61.958,-33.984,-87.303
4995492,1180,1842,1987,-0.2264,-0.1435,1.0073,56.641,-36.341,-86.080
4995502,1156,1888,2152,-0.2123,-0.1348,1.0247,52.088,-38.770,-84.466
4995512,1656,1906,2074,-0.2041,-0.1289,1.0297,48.019,-41.139,-83.116
4995522,2137,1951,2029,-0.1980,-0.1202,1.0302,44.494,-42.774,-82.206
4995532,1279,1842,1986,-0.1909,-0.1180,1.0475,41.225,-44.947,-81.719
4995542,1618,1879,1803,-0.1823,-0.1294,1.0420,38.277,-46.551,-82.218
4995552,1158,1910,2048,-0.1676,-0.1535,1.0592,35.583,-48.399,-83.135
4995562,1280,1865,2149,-0.1495,-0.1847,1.0638,32.953,-49.942,-83.984
4995572,1247,1841,2125,-0.1297,-0.2128,1.0661,31.099,-50.718,-84.311
4995582,1388,1883,2181,-0.1083,-0.2311,1.0819,30.373,-51.363,-83.884
4995592,1553,1861,2123,-0.0878,-0.2295,1.0885,31.292,-51.340,-82.466
4995602,1172,1841,2305,-0.0779,-0.2059,1.1083,33.794,-51.052,-80.077
4995612,1138,1865,2286,-0.0685,-0.1777,1.1227,37.157,-50.276,-76.852
4995622,1477,1887,2516,-0.0679,-0.1515,1.1265,40.459,-49.216,-73.761
4995632,1425,1842,2407,-0.0616,-0.1354,1.1325,42.454,-48.568,-71.606
4995642,1288,1843,2681,-0.0532,-0.1322,1.1378,42.181,-48.661,-70.396
4995652,1309,1842,2740,-0.0412,-0.1274,1.1551,39.582,-49.297,-69.749
4995662,1317,1842,2871,-0.0313,-0.1272,1.1593,34.764,-50.078,-69.245
4995672,1237,1939,2850,-0.0229,-0.1271,1.1637,28.737,-50.612,-68.665
4995682,1395,1869,2973,-0.0135,-0.1303,1.1707,21.792,-51.338,-67.823
4995692,1409,1852,2917,-0.0005,-0.1410,1.1723,14.506,-51.772,-66.526
4995702,1982,1972,2998,0.0117,-0.1496,1.1824,6.737,-52.290,-64.514
4995712,1344,1852,3033,0.0225,-0.1614,1.1882,-0.968,-52.447,-61.814
4995722,1182,1874,3078,0.0326,-0.1797,1.1934,-8.406,-52.318,-58.711
4995732,1145,1887,2880,0.0410,-0.1962,1.1997,-15.102,-51.994,-55.300
4995742,1145,1847,2977,0.0468,-0.2088,1.1992,-20.962,-51.462,-51.738
4995752,1363,1859,2977,0.0529,-0.2204,1.1920,-25.775,-50.560,-48.328
4995762,1203,1887,3085,0.0576,-0.2299,1.1839,-29.675,-49.667,-45.279
4995772,1543,1860,2898,0.0611,-0.2353,1.1816,-32.220,-48.680,-42.576
4995782,1275,1846,3095,0.0639,-0.2417,1.1893,-33.621,-47.831,-40.204
4995792,1256,1860,3107,0.0668,-0.2453,1.1897,-33.907,-46.647,-38.117
4995802,1211,1879,3169,0.0706,-0.2554,1.1913,-33.077,-45.215,-36.323
4995812,1370,1873,3056,0.0762,-0.2625,1.1948,-31.389,-43.749,-34.700
4995822,1199,1880,3334,0.0808,-0.2640,1.1968,-29.005,-42.086,-33.193
4995832,1267,1887,3280,0.0833,-0.2631,1.1982,-26.161,-40.379,-31.866
4995842,1183,1859,3263,0.0844,-0.2592,1.1961,-22.870,-38.564,-30.748
4995852,1279,1843,3088,0.0846,-0.2541,1.1929,-19.309,-36.839,-29.875
4995862,1159,1874,3118,0.0841,-0.2497,1.1906,-15.704,-35.112,-29.216
4995872,1151,1859,2950,0.0846,-0.2474,1.1950,-12.277,-33.701,-28.647
4995882,1184,1883,3013,0.0880,-0.2478,1.1964,-9.360,-32.356,-28.031
4995892,1527,1845,2946,0.0927,-0.2457,1.2023,-6.971,-31.066,-27.164
4995902,1326,1860,2957,0.0970,-0.2437,1.2083,-5.298,-29.846,-26.018
4995912,1251,1870,2947,0.0998,-0.2421,1.2124,-4.422,-28.620,-24.582
4995922,1167,1904,3036,0.0989,-0.2368,1.2143,-4.361,-27.512,-22.928
4995932,1230,1959,2937,0.1016,-0.2336,1.2147,-4.803,-26.339,-21.335
4995942,1171,1887,2975,0.1063,-0.2322,1.2255,-5.742,-25.283,-19.920
4995952,1216,1843,2848,0.1082,-0.2314,1.2276,-7.083,-24.012,-18.576
4995962,1214,1842,2826,0.1276,-0.2069,1.2300,-8.519,-22.499,-17.287
4995972,1159,1848,2785,0.1241,-0.2119,1.2569,-7.086,-21.143,-16.745
4995982,1198,1921,2858,0.1217,-0.2585,1.2651,-2.324,-18.697,-17.253
4995992,1229,1853,2708,0.1214,-0.2962,1.2702,4.076,-15.345,-17.449
4996002,1189,1860,2690,0.1239,-0.3072,1.2637,10.063,-12.365,-16.636
4996012,1211,1846,2632,0.1261,-0.2981,1.2563,14.999,-9.632,-15.113
4996022,1296,1845,2618,0.1233,-0.2747,1.2433,18.529,-7.228,-13.456
4996032,1179,1849,2568,0.1178,-0.2523,1.2155,20.927,-4.600,-12.088
4996042,1167,1845,2634,0.1037,-0.2340,1.2073,22.660,-2.631,-10.912
4996052,1199,1842,2576,0.0945,-0.2175,1.1873,23.517,-1.327,-9.920
4996062,1166,1867,2668,0.0858,-0.2061,1.1701,23.943,-0.341,-9.045
4996072,1339,1841,2523,0.0830,-0.1965,1.1545,23.766,0.180,-8.132
4996082,1168,1864,2562,0.0826,-0.1895,1.1457,23.303,0.236,-7.093
4996092,1284,1844,2534,0.0870,-0.1832,1.1366,22.355,-0.078,-6.047
4996102,1206,1881,2568,0.0931,-0.1798,1.1299,21.300,-0.442,-5.055
4996112,1170,1848,2498,0.0979,-0.1757,1.1257,20.127,-0.979,-4.157
4996122,1168,1863,2572,0.1028,-0.1728,1.1217,19.226,-1.366,-3.484
4996132,1170,1848,2507,0.1096,-0.1740,1.1234,18.685,-1.792,-3.137
4996142,1175,1859,2570,0.1165,-0.1752,1.1241,18.641,-2.022,-3.001
4996152,1192,1847,2421,0.1263,-0.1751,1.1264,19.097,-2.039,-2.925
4996162,1169,1852,2324,0.1324,-0.1736,1.1408,19.800,-1.994,-2.920
4996172,1183,1843,2338,0.1371,-0.1703,1.1463,20.670,-1.460,-2.927
4996182,1177,1852,2389,0.1379,-0.1687,1.1452,21.531,-0.559,-2.850
4996192,1213,1847,2354,0.1371,-0.1636,1.1426,22.009,0.210,-2.564
4996202,1172,1880,2401,0.1316,-0.1552,1.1369,22.211,0.970,-1.987
4996212,1189,1843,2336,0.1334,-0.1415,1.1368,22.226,1.509,-0.878
4996222,1178,1866,2430,0.1310,-0.1355,1.1354,22.255,1.892,-0.652
4996232,1191,1841,2315,0.1323,-0.1263,1.1313,22.729,2.149,-0.516
4996242,1174,1847,2517,0.1284,-0.1202,1.1320,23.146,2.191,-0.406
4996252,1204,1850,2324,0.1296,-0.1092,1.1234,23.502,2.137,-0.288
4996262,1185,1870,2374,0.1352,-0.0940,1.1273,24.137,1.947,-0.043
4996272,1176,1846,2273,0.1358,-0.0848,1.1391,24.668,1.370,-0.167
4996282,1187,1853,2363,0.1330,-0.0841,1.1377,25.004,1.437,-0.561
4996292,1192,1845,2350,0.1317,-0.0795,1.1315,25.401,1.785,-0.744
4996302,1182,1860,2425,0.1296,-0.0690,1.1322,26.019,1.795,-0.561
4996312,1179,1840,2204,0.1263,-0.0572,1.1371,26.445,1.444,-0.231
4996322,1190,1843,2277,0.1245,-0.0493,1.1379,26.638,1.316,-0.011
4996332,1202,1862,2245,0.1222,-0.0434,1.1408,26.607,1.224,0.053
4996342,1182,1856,2300,0.1200,-0.0377,1.1446,26.218,0.992,0.054
4996352,1216,1845,2229,0.1178,-0.0324,1.1458,25.455,0.786,0.126
4996362,1185,1844,2286,0.1182,-0.0247,1.1480,24.378,0.478,0.374
4996372,1211,1842,2346,0.1177,-0.0202,1.1496,22.919,0.134,0.514
4996382,1185,1858,2212,0.1154,-0.0138,1.1483,21.217,-0.100,0.540
4996392,1226,1844,2234,0.1143,-0.0070,1.1512,19.501,-0.447,0.522
4996402,1190,1855,2273,0.1132,-0.0034,1.1521,17.765,-0.742,0.332
4996412,1216,1845,2144,0.1140,-0.0021,1.1537,16.075,-1.077,-0.069
4996422,1189,1851,2112,0.1150,-0.0024,1.1524,14.525,-1.263,-0.507
4996432,1217,1846,2182,0.1160,-0.0067,1.1540,13.036,-1.414,-0.932
4996442,1195,1859,2293,0.1168,-0.0117,1.1522,11.609,-1.508,-1.202
4996452,1230,1850,2160,0.1177,-0.0142,1.1464,10.291,-1.435,-1.226
4996462,1199,1844,2220,0.1186,-0.0137,1.1466,9.255,-1.543,-1.075
4996472,1217,1844,2185,0.1203,-0.0129,1.1444,8.393,-1.703,-0.944
4996482,1194,1868,2340,0.1215,-0.0121,1.1466,7.759,-1.840,-0.939
4996492,1221,1844,2161,0.1246,-0.0120,1.1444,7.339,-1.911,-1.099
4996502,1196,1850,2219,0.1268,-0.0118,1.1458,7.208,-1.947,-1.353
4996512,1227,1847,2119,0.1267,-0.0149,1.1480,7.122,-2.003,-1.694
4996522,1197,1860,2057,0.1263,-0.0146,1.1472,6.984,-1.857,-1.997
4996532,1250,1844,2093,0.1246,-0.0158,1.1427,7.038,-1.520,-2.173
4996542,1198,1858,2158,0.1238,-0.0160,1.1383,7.024,-1.310,-2.219
4996552,1227,1846,2160,0.1233,-0.0126,1.1344,7.290,-1.177,-2.140
4996562,1199,1847,2222,0.1236,-0.0092,1.1351,7.665,-1.177,-2.050
4996572,1235,1848,2122,0.1215,-0.0081,1.1375,8.115,-1.142,-2.040
4996582,1199,1851,2159,0.1188,-0.0101,1.1424,8.554,-1.010,-2.227
4996592,1236,1852,2036,0.1163,-0.0113,1.1450,9.028,-0.771,-2.379
4996602,1200,1851,2006,0.1142,-0.0127,1.1485,9.457,-0.485,-2.330
4996612,1229,1844,2132,0.1112,-0.0088,1.1468,9.757,-0.238,-2.080
4996622,1203,1859,2081,0.1090,-0.0035,1.1473,9.963,-0.072,-1.775
4996632,1258,1853,2165,0.1081,0.0025,1.1478,10.137,-0.041,-1.561
4996642,1202,1864,2053,0.1082,0.0064,1.1445,10.369,0.050,-1.493
4996652,1221,1845,2125,0.1085,0.0101,1.1466,10.647,0.012,-1.522
4996662,1204,1860,2195,0.1107,0.0131,1.1475,10.863,-0.088,-1.600
4996672,1221,1845,2122,0.1126,0.0168,1.1481,10.864,-0.142,-1.700
4996682,1211,1859,2098,0.1130,0.0201,1.1477,10.620,-0.210,-1.836
4996692,1231,1846,2067,0.1148,0.0247,1.1466,10.164,-0.337,-2.002
4996702,1217,1871,2323,0.1153,0.0264,1.1476,9.577,-0.520,-2.204
4996712,1211,1846,2212,0.1162,0.0277,1.1482,8.957,-0.670,-2.405
4996722,1211,1862,2163,0.1176,0.0294,1.1482,8.404,-0.792,-2.475
4996732,1249,1850,2165,0.1178,0.0304,1.1484,7.795,-0.928,-2.444
4996742,1211,1865,2192,0.1179,0.0312,1.1483,7.185,-1.006,-2.317
4996752,1235,1850,2124,0.1176,0.0329,1.1492,6.587,-1.102,-2.064
4996762,1209,1857,2126,0.1184,0.0350,1.1485,5.950,-1.153,-1.732
4996772,1274,1871,1901,0.1190,0.0357,1.1479,5.304,-1.178,-1.426
4996782,1214,1851,2150,0.1188,0.0349,1.1458,4.673,-1.147,-1.134
4996792,1238,1844,2111,0.1183,0.0345,1.1450,4.120,-1.132,-0.843
4996802,1214,1855,2165,0.1178,0.0343,1.1453,3.623,-1.153,-0.601
4996812,1267,1855,2040,0.1180,0.0336,1.1443,3.267,-1.134,-0.435
4996822,1215,1855,2151,0.1176,0.0319,1.1439,3.054,-1.076,-0.299
4996832,1227,1845,2111,0.1171,0.0309,1.1442,2.989,-0.981,-0.180
4996842,1216,1855,2171,0.1171,0.0295,1.1435,3.012,-0.842,-0.066
4996852,1238,1845,2090,0.1167,0.0296,1.1435,3.081,-0.661,0.034
4996862,1216,1866,2227,0.1161,0.0294,1.1442,3.198,-0.532,0.101
4996872,1244,1845,1891,0.1158,0.0298,1.1445,3.294,-0.403,0.122
4996882,1231,1847,2117,0.1159,0.0307,1.1455,3.418,-0.309,0.129
4996892,1250,1847,2058,0.1148,0.0316,1.1464,3.453,-0.224,0.099
4996902,1219,1856,2195,0.1132,0.0310,1.1467,3.400,-0.119,0.090
4996912,1264,1850,2101,0.1114,0.0321,1.1460,3.197,-0.017,0.154
4996922,1221,1873,2251,0.1104,0.0341,1.1469,2.955,0.155,0.307
4996932,1237,1853,2073,0.1094,0.0354,1.1473,2.544,0.251,0.490
4996942,1228,1871,2325,0.1108,0.0386,1.1434,2.155,0.414,0.671
4996952,1246,1849,2281,0.1130,0.0389,1.1458,1.754,0.344,0.751
4996962,1224,1860,2194,0.1137,0.0370,1.1472,1.428,0.349,0.687
4996972,1261,1849,2119,0.1131,0.0316,1.1486,1.032,0.429,0.597
4996982,1235,1871,1892,0.1141,0.0323,1.1363,0.997,0.823,0.711
4996992,1272,1850,2073,0.1160,0.0363,1.1375,1.202,0.903,1.006
4997002,1226,1857,2073,0.1160,0.0355,1.1438,1.382,0.642,1.095
4997012,1243,1845,2124,0.1196,0.0362,1.1389,1.623,0.851,0.980
4997022,1234,1868,2163,0.1210,0.0403,1.1423,1.911,1.001,0.884
4997032,1231,1848,2285,0.1201,0.0430,1.1451,2.145,1.007,0.691
4997042,1232,1870,2217,0.1190,0.0435,1.1434,2.318,1.281,0.360
4997052,1260,1847,2035,0.1167,0.0418,1.1391,2.567,1.615,0.018
4997062,1232,1854,2233,0.1137,0.0425,1.1384,2.844,1.771,-0.239
4997072,1253,1847,2107,0.1126,0.0439,1.1414,3.044,1.692,-0.436
4997082,1232,1868,2171,0.1122,0.0454,1.1440,3.100,1.609,-0.629
4997092,1257,1844,2106,0.1110,0.0458,1.1438,3.047,1.586,-0.795
4997102,1232,1862,2263,0.1092,0.0457,1.1437,2.907,1.580,-0.914
4997112,1261,1848,2368,0.1068,0.0438,1.1416,2.686,1.582,-1.006
4997122,1240,1888,2282,0.1058,0.0439,1.1398,2.523,1.485,-1.049
4997132,1263,1848,2171,0.1054,0.0446,1.1408,2.465,1.287,-1.067
4997142,1242,1874,2168,0.1058,0.0450,1.1432,2.410,1.079,-1.116
4997152,1251,1846,2148,0.1057,0.0443,1.1431,2.385,0.978,-1.203
4997162,1242,1873,2326,0.1057,0.0433,1.1433,2.359,0.908,-1.289
4997172,1274,1853,2115,0.1050,0.0434,1.1429,2.354,0.846,-1.327
4997182,1236,1855,2252,0.1043,0.0447,1.1416,2.363,0.752,-1.303
4997192,1261,1847,2192,0.1043,0.0457,1.1433,2.400,0.604,-1.259
4997202,1245,1873,2216,0.1047,0.0463,1.1441,2.443,0.421,-1.186
4997212,1253,1846,2156,0.1054,0.0466,1.1467,2.398,0.230,-1.069
4997222,1241,1854,2202,0.1051,0.0467,1.1497,2.133,0.050,-0.917
4997232,1277,1853,2009,0.1048,0.0469,1.1520,1.584,-0.095,-0.720
4997242,1241,1869,2145,0.1046,0.0490,1.1536,0.772,-0.300,-0.454
4997252,1261,1847,2223,0.1033,0.0489,1.1511,-0.121,-0.458,-0.125
4997262,1257,1861,2312,0.1030,0.0474,1.1480,-0.887,-0.606,0.166
4997272,1275,1849,2118,0.1026,0.0432,1.1448,-1.463,-0.797,0.319
4997282,1248,1856,2273,0.1014,0.0390,1.1423,-1.887,-1.081,0.428
4997292,1290,1850,2187,0.1006,0.0397,1.1355,-1.864,-1.245,0.646
4997302,1245,1857,2155,0.1007,0.0445,1.1386,-1.591,-1.606,0.963
4997312,1277,1847,2280,0.1003,0.0498,1.1401,-1.173,-1.933,1.314
4997322,1248,1872,2280,0.1042,0.0561,1.1418,-0.825,-2.122,1.738
4997332,1277,1851,2196,0.1049,0.0586,1.1424,-0.654,-2.305,1.978
4997342,1248,1866,2298,0.1060,0.0605,1.1440,-0.866,-2.491,2.027
4997352,1296,1849,2230,0.1069,0.0600,1.1437,-1.413,-2.687,2.003
4997362,1248,1863,2267,0.1090,0.0578,1.1439,-2.219,-2.920,1.963
4997372,1264,1862,2352,0.1092,0.0544,1.1428,-3.097,-3.058,1.927
4997382,1251,1872,2276,0.1085,0.0506,1.1421,-3.828,-3.090,1.907
4997392,1273,1847,2073,0.1079,0.0470,1.1403,-4.313,-3.093,1.892
4997402,1253,1865,2110,0.1083,0.0422,1.1416,-4.514,-3.127,1.851
4997412,1293,1849,2184,0.1100,0.0383,1.1434,-4.511,-3.213,1.810
4997422,1252,1877,2246,0.1109,0.0366,1.1422,-4.365,-3.216,1.801
4997432,1267,1854,2385,0.1115,0.0362,1.1420,-4.168,-3.132,1.821
4997442,1263,1882,2252,0.1106,0.0362,1.1401,-3.869,-2.957,1.796
4997452,1332,1882,1993,0.1106,0.0361,1.1401,-3.473,-2.822,1.711
4997462,1255,1865,2462,0.1121,0.0347,1.1433,-3.017,-2.750,1.592
4997472,1283,1848,2256,0.1138,0.0334,1.1452,-2.564,-2.636,1.454
4997482,1255,1862,2209,0.1153,0.0315,1.1466,-2.153,-2.443,1.348
4997492,1293,1851,2028,0.1143,0.0327,1.1453,-1.854,-2.197,1.313
4997502,1262,1862,2541,0.1125,0.0338,1.1417,-1.716,-1.943,1.283
4997512,1279,1850,2212,0.1115,0.0347,1.1392,-1.657,-1.792,1.194
4997522,1259,1866,2253,0.1119,0.0361,1.1404,-1.580,-1.795,1.071
4997532,1297,1848,2172,0.1129,0.0365,1.1424,-1.454,-1.830,0.936
4997542,1257,1864,2250,0.1140,0.0364,1.1440,-1.309,-1.773,0.806
4997552,1292,1851,2115,0.1137,0.0353,1.1429,-1.217,-1.685,0.686
4997562,1264,1872,2195,0.1127,0.0352,1.1412,-1.204,-1.590,0.584
4997572,1289,1848,2350,0.1114,0.0341,1.1399,-1.267,-1.556,0.487
4997582,1264,1878,2327,0.1103,0.0333,1.1397,-1.320,-1.580,0.397
4997592,1276,1852,2281,0.1108,0.0332,1.1400,-1.298,-1.626,0.327
4997602,1263,1868,2292,0.1119,0.0329,1.1419,-1.190,-1.732,0.264
4997612,1274,1849,2100,0.1124,0.0328,1.1434,-1.082,-1.778,0.199
4997622,1265,1859,2132,0.1139,0.0344,1.1414,-0.999,-1.767,0.114
4997632,1285,1849,2266,0.1158,0.0361,1.1415,-1.031,-1.846,-0.045
4997642,1264,1852,2020,0.1191,0.0372,1.1421,-1.187,-2.035,-0.358
4997652,1297,1849,2108,0.1174,0.0349,1.1409,-1.582,-2.152,-0.757
4997662,1268,1869,2071,0.1112,0.0230,1.1549,-2.073,-2.248,-1.037
4997672,1302,1847,1993,0.1112,0.0279,1.1384,-2.360,-1.921,-0.905
4997682,1266,1877,2176,0.1108,0.0295,1.1417,-2.394,-1.885,-0.602
4997692,1300,1852,2190,0.1121,0.0317,1.1404,-2.332,-2.171,-0.556
4997702,1274,1850,2284,0.1142,0.0285,1.1474,-2.230,-2.254,-0.848
4997712,1302,1849,2156,0.1166,0.0281,1.1471,-2.075,-2.432,-1.213
4997722,1267,1856,2164,0.1180,0.0279,1.1422,-1.833,-2.208,-1.512
4997732,1311,1848,2111,0.1228,0.0317,1.1402,-1.667,-2.358,-1.746
4997742,1273,1890,2262,0.1207,0.0281,1.1422,-1.846,-2.541,-2.006
4997752,1292,1852,2491,0.1176,0.0233,1.1473,-2.180,-2.687,-2.163
4997762,1273,1867,2355,0.1198,0.0289,1.1397,-2.491,-2.586,-2.117
4997772,1312,1850,2202,0.1181,0.0331,1.1384,-2.398,-2.474,-1.881
4997782,1276,1872,2220,0.1137,0.0288,1.1490,-2.516,-2.804,-1.817
4997792,1298,1850,2114,0.1157,0.0301,1.1407,-2.316,-2.598,-1.888
4997802,1277,1866,2231,0.1156,0.0351,1.1365,-1.777,-2.444,-1.822
4997812,1345,1847,2162,0.1157,0.0368,1.1416,-1.485,-2.783,-1.807
4997822,1278,1872,2334,0.1186,0.0398,1.1400,-1.187,-2.919,-2.006
4997832,1307,1849,2184,0.1177,0.0341,1.1482,-1.233,-3.261,-2.367
4997842,1281,1894,2301,0.1156,0.0285,1.1479,-1.929,-3.464,-2.619
4997852,1294,1848,2185,0.1172,0.0279,1.1491,-2.525,-3.489,-2.527
4997862,1279,1855,2105,0.1183,0.0315,1.1414,-3.076,-3.525,-2.147
4997872,1321,1852,2288,0.1206,0.0353,1.1433,-3.469,-3.922,-2.101
4997882,1279,1871,2318,0.1182,0.0245,1.1564,-3.871,-4.293,-2.397
4997892,1323,1849,2341,0.1204,0.0243,1.1427,-4.685,-4.106,-2.607
4997902,1284,1858,1771,0.1216,0.0267,1.1433,-4.860,-4.067,-2.498
4997912,1332,1852,2148,0.1212,0.0290,1.1406,-5.159,-4.403,-2.397
4997922,1282,1857,2197,0.1158,0.0213,1.1452,-5.036,-4.412,-2.470
4997932,1285,1853,2102,0.1183,0.0205,1.1450,-5.056,-4.702,-2.576
4997942,1284,1894,2279,0.1180,0.0185,1.1450,-4.599,-4.640,-2.534
4997952,1322,1851,2170,0.1216,0.0201,1.1483,-4.399,-5.016,-2.424
4997962,1295,1885,2222,0.1240,0.0201,1.1420,-4.198,-4.957,-2.364
4997972,1297,1851,2234,0.1268,0.0222,1.1461,-4.000,-5.107,-2.372
4997982,1297,1886,2097,0.1253,0.0197,1.1467,-4.010,-5.207,-2.440
4997992,1325,1857,1780,0.1266,0.0211,1.1430,-4.022,-5.205,-2.454
4998002,1294,1870,2341,0.1278,0.0214,1.1408,-4.045,-5.260,-2.395
4998012,1341,1862,1897,0.1284,0.0218,1.1426,-4.249,-5.511,-2.331
4998022,1291,1863,2108,0.1317,0.0237,1.1388,-4.447,-5.644,-2.271
4998032,1369,1852,2099,0.1339,0.0216,1.1448,-4.787,-5.927,-2.264
4998042,1294,1866,2288,0.1336,0.0184,1.1440,-5.162,-6.017,-2.242
4998052,1295,1855,2088,0.1341,0.0173,1.1421,-5.582,-5.994,-2.152
4998062,1318,1904,2536,0.1337,0.0168,1.1387,-5.862,-6.017,-2.012
4998072,1300,1854,2218,0.1333,0.0123,1.1410,-6.150,-6.134,-1.887
4998082,1314,1856,2104,0.1321,0.0094,1.1401,-6.200,-6.157,-1.730
4998092,1308,1856,2195,0.1323,0.0080,1.1439,-6.095,-6.214,-1.486
4998102,1295,1856,2365,0.1323,0.0065,1.1438,-5.928,-6.262,-1.160
4998112,1303,1850,2106,0.1324,0.0056,1.1440,-5.823,-6.273,-0.833
4998122,1299,1886,1831,0.1338,0.0050,1.1439,-5.853,-6.359,-0.534
4998132,1348,1886,2349,0.1341,0.0023,1.1433,-6.029,-6.415,-0.267
4998142,1294,1863,2131,0.1358,-0