1124807,1982,1928,1966,0.0435,0.3221,1.0969,-0.005,5.160,0.448
1124817,1865,1966,1992,0.0425,0.3212,1.0961,-0.074,5.168,0.443
1124827,1980,1910,1948,0.0427,0.3217,1.0964,-0.176,5.166,0.510
1124837,1889,1949,1979,0.0433,0.3208,1.0971,-0.306,5.160,0.606
1124847,1987,1905,1945,0.0424,0.3196,1.0978,-0.445,5.131,0.565
1124857,1879,1945,1978,0.0423,0.3199,1.0973,-0.484,5.171,0.493
1124867,1972,1896,1933,0.0426,0.3226,1.0942,-0.250,5.358,0.583
1124877,1878,1928,1969,0.0436,0.3232,1.0943,0.182,5.467,0.632
1124887,1966,1876,1914,0.0429,0.3238,1.0962,0.562,5.445,0.531
1124897,1864,1913,1964,0.0425,0.3255,1.0964,0.716,5.440,0.540
1124907,1982,1861,1915,0.0427,0.3272,1.0969,0.604,5.469,0.643
1124917,1872,1907,1946,0.0428,0.3268,1.0981,0.244,5.393,0.657
1124927,1981,1868,1905,0.0429,0.3244,1.0983,-0.201,5.282,0.554
1124937,1879,1895,1941,0.0424,0.3214,1.0966,-0.524,5.281,0.481
1124947,1988,1852,1882,0.0439,0.3210,1.0957,-0.674,5.302,0.511
1124957,1868,1884,1933,0.0455,0.3213,1.0948,-0.590,5.327,0.535
1124967,1979,1837,1885,0.0465,0.3225,1.0945,-0.340,5.350,0.580
1124977,1866,1881,1916,0.0466,0.3233,1.0964,-0.037,5.352,0.557
1124987,1983,1827,1867,0.0449,0.3238,1.0953,0.281,5.454,0.428
1124997,1866,1870,1910,0.0435,0.3266,1.0936,0.563,5.627,0.446
1125007,1982,1822,1864,0.0436,0.3282,1.0944,0.647,5.696,0.551
1125017,1865,1857,1902,0.0412,0.3283,1.0948,0.523,5.679,0.474
1125027,1986,1809,1851,0.0403,0.3284,1.0964,0.268,5.651,0.449
1125037,1876,1851,1893,0.0409,0.3280,1.0954,-0.037,5.638,0.508
1125047,1977,1809,1858,0.0406,0.3256,1.0947,-0.319,5.609,0.483
1125057,1871,1845,1880,0.0411,0.3236,1.0960,-0.549,5.497,0.479
1125067,1980,1780,1833,0.0418,0.3233,1.0973,-0.684,5.387,0.506
1125077,1873,1823,1861,0.0414,0.3230,1.0963,-0.668,5.396,0.505
1125087,1982,1775,1803,0.0411,0.3230,1.0959,-0.465,5.457,0.567
1125097,1871,1820,1858,0.0415,0.3240,1.0948,-0.174,5.475,0.661
1125107,1981,1770,1810,0.0435,0.3271,1.0965,0.099,5.436,0.763
1125117,1871,1811,1850,0.0438,0.3281,1.0966,0.256,5.383,0.778
1125127,1978,1763,1792,0.0429,0.3277,1.0952,0.233,5.355,0.671
1125137,1860,1804,1833,0.0431,0.3277,1.0965,0.045,5.351,0.654
1125147,1986,1755,1785,0.0442,0.3270,1.0966,-0.207,5.373,0.702
1125157,1860,1781,1822,0.0448,0.3252,1.0950,-0.411,5.394,0.703
1125167,1978,1736,1769,0.0446,0.3236,1.0928,-0.522,5.396,0.710
1125177,1866,1767,1804,0.0443,0.3238,1.0931,-0.516,5.403,0.775
1125187,1974,1734,1751,0.0446,0.3249,1.0921,-0.363,5.407,0.885
1125197,1857,1754,1777,0.0442,0.3268,1.0918,-0.135,5.400,0.995
1125207,1969,1718,1737,0.0441,0.3296,1.0916,0.051,5.381,1.084
1125217,1844,1751,1776,0.0428,0.3304,1.0928,-0.045,5.263,1.056
1125227,1965,1704,1730,0.0430,0.3314,1.0924,-0.220,5.166,1.075
1125237,1857,1751,1774,0.0433,0.3316,1.0937,-0.429,5.079,1.099
1125247,1971,1710,1730,0.0436,0.3308,1.0951,-0.629,4.952,1.037
1125257,1852,1736,1757,0.0439,0.3297,1.0960,-0.776,4.844,0.965
1125267,1960,1704,1707,0.0448,0.3295,1.0969,-0.872,4.810,0.950
1125277,1849,1732,1737,0.0450,0.3291,1.0962,-0.947,4.843,0.902
1125287,1951,1704,1702,0.0449,0.3297,1.0955,-1.004,4.905,0.840
1125297,1845,1728,1739,0.0449,0.3300,1.0967,-1.039,4.964,0.818
1125307,1954,1704,1697,0.0440,0.3297,1.0970,-1.120,5.015,0.721
1125317,1835,1719,1726,0.0437,0.3297,1.0970,-1.231,5.082,0.593
1125327,1937,1704,1682,0.0447,0.3291,1.0964,-1.349,5.167,0.524
1125337,1829,1707,1707,0.0446,0.3286,1.0959,-1.446,5.237,0.482
1125347,1946,1708,1667,0.0445,0.3269,1.0960,-1.498,5.263,0.405
1125357,1839,1702,1680,0.0440,0.3257,1.0950,-1.508,5.313,0.351
1125367,1937,1712,1657,0.0444,0.3265,1.0937,-1.440,5.385,0.382
1125377,1819,1704,1692,0.0455,0.3279,1.0928,-1.367,5.431,0.478
1125387,1923,1712,1652,0.0456,0.3287,1.0934,-1.319,5.399,0.574
1125397,1818,1701,1675,0.0458,0.3293,1.0947,-1.350,5.317,0.643
1125407,1926,1713,1640,0.0446,0.3290,1.0935,-1.493,5.211,0.688
1125417,1802,1703,1654,0.0430,0.3289,1.0924,-1.708,5.067,0.788
1125427,1949,1732,1626,0.0430,0.3318,1.0911,-1.917,4.844,1.026
1125437,1813,1702,1659,0.0418,0.3355,1.0910,-2.065,4.545,1.389
1125447,1925,1735,1616,0.0416,0.3433,1.0918,-2.110,4.174,1.923
1125457,1800,1706,1638,0.0429,0.3548,1.0939,-2.174,3.773,2.622
1125467,1911,1738,1612,0.0453,0.3659,1.0975,-2.474,3.387,3.215
1125477,1804,1705,1634,0.0477,0.3716,1.1000,-3.313,3.008,3.470
1125487,1915,1753,1611,0.0466,0.3734,1.0991,-4.830,2.675,3.463
1125497,1802,1706,1625,0.0476,0.3759,1.0998,-7.095,2.355,3.445
1125507,1898,1753,1611,0.0478,0.3782,1.1017,-9.892,1.961,3.367
1125517,1797,1712,1620,0.0494,0.3727,1.1018,-12.737,1.550,2.823
1125527,1900,1764,1617,0.0512,0.3599,1.1012,-15.146,1.104,1.869
1125537,1792,1736,1613,0.0523,0.3439,1.1041,-17.043,0.617,0.858
1125547,1888,1766,1616,0.0514,0.3290,1.1063,-18.478,0.197,-0.094
1125557,1793,1739,1615,0.0537,0.3131,1.1072,-19.407,-0.019,-0.887
1125567,1957,1774,1614,0.0540,0.2959,1.1050,-19.910,-0.107,-1.588
1125577,1802,1751,1611,0.0594,0.2758,1.1027,-20.038,-0.250,-2.136
1125587,1879,1793,1640,0.0587,0.2602,1.1033,-19.673,-0.376,-2.308
1125597,1770,1756,1612,0.0604,0.2523,1.1092,-18.820,-0.516,-2.074
1125607,1983,1824,1646,0.0615,0.2440,1.1081,-17.568,-0.305,-1.752
1125617,1791,1765,1610,0.0638,0.2367,1.1030,-15.818,0.218,-1.457
1125627,1898,1814,1646,0.0652,0.2346,1.1063,-13.843,0.490,-1.027
1125637,1805,1784,1618,0.0653,0.2351,1.1097,-11.758,0.743,-0.572
1125647,1867,1816,1659,0.0659,0.2388,1.1077,-9.491,1.273,-0.113
1125657,1805,1776,1622,0.0672,0.2443,1.1085,-7.270,1.717,0.326
1125667,1851,1825,1666,0.0676,0.2507,1.1100,-5.349,2.004,0.624
1125677,1747,1781,1636,0.0675,0.2581,1.1103,-3.708,2.390,0.853
1125687,1852,1848,1680,0.0689,0.2664,1.1094,-2.481,2.732,1.077
1125697,1768,1798,1651,0.0690,0.2733,1.1115,-1.638,2.934,1.128
1125707,1843,1851,1674,0.0685,0.2781,1.1129,-1.123,3.109,1.058
1125717,1768,1828,1657,0.0686,0.2839,1.1146,-0.843,3.302,1.029
1125727,1826,1860,1706,0.0697,0.2882,1.1195,-0.734,3.423,0.893
1125737,1752,1812,1662,0.0686,0.2863,1.1235,-0.710,3.539,0.535
1125747,1849,1909,1747,0.0686,0.2845,1.1217,-0.709,3.776,0.275
1125757,1750,1836,1672,0.0692,0.2881,1.1202,-0.790,4.028,0.435
1125767,1903,1884,1739,0.0714,0.2916,1.1245,-0.961,4.049,0.633
1125777,1738,1812,1691,0.0722,0.2890,1.1308,-1.001,3.987,0.429
1125787,1810,1881,1753,0.0710,0.2843,1.1242,-0.863,4.304,0.196
1125797,1712,1826,1688,0.0727,0.2912,1.1248,-0.651,4.604,0.554
1125807,1820,1904,1760,0.0765,0.2939,1.1351,-0.806,4.510,0.938
1125817,1730,1920,1705,0.0766,0.2821,1.1288,-0.947,4.675,0.384
1125827,1800,1919,1766,0.0730,0.2765,1.1267,-0.821,5.117,0.279
1125837,1721,1872,1730,0.0740,0.2768,1.1282,-0.768,5.345,1.011
1125847,1792,1899,1737,0.0701,0.2723,1.1247,-0.709,5.542,1.620
1125857,1716,1851,1763,0.0711,0.2692,1.1243,-0.959,5.655,2.428
1125867,1789,1891,1817,0.0737,0.2682,1.1242,-1.507,5.589,3.480
1125877,1715,1862,1763,0.0713,0.2721,1.1213,-2.183,5.692,4.664
1125887,1862,1878,1850,0.0734,0.2744,1.1231,-3.027,5.865,5.975
1125897,1730,1840,1778,0.0728,0.2738,1.1247,-4.234,5.891,6.830
1125907,1864,1915,1856,0.0724,0.2735,1.1230,-5.402,6.016,7.651
1125917,1722,1818,1778,0.0740,0.2735,1.1230,-6.556,6.199,8.633
1125927,1762,1921,1876,0.0745,0.2748,1.1247,-7.806,6.282,9.532
1125937,1753,1772,1795,0.0783,0.2814,1.1290,-8.986,6.378,10.422
1125947,1781,1861,1880,0.0818,0.2856,1.1375,-9.731,6.703,11.151
1125957,1762,1871,1817,0.0874,0.2867,1.1491,-9.805,7.225,11.177
1125967,1968,1958,1900,0.0953,0.2770,1.1563,-9.028,8.156,10.616
1125977,1722,1868,1830,0.0995,0.2691,1.1676,-7.046,9.538,9.805
1125987,1703,1913,1880,0.1106,0.2695,1.1842,-3.781,11.183,9.399
1125997,1868,1865,1865,0.1135,0.2599,1.1872,0.463,13.688,8.299
1126007,1705,1872,1861,0.1271,0.2449,1.2045,5.072,16.289,6.187
1126017,1721,1896,1820,0.1398,0.2294,1.2223,9.672,19.018,4.102
1126027,1820,1937,1897,0.1447,0.2181,1.2235,14.877,22.808,2.662
1126037,1915,1847,1806,0.1503,0.2200,1.2208,20.562,27.110,2.739
1126047,1727,1920,1882,0.1509,0.2248,1.2205,25.994,31.127,3.509
1126057,1704,1821,1787,0.1403,0.2275,1.2229,30.899,34.805,3.983
1126067,1732,1698,1768,0.1280,0.2319,1.2281,34.851,38.379,4.613
1126077,1747,1891,1747,0.1132,0.2409,1.2331,37.563,41.895,5.600
1126087,1787,1969,1722,0.0983,0.2575,1.2385,38.657,45.224,7.029
1126097,1716,1854,1649,0.0834,0.2775,1.2452,37.951,48.386,8.704
1126107,1803,1980,1763,0.0710,0.2976,1.2541,35.311,51.329,10.353
1126117,1755,1851,1678,0.0627,0.3162,1.2652,30.925,54.030,12.019
1126127,1729,1935,1862,0.0518,0.3289,1.2696,25.293,56.953,13.789
1126137,1779,1838,1836,0.0432,0.3400,1.2794,18.652,59.849,15.767
1126147,1803,2029,1866,0.0367,0.3444,1.2897,10.974,62.491,17.840
1126157,1844,1777,1803,0.0286,0.3417,1.2906,2.863,65.354,19.986
1126167,1707,2017,1857,0.0232,0.3389,1.2907,-5.666,68.191,22.720
1126177,1697,1705,1802,0.0146,0.3361,1.2929,-14.792,70.699,26.030
1126187,1978,1722,1832,0.0024,0.3384,1.2921,-24.532,72.966,30.056
1126197,1760,1705,1742,-0.0157,0.3517,1.2727,-34.837,75.264,34.998
1126207,1955,1898,1806,-0.0350,0.3740,1.2443,-45.230,77.640,40.511
1126217,1893,1710,1738,-0.0425,0.3905,1.2358,-55.820,79.414,45.897
1126227,1836,1915,1801,-0.0479,0.3779,1.2382,-67.330,80.590,49.694
1126237,2013,1813,1725,-0.0547,0.3464,1.2488,-79.961,81.733,52.146
1126247,1923,1962,1805,-0.0548,0.3058,1.2716,-93.634,82.932,54.927
1126257,2211,2108,1798,-0.0579,0.2566,1.3007,-108.098,84.232,58.274
1126267,1993,1879,1761,-0.0644,0.2081,1.3243,-123.133,85.671,62.406
1126277,2010,1840,1745,-0.0783,0.1688,1.3202,-138.078,87.510,67.888
1126287,1817,1938,1767,-0.0974,0.1397,1.3018,-151.883,89.496,74.578
1126297,2001,1796,1705,-0.1141,0.1114,1.2936,-164.099,90.619,81.641
1126307,1928,1885,1740,-0.1345,0.0722,1.2836,-174.187,91.096,88.257
1126317,2016,1869,1719,-0.1511,0.0293,1.2658,-181.761,91.529,94.743
1126327,2010,1868,1715,-0.1629,-0.0095,1.2469,-187.127,91.761,101.645
1126337,2063,1817,1664,-0.1795,-0.0491,1.2197,-190.409,91.566,107.916
1126347,1935,1841,1675,-0.2005,-0.0801,1.1835,-191.438,91.074,113.402
1126357,2205,1786,1632,-0.2183,-0.1076,1.1419,-189.852,90.214,118.221
1126367,1916,1812,1658,-0.2419,-0.1372,1.1038,-185.042,88.824,121.897
1126377,2385,1790,1665,-0.2559,-0.1700,1.0706,-177.190,86.842,124.833
1126387,2114,1787,1672,-0.2754,-0.1987,1.0369,-166.507,84.647,127.250
1126397,1933,1770,1649,-0.2874,-0.2240,1.0101,-153.394,82.595,129.898
1126407,1898,1702,1652,-0.2952,-0.2422,1.0002,-138.817,80.309,132.548
1126417,1856,1745,1640,-0.2996,-0.2434,0.9993,-123.593,78.360,135.389
1126427,2010,1838,1643,-0.2966,-0.2320,0.9923,-108.562,77.145,138.488
1126437,2090,1922,1618,-0.2977,-0.2121,0.9725,-94.228,76.672,141.312
1126447,2132,1836,1621,-0.2991,-0.1823,0.9606,-81.012,76.181,143.672
1126457,2024,1727,1623,-0.2953,-0.1485,0.9560,-69.306,75.329,145.511
1126467,1953,1818,1674,-0.2989,-0.1219,0.9405,-59.212,74.586,146.269
1126477,2052,1745,1619,-0.3082,-0.0977,0.9256,-50.778,73.769,146.378
1126487,1978,1781,1631,-0.3144,-0.0711,0.9132,-44.516,72.471,146.609
1126497,2162,1784,1614,-0.3234,-0.0434,0.9051,-40.398,70.746,146.797
1126507,1730,1758,1619,-0.3424,-0.0056,0.9017,-38.417,68.425,146.622
1126517,1787,1780,1686,-0.3536,0.0459,0.9108,-38.562,65.561,146.434
1126527,2346,1820,1648,-0.3630,0.0960,0.8938,-40.635,63.110,145.732
1126537,1721,1853,1703,-0.3762,0.1397,0.8670,-44.034,60.553,143.560
1126547,1782,1895,1643,-0.3872,0.1872,0.8692,-49.231,56.634,140.802
1126557,1796,1747,1827,-0.3879,0.2107,0.8795,-56.901,51.174,137.591
1126567,2402,1931,1945,-0.4027,0.2276,0.8780,-66.230,45.569,133.912
1126577,1898,1764,1757,-0.4588,0.3174,0.9097,-78.110,40.258,132.341
1126587,3550,1843,1758,-0.4302,0.3263,0.8614,-92.345,35.372,130.343
1126597,1969,1771,1614,-0.4489,0.2599,0.8351,-109.211,28.145,123.365
1126607,1750,2016,1849,-0.4544,0.2318,0.8475,-126.452,18.552,117.704
1126617,2162,1713,1620,-0.4582,0.1685,0.8036,-140.654,11.058,113.662
1126627,2063,1713,1632,-0.4859,0.0850,0.7802,-150.335,4.107,106.917
1126637,3343,1820,1620,-0.4919,0.0422,0.8272,-154.146,-3.613,100.456
1126647,1715,1724,1639,-0.4862,0.0153,0.8649,-150.654,-8.643,94.502
1126657,1792,1776,1641,-0.4705,0.0074,0.8839,-140.669,-10.198,88.323
1126667,1883,1817,1648,-0.4599,-0.0041,0.9131,-127.337,-10.441,81.483
1126677,2780,1708,1617,-0.4564,-0.0239,0.9258,-112.080,-9.630,73.114
1126687,1816,1716,1664,-0.4518,-0.0345,0.9267,-94.706,-7.408,65.063
1126697,1970,1703,1675,-0.4520,-0.0550,0.9260,-76.698,-4.819,56.919
1126707,3045,1767,1623,-0.4625,-0.0759,0.9136,-56.838,-1.712,47.899
1126717,2563,1711,1648,-0.4725,-0.0874,0.9021,-40.358,0.851,40.482
1126727,1686,1708,1669,-0.4805,-0.1025,0.8988,-28.145,2.452,34.165
1126737,2558,1715,1635,-0.4822,-0.1158,0.9009,-19.919,3.287,29.118
1126747,3519,1706,1619,-0.4840,-0.1356,0.9030,-15.430,3.657,25.353
1126757,1702,1737,1699,-0.4815,-0.1652,0.9114,-14.064,3.385,22.377
1126767,2840,1782,1622,-0.4822,-0.2003,0.9248,-14.931,2.582,20.125
1126777,1809,1762,1651,-0.4779,-0.2273,0.9364,-16.085,1.838,18.958
1126787,2044,1719,1643,-0.4760,-0.2562,0.9345,-15.949,2.012,18.879
1126797,2692,1762,1766,-0.4844,-0.2741,0.9334,-14.433,2.658,19.272
1126807,2477,1789,1794,-0.4938,-0.2791,0.9328,-11.909,3.515,20.339
1126817,2016,1959,1715,-0.4998,-0.2773,0.9399,-8.641,4.555,21.776
1126827,1737,1709,1651,-0.5074,-0.2703,0.9626,-5.579,5.268,23.017
1126837,2103,1873,1696,-0.5121,-0.2494,0.9805,-2.714,6.257,24.288
1126847,1978,1757,1860,-0.5116,-0.2308,0.9869,-0.279,8.052,25.841
1126857,1722,1791,1669,-0.5042,-0.2093,1.0057,0.909,9.511,26.872
1126867,2613,1904,1624,-0.4909,-0.1906,1.0161,2.126,11.245,27.656
1126877,2090,1790,1625,-0.4757,-0.1949,1.0119,3.986,14.090,27.573
1126887,1751,1797,1659,-0.4482,-0.2373,0.9808,5.739,16.447,26.043
1126897,2071,1780,1630,-0.5213,-0.2115,0.8679,12.035,20.878,24.286
1126907,1932,1748,2091,-0.5014,-0.1421,0.7682,23.923,25.061,26.176
1126917,2260,1710,1689,-0.5174,-0.1143,0.8025,32.503,23.153,25.033
1126927,1693,1777,1716,-0.5462,-0.0317,0.8255,40.141,19.669,21.196
1126937,2914,1746,1621,-0.5065,0.0584,0.7941,48.239,20.009,20.788
1126947,2376,1842,1630,-0.4851,0.0881,0.7837,49.688,19.205,19.398
1126957,2257,1710,1731,-0.4808,0.0858,0.8187,43.142,14.120,14.185
1126967,2550,1922,1637,-0.4865,0.0849,0.8398,33.000,9.094,9.583
1126977,1698,1967,4095,-0.4909,0.0813,0.8411,22.985,5.942,5.898
1126987,1717,1872,1878,-0.4883,0.0652,0.8732,14.269,2.589,1.337
1126997,2025,1771,1875,-0.4886,0.0380,0.9018,8.210,-0.279,-4.054
1127007,2072,1848,1697,-0.5030,0.0291,0.8810,7.109,-0.536,-8.656
1127017,1898,1711,1758,-0.5139,0.0688,0.8672,10.897,0.718,-11.783
1127027,1815,1819,1681,-0.4870,0.1107,0.8875,16.416,1.219,-15.175
1127037,1806,1795,1904,-0.4751,0.1104,0.8830,21.436,1.640,-21.254
1127047,2067,2025,1969,-0.4631,0.1295,0.8992,23.890,1.806,-27.225
1127057,1800,2087,2352,-0.4439,0.1308,0.9260,21.528,1.165,-31.559
1127067,2285,1893,1733,-0.4550,0.0955,0.9183,15.788,0.539,-37.926
1127077,2055,1943,2569,-0.4480,0.0497,0.8970,8.935,-0.107,-43.753
1127087,2461,1841,1804,-0.5060,0.0534,0.9228,2.601,-0.961,-48.573
1127097,1729,1785,1649,-0.4619,0.0668,0.9652,-3.680,-2.564,-50.709
1127107,2629,1752,1691,-0.4905,0.0551,0.9993,-7.859,-1.889,-54.507
1127117,1775,1791,1675,-0.4572,0.0695,0.9966,-8.751,1.449,-57.417
1127127,2973,2412,1746,-0.4550,0.0778,1.0063,-8.922,4.151,-61.082
1127137,2026,1718,1788,-0.4649,0.0579,1.0014,-7.575,6.438,-68.151
1127147,2506,3428,1850,-0.4882,0.0051,0.9363,-3.920,9.377,-75.325
1127157,2780,1841,1677,-0.5171,-0.0591,0.8998,0.309,10.837,-81.729
1127167,2465,1781,1623,-0.5504,-0.1173,0.9107,2.730,9.127,-86.602
1127177,1834,1718,1639,-0.5623,-0.1398,0.9241,5.217,7.049,-89.050
1127187,1763,1724,1725,-0.5506,-0.1348,0.9455,7.217,5.888,-88.575
1127197,1847,1710,1631,-0.5416,-0.1390,0.9795,7.404,4.623,-88.519
1127207,1948,1753,1689,-0.5450,-0.1498,1.0095,5.689,3.431,-89.673
1127217,2035,1730,1686,-0.5510,-0.1452,1.0412,2.773,2.974,-90.353
1127227,2103,1811,1658,-0.5486,-0.1488,1.0647,-1.486,2.962,-90.843
1127237,2036,1715,1637,-0.5518,-0.1858,1.0590,-5.895,3.502,-92.403
1127247,1728,1774,1638,-0.5604,-0.2354,1.0459,-9.031,4.200,-93.900
1127257,1735,1750,1623,-0.5636,-0.2797,1.0417,-10.948,4.594,-94.041
1127267,2028,1720,1852,-0.5894,-0.3100,1.0377,-11.429,5.081,-93.444
1127277,2216,1743,1653,-0.5948,-0.2977,1.0418,-9.919,5.823,-91.510
1127287,2390,1758,1639,-0.5906,-0.2790,1.0546,-7.107,7.043,-89.225
1127297,2057,1808,1708,-0.5840,-0.2963,1.0912,-3.679,8.171,-89.608
1127307,2047,1881,1709,-0.5742,-0.3222,1.1436,-0.296,8.979,-91.145
1127317,2457,1813,1651,-0.5608,-0.3716,1.1530,1.509,11.143,-91.256
1127327,2268,1749,1634,-0.5329,-0.4351,1.1467,2.154,13.929,-89.432
1127337,2405,1733,1626,-0.5108,-0.4972,1.1563,-0.671,15.493,-85.406
1127347,1683,1748,1644,-0.4823,-0.5640,1.1620,-5.212,16.925,-79.936
1127357,2097,1718,1622,-0.4466,-0.6206,1.1533,-9.474,19.232,-72.513
1127367,1806,1737,1622,-0.4387,-0.6638,1.1205,-13.202,22.908,-63.655
1127377,1793,1720,1623,-0.4383,-0.6842,1.0916,-17.072,26.545,-53.573
1127387,1873,1923,1675,-0.4509,-0.6991,1.0746,-21.959,29.071,-43.241
1127397,2720,1817,1625,-0.4688,-0.7280,1.0310,-26.698,31.418,-33.529
1127407,1955,1714,1631,-0.4919,-0.7623,0.9735,-30.237,33.351,-24.039
1127417,1946,1716,1650,-0.5096,-0.7870,0.9316,-32.074,33.694,-14.017
1127427,1720,1739,1630,-0.5248,-0.8063,0.8914,-31.171,33.361,-3.253
1127437,1683,1785,1654,-0.5374,-0.8006,0.8489,-27.452,32.853,8.043
1127447,1750,1749,1633,-0.5370,-0.7837,0.8230,-21.359,31.946,19.392
1127457,1758,1724,1677,-0.5364,-0.7574,0.8213,-14.085,30.602,29.721
1127467,2211,1721,1638,-0.5284,-0.7273,0.8235,-5.980,29.629,39.262
1127477,1921,1714,1697,-0.5229,-0.6924,0.8279,2.018,29.375,48.139
1127487,2641,1723,1641,-0.5171,-0.6531,0.8323,9.040,29.458,56.219
1127497,1911,1732,1638,-0.5170,-0.6161,0.8239,15.175,29.958,63.457
1127507,2013,1914,1685,-0.5168,-0.5849,0.7992,20.411,30.789,70.073
1127517,1907,1740,1660,-0.5171,-0.5537,0.7768,24.507,31.183,76.365
1127527,2524,1827,1636,-0.5166,-0.5331,0.7554,27.357,30.784,82.208
1127537,2475,1756,1684,-0.5203,-0.5061,0.7367,29.079,29.935,87.682
1127547,2744,1729,1756,-0.5143,-0.4568,0.7429,29.603,28.615,93.588
1127557,3525,1909,1718,-0.5038,-0.4053,0.7564,28.894,27.240,99.248
1127567,2504,1831,1678,-0.5034,-0.3510,0.7749,26.835,26.182,103.389
1127577,2545,1801,1883,-0.4992,-0.3076,0.7809,23.441,25.170,106.138
1127587,2017,1803,2078,-0.5049,-0.2686,0.7723,19.015,24.129,107.401
1127597,1768,1794,1862,-0.5194,-0.2176,0.7446,14.877,22.886,107.899
1127607,2154,1759,1778,-0.5314,-0.1666,0.6907,13.629,21.569,107.438
1127617,2555,1815,1632,-0.5334,-0.1105,0.6844,16.874,19.217,105.773
1127627,1735,1745,1640,-0.5282,-0.0651,0.7060,23.152,16.100,102.943
1127637,3269,1762,1687,-0.5330,-0.0181,0.7237,32.583,14.548,99.160
1127647,1786,1782,1663,-0.5112,0.0418,0.7766,41.032,13.827,96.732
1127657,1749,1747,1695,-0.5149,0.0598,0.8034,43.924,13.054,93.077
1127667,2206,1872,1751,-0.5335,0.0724,0.7969,41.617,12.404,88.126
1127677,2058,1800,1769,-0.5372,0.1017,0.7994,35.422,10.734,85.026
1127687,1691,1779,1691,-0.5636,0.1167,0.8113,27.102,8.316,81.002
1127697,1960,1751,1647,-0.5636,0.1313,0.8473,18.881,5.799,76.656
1127707,2330,1999,1738,-0.5638,0.1377,0.8762,10.391,4.017,72.816
1127717,2333,1857,1774,-0.6001,0.1650,0.8375,2.527,4.186,68.716
1127727,1666,1867,1647,-0.5865,0.2311,0.8512,-2.537,4.081,66.107
1127737,2134,1714,1811,-0.5554,0.2364,0.8886,-8.263,2.438,62.083
1127747,1816,1727,1676,-0.5773,0.1907,0.8887,-13.312,0.843,52.805
1127757,2086,1728,2150,-0.5864,0.2020,0.9022,-15.847,0.343,46.176
1127767,1716,1758,2904,-0.5742,0.2388,0.9371,-16.814,0.275,42.580
1127777,2108,1737,2320,-0.5776,0.2333,0.9246,-15.834,1.090,35.919
1127787,2713,1770,1664,-0.5828,0.2301,0.8982,-12.628,2.432,27.965
1127797,1806,1716,1855,-0.5943,0.2388,0.8814,-9.005,3.081,21.080
1127807,1688,1874,1664,-0.6056,0.2310,0.8536,-4.962,3.295,13.807
1127817,1716,1770,1949,-0.6125,0.2204,0.8392,-1.625,2.502,6.706
1127827,2400,1717,1633,-0.6088,0.2278,0.8667,-0.524,0.095,0.468
1127837,1704,1799,1648,-0.6089,0.2139,0.8702,-1.232,-2.325,-5.507
1127847,1692,1720,1647,-0.6164,0.1941,0.8438,-2.037,-4.262,-12.250
1127857,1796,1814,1655,-0.6028,0.1790,0.8605,-3.581,-7.450,-18.240
1127867,1663,1717,1700,-0.6031,0.1567,0.8871,-5.716,-11.231,-24.532
1127877,1734,1740,1684,-0.6056,0.1405,0.8723,-5.986,-13.173,-30.344
1127887,2560,1776,1696,-0.5959,0.1374,0.8542,-4.956,-14.203,-34.065
1127897,1853,1741,1730,-0.5858,0.1198,0.8597,-4.744,-16.436,-38.263
1127907,2000,1719,1644,-0.5768,0.0853,0.8726,-5.203,-19.369,-43.702
1127917,2197,1726,1848,-0.5717,0.0573,0.8854,-5.484,-21.797,-48.466
1127927,1691,1737,1688,-0.5736,0.0594,0.9133,-5.544,-23.662,-51.940
1127937,1659,1758,2066,-0.5655,0.0872,0.9496,-5.633,-25.240,-54.757
1127947,1762,1791,1638,-0.5698,0.1125,0.9538,-4.681,-25.568,-58.380
1127957,1656,1742,1662,-0.5694,0.1424,0.9403,-1.858,-25.067,-62.999
1127967,1722,1717,1634,-0.5674,0.1592,0.9160,2.502,-24.888,-68.499
1127977,1725,1736,1656,-0.5670,0.1442,0.8964,8.448,-25.419,-76.107
1127987,1789,1725,1692,-0.5560,0.1115,0.9113,15.118,-27.281,-84.894
1127997,1674,1718,1663,-0.5407,0.0610,0.9301,22.356,-29.334,-93.790
1128007,1676,1777,1744,-0.5297,0.0045,0.9383,30.274,-30.553,-101.756
1128017,1858,1777,1840,-0.5172,-0.0380,0.9597,37.844,-31.295,-107.166
1128027,1693,1728,1641,-0.5147,-0.0538,0.9917,44.116,-31.826,-109.785
1128037,1900,1756,1645,-0.5131,-0.0407,1.0264,49.175,-31.623,-110.090
1128047,1845,1791,1658,-0.5076,-0.0045,1.0255,53.296,-30.354,-108.906
1128057,2003,1727,1642,-0.5091,0.0186,0.9696,57.697,-28.007,-108.689
1128067,1713,1810,1695,-0.4911,0.0080,0.9496,62.241,-27.327,-110.606
1128077,1894,1744,1645,-0.4663,-0.0496,1.0051,64.026,-30.314,-115.089
1128087,1689,1824,1638,-0.4564,-0.1347,1.0385,63.751,-33.256,-120.464
1128097,1836,1735,1751,-0.4400,-0.1989,1.0399,63.390,-33.477,-121.659
1128107,1704,1786,1653,-0.4212,-0.2343,1.0681,61.731,-33.280,-117.764
1128117,1661,1788,1640,-0.4177,-0.2558,1.1169,57.735,-33.666,-112.009
1128127,1753,1730,1652,-0.4174,-0.2565,1.1359,52.183,-32.730,-105.065
1128137,1718,1730,1665,-0.4188,-0.2309,1.1275,46.752,-30.185,-96.778
1128147,1674,1782,1670,-0.4138,-0.2063,1.1194,41.233,-27.479,-88.576
1128157,1794,1743,1646,-0.4100,-0.2020,1.1242,35.785,-25.824,-82.519
1128167,1725,1726,1670,-0.4044,-0.2146,1.1376,30.565,-24.690,-77.976
1128177,1840,1724,1643,-0.3924,-0.2348,1.1482,25.235,-23.198,-73.685
1128187,1698,1720,1645,-0.3827,-0.2670,1.1470,19.483,-21.174,-69.808
1128197,1835,1773,1643,-0.3768,-0.3000,1.1540,13.238,-19.299,-66.531
1128207,1661,1721,1658,-0.3702,-0.3239,1.1719,6.873,-17.753,-63.047
1128217,1880,1726,1773,-0.3636,-0.3410,1.1960,1.771,-14.792,-58.304
1128227,1826,1728,1642,-0.3555,-0.3541,1.2093,-1.831,-11.376,-53.613
1128237,1970,1740,1641,-0.3541,-0.3610,1.2085,-2.942,-6.648,-48.845
1128247,1835,1759,1670,-0.3472,-0.3640,1.2000,-1.208,-0.920,-43.570
1128257,1821,1744,1658,-0.3499,-0.3723,1.1902,2.313,4.741,-38.754
1128267,1762,1738,1654,-0.3446,-0.3849,1.1798,7.150,10.128,-34.301
1128277,1856,1728,1641,-0.3463,-0.3965,1.1682,12.492,15.424,-29.872
1128287,1748,1733,1656,-0.3554,-0.3964,1.1531,17.959,20.420,-25.830
1128297,1947,1751,1646,-0.3640,-0.3840,1.1307,23.710,25.271,-21.589
1128307,1793,1723,1653,-0.3720,-0.3644,1.1114,29.569,29.537,-17.614
1128317,1823,1744,1653,-0.3799,-0.3413,1.1039,35.551,32.983,-14.414
1128327,1715,1723,1648,-0.3886,-0.3144,1.1006,41.793,36.096,-11.867
1128337,1767,1744,1650,-0.3973,-0.2818,1.0918,48.603,39.458,-9.600
1128347,1720,1740,1646,-0.4023,-0.2494,1.0769,55.882,43.087,-7.528
1128357,1739,1728,1645,-0.4107,-0.2174,1.0615,63.167,46.450,-6.020
1128367,1671,1725,1659,-0.4204,-0.1887,1.0446,70.045,49.352,-4.990
1128377,1709,1726,1648,-0.4363,-0.1633,1.0212,76.429,51.704,-4.342
1128387,1799,1730,1652,-0.4547,-0.1373,0.9906,82.330,53.515,-3.873
1128397,1746,1727,1653,-0.4716,-0.1130,0.9653,87.992,54.661,-3.581
1128407,1708,1726,1663,-0.4839,-0.0912,0.9459,92.671,54.762,-3.835
1128417,1982,1726,1656,-0.4985,-0.0736,0.9291,96.575,54.015,-4.745
1128427,1669,1725,1664,-0.5081,-0.0448,0.9155,100.252,53.021,-5.274
1128437,1669,1735,1654,-0.5180,-0.0092,0.8987,103.587,51.908,-5.330
1128447,1744,1727,1666,-0.5296,0.0250,0.8820,106.646,50.406,-5.725
1128457,1749,1739,1668,-0.5386,0.0560,0.8622,109.469,48.511,-6.549
1128467,2044,1730,1655,-0.5453,0.0746,0.8455,111.756,46.019,-8.201
1128477,1698,1725,1667,-0.5496,0.0809,0.8349,113.227,42.889,-10.575
1128487,1793,1735,1669,-0.5517,0.0851,0.8256,114.253,39.390,-12.962
1128497,1660,1725,1681,-0.5505,0.0916,0.8165,115.253,35.935,-14.526
1128507,1758,1741,1685,-0.5513,0.1061,0.8124,116.127,32.407,-15.148
1128517,1800,1732,1678,-0.5536,0.1279,0.8084,116.700,28.841,-15.204
1128527,1762,1747,1673,-0.5583,0.1557,0.7917,117.109,25.564,-15.081
1128537,2157,1780,1875,-0.5620,0.1829,0.7679,117.538,22.377,-15.229
1128547,1835,1759,1859,-0.5659,0.2065,0.7319,118.221,18.949,-16.129
1128557,1661,1755,1765,-0.5711,0.2210,0.6879,118.935,14.934,-17.820
1128567,1829,1740,1746,-0.5744,0.2309,0.6525,120.121,9.947,-20.006
1128577,1666,1754,1766,-0.5716,0.2381,0.6283,121.444,3.891,-22.143
1128587,2007,1781,1677,-0.5642,0.2424,0.6299,122.570,-3.179,-24.000
1128597,2156,1820,1724,-0.5552,0.2573,0.6681,122.497,-11.405,-25.168
1128607,1660,1751,1679,-0.5443,0.2870,0.7117,120.642,-19.476,-25.341
1128617,2357,1778,1740,-0.5302,0.3247,0.7353,116.696,-26.195,-24.929
1128627,1710,1740,1649,-0.5164,0.3583,0.7485,110.019,-32.338,-25.180
1128637,2073,1789,1730,-0.5008,0.3770,0.7489,101.112,-38.265,-26.598
1128647,2114,1743,1664,-0.4924,0.3808,0.7411,91.388,-43.937,-28.575
1128657,1666,1757,1726,-0.4831,0.3763,0.7322,81.876,-49.416,-29.807
1128667,1699,1764,1659,-0.4798,0.3725,0.7291,72.943,-54.956,-30.103
1128677,1706,1757,1716,-0.4804,0.3750,0.7194,64.934,-60.101,-29.458
1128687,1671,1744,1666,-0.4768,0.3846,0.7117,57.953,-65.037,-28.395
1128697,1662,1821,1706,-0.4644,0.3972,0.7266,51.476,-70.684,-27.822
1128707,1763,2100,1736,-0.4482,0.4049,0.7456,45.534,-76.603,-28.355
1128717,1667,1764,1715,-0.4334,0.4074,0.7511,40.724,-81.783,-29.712
1128727,1718,1727,1698,-0.4135,0.4067,0.7530,36.942,-86.464,-31.128
1128737,1699,1753,1688,-0.3968,0.3985,0.7530,33.736,-91.234,-32.875
1128747,1778,1740,1726,-0.3838,0.3889,0.7522,31.370,-95.905,-34.589
1128757,1760,1753,1743,-0.3710,0.3830,0.7516,29.891,-100.398,-35.354
1128767,1661,1803,1789,-0.3631,0.3806,0.7525,29.110,-104.950,-35.431
1128777,1690,1776,1743,-0.3532,0.3793,0.7599,28.512,-109.769,-34.998
1128787,1713,1836,1801,-0.3342,0.3773,0.7783,27.487,-114.961,-34.451
1128797,1731,1767,1708,-0.3077,0.3709,0.8156,25.543,-120.490,-34.088
1128807,1790,1766,1709,-0.2691,0.3655,0.8843,22.186,-126.180,-33.676
1128817,1673,1914,1824,-0.2268,0.3634,0.9588,17.371,-131.097,-32.856
1128827,1997,1788,1739,-0.1801,0.3657,1.0260,11.600,-134.173,-31.227
1128837,1673,1788,1751,-0.1358,0.3729,1.0843,4.711,-135.542,-29.071
1128847,1747,1740,1667,-0.0904,0.3777,1.1327,-3.352,-135.799,-26.935
1128857,1663,1841,1800,-0.0487,0.3844,1.1775,-12.533,-135.171,-25.112
1128867,1756,1785,1746,-0.0092,0.3653,1.2098,-22.674,-133.710,-24.133
1128877,1671,1866,1760,0.0254,0.3317,1.2369,-33.039,-131.761,-24.220
1128887,1776,1850,1703,0.0553,0.2910,1.2620,-43.542,-128.899,-24.022
1128897,1665,1807,1730,0.0840,0.2518,1.2850,-53.653,-124.880,-23.160
1128907,1897,1771,1704,0.1044,0.2192,1.3065,-62.503,-120.013,-21.955
1128917,1682,1884,1689,0.1220,0.1898,1.3202,-69.432,-113.968,-20.283
1128927,1680,1910,1740,0.1359,0.1673,1.3324,-73.960,-107.273,-18.426
1128937,1666,1924,1729,0.1432,0.1512,1.3402,-75.934,-100.240,-16.720
1128947,1796,2048,1759,0.1498,0.1404,1.3391,-75.073,-92.896,-15.311
1128957,1698,2167,1815,0.1571,0.1225,1.3360,-71.763,-85.699,-14.490
1128967,1659,2297,1812,0.1597,0.1088,1.3321,-66.654,-78.963,-14.200
1128977,1704,2110,1856,0.1598,0.1030,1.3311,-60.253,-72.545,-13.910
1128987,1757,2101,1776,0.1574,0.1006,1.3253,-53.516,-66.465,-13.524
1128997,1670,2138,1844,0.1529,0.0988,1.3138,-46.792,-60.521,-13.147
1129007,1718,2093,1802,0.1488,0.0958,1.3022,-40.520,-54.862,-12.663
1129017,1667,2090,1813,0.1421,0.0943,1.2898,-34.660,-49.531,-12.045
1129027,1710,2044,1848,0.1361,0.0992,1.2769,-28.913,-44.479,-11.022
1129037,1686,2085,1864,0.1303,0.1103,1.2661,-23.101,-39.715,-9.712
1129047,1898,2101,1820,0.1251,0.1242,1.2568,-17.258,-35.389,-8.590
1129057,1678,2112,1916,0.1208,0.1380,1.2564,-11.510,-31.718,-7.897
1129067,1674,2034,1934,0.1184,0.1409,1.2560,-5.810,-28.563,-8.001
1129077,1816,2038,1984,0.1156,0.1413,1.2463,-0.410,-25.481,-8.422
1129087,1673,1949,1963,0.1162,0.1431,1.2446,4.488,-22.808,-8.430
1129097,1735,1885,1966,0.1124,0.1410,1.2398,8.640,-20.530,-8.488
1129107,1789,1934,1985,0.1068,0.1488,1.2318,11.934,-18.354,-8.131
1129117,1951,1899,2000,0.1040,0.1649,1.2255,14.441,-16.305,-7.020
1129127,1662,1917,2004,0.0984,0.1806,1.2157,16.230,-14.426,-6.047
1129137,1833,1946,2061,0.0970,0.1963,1.2044,17.336,-12.839,-5.505
1129147,1661,1933,1978,0.0964,0.2067,1.1980,17.874,-11.565,-5.329
1129157,1873,1932,2051,0.0952,0.2097,1.1936,17.774,-10.547,-5.630
1129167,1991,1909,1934,0.0955,0.2130,1.1883,17.143,-9.623,-5.872
1129177,1712,1929,2046,0.0984,0.2183,1.1822,16.058,-8.677,-5.649
1129187,1684,1930,1972,0.1005,0.2216,1.1789,14.506,-7.872,-5.476
1129197,1666,1967,2044,0.1010,0.2209,1.1728,12.533,-7.224,-5.642
1129207,1749,1893,1998,0.1013,0.2205,1.1668,10.418,-6.657,-5.711
1129217,1660,1867,2010,0.1011,0.2161,1.1631,8.193,-6.296,-5.690
1129227,1684,1950,1952,0.0986,0.2098,1.1547,5.963,-6.011,-5.682
1129237,1790,1925,2086,0.0962,0.2086,1.1469,3.881,-5.754,-5.296
1129247,1654,1892,2022,0.0908,0.2050,1.1388,1.944,-5.659,-4.825
1129257,1659,1948,2065,0.0915,0.2015,1.1247,-0.062,-5.716,-4.458
1129267,1681,1939,1993,0.0967,0.2143,1.1257,-2.444,-6.022,-3.357
1129277,1819,1903,2048,0.0980,0.2176,1.1322,-5.173,-6.522,-2.564
1129287,2386,1870,2018,0.0945,0.2088,1.1155,-7.768,-6.578,-3.075
1129297,1677,1957,2071,0.1026,0.2162,1.1147,-9.574,-6.652,-2.731
1129307,1760,1841,1936,0.1320,0.2528,1.1498,-10.269,-6.893,-1.585
1129317,1728,1954,2062,0.1282,0.2043,1.1708,-8.324,-7.361,-5.235
1129327,1676,1831,1977,0.1105,0.1391,1.1516,-4.336,-6.750,-11.225
1129337,1858,1983,2079,0.1287,0.1403,1.1645,1.739,-5.506,-10.997
1129347,1855,1945,2018,0.1386,0.1507,1.1723,7.317,-4.390,-8.513
1129357,1670,1948,2041,0.1380,0.1479,1.1705,12.568,-3.015,-8.391
1129367,1657,1903,1923,0.1501,0.1532,1.1851,16.869,-2.014,-8.370
1129377,1949,1968,2029,0.1514,0.1574,1.1914,20.059,-0.517,-8.086
1129387,1784,1935,1923,0.1576,0.1697,1.1889,21.975,1.398,-7.268
1129397,1967,1970,2027,0.1602,0.1777,1.1988,22.654,3.170,-5.868
1129407,1670,1987,1960,0.1590,0.1802,1.1987,21.671,4.725,-4.962
1129417,1694,1879,2036,0.1598,0.1906,1.1916,19.878,6.407,-3.584
1129427,1742,1988,1993,0.1578,0.2022,1.1882,17.262,7.980,-1.709
1129437,1690,1997,2063,0.1512,0.2066,1.1750,14.377,9.315,-0.685
1129447,1805,1933,1948,0.1441,0.2096,1.1632,11.805,10.517,0.085
1129457,1822,1970,2058,0.1368,0.2111,1.1532,9.632,11.532,0.979
1129467,1800,1952,1943,0.1284,0.2138,1.1404,8.050,12.424,1.818
1129477,1863,1965,2038,0.1239,0.2196,1.1320,7.102,13.097,2.904
1129487,1770,1954,1974,0.1219,0.2221,1.1261,6.505,13.441,3.849
1129497,1659,2003,2040,0.1180,0.2211,1.1218,6.092,13.515,4.296
1129507,2060,1875,1952,0.1163,0.2238,1.1148,5.696,13.497,4.796
1129517,1803,1985,2069,0.1150,0.2300,1.1082,5.533,13.538,5.565
1129527,1860,1909,1910,0.1120,0.2380,1.1028,5.427,13.308,5.977
1129537,1791,2033,2053,0.1114,0.2464,1.0951,5.621,12.983,6.152
1129547,1783,1922,1961,0.1099,0.2482,1.0933,6.340,12.506,5.904
1129557,1728,2021,2004,0.1039,0.2440,1.0909,7.204,11.800,4.949
1129567,1984,1937,1924,0.1005,0.2468,1.0878,8.341,11.218,4.209
1129577,1781,1992,2011,0.1013,0.2561,1.0869,9.549,10.776,4.035
1129587,1844,1899,1958,0.1014,0.2665,1.0883,10.562,10.261,3.866
1129597,1867,1987,2015,0.1038,0.2709,1.0978,11.360,9.437,3.147
1129607,1741,1907,1929,0.1032,0.2706,1.1047,11.825,8.756,2.152
1129617,1860,1945,2008,0.1085,0.2753,1.1070,11.986,8.462,1.555
1129627,1911,1903,1933,0.1116,0.2793,1.1204,11.738,8.143,1.207
1129637,1796,1987,2023,0.1102,0.2750,1.1291,11.012,7.769,0.328
1129647,2002,1904,1946,0.1080,0.2710,1.1238,10.313,7.915,-0.401
1129657,1695,1974,2058,0.1093,0.2756,1.1223,9.447,8.182,-0.185
1129667,2051,1870,1930,0.1080,0.2752,1.1231,8.245,8.110,-0.026
1129677,1702,1998,1999,0.1047,0.2746,1.1138,6.983,8.101,-0.156
1129687,1882,1918,1961,0.1045,0.2776,1.1029,5.856,8.233,0.209
1129697,1777,1988,2022,0.1042,0.2770,1.0979,4.745,8.021,0.400
1129707,2014,1900,1947,0.1014,0.2707,1.0956,3.855,7.584,0.054
1129717,1780,1946,1978,0.1021,0.2658,1.0950,3.399,7.209,-0.179
1129727,1710,1887,1918,0.1022,0.2613,1.0936,3.397,6.954,-0.247
1129737,1737,1935,1973,0.1031,0.2598,1.0976,4.098,6.742,-0.159
1129747,1824,1919,1942,0.1027,0.2554,1.0999,4.947,6.520,-0.295
1129757,1793,1980,2009,0.1037,0.2529,1.1023,5.989,6.359,-0.434
1129767,1837,1913,1920,0.1047,0.2522,1.1063,7.250,6.164,-0.479
1129777,1786,1902,1891,0.1026,0.2516,1.1084,8.715,6.045,-0.614
1129787,1821,1884,1893,0.1019,0.2562,1.1094,10.381,6.108,-0.550
1129797,1781,1983,1946,0.1011,0.2631,1.1142,12.027,6.131,-0.318
1129807,1936,1882,1897,0.0988,0.2686,1.1137,13.487,6.150,-0.362
1129817,1817,1967,1939,0.0984,0.2777,1.1108,14.798,6.243,-0.228
1129827,1853,1892,1855,0.0999,0.2888,1.1128,15.713,6.130,0.101
1129837,1837,1960,1876,0.1010,0.2977,1.1138,16.136,5.891,0.155
1129847,1861,1905,1853,0.1022,0.3070,1.1116,16.116,5.748,0.133
1129857,1787,1982,1880,0.1027,0.3139,1.1077,15.643,5.666,0.130
1129867,1873,1886,1848,0.1011,0.3204,1.1017,14.811,5.552,0.066
1129877,1827,1936,1897,0.1005,0.3256,1.0994,13.696,5.327,0.020
1129887,1873,1901,1837,0.0998,0.3279,1.0974,12.418,5.009,-0.104
1129897,1798,1941,1903,0.0989,0.3263,1.0957,11.119,4.616,-0.355
1129907,1932,1874,1863,0.0992,0.3248,1.0962,9.827,4.143,-0.482
1129917,1808,1977,1936,0.0992,0.3255,1.0987,8.602,3.651,-0.384
1129927,1926,1881,1843,0.0996,0.3217,1.0996,7.450,3.229,-0.320
1129937,1792,1989,1930,0.0997,0.3236,1.0903,6.298,2.934,-0.307
1129947,2044,1864,1872,0.1051,0.3304,1.1011,5.395,2.592,0.108
1129957,1896,1947,1918,0.1084,0.3270,1.1144,4.430,2.029,0.013
1129967,1791,1883,1861,0.1084,0.3183,1.1091,3.945,2.174,-0.539
1129977,1843,1954,1929,0.1115,0.3163,1.1076,3.580,2.688,-0.320
1129987,2013,1859,1851,0.1127,0.3146,1.1125,2.829,2.851,-0.066
1129997,1845,1924,1915,0.1111,0.3147,1.1099,2.229,3.184,-0.048
1130007,1864,1886,1838,0.1104,0.3178,1.1052,1.986,3.699,0.379
1130017,1824,1967,1916,0.1074,0.3191,1.1018,1.779,3.991,0.797
1130027,1987,1913,1910,0.1049,0.3209,1.0962,1.537,4.107,0.995
1130037,1840,1963,1939,0.1050,0.3222,1.0940,1.183,3.970,1.186
1130047,1909,1923,1898,0.1059,0.3229,1.0937,0.778,3.655,1.264
1130057,1843,1971,1949,0.1070,0.3241,1.0951,0.516,3.432,1.353
1130067,1940,1914,1933,0.1096,0.3245,1.0983,0.368,3.301,1.415
1130077,1837,1989,1973,0.1101,0.3222,1.0982,0.277,3.286,1.275
1130087,1912,1901,1905,0.1100,0.3207,1.0969,0.212,3.369,1.122
1130097,2050,1963,1968,0.1100,0.3203,1.0956,0.089,3.446,1.094
1130107,1953,1903,1937,0.1108,0.3206,1.0938,-0.041,3.516,1.047
1130117,1889,1945,1972,0.1129,0.3193,1.0931,-0.067,3.637,0.909
1130127,1956,1887,1935,0.1144,0.3168,1.0934,0.011,3.821,0.685
1130137,1857,1971,2006,0.1153,0.3141,1.0946,0.173,4.099,0.386
1130147,1934,1896,1928,0.1159,0.3123,1.0938,0.428,4.509,0.072
1130157,1861,1973,2008,0.1164,0.3116,1.0929,0.778,5.014,-0.172
1130167,1994,1876,1931,0.1150,0.3110,1.0924,1.233,5.527,-0.427
1130177,1847,1975,2006,0.1140,0.3107,1.0894,1.767,6.084,-0.675
1130187,1961,1908,1956,0.1130,0.3123,1.0876,2.276,6.611,-0.815
1130197,1835,2007,2066,0.1130,0.3139,1.0860,2.626,7.000,-0.905
1130207,1956,1945,2007,0.1124,0.3202,1.0845,2.894,7.409,-0.885
1130217,1879,1987,2044,0.1151,0.3267,1.0951,3.176,7.522,-0.879
1130227,1983,1911,2007,0.1122,0.3235,1.0975,3.547,7.765,-1.374
1130237,1859,1985,2060,0.1112,0.3234,1.0917,4.185,8.409,-1.787
1130247,1962,1932,2062,0.1113,0.3248,1.0941,4.572,8.783,-1.835
1130257,1886,2015,2104,0.1077,0.3245,1.0941,4.654,8.977,-2.065
1130267,1953,1942,2085,0.1058,0.3265,1.0909,4.742,9.244,-2.163
1130277,1865,2027,2121,0.1060,0.3292,1.0902,4.821,9.373,-2.062
1130287,1846,1972,2126,0.1041,0.3292,1.0902,4.897,9.362,-2.172
1130297,1860,2034,2157,0.1023,0.3311,1.0892,5.030,9.335,-2.167
1130307,1956,2006,2155,0.1023,0.3342,1.0893,5.167,9.238,-1.992
1130317,1858,2061,2194,0.1010,0.3374,1.0890,5.229,9.141,-1.810
1130327,1951,1988,2177,0.1013,0.3403,1.0894,5.126,8.984,-1.627
1130337,1857,2048,2203,0.1007,0.3429,1.0900,4.848,8.753,-1.447
1130347,1957,1972,2147,0.1002,0.3452,1.0882,4.421,8.543,-1.256
1130357,1869,2063,2211,0.1002,0.3476,1.0886,3.866,8.327,-1.031
1130367,1958,1991,2162,0.1003,0.3496,1.0903,3.204,8.011,-0.819
1130377,2006,2069,2202,0.0991,0.3494,1.0894,2.547,7.725,-0.699
1130387,1964,2019,2203,0.0987,0.3483,1.0875,1.941,7.514,-0.575
1130397,1853,2104,2249,0.0973,0.3466,1.0866,1.305,7.278,-0.427
1130407,1984,2003,2182,0.0953,0.3440,1.0838,0.580,7.033,-0.281
1130417,1869,2097,2224,0.0948,0.3482,1.0813,-0.217,6.897,0.170
1130427,2005,2020,2190,0.0974,0.3514,1.0891,-1.097,6.418,0.595
1130437,1859,2111,2264,0.0962,0.3482,1.0906,-1.878,6.027,0.557
1130447,1948,2053,2210,0.0975,0.3475,1.0896,-2.276,5.913,0.504
1130457,1653,2199,2287,0.1002,0.3483,1.0954,-2.551,5.714,0.664
1130467,1953,2023,2198,0.0998,0.3436,1.0983,-2.770,5.559,0.521
1130477,1879,2122,2252,0.0983,0.3410,1.0944,-2.807,5.746,0.389
1130487,1983,2065,2226,0.0981,0.3428,1.0915,-2.787,6.019,0.645
1130497,1887,2145,2265,0.0976,0.3443,1.0904,-2.907,6.108,0.876
1130507,2022,2080,2230,0.0982,0.3453,1.0904,-3.138,6.110,0.970
1130517,1911,2140,2278,0.0996,0.3458,1.0908,-3.397,6.109,1.069
1130527,2023,2071,2197,0.0994,0.3459,1.0905,-3.729,6.107,1.065
1130537,1882,2142,2255,0.1001,0.3461,1.0892,-4.139,6.201,1.050
1130547,2091,2053,2202,0.1000,0.3465,1.0905,-4.654,6.356,1.008
1130557,1901,2133,2237,0.1000,0.3451,1.0919,-5.239,6.531,0.857
1130567,2014,2087,2208,0.0993,0.3419,1.0923,-5.830,6.712,0.614
1130577,1908,2164,2234,0.0976,0.3369,1.0900,-6.417,6.902,0.306
1130587,2012,2085,2151,0.0960,0.3294,1.0890,-6.982,7.109,0.082
1130597,1871,2133,2176,0.0955,0.3309,1.0738,-7.635,7.207,0.036
1130607,1972,2061,2156,0.0972,0.3373,1.0823,-7.907,7.310,0.584
1130617,1887,2143,2226,0.1010,0.3258,1.0991,-8.421,6.622,-0.138
1130627,2045,2043,2136,0.0952,0.3121,1.0911,-7.965,6.796,-1.431
1130637,1923,2115,2194,0.0997,0.3154,1.0887,-6.971,7.600,-1.016
1130647,2019,2086,2170,0.1005,0.3126,1.0963,-6.474,7.685,-0.720
1130657,1920,2143,2177,0.0944,0.3049,1.0944,-6.062,7.739,-1.296
1130667,2043,2065,2148,0.0955,0.3076,1.0918,-5.389,8.132,-1.081
1130677,1907,2130,2201,0.0958,0.3101,1.0939,-4.750,8.333,-0.620
1130687,2013,2075,2157,0.0917,0.3078,1.0922,-4.221,8.367,-0.709
1130697,1904,2142,2191,0.0906,0.3092,1.0896,-3.698,8.476,-0.647
1130707,2050,2073,2155,0.0895,0.3141,1.0892,-3.319,8.496,-0.275
1130717,1824,2133,2185,0.0881,0.3186,1.0855,-3.125,8.280,-0.155
1130727,2023,2078,2152,0.0890,0.3245,1.0892,-2.977,8.088,0.051
1130737,1908,2132,2217,0.0933,0.3244,1.0958,-3.020,7.630,-0.089
1130747,2046,2058,2182,0.0912,0.3184,1.0976,-2.808,7.436,-0.681
1130757,1903,2149,2215,0.0904,0.3140,1.0967,-2.444,7.489,-1.008
1130767,2040,2098,2174,0.0898,0.3114,1.0942,-2.118,7.519,-1.054
1130777,1896,2158,2216,0.0885,0.3092,1.0939,-1.825,7.523,-1.100
1130787,2016,2094,2170,0.0887,0.3077,1.0942,-1.462,7.372,-1.160
1130797,1909,2141,2234,0.0869,0.3067,1.0926,-0.822,7.264,-1.083
1130807,2003,2084,2192,0.0870,0.3099,1.0926,0.021,7.224,-0.804
1130817,1914,2154,2222,0.0881,0.3123,1.0967,0.761,7.043,-0.587
1130827,2042,2095,2202,0.0872,0.3142,1.0960,1.378,6.921,-0.554
1130837,1922,2148,2252,0.0869,0.3175,1.0952,1.923,6.958,-0.452
1130847,2046,2093,2212,0.0870,0.3202,1.0958,2.290,6.958,-0.261
1130857,1957,2141,2257,0.0868,0.3229,1.0944,2.393,6.848,-0.170
1130867,2104,2070,2207,0.0871,0.3251,1.0938,2.325,6.710,-0.100
1130877,1917,2159,2267,0.0881,0.3276,1.0950,2.200,6.600,-0.013
1130887,2091,2079,2222,0.0878,0.3276,1.0963,2.060,6.566,0.020
1130897,1968,2141,2258,0.0874,0.3270,1.0948,1.884,6.588,-0.011
1130907,2073,2076,2196,0.0875,0.3262,1.0946,1.657,6.611,-0.064
1130917,1948,2137,2258,0.0874,0.3247,1.0941,1.405,6.658,-0.113
1130927,2093,2080,2208,0.0866,0.3243,1.0924,1.193,6.735,-0.108
1130937,1962,2135,2247,0.0858,0.3248,1.0941,1.052,6.792,-0.058
1130947,2082,2069,2211,0.0860,0.3243,1.0958,1.007,6.793,-0.091
1130957,1920,2149,2267,0.0859,0.3232,1.0968,1.100,6.842,-0.165
1130967,2083,2065,2228,0.0855,0.3242,1.0964,1.256,6.983,-0.181
1130977,1960,2131,2268,0.0854,0.3250,1.0955,1.401,7.161,-0.139
1130987,2117,2064,2225,0.0848,0.3271,1.0952,1.488,7.312,-0.072
1130997,1970,2107,2266,0.0845,0.3298,1.0962,1.546,7.472,0.024
1131007,2091,2063,2237,0.0842,0.3321,1.0967,1.541,7.617,0.110
1131017,1964,2105,2281,0.0841,0.3334,1.0966,1.425,7.745,0.130
1131027,2104,2043,2238,0.0838,0.3348,1.0954,1.183,7.861,0.157
1131037,1977,2095,2270,0.0836,0.3357,1.0937,0.825,7.960,0.243
1131047,2104,2042,2201,0.0834,0.3360,1.0943,0.371,7.958,0.281
1131057,2053,2069,2254,0.0826,0.3352,1.0946,-0.092,7.920,0.241
1131067,2094,2022,2204,0.0830,0.3342,1.0935,-0.497,7.948,0.246
1131077,1973,2069,2243,0.0829,0.3325,1.0938,-0.835,8.020,0.304
1131087,2106,2028,2162,0.0823,0.3307,1.0937,-1.113,8.077,0.341
1131097,1936,2089,2228,0.0824,0.3287,1.0940,-1.334,8.151,0.396
1131107,2110,2018,2163,0.0815,0.3276,1.0949,-1.478,8.258,0.515
1131117,1982,2064,2215,0.0797,0.3280,1.0927,-1.585,8.418,0.668
1131127,2124,2002,2154,0.0797,0.3275,1.0910,-1.653,8.541,0.743
1131137,2006,2050,2217,0.0792,0.3265,1.0907,-1.691,8.543,0.731
1131147,2105,2007,2144,0.0800,0.3270,1.0884,-1.625,8.554,0.726
1131157,1999,2039,2204,0.0810,0.3291,1.0886,-1.368,8.565,0.796
1131167,2118,1985,2150,0.0791,0.3294,1.0948,-1.066,8.464,0.712
1131177,2047,1977,2162,0.0753,0.3281,1.0957,-0.745,8.488,0.431
1131187,2145,1984,2132,0.0735,0.3284,1.0917,-0.406,8.767,0.358
1131197,1979,2021,2177,0.0732,0.3292,1.0901,-0.283,8.845,0.425
1131207,2122,1959,2119,0.0720,0.3270,1.0916,-0.448,8.592,0.290
1131217,1979,2017,2157,0.0740,0.3266,1.0915,-0.601,8.369,0.346
1131227,2115,1961,2116,0.0756,0.3263,1.0932,-0.609,8.176,0.396
1131237,1976,2014,2154,0.0750,0.3243,1.0964,-0.484,8.039,0.267
1131247,2120,1944,2124,0.0735,0.3245,1.0956,-0.192,8.112,0.199
1131257,1911,2015,2160,0.0734,0.3263,1.0928,0.191,8.338,0.345
1131267,2100,1935,2109,0.0734,0.3293,1.0913,0.495,8.433,0.473
1131277,1967,1992,2140,0.0730,0.3313,1.0924,0.687,8.386,0.481
1131287,2134,1925,2052,0.0716,0.3311,1.0965,0.734,8.316,0.418
1131297,1976,1991,2141,0.0697,0.3309,1.0961,0.654,8.333,0.386
1131307,2098,1926,2073,0.0681,0.3321,1.0944,0.412,8.376,0.456
1131317,1961,1979,2118,0.0671,0.3329,1.0927,0.070,8.344,0.499
1131327,2091,1926,2050,0.0673,0.3328,1.0919,-0.226,8.200,0.542
1131337,1970,1952,2112,0.0673,0.3331,1.0907,-0.403,8.021,0.609
1131347,2089,1913,2074,0.0675,0.3332,1.0910,-0.459,7.866,0.690
1131357,1940,1956,2091,0.0677,0.3338,1.0911,-0.449,7.731,0.743
1131367,2077,1904,2050,0.0672,0.3342,1.0922,-0.447,7.598,0.741
1131377,1970,1934,2110,0.0673,0.3343,1.0926,-0.497,7.502,0.739
1131387,2092,1905,2026,0.0662,0.3358,1.0922,-0.607,7.479,0.777
1131397,1951,1931,2051,0.0653,0.3360,1.0932,-0.810,7.450,0.816
