8109602,1911,1871,1839,0.2339,0.0856,1.1244,0.298,-1.391,-0.879
8109612,1855,1889,1865,0.2336,0.0853,1.1232,0.110,-1.301,-0.670
8109622,1895,1888,1833,0.2331,0.0859,1.1219,0.028,-1.323,-0.501
8109632,1854,1892,1833,0.2341,0.0860,1.1225,0.017,-1.333,-0.370
8109642,1915,1871,1835,0.2339,0.0866,1.1212,0.057,-1.359,-0.246
8109652,1863,1910,1882,0.2347,0.0871,1.1235,0.056,-1.375,-0.087
8109662,1908,1873,1827,0.2349,0.0868,1.1226,-0.036,-1.318,0.114
8109672,1858,1902,1844,0.2352,0.0857,1.1235,-0.283,-1.304,0.360
8109682,1905,1874,1826,0.2358,0.0843,1.1233,-0.695,-1.277,0.590
8109692,1882,1872,1866,0.2359,0.0817,1.1237,-1.140,-1.258,0.794
8109702,1927,1873,1836,0.2368,0.0795,1.1232,-1.418,-1.215,0.970
8109712,1869,1890,1874,0.2373,0.0779,1.1232,-1.476,-1.144,1.118
8109722,1920,1874,1832,0.2370,0.0772,1.1219,-1.342,-1.020,1.207
8109732,1869,1889,1839,0.2368,0.0766,1.1205,-1.085,-0.921,1.236
8109742,1902,1873,1831,0.2367,0.0761,1.1209,-0.810,-0.787,1.273
8109752,1855,1878,1867,0.2358,0.0783,1.1215,-0.566,-0.617,1.334
8109762,1925,1872,1844,0.2349,0.0790,1.1233,-0.388,-0.455,1.393
8109772,1862,1888,1840,0.2340,0.0785,1.1234,-0.308,-0.292,1.400
8109782,1915,1871,1836,0.2344,0.0777,1.1237,-0.345,-0.193,1.320
8109792,1871,1876,1872,0.2338,0.0767,1.1230,-0.382,-0.125,1.187
8109802,1903,1880,1826,0.2336,0.0768,1.1222,-0.312,-0.092,1.037
8109812,1870,1891,1861,0.2329,0.0775,1.1210,-0.124,-0.084,0.889
8109822,1898,1874,1829,0.2321,0.0779,1.1211,0.171,-0.094,0.745
8109832,1869,1879,1833,0.2327,0.0800,1.1217,0.479,-0.128,0.619
8109842,1900,1872,1826,0.2325,0.0820,1.1228,0.711,-0.130,0.524
8109852,1868,1900,1840,0.2320,0.0829,1.1229,0.802,-0.129,0.447
8109862,1906,1871,1827,0.2309,0.0827,1.1231,0.731,-0.158,0.369
8109872,1861,1892,1838,0.2305,0.0821,1.1214,0.575,-0.246,0.286
8109882,1905,1871,1827,0.2299,0.0811,1.1217,0.423,-0.414,0.174
8109892,1868,1884,1828,0.2303,0.0802,1.1235,0.351,-0.617,0.057
8109902,1907,1873,1831,0.2311,0.0812,1.1225,0.381,-0.822,-0.055
8109912,1869,1884,1835,0.2305,0.0822,1.1214,0.492,-1.005,-0.157
8109922,1927,1876,1826,0.2304,0.0840,1.1212,0.570,-1.175,-0.254
8109932,1864,1889,1872,0.2308,0.0855,1.1227,0.622,-1.296,-0.318
8109942,1905,1872,1828,0.2307,0.0857,1.1236,0.509,-1.379,-0.350
8109952,1869,1882,1840,0.2305,0.0859,1.1241,0.306,-1.457,-0.338
8109962,1889,1879,1829,0.2304,0.0859,1.1224,0.050,-1.460,-0.318
8109972,1856,1892,1868,0.2311,0.0850,1.1229,-0.173,-1.521,-0.293
8109982,1903,1872,1829,0.2324,0.0834,1.1223,-0.327,-1.588,-0.243
8109992,1861,1885,1841,0.2332,0.0836,1.1220,-0.415,-1.676,-0.170
8110002,1922,1872,1828,0.2335,0.0842,1.1231,-0.453,-1.720,-0.060
8110012,1863,1886,1839,0.2341,0.0850,1.1235,-0.491,-1.732,0.074
8110022,1866,1876,1828,0.2350,0.0846,1.1224,-0.606,-1.689,0.229
8110032,1862,1887,1846,0.2352,0.0851,1.1233,-0.788,-1.633,0.424
8110042,1943,1873,1829,0.2353,0.0851,1.1244,-1.016,-1.578,0.678
8110052,1865,1888,1839,0.2350,0.0859,1.1256,-1.238,-1.475,0.984
8110062,1912,1872,1829,0.2348,0.0868,1.1260,-1.417,-1.349,1.341
8110072,1885,1896,1847,0.2375,0.0856,1.1262,-1.600,-1.168,1.722
8110082,1901,1874,1828,0.2382,0.0819,1.1283,-1.844,-0.931,2.196
8110092,1872,1891,1847,0.2393,0.0797,1.1261,-2.183,-0.532,2.876
8110102,1910,1872,1828,0.2395,0.0793,1.1225,-2.402,-0.017,3.772
8110112,1873,1894,1837,0.2404,0.0783,1.1252,-2.624,0.358,4.737
8110122,1921,1873,1829,0.2409,0.0769,1.1221,-2.628,0.937,5.753
8110132,1854,1884,1841,0.2420,0.0737,1.1236,-2.477,1.550,6.782
8110142,1913,1874,1828,0.2424,0.0717,1.1233,-2.228,2.117,7.864
8110152,1884,1888,1839,0.2401,0.0710,1.1230,-1.834,2.700,8.980
8110162,1914,1872,1831,0.2390,0.0714,1.1250,-1.318,3.031,10.063
8110172,1876,1890,1840,0.2377,0.0687,1.1262,-0.829,3.552,11.063
8110182,1923,1872,1828,0.2377,0.0692,1.1294,-0.459,3.828,12.015
8110192,1888,1887,1838,0.2377,0.0740,1.1206,-0.061,4.394,12.957
8110202,1924,1872,1829,0.2319,0.0745,1.1295,0.338,4.517,13.769
8110212,1925,1878,1838,0.2280,0.0816,1.1224,0.516,4.685,14.389
8110222,1925,1875,1829,0.2246,0.0817,1.1274,0.546,4.605,14.705
8110232,1922,1886,1832,0.2238,0.0734,1.1302,0.265,4.304,14.708
8110242,1907,1873,1833,0.2250,0.0700,1.1359,-0.277,4.129,14.600
8110252,1857,1894,1838,0.2195,0.0724,1.1277,-0.772,4.053,14.571
8110262,1899,1874,1838,0.2155,0.0758,1.1287,-1.453,3.768,14.474
8110272,1864,1891,1833,0.2134,0.0742,1.1320,-2.070,3.032,14.173
8110282,1891,1873,1840,0.2116,0.0733,1.1287,-2.603,2.421,13.748
8110292,1853,1900,1830,0.2109,0.0730,1.1309,-3.389,1.620,13.262
8110302,1893,1879,1850,0.2091,0.0745,1.1322,-4.298,0.751,12.718
8110312,1869,1900,1833,0.2097,0.0734,1.1329,-5.378,-0.056,12.069
8110322,1982,1872,1857,0.2111,0.0735,1.1325,-6.460,-0.803,11.306
8110332,1857,1904,1838,0.2123,0.0710,1.1336,-7.456,-1.450,10.420
8110342,1877,1873,1865,0.2137,0.0676,1.1332,-8.352,-2.013,9.432
8110352,1861,1899,1838,0.2151,0.0631,1.1297,-9.120,-2.347,8.402
8110362,1932,1904,1851,0.2156,0.0585,1.1280,-9.775,-2.677,7.357
8110372,1849,1911,1838,0.2162,0.0528,1.1253,-10.225,-2.925,6.348
8110382,1860,1873,1874,0.2179,0.0463,1.1224,-10.210,-3.121,5.333
8110392,1853,1904,1837,0.2197,0.0413,1.1207,-9.924,-3.281,4.423
8110402,2121,1873,1862,0.2212,0.0359,1.1201,-9.450,-3.406,3.616
8110412,1864,1905,1840,0.2234,0.0334,1.1190,-8.814,-3.456,2.935
8110422,1898,1879,1871,0.2265,0.0330,1.1176,-8.018,-3.440,2.347
8110432,1852,1909,1844,0.2278,0.0314,1.1195,-7.125,-3.369,1.812
8110442,1874,1881,1873,0.2282,0.0327,1.1185,-6.166,-3.218,1.410
8110452,1893,1876,1843,0.2283,0.0352,1.1183,-5.229,-3.021,1.126
8110462,1876,1885,1876,0.2295,0.0368,1.1196,-4.486,-2.908,0.930
8110472,1851,1880,1837,0.2305,0.0379,1.1197,-3.968,-2.755,0.805
8110482,1856,1886,1878,0.2310,0.0383,1.1212,-3.690,-2.601,0.754
8110492,1914,1899,1849,0.2320,0.0381,1.1219,-3.597,-2.399,0.765
8110502,1858,1878,1882,0.2330,0.0381,1.1236,-3.626,-2.235,0.830
8110512,1883,1873,1854,0.2343,0.0392,1.1224,-3.666,-2.094,0.924
8110522,1896,1877,1892,0.2356,0.0400,1.1247,-3.696,-2.026,1.002
8110532,1849,1903,1839,0.2339,0.0395,1.1263,-3.809,-1.941,1.049
8110542,1877,1876,1883,0.2321,0.0386,1.1268,-3.941,-1.800,1.131
8110552,1899,1908,1845,0.2313,0.0382,1.1284,-4.201,-1.729,1.301
8110562,1855,1887,1881,0.2313,0.0376,1.1279,-4.528,-1.615,1.543
8110572,1854,1872,1857,0.2306,0.0371,1.1316,-5.006,-1.612,1.816
8110582,1854,1882,1879,0.2309,0.0375,1.1338,-5.523,-1.543,2.085
8110592,1852,1870,1844,0.2302,0.0367,1.1328,-6.062,-1.431,2.317
8110602,1888,1889,1874,0.2296,0.0358,1.1323,-6.614,-1.398,2.504
8110612,1863,1901,1842,0.2297,0.0339,1.1333,-7.188,-1.391,2.655
8110622,1867,1913,1895,0.2287,0.0326,1.1344,-7.742,-1.389,2.820
8110632,1849,1904,1854,0.2287,0.0310,1.1345,-8.260,-1.384,3.016
8110642,2147,1890,1910,0.2288,0.0300,1.1352,-8.747,-1.395,3.238
8110652,1852,1904,1856,0.2282,0.0289,1.1349,-9.327,-1.378,3.413
8110662,1858,1876,1880,0.2282,0.0266,1.1333,-9.970,-1.310,3.567
8110672,1865,1922,1850,0.2291,0.0242,1.1338,-10.667,-1.269,3.736
8110682,1856,1874,1876,0.2285,0.0216,1.1338,-11.366,-1.236,3.899
8110692,1857,1955,1855,0.2294,0.0180,1.1316,-12.013,-1.126,4.035
8110702,1891,1873,1895,0.2298,0.0147,1.1290,-12.554,-1.005,4.124
8110712,1945,1903,1852,0.2315,0.0109,1.1278,-12.971,-0.912,4.180
8110722,1869,1885,1904,0.2317,0.0075,1.1286,-13.304,-0.829,4.245
8110732,1851,1912,1855,0.2321,0.0044,1.1298,-13.537,-0.716,4.347
8110742,1850,1933,1892,0.2324,-0.0010,1.1315,-13.783,-0.549,4.493
8110752,1874,1931,1848,0.2317,-0.0036,1.1322,-14.056,-0.381,4.736
8110762,1898,1879,1893,0.2313,-0.0056,1.1302,-14.365,-0.156,5.023
8110772,1851,1909,1861,0.2316,-0.0111,1.1281,-14.717,0.053,5.284
8110782,1852,1883,1887,0.2316,-0.0132,1.1294,-15.040,0.183,5.551
8110792,1855,1907,1869,0.2300,-0.0131,1.1286,-15.200,0.319,5.837
8110802,1864,1913,1883,0.2287,-0.0149,1.1259,-15.222,0.508,5.978
8110812,1850,1873,1849,0.2281,-0.0184,1.1226,-15.050,0.680,5.981
8110822,1897,1885,1878,0.2269,-0.0216,1.1225,-14.734,0.734,5.964
8110832,1879,1901,1866,0.2261,-0.0237,1.1203,-14.383,0.827,5.975
8110842,1971,1910,1882,0.2267,-0.0275,1.1208,-14.046,0.816,5.991
8110852,1855,1908,1855,0.2268,-0.0320,1.1218,-13.702,0.728,5.990
8110862,1938,1877,1886,0.2261,-0.0341,1.1230,-13.414,0.624,5.978
8110872,1871,1936,1856,0.2256,-0.0362,1.1231,-13.207,0.530,5.912
8110882,1888,1881,1887,0.2260,-0.0395,1.1250,-13.012,0.452,5.748
8110892,1861,1915,1854,0.2262,-0.0425,1.1258,-12.741,0.349,5.547
8110902,1855,1889,1894,0.2260,-0.0445,1.1268,-12.444,0.278,5.365
8110912,1854,1911,1860,0.2252,-0.0453,1.1280,-12.153,0.169,5.198
8110922,1853,1932,1892,0.2251,-0.0486,1.1283,-11.906,0.085,4.983
8110932,1871,1931,1860,0.2249,-0.0538,1.1299,-11.707,-0.041,4.749
8110942,1890,1892,1900,0.2256,-0.0578,1.1327,-11.505,-0.132,4.642
8110952,1849,1931,1858,0.2251,-0.0610,1.1346,-11.300,-0.218,4.706
8110962,1938,1874,1870,0.2250,-0.0642,1.1354,-11.158,-0.230,4.912
8110972,1885,1899,1872,0.2248,-0.0644,1.1370,-11.106,-0.249,5.265
8110982,1933,1881,1913,0.2239,-0.0642,1.1395,-11.137,-0.208,5.693
8110992,1869,1875,1873,0.2241,-0.0659,1.1417,-11.294,-0.130,6.084
8111002,1931,1885,1891,0.2247,-0.0668,1.1425,-11.538,-0.041,6.446
8111012,1906,1889,1864,0.2280,-0.0681,1.1438,-11.848,0.084,6.818
8111022,2150,1878,1873,0.2357,-0.0670,1.1560,-12.257,0.130,7.329
8111032,1866,1922,1893,0.2400,-0.0542,1.1694,-12.535,-0.014,8.086
8111042,2175,1922,1915,0.2355,-0.0542,1.1556,-12.906,0.656,8.501
8111052,2091,1886,1872,0.2357,-0.0638,1.1566,-13.401,1.280,8.352
8111062,1899,1900,1901,0.2403,-0.0733,1.1612,-14.228,1.461,7.900
8111072,1950,1960,1868,0.2467,-0.0855,1.1607,-15.133,1.943,7.474
8111082,1855,1882,1912,0.2521,-0.0983,1.1637,-15.843,2.625,7.431
8111092,1879,1904,1899,0.2545,-0.1021,1.1741,-15.861,3.560,8.134
8111102,1925,1888,1926,0.2538,-0.0999,1.1851,-15.419,4.710,9.489
8111112,1853,1906,1899,0.2527,-0.1019,1.1906,-15.048,6.231,11.051
8111122,1859,1933,1917,0.2522,-0.1066,1.1992,-15.298,7.616,12.589
8111132,2020,1961,1881,0.2527,-0.1102,1.2046,-16.313,8.885,14.120
8111142,1856,1883,1944,0.2523,-0.1131,1.2065,-17.912,10.141,15.722
8111152,2143,1909,1914,0.2510,-0.1170,1.2111,-19.840,11.209,17.414
8111162,2009,1872,1995,0.2481,-0.1196,1.2112,-21.902,12.320,19.136
8111172,1877,1950,1934,0.2452,-0.1228,1.2148,-24.035,13.381,20.797
8111182,1873,1892,2052,0.2412,-0.1282,1.2149,-26.294,14.441,22.277
8111192,1856,1946,2016,0.2376,-0.1357,1.2188,-28.577,15.439,23.562
8111202,1909,1883,2061,0.2342,-0.1455,1.2167,-30.796,16.478,24.676
8111212,1878,1951,2003,0.2322,-0.1572,1.2172,-32.613,17.630,25.695
8111222,1918,1877,2033,0.2298,-0.1691,1.2165,-33.948,18.746,26.721
8111232,1894,1956,1992,0.2256,-0.1803,1.2123,-34.733,20.012,27.780
8111242,2002,1878,2029,0.2204,-0.1903,1.2092,-34.920,21.177,28.870
8111252,1898,1882,1995,0.2148,-0.2004,1.2018,-34.379,22.356,29.951
8111262,1901,1876,2016,0.2092,-0.2105,1.1970,-33.176,23.401,30.976
8111272,1996,1945,1990,0.2043,-0.2204,1.1914,-31.413,24.300,31.949
8111282,2075,1872,2012,0.1991,-0.2281,1.1891,-29.157,25.114,32.915
8111292,1869,1909,1957,0.1932,-0.2343,1.1917,-26.561,25.780,33.872
8111302,1894,1936,1965,0.1883,-0.2393,1.1891,-23.806,26.568,34.797
8111312,2024,1904,1930,0.1829,-0.2446,1.1912,-21.019,27.314,35.638
8111322,2126,1871,1964,0.1783,-0.2490,1.1907,-18.294,28.143,36.418
8111332,1850,1980,1915,0.1737,-0.2535,1.1885,-15.697,29.092,37.197
8111342,1853,1892,1955,0.1694,-0.2570,1.1857,-13.236,30.047,38.007
8111352,1953,1967,1931,0.1636,-0.2599,1.1837,-10.948,30.957,38.873
8111362,1976,1888,1969,0.1572,-0.2611,1.1812,-8.822,31.816,39.838
8111372,1950,1895,1922,0.1506,-0.2622,1.1839,-7.003,32.560,40.837
8111382,1894,1871,1968,0.1449,-0.2642,1.1858,-5.567,33.273,41.902
8111392,1848,1939,1925,0.1398,-0.2646,1.1929,-4.539,33.987,43.050
8111402,1874,1905,1930,0.1331,-0.2628,1.1975,-4.000,34.795,44.298
8111412,1850,1921,1921,0.1275,-0.2629,1.2003,-3.928,35.812,45.570
8111422,1852,1900,1935,0.1248,-0.2665,1.2021,-4.414,36.842,46.816
8111432,1908,1935,1921,0.1208,-0.2721,1.2023,-5.355,37.926,48.182
8111442,1860,1993,1934,0.1188,-0.2773,1.2038,-6.752,38.978,49.784
8111452,2258,1972,1863,0.1162,-0.2839,1.2115,-8.614,39.919,51.595
8111462,1858,1929,1915,0.1134,-0.2912,1.2229,-10.975,40.777,53.669
8111472,1854,1930,1874,0.1116,-0.3011,1.2351,-13.886,41.776,56.042
8111482,1866,1890,1907,0.1097,-0.3127,1.2496,-17.346,42.898,58.766
8111492,1931,1880,1889,0.1072,-0.3276,1.2546,-21.334,44.493,61.929
8111502,1863,1892,1888,0.1037,-0.3426,1.2564,-25.657,46.425,65.604
8111512,2024,1932,1857,0.0962,-0.3528,1.2517,-30.004,48.600,69.799
8111522,1865,1885,1884,0.0831,-0.3578,1.2346,-33.973,50.980,74.295
8111532,2147,1883,1858,0.0672,-0.3619,1.2184,-37.161,53.148,78.752
8111542,1974,1879,1875,0.0495,-0.3666,1.1944,-39.407,54.964,82.878
8111552,1921,1910,1839,0.0289,-0.3710,1.1763,-40.620,56.253,86.540
8111562,1859,1886,1887,0.0090,-0.3743,1.1610,-40.797,56.990,89.738
8111572,1908,1878,1851,-0.0101,-0.3796,1.1418,-40.096,57.629,92.433
8111582,1851,1905,1880,-0.0308,-0.3788,1.1268,-38.620,57.909,94.731
8111592,1863,1901,1839,-0.0513,-0.3712,1.1087,-36.394,58.007,96.670
8111602,1946,1904,1879,-0.0732,-0.3580,1.0886,-33.414,57.995,97.997
8111612,2231,1894,1848,-0.0938,-0.3494,1.0815,-29.939,57.447,98.486
8111622,1934,1922,1844,-0.1127,-0.3461,1.0699,-26.262,56.663,98.192
8111632,1902,1875,1838,-0.1275,-0.3485,1.0542,-22.397,56.049,97.381
8111642,1855,1876,1876,-0.1390,-0.3533,1.0484,-18.548,55.078,96.339
8111652,1944,1896,1840,-0.1513,-0.3621,1.0360,-14.618,54.214,95.411
8111662,1847,1931,1859,-0.1637,-0.3692,1.0203,-10.640,53.410,94.987
8111672,1989,1887,1875,-0.1738,-0.3750,1.0055,-6.594,52.551,95.348
8111682,1971,1880,1886,-0.1868,-0.3803,0.9891,-2.642,51.629,96.436
8111692,1865,1906,1838,-0.2005,-0.3745,0.9737,1.222,50.496,98.219
8111702,1879,1903,1849,-0.2151,-0.3636,0.9570,4.998,49.203,100.375
8111712,1858,1881,1840,-0.2292,-0.3434,0.9462,8.585,47.641,102.657
8111722,1868,1876,1857,-0.2435,-0.3231,0.9382,11.929,45.840,104.689
8111732,1925,1906,1855,-0.2564,-0.3009,0.9325,15.003,43.970,106.257
8111742,1909,1979,1858,-0.2656,-0.2816,0.9310,17.788,42.019,107.419
8111752,1977,1916,1849,-0.2743,-0.2633,0.9310,20.160,39.930,108.253
8111762,2344,1944,1902,-0.2830,-0.2532,0.9275,22.194,37.937,108.866
8111772,1932,1929,1842,-0.2888,-0.2423,0.9272,23.753,35.907,109.511
8111782,1979,1888,1874,-0.2937,-0.2335,0.9212,24.990,34.001,110.223
8111792,1994,1877,1839,-0.2953,-0.2302,0.9221,25.910,32.052,110.948
8111802,1904,1894,1873,-0.2948,-0.2266,0.9259,26.532,30.098,111.842
8111812,2209,1878,1839,-0.2986,-0.2185,0.9213,27.230,28.577,112.921
8111822,1877,1961,1899,-0.3016,-0.2060,0.9195,28.020,27.183,114.135
8111832,1980,1888,1839,-0.3069,-0.1873,0.9188,29.357,25.847,115.456
8111842,1867,2028,1858,-0.3144,-0.1627,0.9171,31.288,24.639,116.841
8111852,1952,1883,1843,-0.3252,-0.1338,0.9175,33.572,23.476,118.157
8111862,1851,1934,1846,-0.3354,-0.1018,0.9159,35.968,22.336,119.175
8111872,2063,1967,1840,-0.3445,-0.0694,0.9145,38.349,21.301,119.695
8111882,2198,1980,1845,-0.3509,-0.0421,0.9133,40.500,20.279,119.712
8111892,2643,1874,1838,-0.3567,-0.0176,0.9083,42.396,19.525,119.437
8111902,1952,1877,1865,-0.3618,0.0059,0.9063,43.929,18.851,119.090
8111912,2464,1958,1860,-0.3663,0.0270,0.9011,45.147,18.208,118.823
8111922,2118,1961,1962,-0.3712,0.0509,0.8941,46.097,17.635,118.669
8111932,1933,2059,1890,-0.3780,0.0800,0.8917,46.799,16.871,118.613
8111942,2005,1955,2131,-0.3845,0.1098,0.8902,47.197,16.002,118.419
8111952,1881,2072,1970,-0.3920,0.1464,0.8886,47.376,15.010,118.161
8111962,1924,1898,1942,-0.3992,0.1807,0.8834,47.233,13.963,117.584
8111972,2413,2123,1863,-0.3987,0.2080,0.8821,46.538,12.570,116.520
8111982,1921,2659,1985,-0.3975,0.2207,0.8749,45.224,11.185,114.711
8111992,2100,2136,1992,-0.3957,0.2317,0.8707,43.740,9.663,112.506
8112002,1910,2190,1914,-0.3975,0.2520,0.8519,44.017,8.082,109.631
8112012,1986,1980,1875,-0.3947,0.2718,0.8486,45.128,5.869,106.928
8112022,2773,2331,1950,-0.3937,0.2887,0.8432,46.856,3.810,104.461
8112032,1954,1989,2025,-0.3962,0.3094,0.8485,48.288,1.949,102.366
8112042,1882,2030,1887,-0.3977,0.3266,0.8598,48.983,0.369,100.070
8112052,2012,1967,1854,-0.3928,0.3333,0.8766,48.657,-1.133,97.459
8112062,1888,2018,2005,-0.3857,0.3356,0.8949,47.783,-2.245,94.885
8112072,2068,2676,2127,-0.3781,0.3406,0.9133,46.467,-3.128,92.874
8112082,2092,1943,1971,-0.3724,0.3585,0.9266,44.865,-3.478,91.785
8112092,1962,2220,2026,-0.3624,0.4020,0.9665,42.749,-3.916,91.735
8112102,2402,2615,2557,-0.3621,0.4652,0.9606,40.240,-2.968,92.040
8112112,2341,3412,2551,-0.3739,0.5335,0.9193,38.432,-0.774,92.329
8112122,1945,2115,2272,-0.3962,0.5995,0.8363,37.092,1.513,91.812
8112132,1941,2694,2004,-0.4198,0.6651,0.7985,36.219,1.893,89.852
8112142,1865,1935,1980,-0.4256,0.6899,0.8362,34.379,-0.951,85.210
8112152,1872,1872,1860,-0.4186,0.6712,0.8852,32.752,-3.607,77.596
8112162,2317,1958,1841,-0.3838,0.6332,0.9453,31.402,-5.133,68.480
8112172,2091,1871,1883,-0.3408,0.5876,0.9844,29.240,-5.814,59.817
8112182,2163,2406,2336,-0.2949,0.5399,0.9977,25.801,-5.347,53.263
8112192,1972,2473,2287,-0.2691,0.4898,0.9872,20.473,-3.880,49.685
8112202,2062,1985,1945,-0.2713,0.4650,0.9529,14.021,-1.632,49.337
8112212,2226,2140,1898,-0.2929,0.4607,0.9279,8.189,0.354,51.129
8112222,2134,2117,2076,-0.3153,0.4679,0.9215,3.601,1.246,53.247
8112232,2031,1925,1904,-0.3313,0.4819,0.9208,1.373,1.666,54.538
8112242,2085,1874,1858,-0.3374,0.5133,0.9421,1.082,1.608,54.731
8112252,1894,1904,1939,-0.3421,0.5658,0.9573,2.148,1.775,53.748
8112262,2167,1906,1887,-0.3417,0.6123,0.9559,4.026,2.937,51.183
8112272,1850,1960,1886,-0.3421,0.6674,0.9445,6.225,4.174,47.118
8112282,2114,2106,2124,-0.3428,0.7227,0.9166,9.513,5.515,41.450
8112292,2257,1972,2137,-0.3336,0.7465,0.8955,14.537,6.489,33.639
8112302,1972,1901,1928,-0.3171,0.7054,0.8818,20.899,6.647,24.510
8112312,2227,1897,1838,-0.3112,0.6454,0.8739,27.260,6.570,16.420
8112322,2198,2352,1916,-0.3124,0.5905,0.8816,31.725,6.152,10.753
8112332,1938,1973,1838,-0.3097,0.5347,0.8928,32.789,5.052,6.990
8112342,2137,2087,1960,-0.3050,0.4885,0.8988,31.101,3.928,4.945
8112352,1890,2072,1950,-0.2984,0.4626,0.9139,26.706,2.422,4.823
8112362,1927,1975,1872,-0.3045,0.4715,0.9199,20.210,0.720,6.159
8112372,2071,2281,1962,-0.3161,0.5007,0.9107,13.727,-0.163,7.585
8112382,2008,2601,2387,-0.3196,0.5219,0.9167,8.329,-1.055,7.938
8112392,1849,2595,1979,-0.3207,0.5331,0.9264,4.805,-1.851,7.163
8112402,2003,2292,2082,-0.3227,0.5355,0.9311,3.330,-2.041,5.860
8112412,2063,2029,1918,-0.3246,0.5213,0.9431,3.357,-1.921,4.302
8112422,2019,2181,1857,-0.3264,0.4960,0.9517,4.184,-1.551,2.712
8112432,1868,2226,1986,-0.3278,0.4703,0.9522,5.519,-0.722,1.450
8112442,2005,1927,1861,-0.3311,0.4567,0.9548,7.001,0.129,0.737
8112452,2078,1866,1903,-0.3364,0.4634,0.9560,8.614,0.919,0.556
8112462,2161,2568,2141,-0.3431,0.4783,0.9493,10.684,1.897,0.398
8112472,1862,1918,1888,-0.3458,0.4856,0.9366,12.937,2.759,-0.035
8112482,1925,1933,1875,-0.3460,0.4791,0.9267,15.204,3.353,-0.608
8112492,1951,1959,2119,-0.3458,0.4779,0.9278,17.030,3.420,-0.737
8112502,2017,1966,1847,-0.3497,0.4895,0.9206,18.487,3.373,-0.313
8112512,1865,1869,1872,-0.3548,0.5074,0.9106,19.681,3.342,0.276
8112522,2047,1871,1898,-0.3593,0.5279,0.9089,20.100,2.674,0.641
8112532,2714,1929,1967,-0.3628,0.5403,0.9022,19.620,1.795,0.545
8112542,1855,1873,1884,-0.3647,0.5407,0.8966,18.413,0.830,0.144
8112552,2184,2247,1863,-0.3639,0.5356,0.9017,16.299,-0.612,-0.210
8112562,1932,1990,1839,-0.3619,0.5277,0.9010,13.696,-1.933,-0.342
8112572,1907,1893,1888,-0.3593,0.5273,0.9064,10.738,-3.184,-0.249
8112582,2019,1901,2042,-0.3569,0.5320,0.9155,7.685,-4.541,-0.066
8112592,1893,2336,2115,-0.3543,0.5323,0.9154,5.031,-5.405,-0.047
8112602,2100,2015,1848,-0.3519,0.5304,0.9194,2.818,-5.959,-0.085
8112612,1951,1906,1886,-0.3489,0.5265,0.9251,1.008,-6.395,-0.045
8112622,2029,1896,2025,-0.3459,0.5247,0.9235,-0.223,-6.464,0.088
8112632,1974,2187,1872,-0.3423,0.5249,0.9244,-0.807,-6.300,0.233
8112642,1871,2894,1872,-0.3405,0.5320,0.9331,-0.944,-6.161,0.303
8112652,1958,2338,1838,-0.3408,0.5478,0.9403,-0.673,-5.775,0.163
8112662,2019,2315,2249,-0.3435,0.5654,0.9455,-0.075,-5.072,-0.328
8112672,1876,2090,2041,-0.3461,0.5733,0.9422,0.816,-4.003,-1.201
8112682,2112,2306,2098,-0.3468,0.5668,0.9416,1.630,-2.857,-2.254
8112692,1920,1918,1838,-0.3481,0.5505,0.9399,1.836,-1.797,-3.196
8112702,1841,1887,1858,-0.3490,0.5294,0.9359,1.438,-0.735,-3.801
8112712,1890,1978,1858,-0.3496,0.5114,0.9356,0.457,0.029,-3.906
8112722,1839,1871,1930,-0.3505,0.5053,0.9352,-0.837,0.627,-3.456
8112732,1934,2145,1881,-0.3513,0.5080,0.9353,-2.093,1.137,-2.677
8112742,1979,1974,1868,-0.3520,0.5092,0.9293,-3.090,1.716,-1.915
8112752,1859,2083,1923,-0.3528,0.5100,0.9204,-3.580,2.393,-1.289
8112762,2166,2049,1892,-0.3554,0.5084,0.9136,-3.625,2.889,-0.770
8112772,2865,1986,1840,-0.3564,0.5048,0.9063,-2.998,3.387,-0.394
8112782,1964,1858,1885,-0.3565,0.5013,0.9045,-1.960,3.592,-0.170
8112792,1882,1988,1853,-0.3550,0.5026,0.9064,-0.753,3.534,0.121
8112802,2049,1865,1844,-0.3538,0.5116,0.9092,0.288,3.478,0.556
8112812,1903,1899,1857,-0.3548,0.5239,0.9111,0.945,3.442,0.999
8112822,1838,1949,1894,-0.3567,0.5325,0.9105,1.187,3.486,1.218
8112832,1859,2402,2147,-0.3573,0.5327,0.9103,0.865,3.400,1.116
8112842,2017,1924,1877,-0.3548,0.5233,0.9090,-0.156,3.074,0.832
8112852,2101,1875,1855,-0.3513,0.5023,0.9035,-1.712,2.781,0.557
8112862,1891,1857,1839,-0.3468,0.4829,0.9109,-3.765,2.193,0.592
8112872,2016,1868,1889,-0.3441,0.4787,0.9172,-5.923,1.431,1.098
8112882,1899,1857,1887,-0.3449,0.4886,0.9145,-7.272,1.186,1.791
8112892,2014,1903,1849,-0.3496,0.5035,0.9099,-7.756,1.063,2.293
8112902,1999,1917,1836,-0.3518,0.5148,0.9107,-7.303,0.834,2.340
8112912,2071,1914,1875,-0.3516,0.5215,0.9139,-6.286,0.536,1.922
8112922,1955,1885,1837,-0.3494,0.5250,0.9212,-4.799,0.300,1.357
8112932,1898,1873,1879,-0.3488,0.5263,0.9257,-3.224,0.362,0.854
8112942,1918,1856,1851,-0.3504,0.5322,0.9315,-1.844,0.565,0.535
8112952,1894,1859,1837,-0.3529,0.5448,0.9361,-1.052,0.808,0.310
8112962,1938,1858,1849,-0.3569,0.5568,0.9372,-0.847,1.155,-0.112
8112972,2021,1914,1839,-0.3608,0.5695,0.9405,-1.284,1.444,-0.868
8112982,1850,1872,1845,-0.3657,0.5865,0.9413,-2.087,1.673,-1.937
8112992,2056,1875,1865,-0.3711,0.6106,0.9374,-2.846,1.992,-3.423
8113002,1839,1872,1843,-0.3779,0.6465,0.9374,-3.155,2.310,-5.493
8113012,1885,1862,1864,-0.3863,0.6997,0.9342,-2.430,2.629,-8.423
8113022,1968,1868,1840,-0.3970,0.7637,0.9246,-0.107,3.064,-12.681
8113032,1877,1932,1841,-0.4055,0.8197,0.9073,4.001,3.546,-18.775
8113042,1855,1869,1838,-0.4064,0.8506,0.8907,9.464,3.720,-26.683
8113052,2022,2010,1838,-0.3997,0.8435,0.8759,15.459,3.520,-35.683
8113062,1845,1979,1875,-0.3903,0.8196,0.8668,20.941,3.236,-44.225
8113072,2147,1862,1841,-0.3909,0.8183,0.8597,24.828,2.959,-50.974
8113082,1836,2042,1862,-0.3966,0.8142,0.8561,26.728,2.685,-56.402
8113092,2025,1876,1855,-0.3903,0.7597,0.8538,25.452,1.718,-61.150
8113102,1973,1873,1843,-0.3995,0.7409,0.8558,20.251,-0.056,-64.842
8113112,2179,1959,1855,-0.4143,0.7553,0.8575,12.569,-2.636,-67.195
8113122,2019,1858,1839,-0.4264,0.7783,0.8717,2.366,-5.906,-69.910
8113132,1910,2070,1842,-0.4341,0.7862,0.8747,-8.717,-9.306,-73.749
8113142,1866,1866,1870,-0.4306,0.7745,0.8659,-19.344,-12.208,-79.004
8113152,2020,1879,1851,-0.4224,0.7453,0.8610,-28.808,-15.083,-85.136
8113162,1837,1870,1845,-0.4116,0.7044,0.8492,-36.235,-17.370,-91.460
8113172,1858,1910,1844,-0.4005,0.6559,0.8350,-41.045,-18.731,-97.287
8113182,2047,2053,1844,-0.3927,0.6080,0.8318,-43.321,-19.616,-102.120
8113192,1954,1950,1847,-0.3900,0.5702,0.8305,-42.947,-19.998,-105.813
8113202,1834,1898,1928,-0.3903,0.5425,0.8300,-40.508,-19.879,-108.796
8113212,1976,1870,1842,-0.3906,0.5229,0.8282,-36.850,-19.663,-111.585
8113222,1865,1904,1901,-0.3904,0.5039,0.8267,-32.722,-19.574,-114.700
8113232,2155,1879,1874,-0.3863,0.4866,0.8321,-28.464,-19.837,-118.239
8113242,2037,2017,1902,-0.3827,0.4731,0.8367,-24.162,-20.244,-122.107
8113252,1881,1875,1849,-0.3816,0.4597,0.8363,-19.557,-20.452,-126.158
8113262,1851,1868,1902,-0.3804,0.4390,0.8334,-14.828,-20.682,-130.299
8113272,1893,1961,1841,-0.3754,0.4059,0.8258,-10.280,-21.077,-134.376
8113282,1981,1926,1903,-0.3689,0.3691,0.8149,-6.197,-21.711,-138.009
8113292,1847,1966,1911,-0.3626,0.3343,0.8038,-2.547,-22.637,-140.875
8113302,1929,1950,1887,-0.3583,0.3040,0.7947,0.908,-23.879,-143.068
8113312,1890,1947,1863,-0.3535,0.2775,0.7841,4.362,-25.388,-144.786
8113322,1946,1860,1971,-0.3516,0.2611,0.7871,7.801,-27.302,-146.169
8113332,1886,1947,1892,-0.3530,0.2564,0.7934,11.391,-29.423,-147.240
8113342,2083,1894,1926,-0.3580,0.2550,0.7882,15.355,-31.074,-148.267
8113352,1834,1933,1922,-0.3609,0.2509,0.7798,19.366,-32.821,-149.392
8113362,1894,1876,1979,-0.3582,0.2362,0.7731,22.979,-35.218,-150.696
8113372,1833,1965,1890,-0.3522,0.2094,0.7652,26.140,-38.119,-152.123
8113382,1940,1856,1978,-0.3406,0.1828,0.7614,29.018,-41.444,-153.298
8113392,2002,1980,1893,-0.3346,0.1642,0.7578,31.430,-45.129,-154.060
8113402,1986,1868,1939,-0.3237,0.1446,0.7536,34.022,-48.848,-154.349
8113412,1918,1991,1901,-0.3116,0.1200,0.7556,36.212,-52.818,-154.313
8113422,1907,1865,1916,-0.3004,0.0944,0.7639,38.112,-57.045,-153.562
8113432,1859,1984,1911,-0.2870,0.0686,0.7738,39.381,-61.284,-151.852
8113442,2211,1867,1948,-0.2773,0.0539,0.7944,39.889,-65.578,-149.135
8113452,2100,2060,1879,-0.2706,0.0421,0.8088,39.805,-69.473,-145.679
8113462,2086,1936,1937,-0.2641,0.0360,0.8190,39.372,-72.900,-141.753
8113472,2107,2081,1884,-0.2560,0.0298,0.8315,38.536,-76.318,-137.712
8113482,1833,1897,1927,-0.2461,0.0262,0.8435,37.500,-79.785,-133.722
8113492,1945,1985,1909,-0.2378,0.0270,0.8589,36.328,-83.202,-129.992
8113502,1842,1929,1933,-0.2259,0.0325,0.8826,35.109,-86.587,-126.586
8113512,1847,2020,1888,-0.2155,0.0398,0.8990,34.096,-89.417,-123.580
8113522,1958,1870,1944,-0.2053,0.0482,0.9195,33.361,-91.779,-121.023
8113532,1961,1991,1891,-0.1927,0.0562,0.9345,32.856,-93.808,-118.890
8113542,2010,1855,1970,-0.1777,0.0588,0.9434,32.413,-95.304,-117.196
8113552,2019,2029,1878,-0.1590,0.0538,0.9584,31.789,-96.875,-115.876
8113562,1925,1941,1930,-0.1389,0.0444,0.9705,30.702,-98.186,-114.696
8113572,2246,2033,1887,-0.1183,0.0345,0.9908,29.366,-99.374,-113.303
8113582,1885,1916,1950,-0.1000,0.0283,1.0075,27.858,-100.186,-111.586
8113592,1902,2026,1869,-0.0847,0.0249,1.0209,26.271,-100.417,-109.611
8113602,1835,1870,1955,-0.0659,0.0202,1.0376,24.211,-100.197,-106.768
8113612,2190,2107,1859,-0.0466,0.0186,1.0551,21.901,-99.858,-103.731
8113622,1888,1949,1921,-0.0278,0.0198,1.0775,19.279,-99.517,-100.584
8113632,1891,2019,1919,-0.0073,0.0203,1.0981,16.339,-99.011,-97.446
8113642,1861,1931,1935,0.0127,0.0208,1.1195,13.113,-98.294,-94.374
8113652,1861,1976,1860,0.0342,0.0166,1.1383,9.470,-97.464,-91.394
8113662,2330,1943,1915,0.0543,0.0090,1.1500,5.474,-96.169,-88.429
8113672,1906,2216,1840,0.0738,-0.0022,1.1593,1.190,-94.681,-85.331
8113682,1911,1937,1908,0.0913,-0.0158,1.1684,-3.167,-93.116,-81.966
8113692,1892,2000,1882,0.1068,-0.0323,1.1780,-7.311,-91.317,-78.241
8113702,1997,1947,1930,0.1175,-0.0376,1.1938,-11.172,-89.372,-74.045
8113712,1841,2039,1861,0.1252,-0.0396,1.2002,-14.851,-87.236,-69.547
8113722,1836,1934,1930,0.1312,-0.0419,1.2067,-18.288,-84.910,-65.111
8113732,1920,1950,1885,0.1386,-0.0485,1.2102,-21.548,-82.714,-60.837
8113742,2111,1895,1943,0.1450,-0.0558,1.2100,-24.806,-80.473,-56.783
8113752,1884,2011,1884,0.1532,-0.0687,1.2060,-28.370,-78.351,-52.854
8113762,1865,1971,1972,0.1607,-0.0829,1.2104,-31.935,-76.549,-48.863
8113772,1876,2073,1903,0.1694,-0.0973,1.2242,-35.182,-74.933,-44.635
8113782,1907,2058,1941,0.1739,-0.1060,1.2403,-38.211,-73.352,-40.084
8113792,1969,2010,1945,0.1753,-0.1124,1.2523,-41.255,-71.388,-35.412
8113802,2052,1957,1957,0.1771,-0.1208,1.2658,-44.485,-69.254,-30.936
8113812,2090,1998,1909,0.1776,-0.1272,1.2691,-47.560,-66.899,-26.814
8113822,2047,1934,1995,0.1826,-0.1380,1.2675,-50.139,-64.361,-23.192
8113832,2003,1958,1902,0.1857,-0.1474,1.2637,-51.895,-61.800,-20.047
8113842,1856,1872,2007,0.1856,-0.1574,1.2601,-52.370,-59.282,-17.282
8113852,1834,2009,1993,0.1855,-0.1650,1.2541,-51.358,-56.903,-14.827
8113862,2095,1857,2090,0.1845,-0.1674,1.2539,-49.032,-54.731,-12.707
8113872,2089,1947,2056,0.1870,-0.1614,1.2525,-45.719,-52.708,-10.966
8113882,1887,1922,2099,0.1844,-0.1461,1.2538,-42.138,-50.746,-9.652
8113892,2435,1988,2079,0.1819,-0.1468,1.2583,-38.480,-49.035,-8.859
8113902,1898,1956,2150,0.1855,-0.1590,1.2624,-34.672,-47.426,-8.690
8113912,1936,1975,2113,0.1905,-0.1698,1.2643,-31.036,-45.887,-8.763
8113922,2193,1851,2241,0.1989,-0.1775,1.2637,-27.400,-44.291,-8.749
8113932,1918,2026,2203,0.2041,-0.1777,1.2748,-23.732,-42.878,-8.515
8113942,1836,1888,2302,0.2090,-0.1746,1.2752,-19.934,-41.259,-8.116
8113952,1877,1952,2265,0.2135,-0.1776,1.2795,-16.111,-39.531,-7.760
8113962,1884,1862,2315,0.2166,-0.1844,1.2818,-12.513,-37.906,-7.381
8113972,1848,2113,2242,0.2189,-0.1811,1.2778,-9.144,-36.122,-6.836
8113982,1853,1853,2334,0.2220,-0.1805,1.2666,-6.090,-34.330,-6.249
8113992,1832,1949,2293,0.2252,-0.1802,1.2595,-3.019,-32.742,-5.642
8114002,1850,1896,2343,0.2280,-0.1775,1.2588,-0.115,-31.497,-4.877
8114012,2366,2108,2282,0.2299,-0.1715,1.2594,2.437,-30.220,-3.999
8114022,2215,1870,2388,0.2325,-0.1662,1.2597,4.436,-28.777,-3.143
8114032,1902,1980,2315,0.2352,-0.1587,1.2520,6.086,-27.070,-2.352
8114042,1931,1901,2380,0.2378,-0.1505,1.2448,7.562,-25.370,-1.629
8114052,1928,1919,2351,0.2389,-0.1400,1.2363,9.036,-23.777,-0.943
8114062,1861,1885,2380,0.2393,-0.1293,1.2265,10.611,-22.288,-0.352
8114072,1863,2000,2333,0.2403,-0.1188,1.2221,12.348,-21.103,0.109
8114082,2167,1927,2343,0.2417,-0.1100,1.2138,13.974,-20.081,0.431
8114092,2070,1996,2299,0.2436,-0.0997,1.2080,15.397,-19.119,0.650
8114102,1916,1871,2359,0.2455,-0.0917,1.1985,16.477,-18.194,0.764
8114112,1829,1966,2303,0.2490,-0.0846,1.1917,17.318,-17.336,0.840
8114122,2173,1867,2329,0.2511,-0.0797,1.1846,17.958,-16.536,0.962
8114132,1878,1965,2275,0.2522,-0.0754,1.1733,18.404,-15.731,1.194
8114142,1910,1895,2331,0.2517,-0.0677,1.1617,18.505,-15.016,1.633
8114152,1878,1963,2279,0.2513,-0.0574,1.1563,18.285,-14.585,2.224
8114162,1831,1851,2374,0.2504,-0.0468,1.1473,17.601,-14.209,2.753
8114172,1858,1954,2308,0.2510,-0.0378,1.1420,16.398,-13.929,3.087
8114182,2043,1869,2429,0.2571,-0.0340,1.1480,14.722,-13.961,3.191
8114192,1827,1938,2329,0.2637,-0.0391,1.1436,12.475,-13.658,3.124
8114202,1912,1867,2390,0.2718,-0.0451,1.1455,9.749,-13.325,3.102
8114212,1843,1940,2287,0.2761,-0.0502,1.1414,6.597,-13.006,3.285
8114222,1888,1872,2393,0.2755,-0.0505,1.1359,3.306,-12.473,3.697
8114232,1827,1936,2357,0.2701,-0.0531,1.1299,0.032,-11.983,4.186
8114242,1841,1852,2416,0.2635,-0.0465,1.1223,-3.145,-11.578,4.697
8114252,1881,1961,2355,0.2568,-0.0408,1.1222,-5.927,-11.531,4.964
8114262,1830,1857,2435,0.2524,-0.0348,1.1208,-8.087,-11.604,4.791
8114272,1857,1928,2456,0.2544,-0.0302,1.1326,-9.727,-11.892,4.129
8114282,1843,1931,2407,0.2538,-0.0399,1.2011,-10.344,-12.501,2.731
8114292,2198,1953,2389,0.2713,-0.0643,1.2407,-11.155,-13.414,0.003
8114302,1850,1878,2411,0.2766,-0.0889,1.2410,-9.470,-11.274,-2.065
8114312,1847,1959,2355,0.2852,-0.1050,1.2747,-8.456,-10.662,-2.983
8114322,1832,1864,2435,0.2847,-0.1252,1.2506,-6.704,-8.616,-2.825
8114332,1847,1949,2356,0.2866,-0.1344,1.2466,-4.424,-6.871,-1.983
8114342,1837,1853,2436,0.2810,-0.1344,1.2290,-1.379,-5.512,-0.883
8114352,1965,1910,2386,0.2717,-0.1337,1.2080,2.090,-4.116,-0.053
8114362,1893,1862,2374,0.2666,-0.1223,1.1852,5.218,-3.317,0.400
8114372,1839,1935,2376,0.2604,-0.1061,1.1599,8.009,-2.779,0.555
8114382,1882,1853,2431,0.2590,-0.0930,1.1597,9.956,-3.267,0.194
8114392,1922,1949,2359,0.2578,-0.0897,1.1464,11.337,-3.491,-0.665
8114402,1862,1853,2510,0.2571,-0.0946,1.1386,12.404,-3.596,-1.715
8114412,1876,1919,2366,0.2570,-0.0965,1.1258,13.341,-3.626,-2.499
8114422,1832,1854,2390,0.2536,-0.0894,1.1123,14.375,-3.477,-2.855
8114432,1870,1953,2369,0.2535,-0.0813,1.1080,15.123,-3.725,-3.144
8114442,1855,1855,2398,0.2557,-0.0772,1.1007,15.826,-3.804,-3.541
8114452,1969,1958,2358,0.2612,-0.0719,1.0986,16.738,-3.943,-3.998
8114462,1927,1855,2443,0.2650,-0.0657,1.0949,18.091,-3.870,-4.413
8114472,1855,1961,2359,0.2668,-0.0589,1.0931,19.835,-3.648,-4.751
8114482,1852,1853,2415,0.2675,-0.0502,1.0909,21.634,-3.408,-5.008
8114492,1868,1927,2334,0.2692,-0.0418,1.0932,23.281,-3.236,-5.231
8114502,1828,1858,2360,0.2721,-0.0356,1.0968,24.561,-3.166,-5.461
8114512,1856,1924,2361,0.2762,-0.0322,1.0979,25.456,-2.947,-5.657
8114522,1833,1871,2364,0.2795,-0.0273,1.1042,26.011,-2.759,-5.630
8114532,1924,1922,2335,0.2801,-0.0205,1.1106,26.199,-2.556,-5.339
8114542,1829,1854,2364,0.2790,-0.0108,1.1164,26.049,-2.290,-4.894
8114552,1859,1939,2324,0.2782,-0.0020,1.1205,25.573,-2.050,-4.416
8114562,1828,1867,2427,0.2763,0.0046,1.1245,24.809,-1.855,-3.985
8114572,1874,1957,2340,0.2764,0.0107,1.1288,23.713,-1.774,-3.649
8114582,1830,1855,2341,0.2766,0.0155,1.1276,22.332,-1.608,-3.389
8114592,1849,1915,2334,0.2762,0.0192,1.1293,20.686,-1.487,-3.174
8114602,1845,1858,2345,0.2764,0.0228,1.1297,18.832,-1.408,-2.996
8114612,1851,1928,2329,0.2753,0.0239,1.1310,16.905,-1.349,-2.864
8114622,1828,1856,2378,0.2751,0.0249,1.1316,14.998,-1.355,-2.780
8114632,1840,1926,2326,0.2754,0.0242,1.1279,13.244,-1.279,-2.738
8114642,1830,1862,2400,0.2750,0.0233,1.1248,11.709,-1.203,-2.740
8114652,1886,1942,2345,0.2749,0.0237,1.1224,10.493,-1.150,-2.794
8114662,1829,1864,2374,0.2766,0.0234,1.1203,9.636,-1.076,-2.870
8114672,1858,1913,2320,0.2775,0.0218,1.1202,9.067,-1.006,-2.943
8114682,1833,1854,2375,0.2791,0.0204,1.1196,8.641,-0.850,-2.953
8114692,1851,1906,2322,0.2799,0.0189,1.1215,8.286,-0.672,-2.859
8114702,1831,1867,2360,0.2787,0.0199,1.1189,8.022,-0.336,-2.626
8114712,1858,1927,2303,0.2749,0.0240,1.1152,7.893,0.094,-2.247
8114722,1830,1854,2362,0.2720,0.0300,1.1154,7.945,0.372,-1.787
8114732,1860,1906,2321,0.2699,0.0363,1.1161,8.021,0.559,-1.320
8114742,1830,1857,2353,0.2695,0.0407,1.1171,7.973,0.712,-0.929
8114752,1848,1937,2305,0.2700,0.0437,1.1205,7.619,0.732,-0.641
8114762,1829,1856,2376,0.2730,0.0428,1.1226,6.898,0.767,-0.430
8114772,1875,1931,2288,0.2747,0.0386,1.1251,5.804,0.859,-0.228
8114782,1831,1866,2343,0.2730,0.0374,1.1215,4.591,1.002,0.101
8114792,1861,1916,2289,0.2703,0.0405,1.1183,3.457,1.142,0.533
8114802,1833,1873,2287,0.2674,0.0440,1.1177,2.608,1.087,0.877
8114812,1840,1917,2301,0.2660,0.0438,1.1200,2.052,0.937,1.016
8114822,1831,1865,2340,0.2660,0.0407,1.1198,1.752,0.747,0.973
8114832,1851,1920,2301,0.2669,0.0364,1.1201,1.474,0.552,0.849
8114842,1830,1862,2336,0.2672,0.0341,1.1201,1.167,0.393,0.783
8114852,1853,1903,2288,0.2678,0.0326,1.1186,0.835,0.341,0.799
8114862,1836,1884,2270,0.2672,0.0332,1.1175,0.542,0.350,0.900
8114872,1956,1925,2307,0.2673,0.0339,1.1155,0.296,0.305,0.958
8114882,1827,1861,2322,0.2672,0.0359,1.1126,0.167,0.267,0.889
8114892,1855,1919,2281,0.2658,0.0353,1.1145,0.219,0.229,0.688
8114902,1830,1871,2308,0.2663,0.0319,1.1164,0.434,0.187,0.427
8114912,1853,1930,2210,0.2670,0.0286,1.1195,0.711,0.100,0.144
8114922,1833,1865,2316,0.2670,0.0242,1.1216,0.890,0.005,-0.116
8114932,1869,1928,2275,0.2660,0.0223,1.1160,0.970,0.125,-0.321
8114942,1836,1867,2333,0.2653,0.0245,1.1133,1.119,0.189,-0.432
8114952,1840,1914,2313,0.2638,0.0282,1.1134,1.389,0.181,-0.558
8114962,1830,1859,2302,0.2635,0.0308,1.1136,1.857,0.180,-0.778
8114972,1864,1923,2255,0.2628,0.0319,1.1160,2.383,0.134,-1.092
8114982,1833,1866,2301,0.2626,0.0320,1.1178,2.828,0.115,-1.482
8114992,1854,1926,2254,0.2632,0.0319,1.1185,3.118,0.068,-1.851
8115002,1831,1868,2323,0.2643,0.0327,1.1175,3.283,0.014,-2.128
8115012,1850,1919,2262,0.2640,0.0352,1.1159,3.392,-0.025,-2.293
8115022,1835,1859,2317,0.2651,0.0373,1.1160,3.507,-0.098,-2.372
8115032,1865,1883,2265,0.2653,0.0385,1.1154,3.590,-0.090,-2.409
8115042,1844,1858,2373,0.2659,0.0396,1.1172,3.598,-0.094,-2.417
8115052,1889,1911,2284,0.2651,0.0414,1.1164,3.536,-0.046,-2.372
8115062,1834,1889,2305,0.2653,0.0439,1.1173,3.460,0.003,-2.273
8115072,1850,1925,2271,0.2648,0.0468,1.1171,3.381,0.028,-2.153
8115082,1834,1868,2336,0.2641,0.0482,1.1166,3.316,0.059,-2.048
8115092,1833,1904,2276,0.2644,0.0482,1.1192,3.156,0.092,-1.959
8115102,1832,1881,2279,0.2647,0.0463,1.1208,2.904,0.128,-1.834
8115112,1860,1919,2199,0.2655,0.0443,1.1200,2.587,0.180,-1.658
8115122,1834,1869,2282,0.2651,0.0444,1.1185,2.292,0.288,-1.403
8115132,1865,1915,2235,0.2641,0.0462,1.1181,2.137,0.370,-1.064
8115142,1832,1857,2272,0.2628,0.0486,1.1172,2.197,0.394,-0.687
8115152,1863,1905,2264,0.2629,0.0502,1.1167,2.395,0.395,-0.323
8115162,1844,1855,2282,0.2641,0.0510,1.1165,2.567,0.391,-0.001
8115172,1861,1924,2215,0.2639,0.0540,1.1148,2.594,0.420,0.328
8115182,1835,1859,2302,0.2626,0.0579,1.1165,2.442,0.489,0.661
8115192,1850,1888,2268,0.2613,0.0592,1.1175,2.165,0.583,0.970
8115202,1834,1860,2359,0.2609,0.0585,1.1202,1.826,0.638,1.245
8115212,1848,1893,2236,0.2626,0.0560,1.1219,1.366,0.645,1.495
8115222,1835,1866,2270,0.2626,0.0549,1.1222,0.761,0.617,1.637
8115232,1865,1917,2232,0.2611,0.0503,1.1228,0.067,0.543,1.542
8115242,1833,1871,2278,0.2601,0.0482,1.1220,-0.412,0.478,1.432
8115252,1875,1917,2222,0.2602,0.0465,1.1199,-0.735,0.474,1.350
8115262,1834,1874,2250,0.2605,0.0434,1.1204,-0.900,0.450,1.269
8115272,1859,1913,2219,0.2603,0.0417,1.1178,-0.907,0.505,1.144
8115282,1831,1862,2259,0.2598,0.0400,1.1179,-0.725,0.593,0.987
8115292,1868,1883,2223,0.2597,0.0394,1.1179,-0.349,0.687,0.828
8115302,1832,1853,2177,0.2586,0.0386,1.1168,0.101,0.808,0.682
8115312,1842,1919,2196,0.2574,0.0405,1.1157,0.564,0.922,0.521
8115322,1833,1868,2231,0.2556,0.0431,1.1168,1.044,1.016,0.344
8115332,1861,1912,2183,0.2549,0.0446,1.1188,1.558,1.040,0.124
8115342,1835,1864,2205,0.2546,0.0445,1.1204,2.032,1.033,-0.147
8115352,1858,1927,2183,0.2541,0.0444,1.1218,2.346,0.935,-0.456
8115362,1833,1866,2246,0.2536,0.0441,1.1218,2.491,0.860,-0.773
8115372,1855,1915,2203,0.2533,0.0454,1.1220,2.511,0.766,-1.058
8115382,1836,1866,2239,0.2527,0.0479,1.1200,2.543,0.685,-1.314
8115392,1854,1904,2271,0.2516,0.0512,1.1174,2.676,0.587,-1.510
8115402,1841,1891,2214,0.2509,0.0539,1.1193,2.911,0.449,-1.672
8115412,1866,1901,2176,0.2507,0.0565,1.1226,3.150,0.225,-1.852
8115422,1834,1857,2236,0.2519,0.0551,1.1222,3.215,0.019,-2.094
8115432,1859,1914,2218,0.2528,0.0546,1.1230,3.033,-0.203,-2.301
8115442,1835,1870,2222,0.2531,0.0548,1.1224,2.650,-0.460,-2.423
8115452,1883,1940,2201,0.2528,0.0567,1.1209,2.254,-0.616,-2.451
8115462,1837,1863,2240,0.2528,0.0595,1.1211,1.999,-0.775,-2.404
8115472,1870,1915,2189,0.2536,0.0605,1.1200,1.878,-0.878,-2.299
8115482,1840,1871,2185,0.2556,0.0600,1.1210,1.815,-0.975,-2.141
8115492,1899,1927,2186,0.2565,0.0601,1.1204,1.732,-1.047,-1.910
8115502,1835,1881,2172,0.2563,0.0618,1.1202,1.568,-1.048,-1.589
8115512,1861,1918,2183,0.2558,0.0647,1.1194,1.353,-1.022,-1.207
8115522,1839,1874,2217,0.2557,0.0674,1.1200,1.125,-0.991,-0.798
8115532,1883,1928,2174,0.2556,0.0654,1.1209,0.838,-0.953,-0.423
8115542,1836,1869,2247,0.2558,0.0632,1.1208,0.454,-0.912,-0.065
8115552,1840,1883,2143,0.2561,0.0607,1.1214,-0.031,-0.866,0.278
8115562,1838,1863,2222,0.2567,0.0602,1.1198,-0.503,-0.789,0.613
8115572,1865,1919,2204,0.2566,0.0589,1.1201,-0.832,-0.690,0.919
8115582,1834,1868,2237,0.2561,0.0586,1.1211,-0.964,-0.629,1.191
8115592,1869,1906,2162,0.2559,0.0575,1.1209,-0.945,-0.558,1.409
8115602,1837,1858,2229,0.2553,0.0549,1.1212,-0.891,-0.489,1.552
8115612,1857,1903,2173,0.2553,0.0531,1.1212,-0.863,-0.420,1.647
8115622,1833,1871,2207,0.2559,0.0516,1.1213,-0.857,-0.325,1.707
8115632,1861,1913,2178,0.2562,0.0507,1.1200,-0.818,-0.175,1.718
8115642,1835,1867,2278,0.2554,0.0515,1.1192,-0.716,0.002,1.720
8115652,1850,1906,2176,0.2539,0.0532,1.1191,-0.515,0.129,1.696
8115662,1840,1868,2196,0.2537,0.0542,1.1204,-0.257,0.217,1.612
8115672,1878,1910,2158,0.2536,0.0545,1.1205,-0.005,0.264,1.471
8115682,1838,1860,2249,0.2535,0.0535,1.1209,0.163,0.334,1.270
8115692,1869,1914,2195,0.2531,0.0518,1.1203,0.231,0.429,1.034
8115702,1833,1872,2202,0.2524,0.0513,1.1213,0.269,0.496,0.814
8115712,1860,1922,2178,0.2524,0.0506,1.1217,0.326,0.524,0.617
8115722,1837,1857,2258,0.2508,0.0520,1.1200,0.492,0.600,0.412
8115732,1852,1897,2172,0.2491,0.0535,1.1202,0.795,0.635,0.172
8115742,1839,1877,2198,0.2482,0.0547,1.1216,1.211,0.568,-0.088
8115752,1879,1944,2093,0.2476,0.0557,1.1236,1.611,0.464,-0.388
8115762,1838,1862,2221,0.2475,0.0558,1.1245,1.891,0.346,-0.698
8115772,1858,1928,2160,0.2474,0.0558,1.1244,1.975,0.214,-0.988
8115782,1850,1872,2219,0.2471,0.0577,1.1235,1.932,0.070,-1.242
8115792,1851,1903,2182,0.2466,0.0601,1.1222,1.839,-0.093,-1.467
8115802,1838,1873,2336,0.2465,0.0625,1.1202,1.794,-0.290,-1.658
8115812,1862,1900,2227,0.2474,0.0632,1.1217,1.777,-0.509,-1.819
8115822,1842,1874,2213,0.2485,0.0631,1.1223,1.728,-0.727,-1.959
8115832,1864,1921,2164,0.2492,0.0623,1.1234,1.551,-0.927,-2.071
8115842,1840,1871,2193,0.2503,0.0612,1.1229,1.269,-1.064,-2.136
8115852,1856,1916,2168,0.2503,0.0605,1.1225,1.030,-1.123,-2.137
8115862,1838,1868,2176,0.2498,0.0603,1.1207,0.944,-1.127,-2.048
8115872,1864,1910,2221,0.2496,0.0642,1.1195,0.948,-1.113,-1.851
8115882,1839,1883,2179,0.2491,0.0671,1.1192,1.114,-1.141,-1.580
8115892,1883,1954,2056,0.2483,0.0701,1.1194,1.186,-1.081,-1.307
8115902,1840,1892,2218,0.2479,0.0712,1.1201,1.161,-1.100,-1.054
8115912,1869,1937,2100,0.2493,0.0700,1.1206,0.954,-1.133,-0.837
8115922,1838,1865,2210,0.2487,0.0681,1.1205,0.598,-1.158,-0.642
8115932,1867,1928,2147,0.2496,0.0675,1.1206,0.222,-1.193,-0.429
8115942,1840,1874,2128,0.2496,0.0664,1.1220,-0.088,-1.206,-0.216
8115952,1868,1888,2198,0.2496,0.0658,1.1217,-0.277,-1.224,-0.022
8115962,1838,1874,2227,0.2502,0.0650,1.1225,-0.391,-1.259,0.172
8115972,1888,1940,2156,0.2501,0.0649,1.1217,-0.507,-1.297,0.363
8115982,1839,1877,2167,0.2501,0.0650,1.1205,-0.603,-1.326,0.556
8115992,1865,1916,2177,0.2503,0.0644,1.1212,-0.703,-1.346,0.738
8116002,1837,1871,2191,0.2505,0.0640,1.1210,-0.803,-1.331,0.896
8116012,1880,1938,2126,0.2505,0.0634,1.1203,-0.852,-1.275,1.031
8116022,1846,1893,2115,0.2508,0.0613,1.1197,-0.896,-1.197,1.147
8116032,1871,1918,2213,0.2513,0.0588,1.1182,-0.940,-1.093,1.244
8116042,1843,1889,2202,0.2503,0.0583,1.1179,-0.964,-0.949,1.322
8116052,1873,1905,2225,0.2492,0.0583,1.1201,-0.880,-0.813,1.375
8116062,1838,1877,2240,0.2489,0.0591,1.1186,-0.680,-0.701,1.378
8116072,1864,1899,2165,0.2493,0.0587,1.1183,-0.472,-0.592,1.327
8116082,1839,1858,2221,0.2495,0.0577,1.1183,-0.360,-0.522,1.243
8116092,1909,1953,2184,0.2499,0.0575,1.1192,-0.336,-0.449,1.150
8116102,1839,1873,2124,0.2492,0.0588,1.1193,-0.314,-0.403,1.024
8116112,1873,1954,2162,0.2483,0.0584,1.1179,-0.218,-0.298,0.885
8116122,1839,1890,2258,0.2479,0.0583,1.1197,-0.042,-0.218,0.726
8116132,1869,1914,2180,0.2482,0.0593,1.1215,0.156,-0.197,0.560
8116142,1839,1871,2223,0.2482,0.0590,1.1218,0.346,-0.163,0.364
8116152,1871,1914,2293,0.2481,0.0569,1.1206,0.459,-0.173,0.157
8116162,1846,1890,2219,0.2485,0.0574,1.1205,0.525,-0.199,-0.037
8116172,1883,1951,2211,0.2476,0.0581,1.1199,0.594,-0.230,-0.202
8116182,1838,1870,2208,0.2470,0.0598,1.1197,0.729,-0.243,-0.355
8116192,1853,1911,2179,0.2473,0.0610,1.1215,0.900,-0.264,-0.529
8116202,1839,1870,2235,0.2461,0.0618,1.1232,1.065,-0.345,-0.737
8116212,1860,1908,2167,0.2454,0.0613,1.1242,1.130,-0.477,-0.981
8116222,1837,1883,2207,0.2458,0.0608,1.1223,1.149,-0.557,-1.211
8116232,1902,1952,2238,0.2462,0.0620,1.1224,1.133,-0.708,-1.356
8116242,1839,1865,2222,0.2462,0.0639,1.1221,1.118,-0.876,-1.409
8116252,1859,1894,2208,0.2458,0.0654,1.1218,1.087,-1.012,-1.405
8116262,1840,1886,2208,0.2459,0.0673,1.1223,1.048,-1.084,-1.376
8116272,1872,1924,2134,0.2456,0.0681,1.1229,0.977,-1.152,-1.348
8116282,1840,1867,2234,0.2466,0.0692,1.1234,0.808,-1.205,-1.317
8116292,1876,1901,2223,0.2472,0.0679,1.1225,0.534,-1.255,-1.319
8116302,1839,1868,2310,0.2474,0.0662,1.1233,0.233,-1.314,-1.331
8116312,1867,1905,2213,0.2485,0.0642,1.1236,-0.022,-1.353,-1.329
8116322,1839,1868,2219,0.2491,0.0621,1.1228,-0.142,-1.355,-1.303
8116332,1865,1908,2224,0.2494,0.0613,1.1205,-0.119,-1.294,-1.239
8116342,1843,1884,2203,0.2493,0.0632,1.1193,0.075,-1.182,-1.108
8116352,1866,1894,2203,0.2487,0.0657,1.1189,0.395,-1.058,-0.938
8116362,1835,1875,2225,0.2496,0.0686,1.1202,0.707,-0.953,-0.760
8116372,1858,1915,2193,0.2491,0.0698,1.1222,0.922,-0.855,-0.588
8116382,1838,1896,2202,0.2478,0.0700,1.1224,0.932,-0.795,-0.405
8116392,1854,1888,2193,0.2476,0.0697,1.1227,0.722,-0.773,-0.211
