.0157,0.2669,-6.219,2.094,3.802
2984827,1765,1900,1892,0.9981,-0.0161,0.2674,-6.434,1.885,4.081
2984837,1806,1937,1916,0.9976,-0.0158,0.2664,-6.681,1.677,4.351
2984847,1772,1911,1965,0.9971,-0.0156,0.2644,-6.917,1.546,4.588
2984857,1793,1936,1945,0.9953,-0.0170,0.2616,-7.072,1.446,4.801
2984867,1765,1903,1893,0.9955,-0.0181,0.2620,-7.155,1.200,4.979
2984877,1914,1930,1914,0.9969,-0.0191,0.2634,-7.149,0.894,5.115
2984887,1754,1898,1889,0.9978,-0.0196,0.2644,-6.975,0.668,5.228
2984897,1765,1899,1906,0.9978,-0.0182,0.2631,-6.593,0.545,5.256
2984907,2863,1936,1892,0.9967,-0.0182,0.2598,-6.059,0.411,5.174
2984917,1809,1905,1903,0.9948,-0.0167,0.2542,-5.324,0.176,4.929
2984927,1737,1901,1944,0.9971,-0.0179,0.2540,-4.384,-0.412,4.447
2984937,1743,1942,2055,1.0025,-0.0243,0.2588,-3.386,-1.160,3.679
2984947,2068,1903,1896,1.0099,-0.0304,0.2648,-2.249,-1.607,2.858
2984957,1738,1933,1894,1.0126,-0.0311,0.2677,-0.880,-1.504,2.283
2984967,1837,1896,1890,1.0130,-0.0262,0.2655,0.828,-0.953,1.931
2984977,1777,1930,1950,1.0127,-0.0239,0.2656,2.662,-0.410,1.589
2984987,1781,1902,1888,1.0126,-0.0261,0.2615,4.443,0.091,1.136
2984997,1794,1936,1917,1.0120,-0.0283,0.2596,6.100,0.540,0.758
2985007,1767,1901,1903,1.0124,-0.0279,0.2608,7.587,0.815,0.713
2985017,1798,1929,1917,1.0107,-0.0238,0.2584,8.675,1.055,0.986
2985027,1760,1903,1890,1.0111,-0.0177,0.2620,9.151,1.102,1.455
2985037,1795,1936,1913,1.0148,-0.0104,0.2722,8.653,0.698,2.021
2985047,1776,1904,1895,1.0150,-0.0037,0.2693,7.324,0.534,2.599
2985057,1740,1929,1982,1.0146,0.0017,0.2686,5.292,0.328,3.207
2985067,1773,1901,1904,1.0130,0.0049,0.2667,2.720,-0.160,3.856
2985077,1842,1954,2229,1.0110,0.0041,0.2601,-0.103,-0.666,4.519
2985087,1776,1902,1929,1.0117,0.0010,0.2620,-3.126,-1.633,5.162
2985097,1786,1933,1913,1.0162,-0.0042,0.2659,-6.191,-2.727,5.779
2985107,1757,1898,1891,1.0216,-0.0076,0.2756,-9.190,-3.568,6.427
2985117,1793,1933,1904,1.0232,-0.0031,0.2753,-12.090,-4.008,7.165
2985127,1753,1901,1893,1.0172,0.0087,0.2559,-14.353,-3.804,7.702
2985137,1799,1931,1966,1.0157,0.0118,0.2553,-15.873,-4.118,7.657
2985147,1741,1897,1994,1.0147,0.0050,0.2521,-16.626,-4.813,7.093
2985157,1803,1930,1935,1.0115,-0.0037,0.2379,-16.419,-5.032,6.406
2985167,1742,1890,2043,1.0124,-0.0099,0.2434,-15.607,-5.725,5.886
2985177,1792,1936,1944,1.0144,-0.0114,0.2475,-14.379,-6.432,5.476
2985187,1750,1906,2416,1.0154,-0.0108,0.2473,-12.828,-6.622,5.034
2985197,1778,1950,1975,1.0176,-0.0107,0.2591,-11.288,-6.931,4.480
2985207,1758,1939,1891,1.0179,-0.0140,0.2647,-9.683,-6.853,3.774
2985217,1788,1938,1905,1.0185,-0.0214,0.2683,-7.922,-6.387,2.995
2985227,1744,1901,1966,1.0179,-0.0327,0.2722,-5.856,-5.995,2.243
2985237,1779,1920,1928,1.0154,-0.0458,0.2716,-3.183,-5.552,1.593
2985247,1734,1904,1891,1.0184,-0.0579,0.2794,0.129,-5.392,1.074
2985257,1778,1921,1908,1.0261,-0.0670,0.2933,4.041,-5.363,0.750
2985267,1748,1899,1935,1.0363,-0.0706,0.3004,8.450,-4.843,0.657
2985277,1745,1899,1915,1.0439,-0.0688,0.3080,13.070,-3.790,0.827
2985287,1828,1897,1907,1.0488,-0.0656,0.3116,17.573,-2.280,1.163
2985297,2044,1958,1908,1.0496,-0.0623,0.3126,21.705,-0.308,1.616
2985307,1762,1902,1899,1.0494,-0.0600,0.3140,25.190,1.754,2.283
2985317,1775,1941,1958,1.0471,-0.0592,0.3100,28.105,3.965,3.177
2985327,1755,1911,1905,1.0453,-0.0566,0.3062,30.538,6.129,4.227
2985337,1779,1921,1923,1.0447,-0.0533,0.3049,32.517,8.094,5.318
2985347,1743,1896,2016,1.0441,-0.0481,0.3035,34.102,10.002,6.321
2985357,1772,1961,1993,1.0437,-0.0420,0.3051,35.188,11.771,7.239
2985367,1737,1920,1897,1.0448,-0.0360,0.3076,35.688,13.476,8.134
2985377,1780,1930,1918,1.0462,-0.0314,0.3115,35.556,15.222,9.063
2985387,1745,1936,2055,1.0490,-0.0317,0.3179,34.700,17.016,10.088
2985397,1803,2032,1939,1.0539,-0.0382,0.3253,33.075,18.909,11.236
2985407,1790,1919,1947,1.0602,-0.0487,0.3355,30.810,20.950,12.662
2985417,1780,1961,1964,1.0681,-0.0627,0.3454,28.088,23.235,14.511
2985427,1750,1980,1898,1.0738,-0.0777,0.3462,25.251,25.974,16.889
2985437,1748,1962,1889,1.0751,-0.0915,0.3413,22.663,29.132,19.827
2985447,1740,1898,1891,1.0776,-0.1039,0.3435,20.421,32.115,23.205
2985457,1768,1930,2026,1.0853,-0.1153,0.3517,18.455,34.782,26.818
2985467,1734,1922,1893,1.0898,-0.1232,0.3481,17.018,37.688,30.504
2985477,1786,1971,1890,1.0928,-0.1301,0.3445,16.169,40.543,33.994
2985487,1755,1895,1887,1.0921,-0.1348,0.3426,15.966,42.987,37.100
2985497,1798,1998,2014,1.0898,-0.1411,0.3399,16.445,45.255,39.702
2985507,1784,1897,1917,1.0844,-0.1474,0.3432,17.418,47.186,41.877
2985517,1749,1931,1890,1.0796,-0.1511,0.3494,18.665,48.771,43.810
2985527,1740,1982,1890,1.0746,-0.1543,0.3609,19.853,50.220,45.516
2985537,1784,1954,1913,1.0712,-0.1561,0.3762,20.690,51.510,47.093
2985547,1759,1902,1895,1.0699,-0.1575,0.3910,20.860,52.813,48.574
2985557,1787,1953,1894,1.0672,-0.1610,0.4079,20.059,54.130,49.977
2985567,1772,1938,1905,1.0660,-0.1669,0.4248,18.184,55.380,51.386
2985577,1773,1954,1917,1.0638,-0.1716,0.4409,15.323,56.649,52.911
2985587,1741,2001,1890,1.0621,-0.1819,0.4618,11.465,57.791,54.560
2985597,1757,1995,1893,1.0619,-0.1983,0.4795,6.728,58.932,56.460
2985607,1755,1908,1889,1.0641,-0.2176,0.4989,1.241,60.097,58.772
2985617,1768,1898,1891,1.0685,-0.2412,0.5219,-4.849,61.230,61.633
2985627,1746,1923,1889,1.0725,-0.2658,0.5397,-11.312,62.581,65.046
2985637,1748,2038,1890,1.0760,-0.2938,0.5558,-17.917,64.121,69.073
2985647,1745,1955,1888,1.0772,-0.3209,0.5665,-24.417,65.695,73.796
2985657,1792,2165,1915,1.0738,-0.3458,0.5763,-30.708,67.072,79.147
2985667,1774,2302,1919,1.0677,-0.3685,0.5819,-36.771,68.130,84.995
2985677,1825,2144,1921,1.0589,-0.3919,0.5869,-42.534,68.835,91.222
2985687,1741,1923,1890,1.0474,-0.4171,0.5907,-47.976,69.172,97.734
2985697,1773,1937,1907,1.0297,-0.4394,0.5895,-53.131,69.231,104.388
2985707,1739,1894,1892,1.0125,-0.4627,0.5943,-58.056,68.761,111.006
2985717,1793,1908,1910,0.9945,-0.4868,0.5980,-62.723,67.971,117.414
2985727,1794,1927,1893,0.9756,-0.5099,0.6003,-66.906,67.163,123.471
2985737,1812,2003,1899,0.9598,-0.5339,0.6060,-70.659,66.045,129.043
2985747,1750,1929,1891,0.9428,-0.5601,0.6050,-73.469,65.033,134.125
2985757,1758,1906,1904,0.9239,-0.5869,0.6061,-74.771,64.071,138.811
2985767,1746,2180,1906,0.9082,-0.6159,0.6124,-74.500,62.881,143.115
2985777,1762,2133,1961,0.8909,-0.6446,0.6153,-72.759,61.944,147.042
2985787,1745,1985,1967,0.8742,-0.6737,0.6203,-69.700,61.337,150.669
2985797,1752,2026,1889,0.8551,-0.6936,0.6261,-65.614,60.893,154.128
2985807,1796,1903,1897,0.8340,-0.7047,0.6287,-60.743,60.798,157.351
2985817,1811,2324,1908,0.8106,-0.7151,0.6312,-55.317,60.809,160.135
2985827,1741,2153,1893,0.7871,-0.7192,0.6334,-49.443,60.945,162.330
2985837,1795,1943,1895,0.7565,-0.7194,0.6362,-43.164,61.161,163.870
2985847,1760,1930,1894,0.7275,-0.7175,0.6341,-36.375,61.535,164.792
2985857,1743,1897,1894,0.6948,-0.7170,0.6185,-29.303,61.870,164.944
2985867,1829,1975,1891,0.6566,-0.7067,0.5967,-21.588,61.927,164.807
2985877,1834,2029,1896,0.6161,-0.6944,0.5807,-13.620,61.303,164.282
2985887,1906,2060,1926,0.5701,-0.6792,0.5658,-5.463,60.082,163.244
2985897,1791,1900,1888,0.5319,-0.6747,0.5573,2.673,58.194,161.398
2985907,1772,2004,1917,0.4955,-0.6831,0.5478,10.484,55.584,158.659
2985917,1766,1914,1904,0.4632,-0.6802,0.5426,18.464,52.522,155.774
2985927,1747,1920,1918,0.4361,-0.6774,0.5571,26.326,48.682,152.804
2985937,1743,1897,1892,0.4099,-0.6752,0.5707,33.983,44.817,149.612
2985947,1737,2235,1916,0.3906,-0.6729,0.5900,41.157,41.156,146.315
2985957,1741,1894,1892,0.3772,-0.6756,0.6237,47.509,37.465,143.069
2985967,1775,2101,1906,0.3733,-0.6860,0.6605,52.863,34.310,139.975
2985977,1742,2098,1889,0.3720,-0.7143,0.6963,56.642,31.764,137.023
2985987,1742,1916,1897,0.3699,-0.7448,0.7254,58.972,29.829,134.583
2985997,1765,1936,1896,0.3665,-0.7696,0.7431,60.300,28.372,132.917
2986007,1747,2007,1892,0.3626,-0.7915,0.7581,61.236,27.030,131.951
2986017,1768,1898,1889,0.3542,-0.8158,0.7672,62.440,25.610,131.769
2986027,1741,1995,1906,0.3448,-0.8452,0.7787,63.705,24.305,131.920
2986037,1764,1901,1900,0.3330,-0.8719,0.7925,65.013,23.090,132.507
2986047,1744,1998,1897,0.3225,-0.8929,0.8078,66.335,22.112,133.599
2986057,1925,1938,1896,0.3100,-0.9066,0.8232,67.600,21.494,135.141
2986067,1751,2027,1904,0.2939,-0.9091,0.8314,68.883,21.484,136.939
2986077,1747,2007,1899,0.2789,-0.9008,0.8431,70.173,21.572,138.735
2986087,1746,1994,1904,0.2637,-0.8865,0.8532,71.769,21.799,140.257
2986097,1843,1932,1901,0.2481,-0.8660,0.8577,73.866,22.366,141.359
2986107,1797,1971,1913,0.2305,-0.8444,0.8590,76.613,23.274,142.025
2986117,1765,1952,1904,0.2129,-0.8227,0.8538,79.764,24.545,142.125
2986127,1930,2071,1896,0.1963,-0.8041,0.8492,83.149,25.926,141.729
2986137,2169,1937,1889,0.1813,-0.7870,0.8409,86.428,27.477,140.920
2986147,1770,1934,1898,0.1660,-0.7735,0.8286,89.468,29.419,139.964
2986157,1866,1909,1890,0.1506,-0.7555,0.8180,91.887,31.200,139.170
2986167,1818,1889,1892,0.1304,-0.7256,0.8123,93.354,32.593,138.651
2986177,1756,1913,1897,0.1125,-0.6721,0.7986,93.678,33.755,137.900
2986187,1873,1934,1902,0.0991,-0.6434,0.8021,92.636,34.310,135.725
2986197,1917,2016,1896,0.0893,-0.6160,0.8030,90.445,34.530,132.715
2986207,1922,1905,1940,0.0732,-0.5930,0.8026,87.210,35.116,129.831
2986217,1953,1959,1918,0.0561,-0.5562,0.8148,82.831,35.322,127.590
2986227,1930,1963,1903,0.0329,-0.5187,0.8140,77.265,35.784,125.600
2986237,1786,1895,1907,0.0113,-0.4899,0.8004,70.619,36.345,123.409
2986247,1901,1891,1894,-0.0102,-0.4732,0.7881,62.990,36.244,120.978
2986257,1769,1900,1896,-0.0290,-0.4665,0.7805,54.575,35.296,118.514
2986267,1849,1894,1918,-0.0453,-0.4657,0.7766,45.620,33.630,116.241
2986277,1862,1897,1919,-0.0632,-0.4613,0.7756,36.592,31.593,114.370
2986287,1752,1921,1891,-0.0807,-0.4482,0.7763,28.048,29.592,112.891
2986297,1845,1892,1901,-0.1006,-0.4231,0.7732,20.219,27.702,111.432
2986307,1787,1886,1906,-0.1244,-0.4003,0.7622,13.499,26.163,109.440
2986317,1759,1967,1930,-0.1451,-0.3817,0.7575,7.974,24.480,106.714
2986327,1971,1968,1963,-0.1651,-0.3717,0.7553,3.665,22.490,103.430
2986337,1752,1990,1937,-0.1822,-0.3643,0.7505,0.664,20.619,99.783
2986347,1783,1985,1922,-0.2008,-0.3624,0.7564,-1.409,18.581,95.943
2986357,1747,1910,2028,-0.2164,-0.3637,0.7636,-2.768,16.527,92.005
2986367,1749,1890,1924,-0.2225,-0.3705,0.7667,-3.600,15.014,88.115
2986377,1774,1914,1942,-0.2320,-0.3749,0.7710,-4.258,13.678,84.534
2986387,1741,1891,1914,-0.2519,-0.3676,0.7772,-4.885,12.544,81.377
2986397,1750,1891,1927,-0.2698,-0.3583,0.7831,-5.106,11.721,78.214
2986407,1976,1903,1904,-0.2799,-0.3689,0.7776,-4.843,11.426,74.712
2986417,1829,1888,1960,-0.2939,-0.3691,0.7712,-4.503,11.175,71.399
2986427,1801,1931,1899,-0.3075,-0.3639,0.7676,-4.284,10.614,68.523
2986437,2094,1893,2006,-0.3216,-0.3557,0.7629,-4.242,10.077,65.871
2986447,1748,1890,1925,-0.3337,-0.3508,0.7633,-4.549,9.353,63.395
2986457,2036,1936,2014,-0.3438,-0.3424,0.7660,-5.234,8.455,61.237
2986467,1846,1957,1912,-0.3535,-0.3362,0.7674,-6.378,7.605,59.241
2986477,1812,1981,1890,-0.3619,-0.3253,0.7685,-7.882,6.710,57.407
2986487,1816,1950,1916,-0.3699,-0.3142,0.7625,-9.538,5.965,55.775
2986497,1773,1903,1895,-0.3760,-0.3162,0.7611,-11.615,4.978,54.143
2986507,1858,1896,1905,-0.3791,-0.3160,0.7591,-14.126,3.708,52.701
2986517,1828,1912,1903,-0.3809,-0.3237,0.7640,-16.829,2.252,51.404
2986527,1977,1895,1934,-0.3805,-0.3282,0.7816,-19.382,0.468,50.295
2986537,1809,1949,1997,-0.3781,-0.3371,0.7982,-21.497,-1.083,49.360
2986547,1820,1905,1907,-0.3803,-0.3381,0.8159,-23.147,-2.267,48.583
2986557,1845,1897,1887,-0.3775,-0.3290,0.8224,-24.111,-3.045,47.950
2986567,1746,1900,1889,-0.3760,-0.3260,0.8210,-24.615,-3.410,46.869
2986577,1753,1890,1893,-0.3716,-0.3213,0.8336,-24.478,-3.821,45.572
2986587,1776,1986,1935,-0.3627,-0.3157,0.8501,-24.101,-4.143,43.858
2986597,1798,1894,1987,-0.3559,-0.3097,0.8656,-23.259,-3.862,41.945
2986607,1825,1998,1970,-0.3549,-0.3034,0.8667,-22.214,-3.204,39.864
2986617,1894,2156,1974,-0.3557,-0.3005,0.8494,-20.829,-2.278,37.643
2986627,1790,1989,1925,-0.3550,-0.3024,0.8405,-19.621,-2.308,35.339
2986637,1878,1904,1887,-0.3574,-0.2850,0.8225,-18.269,-2.756,32.944
2986647,1957,1903,1919,-0.3479,-0.2630,0.8150,-16.625,-3.604,30.010
2986657,1760,1941,1904,-0.3279,-0.2340,0.8282,-14.920,-5.051,26.050
2986667,1782,1938,1905,-0.3015,-0.1818,0.8429,-12.886,-5.951,21.183
2986677,1872,2148,1906,-0.2657,-0.0789,0.9085,-10.927,-6.153,15.428
2986687,1745,1890,1909,-0.2468,-0.0694,0.9106,-10.892,-5.629,7.746
2986697,1748,1920,1973,-0.2606,-0.0785,0.8818,-11.460,-3.084,-0.572
2986707,1767,1938,1890,-0.2879,-0.0607,0.8947,-14.476,-2.592,-7.906
2986717,1766,1895,1895,-0.3034,-0.0429,0.8928,-19.178,-3.126,-15.611
2986727,1744,1905,1897,-0.3067,-0.0699,0.9060,-23.473,-3.931,-24.609
2986737,1744,1906,1903,-0.3088,-0.1016,0.9262,-25.968,-4.720,-33.430
2986747,1857,1900,1919,-0.3205,-0.1360,0.9216,-27.593,-4.092,-41.670
2986757,1819,1900,1904,-0.3350,-0.1738,0.9210,-29.340,-3.494,-49.148
2986767,1755,1892,1901,-0.3500,-0.2190,0.9210,-31.667,-3.523,-55.901
2986777,1770,1897,1889,-0.3610,-0.2807,0.9343,-34.556,-4.205,-61.844
2986787,1814,1937,1930,-0.3661,-0.3554,0.9608,-38.143,-5.556,-66.726
2986797,1767,1893,1928,-0.3727,-0.4249,0.9840,-42.062,-6.557,-70.029
2986807,1821,1926,1896,-0.3834,-0.4818,1.0089,-45.718,-7.038,-71.505
2986817,2250,1890,1898,-0.3913,-0.5416,1.0344,-48.966,-7.135,-71.631
2986827,1778,1888,1900,-0.4008,-0.6010,1.0527,-51.695,-6.701,-70.659
2986837,1886,1903,1896,-0.4131,-0.6654,1.0519,-53.387,-5.622,-68.513
2986847,1742,1905,1891,-0.4243,-0.7293,1.0447,-53.671,-4.589,-65.242
2986857,1857,1926,1904,-0.4346,-0.7951,1.0385,-51.959,-3.845,-60.903
2986867,1867,1956,1937,-0.4373,-0.8571,1.0456,-48.138,-3.304,-55.633
2986877,1741,1960,1915,-0.4338,-0.9028,1.0723,-42.694,-2.646,-49.469
2986887,1852,1908,1922,-0.4275,-0.9147,1.0908,-35.621,-0.737,-42.176
2986897,1845,1933,1894,-0.4254,-0.9062,1.0849,-27.676,2.630,-34.354
2986907,1830,1896,1902,-0.4265,-0.8909,1.0781,-19.717,6.130,-26.545
2986917,1747,1887,1892,-0.4259,-0.8808,1.0707,-12.760,8.900,-19.135
2986927,1974,1891,1903,-0.4262,-0.8671,1.0620,-7.027,11.162,-11.967
2986937,1795,1895,1891,-0.4235,-0.8489,1.0557,-2.275,12.904,-4.878
2986947,1813,1910,1890,-0.4208,-0.8246,1.0475,1.857,14.375,1.977
2986957,1838,1900,1921,-0.4170,-0.7993,1.0325,5.653,15.828,8.445
2986967,1949,1894,1895,-0.4147,-0.7690,1.0162,9.023,17.145,14.439
2986977,1743,1897,1893,-0.4145,-0.7402,0.9957,11.964,18.282,19.824
2986987,1817,1943,1929,-0.4135,-0.7167,0.9780,14.674,19.076,24.519
2986997,2007,1908,1893,-0.4117,-0.6908,0.9667,17.343,19.415,28.596
2987007,1751,1918,1901,-0.4085,-0.6636,0.9558,20.051,19.682,32.216
2987017,1909,1889,1894,-0.4068,-0.6332,0.9377,22.705,20.130,35.349
2987027,1760,1907,1922,-0.4046,-0.6031,0.9158,25.178,20.571,37.965
2987037,1836,1887,1890,-0.3998,-0.5849,0.9009,26.794,20.575,39.947
2987047,1777,1894,1909,-0.3981,-0.5667,0.8856,27.451,20.453,41.670
2987057,2039,1930,1891,-0.3961,-0.5493,0.8695,27.265,20.355,43.388
2987067,2040,1934,1899,-0.3946,-0.5325,0.8529,26.425,20.153,45.096
2987077,1834,1921,1890,-0.3966,-0.5137,0.8377,25.098,19.841,46.726
2987087,1881,1888,1906,-0.3988,-0.5057,0.8172,23.279,19.400,48.131
2987097,1769,1895,1890,-0.4015,-0.5061,0.7996,21.277,18.679,49.403
2987107,1744,1894,1894,-0.4037,-0.4998,0.7912,19.601,17.627,50.786
2987117,1880,1960,1892,-0.4087,-0.4834,0.7708,17.980,16.846,52.136
2987127,1961,1899,1891,-0.4123,-0.4644,0.7524,16.544,15.900,53.348
2987137,1857,1896,1889,-0.4090,-0.4410,0.7442,15.445,14.401,54.335
2987147,1888,2008,1896,-0.4031,-0.4159,0.7409,14.520,12.879,54.904
2987157,1906,1967,1924,-0.3968,-0.3891,0.7530,13.525,11.519,55.027
2987167,1848,1968,1959,-0.3919,-0.3638,0.7683,12.275,10.568,54.710
2987177,1788,2010,1975,-0.3916,-0.3343,0.7765,10.524,10.329,54.103
2987187,1776,1960,1925,-0.3922,-0.3089,0.7841,8.003,10.167,53.205
2987197,1747,1897,1907,-0.3928,-0.2907,0.7805,4.768,10.016,51.774
2987207,1771,1891,1889,-0.3983,-0.2790,0.7657,1.696,9.889,49.809
2987217,1778,1888,1904,-0.4009,-0.2600,0.7611,-0.344,9.203,47.440
2987227,1811,1887,1890,-0.3994,-0.2305,0.7642,-1.207,8.255,44.336
2987237,1739,1900,1888,-0.3955,-0.1871,0.7703,-0.614,7.772,40.330
2987247,1771,1883,1897,-0.3897,-0.1363,0.7937,0.770,7.424,35.469
2987257,1777,1886,1895,-0.3887,-0.0889,0.8125,1.704,7.550,29.741
2987267,1748,1885,1915,-0.3953,-0.0503,0.8227,1.174,8.043,23.267
2987277,1744,1898,1898,-0.4007,-0.0285,0.8358,-1.335,8.042,16.209
2987287,1785,1887,1904,-0.4102,-0.0171,0.8395,-5.559,7.820,8.579
2987297,1823,1895,1897,-0.4035,-0.0065,0.8503,-10.908,7.363,0.525
2987307,1791,1895,1888,-0.3989,-0.0316,0.8498,-16.797,6.994,-8.233
2987317,1741,1887,1888,-0.3988,-0.0784,0.8349,-22.250,7.177,-16.943
2987327,1742,1892,1892,-0.4014,-0.1261,0.8140,-27.410,7.149,-24.980
2987337,1752,1888,1889,-0.4006,-0.1710,0.7879,-31.565,6.832,-32.180
2987347,1763,1884,1894,-0.3884,-0.2129,0.7778,-34.150,5.950,-38.809
2987357,1738,1886,1895,-0.3701,-0.2467,0.7778,-34.850,4.897,-44.929
2987367,1740,1906,1917,-0.3621,-0.2632,0.7827,-33.877,4.489,-50.602
2987377,1781,1916,1890,-0.3664,-0.2733,0.7886,-32.084,4.599,-56.156
2987387,1758,1917,1924,-0.3740,-0.2871,0.7937,-30.296,4.865,-61.784
2987397,1748,1895,1890,-0.3766,-0.3082,0.8037,-29.170,4.918,-67.249
2987407,1751,1907,1926,-0.3726,-0.3320,0.8105,-29.033,4.705,-72.144
2987417,1743,1888,1905,-0.3617,-0.3568,0.8118,-29.838,4.447,-76.238
2987427,1744,1904,1909,-0.3470,-0.3772,0.8052,-31.315,4.183,-79.578
2987437,1742,1885,1893,-0.3294,-0.3915,0.7989,-33.120,3.734,-82.318
2987447,1751,1904,1930,-0.3161,-0.3955,0.7929,-34.924,3.238,-84.831
2987457,1767,1998,1985,-0.3152,-0.4018,0.7922,-36.617,2.720,-87.652
2987467,1798,2109,1904,-0.3227,-0.4183,0.7974,-38.343,2.005,-91.086
2987477,1741,1950,1897,-0.3317,-0.4486,0.8078,-40.132,0.955,-94.922
2987487,1766,1932,1968,-0.3402,-0.5088,0.8160,-42.120,-0.404,-98.772
2987497,1742,1887,1903,-0.3513,-0.5794,0.8209,-44.128,-1.888,-101.751
2987507,1757,1933,1933,-0.3586,-0.6398,0.8351,-45.908,-3.801,-103.152
2987517,1744,1886,1904,-0.3669,-0.6812,0.8523,-47.013,-5.843,-103.226
2987527,1767,1987,1956,-0.3652,-0.7074,0.8565,-46.364,-7.263,-102.402
2987537,1747,1972,1910,-0.3558,-0.7170,0.8615,-44.002,-8.352,-101.353
2987547,1755,1941,1891,-0.3398,-0.7229,0.8671,-39.931,-9.250,-100.411
2987557,1742,1889,1900,-0.3231,-0.7401,0.8618,-34.772,-9.565,-99.739
2987567,1750,1928,1921,-0.3067,-0.7715,0.8524,-29.037,-9.400,-98.983
2987577,1752,2139,1984,-0.2933,-0.8037,0.8491,-23.488,-9.528,-97.670
2987587,1767,1934,1899,-0.2855,-0.8251,0.8480,-18.376,-10.013,-95.421
2987597,1744,1906,1919,-0.2758,-0.8394,0.8499,-13.833,-10.849,-92.444
2987607,1764,1923,1953,-0.2666,-0.8583,0.8634,-10.184,-12.279,-89.053
2987617,1741,1888,1904,-0.2576,-0.8662,0.8845,-7.516,-13.947,-85.077
2987627,1760,1915,1923,-0.2453,-0.8593,0.9013,-6.198,-15.283,-80.609
2987637,1743,1886,1906,-0.2313,-0.8449,0.9135,-6.007,-16.325,-75.896
2987647,1759,1894,1902,-0.2149,-0.8297,0.9219,-6.581,-17.024,-71.298
2987657,1743,1884,1895,-0.1989,-0.8177,0.9248,-7.488,-17.309,-67.065
2987667,1759,1910,1915,-0.1856,-0.8073,0.9206,-8.163,-17.027,-63.247
2987677,1743,1887,1899,-0.1730,-0.7918,0.9109,-8.244,-16.162,-59.928
2987687,1762,1906,1910,-0.1598,-0.7601,0.8883,-6.143,-13.823,-57.658
2987697,1742,1885,1899,-0.1472,-0.7183,0.8609,-2.978,-11.292,-56.463
2987707,1753,1896,1922,-0.1370,-0.6706,0.8328,1.038,-8.724,-56.401
2987717,1741,1883,1904,-0.1292,-0.6251,0.8051,5.407,-6.431,-57.538
2987727,1742,1912,1928,-0.1230,-0.5875,0.7806,9.507,-4.733,-59.760
2987737,1745,1884,1911,-0.1186,-0.5534,0.7547,12.770,-3.687,-62.716
2987747,1765,1930,1946,-0.1135,-0.5233,0.7327,14.728,-3.464,-66.158
2987757,1744,1890,1888,-0.1061,-0.5037,0.7205,14.946,-4.264,-69.981
2987767,1760,1931,1927,-0.0963,-0.4948,0.7116,13.148,-5.825,-73.978
2987777,1748,1885,1894,-0.0876,-0.4907,0.6977,9.399,-7.756,-77.826
2987787,1753,1916,1915,-0.0815,-0.4826,0.6883,4.038,-10.309,-81.282
2987797,1739,1888,1923,-0.0749,-0.4724,0.6828,-2.361,-13.527,-84.608
2987807,1761,1905,1891,-0.0677,-0.4617,0.6728,-9.033,-17.113,-88.194
2987817,1739,1885,1914,-0.0569,-0.4532,0.6668,-15.336,-21.019,-92.234
2987827,1748,1910,1933,-0.0392,-0.4464,0.6635,-20.891,-25.108,-96.866
2987837,1739,1885,1896,-0.0139,-0.4467,0.6707,-25.535,-29.053,-102.047
2987847,1748,1895,1901,0.0155,-0.4668,0.6663,-29.533,-32.213,-107.649
2987857,1739,1890,1925,0.0451,-0.4950,0.6545,-33.098,-34.659,-113.103
2987867,1762,1919,1972,0.0724,-0.5106,0.6474,-36.181,-37.262,-117.745
2987877,1742,1907,1979,0.0982,-0.5103,0.6356,-38.499,-40.005,-121.752
2987887,1778,1943,2006,0.1264,-0.5052,0.6274,-39.637,-42.979,-125.745
2987897,1741,1885,1903,0.1592,-0.5125,0.6292,-39.538,-46.439,-130.224
2987907,1771,1923,1935,0.2030,-0.5548,0.6328,-38.831,-49.894,-135.124
2987917,1743,1890,1919,0.2463,-0.6130,0.6417,-38.054,-52.986,-139.471
2987927,1771,1920,1925,0.2877,-0.6482,0.6601,-37.114,-55.796,-142.144
2987937,1742,1887,1908,0.3288,-0.6626,0.6822,-35.833,-57.982,-143.600
2987947,1802,1996,1915,0.3668,-0.6563,0.6874,-33.701,-58.951,-144.672
2987957,1748,1941,1899,0.4045,-0.6495,0.6836,-30.519,-58.925,-146.155
2987967,1781,1928,1936,0.4431,-0.6589,0.6893,-26.660,-59.262,-148.157
2987977,1760,1897,1902,0.4773,-0.6722,0.6767,-22.531,-59.602,-150.241
2987987,1761,1923,1957,0.5112,-0.6868,0.6792,-18.418,-60.329,-151.797
2987997,1749,1888,1888,0.5406,-0.6868,0.6885,-14.687,-61.725,-152.538
2988007,1771,1905,1912,0.5615,-0.6722,0.6846,-11.069,-62.551,-152.599
2988017,1748,1886,1902,0.5885,-0.6541,0.6910,-7.685,-63.647,-152.236
2988027,1782,1918,1912,0.6142,-0.6386,0.6952,-4.859,-65.169,-151.817
2988037,1746,1886,1898,0.6378,-0.6274,0.6942,-2.795,-66.520,-151.417
2988047,1789,1917,2066,0.6621,-0.6153,0.6962,-1.703,-67.969,-150.852
2988057,1749,1889,1998,0.6842,-0.5986,0.6936,-1.496,-69.493,-150.149
2988067,1789,1920,1978,0.7070,-0.5784,0.6871,-1.816,-71.016,-149.441
2988077,1746,1894,1920,0.7319,-0.5579,0.6821,-2.504,-72.788,-148.968
2988087,1774,1887,1909,0.7548,-0.5383,0.6766,-3.395,-74.608,-148.755
2988097,1757,1884,1908,0.7784,-0.5174,0.6777,-4.471,-76.375,-148.634
2988107,1815,1924,1929,0.8069,-0.5012,0.6814,-6.094,-77.904,-148.656
2988117,1750,1888,1898,0.8398,-0.4904,0.6877,-8.420,-78.832,-148.796
2988127,1805,1921,2025,0.8803,-0.4903,0.7000,-11.659,-79.076,-148.968
2988137,1742,1891,2099,0.9209,-0.4878,0.7085,-16.263,-78.551,-148.822
2988147,1836,1926,1933,0.9599,-0.4874,0.7165,-22.025,-77.426,-147.992
2988157,1761,1894,2011,0.9955,-0.4831,0.7224,-28.992,-75.828,-146.390
2988167,1828,1926,1925,1.0246,-0.4737,0.7239,-36.700,-73.934,-144.065
2988177,1805,1886,1903,1.0465,-0.4634,0.7148,-44.750,-71.822,-141.291
2988187,1798,1905,1906,1.0622,-0.4572,0.6970,-52.818,-69.429,-138.361
2988197,1763,1885,1903,1.0713,-0.4589,0.6685,-60.350,-66.757,-135.401
2988207,1813,1915,1965,1.0770,-0.4625,0.6380,-66.687,-64.021,-132.426
2988217,1763,1891,2030,1.0770,-0.4717,0.6049,-71.366,-61.343,-129.519
2988227,1815,1908,1925,1.0779,-0.4783,0.5743,-73.938,-58.792,-126.564
2988237,1782,1885,1892,1.0765,-0.4856,0.5526,-74.498,-56.437,-123.747
2988247,1833,1933,2019,1.0746,-0.4864,0.5327,-72.769,-54.003,-121.122
2988257,1747,1907,1915,1.0699,-0.4824,0.5175,-68.634,-51.422,-118.773
2988267,1805,1911,2008,1.0649,-0.4731,0.5105,-62.400,-48.887,-116.862
2988277,1750,1886,1902,1.0613,-0.4631,0.5048,-54.349,-46.278,-115.347
2988287,1837,1935,1988,1.0568,-0.4496,0.5004,-44.794,-43.584,-114.209
2988297,1773,1888,1943,1.0544,-0.4351,0.4996,-34.279,-41.098,-113.386
2988307,1801,1918,1913,1.0562,-0.4253,0.4949,-23.186,-38.637,-112.751
2988317,1801,1885,1887,1.0554,-0.4195,0.4923,-12.039,-36.453,-111.924
2988327,1823,1910,1895,1.0485,-0.4097,0.4863,-1.062,-34.483,-110.279
2988337,1782,1878,1903,1.0415,-0.3928,0.4738,9.293,-32.861,-107.658
2988347,1799,1906,1896,1.0335,-0.3703,0.4636,18.763,-31.947,-104.350
2988357,1773,1886,1888,1.0276,-0.3515,0.4510,26.860,-31.816,-100.811
2988367,1834,1915,1896,1.0261,-0.3328,0.4393,33.493,-32.251,-97.149
2988377,1795,1885,1889,1.0263,-0.3108,0.4341,38.677,-33.323,-93.280
2988387,1828,1912,1902,1.0279,-0.2851,0.4284,42.671,-34.629,-89.219
2988397,1765,1889,1889,1.0311,-0.2602,0.4253,45.499,-35.888,-85.135
2988407,1805,1901,1895,1.0349,-0.2377,0.4234,47.369,-36.953,-81.037
2988417,1765,1888,1889,1.0365,-0.2128,0.4211,48.429,-37.783,-76.910
2988427,1797,1910,1912,1.0394,-0.1874,0.4201,48.797,-38.284,-72.807
2988437,1754,1886,1885,1.0420,-0.1656,0.4200,48.507,-38.478,-68.906
2988447,1789,1906,1911,1.0415,-0.1416,0.4196,47.685,-38.277,-65.208
2988457,1742,1886,1887,1.0457,-0.1219,0.4191,46.428,-37.683,-61.731
2988467,1779,1905,1903,1.0487,-0.1055,0.4231,44.662,-36.899,-58.433
2988477,1745,1885,1889,1.0514,-0.0895,0.4248,42.252,-35.762,-55.185
2988487,1782,1908,1911,1.0530,-0.0742,0.4268,39.068,-34.333,-51.971
2988497,1745,1887,1889,1.0531,-0.0635,0.4304,34.971,-32.749,-48.823
2988507,1779,1910,1903,1.0533,-0.0531,0.4322,30.008,-30.969,-45.537
2988517,1743,1886,1889,1.0537,-0.0422,0.4337,24.184,-29.021,-42.028
2988527,1777,1908,1913,1.0557,-0.0350,0.4347,17.497,-27.072,-38.361
2988537,1771,1884,1893,1.0566,-0.0306,0.4329,10.020,-25.138,-34.557
2988547,1792,1906,1904,1.0589,-0.0301,0.4323,1.810,-23.282,-30.590
2988557,1792,1887,1888,1.0611,-0.0301,0.4318,-6.982,-21.503,-26.352
2988567,1862,1911,1902,1.0614,-0.0291,0.4314,-16.141,-19.711,-21.877
2988577,1781,1885,1890,1.0604,-0.0285,0.4296,-25.428,-17.889,-17.290
2988587,1834,1905,1901,1.0592,-0.0330,0.4292,-34.691,-16.087,-12.773
2988597,1778,1888,1890,1.0567,-0.0389,0.4303,-43.765,-14.354,-8.310
2988607,1824,1912,1904,1.0531,-0.0428,0.4242,-52.395,-12.596,-3.830
2988617,1773,1886,1890,1.0491,-0.0463,0.4208,-60.431,-10.962,0.529
2988627,1840,1921,1903,1.0455,-0.0505,0.4160,-67.631,-9.446,4.614
2988637,1780,1886,1887,1.0408,-0.0561,0.4107,-73.706,-7.939,8.370
2988647,1845,1928,1903,1.0367,-0.0631,0.4047,-78.511,-6.536,11.733
2988657,1752,1887,1891,1.0318,-0.0696,0.4002,-81.932,-5.233,14.689
2988667,1840,1919,1896,1.0275,-0.0754,0.3956,-83.971,-3.970,17.209
2988677,1855,1887,1888,1.0249,-0.0860,0.3927,-84.604,-2.773,19.314
2988687,1855,1917,1901,1.0184,-0.0819,0.3835,-83.995,-1.498,20.983
2988697,1760,1894,1890,1.0164,-0.0855,0.3786,-82.113,-0.432,22.173
2988707,1836,1903,1891,1.0164,-0.0892,0.3743,-79.354,0.450,22.767
2988717,1921,1936,1903,1.0139,-0.0954,0.3681,-75.562,1.391,23.110
2988727,1964,1906,1888,1.0085,-0.0951,0.3649,-70.939,2.151,23.376
2988737,1798,1887,1898,1.0019,-0.0923,0.3588,-65.737,2.766,23.460
2988747,1954,1885,1894,0.9970,-0.0915,0.3565,-60.235,3.129,23.115
2988757,1827,1906,1938,0.9931,-0.0933,0.3572,-54.572,3.227,22.332
2988767,1894,1902,1905,0.9906,-0.0935,0.3590,-48.743,3.273,21.360
2988777,1797,1885,1889,0.9857,-0.0968,0.3515,-42.499,3.559,20.246
2988787,1818,1913,1902,0.9861,-0.0978,0.3546,-35.561,3.800,18.889
2988797,1753,1887,1891,0.9885,-0.1074,0.3626,-27.956,4.015,16.973
2988807,1832,1918,1914,0.9874,-0.1112,0.3580,-19.380,4.983,14.682
2988817,1789,1887,1888,0.9847,-0.1061,0.3562,-9.741,6.252,12.434
2988827,1840,1913,1906,0.9784,-0.0893,0.3540,0.928,7.232,10.390
2988837,1755,1886,1889,0.9717,-0.0684,0.3456,12.239,7.960,8.342
2988847,1774,1908,1897,0.9678,-0.0464,0.3394,23.503,8.133,6.083
2988857,1807,1889,1997,0.9672,-0.0262,0.3346,33.985,7.718,3.586
2988867,1764,1915,1903,0.9673,-0.0127,0.3249,43.207,7.040,1.013
2988877,1766,1883,1891,0.9688,-0.0010,0.3221,50.699,5.812,-1.252
2988887,1791,1916,1927,0.9708,0.0115,0.3194,56.068,4.306,-2.944
2988897,1757,1884,1889,0.9750,0.0267,0.3189,59.160,2.818,-4.014
2988907,1794,1913,1913,0.9802,0.0426,0.3218,59.979,1.303,-4.564
2988917,1744,1887,1889,0.9858,0.0553,0.3209,58.646,-0.054,-4.714
2988927,1783,1915,1904,0.9914,0.0670,0.3199,55.283,-1.353,-4.527
2988937,1741,1889,1890,0.9972,0.0765,0.3220,50.046,-2.727,-3.998
2988947,1752,1917,1905,1.0019,0.0839,0.3249,43.126,-4.072,-3.158
2988957,1742,1894,1894,1.0034,0.0900,0.3217,35.022,-5.153,-2.043
2988967,1765,1916,1908,1.0055,0.0935,0.3211,26.241,-6.265,-0.779
2988977,1744,1892,1893,1.0065,0.0943,0.3207,17.079,-7.364,0.499
2988987,1811,1908,1900,1.0081,0.0925,0.3195,7.844,-8.369,1.657
2988997,1847,1887,1890,1.0117,0.0872,0.3227,-1.265,-9.363,2.636
2989007,1745,1903,1893,1.0163,0.0786,0.3232,-9.941,-10.086,3.439
2989017,1776,1888,1889,1.0212,0.0682,0.3241,-17.827,-10.437,4.106
2989027,1804,1912,1906,1.0247,0.0561,0.3227,-24.690,-10.589,4.676
2989037,1743,1887,1891,1.0271,0.0442,0.3219,-30.326,-10.515,5.149
2989047,1809,1913,1904,1.0291,0.0290,0.3218,-34.620,-10.296,5.520
2989057,1779,1887,1891,1.0301,0.0150,0.3216,-37.393,-9.892,5.797
2989067,1831,1910,1904,1.0305,0.0008,0.3221,-38.542,-9.379,6.061
2989077,1779,1886,1888,1.0306,-0.0125,0.3201,-38.114,-8.638,6.260
2989087,1810,1916,1903,1.0303,-0.0230,0.3212,-36.345,-7.880,6.424
2989097,1774,1898,1889,1.0296,-0.0331,0.3206,-33.427,-7.037,6.555
2989107,1835,1913,1906,1.0302,-0.0396,0.3209,-29.510,-6.129,6.652
2989117,1776,1887,1891,1.0290,-0.0446,0.3234,-24.893,-5.225,6.750
2989127,1834,1911,1905,1.0272,-0.0472,0.3230,-19.838,-4.267,6.843
2989137,1786,1886,1887,1.0262,-0.0481,0.3225,-14.596,-3.343,6.892
2989147,1837,1916,1907,1.0242,-0.0486,0.3237,-9.385,-2.540,6.896
2989157,1790,1888,1891,1.0223,-0.0490,0.3232,-4.329,-1.820,6.856
2989167,1835,1917,1914,1.0208,-0.0477,0.3250,0.360,-1.221,6.769
2989177,1798,1888,1890,1.0189,-0.0453,0.3274,4.535,-0.646,6.644
2989187,1946,1916,1907,1.0160,-0.0420,0.3304,8.160,-0.049,6.517
2989197,1792,1887,1891,1.0133,-0.0387,0.3305,11.183,0.524,6.379
2989207,1851,1913,1909,1.0099,-0.0343,0.3311,13.604,1.077,6.214
2989217,1794,1886,1887,1.0053,-0.0307,0.3287,15.413,1.622,5.988
2989227,1850,1913,1906,1.0016,-0.0277,0.3271,16.649,2.102,5.706
2989237,1797,1886,1891,0.9992,-0.0255,0.3260,17.347,2.485,5.367
2989247,1854,1911,1895,0.9981,-0.0245,0.3250,17.528,2.817,4.981
2989257,1792,1885,1890,0.9964,-0.0220,0.3257,17.214,3.058,4.584
2989267,1857,1916,1901,0.9963,-0.0199,0.3245,16.434,3.275,4.170
2989277,1796,1886,1890,0.9962,-0.0184,0.3241,15.229,3.472,3.737
2989287,1856,1909,1898,0.9976,-0.0176,0.3248,13.643,3.653,3.300
2989297,1799,1889,1888,0.9979,-0.0179,0.3258,11.732,3.840,2.886
2989307,1853,1916,1908,0.9971,-0.0186,0.3255,9.562,4.078,2.529
2989317,1793,1888,1888,0.9968,-0.0191,0.3232,7.210,4.375,2.250
2989327,1854,1908,1904,0.9962,-0.0206,0.3204,4.769,4.639,2.036
2989337,1794,1888,1891,0.9957,-0.0224,0.3180,2.325,4.849,1.883
2989347,1841,1913,1905,0.9961,-0.0263,0.3130,-0.040,5.028,1.778
2989357,1797,1888,1887,0.9963,-0.0311,0.3098,-2.462,5.156,1.910
2989367,1854,1910,1907,0.9966,-0.0346,0.3063,-4.528,5.260,2.126
2989377,1784,1889,1888,0.9980,-0.0381,0.3043,-6.243,5.306,2.394
2989387,1854,1914,1906,0.9984,-0.0411,0.3027,-7.623,5.309,2.676
2989397,1793,1887,1888,0.9994,-0.0437,0.3009,-8.690,5.281,2.975
2989407,1850,1915,1904,1.0012,-0.0459,0.2997,-9.455,5.173,3.246
2989417,1792,1886,1887,1.0015,-0.0476,0.2978,-9.953,5.077,3.491
2989427,1843,1913,1906,1.0014,-0.0492,0.2989,-10.173,4.973,3.679
2989437,1785,1888,1889,1.0018,-0.0510,0.3001,-10.162,4.839,3.796
2989447,1835,1916,1907,1.0014,-0.0536,0.2992,-9.952,4.740,3.901
2989457,1776,1887,1890,1.0009,-0.0546,0.2993,-9.534,4.702,4.031
2989467,1833,1924,1905,0.9995,-0.0541,0.2970,-8.959,4.646,4.201
2989477,1776,1884,1890,0.9983,-0.0533,0.2951,-8.246,4.549,4.354
2989487,1834,1917,1912,0.9971,-0.0520,0.2923,-7.422,4.372,4.502
2989497,1780,1890,1888,0.9949,-0.0488,0.2885,-6.519,4.096,4.624
2989507,1828,1914,1904,0.9926,-0.0464,0.2862,-5.561,3.748,4.657
2989517,1777,1890,1891,0.9907,-0.0427,0.2826,-4.551,3.321,4.587
2989527,1829,1916,1911,0.9906,-0.0398,0.2825,-3.544,2.837,4.447
2989537,1778,1888,1891,0.9899,-0.0374,0.2822,-2.633,2.327,4.291
2989547,1828,1918,1909,0.9892,-0.0358,0.2850,-1.881,1.822,4.144
2989557,1774,1889,1890,0.9885,-0.0347,0.2889,-1.393,1.300,3.981
2989567,1836,1926,1906,0.9879,-0.0335,0.2895,-1.157,0.793,3.790
2989577,1783,1893,1889,0.9872,-0.0326,0.2930,-1.137,0.286,3.610
2989587,1834,1918,1914,0.9880,-0.0324,0.2962,-1.331,-0.229,3.430
2989597,1778,1887,1892,0.9887,-0.0327,0.2999,-1.711,-0.690,3.249
2989607,1832,1911,1905,0.9902,-0.0322,0.3031,-2.205,-1.088,3.061
2989617,1782,1890,1892,0.9919,-0.0332,0.3053,-2.774,-1.467,2.834
2989627,1833,1917,1907,0.9935,-0.0356,0.3083,-3.320,-1.786,2.584
2989637,1784,1889,1890,0.9953,-0.0378,0.3105,-3.864,-2.069,2.338
2989647,1829,1911,1906,0.9968,-0.0400,0.3125,-4.378,-2.302,2.112
2989657,1778,1886,1890,0.9984,-0.0407,0.3139,-4.798,-2.465,1.927
2989667,1834,1917,1906,0.9997,-0.0422,0.3151,-5.079,-2.612,1.768
2989677,1779,1887,1893,1.0007,-0.0431,0.3154,-5.203,-2.717,1.630
2989687,1838,1910,1905,1.0026,-0.0437,0.3152,-5.156,-2.776,1.509
2989697,1778,1891,1890,1.0042,-0.0439,0.3164,-4.961,-2.800,1.396
2989707,1837,1915,1905,1.0057,-0.0426,0.3175,-4.661,-2.748,1.273
2989717,1778,1887,1889,1.0065,-0.0426,0.3177,-4.293,-2.597,1.133
2989727,1849,1915,1905,1.0071,-0.0429,0.3184,-3.897,-2.415,0.987
2989737,1787,1888,1889,1.0075,-0.0428,0.3186,-3.512,-2.164,0.859
2989747,1837,1913,1904,1.0071,-0.0426,0.3204,-3.197,-1.873,0.793
2989757,1789,1889,1890,1.0064,-0.0423,0.3211,-3.001,-1.555,0.798
2989767,1848,1918,1902,1.0059,-0.0414,0.3213,-2.936,-1.243,0.873
2989777,1794,1888,1890,1.0053,-0.0410,0.3231,-3.014,-0.948,0.984
2989787,1842,1913,1905,1.0048,-0.0401,0.3216,-3.209,-0.672,1.133
2989797,1794,1887,1888,1.0041,-0.0395,0.3208,-3.509,-0.382,1.299
2989807,1845,1918,1904,1.0046,-0.0391,0.3189,-3.888,-0.105,1.463
2989817,1787,1888,1891,1.0046,-0.0385,0.3176,-4.357,0.117,1.595
2989827,1840,1910,1911,1.0048,-0.0388,0.3157,-4.860,0.309,1.698
2989837,1793,1887,1892,1.0056,-0.0392,0.3136,-5.352,0.462,1.768
2989847,1842,1917,1906,1.0055,-0.0402,0.3126,-5.820,0.539,1.794
2989857,1785,1889,1889,1.0056,-0.0408,0.3131,-6.194,0.625,1.779
2989867,1834,1921,1906,1.0054,-0.0417,0.3129,-6.444,0.726,1.740
2989877,1779,1887,1891,1.0043,-0.0425,0.3105,-6.562,0.839,1.692
2989887,1839,1909,1906,1.0041,-0.0435,0.3095,-6.545,0.946,1.650
2989897,1780,1891,1888,1.0036,-0.0450,0.3093,-6.419,0.993,1.638
2989907,1837,1918,1906,1.0025,-0.0465,0.3052,-6.160,1.102,1.646
2989917,1784,1888,1890,1.0008,-0.0480,0.3005,-5.832,1.208,1.658
2989927,1835,1914,1905,1.0000,-0.0490,0.2990,-5.479,1.156,1.684
2989937,1778,1889,1889,0.9990,-0.0480,0.2976,-5.092,1.057,1.726
2989947,1839,1925,1898,0.9975,-0.0484,0.2979,-4.685,0.944,1.733
2989957,1783,1886,1890,0.9978,-0.0484,0.3000,-4.264,0.805,1.694
2989967,1834,1911,1904,0.9983,-0.0481,0.3001,-3.858,0.722,1.639
2989977,1780,1889,1889,0.9985,-0.0478,0.2985,-3.503,0.695,1.566
2989987,1829,1917,1906,0.9984,-0.0479,0.2983,-3.220,0.675,1.473
2989997,1780,1887,1891,0.9994,-0.0482,0.2963,-2.992,0.633,1.387
2990007,1832,1917,1905,1.0007,-0.0485,0.2939,-2.833,0.549,1.308
2990017,1774,1887,1890,1.0026,-0.0494,0.2936,-2.754,0.395,1.246
2990027,1837,1913,1907,1.0031,-0.0491,0.2946,-2.762,0.224,1.219
2990037,1776,1888,1888,1.0030,-0.0485,0.2952,-2.833,0.073,1.218
2990047,1833,1914,1909,1.0026,-0.0482,0.2952,-2.970,-0.044,1.213
2990057,1778,1887,1892,1.0025,-0.0489,0.2938,-3.131,-0.158,1.211
2990067,1826,1919,1905,1.0026,-0.0491,0.2948,-3.312,-0.291,1.227
2990077,1784,1887,1890,1.0022,-0.0498,0.2938,-3.422,-0.411,1.289
2990087,1831,1916,1904,1.0028,-0.0506,0.2934,-3.479,-0.551,1.339
2990097,1778,1890,1897,1.0029,-0.0504,0.2934,-3.482,-0.689,1.369
2990107,1825,1919,1905,1.0030,-0.0499,0.2950,-3.438,-0.774,1.365
2990117,1780,1885,1890,1.0036,-0.0490,0.2969,-3.359,-0.827,1.321
2990127,1830,1912,1902,1.0046,-0.0484,0.2997,-3.272,-0.837,1.259
2990137,1790,1886,1889,1.0057,-0.0469,0.3013,-3.171,-0.760,1.194
2990147,1831,1913,1906,1.0063,-0.0468,0.3040,-3.078,-0.597,1.116
2990157,1753,1888,1894,1.0072,-0.0466,0.3040,-3.012,-0.400,1.037
2990167,1816,1917,1904,1.0074,-0.0465,0.3046,-2.986,-0.181,0.998
2990177,1784,1889,1891,1.0082,-0.0460,0.3042,-3.031,0.011,1.002
2990187,1832,1915,1906,1.0089,-0.0460,0.3036,-3.125,0.215,1.030
2990197,1773,1887,1889,1.0100,-0.0445,0.3039,-3.280,0.411,1.079
2990207,1834,1912,1903,1.0098,-0.0431,0.3049,-3.509,0.584,1.136
2990217,1777,1888,1891,1.0094,-0