5769327,1827,1684,1832,-0.0079,0.0105,1.1395,7.102,-2.456,-1.384
5769337,1794,1703,1829,-0.0107,0.0040,1.1394,7.174,-2.654,-1.775
5769347,1852,1701,1818,-0.0136,0.0059,1.1374,7.082,-2.651,-1.896
5769357,1792,1698,1813,-0.0148,0.0122,1.1376,6.845,-2.771,-1.685
5769367,1888,1698,1825,-0.0139,0.0138,1.1399,6.449,-2.995,-1.625
5769377,1792,1685,1831,-0.0131,0.0128,1.1378,6.594,-3.249,-1.622
5769387,1834,1705,1827,-0.0105,0.0145,1.1356,7.179,-3.441,-1.599
5769397,1789,1706,1832,-0.0175,0.0105,1.1436,7.460,-3.763,-1.641
5769407,1842,1692,1822,-0.0167,0.0150,1.1402,7.665,-3.782,-1.557
5769417,1796,1682,1819,-0.0138,0.0160,1.1374,8.084,-3.653,-1.486
5769427,1858,1702,1813,-0.0100,0.0166,1.1439,8.356,-3.981,-1.474
5769437,1791,1693,1830,-0.0082,0.0189,1.1420,9.109,-4.032,-1.398
5769447,1844,1709,1819,-0.0071,0.0230,1.1412,9.831,-4.013,-1.309
5769457,1798,1713,1825,-0.0062,0.0267,1.1447,10.163,-4.156,-1.252
5769467,1856,1706,1800,-0.0066,0.0313,1.1424,10.499,-4.079,-1.182
5769477,1794,1717,1828,-0.0065,0.0338,1.1447,10.518,-4.069,-1.065
5769487,1851,1704,1798,-0.0059,0.0368,1.1434,10.278,-4.123,-0.957
5769497,1793,1674,1858,-0.0060,0.0396,1.1408,10.043,-4.090,-0.836
5769507,1833,1678,1848,-0.0038,0.0421,1.1421,9.569,-4.204,-0.764
5769517,1791,1659,1878,-0.0034,0.0415,1.1439,9.073,-4.302,-0.808
5769527,1808,1663,1858,-0.0004,0.0428,1.1436,8.631,-4.333,-0.885
5769537,1811,1680,1863,0.0003,0.0432,1.1423,8.288,-4.322,-0.954
5769547,1819,1686,1831,0.0011,0.0450,1.1451,7.961,-4.341,-1.072
5769557,1794,1670,1861,0.0004,0.0473,1.1451,7.881,-4.237,-1.157
5769567,1813,1690,1831,0.0007,0.0477,1.1443,7.838,-4.110,-1.254
5769577,1792,1671,1874,0.0003,0.0477,1.1440,7.708,-4.034,-1.391
5769587,1801,1670,1826,-0.0009,0.0491,1.1431,7.491,-3.973,-1.446
5769597,1791,1669,1869,-0.0022,0.0517,1.1444,7.150,-3.923,-1.384
5769607,1802,1712,1788,-0.0018,0.0555,1.1468,6.616,-3.964,-1.324
5769617,1843,1724,1844,-0.0001,0.0568,1.1502,6.017,-4.001,-1.295
5769627,1852,1704,1772,0.0026,0.0594,1.1509,5.575,-3.898,-1.210
5769637,1795,1722,1868,0.0060,0.0629,1.1571,5.143,-3.874,-1.058
5769647,1809,1715,1772,0.0091,0.0645,1.1591,4.695,-3.743,-0.972
5769657,1794,1710,1851,0.0110,0.0660,1.1573,4.222,-3.417,-1.030
5769667,1816,1731,1771,0.0091,0.0663,1.1557,3.530,-3.075,-1.120
5769677,1816,1705,1871,0.0078,0.0678,1.1527,2.872,-2.748,-1.244
5769687,1792,1732,1773,0.0077,0.0687,1.1513,2.214,-2.627,-1.390
5769697,1814,1740,1906,0.0076,0.0677,1.1522,1.528,-2.728,-1.607
5769707,1927,1696,1784,0.0078,0.0647,1.1542,0.866,-2.910,-1.811
5769717,1796,1699,1913,0.0086,0.0642,1.1563,0.183,-3.100,-1.872
5769727,1811,1706,1809,0.0103,0.0632,1.1609,-0.695,-3.263,-1.807
5769737,1789,1711,1927,0.0144,0.0585,1.1646,-1.817,-3.283,-1.721
5769747,1829,1720,1832,0.0165,0.0539,1.1683,-2.886,-3.052,-1.589
5769757,1788,1772,1888,0.0204,0.0527,1.1706,-3.745,-2.711,-1.381
5769767,1803,1714,1811,0.0229,0.0504,1.1700,-4.380,-2.158,-1.273
5769777,1792,1816,1903,0.0229,0.0478,1.1675,-4.886,-1.556,-1.359
5769787,1804,1808,1890,0.0233,0.0442,1.1730,-5.024,-1.131,-1.579
5769797,1822,1755,1879,0.0190,0.0330,1.1662,-5.039,-0.270,-1.963
5769807,1814,1826,1855,0.0153,0.0289,1.1648,-3.238,0.655,-1.915
5769817,1813,1734,1900,0.0126,0.0241,1.1707,-2.022,1.253,-1.963
5769827,1793,1862,1804,0.0101,0.0250,1.1645,-0.708,2.185,-1.757
5769837,1784,1841,1938,0.0098,0.0304,1.1542,0.730,3.289,-1.314
5769847,1812,1762,1797,0.0102,0.0337,1.1527,1.638,3.703,-0.786
5769857,1891,1711,1904,0.0066,0.0376,1.1469,2.516,4.053,-0.178
5769867,2042,1743,1827,0.0047,0.0394,1.1388,3.491,4.390,0.532
5769877,1857,1757,1913,0.0041,0.0370,1.1356,4.053,4.425,1.163
5769887,2221,1821,1799,0.0021,0.0371,1.1407,4.382,4.161,1.852
5769897,1795,1745,1918,0.0019,0.0376,1.1413,4.413,3.788,2.651
5769907,1851,1852,1777,0.0038,0.0421,1.1395,4.506,3.488,3.565
5769917,1937,1772,1934,0.0102,0.0279,1.1367,4.639,3.005,4.404
5769927,1924,1835,1783,0.0069,0.0193,1.1445,4.203,2.280,5.308
5769937,1965,1742,1908,-0.0012,0.0325,1.1393,3.982,2.000,7.124
5769947,1791,1896,1772,-0.0045,0.0428,1.1319,3.869,2.039,9.004
5769957,1798,1807,1933,-0.0063,0.0404,1.1322,3.563,1.510,10.124
5769967,1809,1984,1784,-0.0063,0.0389,1.1314,3.796,0.917,10.743
5769977,1787,1855,1919,-0.0075,0.0372,1.1277,4.563,0.338,11.278
5769987,1792,1960,1805,-0.0040,0.0371,1.1250,5.997,-0.272,11.820
5769997,1802,1918,1843,0.0037,0.0409,1.1358,8.478,-1.130,12.512
5770007,1927,1725,2027,0.0051,0.0480,1.1484,11.275,-1.473,13.107
5770017,1829,1689,1829,0.0050,0.0587,1.1510,14.999,-1.141,13.840
5770027,1832,1757,2013,0.0046,0.0696,1.1610,18.379,-0.746,14.401
5770037,2000,1673,1873,0.0048,0.0757,1.1714,20.864,-0.535,14.666
5770047,1855,1972,1773,0.0055,0.0798,1.1728,22.739,-0.008,14.526
5770057,1799,1885,1815,0.0071,0.0815,1.1701,24.062,0.558,14.255
5770067,1787,1962,1779,0.0061,0.0841,1.1644,25.118,1.044,13.993
5770077,2163,1914,1825,0.0024,0.0891,1.1526,26.677,1.606,13.913
5770087,1913,1933,1825,-0.0027,0.0941,1.1436,28.464,1.956,13.976
5770097,1808,1874,1844,-0.0081,0.0973,1.1319,30.418,2.034,13.894
5770107,1800,1984,1780,-0.0112,0.1030,1.1245,32.601,1.852,13.773
5770117,1919,1871,1812,-0.0132,0.1121,1.1182,34.681,1.455,13.784
5770127,1817,1950,1834,-0.0178,0.1252,1.1109,36.708,1.195,13.797
5770137,1870,1871,1800,-0.0210,0.1426,1.1039,38.596,1.039,14.043
5770147,1854,1957,1783,-0.0228,0.1583,1.0996,40.036,0.786,14.335
5770157,1852,1913,1822,-0.0228,0.1736,1.0959,40.842,0.415,14.405
5770167,2164,1997,1809,-0.0224,0.1873,1.0938,40.937,-0.040,14.372
5770177,1790,1866,1812,-0.0212,0.1990,1.0960,40.272,-0.663,14.152
5770187,1983,1995,1776,-0.0239,0.2050,1.0949,38.838,-1.576,13.132
5770197,1863,1855,1846,-0.0264,0.2125,1.0967,36.511,-2.733,11.681
5770207,1931,1958,1773,-0.0273,0.2177,1.0956,33.668,-3.927,10.244
5770217,1893,1842,1812,-0.0258,0.2211,1.0924,30.706,-5.022,8.900
5770227,1859,1974,1783,-0.0240,0.2207,1.0913,27.648,-6.127,7.622
5770237,1935,1881,1828,-0.0222,0.2208,1.0871,24.737,-7.197,6.366
5770247,1864,1888,1774,-0.0221,0.2245,1.0844,22.149,-8.182,5.359
5770257,1831,1856,1810,-0.0209,0.2312,1.0860,19.761,-9.110,4.604
5770267,1802,1955,1780,-0.0176,0.2370,1.0892,17.617,-9.840,4.033
5770277,1872,1904,1816,-0.0120,0.2396,1.0918,15.682,-10.346,3.432
5770287,1797,1964,1786,-0.0069,0.2408,1.0971,13.669,-10.789,2.685
5770297,1852,1903,1781,-0.0004,0.2388,1.1021,11.488,-11.176,1.778
5770307,1875,1953,1791,0.0069,0.2347,1.1086,9.155,-11.420,0.793
5770317,1827,1921,1779,0.0138,0.2280,1.1143,6.766,-11.463,-0.193
5770327,1876,1961,1789,0.0212,0.2199,1.1182,4.482,-11.289,-1.101
5770337,2035,1920,1777,0.0277,0.2116,1.1206,2.394,-10.948,-1.849
5770347,1886,1971,1802,0.0332,0.2034,1.1224,0.516,-10.503,-2.405
5770357,1857,1918,1799,0.0377,0.1954,1.1245,-1.205,-9.946,-2.788
5770367,1847,1980,1784,0.0412,0.1890,1.1270,-2.749,-9.240,-2.980
5770377,1873,1918,1783,0.0433,0.1834,1.1295,-4.106,-8.382,-3.007
5770387,1867,1972,1794,0.0451,0.1801,1.1321,-5.256,-7.438,-2.945
5770397,1906,1949,1797,0.0445,0.1772,1.1336,-6.146,-6.414,-2.875
5770407,1840,1997,1793,0.0440,0.1730,1.1346,-6.735,-5.360,-2.851
5770417,1888,1902,1782,0.0444,0.1685,1.1374,-7.135,-4.351,-2.837
5770427,1838,2003,1784,0.0435,0.1642,1.1387,-7.313,-3.368,-2.752
5770437,1872,1985,1827,0.0433,0.1624,1.1379,-7.166,-2.307,-2.570
5770447,1899,2018,1785,0.0438,0.1608,1.1416,-6.679,-1.346,-2.308
5770457,1864,1925,1795,0.0442,0.1583,1.1486,-6.315,-0.583,-1.972
5770467,1794,2003,1788,0.0443,0.1604,1.1498,-5.741,0.464,-1.462
5770477,1800,1920,1800,0.0430,0.1634,1.1510,-5.084,1.626,-0.887
5770487,1892,1978,1784,0.0420,0.1647,1.1566,-4.750,2.583,-0.429
5770497,1806,1915,1793,0.0406,0.1652,1.1542,-4.381,3.786,-0.075
5770507,1833,1990,1780,0.0392,0.1662,1.1522,-3.918,5.072,0.247
5770517,1837,1944,1803,0.0379,0.1676,1.1514,-3.558,6.177,0.486
5770527,1815,2030,1799,0.0360,0.1689,1.1502,-2.986,7.278,0.668
5770537,1806,1933,1783,0.0348,0.1707,1.1479,-2.211,8.325,0.765
5770547,1852,2007,1815,0.0322,0.1716,1.1436,-1.441,9.165,0.783
5770557,1813,1939,1784,0.0286,0.1722,1.1340,-0.586,9.921,0.774
5770567,1845,1975,1803,0.0230,0.1729,1.1211,0.288,10.493,0.744
5770577,1803,1917,1795,0.0178,0.1744,1.1072,1.241,10.688,0.728
5770587,1799,1987,1807,0.0130,0.1745,1.0966,2.186,10.421,0.700
5770597,1787,1911,1789,0.0103,0.1741,1.0925,2.960,9.700,0.750
5770607,2138,2050,1808,0.0073,0.1773,1.0892,3.429,8.748,1.000
5770617,2016,1945,1798,0.0041,0.1824,1.0840,3.473,7.677,1.441
5770627,1797,1996,1794,0.0010,0.1846,1.0756,2.993,6.417,1.884
5770637,1801,1920,1801,-0.0019,0.1817,1.0652,2.120,4.826,2.246
5770647,1940,2012,1783,-0.0026,0.1748,1.0555,0.960,2.818,2.610
5770657,1797,1922,1805,-0.0059,0.1684,1.0483,-0.108,0.425,3.132
5770667,1862,2003,1784,-0.0070,0.1641,1.0481,-0.892,-2.380,3.866
5770677,1818,1935,1807,-0.0072,0.1615,1.0480,-1.325,-5.321,4.737
5770687,1855,2035,1778,-0.0069,0.1605,1.0476,-1.166,-8.135,5.741
5770697,1845,1957,1809,-0.0035,0.1607,1.0529,-0.645,-10.989,6.832
5770707,1796,2024,1791,0.0022,0.1652,1.0655,0.167,-13.847,7.977
5770717,1888,1955,1783,0.0091,0.1730,1.0785,1.472,-16.240,9.106
5770727,1897,2012,1778,0.0163,0.1816,1.0902,3.138,-18.039,10.102
5770737,1902,1964,1777,0.0232,0.1908,1.1046,4.766,-19.522,10.965
5770747,1817,2030,1784,0.0314,0.1983,1.1143,6.380,-20.549,11.619
5770757,1789,1950,1776,0.0373,0.2061,1.1205,8.103,-21.133,11.964
5770767,1808,1999,1781,0.0458,0.2133,1.1319,9.670,-21.619,12.186
5770777,1883,1936,1778,0.0520,0.2240,1.1447,11.132,-21.762,12.263
5770787,1800,2010,1779,0.0585,0.2384,1.1634,12.538,-21.427,12.360
5770797,1892,1933,1779,0.0657,0.2540,1.1801,13.692,-20.541,12.543
5770807,1841,1982,1794,0.0716,0.2693,1.1949,14.730,-19.161,12.497
5770817,1820,1881,1791,0.0773,0.2827,1.2078,14.899,-17.701,11.921
5770827,1788,1947,1800,0.0774,0.2946,1.2168,14.143,-16.238,10.683
5770837,1813,1893,1792,0.0763,0.3032,1.2208,12.637,-14.634,9.036
5770847,1905,2008,1802,0.0726,0.3069,1.2229,10.440,-13.001,7.259
5770857,1833,1956,1810,0.0694,0.3064,1.2211,7.869,-11.370,5.447
5770867,1879,2068,1860,0.0658,0.3010,1.2194,4.952,-9.837,3.721
5770877,1801,1947,1805,0.0645,0.2940,1.2155,1.741,-8.514,2.202
5770887,1834,2061,1795,0.0643,0.2861,1.2118,-1.557,-7.371,1.020
5770897,1822,1966,1802,0.0633,0.2775,1.2104,-4.775,-6.278,0.165
5770907,2067,1936,1812,0.0600,0.2723,1.2033,-7.482,-5.135,-0.350
5770917,2110,2002,1807,0.0550,0.2712,1.2018,-9.786,-4.184,-0.546
5770927,2033,2053,1813,0.0543,0.2753,1.1993,-11.689,-3.543,-0.654
5770937,2043,2046,1804,0.0514,0.2791,1.1876,-12.661,-2.785,-0.893
5770947,2026,2103,1838,0.0502,0.2775,1.1839,-13.369,-2.516,-1.333
5770957,2020,2005,1804,0.0504,0.2684,1.1820,-14.560,-2.719,-2.004
5770967,1843,2112,1815,0.0483,0.2594,1.1738,-15.870,-2.853,-2.594
5770977,1825,1996,1805,0.0490,0.2501,1.1822,-17.595,-3.334,-2.933
5770987,1941,2073,1799,0.0518,0.2401,1.1956,-19.828,-4.013,-2.968
5770997,1850,1927,1781,0.0548,0.2345,1.2054,-22.072,-4.133,-2.589
5771007,2144,2074,1807,0.0606,0.2393,1.2202,-24.755,-4.109,-1.859
5771017,1971,1988,1784,0.0650,0.2310,1.2423,-27.377,-4.047,-1.264
5771027,2101,1987,1779,0.0663,0.2185,1.2536,-30.364,-3.135,-1.184
5771037,1858,1913,1784,0.0713,0.2104,1.2647,-32.724,-2.011,-1.048
5771047,2179,1971,1780,0.0778,0.1967,1.2757,-35.273,-0.772,-0.943
5771057,2207,1852,1794,0.0802,0.1815,1.2833,-37.405,0.557,-1.063
5771067,1877,1948,1793,0.0863,0.1625,1.2928,-38.933,1.984,-1.185
5771077,1950,1898,1808,0.0938,0.1429,1.3060,-40.072,3.468,-1.029
5771087,1936,1911,1828,0.0981,0.1199,1.3153,-40.625,5.055,-1.274
5771097,1973,1841,1797,0.0964,0.0904,1.3265,-40.902,6.675,-1.929
5771107,1882,1946,1838,0.0963,0.0657,1.3401,-41.030,8.681,-1.259
5771117,1887,1818,1809,0.0978,0.0475,1.3454,-40.725,11.589,0.907
5771127,2028,1935,1847,0.0978,0.0308,1.3491,-39.921,14.918,3.531
5771137,1858,1735,1819,0.0980,0.0150,1.3554,-38.691,18.042,5.924
5771147,1796,1862,1852,0.0988,-0.0029,1.3588,-36.640,21.180,7.736
5771157,1852,1798,1843,0.0967,-0.0180,1.3573,-32.505,25.011,9.042
5771167,2014,1843,1851,0.0885,-0.0344,1.3577,-27.852,28.734,10.316
5771177,1840,1769,1856,0.0895,-0.0437,1.3579,-22.863,32.733,12.726
5771187,1901,1860,1865,0.0871,-0.0479,1.3531,-17.444,37.187,15.541
5771197,1945,1767,1814,0.0872,-0.0477,1.3560,-12.124,41.530,18.371
5771207,1887,1838,1814,0.0868,-0.0469,1.3530,-7.274,45.974,21.054
5771217,1830,1750,1795,0.0834,-0.0420,1.3462,-2.780,50.588,23.666
5771227,1889,1887,1814,0.0786,-0.0356,1.3382,1.035,55.097,26.131
5771237,1833,1865,1798,0.0746,-0.0280,1.3344,4.173,59.426,28.402
5771247,1952,1816,1786,0.0694,-0.0234,1.3264,6.607,63.760,30.398
5771257,2000,1702,1792,0.0688,-0.0172,1.3248,8.396,68.055,32.253
5771267,2317,1799,1796,0.0695,-0.0154,1.3135,9.498,72.237,34.129
5771277,1966,1709,1793,0.0622,-0.0168,1.3042,9.652,76.462,36.072
5771287,1949,1755,1785,0.0569,-0.0118,1.2957,9.516,80.636,38.322
5771297,1901,1726,1799,0.0471,-0.0112,1.2851,8.721,84.630,40.579
5771307,2070,1808,1797,0.0429,-0.0104,1.2742,7.666,88.549,42.854
5771317,1795,1705,1812,0.0320,-0.0075,1.2604,6.312,92.337,45.260
5771327,1925,1829,1784,0.0169,-0.0014,1.2384,5.049,96.125,47.759
5771337,1895,1736,1791,-0.0008,-0.0006,1.2102,3.907,99.572,50.184
5771347,1948,1830,1792,-0.0203,0.0005,1.1856,2.830,102.301,52.317
5771357,1811,1700,1810,-0.0436,0.0009,1.1586,2.158,104.342,54.110
5771367,2197,1873,1793,-0.0683,0.0043,1.1337,1.895,105.847,55.997
5771377,1931,1756,1805,-0.0917,0.0122,1.1164,1.868,106.886,58.341
5771387,2014,1842,1784,-0.1151,0.0223,1.0976,2.101,107.686,60.813
5771397,1995,1777,1800,-0.1380,0.0345,1.0828,2.436,108.159,63.179
5771407,1823,1796,1780,-0.1588,0.0434,1.0688,2.504,108.250,65.315
5771417,1787,1760,1807,-0.1805,0.0534,1.0549,2.326,108.058,67.235
5771427,1969,1868,1790,-0.2045,0.0675,1.0436,1.895,107.646,69.096
5771437,1808,1715,1830,-0.2202,0.0714,1.0277,1.260,107.091,70.720
5771447,2262,1869,1789,-0.2352,0.0751,1.0126,0.261,106.020,71.936
5771457,1963,1715,1808,-0.2465,0.0697,0.9921,-0.519,104.760,72.926
5771467,2139,1838,1781,-0.2633,0.0667,0.9741,-0.888,103.225,73.707
5771477,1842,1784,1822,-0.2807,0.0673,0.9593,-1.067,101.321,74.817
5771487,2005,1879,1789,-0.2932,0.0707,0.9445,-0.818,99.456,76.612
5771497,1806,1737,1805,-0.2998,0.0692,0.9333,-0.427,97.494,78.726
5771507,1867,1840,1794,-0.3041,0.0652,0.9256,-0.214,95.273,80.566
5771517,1792,1787,1820,-0.3070,0.0607,0.9213,-0.226,93.050,82.394
5771527,1869,2007,1825,-0.3034,0.0578,0.9257,-0.562,91.027,84.799
5771537,1898,1976,2075,-0.2962,0.0491,0.9281,-1.275,89.315,87.647
5771547,1804,1789,1957,-0.2897,0.0324,0.9179,-1.875,88.133,90.452
5771557,1903,1987,2052,-0.2784,0.0013,0.9010,-2.596,86.843,93.172
5771567,1810,1784,1815,-0.2657,-0.0456,0.8890,-2.998,84.916,95.717
5771577,2077,2006,1892,-0.2558,-0.0926,0.8758,-2.618,82.692,98.853
5771587,2444,2241,1962,-0.2535,-0.1286,0.8690,0.229,81.284,103.569
5771597,2225,1909,2195,-0.2509,-0.1334,0.8847,5.210,80.984,110.672
5771607,2451,1881,1875,-0.2701,-0.0959,0.8874,12.538,82.742,119.710
5771617,1889,1922,1893,-0.2922,-0.0223,0.8930,21.663,86.899,131.345
5771627,2527,2189,1832,-0.2795,0.0436,0.9077,29.933,91.802,143.725
5771637,1787,1661,1799,-0.2737,0.0742,0.8893,36.237,95.653,150.060
5771647,2369,1876,1989,-0.3147,0.1032,0.8590,41.480,97.318,149.050
5771657,1831,1697,1791,-0.3527,0.1660,0.8163,45.896,99.530,150.391
5771667,2236,1866,1842,-0.3523,0.2669,0.7485,52.104,105.586,159.888
5771677,2232,1695,1833,-0.3452,0.3925,0.6603,62.512,114.318,172.165
5771687,2016,1742,1890,-0.3326,0.5779,0.5485,75.757,121.587,179.185
5771697,1821,1761,1886,-0.3553,0.7919,0.4523,89.160,123.685,176.319
5771707,1809,1830,1792,-0.3737,0.9719,0.3746,98.489,121.729,166.626
5771717,2075,1890,1823,-0.3748,1.0640,0.3061,101.812,115.991,151.510
5771727,2037,1805,2137,-0.4175,1.0837,0.2830,96.905,105.685,130.518
5771737,1878,1848,2093,-0.4535,1.0905,0.2857,86.691,92.979,109.731
5771747,1792,1718,1790,-0.4603,1.0980,0.2688,74.409,81.669,93.222
5771757,1873,1852,2007,-0.4636,1.0808,0.2716,60.766,70.412,78.890
5771767,2309,2319,1879,-0.4698,1.0433,0.2869,46.400,58.645,64.736
5771777,2274,1706,2028,-0.4701,0.9877,0.2979,33.197,47.552,51.911
5771787,2284,1780,1791,-0.4620,0.9162,0.3233,19.937,36.590,41.228
5771797,2697,1788,1812,-0.4519,0.8360,0.3672,5.848,25.233,32.007
5771807,1779,1664,1845,-0.4495,0.7543,0.4247,-7.602,14.214,23.300
5771817,1840,1718,1823,-0.4558,0.6807,0.4886,-17.826,4.668,15.153
5771827,2077,1673,1829,-0.4649,0.6162,0.5348,-24.016,-1.816,9.701
5771837,1865,1659,2208,-0.4860,0.5792,0.5660,-26.290,-5.405,7.939
5771847,1865,1668,1791,-0.5049,0.5676,0.5828,-25.268,-6.618,9.523
5771857,2125,1795,1795,-0.5083,0.5674,0.5963,-22.004,-6.570,12.782
5771867,1813,1883,1886,-0.5043,0.5710,0.6128,-17.670,-6.830,14.870
5771877,2675,1744,1835,-0.5037,0.5710,0.6231,-12.538,-7.418,14.433
5771887,1783,1662,1803,-0.5095,0.5729,0.6357,-7.468,-7.869,12.917
5771897,2139,1857,2061,-0.5122,0.5889,0.6547,-3.716,-8.032,12.367
5771907,1886,1876,1898,-0.5103,0.6095,0.6683,-1.554,-7.372,13.112
5771917,2212,2127,1791,-0.5044,0.6278,0.6820,-1.143,-6.431,13.669
5771927,2236,1997,1917,-0.5067,0.6394,0.6906,-2.288,-6.184,12.219
5771937,1843,1908,1918,-0.5113,0.6368,0.6868,-3.950,-6.067,9.186
5771947,2169,1875,1789,-0.5180,0.6287,0.6864,-5.973,-6.067,5.967
5771957,2185,1711,1807,-0.5210,0.6161,0.6902,-8.550,-6.449,3.529
5771967,1786,1691,1844,-0.5229,0.5990,0.6874,-11.213,-6.511,2.186
5771977,1865,1736,1802,-0.5286,0.5889,0.6884,-13.784,-6.524,1.790
5771987,1919,1792,1863,-0.5249,0.5778,0.6894,-16.110,-6.694,2.339
5771997,1902,1662,2045,-0.5177,0.5655,0.6963,-17.680,-7.055,3.117
5772007,2032,1865,2219,-0.5155,0.5533,0.7159,-17.865,-7.860,2.823
5772017,1899,2394,2252,-0.5242,0.5476,0.7386,-16.069,-8.483,1.820
5772027,1807,2434,1914,-0.5331,0.5505,0.7496,-12.627,-7.865,2.083
5772037,2190,1795,1926,-0.5288,0.5551,0.7561,-8.443,-6.280,4.186
5772047,2386,1816,1856,-0.5267,0.5608,0.7610,-4.532,-4.704,6.018
5772057,1888,1670,1798,-0.5337,0.5713,0.7648,-0.959,-3.685,6.234
5772067,1955,1865,2184,-0.5373,0.5838,0.7630,2.085,-2.615,6.539
5772077,1801,2045,1889,-0.5333,0.6005,0.7588,4.420,-1.186,7.913
5772087,1839,1776,1792,-0.5246,0.6120,0.7511,6.088,0.113,9.074
5772097,1871,2016,1790,-0.5234,0.6175,0.7479,7.193,0.692,8.488
5772107,1810,1753,1835,-0.5294,0.6243,0.7473,7.519,0.445,6.590
5772117,1800,1856,1786,-0.5269,0.6253,0.7398,7.214,0.468,5.570
5772127,1882,1747,1845,-0.5208,0.6255,0.7358,6.380,0.642,5.530
5772137,1827,1741,1806,-0.5118,0.6219,0.7364,4.885,0.282,5.143
5772147,1773,2007,1811,-0.5095,0.6121,0.7320,3.478,-0.296,3.673
5772157,1850,1669,1858,-0.5147,0.6055,0.7273,2.377,-0.962,2.086
5772167,1787,1996,2233,-0.5149,0.6043,0.7217,1.485,-1.326,1.956
5772177,1841,1986,1887,-0.5115,0.6100,0.7129,0.734,-1.257,3.194
5772187,1792,1866,1825,-0.5068,0.6163,0.7107,-0.163,-1.546,4.423
5772197,1932,2087,1783,-0.4985,0.6155,0.7220,-1.556,-2.821,4.561
5772207,1786,1692,1807,-0.4892,0.6024,0.7348,-3.381,-4.517,3.502
5772217,1805,1666,1841,-0.4868,0.5839,0.7485,-5.179,-6.088,1.806
5772227,1806,1683,1794,-0.4920,0.5689,0.7602,-6.329,-7.232,0.314
5772237,1792,1817,1858,-0.5010,0.5627,0.7591,-5.960,-7.287,-0.006
5772247,1821,1715,1794,-0.5061,0.5716,0.7543,-4.157,-6.310,1.617
5772257,1976,1699,1869,-0.5017,0.5884,0.7542,-1.937,-4.991,4.519
5772267,1775,1673,1790,-0.4963,0.6021,0.7561,0.169,-4.003,6.380
5772277,1883,1762,1794,-0.4958,0.6079,0.7615,1.627,-3.834,5.855
5772287,1813,1740,1797,-0.4976,0.6061,0.7649,2.142,-4.091,3.957
5772297,1829,1778,1919,-0.5025,0.6010,0.7626,2.087,-4.075,2.158
5772307,1925,1834,1845,-0.5096,0.6006,0.7556,1.928,-3.718,1.291
5772317,2208,1893,1890,-0.5143,0.6038,0.7465,1.953,-3.155,1.626
5772327,1967,1699,1798,-0.5146,0.6078,0.7402,2.044,-2.658,2.634
5772337,1884,1822,1917,-0.5161,0.6128,0.7355,1.940,-2.744,3.223
5772347,2459,2115,1912,-0.5143,0.6135,0.7327,1.751,-3.206,3.232
5772357,1834,1990,1852,-0.5115,0.6119,0.7339,1.385,-3.912,3.034
5772367,2396,1951,2032,-0.5104,0.6124,0.7386,0.768,-4.807,2.720
5772377,2059,1962,2043,-0.5069,0.6114,0.7422,0.346,-5.395,2.648
5772387,2005,1742,1877,-0.5008,0.6074,0.7459,-0.171,-5.843,2.660
5772397,1893,2222,1785,-0.4951,0.5988,0.7529,-0.787,-6.364,2.306
5772407,1842,2141,1939,-0.4909,0.5897,0.7631,-1.676,-6.978,1.674
5772417,2055,1893,1898,-0.4897,0.5791,0.7651,-2.261,-7.089,1.287
5772427,1847,2541,2159,-0.4886,0.5729,0.7620,-2.354,-6.724,1.532
5772437,1809,1755,1812,-0.4876,0.5727,0.7575,-1.961,-6.266,2.240
5772447,1795,1850,1885,-0.4860,0.5738,0.7470,-0.578,-5.517,3.157
5772457,1807,1662,2014,-0.4890,0.5865,0.7415,1.553,-4.958,4.060
5772467,2008,1908,1967,-0.4900,0.6011,0.7372,3.982,-4.597,5.058
5772477,1975,1679,1791,-0.4897,0.6151,0.7334,6.158,-4.307,5.877
5772487,1790,2179,1809,-0.4869,0.6233,0.7404,6.107,-4.870,5.818
5772497,2267,2151,1975,-0.4915,0.6291,0.7467,5.178,-5.634,4.866
5772507,2012,1950,1919,-0.5005,0.6372,0.7499,4.091,-6.085,3.929
5772517,1854,2439,2046,-0.5049,0.6504,0.7508,2.912,-5.988,4.097
5772527,2208,1838,1865,-0.4977,0.6559,0.7530,1.814,-5.467,4.775
5772537,1950,1847,1900,-0.4941,0.6520,0.7582,0.308,-5.527,3.848
5772547,1825,1763,1833,-0.4969,0.6384,0.7641,-1.198,-6.009,1.260
5772557,1839,1843,1782,-0.4976,0.6209,0.7682,-2.309,-6.080,-0.982
5772567,1839,1670,1848,-0.4993,0.6112,0.7715,-2.989,-5.611,-1.804
5772577,1854,1805,1877,-0.4983,0.6092,0.7689,-3.051,-4.449,-1.150
5772587,2210,1985,1798,-0.4994,0.6158,0.7632,-2.727,-2.998,0.310
5772597,1910,1783,1810,-0.4975,0.6275,0.7564,-2.380,-1.641,1.834
5772607,2315,1734,1812,-0.4886,0.6307,0.7546,-2.416,-0.781,2.603
5772617,1909,1807,1833,-0.4822,0.6248,0.7599,-3.508,-0.945,1.679
5772627,1778,1674,1847,-0.4840,0.6137,0.7616,-4.813,-1.433,-0.341
5772637,1856,1724,1888,-0.4852,0.6013,0.7608,-5.976,-1.519,-1.658
5772647,1780,1719,1900,-0.4860,0.5963,0.7579,-6.785,-1.226,-1.729
5772657,1826,1664,2015,-0.4853,0.5940,0.7527,-6.748,-0.546,-0.997
5772667,1777,1660,1818,-0.4849,0.5969,0.7495,-6.004,0.105,-0.113
5772677,1816,1662,1836,-0.4878,0.6077,0.7476,-4.776,0.614,0.470
5772687,1884,1672,1851,-0.4845,0.6209,0.7421,-3.358,1.344,1.081
5772697,1776,1665,1856,-0.4822,0.6346,0.7415,-2.284,1.929,1.289
5772707,1811,1659,1841,-0.4836,0.6463,0.7420,-1.910,2.237,0.474
5772717,1775,1680,1849,-0.4825,0.6538,0.7400,-2.082,2.685,-0.710
5772727,1801,1658,1851,-0.4816,0.6599,0.7410,-3.112,3.283,-1.808
5772737,1799,1675,1839,-0.4815,0.6624,0.7364,-5.032,4.007,-3.181
5772747,1788,1680,1930,-0.4828,0.6607,0.7256,-7.376,4.980,-4.830
5772757,1823,1690,1833,-0.4873,0.6604,0.7116,-9.935,5.969,-6.649
5772767,1775,1670,1825,-0.4950,0.6659,0.6918,-12.444,6.939,-8.477
5772777,1897,1698,1833,-0.5013,0.6763,0.6676,-14.510,7.915,-10.214
5772787,1829,1693,1911,-0.5061,0.6914,0.6418,-16.004,8.493,-12.211
5772797,1812,1697,1821,-0.5159,0.7200,0.6151,-16.592,8.413,-14.862
5772807,1793,1684,1850,-0.5182,0.7586,0.5925,-15.517,7.838,-17.998
5772817,2109,1719,1840,-0.5082,0.7977,0.5772,-12.966,6.538,-21.835
5772827,1772,1666,1844,-0.4984,0.8217,0.5584,-8.653,4.216,-28.136
5772837,1878,1723,1802,-0.4954,0.8333,0.5416,-2.648,1.216,-36.667
5772847,2295,1711,1863,-0.4912,0.8457,0.5197,4.621,-2.089,-45.502
5772857,1833,1765,1808,-0.4841,0.8498,0.4935,12.763,-5.509,-54.087
5772867,1888,1687,1831,-0.4795,0.8417,0.4729,20.894,-9.595,-63.117
5772877,1912,1717,1809,-0.4794,0.8284,0.4566,28.442,-14.457,-72.477
5772887,1774,1680,1842,-0.4842,0.8141,0.4434,35.573,-19.693,-81.547
5772897,1949,1749,1821,-0.4857,0.7954,0.4400,41.896,-25.449,-89.819
5772907,2259,1692,1803,-0.4861,0.7722,0.4476,47.320,-31.882,-97.526
5772917,1909,1734,1818,-0.4849,0.7397,0.4605,52.042,-38.835,-104.856
5772927,1833,1680,1829,-0.4881,0.7029,0.4677,56.286,-45.805,-111.902
5772937,2040,1721,1801,-0.4924,0.6677,0.4784,60.196,-52.639,-117.925
5772947,1910,1719,1832,-0.4930,0.6390,0.4935,63.486,-59.420,-122.206
5772957,1937,1690,1786,-0.4939,0.6133,0.5055,66.377,-65.730,-124.995
5772967,1776,1678,1860,-0.4920,0.5887,0.5141,68.605,-71.715,-126.853
5772977,1898,1720,1796,-0.4898,0.5651,0.5188,69.906,-77.501,-128.177
5772987,1777,1668,1845,-0.4842,0.5448,0.5230,70.104,-83.215,-128.800
5772997,2014,1711,1806,-0.4748,0.5280,0.5354,69.356,-89.082,-128.562
5773007,1934,1724,1790,-0.4639,0.5102,0.5445,67.875,-94.847,-127.900
5773017,1779,1684,1802,-0.4543,0.4889,0.5526,65.934,-100.585,-127.382
5773027,1811,1710,1809,-0.4443,0.4661,0.5645,63.415,-106.675,-126.866
5773037,1845,1668,1789,-0.4356,0.4465,0.5718,60.411,-112.708,-126.053
5773047,2079,1720,1807,-0.4214,0.4212,0.5729,57.334,-118.382,-124.783
5773057,1833,1692,1793,-0.4051,0.3924,0.5731,54.043,-124.298,-123.134
5773067,2060,1716,1795,-0.3840,0.3581,0.5801,50.490,-130.783,-120.808
5773077,1809,1673,1825,-0.3802,0.3526,0.5931,46.704,-137.123,-116.920
5773087,1848,1737,1794,-0.3622,0.3574,0.5907,43.068,-141.713,-110.545
5773097,2064,1676,1884,-0.3302,0.3607,0.5920,38.799,-145.883,-103.633
5773107,1790,1724,1790,-0.3011,0.3575,0.6165,33.362,-151.485,-98.972
5773117,1776,1756,1831,-0.2768,0.3405,0.6366,27.796,-157.651,-96.624
5773127,1774,1756,1795,-0.2590,0.3303,0.6648,22.130,-163.356,-93.873
5773137,1779,1802,1863,-0.2240,0.3227,0.7056,15.764,-168.579,-89.052
5773147,1827,1905,1791,-0.1951,0.3232,0.7614,8.458,-173.275,-83.557
5773157,1783,1881,1894,-0.1710,0.3271,0.8172,0.871,-176.982,-78.887
5773167,1829,1909,1791,-0.1437,0.3318,0.8536,-7.507,-178.895,-74.534
5773177,1906,2016,1897,-0.1135,0.3357,0.8683,-16.304,-179.232,-70.567
5773187,1850,2033,1795,-0.0815,0.3330,0.8757,-25.029,-179.035,-67.765
5773197,1832,2029,1928,-0.0511,0.3196,0.8845,-33.161,-179.156,-66.750
5773207,1786,2131,1792,-0.0274,0.2993,0.9010,-40.498,-179.707,-67.020
5773217,1919,2128,1953,-0.0070,0.2817,0.9350,-47.207,-180.437,-67.222
5773227,1941,2166,1803,0.0202,0.2690,0.9930,-53.881,-181.006,-66.387
5773237,2059,2211,2007,0.0535,0.2566,1.0438,-61.666,-180.687,-64.972
5773247,1814,2254,1812,0.0889,0.2290,1.1019,-71.121,-178.889,-64.375
5773257,1899,2380,2010,0.1225,0.1934,1.1493,-81.095,-176.057,-64.660
5773267,1791,2317,1813,0.1544,0.1492,1.1792,-92.028,-171.374,-64.058
5773277,1809,2419,1956,0.1765,0.0982,1.1907,-102.516,-165.598,-62.909
5773287,1795,2390,1835,0.1883,0.0500,1.2098,-112.675,-160.105,-60.822
5773297,1779,2378,1973,0.1950,0.0086,1.2353,-122.287,-154.876,-57.373
5773307,1775,2324,1881,0.2034,-0.0284,1.2483,-129.803,-148.990,-53.356
5773317,1784,2386,1956,0.2174,-0.0555,1.2576,-134.830,-142.494,-49.479
5773327,1784,2270,1877,0.2380,-0.0935,1.2590,-137.829,-135.502,-46.499
5773337,1785,2324,1974,0.2419,-0.1407,1.2754,-136.368,-129.398,-45.574
5773347,1789,2225,1857,0.2427,-0.1822,1.2948,-131.196,-123.406,-44.913
5773357,1847,2318,1871,0.2425,-0.2152,1.3040,-122.365,-116.451,-43.162
5773367,1842,2191,1841,0.2367,-0.2408,1.3023,-109.924,-108.583,-40.735
5773377,1796,2185,1961,0.2348,-0.2495,1.3047,-95.047,-100.661,-37.522
5773387,1871,2063,1872,0.2273,-0.2463,1.2987,-78.029,-92.823,-33.853
5773397,1871,1991,1870,0.2148,-0.2329,1.2866,-59.743,-85.176,-30.585
5773407,1896,1998,1858,0.2014,-0.2103,1.2743,-41.581,-78.592,-27.708
5773417,1918,1958,1871,0.1893,-0.1813,1.2700,-24.104,-73.162,-25.438
5773427,1794,1909,1870,0.1824,-0.1521,1.2705,-8.011,-68.579,-23.459
5773437,2117,1839,1795,0.1781,-0.1184,1.2781,6.479,-64.863,-21.639
5773447,1966,1908,1934,0.1783,-0.0871,1.2891,18.897,-61.519,-19.612
5773457,1778,1793,1801,0.1839,-0.0530,1.2977,29.083,-58.196,-17.266
5773467,1858,1762,1791,0.1914,-0.0259,1.3031,37.218,-55.213,-15.323
5773477,1908,2017,1839,0.2022,-0.0046,1.3141,42.553,-53.103,-13.942
5773487,1980,2123,1816,0.2086,0.0172,1.3223,45.383,-51.254,-12.881
5773497,2032,2037,1794,0.2168,0.0374,1.3155,46.494,-49.068,-11.314
5773507,1820,2073,1836,0.2231,0.0581,1.3119,46.475,-46.602,-8.975
5773517,2130,1951,1794,0.2337,0.0756,1.3175,45.201,-44.329,-6.844
5773527,1824,1927,1804,0.2424,0.0788,1.3280,42.775,-42.652,-6.164
5773537,2086,1956,1860,0.2467,0.0901,1.3465,39.280,-41.073,-5.773
5773547,1964,2012,1833,0.2500,0.0963,1.3537,35.135,-38.893,-5.098
5773557,1776,1960,1814,0.2539,0.0990,1.3608,30.579,-36.116,-4.257
5773567,1787,1978,1789,0.2658,0.0915,1.3709,25.235,-33.405,-3.210
5773577,1999,1879,1808,0.2738,0.0843,1.3760,19.440,-30.210,-1.810
5773587,1775,2032,1793,0.2809,0.0826,1.3730,13.837,-26.353,0.228
5773597,1851,1910,1795,0.2816,0.0828,1.3641,7.712,-22.364,2.630
5773607,1996,2014,1794,0.2792,0.0896,1.3525,1.764,-18.353,5.062
5773617,1816,1919,1807,0.2723,0.0890,1.3359,-3.968,-14.551,7.207
5773627,1932,2012,1792,0.2679,0.0824,1.3198,-9.266,-11.281,8.767
5773637,1781,1876,1823,0.2650,0.0704,1.3059,-13.798,-8.489,9.894
5773647,2048,1990,1819,0.2598,0.0587,1.2910,-17.117,-6.119,10.593
5773657,1777,1879,1821,0.2545,0.0493,1.2749,-19.017,-4.134,11.146
5773667,1813,2028,1805,0.2474,0.0445,1.2559,-19.303,-2.371,11.682
5773677,1846,1864,1793,0.2419,0.0418,1.2359,-17.986,-0.812,12.211
5773687,1891,1952,1812,0.2358,0.0430,1.2144,-15.245,0.413,12.487
5773697,1955,1803,1796,0.2274,0.0454,1.1954,-11.339,1.224,12.411
5773707,1877,1991,1797,0.2204,0.0500,1.1789,-6.740,1.661,11.944
5773717,1816,1837,1808,0.2130,0.0566,1.1586,-1.729,1.871,11.172
5773727,1781,1974,1799,0.2054,0.0660,1.1424,3.398,1.754,10.195
5773737,2043,1886,1793,0.2000,0.0761,1.1278,8.253,1.323,9.142
5773747,1918,1996,1795,0.1945,0.0861,1.1149,12.867,0.784,7.987
5773757,1783,1801,1811,0.1918,0.0965,1.1063,16.921,0.016,6.861
5773767,1778,2021,1810,0.1898,0.1055,1.1041,20.137,-1.025,5.762
5773777,1783,1893,1793,0.1909,0.1138,1.1006,22.391,-2.169,4.721
5773787,1793,1969,1827,0.1930,0.1229,1.0966,23.711,-3.237,3.905
5773797,1860,1811,1795,0.1976,0.1331,1.0942,24.030,-4.325,3.369
5773807,1828,1900,1814,0.2044,0.1419,1.0902,23.529,-5.414,2.789
5773817,1854,1847,1797,0.2113,0.1405,1.0896,21.338,-7.089,1.212
5773827,1777,1971,1830,0.2179,0.1378,1.0901,18.848,-8.613,-0.360
5773837,1805,1875,1807,0.2251,0.1355,1.0920,16.124,-9.968,-1.581
5773847,1777,1986,1831,0.2306,0.1319,1.0884,13.327,-11.007,-2.488
5773857,1893,1862,1798,0.2367,0.1287,1.0877,10.794,-11.730,-3.095
5773867,1779,1940,1902,0.2428,0.1211,1.0946,8.132,-12.565,-3.572
5773877,1775,1846,1804,0.2520,0.1059,1.0994,5.854,-13.168,-4.198
5773887,2001,1911,1814,0.2589,0.0931,1.1048,4.183,-13.445,-4.737
5773897,1822,1858,1860,0.2682,0.0849,1.1153,3.065,-13.450,-4.784
5773907,4095,2413,1973,0.2762,0.0807,1.1158,2.866,-12.908,-4.398
5773917,1719,1848,1807,0.2850,0.0768,1.1184,3.639,-12.023,-3.749
5773927,1807,1920,1824,0.2879,0.0723,1.1136,4.686,-11.043,-2.955
5773937,1809,1835,1795,0.2894,0.0709,1.1026,6.319,-9.829,-2.120
5773947,1720,1978,1842,0.2942,0.0659,1.1092,7.963,-9.125,-1.412
5773957,1814,1778,1800,0.2980,0.0646,1.1301,9.369,-8.729,-0.782
5773967,1725,1920,1823,0.2981,0.0736,1.1432,11.362,-7.511,0.199
5773977,1754,1817,1806,0.3007,0.0884,1.1542,13.168,-5.744,1.730
5773987,1722,1902,1839,0.3025,0.1013,1.1618,14.234,-3.895,3.217
5773997,1940,1784,1798,0.2987,0.1062,1.1608,14.654,-2.061,3.847
5774007,2027,1888,1859,0.2936,0.1096,1.1596,14.223,-0.596,4.148
5774017,1733,1807,1912,0.2874,0.1120,1.1551,13.240,0.543,4.443
5774027,1735,1886,1814,0.2791,0.1147,1.1478,12.269,1.432,4.744
5774037,1860,1794,1826,0.2729,0.1180,1.1435,11.302,1.971,5.135
5774047,1735,1885,1813,0.2672,0.1217,1.1363,10.489,2.400,5.511
5774057,1884,1774,1794,0.2619,0.1276,1.1290,10.018,2.664,5.915
5774067,1732,1824,1810,0.2578,0.1322,1.1280,9.539,2.610,6.322
5774077,1783,1824,1805,0.2535,0.1376,1.1192,9.308,2.668,6.695
5774087,1793,1841,1831,0.2482,0.1446,1.1104,9.469,2.812,7.072
5774097,1998,1768,1797,0.2455,0.1498,1.1067,9.753,2.627,7.280
5774107,1733,1900,1842,0.2426,0.1523,1.1053,10.397,2.302,7.039
5774117,1889,1785,1802,0.2407,0.1554,1.1096,11.283,1.909,6.601
5774127,2083,1845,1821,0.2382,0.1675,1.1123,12.158,1.493,6.290
5774137,2017,1760,1802,0.2416,0.1691,1.1318,13.237,1.164,6.100
5774147,1787,1876,1850,0.2372,0.1616,1.1338,14.652,1.366,4.843
5774157,1818,1833,1804,0.2368,0.1600,1.1277,16.247,1.794,3.758
5774167,1727,1862,1836,0.2360,0.1643,1.1273,17.021,1.919,3.750
5774177,1767,1818,1807,0.2350,0.1666,1.1186,17.645,2.425,4.052
5774187,1800,1927,1867,0.2360,0.1695,1.1119,18.149,2.725,4.128
5774197,1748,1798,1860,0.2355,0.1687,1.1095,18.410,2.649,3.768
5774207,1735,1866,1812,0.2341,0.1674,1.1106,18.788,2.503,3.211
5774217,1716,1777,1809,0.2353,0.1652,1.1109,19.073,2.365,2.783
5774227,1721,1905,1919,0.2355,0.1672,1.1100,19.347,2.337,2.551
5774237,1777,1795,1805,0.2354,0.1731,1.1067,19.564,2.416,2.587
5774247,1759,1847,1839,0.2375,0.1802,1.1084,19.803,2.506,2.834
5774257,1744,1797,1806,0.2406,0.1858,1.1064,20.057,2.682,2.985
5774267,1745,1895,1811,0.2443,0.1878,1.1056,20.425,2.822,2.759
5774277,1962,1834,1798,0.2477,0.1907,1.1077,20.483,2.748,2.329
5774287,1729,1864,1862,0.2487,0.1942,1.1031,20.329,2.792,1.967
5774297,1866,1788,1873,0.2496,0.1986,1.1013,19.819,2.877,1.892
5774307,1763,1888,1837,0.2493,0.2021,1.0963,18.971,2.871,1.729
5774317,1783,1781,1805,0.2497,0.2060,1.0913,18.060,2.722,1.389
5774327,1726,1879,1913,0.2525,0.2074,1.0900,17.047,2.338,1.061
5774337,1846,1796,1890,0.2533,0.2064,1.0889,16.248,1.983,0.577
5774347,1859,1897,1815,0.2542,0.2070,1.0893,15.817,1.675,0.165
5774357,1749,1825,1810,0.2560,0.2071,1.0925,15.662,1.307,0.014
5774367,1792,1904,1870,0.2562,0.2066,1.0988,15.715,1.016,0.039
5774377,1855,1837,1801,0.2575,0.2073,1.1052,15.715,0.796,0.345
5774387,1741,1861,1903,0.2577,0.2093,1.1098,15.334,0.642,0.955
5774397,1742,1841,1864,0.2566,0.2126,1.1068,14.491,0.641,1.877
5774407,1732,1911,1883,0.2553,0.2198,1.1036,13.313,0.733,3.173
5774417,1775,1824,1801,0.2550,0.2287,1.1025,11.884,0.740,4.606
5774427,1723,1886,1921,0.2515,0.2318,1.1015,10.623,0.623,5.275
5774437,1869,1796,1835,0.2472,0.2299,1.1038,9.519,0.245,4.988
5774447,1738,1922,1813,0.2408,0.2264,1.1036,8.498,-0.115,4.485
5774457,2008,1703,1804,0.2364,0.2270,1.1001,7.741,-0.120,4.571
5774467,1724,1903,1816,0.2333,0.2305,1.0948,7.146,0.152,5.334
5774477,1735,1844,1824,0.2326,0.2350,1.0918,6.794,0.569,6.327
5774487,1721,1941,1884,0.2331,0.2400,1.0910,6.737,0.929,6.976
5774497,1734,1826,1814,0.2342,0.2441,1.0929,6.793,1.210,7.136
5774507,1876,1933,1818,0.2391,0.2456,1.0911,6.794,1.567,6.973
5774517,1733,1861,1812,0.2434,0.2456,1.0891,6.746,2.145,6.694
5774527,1737,1959,1806,0.2478,0.2423,1.0890,6.358,2.714,6.290
5774537,1941,1802,1801,0.2502,0.2397,1.0883,5.827,3.257,5.528
5774547,1719,1935,1907,0.2509,0.2353,1.0884,5.464,3.815,4.616
5774557,1747,1843,1806,0.2512,0.2334,1.0879,5.297,4.346,3.715
5774567,1720,1948,2108,0.2499,0.2321,1.0899,5.442,4.864,2.916
5774577,1837,1834,1815,0.2476,0.2316,1.0910,5.777,5.409,2.151
5774587,1725,1940,1808,0.2451,0.2310,1.0911,6.291,6.004,1.395
5774597,1804,1845,1806,0.2401,0.2310,1.0897,6.759,6.486,0.717
5774607,1725,1939,1887,0.2350,0.2344,1.0886,6.950,6.825,0.375
5774617,1731,1829,1827,0.2344,0.2399,1.0897,6.849,7.036,0.335
5774627,1726,1954,1801,0.2312,0.2461,1.0871,6.619,7.191,0.219
5774637,1752,1841,1898,0.2297,0.2525,1.0901,6.340,7.140,0.079
5774647,1725,1986,1894,0.2291,0.2530,1.0961,6.164,6.851,-0.473
5774657,1836,1852,1906,0.2259,0.2486,1.0955,6.329,6.488,-1.577
5774667,1837,1994,1853,0.2218,0.2467,1.0954,6.409,6.059,-2.285
5774677,1748,1862,1822,0.2205,0.2497,1.0955,6.189,5.723,-1.947
5774687,1728,1938,1855,0.2213,0.2554,1.0957,5.653,5.513,-0.965
5774697,1783,1859,1799,0.2221,0.2598,1.0945,4.778,5.222,-0.137
5774707,1730,1937,1818,0.2220,0.2618,1.0934,3.699,4.708,0.131
5774717,1724,1874,1800,0.2214,0.2610,1.0933,2.508,4.014,0.042
5774727,1749,1998,1918,0.2212,0.2602,1.0948,1.362,3.332,-0.041
5774737,1984,1843,1856,0.2222,0.2593,1.0958,0.275,2.730,0.055
5774747,1730,1926,1861,0.2214,0.2567,1.0939,-0.682,2.284,0.186
5774757,1935,1852,1821,0.2201,0.2554,1.0927,-1.484,1.904,0.340
5774767,1970,1990,1851,0.2192,0.2555,1.0928,-2.215,1.524,0.526
5774777,1745,1900,1817,0.2176,0.2548,1.0902,-2.767,1.287,0.641
5774787,1740,1917,1801,0.2155,0.2538,1.0818,-3.060,1.202,0.680
5774797,1725,1870,1815,0.2153,0.2530,1.0786,-3.134,1.002,0.625
5774807,1726,1954,1860,0.2172,0.2505,1.0841,-3.069,0.563,0.401
5774817,1743,1843,1824,0.2201,0.2448,1.0886,-2.674,0.290,-0.069
5774827,1722,1968,1854,0.2215,0.2402,1.0916,-1.931,0.410,-0.516
5774837,1740,1877,1905,0.2206,0.2397,1.0921,-1.141,0.785,-0.635
5774847,1724,1975,1839,0.2189,0.2426,1.0924,-0.417,1.337,-0.532
5774857,1854,1883,1805,0.2183,0.2446,1.0925,0.204,1.957,-0.411
5774867,1737,1930,1832,0.2163,0.2439,1.0896,0.773,2.656,-0.433
5774877,1741,1856,1807,0.2142,0.2413,1.0883,1.288,3.319,-0.559
5774887,1727,1968,1903,0.2132,0.2385,1.0830,1.872,3.880,-0.809
5774897,1761,1884,1817,0.2159,0.2399,1.0868,2.802,4.441,-0.612
5774907,1735,1925,1808,0.2198,0.2405,1.0936,3.424,4.917,-0.183
5774917,1774,1888,1836,0.2193,0.2360,1.0924,4.345,5.531,-0.519
5774927,1725,1953,1809,0.2190,0.2344,1.0957,5.176,6.071,-0.828
5774937,1830,1851,1861,0.2194,0.2376,1.0979,5.689,6.515,-0.581
5774947,1724,1961,1809,0.2185,0.2424,1.0966,6.195,7.179,-0.082
5774957,1727,1836,1831,0.2178,0.2464,1.1019,6.381,7.561,0.327
5774967,1757,1918,1823,0.2121,0.2464,1.1010,6.463,7.741,0.150
5774977,1749,1878,1844,0.2069,0.2476,1.0964,6.705,7.950,-0.085
5774987,1744,1984,1831,0.2045,0.2514,1.0961,6.565,8.126,0.443
5774997,1732,1890,1805,0.2036,0.2572,1.0899,6.401,8.438,1.270
5775007,1745,1976,1833,0.2013,0.2633,1.0841,6.375,8.736,1.949
5775017,1726,1869,1806,0.2009,0.2665,1.0863,6.501,8.515,2.104
5775027,1748,1988,1884,0.1989,0.2668,1.0876,6.603,8.101,1.727
5775037,1808,1787,1803,0.1957,0.2657,1.0862,6.858,7.744,1.192
5775047,1726,1948,1826,0.1963,0.2668,1.0912,6.833,7.389,1.270
5775057,1732,1884,1803,0.1957,0.2686,1.0904,6.722,7.285,1.744
5775067,1744,1980,1885,0.1946,0.2712,1.0870,6.587,7.349,2.212
5775077,1728,1898,1812,0.1943,0.2737,1.0848,6.306,7.286,2.591
5775087,1766,1933,1858,0.1962,0.2755,1.0876,6.028,7.057,2.695
5775097,1722,1863,1805,0.1956,0.2727,1.0903,5.845,6.705,2.208
5775107,1726,1954,1825,0.1920,0.2670,1.0940,5.681,6.224,1.160
5775117,1732,1864,1806,0.1877,0.2624,1.0955,5.485,5.774,0.221
5775127,1746,1975,1867,0.1836,0.2621,1.0937,5.527,5.644,0.160
5775137,1723,1882,1809,0.1822,0.2663,1.0936,5.591,5.667,0.981
5775147,1764,1964,1825,0.1781,0.2688,1.0920,5.940,5.415,0.953
5775157,1730,1871,1820,0.1746,0.2708,1.0921,6.148,4.910,0.429
5775167,1736,1973,1870,0.1715,0.2716,1.0905,6.246,4.401,-0.087
5775177,1734,1882,1807,0.1713,0.2754,1.0890,6.330,4.093,-0.066
5775187,1771,1974,1865,0.1742,0.2811,1.0928,6.296,3.745,0.412
5775197,1729,1875,1804,0.1748,0.2836,1.0919,6.222,3.335,0.367
5775207,1761,1956,1879,0.1733,0.2839,1.0866,6.178,3.000,-0.277
5775217,1727,1875,1807,0.1752,0.2842,1.0850,5.956,2.593,-0.679
5775227,1773,1964,1856,0.1771,0.2844,1.0839,5.826,2.255,-0.789
5775237,1724,1889,1811,0.1757,0.2836,1.0794,5.927,2.031,-1.131
5775247,1762,1964,1851,0.1738,0.2819,1.0739,6.289,1.808,-1.634
5775257,1727,1886,1808,0.1731,0.2815,1.0693,6.829,1.539,-1.981
5775267,1758,1978,1852,0.1733,0.2810,1.0679,7.568,1.230,-2.203
5775277,1730,1863,1809,0.1739,0.2813,1.0677,8.475,0.855,-2.421
5775287,1766,1969,2031,0.1755,0.2812,1.0689,9.510,0.516,-2.618
5775297,1732,1898,1851,0.1780,0.2819,1.0765,10.672,0.357,-2.710
5775307,1758,1953,1874,0.1849,0.2845,1.1016,11.709,0.195,-2.742
5775317,1727,1877,1834,0.1932,0.2888,1.1294,12.111,0.271,-2.449
5775327,1769,1985,1927,0.1957,0.2936,1.1388,11.933,1.333,-1.851
5775337,1729,1880,1807,0.1906,0.3001,1.1263,10.930,3.269,-0.858
5775347,1778,1955,1859,0.1828,0.3091,1.1097,8.977,5.177,0.381
5775357,1730,1869,1806,0.1796,0.3159,1.0999,6.478,6.242,1.106
5775367,1767,1946,1932,0.1781,0.3137,1.0935,4.060,6.432,0.503
5775377,1909,1855,2030,0.1738,0.3032,1.0874,2.484,6.170,-1.270
5775387,1772,1966,1932,0.1695,0.2926,1.0855,1.754,5.772,-2.833
5775397,1730,1897,1832,0.1674,0.2870,1.0855,1.734,5.568,-3.257
5775407,1799,1980,1819,0.1664,0.2891,1.0850,2.217,5.731,-2.484
5775417,1727,1848,1806,0.1666,0.2945,1.0888,2.713,5.877,-1.257
5775427,1761,1956,1861,0.1641,0.2990,1.0873,3.141,5.791,-0.652
5775437,1728,1883,1833,0.1596,0.3038,1.0804,3.472,5.548,-0.476
5775447,1780,1961,1854,0.1587,0.3091,1.0779,3.361,5.003,-0.091
5775457,1731,1877,1859,0.1568,0.3124,1.0800,3.050,4.206,0.046
5775467,1757,1976,1831,0.1550,0.3119,1.0840,2.818,3.251,-0.369
5775477,1753,1861,1938,0.1512,0.3099,1.0842,2.754,2.408,-0.874
5775487,1840,1982,1837,0.1505,0.3118,1.0819,2.742,1.937,-0.625
5775497,1861,1860,1808,0.1535,0.3169,1.0831,2.504,1.573,0.347
5775507,1779,1946,1892,0.1559,0.3214,1.0841,2.152,1.218,1.027
5775517,1738,1899,1812,0.1550,0.3217,1.0817,1.806,0.857,0.932
5775527,1790,1970,1842,0.1550,0.3212,1.0819,1.368,0.419,0.518
5775537,1781,1887,1807,0.1553,0.3200,1.0847,0.837,-0.037,0.243
5775547,1743,1986,1840,0.1572,0.3169,1.0834,0.344,-0.281,0.121
5775557,1762,1878,1809,0.1568,0.3148,1.0803,-0.045,-0.331,0.069
5775567,1792,1944,1849,0.1569,0.3148,1.0793,-0.377,-0.382,0.101
5775577,1738,1845,1808,0.1588,0.3137,1.0826,-0.593,-0.523,0.123
5775587,1800,1953,1843,0.1606,0.3104,1.0858,-0.643,-0.676,-0.099
5775597,1738,1853,1807,0.1597,0.3063,1.0844,-0.543,-0.742,-0.484
5775607,1781,1950,1917,0.1583,0.3051,1.0855,-0.464,-0.729,-0.657
5775617,1755,1866,1840,0.1564,0.3056,1.0822,-0.395,-0.578,-0.436
5775627,1786,1894,1819,0.1568,0.3073,1.0805,-0.292,-0.414,0.024
5775637,1756,1850,1808,0.1592,0.3083,1.0863,-0.215,-0.487,0.342
5775647,1809,1919,1838,0.1612,0.3066,1.0915,-0.113,-0.674,0.185
5775657,1753,1821,1806,0.1592,0.3052,1.0885,0.055,-0.643,-0.186
5775667,1828,1917,1838,0.1570,0.3065,1.0867,0.066,-0.454,-0.137
5775677,1877,1828,1885,0.1574,0.3092,1.0843,-0.087,-0.254,0.415
5775687,1963,1920,1891,0.1575,0.3118,1.0817,-0.214,-0.139,0.844
5775697,1808,1854,1807,0.1594,0.3122,1.0834,-0.282,-0.301,0.815
5775707,1830,1885,1816,0.1607,0.3117,1.0893,-0.315,-0.628,0.487
5775717,1760,1801,1813,0.1594,0.3103,1.0900,-0.280,-0.672,0.203
5775727,1837,1914,1873,0.1585,0.3103,1.0871,-0.364,-0.390,0.359
5775737,1770,1834,1806,0.1599,0.3122,1.0853,-0.715,-0.107,0.809
5775747,1935,1968,1864,0.1610,0.3123,1.0850,-1.142,0.115,1.038
5775757,1745,1847,1862,0.1625,0.3104,1.0860,-1.478,0.198,0.824
5775767,1780,1879,1873,0.1637,0.3066,1.0880,-1.655,0.198,0.323
5775777,2107,1812,1808,0.1638,0.3026,1.0909,-1.635,0.362,-0.134
5775787,1776,1901,1842,0.1628,0.3009,1.0900,-1.522,0.729,-0.232
5775797,1774,1846,1809,0.1627,0.3002,1.0865,-1.354,1.249,-0.029
5775807,1828,1907,1835,0.1610,0.2996,1.0844,-1.118,1.755,0.116
5775817,1766,1848,1841,0.1598,0.2986,1.0858,-0.866,1.959,-0.024
5775827,1884,1881,1809,0.1592,0.2957,1.0871,-0.602,1.922,-0.442
5775837,1744,1837,1811,0.1572,0.2924,1.0876,-0.252,1.879,-0.870
5775847,1745,1916,1851,0.1551,0.2916,1.0893,0.162,1.864,-0.939
5775857,1802,1849,1821,0.1534,0.2926,1.0882,0.636,1.878,-0.623
5775867,1770,1921,1959,0.1531,0.2963,1.0840,1.178,1.877,-0.189
5775877,1757,1838,1837,0.1541,0.3006,1.0864,1.650,1.645,0.243
5775887,1794,1877,1851,0.1545,0.3040,1.0905,1.892,1.141,0.292
5775897,1817,1837,1904,0.1514,0.3048,1.0866,2.229,0.718,-0.115
5775907,1811,1879,1820,0.1498,0.3084,1.0842,2.437,0.422,-0.161
5775917,1794,1820,1835,0.1513,0.3139,1.0856,2.392,0.116,0.341
5775927,1730,1902,1820,0.1518,0.3179,1.0836,2.232,-0.188,0.772
5775937,2036,1778,1830,0.1526,0.3203,1.0825,1.962,-0.568,0.744
5775947,1824,1887,1907,0.1535,0.3199,1.0820,1.588,-1.054,0.453
5775957,2840,1734,1845,0.1544,0.3196,1.0819,1.134,-1.490,0.190
5775967,1828,1869,1810,0.1555,0.3176,1.0828,0.624,-1.804,-0.007
5775977,1842,1787,1855,0.1566,0.3134,1.0830,0.193,-2.029,-0.354
5775987,1920,1860,1851,0.1562,0.3091,1.0829,-0.016,-2.192,-0.760
5775997,1772,1799,1817,0.1581,0.3057,1.0856,-0.102,-2.390,-0.910
5776007,1879,1861,1808,0.1588,0.3030,1.0867,0.015,-2.482,-0.869
5776017,1923,1803,1811,0.1589,0.3004,1.0856,0.292,-2.457,-0.833
5776027,1922,1879,1813,0.1577,0.3001,1.0849,0.627,-2.389,-0.680
5776037,1777,1798,1807,0.1579,0.3015,1.0843,0.902,-2.329,-0.332
5776047,1775,1845,1825,0.1576,0.3035,1.0803,1.182,-2.283,0.003
5776057,1781,1818,1840,0.1576,0.3052,1.0779,1.412,-2.290,0.324
5776067,2042,1880,1808,0.1568,0.3092,1.0799,1.564,-2.485,0.604
5776077,1916,1774,1811,0.1586,0.3114,1.0801,1.608,-2.868,0.532
5776087,1874,1847,1870,0.1595,0.3102,1.0784,1.684,-3.172,0.236
5776097,1772,1774,1809,0.1595,0.3091,1.0794,1.708,-3.645,-0.106
5776107,1754,1837,1813,0.1567,0.3086,1.0777,1.813,-4.126,-0.335
5776117,2011,1787,1811,0.1567,0.3124,1.0806,1.787,-4.469,0.063
5776127,1908,1842,1811,0.1600,0.3151,1.0883,1.500,-4.832,0.673
5776137,1825,1775,1809,0.1573,0.3134,1.0847,1.485,-5.195,0.340
5776147,2171,1882,1809,0.1550,0.3136,1.0792,1.603,-5.365,0.061
5776157,1836,1796,1830,0.1594,0.3183,1.0817,1.332,-5.649,0.838
5776167,1747,1750,1812,0.1619,0.3211,1.0798,1.092,-5.903,1.467
5776177,1754,1800,1809,0.1606,0.3215,1.0760,0.981,-6.192,1.125
5776187,1820,1713,1818,0.1595,0.3227,1.0783,0.827,-6.732,0.573
5776197,1828,1809,1832,0.1590,0.3252,1.0786,0.842,-7.196,0.237
5776207,1886,1868,1811,0.1601,0.3279,1.0820,1.061,-7.516,0.069
5776217,1752,1746,1822,0.1662,0.3293,1.0928,1.112,-7.970,-0.258
5776227,1849,1895,1810,0.1691,0.3284,1.1002,0.823,-8.122,-1.130
5776237,1837,1850,1844,0.1730,0.3299,1.1020,0.082,-7.741,-2.117
5776247,1863,1692,1813,0.1751,0.3336,1.0991,-1.175,-7.003,-2.759
5776257,1773,1772,1828,0.1711,0.3418,1.0888,-2.670,-6.144,-3.215
5776267,1958,1846,1836,0.1674,0.3538,1.0752,-4.270,-5.376,-3.163
5776277,1811,1801,1841,0.1712,0.3662,1.0728,-6.311,-5.509,-3.031
5776287,2037,1927,1855,0.1736,0.3705,1.0739,-8.659,-6.619,-4.288
5776297,1861,1815,1847,0.1768,0.3659,1.0835,-11.269,-8.162,-6.597
5776307,1996,1852,1835,0.1851,0.3535,1.0982,-14.451,-9.740,-8.806
5776317,1743,1792,1871,0.1937,0.3340,1.1077,-17.757,-10.829,-10.695
5776327,1804,1920,1830,0.2042,0.3111,1.1193,-21.391,-11.536,-12.071
5776337,1736,1892,1900,0.2084,0.2861,1.1248,-25.071,-11.865,-13.120
5776347,1780,1944,1816,0.2108,0.2614,1.1235,-28.219,-11.853,-13.783
5776357,1821,1816,1874,0.2190,0.2388,1.1336,-31.265,-11.899,-13.312
5776367,1978,2070,1878,0.2268,0.2175,1.1418,-34.098,-11.763,-12.041
5776377,1731,1854,1858,0.2314,0.2051,1.1431,-36.113,-10.860,-10.039
5776387,1843,1761,1841,0.2338,0.2022,1.1408,-37.511,-9.449,-7.080
5776397,1734,1871,1870,0.2304,0.2069,1.1305,-38.811,-7.568,-3.678
5776407,1992,1837,1855,0.2309,0.2202,1.1189,-40.518,-5.543,-0.101
5776417,1741,1853,1875,0.2391,0.