3447592,1441,1865,1636,-0.1172,0.0895,1.1336,0.336,-0.824,0.092
3447602,1407,1888,1668,-0.1167,0.0895,1.1358,0.384,-0.825,0.121
3447612,1429,1862,1712,-0.1168,0.0912,1.1374,0.453,-0.773,0.140
3447622,1405,1882,1718,-0.1171,0.0917,1.1370,0.534,-0.672,0.133
3447632,1431,1859,1654,-0.1176,0.0918,1.1348,0.584,-0.586,0.125
3447642,1412,1885,1664,-0.1180,0.0916,1.1327,0.614,-0.524,0.113
3447652,1449,1868,1650,-0.1174,0.0901,1.1316,0.629,-0.492,0.121
3447662,1415,1873,1732,-0.1177,0.0897,1.1318,0.596,-0.534,0.171
3447672,1435,1866,1641,-0.1182,0.0899,1.1312,0.593,-0.552,0.246
3447682,1424,1871,1933,-0.1185,0.0911,1.1314,0.534,-0.610,0.287
3447692,1446,1864,2059,-0.1167,0.0914,1.1331,0.471,-0.665,0.295
3447702,1422,1878,1836,-0.1164,0.0927,1.1349,0.441,-0.664,0.282
3447712,1440,1861,1692,-0.1158,0.0931,1.1359,0.446,-0.595,0.269
3447722,1410,1870,1942,-0.1154,0.0929,1.1379,0.447,-0.543,0.251
3447732,1442,1858,1671,-0.1158,0.0915,1.1382,0.396,-0.505,0.204
3447742,1417,1874,1639,-0.1171,0.0896,1.1355,0.384,-0.388,0.193
3447752,1443,1867,1715,-0.1193,0.0890,1.1313,0.361,-0.251,0.218
3447762,1411,1875,1686,-0.1213,0.0893,1.1297,0.311,-0.262,0.256
3447772,1441,1864,1641,-0.1213,0.0880,1.1292,0.293,-0.305,0.284
3447782,1414,1888,1684,-0.1205,0.0877,1.1292,0.319,-0.385,0.337
3447792,1444,1862,1797,-0.1188,0.0895,1.1293,0.310,-0.480,0.384
3447802,1417,1910,1735,-0.1170,0.0909,1.1329,0.298,-0.553,0.426
3447812,1438,1867,1655,-0.1170,0.0928,1.1344,0.320,-0.604,0.419
3447822,1417,1892,1666,-0.1164,0.0943,1.1348,0.386,-0.619,0.385
3447832,1442,1865,1707,-0.1169,0.0948,1.1357,0.409,-0.620,0.351
3447842,1422,1878,1665,-0.1168,0.0952,1.1378,0.387,-0.569,0.315
3447852,1489,1870,2539,-0.1173,0.0937,1.1397,0.247,-0.541,0.250
3447862,1423,1885,2103,-0.1180,0.0930,1.1389,0.043,-0.471,0.237
3447872,1471,1864,1861,-0.1180,0.0920,1.1384,-0.252,-0.396,0.254
3447882,1432,1880,1642,-0.1177,0.0930,1.1378,-0.606,-0.398,0.294
3447892,1448,1865,2128,-0.1186,0.0939,1.1363,-0.995,-0.352,0.306
3447902,1420,1885,1850,-0.1184,0.0958,1.1377,-1.439,-0.322,0.311
3447912,1438,1869,1716,-0.1175,0.0968,1.1407,-1.923,-0.319,0.274
3447922,1520,1904,1807,-0.1174,0.0964,1.1446,-2.411,-0.267,0.232
3447932,1434,1865,1745,-0.1163,0.0937,1.1475,-2.927,-0.119,0.207
3447942,1586,1884,1755,-0.1157,0.0918,1.1500,-3.428,0.087,0.206
3447952,1459,1864,1700,-0.1173,0.0911,1.1516,-3.873,0.276,0.221
3447962,1443,1881,2568,-0.1168,0.0909,1.1531,-4.235,0.483,0.241
3447972,1423,1865,2240,-0.1165,0.0897,1.1554,-4.628,0.697,0.239
3447982,1463,1864,1826,-0.1158,0.0887,1.1572,-5.011,0.982,0.244
3447992,1437,1864,1677,-0.1158,0.0896,1.1598,-5.416,1.305,0.295
3448002,1636,1939,1805,-0.1162,0.0908,1.1626,-5.831,1.719,0.408
3448012,1456,1885,1713,-0.1156,0.0919,1.1648,-6.249,2.248,0.493
3448022,1446,1875,1863,-0.1139,0.0903,1.1692,-6.780,2.723,0.552
3448032,1449,1865,1721,-0.1117,0.0894,1.1758,-7.524,3.192,0.590
3448042,1426,1880,1730,-0.1123,0.0887,1.1794,-8.308,3.905,0.577
3448052,1436,1886,1658,-0.1124,0.0871,1.1826,-9.101,4.716,0.503
3448062,1451,1921,1667,-0.1172,0.0833,1.1840,-9.963,5.616,0.353
3448072,1585,1878,1727,-0.1212,0.0819,1.1809,-10.789,6.636,0.294
3448082,1432,1906,2103,-0.1246,0.0792,1.1773,-11.750,7.502,0.274
3448092,1535,1871,1784,-0.1260,0.0762,1.1730,-12.823,8.211,0.280
3448102,1832,1957,1927,-0.1263,0.0726,1.1666,-13.907,8.856,0.356
3448112,1484,1867,1916,-0.1241,0.0675,1.1639,-15.114,9.298,0.443
3448122,1428,1915,1653,-0.1208,0.0584,1.1640,-16.526,9.573,0.581
3448132,1629,1877,1653,-0.1130,0.0407,1.1737,-18.332,9.801,0.824
3448142,1524,1890,1906,-0.1082,0.0240,1.1787,-20.687,10.087,1.275
3448152,1462,1869,1746,-0.1096,0.0151,1.1744,-22.803,10.842,2.019
3448162,1483,1903,1768,-0.1123,0.0052,1.1731,-24.531,11.501,2.846
3448172,1696,1869,1698,-0.1191,-0.0015,1.1682,-25.825,12.032,3.728
3448182,1641,1957,1704,-0.1186,-0.0038,1.1684,-26.602,12.587,4.682
3448192,1531,1963,1688,-0.1196,-0.0099,1.1700,-27.146,12.907,5.527
3448202,1574,1912,1676,-0.1194,-0.0110,1.1691,-27.051,13.409,6.426
3448212,1639,1864,1757,-0.1223,-0.0149,1.1721,-26.856,13.864,7.273
3448222,1496,1912,1655,-0.1277,-0.0197,1.1743,-26.659,14.499,8.121
3448232,1682,1863,1725,-0.1343,-0.0258,1.1731,-26.759,15.266,9.044
3448242,1514,1872,1714,-0.1405,-0.0300,1.1723,-27.178,15.941,10.150
3448252,1456,1868,1661,-0.1456,-0.0343,1.1710,-27.944,16.607,11.301
3448262,1432,1893,1718,-0.1506,-0.0398,1.1679,-28.848,17.258,12.391
3448272,1517,1874,1718,-0.1566,-0.0465,1.1659,-29.586,17.889,13.271
3448282,1458,1873,2027,-0.1622,-0.0519,1.1649,-29.751,18.563,13.889
3448292,1449,1876,1714,-0.1685,-0.0546,1.1642,-29.060,19.364,14.269
3448302,1570,1941,1820,-0.1746,-0.0567,1.1651,-27.419,20.251,14.494
3448312,1630,1865,1676,-0.1794,-0.0593,1.1685,-24.990,21.177,14.635
3448322,1470,1873,1835,-0.1826,-0.0595,1.1742,-22.152,22.187,14.777
3448332,1483,1874,2141,-0.1837,-0.0570,1.1809,-19.247,23.323,14.978
3448342,1479,1878,1907,-0.1867,-0.0553,1.1868,-16.567,24.695,15.119
3448352,1447,1866,1857,-0.1906,-0.0514,1.1907,-14.205,26.301,15.294
3448362,1440,1904,1980,-0.1953,-0.0462,1.1921,-12.327,28.029,15.482
3448372,1438,1878,1894,-0.1999,-0.0435,1.1882,-11.007,29.857,15.615
3448382,1504,1867,1900,-0.2069,-0.0431,1.1877,-10.392,31.479,15.676
3448392,1537,1929,1700,-0.2147,-0.0439,1.1852,-10.356,32.994,15.746
3448402,1472,1936,1977,-0.2233,-0.0458,1.1812,-10.772,34.455,15.878
3448412,1549,1864,1738,-0.2322,-0.0495,1.1787,-11.575,35.700,16.100
3448422,1437,1909,1830,-0.2435,-0.0556,1.1790,-12.573,36.844,16.522
3448432,1495,1899,1834,-0.2545,-0.0629,1.1839,-13.759,37.778,17.114
3448442,1460,1932,2051,-0.2624,-0.0723,1.1846,-15.025,38.731,17.910
3448452,1476,1892,1930,-0.2701,-0.0800,1.1885,-16.433,39.675,18.932
3448462,1481,1954,2628,-0.2788,-0.0832,1.1889,-17.723,40.755,20.299
3448472,1638,1864,2100,-0.2871,-0.0886,1.1858,-18.731,42.122,21.856
3448482,1441,1887,1876,-0.2853,-0.1160,1.1862,-20.000,43.353,23.506
3448492,1447,1879,1714,-0.2878,-0.1159,1.1918,-21.977,44.465,26.156
3448502,1445,1872,1792,-0.2977,-0.1119,1.1900,-23.799,46.110,29.718
3448512,1457,1885,1921,-0.3088,-0.1076,1.1847,-25.833,48.051,32.895
3448522,1453,1872,2216,-0.3191,-0.1070,1.1750,-27.610,49.919,35.474
3448532,1454,1865,2010,-0.3269,-0.1034,1.1659,-29.202,51.523,37.478
3448542,1493,1928,2268,-0.3353,-0.1034,1.1555,-30.423,52.913,38.909
3448552,1456,1869,2006,-0.3403,-0.1099,1.1444,-30.966,54.284,39.866
3448562,1646,1929,1716,-0.3448,-0.1204,1.1370,-30.786,55.629,40.673
3448572,1461,1865,2184,-0.3491,-0.1295,1.1312,-29.841,57.115,41.712
3448582,1480,1983,2064,-0.3538,-0.1357,1.1213,-28.279,58.839,42.930
3448592,1525,1917,1953,-0.3609,-0.1374,1.1086,-26.199,60.687,44.271
3448602,1531,1940,1970,-0.3675,-0.1367,1.0972,-23.870,62.471,45.648
3448612,1448,1879,1967,-0.3745,-0.1341,1.0882,-21.539,64.072,47.032
3448622,1702,1932,1848,-0.3802,-0.1320,1.0782,-19.330,65.600,48.373
3448632,1567,1880,1738,-0.3856,-0.1297,1.0663,-17.237,67.046,49.700
3448642,1459,1868,2111,-0.3919,-0.1264,1.0589,-15.258,68.373,51.036
3448652,1471,1868,1896,-0.3978,-0.1239,1.0519,-13.520,69.595,52.379
3448662,1526,1878,1670,-0.4018,-0.1205,1.0429,-12.014,70.780,53.714
3448672,1505,1870,1741,-0.4072,-0.1163,1.0365,-10.779,71.949,55.047
3448682,1480,1870,1749,-0.4131,-0.1111,1.0343,-9.970,73.028,56.508
3448692,1448,1872,2220,-0.4179,-0.1080,1.0249,-9.445,74.346,57.903
3448702,1450,1982,1958,-0.4249,-0.1046,1.0176,-9.223,75.708,59.268
3448712,1452,1902,1836,-0.4350,-0.0987,1.0086,-9.320,76.943,60.673
3448722,1466,1904,1713,-0.4464,-0.0919,0.9957,-9.565,78.160,62.089
3448732,1473,1902,1814,-0.4580,-0.0833,0.9812,-9.804,79.256,63.461
3448742,1457,1966,1723,-0.4710,-0.0748,0.9662,-9.851,80.235,64.736
3448752,1587,1874,1906,-0.4823,-0.0593,0.9568,-9.876,80.906,65.895
3448762,1463,1933,1983,-0.4913,-0.0429,0.9475,-9.997,81.354,66.899
3448772,1518,1874,1855,-0.5043,-0.0221,0.9367,-10.489,81.891,67.577
3448782,1569,1867,1849,-0.5152,0.0001,0.9225,-11.138,82.437,67.885
3448792,1766,1904,2000,-0.5253,0.0171,0.9092,-12.020,82.791,67.682
3448802,1518,1879,2199,-0.5353,0.0286,0.8929,-12.801,83.149,67.061
3448812,1607,1863,2560,-0.5450,0.0339,0.8749,-13.399,83.428,66.147
3448822,1614,1884,2441,-0.5547,0.0322,0.8600,-13.913,83.431,65.069
3448832,1535,1898,2325,-0.5642,0.0265,0.8457,-14.410,83.218,64.090
3448842,1461,1869,2127,-0.5708,0.0172,0.8312,-14.867,82.852,63.462
3448852,1474,1873,1957,-0.5777,0.0069,0.8236,-15.443,82.331,63.394
3448862,1470,1866,1967,-0.5853,0.0016,0.8116,-16.126,81.847,63.986
3448872,1611,1885,2188,-0.5929,0.0025,0.7962,-16.755,81.505,65.203
3448882,1465,1870,2302,-0.6028,0.0128,0.7818,-17.603,80.619,67.273
3448892,1459,1868,2332,-0.6116,0.0288,0.7694,-18.514,79.618,69.138
3448902,1495,1888,1794,-0.6198,0.0427,0.7581,-19.289,78.595,70.626
3448912,1456,1866,2061,-0.6250,0.0556,0.7488,-19.877,77.598,71.579
3448922,1457,1865,1860,-0.6304,0.0660,0.7374,-20.071,76.741,72.105
3448932,1508,1904,2392,-0.6357,0.0763,0.7283,-19.793,76.027,72.358
3448942,1489,1934,2125,-0.6413,0.0861,0.7140,-18.959,75.614,72.420
3448952,1550,1933,1978,-0.6480,0.0932,0.6956,-17.557,75.526,72.252
3448962,1470,1885,2072,-0.6556,0.1003,0.6786,-15.584,75.469,71.973
3448972,1556,1925,1865,-0.6652,0.1098,0.6581,-12.929,75.386,71.659
3448982,1568,2123,2464,-0.6747,0.1196,0.6361,-9.538,75.287,71.270
3448992,1470,1892,1992,-0.6855,0.1292,0.6141,-5.573,74.980,70.686
3449002,1475,1879,2413,-0.6951,0.1374,0.5981,-1.231,74.291,69.902
3449012,1507,1873,2320,-0.7022,0.1475,0.5825,3.390,73.405,68.976
3449022,1516,2019,2233,-0.7074,0.1578,0.5695,8.173,72.378,67.983
3449032,1593,1874,2202,-0.7129,0.1707,0.5601,13.027,71.275,67.011
3449042,1528,1931,1834,-0.7204,0.1847,0.5464,17.957,70.335,66.130
3449052,1501,1867,1918,-0.7282,0.2022,0.5328,22.839,69.479,65.380
3449062,1578,1929,2001,-0.7390,0.2234,0.5176,27.430,68.531,64.713
3449072,1502,1941,2312,-0.7498,0.2480,0.4951,31.544,67.443,64.078
3449082,1873,1996,2204,-0.7623,0.2751,0.4697,35.243,66.207,63.329
3449092,1737,1865,1751,-0.7737,0.3012,0.4484,38.437,64.506,62.235
3449102,1714,1873,2521,-0.7822,0.3249,0.4344,41.197,62.309,60.749
3449112,1485,1864,2035,-0.7890,0.3463,0.4213,43.570,60.006,58.876
3449122,1472,1872,1678,-0.7949,0.3689,0.4140,45.564,57.503,56.894
3449132,1461,1870,1911,-0.8006,0.3919,0.4130,47.009,54.808,54.749
3449142,1532,1910,1850,-0.8047,0.4162,0.4182,47.891,52.091,52.522
3449152,1476,1861,3016,-0.8088,0.4393,0.4226,47.940,49.597,50.133
3449162,1502,1906,1849,-0.8147,0.4635,0.4191,47.117,47.461,47.612
3449172,1748,1867,1832,-0.8209,0.4872,0.4114,45.445,45.505,45.029
3449182,1586,1871,1803,-0.8293,0.5094,0.4022,42.754,43.361,42.340
3449192,1838,1865,1713,-0.8383,0.5280,0.3860,39.133,41.116,39.479
3449202,2086,1891,1677,-0.8450,0.5406,0.3763,34.743,38.481,36.446
3449212,1513,1938,1734,-0.8503,0.5432,0.3708,29.752,35.475,33.171
3449222,1587,1898,1720,-0.8560,0.5372,0.3609,24.805,32.559,29.783
3449232,1563,1918,1698,-0.8612,0.5273,0.3574,20.108,29.525,26.559
3449242,1516,1870,1641,-0.8684,0.5200,0.3532,16.080,26.570,23.792
3449252,1522,1865,1676,-0.8747,0.5188,0.3503,12.843,23.772,21.515
3449262,1714,1866,1691,-0.8787,0.5258,0.3562,10.157,20.708,19.593
3449272,1499,1866,1757,-0.8816,0.5379,0.3650,7.956,17.641,17.759
3449282,1670,1871,1968,-0.8838,0.5505,0.3686,5.969,14.960,15.745
3449292,1610,1867,1923,-0.8839,0.5579,0.3724,3.925,12.598,13.433
3449302,1524,1911,1769,-0.8817,0.5585,0.3840,1.673,10.260,10.790
3449312,1527,1873,1647,-0.8753,0.5523,0.4007,-0.660,8.003,8.081
3449322,1659,1930,2008,-0.8710,0.5417,0.4237,-2.879,6.253,5.640
3449332,1582,1998,1642,-0.8685,0.5325,0.4440,-4.784,5.239,3.720
3449342,1866,2036,1669,-0.8692,0.5319,0.4478,-6.177,5.083,2.403
3449352,1553,1869,1646,-0.8731,0.5283,0.4336,-7.184,5.461,1.280
3449362,1768,1903,1738,-0.8819,0.5190,0.3990,-8.172,5.782,-0.127
3449372,1614,1864,1861,-0.8837,0.5096,0.3686,-8.365,5.600,-1.553
3449382,1559,1951,1772,-0.8849,0.4883,0.3735,-8.400,3.854,-3.339
3449392,2025,1905,1659,-0.8807,0.4597,0.3918,-8.119,1.445,-5.492
3449402,1825,1869,1681,-0.8762,0.4247,0.3903,-7.246,-0.149,-7.908
3449412,1878,1980,1705,-0.8701,0.3931,0.3868,-5.490,-1.383,-9.961
3449422,1995,2049,1658,-0.8689,0.3758,0.3976,-2.882,-2.864,-11.092
3449432,1619,1869,2090,-0.8689,0.3782,0.4257,0.076,-4.611,-11.175
3449442,2713,2000,1670,-0.8705,0.3938,0.4586,2.528,-6.064,-10.915
3449452,1539,1877,1639,-0.8666,0.3990,0.4698,4.132,-6.534,-11.292
3449462,1511,1884,1807,-0.8533,0.3811,0.4704,5.040,-5.929,-12.811
3449472,1495,1867,1832,-0.8400,0.3576,0.4936,5.504,-5.333,-14.548
3449482,1676,1889,2114,-0.8339,0.3538,0.5170,6.402,-4.328,-15.293
3449492,1484,1987,1672,-0.8383,0.3651,0.5168,8.230,-1.918,-15.270
3449502,1798,1955,1765,-0.8418,0.3738,0.5234,10.530,0.719,-15.303
3449512,1920,1901,1693,-0.8467,0.3707,0.5567,12.307,2.527,-15.690
3449522,1574,1871,1647,-0.8545,0.3771,0.5529,13.334,4.835,-15.988
3449532,1573,1866,2389,-0.8703,0.3764,0.4839,14.493,9.094,-16.112
3449542,1972,1859,1683,-0.8849,0.3784,0.4560,15.054,11.841,-15.822
3449552,1878,1964,1860,-0.8914,0.4030,0.4575,15.738,12.108,-14.497
3449562,1867,1872,1714,-0.8968,0.4121,0.4184,16.880,12.801,-13.794
3449572,2564,1874,1881,-0.8929,0.3951,0.3793,18.216,13.256,-14.761
3449582,1931,1892,1961,-0.8852,0.3640,0.3681,20.237,12.301,-16.450
3449592,1547,2003,2018,-0.8800,0.3361,0.3837,23.101,10.757,-17.500
3449602,2071,1931,1746,-0.8756,0.3296,0.4237,25.394,8.920,-17.141
3449612,1911,1902,1692,-0.8770,0.3472,0.4481,26.231,7.791,-15.731
3449622,1491,1902,1699,-0.8818,0.3754,0.4315,26.040,8.313,-14.106
3449632,1779,1871,1840,-0.8872,0.4035,0.4118,24.728,8.850,-13.000
3449642,1615,1895,1703,-0.8893,0.4126,0.4016,22.195,8.256,-12.739
3449652,2855,1875,1732,-0.8915,0.4005,0.3949,18.631,7.147,-13.415
3449662,3403,1870,1927,-0.8936,0.3796,0.3854,14.804,5.869,-14.243
3449672,1641,1993,1659,-0.8979,0.3601,0.3742,11.727,4.765,-14.783
3449682,2161,1949,1635,-0.9005,0.3510,0.3763,9.811,3.354,-14.902
3449692,1899,1878,1657,-0.8995,0.3462,0.3841,9.250,1.879,-14.910
3449702,1477,1886,1714,-0.8976,0.3435,0.3926,9.812,0.716,-15.115
3449712,1568,1869,1739,-0.8983,0.3377,0.3946,11.169,0.017,-15.429
3449722,1510,1862,1649,-0.9017,0.3298,0.3880,12.798,-0.086,-15.778
3449732,1744,1866,1813,-0.9052,0.3249,0.3911,14.199,-0.314,-15.855
3449742,1532,1925,1965,-0.9074,0.3211,0.4040,15.057,-0.789,-15.687
3449752,1907,1872,1665,-0.9051,0.3210,0.4185,15.439,-1.005,-15.297
3449762,1660,1889,1702,-0.9055,0.3265,0.4445,15.322,-1.078,-14.620
3449772,1877,1880,1691,-0.9084,0.3459,0.4610,14.598,-0.867,-13.793
3449782,1479,1869,2416,-0.9183,0.3545,0.4252,14.007,1.267,-13.196
3449792,2255,1884,1745,-0.9376,0.3726,0.3997,13.209,3.459,-12.536
3449802,2308,1865,2779,-0.9487,0.4032,0.3830,12.852,4.503,-11.326
3449812,2656,1931,1820,-0.9540,0.4161,0.3620,12.404,5.160,-11.027
3449822,1718,1909,1763,-0.9443,0.3945,0.3451,11.380,5.018,-12.141
3449832,4095,2082,1784,-0.9290,0.3495,0.3503,10.585,4.648,-13.809
3449842,1562,1876,1715,-0.8987,0.3040,0.4264,9.375,2.807,-14.532
3449852,1654,1868,1751,-0.8842,0.2616,0.4801,6.704,1.799,-13.962
3449862,2113,1910,2262,-0.8921,0.2566,0.4113,4.116,4.949,-11.978
3449872,3230,1949,1966,-0.9169,0.2673,0.3411,3.491,9.225,-9.524
3449882,3145,2017,1672,-0.9266,0.2872,0.3676,2.703,8.455,-7.232
3449892,2045,1865,1793,-0.9279,0.2959,0.3822,1.488,6.196,-5.556
3449902,2054,1864,1775,-0.9265,0.2945,0.3519,0.183,6.134,-4.889
3449912,1698,1876,2009,-0.9221,0.2920,0.3551,-0.970,5.645,-4.491
3449922,1511,1864,1832,-0.9214,0.2848,0.3544,-1.260,5.145,-4.311
3449932,1472,1868,1944,-0.9228,0.2753,0.3447,-0.483,5.458,-4.526
3449942,1832,1928,1807,-0.9208,0.2722,0.3604,1.115,5.122,-4.755
3449952,1645,1865,1717,-0.9149,0.2771,0.3826,3.675,4.782,-4.847
3449962,1629,1884,1685,-0.9072,0.2877,0.4091,6.456,5.040,-4.841
3449972,1504,1924,2562,-0.9082,0.3110,0.4261,8.472,5.849,-4.677
3449982,1741,1896,1965,-0.9247,0.3314,0.3901,9.684,8.493,-4.649
3449992,1590,2007,1801,-0.9540,0.3540,0.3490,9.532,11.391,-4.716
3450002,1526,1885,2590,-0.9747,0.3719,0.3307,8.322,12.565,-4.576
3450012,1524,1917,2110,-0.9828,0.3664,0.3047,6.369,12.837,-4.815
3450022,1562,1910,1793,-0.9754,0.3386,0.2985,3.685,12.103,-5.456
3450032,3039,1930,1779,-0.9568,0.2938,0.3209,0.832,10.435,-6.140
3450042,1637,1878,2113,-0.9238,0.2412,0.3761,-1.510,8.886,-6.284
3450052,1528,2089,2333,-0.9100,0.2113,0.4262,-4.289,8.036,-5.170
3450062,1490,1877,1757,-0.9285,0.2172,0.3604,-6.396,10.749,-2.748
3450072,1799,1872,1718,-0.9717,0.2248,0.2445,-6.599,15.943,-0.237
3450082,1770,1896,1850,-0.9954,0.2400,0.2052,-7.734,15.837,2.444
3450092,2347,1908,1991,-1.0071,0.2441,0.2010,-10.076,11.784,5.371
3450102,2512,1936,1877,-0.9971,0.2541,0.2097,-13.444,7.316,8.134
3450112,2049,1910,1731,-0.9759,0.2595,0.2424,-16.572,2.917,10.673
3450122,1841,1928,2362,-0.9594,0.2588,0.2785,-18.398,0.045,12.562
3450132,2080,2152,1777,-0.9541,0.2666,0.3165,-18.818,-1.860,14.326
3450142,2312,1917,1973,-0.9600,0.2672,0.2935,-17.570,-1.984,15.420
3450152,2120,1922,2158,-0.9641,0.2464,0.2492,-14.426,-1.202,15.171
3450162,1593,1884,2018,-0.9553,0.2134,0.2604,-10.267,-2.673,14.477
3450172,1486,1874,2040,-0.9408,0.1900,0.2928,-5.218,-4.877,14.543
3450182,1460,1894,1789,-0.9343,0.1970,0.2974,0.523,-5.292,15.734
3450192,1951,1871,1959,-0.9295,0.2316,0.3271,6.535,-4.959,17.672
3450202,1789,1870,1821,-0.9333,0.2709,0.3607,11.652,-4.533,19.355
3450212,1543,1923,1825,-0.9382,0.2951,0.3726,15.760,-3.039,20.321
3450222,1571,1869,1757,-0.9472,0.3264,0.3866,18.249,-1.967,20.937
3450232,1622,1887,3765,-0.9690,0.3584,0.3699,19.793,0.018,21.240
3450242,1579,1867,2971,-0.9877,0.3885,0.3440,20.025,2.625,21.293
3450252,2460,1865,2249,-0.9788,0.3959,0.3357,17.433,3.579,21.113
3450262,1603,1935,2233,-0.9522,0.3893,0.3479,13.716,4.375,20.491
3450272,1630,1886,2325,-0.9294,0.3523,0.3833,8.977,4.819,20.027
3450282,1932,1891,2069,-0.9247,0.3367,0.3958,2.281,4.506,20.468
3450292,2428,2009,2199,-0.9377,0.3188,0.2853,-2.791,7.626,20.970
3450302,2466,1980,2006,-0.9379,0.3010,0.2461,-7.058,8.530,21.166
3450312,1996,1940,1894,-0.9292,0.2925,0.2854,-11.366,4.707,22.192
3450322,1581,1954,1831,-0.9242,0.3008,0.2699,-14.966,2.662,23.694
3450332,1854,1903,1862,-0.9208,0.3188,0.2363,-17.985,2.169,25.332
3450342,2173,1915,2269,-0.9088,0.3402,0.2495,-20.457,0.293,26.411
3450352,2316,2301,1999,-0.8941,0.3492,0.2691,-22.019,-1.953,26.491
3450362,1594,1929,2318,-0.8839,0.3476,0.2684,-22.013,-2.721,25.503
3450372,1605,1884,1915,-0.8721,0.3403,0.2767,-20.446,-3.249,24.124
3450382,2238,1963,2093,-0.8637,0.3299,0.2855,-17.152,-3.458,22.524
3450392,1977,1993,1868,-0.8588,0.3287,0.3026,-12.511,-3.235,21.041
3450402,1853,1870,2259,-0.8452,0.3376,0.3469,-7.364,-3.052,19.960
3450412,2242,1873,2090,-0.8299,0.3499,0.3906,-3.117,-2.423,19.176
3450422,1828,2142,1778,-0.8253,0.3814,0.4206,-0.402,-1.073,18.823
3450432,1675,2133,2119,-0.8420,0.4128,0.3993,0.994,2.063,18.291
3450442,1476,1933,3445,-0.8783,0.4313,0.3535,0.406,5.800,17.033
3450452,1732,1926,2021,-0.9008,0.4441,0.2687,-1.071,9.216,16.261
3450462,1959,2006,3049,-0.9075,0.4625,0.2147,-3.205,10.341,16.179
3450472,2536,1941,2270,-0.8957,0.4665,0.2147,-6.886,7.543,16.085
3450482,2601,1969,2157,-0.8677,0.4406,0.2378,-9.768,4.437,14.655
3450492,3001,1862,2119,-0.8155,0.3719,0.3457,-12.106,0.660,12.685
3450502,1789,1871,2735,-0.7998,0.3334,0.3721,-16.237,-1.739,11.652
3450512,2066,1971,2271,-0.8084,0.3167,0.2117,-16.587,2.534,12.036
3450522,1744,1932,1959,-0.8309,0.2797,0.1408,-17.360,3.940,11.963
3450532,3786,2227,2086,-0.8247,0.2980,0.2189,-19.579,-3.128,14.040
3450542,4095,1914,2107,-0.8257,0.3315,0.2132,-21.245,-8.034,17.106
3450552,1620,2128,2084,-0.8146,0.3679,0.1944,-22.243,-10.404,19.184
3450562,2769,1887,1907,-0.7997,0.3783,0.2361,-23.147,-14.309,19.450
3450572,1286,1873,2505,-0.7918,0.3796,0.2599,-22.380,-17.122,18.440
3450582,1767,1996,2673,-0.7870,0.3774,0.2660,-20.216,-18.035,17.109
3450592,2136,2023,1951,-0.7638,0.3737,0.3267,-17.855,-19.533,16.168
3450602,1783,1864,2190,-0.7463,0.3953,0.4261,-16.676,-22.042,16.253
3450612,1542,1869,2235,-0.7463,0.4469,0.4692,-15.860,-21.670,16.743
3450622,1460,2120,2795,-0.7613,0.5063,0.4979,-15.352,-18.814,16.607
3450632,1838,2089,2164,-0.7943,0.5586,0.4711,-16.695,-14.868,15.522
3450642,1333,1906,1912,-0.8499,0.5632,0.3321,-19.413,-8.208,12.929
3450652,1482,1923,2020,-0.8709,0.5396,0.2323,-24.520,-4.791,10.217
3450662,1679,1876,1848,-0.8567,0.5190,0.2646,-31.788,-8.704,9.391
3450672,1353,1859,2733,-0.8279,0.4954,0.3078,-40.710,-14.884,9.361
3450682,1928,1893,2953,-0.7963,0.4311,0.3218,-47.562,-17.579,8.039
3450692,1384,2067,2136,-0.7543,0.3608,0.4412,-53.355,-21.524,6.766
3450702,1985,2017,2147,-0.7316,0.3175,0.4843,-57.720,-23.816,7.003
3450712,1553,2036,1880,-0.7173,0.2674,0.3922,-57.082,-19.418,8.018
3450722,1749,1876,2124,-0.6891,0.2514,0.4340,-57.255,-19.358,10.873
3450732,1333,1866,1894,-0.7136,0.2872,0.4215,-60.159,-21.166,16.223
3450742,1818,1921,1778,-0.7489,0.3375,0.3083,-59.260,-17.384,21.063
3450752,1993,2084,2251,-0.7361,0.3750,0.3660,-62.068,-20.799,23.729
3450762,2340,2143,1815,-0.7150,0.3883,0.4489,-65.590,-27.225,24.441
3450772,2856,2112,1706,-0.7152,0.3803,0.4496,-66.843,-28.388,23.459
3450782,2405,1871,1837,-0.7170,0.3774,0.4511,-65.644,-28.119,22.253
3450792,2890,1867,1998,-0.7183,0.3698,0.4611,-61.849,-28.132,20.683
3450802,1669,1867,1993,-0.7146,0.3635,0.4763,-55.635,-28.060,18.880
3450812,1460,1866,1983,-0.6982,0.3628,0.5333,-48.029,-28.316,17.257
3450822,1449,1884,1747,-0.6791,0.3571,0.6113,-40.515,-28.224,16.050
3450832,1398,1887,1718,-0.6725,0.3647,0.6602,-34.544,-26.535,15.587
3450842,1460,2667,1861,-0.6861,0.3997,0.6635,-30.558,-23.550,16.038
3450852,1498,1941,1747,-0.7224,0.4336,0.6436,-28.951,-19.760,16.408
3450862,1271,1881,1794,-0.7513,0.4428,0.6122,-30.494,-16.880,16.442
3450872,1380,1978,1907,-0.7721,0.4288,0.5573,-32.478,-13.749,16.864
3450882,1320,1885,2095,-0.7621,0.4050,0.5601,-35.465,-13.476,18.235
3450892,1659,1981,1719,-0.7270,0.3533,0.5917,-38.770,-14.646,19.554
3450902,2029,1961,2242,-0.6794,0.2885,0.7398,-42.181,-16.630,21.494
3450912,1273,1935,1998,-0.6701,0.3120,0.7667,-48.484,-17.354,26.138
3450922,1294,1941,1834,-0.6942,0.3888,0.6075,-49.187,-12.735,32.424
3450932,1709,1892,1770,-0.7411,0.4297,0.4589,-46.311,-8.275,34.839
3450942,2087,1926,1715,-0.7402,0.4143,0.5046,-44.666,-14.095,33.754
3450952,1525,1862,1821,-0.7303,0.3720,0.5317,-43.511,-21.425,31.366
3450962,2720,2110,2205,-0.7214,0.3439,0.5046,-41.554,-25.079,30.002
3450972,2375,1922,1761,-0.7127,0.3332,0.5174,-39.219,-28.515,29.987
3450982,2418,1874,2118,-0.6923,0.3616,0.5619,-35.016,-32.374,31.298
3450992,2241,1866,1767,-0.6777,0.4154,0.5936,-29.173,-34.731,32.680
3451002,1577,1866,1879,-0.6640,0.4858,0.6269,-22.242,-35.841,33.261
3451012,1959,1877,2203,-0.6517,0.5464,0.6542,-15.362,-35.955,31.909
3451022,1285,1877,1701,-0.6368,0.5759,0.6684,-9.575,-34.956,28.364
3451032,1701,1894,1830,-0.6183,0.5769,0.7073,-6.759,-34.056,23.503
3451042,1634,1920,1828,-0.5948,0.5681,0.7902,-7.862,-34.082,19.073
3451052,1530,2000,1987,-0.5932,0.5558,0.8262,-12.519,-32.725,15.871
3451062,1297,2320,2796,-0.6174,0.5450,0.7377,-17.270,-26.764,13.740
3451072,1558,2127,2092,-0.6640,0.5452,0.6362,-22.188,-21.037,12.689
3451082,1758,2110,2035,-0.6982,0.5670,0.6265,-25.884,-20.250,13.181
3451092,1423,1953,1760,-0.7002,0.5685,0.6339,-29.780,-23.137,13.215
3451102,1945,1954,1982,-0.6683,0.4870,0.6054,-33.233,-24.696,10.620
3451112,1386,1891,1754,-0.5765,0.3928,0.8393,-38.503,-31.085,8.417
3451122,1666,2019,1975,-0.5290,0.3981,0.9170,-51.081,-39.054,10.406
3451132,1339,1872,2820,-0.5394,0.4545,0.7001,-53.874,-30.179,12.843
3451142,2546,1890,1956,-0.5841,0.4392,0.5700,-54.844,-22.670,12.964
3451152,1497,1875,2389,-0.5868,0.4290,0.6784,-60.385,-29.765,11.952
3451162,2466,2063,2050,-0.6124,0.4034,0.6826,-64.122,-35.515,11.002
3451172,2529,1858,2196,-0.6230,0.3910,0.6302,-64.667,-36.270,9.880
3451182,2065,2038,1676,-0.6118,0.3673,0.6630,-63.871,-39.776,8.936
3451192,1713,1871,2084,-0.5867,0.3708,0.7273,-60.114,-43.734,8.574
3451202,1574,1893,2257,-0.5683,0.4103,0.7854,-54.660,-45.796,8.909
3451212,1756,1861,2035,-0.5596,0.4677,0.8041,-48.231,-45.417,8.757
3451222,1315,1873,3633,-0.5570,0.5045,0.8018,-41.105,-43.384,6.572
3451232,1659,1980,2034,-0.5503,0.5125,0.8299,-34.855,-42.085,2.229
3451242,2133,1872,1654,-0.5389,0.5091,0.8790,-30.369,-41.474,-2.999
3451252,1368,1861,2829,-0.5186,0.5114,0.9401,-27.515,-40.509,-7.426
3451262,1510,1952,2565,-0.5237,0.5257,0.9518,-26.660,-38.012,-10.585
3451272,1361,1967,2002,-0.5548,0.5401,0.8553,-26.134,-31.847,-13.585
3451282,1659,1874,1671,-0.5842,0.5108,0.8042,-25.957,-27.404,-17.484
3451292,2066,1886,2339,-0.5700,0.4880,0.8659,-27.656,-29.930,-20.741
3451302,1340,1970,2465,-0.5703,0.4255,0.8479,-29.844,-30.789,-24.342
3451312,1552,1885,1854,-0.5475,0.3418,0.9116,-32.270,-31.205,-27.479
3451322,1354,1906,2317,-0.5217,0.3335,0.9898,-38.357,-35.952,-27.518
3451332,1269,1999,2034,-0.5322,0.3363,0.8941,-41.704,-32.845,-26.495
3451342,1716,1875,2075,-0.5432,0.3143,0.8260,-43.728,-29.239,-26.119
3451352,2560,2251,2906,-0.5315,0.2750,0.8804,-48.343,-32.579,-26.208
3451362,1312,1885,2095,-0.5231,0.2374,0.8879,-52.401,-35.466,-25.556
3451372,1457,1954,1672,-0.5161,0.2064,0.8666,-55.223,-35.977,-24.339
3451382,1873,1875,2227,-0.5060,0.1722,0.9031,-57.029,-37.690,-22.903
3451392,2352,1914,2125,-0.4935,0.1443,0.9489,-57.624,-39.413,-21.450
3451402,2323,2099,2066,-0.4857,0.1254,0.9718,-56.649,-38.892,-20.031
3451412,2178,1933,2300,-0.4734,0.1177,1.0098,-54.690,-37.735,-18.495
3451422,1512,1868,1956,-0.4586,0.1088,1.0362,-52.326,-36.015,-17.096
3451432,1523,1871,1595,-0.4456,0.0995,1.0563,-49.635,-33.191,-15.881
3451442,1459,2113,2034,-0.4341,0.0967,1.1042,-47.412,-30.444,-14.551
3451452,1313,2274,1693,-0.4221,0.0968,1.1710,-45.673,-27.509,-12.943
3451462,1296,1957,1933,-0.4377,0.1144,1.1870,-44.122,-22.610,-11.077
3451472,1636,2046,1909,-0.4783,0.1450,1.1528,-41.232,-15.267,-10.012
3451482,1286,1868,1614,-0.5267,0.1531,1.1206,-37.454,-9.224,-10.559
3451492,1471,1905,2276,-0.5793,0.1577,1.0595,-30.803,-3.582,-11.874
3451502,1301,1872,1864,-0.6112,0.1541,1.0336,-21.561,0.599,-12.851
3451512,1283,1872,1954,-0.6094,0.1511,1.0402,-12.522,1.505,-13.218
3451522,1277,1856,2236,-0.6066,0.1383,1.0247,-3.500,3.090,-13.794
3451532,2192,1857,1984,-0.5859,0.1446,1.0929,4.301,3.357,-14.245
3451542,1521,1897,1915,-0.5554,0.1525,1.1910,9.758,3.494,-14.441
3451552,1417,1865,1982,-0.5423,0.1815,1.1725,13.266,7.281,-14.116
3451562,1427,2107,1766,-0.5750,0.2000,1.0474,16.462,14.863,-14.005
3451572,1379,1900,1754,-0.6081,0.1780,0.9951,17.371,18.713,-15.420
3451582,1659,1854,1896,-0.6124,0.1393,0.9904,16.643,17.656,-17.342
3451592,1872,1878,1753,-0.6267,0.1142,0.9590,17.913,18.026,-18.290
3451602,1364,1865,1654,-0.6326,0.1209,0.9686,19.898,17.717,-17.078
3451612,1411,1903,2174,-0.6385,0.1398,0.9689,21.925,17.383,-15.256
3451622,1673,1857,1602,-0.6427,0.1707,0.9584,24.180,17.990,-13.725
3451632,1400,1984,1980,-0.6478,0.2177,0.9878,24.448,18.052,-13.616
3451642,1500,2061,2171,-0.6555,0.2466,1.0132,23.088,18.709,-14.362
3451652,1585,2032,2068,-0.6736,0.2550,1.0001,20.550,20.654,-15.642
3451662,1948,2431,2105,-0.6978,0.2453,0.9720,17.857,23.139,-17.041
3451672,1442,2094,1798,-0.7212,0.2300,0.9384,15.220,24.748,-18.142
3451682,1476,2011,1618,-0.7494,0.2278,0.8905,14.716,26.319,-18.211
3451692,1566,1935,1626,-0.7608,0.2262,0.8541,17.071,27.329,-17.310
3451702,1302,1857,1631,-0.7208,0.1992,0.9562,20.751,26.297,-16.238
3451712,1297,1856,1641,-0.6702,0.2120,1.0927,20.499,22.618,-13.854
3451722,1520,1857,1757,-0.6612,0.2668,1.0413,20.921,27.007,-10.956
3451732,1973,1859,1610,-0.6842,0.2857,0.9619,22.068,34.746,-10.783
3451742,1401,1861,1680,-0.6981,0.2810,0.9533,22.305,37.425,-13.393
3451752,1397,1856,1654,-0.7299,0.2446,0.8974,25.974,41.303,-16.818
3451762,1549,1929,1641,-0.7585,0.2190,0.8861,30.330,44.363,-19.603
3451772,2156,1861,1670,-0.7754,0.2209,0.8983,34.650,44.953,-20.836
3451782,1294,1854,1678,-0.7870,0.2419,0.8527,40.795,46.913,-21.511
3451792,1611,1907,1714,-0.7973,0.2592,0.7966,48.775,49.382,-22.451
3451802,1450,1894,1841,-0.8073,0.2718,0.7568,57.211,50.608,-24.102
3451812,1398,1860,1628,-0.8184,0.2907,0.7174,65.683,50.987,-26.043
3451822,1385,2055,1605,-0.8278,0.3071,0.6970,73.828,50.702,-28.347
3451832,1587,1923,1623,-0.8274,0.3152,0.6938,81.648,49.771,-30.868
3451842,1372,1888,1796,-0.8291,0.3413,0.6958,89.302,49.336,-33.173
3451852,1355,1867,1651,-0.8318,0.3502,0.7111,95.107,49.136,-35.614
3451862,1294,1863,1826,-0.8320,0.3595,0.7346,98.542,49.561,-38.001
3451872,1574,1957,2008,-0.8382,0.3706,0.7581,99.148,50.571,-39.736
3451882,1330,1940,1688,-0.8501,0.3642,0.7650,96.980,52.252,-41.008
3451892,1298,2257,2334,-0.8680,0.3391,0.7413,92.700,54.732,-41.913
3451902,1500,1856,1687,-0.8834,0.3207,0.6980,87.523,57.611,-41.934
3451912,1550,1894,1626,-0.8839,0.2787,0.6711,82.135,59.801,-41.244
3451922,1724,1896,1872,-0.8810,0.2701,0.6915,75.793,59.387,-38.758
3451932,1471,1911,1684,-0.8857,0.2674,0.6369,70.708,60.113,-34.989
3451942,2095,1903,1808,-0.9014,0.2658,0.5660,66.768,61.819,-31.892
3451952,2990,1924,1617,-0.9076,0.2701,0.5445,64.172,60.434,-29.268
3451962,1389,1859,1699,-0.9143,0.2735,0.5241,63.121,57.871,-27.611
3451972,1782,1941,1824,-0.9155,0.2567,0.4755,63.915,56.016,-26.803
3451982,1276,1860,1830,-0.9126,0.2311,0.4416,66.230,53.946,-26.503
3451992,1273,1918,1604,-0.9083,0.2118,0.4411,69.817,50.833,-25.719
3452002,1294,1972,1708,-0.9030,0.2087,0.4517,74.194,47.780,-24.396
3452012,1333,2000,1773,-0.9005,0.2223,0.4778,78.729,45.144,-22.594
3452022,1384,2050,1783,-0.9068,0.2429,0.4941,82.252,43.226,-20.814
3452032,1370,1934,2194,-0.9192,0.2563,0.4599,84.419,43.188,-19.524
3452042,1280,1886,2444,-0.9333,0.2627,0.4247,84.668,43.580,-18.331
3452052,1324,1858,1956,-0.9381,0.2802,0.4325,83.072,42.691,-16.011
3452062,1267,1870,1697,-0.9310,0.2897,0.4434,78.934,41.167,-13.039
3452072,1546,1856,2169,-0.9068,0.2641,0.4479,72.494,40.522,-10.640
3452082,1696,1925,1683,-0.8829,0.2400,0.4794,63.407,38.703,-8.204
3452092,1489,1995,1694,-0.8705,0.2566,0.4646,54.875,36.932,-3.995
3452102,1287,1859,1633,-0.8928,0.2760,0.3380,49.439,38.795,-0.324
3452112,1584,1902,1948,-0.9166,0.2848,0.2628,46.591,38.950,1.502
3452122,3046,2014,1771,-0.9240,0.2733,0.2840,44.977,34.087,1.921
3452132,1712,2177,1979,-0.9142,0.2611,0.3266,43.351,27.958,1.880
3452142,1369,1856,1830,-0.9007,0.2438,0.3210,41.514,24.248,1.930
3452152,1340,1855,1629,-0.8883,0.2398,0.3007,40.236,22.313,2.487
3452162,1384,1941,1915,-0.8830,0.2491,0.2987,39.795,20.113,3.656
3452172,1349,1838,1637,-0.8799,0.2716,0.3033,40.318,17.804,4.979
3452182,1335,1878,1652,-0.8760,0.3024,0.3358,41.459,15.074,6.209
3452192,1518,1954,2129,-0.8713,0.3501,0.3750,42.442,12.257,7.185
3452202,1367,1900,2066,-0.8738,0.3904,0.3423,43.313,11.992,7.239
3452212,1420,1989,1666,-0.8829,0.4180,0.3060,43.676,12.432,6.141
3452222,1407,1927,1870,-0.8772,0.4466,0.3248,43.219,10.514,4.938
3452232,1297,1906,1688,-0.8677,0.4508,0.3150,42.007,8.546,3.110
3452242,1288,1859,1856,-0.8516,0.4214,0.2732,40.146,7.805,0.078
3452252,1269,1878,1803,-0.8144,0.3556,0.3108,37.300,5.004,-3.101
3452262,1352,2095,1824,-0.7783,0.3265,0.3847,32.607,-0.226,-4.269
3452272,1428,1854,1727,-0.7673,0.3374,0.3355,29.157,-1.353,-3.227
3452282,1425,1857,1878,-0.7818,0.3651,0.2370,27.188,-0.078,-2.132
3452292,1418,1883,1885,-0.7899,0.4031,0.2040,26.216,-2.870,-1.717
3452302,1629,1855,1676,-0.7983,0.4176,0.1575,26.565,-7.210,-2.856
3452312,1280,1934,1830,-0.7969,0.4167,0.1365,27.294,-12.485,-5.118
3452322,1372,1880,1767,-0.7814,0.4062,0.1625,27.201,-20.000,-7.509
3452332,1309,1901,1732,-0.7605,0.3903,0.1732,26.869,-26.939,-9.787
3452342,1390,1874,1778,-0.7363,0.3736,0.1870,26.430,-33.090,-11.630
3452352,1427,1868,1708,-0.7138,0.3686,0.2220,25.903,-39.422,-12.820
3452362,1721,1856,1899,-0.7032,0.3844,0.2424,25.999,-44.708,-13.489
3452372,1306,1873,1727,-0.6960,0.4222,0.2686,26.938,-49.062,-14.227
3452382,1385,1885,1693,-0.6912,0.4627,0.3085,27.869,-53.322,-15.958
3452392,1585,1863,1829,-0.6898,0.4916,0.3344,28.683,-56.492,-19.264
3452402,1422,1877,1841,-0.6871,0.5026,0.3505,28.750,-58.717,-23.997
3452412,1306,1899,1788,-0.6840,0.4997,0.3677,27.775,-60.800,-29.325
3452422,1416,1873,1693,-0.6847,0.4878,0.3733,26.089,-62.455,-34.479
3452432,1383,1852,1787,-0.6888,0.4761,0.3785,24.106,-63.823,-38.917
3452442,1318,1863,1749,-0.6969,0.4610,0.3903,22.201,-65.310,-42.584
3452452,1335,1874,1675,-0.7061,0.4455,0.3962,20.853,-66.604,-45.634
3452462,1345,1868,1845,-0.7143,0.4276,0.3987,19.978,-67.767,-48.337
3452472,1282,1867,1682,-0.7193,0.4132,0.4002,19.340,-69.232,-50.770
3452482,1544,1904,1757,-0.7199,0.4006,0.3936,18.843,-70.877,-52.991
3452492,1381,1895,1764,-0.7208,0.3889,0.3903,18.357,-72.927,-55.012
3452502,1385,1880,1680,-0.7194,0.3803,0.3921,17.577,-75.667,-56.727
3452512,1286,1906,1797,-0.7210,0.3707,0.3852,16.466,-78.622,-58.326
3452522,1289,1913,1658,-0.7200,0.3601,0.3838,15.141,-82.169,-59.787
3452532,1449,1915,1728,-0.7196,0.3441,0.3884,13.690,-86.505,-61.128
3452542,1293,1857,1877,-0.7146,0.3274,0.3980,12.286,-91.309,-62.303
3452552,1587,1880,1680,-0.7077,0.3062,0.4129,10.934,-96.470,-63.360
3452562,1291,1906,1694,-0.6977,0.2848,0.4316,9.668,-101.777,-64.231
3452572,1289,1855,2419,-0.6847,0.2671,0.4498,8.437,-107.052,-64.784
3452582,1402,1880,1762,-0.6740,0.2535,0.4622,7.105,-111.996,-64.953
3452592,1423,1861,1872,-0.6693,0.2495,0.4713,5.751,-116.613,-64.600
3452602,1307,1902,1865,-0.6670,0.2510,0.4832,4.352,-121.255,-63.967
3452612,1523,1856,1735,-0.6665,0.2561,0.4982,2.841,-126.050,-63.307
3452622,1293,1856,2361,-0.6651,0.2573,0.5062,1.248,-130.702,-62.813
3452632,1402,1881,2047,-0.6561,0.2535,0.5211,-0.495,-135.586,-62.528
3452642,1288,1883,2078,-0.6431,0.2431,0.5522,-2.567,-141.063,-62.376
3452652,1389,1859,1907,-0.6252,0.2295,0.5956,-5.124,-146.668,-62.308
3452662,1644,1892,1724,-0.6009,0.2140,0.6407,-8.505,-152.057,-62.177
3452672,1670,1857,1886,-0.5771,0.2024,0.6920,-13.008,-156.920,-62.000
3452682,1328,1914,2009,-0.5528,0.1907,0.7435,-18.359,-160.898,-61.839
3452692,1324,1855,1946,-0.5269,0.1775,0.7917,-24.460,-163.970,-61.926
3452702,1307,1873,1978,-0.5004,0.1548,0.8334,-31.159,-166.154,-62.415
3452712,1472,1875,2160,-0.4724,0.1253,0.8730,-38.164,-167.549,-63.002
3452722,1300,1896,2085,-0.4427,0.0912,0.9158,-45.213,-168.265,-63.272
3452732,1317,1855,1766,-0.4124,0.0555,0.9617,-52.036,-168.096,-63.080
3452742,1337,1910,1970,-0.3822,0.0210,1.0059,-58.215,-166.782,-62.444
3452752,1314,1848,1934,-0.3524,-0.0178,1.0437,-63.273,-164.273,-61.463
3452762,1455,1907,1717,-0.3206,-0.0583,1.0760,-67.084,-160.734,-60.263
3452772,1298,1861,2092,-0.2919,-0.1030,1.1047,-69.366,-156.464,-58.950
3452782,1298,1911,2087,-0.2634,-0.1425,1.1404,-70.024,-151.794,-57.475
3452792,1296,1858,1775,-0.2391,-0.1783,1.1735,-68.974,-146.621,-55.907
3452802,1306,1872,1988,-0.2131,-0.2114,1.2022,-65.802,-140.616,-54.488
3452812,1436,1856,1644,-0.1948,-0.2389,1.2258,-60.686,-133.932,-53.214
3452822,1371,1907,1806,-0.1828,-0.2595,1.2429,-53.944,-126.750,-51.853
3452832,1321,1872,1666,-0.1710,-0.2702,1.2537,-45.296,-119.328,-50.280
3452842,1345,1899,1889,-0.1673,-0.2829,1.2626,-35.595,-111.757,-48.784
3452852,1337,1857,2012,-0.1648,-0.2901,1.2735,-25.059,-104.506,-47.030
3452862,1315,1875,2417,-0.1628,-0.2938,1.2856,-14.331,-97.577,-45.086
3452872,1377,1853,1669,-0.1580,-0.2879,1.2925,-3.719,-90.834,-42.870
3452882,1580,1882,1668,-0.1527,-0.2757,1.3011,6.462,-84.351,-40.391
3452892,1368,1860,2124,-0.1496,-0.2561,1.3082,15.861,-78.237,-37.723
3452902,1355,1872,2448,-0.1494,-0.2333,1.3119,24.039,-72.356,-35.059
3452912,1383,1859,1637,-0.1516,-0.2040,1.3111,30.742,-66.845,-32.451
3452922,1301,1881,2810,-0.1536,-0.1807,1.3127,35.972,-61.963,-30.151
3452932,1301,1858,1640,-0.1565,-0.1586,1.3095,39.726,-57.457,-27.900
3452942,1403,1884,1784,-0.1590,-0.1356,1.3060,41.706,-53.318,-25.695
3452952,1378,1855,1698,-0.1571,-0.1146,1.3074,41.982,-49.813,-23.624
3452962,1336,1897,1708,-0.1520,-0.0961,1.3015,41.173,-46.432,-21.786
3452972,1303,1859,2026,-0.1469,-0.0801,1.2990,39.755,-43.158,-20.161
3452982,1304,1896,1629,-0.1433,-0.0657,1.2996,37.862,-40.158,-18.655
3452992,1324,1857,1612,-0.1428,-0.0530,1.2941,35.760,-37.022,-17.235
3453002,1386,1907,1621,-0.1429,-0.0439,1.2855,33.375,-33.938,-15.945
3453012,1409,1867,1617,-0.1431,-0.0341,1.2763,30.220,-30.803,-14.436
3453022,1321,1915,1975,-0.1428,-0.0236,1.2661,27.275,-27.944,-12.957
3453032,1307,1857,2034,-0.1427,-0.0138,1.2571,24.463,-25.328,-11.622
3453042,1344,1872,1879,-0.1426,-0.0052,1.2445,21.679,-22.906,-10.504
3453052,1329,1859,1870,-0.1439,0.0027,1.2290,19.064,-20.572,-9.623
3453062,1317,1887,1667,-0.1448,0.0062,1.2151,16.569,-18.571,-9.032
3453072,1418,1865,1601,-0.1469,0.0074,1.2015,14.362,-16.881,-8.620
3453082,1396,1865,1996,-0.1481,0.0098,1.1899,12.557,-15.480,-8.192
3453092,1326,1857,1599,-0.1491,0.0136,1.1796,11.067,-14.373,-7.796
3453102,1335,1887,1781,-0.1481,0.0165,1.1681,9.914,-13.433,-7.496
3453112,1451,1858,1675,-0.1472,0.0174,1.1588,8.990,-12.583,-7.382
3453122,1327,1893,1839,-0.1462,0.0169,1.1472,8.263,-11.825,-7.385
3453132,1424,1858,1614,-0.1448,0.0176,1.1358,7.725,-11.141,-7.371
3453142,1503,1931,1622,-0.1416,0.0168,1.1292,7.231,-10.689,-7.270
3453152,1361,1858,1638,-0.1359,0.0210,1.1375,6.357,-10.617,-6.752
3453162,1439,1912,2006,-0.1338,0.0331,1.1409,4.530,-10.439,-5.836
3453172,1331,1865,1745,-0.1318,0.0412,1.1373,1.836,-9.873,-4.926
3453182,1335,1873,1597,-0.1300,0.0431,1.1366,-1.824,-9.535,-4.328
3453192,1320,1856,1778,-0.1282,0.0422,1.1333,-5.984,-9.185,-3.970
3453202,1355,1899,1708,-0.1282,0.0380,1.1236,-10.244,-8.636,-3.828
3453212,1328,1852,1713,-0.1293,0.0332,1.1140,-14.360,-8.284,-3.762
3453222,1324,1891,1706,-0.1297,0.0277,1.1023,-18.137,-8.151,-3.754
3453232,1611,1858,1591,-0.1278,0.0146,1.1062,-21.522,-8.347,-3.742
3453242,1320,1932,1816,-0.1253,-0.0022,1.1292,-24.970,-8.889,-3.662
3453252,1325,1853,2304,-0.1247,-0.0283,1.1485,-27.643,-8.870,-3.616
3453262,1339,1887,1641,-0.1232,-0.0503,1.1645,-28.937,-8.220,-3.335
3453272,1347,1857,1637,-0.1308,-0.0639,1.1746,-29.371,-7.537,-2.649
3453282,1340,1904,1610,-0.1424,-0.0642,1.1794,-28.894,-6.961,-1.648
3453292,1330,1856,2021,-0.1515,-0.0701,1.1872,-27.727,-6.866,-0.918
3453302,1341,1882,1665,-0.1550,-0.0849,1.2024,-25.861,-7.233,-0.758
3453312,1346,1852,1678,-0.1544,-0.0970,1.2143,-23.011,-7.437,-0.801
3453322,1323,1873,1794,-0.1512,-0.1010,1.2332,-19.368,-7.485,-0.760
3453332,1347,1859,1623,-0.1487,-0.1024,1.2536,-15.595,-7.341,-0.720
3453342,1333,1919,1721,-0.1436,-0.0999,1.2633,-11.796,-6.547,-0.698
3453352,1342,1864,1661,-0.1366,-0.0975,1.2649,-8.497,-5.319,-0.686
3453362,1326,1887,1618,-0.1311,-0.0958,1.2602,-5.968,-3.899,-0.673
3453372,1327,1856,1595,-0.1284,-0.0937,1.2403,-3.889,-2.104,-0.598
3453382,1325,1881,1667,-0.1264,-0.0904,1.2126,-2.015,-0.226,-0.435
3453392,1380,1872,1740,-0.1254,-0.0852,1.1843,-0.348,1.272,-0.295
3453402,1352,1881,2138,-0.1240,-0.0783,1.1558,1.302,2.427,-0.194
3453412,1338,1856,1678,-0.1231,-0.0704,1.1322,2.887,3.150,-0.124
3453422,1327,1898,2519,-0.1225,-0.0636,1.1160,4.259,3.378,-0.102
3453432,1338,1856,1654,-0.1243,-0.0596,1.1044,5.405,3.350,-0.171
3453442,1333,1892,1619,-0.1254,-0.0564,1.0966,6.356,3.059,-0.219
3453452,1341,1870,1619,-0.1249,-0.0527,1.0958,7.030,2.494,-0.181
3453462,1354,1895,1660,-0.1232,-0.0495,1.1028,7.476,1.754,-0.066
3453472,1349,1854,1691,-0.1219,-0.0455,1.1135,7.797,1.011,0.010
3453482,1330,1891,1712,-0.1221,-0.0430,1.1228,8.194,0.525,-0.037
3453492,1357,1858,1611,-0.1232,-0.0425,1.1329,8.669,0.217,-0.252
3453502,1337,1883,1713,-0.1243,-0.0442,1.1397,9.191,0.113,-0.535
3453512,1347,1862,1680,-0.1264,-0.0434,1.1423,9.736,0.132,-0.638
3453522,1361,1880,1618,-0.1283,-0.0426,1.1395,10.196,0.215,-0.512
3453532,1333,1857,1637,-0.1267,-0.0375,1.1385,10.627,0.241,-0.177
3453542,1337,1872,1653,-0.1257,-0.0317,1.1399,10.963,0.175,0.218
3453552,1350,1856,1793,-0.1251,-0.0261,1.1397,11.170,0.180,0.506
3453562,1354,1894,1614,-0.1243,-0.0201,1.1383,11.184,0.229,0.596
3453572,1335,1854,1628,-0.1248,-0.0179,1.1378,10.935,0.171,0.586
3453582,1333,1896,1716,-0.1250,-0.0163,1.1374,10.473,0.044,0.476
3453592,1375,1868,1858,-0.1260,-0.0192,1.1362,9.879,-0.024,0.315
3453602,1336,1899,1620,-0.1275,-0.0214,1.1375,9.232,-0.155,0.166
3453612,1362,1856,1653,-0.1271,-0.0217,1.1385,8.770,-0.296,0.107
3453622,1341,1884,1781,-0.1268,-0.0215,1.1370,8.592,-0.365,0.086
3453632,1406,1870,1658,-0.1272,-0.0216,1.1362,8.618,-0.478,0.116
3453642,1341,1884,1613,-0.1273,-0.0196,1.1391,8.750,-0.610,0.214
3453652,1377,1865,1847,-0.1278,-0.0144,1.1500,8.955,-0.741,0.390
3453662,1357,1908,1673,-0.1239,-0.0051,1.1584,9.158,-0.678,0.624
3453672,1343,1858,1639,-0.1250,0.0017,1.1585,9.250,-0.222,0.706
3453682,1342,1884,1610,-0.1251,0.0091,1.1601,8.831,0.148,0.733
3453692,1362,1872,1651,-0.1253,0.0123,1.1565,7.837,0.448,0.619
3453702,1344,1894,1722,-0.1261,0.0112,1.1488,6.476,0.829,0.351
3453712,1346,1867,1841,-0.1279,0.0065,1.1415,4.868,0.966,0.089
3453722,1383,1955,1753,-0.1282,0.0032,1.1344,3.279,0.962,-0.053
3453732,1352,1858,1692,-0.1281,-0.0009,1.1267,1.782,0.860,-0.112
3453742,1342,1895,1635,-0.1276,-0.0047,1.1240,0.432,0.525,-0.094
3453752,1348,1854,1760,-0.1268,-0.0082,1.1213,-0.644,0.205,-0.039
3453762,1345,1885,1661,-0.1264,-0.0133,1.1198,-1.317,-0.103,0.013
3453772,1367,1861,1734,-0.1269,-0.0189,1.1196,-1.484,-0.399,0.039
3453782,1345,1905,1715,-0.1276,-0.0223,1.1163,-0.941,-0.523,0.096
3453792,1384,1859,1612,-0.1264,-0.0252,1.1195,0.137,-0.785,0.140
3453802,1350,1867,1699,-0.1264,-0.0273,1.1223,1.641,-1.000,0.176
3453812,1353,1860,2034,-0.1265,-0.0262,1.1215,3.504,-1.028,0.317
3453822,1351,1883,1651,-0.1260,-0.0225,1.1248,5.324,-1.144,0.483
3453832,1349,1860,1846,-0.1265,-0.0176,1.1295,6.979,-1.259,0.610
3453842,1361,1891,1841,-0.1268,-0.0137,1.1327,8.408,-1.275,0.635
3453852,1399,1865,2020,-0.1267,-0.0090,1.1367,9.530,-1.278,0.607
3453862,1380,1894,1610,-0.1260,-0.0040,1.1400,10.329,-1.206,0.580
3453872,1363,1858,1651,-0.1259,0.0012,1.1411,10.735,-1.080,0.549
3453882,1399,1916,1931,-0.1252,0.0055,1.1403,10.745,-1.021,0.533
3453892,1365,1861,1603,-0.1249,0.0099,1.1399,10.576,-0.928,0.485
3453902,1370,1885,1622,-0.1239,0.0136,1.1400,10.228,-0.860,0.425
3453912,1388,1857,1649,-0.1233,0.0186,1.1390,9.774,-0.786,0.379
3453922,1379,1911,1653,-0.1238,0.0227,1.1386,9.255,-0.665,0.330
3453932,1365,1861,1645,-0.1234,0.0247,1.1374,8.625,-0.643,0.217
3453942,1358,1882,1628,-0.1239,0.0252,1.1377,7.938,-0.687,0.084
3453952,1371,1856,1704,-0.1247,0.0253,1.1374,7.371,-0.621,-0.039
3453962,1360,1868,1850,-0.1244,0.0253,1.1380,6.878,-0.608,-0.141
3453972,1357,1862,1710,-0.1250,0.0257,1.1380,6.486,-0.592,-0.257
3453982,1378,1887,1736,-0.1250,0.0264,1.1379,6.225,-0.547,-0.365
3453992,1375,1860,1757,-0.1248,0.0260,1.1412,5.994,-0.628,-0.443
3454002,1379,1907,1795,-0.1241,0.0258,1.1412,5.827,-0.589,-0.537
3454012,1357,1863,1892,-0.1246,0.0248,1.1381,5.709,-0.462,-0.563
3454022,1383,1901,2212,-0.1263,0.0250,1.1387,5.517,-0.452,-0.523
3454032,1360,1857,2128,-0.1276,0.0255,1.1343,5.353,-0.349,-0.490
3454042,1523,1940,1977,-0.1277,0.0256,1.1333,5.164,-0.304,-0.432
3454052,1364,1860,2541,-0.1278,0.0257,1.1317,4.904,-0.337,-0.361
3454062,1357,1872,1906,-0.1271,0.0272,1.1313,4.714,-0.306,-0.267
3454072,1363,1855,2031,-0.1273,0.0271,1.1328,4.434,-0.427,-0.208
3454082,1362,1888,2029,-0.1267,0.0287,1.1318,4.164,-0.526,-0.134
3454092,1379,1861,1856,-0.1261,0.0309,1.1326,3.834,-0.613,-0.067
3454102,1378,1861,1644,-0.1262,0.0324,1.1328,3.513,-0.673,0.005
3454112,1363,1856,2012,-0.1256,0.0328,1.1355,3.100,-0.760,0.026
3454122,1374,1882,1669,-0.1248,0.0312,1.1384,2.705,-0.883,0.026
3454132,1363,1857,1622,-0.1257,0.0297,1.1383,2.406,-0.837,-0.012
3454142,1429,1879,1761,-0.1260,0.0290,1.1372,2.179,-0.732,0.015
3454152,1388,1865,1785,-0.1278,0.0295,1.1368,1.957,-0.639,0.080
3454162,1379,1875,1938,-0.1277,0.0290,1.1377,1.695,-0.618,0.179
3454172,1367,1856,1829,-0.1284,0.0297,1.1413,1.403,-0.705,0.272
3454182,1380,1883,1871,-0.1280,0.0299,1.1416,1.240,-0.640,0.313
3454192,1370,1866,1869,-0.1283,0.0302,1.1407,1.186,-0.478,0.339
3454202,1464,1922,1963,-0.1283,0.0303,1.1363,1.146,-0.352,0.364
3454212,1458,1867,1727,-0.1282,0.0317,1.1319,1.121,-0.249,0.379
3454222,1419,1884,1843,-0.1269,0.0302,1.1312,1.041,-0.303,0.412
3454232,1374,1853,1757,-0.1269,0.0289,1.1320,0.990,-0.403,0.426
3454242,1382,1876,1689,-0.1261,0.0299,1.1322,1.042,-0.487,0.432
3454252,1369,1856,1836,-0.1261,0.0308,1.1341,1.130,-0.580,0.419
3454262,1390,1862,1621,-0.1264,0.0309,1.1330,1.164,-0.614,0.377
3454272,1367,1860,1685,-0.1275,0.0309,1.1311,1.183,-0.613,0.337
3454282,1372,1871,1695,-0.1271,0.0301,1.1332,1.123,-0.718,0.303
3454292,1372,1857,2161,-0.1271,0.0298,1.1386,1.036,-0.888,0.258
3454302,1382,1878,1746,-0.1263,0.0297,1.1419,1.092,-0.905,0.204
3454312,1372,1856,1650,-0.1257,0.0316,1.1434,1.125,-0.865,0.179
3454322,1391,1881,1983,-0.1262,0.0342,1.1406,1.122,-0.680,0.183
3454332,1370,1862,1994,-0.1267,0.0360,1.1370,1.012,-0.445,0.155
3454342,1394,1876,1892,-0.1276,0.0355,1.1334,0.770,-0.375,0.083
3454352,1381,1863,2179,-0.1272,0.0352,1.1295,0.610,-0.344,0.034
3454362,1379,1871,1912,-0.1269,0.0341,1.1295,0.474,-0.488,0.005
3454372,1377,1864,1705,-0.1268,0.0341,1.1301,0.456,-0.619,0.003
3454382,1385,1886,2039,-0.1277,0.0351,1.1318,0.360,-0.774,-0.017
3454392,1376,1857,1934,-0.1277,0.0344,1.1336,0.175,-0.908,-0.083
3454402,1421,1872,1925,-0.1282,0.0328,1.1347,0.038,-0.960,-0.116
3454412,1371,1868,1870,-0.1271,0.0323,1.1359,-0.016,-1.020,-0.112
3454422,1380,1876,1940,-0.1270,0.0315,1.1365,0.052,-1.066,-0.073
3454432,1387,1868,1854,-0.1262,0.0313,1.1366,0.252,-1.050,-0.024
3454442,1390,1870,1846,-0.1254,0.0325,1.1366,0.487,-1.030,0.015
3454452,1392,1864,1994,-0.1249,0.0337,1.1347,0.727,-0.960,0.008
3454462,1394,1877,1819,-0.1256,0.0331,1.1325,0.889,-0.850,-0.036
3454472,1378,1859,2025,-0.1266,0.0314,1.1327,0.970,-0.831,-0.072
3454482,1418,1885,2036,-0.1275,0.0315,1.1308,1.085,-0.799,-0.062
3454492,1380,1856,1679,-0.1272,0.0316,1.1309,1.214,-0.838,0.020
3454502,1397,1867,1879,-0.1255,0.0339,1.1339,1.259,-0.969,0.128
3454512,1381,1864,1625,-0.1253,0.0370,1.1359,1.312,-0.980,0.225
3454522,1402,1895,1851,-0.1252,0.0390,1.1356,1.323,-0.961,0.292
3454532,1381,1853,1653,-0.1252,0.0387,1.1340,1.245,-0.936,0.300
3454542,1482,1921,2138,-0.1246,0.0378,1.1360,1.116,-0.915,0.306
3454552,1392,1872,1976,-0.1249,0.0358,1.1373,0.948,-0.952,0.326
3454562,1400,1872,1659,-0.1248,0.0356,1.1396,0.817,-0.922,0.353
3454572,1383,1859,1649,-0.1251,0.0362,1.1410,0.655,-0.904,0.367
3454582,1397,1849,1809,-0.1256,0.0366,1.1424,0.492,-0.880,0.378
3454592,1385,1861,1631,-0.1257,0.0356,1.1408,0.319,-0.765,0.348
3454602,1396,1870,1724,-0.1254,0.0345,1.1413,0.121,-0.618,0.321
3454612,1388,1869,1656,-0.1261,0.0336,1.1391,-0.036,-0.494,0.351
3454622,1389,1865,1762,-0.1257,0.0331,1.1343,-0.000,-0.327,0.416
3454632,1391,1870,1888,-0.1257,0.0326,1.1322,0.140,-0.263,0.449
3454642,1393,1860,1732,-0.1252,0.0334,1.1315,0.325,-0.318,0.477
3454652,1392,1866,1712,-0.1242,0.0333,1.1294,0.522,-0.345,0.503
3454662,1407,1887,1742,-0.1246,0.0344,1.1294,0.671,-0.407,0.533
3454672,1391,1868,1753,-0.1241,0.0349,1.1285,0.752,-0.524,0.540
3454682,1391,1861,1715,-0.1238,0.0355,1.1297,0.779,-0.675,0.532
3454692,1414,1865,1692,-0.1236,0.0357,1.1341,0.710,-0.876,0.525
3454702,1399,1859,1688,-0.1231,0.0362,1.1385,0.564,-0.995,0.497
3454712,1390,1860,1865,-0.1229,0.0369,1.1422,0.405,-0.981,0.478
3454722,1404,1855,1651,-0.1233,0.0376,1.1439,0.219,-0.898,0.453
3454732,1391,1865,1621,-0.1240,0.0362,1.1422,0.082,-0.707,0.410
3454742,1413,1863,1620,-0.1248,0.0345,1.1393,0.006,-0.501,0.370
3454752,1393,1863,1652,-0.1247,0.0326,1.1354,0.014,-0.378,0.339
3454762,1396,1871,1939,-0.1241,0.0314,1.1314,0.173,-0.276,0.304
3454772,1392,1858,1860,-0.1241,0.0313,1.1279,0.418,-0.276,0.281
3454782,1413,1868,1679,-0.1238,0.0319,1.1269,0.713,-0.372,0.292
3454792,1400,1861,1813,-0.1234,0.0333,1.1277,0.976,-0.496,0.294
3454802,1396,1864,1701,-0.1240,0.0340,1.1293,1.166,-0.615,0.272
3454812,1392,1869,1705,-0.1245,0.0360,1.1322,1.246,-0.750,0.249
3454822,1416,1858,1843,-0.1243,0.0375,1.1356,1.253,-0.861,0.246
3454832,1413,1858,1710,-0.1251,0.0383,1.1368,1.247,-0.867,0.241
3454842,1427,1861,1623,-0.1250,0.0390,1.1372,1.184,-0.861,0.235
3454852,1397,1859,1766,-0.1245,0.0394,1.1384,1.052,-0.839,0.204
3454862,1424,1871,1662,-0.1243,0.0391,1.1379,0.911,-0.796,0.164
3454872,1402,1865,1801,-0.1244,0.0376,1.1382,0.785,-0.730,0.147
3454882,1407,1855,1873,-0.1246,0.0368,1.1355,0.689,-0.639,0.165
3454892,1398,1871,1653,-0.1248,0.0356,1.1331,0.612,-0.563,0.180
3454902,1407,1861,2168,-0.1245,0.0345,1.1320,0.557,-0.566,0.157
3454912,1397,1873,1860,-0.1248,0.0334,1.1311,0.594,-0.621,0.129
3454922,1429,1869,1634,-0.1252,0.0333,1.1324,0.710,-0.704,0.133
3454932,1403,1880,1688,-0.1254,0.0339,1.1331,0.881,-0.784,0.150
3454942,1440,1861,1718,-0.1245,0.0350,1.1352,1.081,-0.835,0.168
3454952,1403,1865,1651,-0.1239,0.0365,1.1373,1.277,-0.874,0.177
3454962,1418,1856,1802,-0.1234,0.0379,1.1376,1.450,-0.861,0.170
3454972,1401,1870,1902,-0.1234,0.0388,1.1372,1.594,-0.791,0.156
3454982,1401,1861,1668,-0.1246,0.0395,1.1371,1.651,-0.727,0.139
3454992,1406,1859,1653,-0.1246,0.0397,1.1370,1.644,-0.679,0.129
3455002,1419,1858,1988,-0.1244,0.0388,1.1373,1.543,-0.653,0.130
3455012,1405,1877,1871,-0.1250,0.0384,1.1371,1.402,-0.626,0.150
3455022,1430,1861,1696,-0.1255,0.0381,1.1375,1.221,-0.614,0.202
3455032,1431,1873,1659,-0.1256,0.0386,1.1371,1.033,-0.621,0.258
3455042,1437,1869,1669,-0.1251,0.0390,1.1373,0.903,-0.629,0.283
3455052,1429,1876,1663,-0.1242,0.0380,1.1397,0.806,-0.667,0.285
3455062,1391,1873,1851,-0.1237,0.0377,1.1399,0.795,-0.660,0.296
3455072,1419,1879,1796,-0.1239,0.0374,1.1383,0.873,-0.589,0.324
3455082,1436,1858,1967,-0.1240,0.0382,1.1373,1.014,-0.512,0.375
